-17
-10
-12
-19
-28
-33
-27
-16
-5
-3
-9
-6
-6
0
7
12
11
-6
-15
-14
-21
-21
-16
-25
-34
-33
-29
-30
-25
-16
-20
-22
-9
1
11
17
12
-2
-13
-23
-26
-18
-12
-6
6
20
23
24
15
-5
-22
-29
-31
-31
-27
-16
-8
-1
10
21
21
21
30
38
46
57
66
75
73
55
39
39
44
43
40
46
54
51
44
38
30
19
4
-5
-1
-2
-6
-11
-9
-8
-21
-22
-19
-16
-10
-4
4
13
25
32
29
21
-3
-32
-38
-36
-24
-14
-6
-1
-7
-20
-20
-15
-10
-9
-18
-15
-19
-28
-24
-21
-23
-18
-21
-24
-24
-28
-28
-18
-6
-3
-8
-14
-19
-28
-31
-24
-17
-18
-22
-28
-30
-20
-4
18
21
10
5
-9
-19
-14
-3
-3
-10
-16
-20
-14
-5
0
7
10
11
16
19
21
29
31
30
30
26
22
21
20
17
28
42
40
26
8
-2
-8
-8
-10
-12
-17
-16
-2
7
10
22
28
29
34
32
29
27
28
32
26
23
17
10
9
0
-4
-8
-7
-10
-20
-32
-41
-44
-42
-36
-26
-20
-19
-6
5
7
2
0
6
12
19
20
20
13
1
1
8
15
20
23
21
5
-10
-17
-26
-33
-30
-31
-27
-28
-33
-29
-35
-34
-27
-23
-23
-23
-21
-21
-17
-17
-22
-31
-37
-41
-34
-12
0
7
8
7
22
27
27
17
3
9
23
31
34
34
42
44
37
25
13
6
3
-1
3
12
12
20
18
6
7
8
-3
-5
-3
5
22
37
48
52
53
52
43
37
36
32
21
7
-4
-10
-1
15
25
18
2
-16
-36
-49
-57
-55
-53
-52
-54
-56
-49
-36
-19
-1
14
22
21
-1
-25
-37
-44
-41
-37
-35
-17
-2
6
22
20
12
17
19
2
-8
-6
-8
-4
-3
5
6
-9
-18
-27
-27
-11
-6
-13
-11
-1
4
3
7
17
27
23
16
12
14
2
-14
-13
-12
-11
-10
-3
1
-4
5
18
23
21
22
19
8
2
6
15
23
20
17
23
24
22
12
1
-10
-10
-5
-6
-4
-11
-11
-11
-9
-4
-4
-4
-16
-25
-26
-23
-21
-9
18
35
30
12
-2
-16
-19
-9
-3
-4
0
-2
-6
-3
7
16
26
43
62
65
63
56
44
40
32
22
12
2
-9
-17
-17
-14
-15
-18
-23
-36
-47
-58
-60
-61
-57
-44
-34
-14
12
20
11
7
6
-2
1
3
1
9
-1
-12
-14
-12
-8
-17
-28
-30
-31
-35
-31
-17
-8
1
4
12
26
39
39
26
14
9
7
6
0
-6
4
15
26
26
24
31
25
19
13
14
17
17
18
16
11
12
3
-3
-7
-10
-9
-17
-13
-7
0
7
2
0
10
22
27
30
23
5
-9
-23
-25
-23
-23
-17
-14
-10
-13
-24
-33
-30
-30
-40
-45
-49
-42
-41
-36
-30
-27
-19
-18
-12
4
14
8
4
7
14
13
10
12
0
-8
-13
-21
-28
-29
-23
-10
-3
2
9
9
11
7
7
27
38
44
52
48
47
47
50
51
51
46
31
23
27
34
39
42
45
49
47
45
44
47
38
17
4
-2
1
7
5
-2
-1
-2
-10
-19
-28
-37
-52
-69
-86
-96
-97
-82
-67
-51
-30
-14
-2
4
9
13
12
6
-2
-5
-13
-16
-11
-5
8
11
9
-1
-15
-18
-26
-25
-26
-29
-26
-15
-7
4
12
9
14
15
13
17
23
28
31
32
36
31
26
24
20
21
26
17
2
-15
-34
-40
-45
-42
-34
-33
-22
-14
-21
-14
-12
-6
2
0
10
16
5
-10
-17
-17
-17
-17
-16
-9
-7
-9
-13
-14
-13
-7
3
8
13
16
14
5
-6
2
18
30
36
36
31
22
12
9
16
23
23
22
18
8
3
8
11
11
13
9
1
-7
-6
6
19
21
25
33
48
46
27
21
12
6
14
20
28
23
9
-10
-28
-38
-39
-32
-30
-28
-29
-37
-40
-32
-25
-22
-14
-8
-5
-10
-17
-16
-8
4
8
24
43
36
19
15
4
8
23
23
20
5
-11
-19
-27
-27
-28
-29
-34
-33
-24
-23
-27
-19
-10
-4
-2
3
13
26
32
27
20
12
13
21
31
19
0
-16
-32
-37
-36
-29
-17
-19
-23
-26
-30
-39
-52
-48
-36
-19
-2
4
-5
-13
-18
-13
6
24
35
37
40
41
31
15
18
20
11
12
13
13
7
-7
-14
-8
1
13
27
25
13
-2
-19
-20
-17
-34
-41
-34
-29
-20
-15
-13
-1
17
26
20
16
17
4
-4
-1
-5
-4
6
6
12
20
17
31
51
51
43
44
41
35
28
20
15
16
10
9
16
29
37
35
42
53
55
49
37
28
10
0
5
16
28
29
25
27
23
18
16
17
15
10
-1
-29
-36
-33
-40
-30
-21
-27
-37
-46
-56
-62
-78
-83
-78
-74
-60
-54
-60
-73
-85
-82
-65
-54
-49
-45
-37
-36
-40
-41
-44
-42
-39
-23
-7
4
4
6
5
-14
-36
-42
-35
-21
-1
14
15
8
-3
-10
4
17
30
38
45
54
66
74
73
58
41
41
37
31
37
48
59
57
53
52
52
36
25
30
39
42
26
14
14
5
-3
3
9
8
4
-6
-23
-39
-49
-52
-64
-66
-61
-40
-4
11
23
32
30
32
36
44
54
58
50
49
51
45
43
42
43
42
37
39
45
33
14
-6
-18
-31
-44
-30
-19
-11
-1
2
-5
-5
-18
-26
-32
-44
-45
-48
-58
-60
-39
-32
-18
-8
-18
-24
-32
-40
-29
-12
-10
-28
-53
-84
-113
-120
-112
-88
-62
-48
-41
-42
-34
-39
-37
-7
14
32
41
44
39
27
9
-4
-4
4
15
22
27
31
29
30
32
24
13
5
9
17
16
5
20
37
41
62
85
86
73
63
54
54
61
67
58
43
23
13
22
41
56
56
44
26
7
-5
-10
-9
5
28
28
19
22
14
0
-12
-11
-19
-32
-24
-32
-37
-44
-55
-54
-47
-35
-28
-40
-47
-41
-40
-36
-41
-37
-24
-29
-31
-25
-8
10
16
31
23
3
-18
-46
-68
-74
-61
-45
-35
-40
-60
-70
-66
-70
-68
-63
-54
-36
-27
-31
-43
-32
-1
17
27
30
41
61
69
77
83
87
81
69
64
57
39
26
20
2
-14
-5
9
12
19
18
11
8
6
18
34
48
61
65
61
61
62
78
90
81
65
38
24
12
5
10
6
-8
-27
-47
-60
-66
-52
-33
-32
-23
-14
-7
-2
-15
-21
-21
-23
-10
-3
10
7
-6
-3
-17
-23
-17
-19
-12
-15
-32
-37
-38
-37
-28
-22
-23
-19
-19
-16
-4
2
0
-3
-4
-8
-9
-15
-11
-6
1
18
25
26
26
10
-5
-5
-8
-2
12
10
5
7
2
-12
-20
-24
-20
-13
-11
-15
-33
-40
-35
-27
-10
-11
-11
5
17
3
-5
15
12
-1
-6
-1
12
17
33
58
51
24
14
26
14
-18
-32
-48
-78
-98
-71
-28
-25
-33
-26
-12
-2
-4
-1
8
3
5
23
43
53
33
51
84
90
98
107
105
79
62
65
51
22
12
9
-8
-32
-57
-51
-15
2
-6
-7
0
18
37
53
68
76
89
84
60
48
33
3
13
39
24
-14
-53
-56
-47
-61
-30
43
58
47
32
-6
-54
-91
-122
-180
-219
-232
-230
-211
-197
-163
-103
-59
-28
-5
-3
4
-48
-83
-22
-6
14
38
58
148
195
209
281
287
257
230
158
92
-19
-112
-138
-170
-217
-214
-122
-27
35
86
131
141
146
110
26
-21
-101
-188
-193
-129
-100
-58
45
131
191
177
170
203
175
88
25
27
43
1
-36
16
34
-44
-83
-66
-72
-116
-185
-227
-207
-172
-167
-128
-77
-80
-88
-69
-89
-160
-176
-116
-56
-49
-3
65
107
208
277
294
247
163
95
-4
-94
-159
-230
-303
-374
-410
-365
-262
-164
-89
9
110
189
254
228
191
173
157
164
107
112
197
253
332
370
313
235
141
90
65
-55
-166
-190
-240
-287
-327
-330
-245
-214
-170
-40
44
79
110
144
198
184
157
183
213
237
305
418
514
561
545
518
411
281
144
7
-5
-35
-184
-245
-286
-391
-452
-499
-461
-368
-378
-392
-380
-356
-267
-236
-255
-189
-64
47
80
76
149
122
-17
-122
-220
-268
-306
-296
-212
-129
-36
153
320
379
417
458
488
452
355
332
356
266
134
68
9
-96
-175
-161
-74
-56
-61
9
-33
-171
-226
-233
-298
-442
-538
-612
-619
-604
-542
-343
-188
-57
158
342
403
399
385
373
349
238
94
-27
-144
-169
-140
-158
-110
4
-56
-143
-150
-179
-170
-216
-271
-201
-82
33
202
323
365
480
680
930
1019
1002
1200
1318
1093
864
840
898
541
-229
-679
-1049
-1683
-2284
-2941
-3167
-3104
-3106
-2586
-1929
-1256
-337
97
474
1189
1962
3334
3726
3159
4092
5054
4617
3823
3199
2869
1540
-676
-1530
-1688
-2911
-4270
-4399
-3568
-3382
-3922
-3178
-1239
-501
-1203
-769
717
1072
701
919
1741
2393
2485
2824
3550
3465
2571
2183
1967
736
-1214
-2597
-2754
-3326
-4973
-5312
-4120
-3460
-3107
-2428
-1278
-168
-237
-355
337
450
-284
-602
100
1047
1950
3826
5603
6343
7183
7663
6998
5375
3083
967
-1501
-4412
-6006
-6340
-6425
-5918
-4502
-2424
-564
387
1310
2243
1830
251
-775
-1130
-1708
-2181
-1848
-669
874
2318
3677
4684
4925
4341
2995
1350
-486
-2559
-4228
-5067
-5255
-4992
-3932
-2155
-817
183
1160
1364
1088
490
-537
-1253
-2042
-2872
-2815
-2234
-1678
-1096
130
2040
3744
5295
5870
5600
6038
5917
4440
2607
1030
181
-1010
-2433
-2536
-2316
-2558
-2451
-1786
-934
-938
-1570
-1278
-892
-1766
-2937
-3006
-2303
-2087
-1930
-575
1375
2758
3664
4706
5284
4766
3851
3070
2093
493
-1481
-2689
-2916
-3505
-4604
-4714
-3782
-3241
-3407
-3242
-2337
-1548
-1419
-1298
-625
-114
-102
7
571
1480
3617
6271
7017
7788
10143
10949
9282
7034
5369
3171
-1267
-5278
-6368
-7346
-9142
-9553
-7351
-4122
-2980
-2318
654
2683
1234
-615
-606
-589
-2018
-3120
-2161
-204
1088
2667
5167
6891
6954
6123
5455
4246
992
-2809
-4604
-5420
-7515
-9281
-8035
-5727
-4700
-3709
-1751
695
1651
752
591
851
-221
-1504
-1879
-1311
1131
4827
6514
7507
10691
12761
11132
7913
5628
3792
-1078
-6665
-8171
-8642
-10397
-10849
-8112
-3544
-1421
-1172
1770
4640
3083
-20
-900
-1208
-3065
-4449
-3393
-1065
709
2495
5473
8023
8625
8169
7033
4960
1589
-2949
-5880
-6842
-8852
-10062
-8219
-5650
-3483
-1535
368
2615
3345
1879
784
83
-1491
-3268
-3995
-2941
92
4126
6474
8419
12358
14782
13279
10000
7261
4320
-1402
-7360
-9420
-10095
-11732
-11527
-7833
-2979
-485
802
4000
6458
4615
806
-802
-1585
-4337
-6519
-5453
-3136
-1255
1373
5381
8784
9641
8520
6975
4447
-251
-5747
-8886
-9865
-11607
-12254
-9137
-4925
-2381
-401
2060
4398
4357
2020
487
-340
-2167
-4133
-3527
900
5526
7166
9759
15046
17835
15425
11210
8551
4807
-2924
-9824
-12115
-13139
-14365
-13574
-9105
-3186
-161
1795
5691
7939
6093
2802
871
-265
-2876
-5489
-4588
-1555
858
3429
6648
8934
8970
7134
4218
289
-4586
-9232
-11600
-12299
-12983
-11652
-7851
-3968
-658
1625
3438
4818
3745
1769
390
-1390
-2703
-2671
144
5596
8554
9992
14950
19148
17333
12254
8347
5039
-1865
-10616
-14125
-14116
-15932
-16306
-11706
-5651
-2030
267
4169
7780
6366
2265
865
390
-2593
-5480
-4774
-1970
257
2606
6251
9080
9289
7563
5317
2574
-2854
-8895
-11149
-11915
-13427
-13127
-9583
-4640
-1638
446
4155
6329
5118
3141
1969
856
-1826
-4311
-3200
1480
5849
7093
9789
15823
18451
15414
11219
9116
5758
-2968
-10576
-11658
-12085
-14393
-14056
-8760
-2707
-764
875
5731
8389
5328
1253
194
-718
-4032
-6565
-5167
-1651
400
2529
7042
10062
9712
7739
5246
2643
-2769
-8748
-10207
-11043
-12730
-11449
-8094
-3854
-774
909
4054
5497
3560
1618
98
-1690
-3959
-5717
-4709
-765
4716
8553
10927
15356
19147
17973
13322
9382
6527
-17
-8415
-11688
-11907
-13245
-13427
-9616
-3705
-463
512
3257
6362
5341
752
-2283
-2812
-4536
-7264
-7326
-4176
-770
1658
5260
9438
10401
8790
6885
3980
-693
-6816
-10845
-11433
-12508
-12766
-9658
-5744
-2205
131
1666
3457
2993
881
-702
-2469
-4170
-5746
-5778
-2383
1913
6166
10610
14441
18139
19350
17319
14104
9248
3640
-2232
-7959
-11021
-12264
-12576
-10585
-7349
-3544
-29
2026
4161
5160
3038
42
-2447
-4537
-6058
-6909
-5720
-2685
203
3869
8382
10793
11268
10528
7648
3387
-1291
-5988
-9360
-11414
-12345
-11016
-8270
-5017
-1578
880
2377
3057
2449
880
-1234
-3345
-4838
-5357
-4859
-2958
1716
8034
12276
14823
18110
20443
18320
11987
6252
2163
-4386
-11879
-14852
-13848
-12791
-11639
-7335
-1070
2390
3274
5168
6685
4120
-1148
-4443
-5000
-6614
-9020
-7341
-2334
1796
5299
8763
11355
12103
9326
4872
429
-4955
-9571
-12414
-13816
-13174
-10945
-7126
-2620
589
3141
4840
5149
4183
1218
-1598
-3080
-4659
-5588
-4732
-515
6451
10757
12926
17308
20679
19002
13464
7847
3840
-2933
-11719
-15039
-14250
-14261
-13150
-8435
-1731
2677
4048
6455
8857
6412
1106
-2404
-4206
-6577
-9352
-8732
-4370
-620
2747
7397
10577
11110
9695
7074
3134
-3415
-8865
-10768
-12682
-13917
-12266
-8147
-3361
-494
2259
5451
6270
5166
2942
673
-981
-3695
-5485
-4606
-1122
4745
8075
10172
15742
19400
17339
12643
8762
5354
-2183
-10679
-13084
-13183
-14687
-13952
-9193
-3030
605
2480
6077
8724
6180
1429
-1031
-2691
-6132
-9440
-8647
-4733
-2133
926
6262
9842
10485
9053
6936
3964
-2830
-8704
-10101
-12056
-13593
-12119
-8763
-4205
-978
1652
4974
6102
5043
3402
1760
112
-2550
-4543
-2884
2463
6606
7568
11586
17964
19233
14940
10200
8362
3724
-6512
-12512
-12646
-14052
-15602
-13217
-6790
-1124
677
3906
9025
9533
5969
2814
797
-1707
-6098
-8855
-6428
-3774
-2451
1699
6270
8620
8742
6675
5034
1352
-5561
-9306
-10972
-13172
-12913
-10705
-7009
-2970
-445
2685
5718
6056
4665
3127
1774
-229
-3068
-4029
61
5438
6458
8515
15217
19260
16899
11443
8722
6750
-2407
-11840
-13260
-13324
-15460
-15608
-10499
-2914
115
1618
6824
10068
8100
4311
2030
780
-3795
-8543
-7405
-4699
-3769
-883
4015
7831
8600
6785
5482
2595
-3671
-7985
-10186
-12562
-13044
-11445
-7756
-3523
-1105
1843
5350
6395
4996
2998
1685
-32
-2986
-4814
-2485
2899
5637
7107
12656
18196
18454
14146
10372
8837
2125
-8265
-12677
-13277
-14624
-15493
-12978
-5664
-89
1605
5544
9498
9177
6038
2301
281
-2724
-8128
-9363
-6781
-5355
-2734
1675
5672
8544
7994
6134
4489
-732
-6094
-8703
-11608
-12943
-11969
-9351
-4730
-1293
1397
4982
6744
6116
4205
2276
598
-2213
-4909
-3958
1168
4756
5840
10777
17295
18775
15367
11809
10824
5647
-4772
-10426
-11585
-13478
-15011
-13457
-7101
-1135
1337
5658
10387
10801
8151
4841
2601
-891
-7050
-9653
-8154
-7953
-6467
-1673
2548
5607
6700
6192
5988
1801
-4065
-6340
-9558
-12359
-12177
-11184
-7175
-3348
-1111
3516
6468
6262
5628
4203
2360
-809
-4362
-4117
-415
2036
3114
7492
13588
16169
14346
11303
10594
6987
-2363
-8467
-10297
-12617
-14552
-14424
-9220
-2743
-462
3607
9557
11016
9484
7088
4944
2421
-3423
-7715
-7038
-7491
-8170
-4386
-100
2509
4064
4090
4661
2667
-2813
-5179
-7246
-10837
-11268
-10417
-8138
-4862
-2817
1493
5486
5771
5931
6011
4733
1910
-1522
-2266
-313
1760
2718
5143
10411
13907
13310
11032
9788
7835
841
-6656
-9586
-11689
-14087
-14667
-11617
-5691
-1709
1499
6786
10311
10619
9398
7565
5553
1408
-3557
-4992
-5260
-6316
-4600
-1192
1330
3187
3567
3847
3104
-1169
-4133
-5792
-9329
-10543
-9876
-8616
-5651
-3651
-473
3843
4642
4410
4717
4056
2424
-636
-2173
398
3011
2950
4687
9842
13506
13080
10184
8894
7789
752
-6919
-9508
-11853
-14375
-15109
-12782
-6992
-3037
302
6325
10019
10271
9475
8133
6362
2033
-2977
-4134
-4450
-6300
-5418
-1443
1248
2066
2625
3019
2688
-623
-4699
-6002
-8372
-11037
-10768
-9670
-7157
-4201
-1696
2752
5341
4883
5607
5655
3470
961
-778
390
2969
3164
4296
8775
12197
12669
10874
9163
8403
3160
-4398
-7670
-10446
-13776
-14623
-13458
-9171
-4707
-1556
3886
8412
9812
10020
8844
7554
4778
-396
-2619
-2714
-4466
-4534
-1852
869
2595
2836
2944
3028
109
-3884
-6014
-8724
-11188
-11399
-10894
-9029
-6355
-3635
643
3450
3577
4555
5392
3825
918
-1064
-372
1909
3202
4038
7263
11444
13183
12194
9962
8905
6088
-1412
-6734
-8960
-12716
-14974
-14497
-11662
-7064
-3890
345
5588
7593
8207
7829
6318
4899
1196
-2022
-1769
-2521
-3373
-1195
1562
3726
4415
4020
4159
2326
-1737
-4839
-7503
-10318
-11410
-10912
-9549
-7101
-4256
-823
2727
3896
3777
4805
4773
2481
380
111
2688
5412
5435
7479
12234
14367
13242
10498
9177
7394
-249
-7109
-8945
-11903
-14738
-14764
-12226
-7505
-4404
-1128
4379
7196
7555
7567
6598
5238
1917
-1517
-1496
-1841
-3070
-1566
1066
3032
3874
3676
3630
2271
-1347
-4735
-7298
-10043
-11512
-11222
-10119
-7856
-5196
-2445
1001
2676
2451
3247
3544
1841
153
-465
946
3889
5124
6205
9684
12688
13021
10633
8133
7232
2339
-5395
-8828
-10999
-13688
-14185
-12901
-8828
-4320
-1399
2915
6444
7506
7657
6002
4513
2964
-699
-2232
-1808
-2646
-1844
733
2502
3931
4481
3711
2401
-10
-3197
-6132
-8904
-10346
-9964
-9449
-7964
-4848
-2057
826
3271
3470
3795
4495
3093
1242
351
631
3397
5711
6076
8621
12136
13215
11604
8265
6694
3956
-3673
-8729
-10111
-12756
-14005
-13178
-10244
-5185
-1700
1939
6305
8025
8580
7769
5479
4014
1105
-1831
-1789
-2198
-2325
-168
1664
3384
4578
3875
2788
646
-2790
-5907
-9116
-11278
-11099
-10503
-9389
-6491
-3225
-221
2685
3970
4144
4674
3782
1830
843
181
1634
4660
5318
6847
10556
12487
11871
8545
6023
4641
-1683
-8222
-10303
-12413
-13735
-13483
-11600
-6407
-2324
706
5435
8123
9019
8834
6622
5102
2685
-982
-1951
-2551
-3080
-1112
373
1647
3641
3546
2454
859
-2257
-5263
-8682
-11499
-11744
-11490
-10599
-7769
-4222
-619
2505
4474
5561
6370
6000
3836
2313
1555
1434
3651
4912
5364
8569
11373
11770
9942
7181
5990
1629
-5741
-9275
-11542
-13880
-13771
-12515
-8375
-3072
-18
4097
7956
9347
9804
8008
5969
4175
68
-2039
-2123
-3408
-2440
-180
1017
2870
3383
2415
1317
-1512
-4759
-8101
-11550
-12418
-12293
-12033
-9477
-5984
-2249
1827
4633
6177
7191
7330
5775
3475
2186
1764
2900
4728
5460
7690
10989
12123
10859
8039
5942
2519
-4435
-9295
-11664
-14377
-15077
-14057
-11030
-5914
-1849
2446
6754
8864
10013
8983
6615
4980
1848
-934
-1635
-2560
-1996
-3
1009
2717
4184
3341
1781
-272
-3156
-6647
-10549
-12344
-11869
-11717
-10468
-6722
-2594
1084
4176
5954
7180
7614
5980
4142
3067
1921
2853
4675
4928
6847
10068
11481
10560
7777
6333
3694
-3666
-8948
-11066
-13932
-15267
-14975
-12133
-6650
-2945
855
5686
8224
9480
8991
7072
5479
2169
-511
-921
-2507
-2555
91
1422
2333
3655
3898
2561
-316
-3148
-6105
-9772
-12041
-12456
-11785
-10243
-7704
-3906
121
3412
5328
6458
7760
6893
4398
3663
2914
2442
4473
5797
6712
9374
11314
11288
8823
5954
4217
-1230
-7876
-10691
-13326
-14949
-14390
-13254
-8738
-3493
-233
3965
7357
9072
9345
7148
5558
3576
-34
-1070
-1721
-2944
-1011
749
1391
3137
3328
2296
667
-2333
-5055
-8347
-11325
-11843
-11902
-11225
-8617
-5456
-1737
2009
4255
5427
6659
6765
4742
3404
3043
2671
4419
6133
6487
8781
11375
11648
9703
6938
5550
1505
-5397
-8670
-10841
-13534
-13539
-12550
-9288
-4149
-1017
2584
6497
8114
8620
7537
5968
4304
992
-257
-282
-2236
-1382
1404
1987
2751
3275
2553
1161
-1991
-5348
-8275
-11012
-12208
-12738
-12080
-9316
-6374
-3051
922
3723
4807
5928
7192
5841
3681
3213
2784
4019
5902
5736
7681
11078
11759
10010
7256
6159
3162
-4310
-8420
-9905
-13066
-13783
-12892
-10635
-5824
-2530
751
4825
6773
7855
7462
6267
5085
1455
-283
728
-1236
-1902
967
2381
3047
2969
2099
1571
-1273
-4754
-7421
-10724
-11887
-12189
-12695
-10144
-7099
-4439
-355
2653
4181
5449
6464
6063
3839
3053
3159
3142
5554
6999
7128
9978
12430
11679
8648
6200
4899
-777
-7900
-10557
-12674
-14401
-14147
-13007
-8530
-3520
-795
2861
6396
8226
8014
6115
5498
3402
-535
-387
60
-1530
-35
2317
3893
4843
3376
2733
1816
-2128
-5939
-9316
-11226
-11475
-12713
-11500
-7705
-5100
-1963
1594
3956
5240
5750
6138
5046
3484
3152
3295
5476
7187
6999
9574
12717
12425
9512
6849
5884
1295
-6026
-9314
-11280
-13564
-14059
-13316
-9732
-5275
-2348
1601
5155
6917
7344
6197
5778
4221
459
153
958
-804
-377
1859
3446
4556
3329
2100
1719
-1342
-5428
-9084
-11282
-11431
-12883
-12883
-9439
-7040
-4547
-951
1467
3158
4140
4905
4729
3070
2823
2790
3608
6944
7391
7543
11353
13243
11438
7930
6275
5210
-1528
-8001
-9587
-11500
-12774
-13165
-11954
-6676
-3025
-1122
2820
5865
7151
6282
4886
5223
2672
-563
503
302
-935
713
2044
3631
4335
2139
1818
1056
-2774
-6081
-9127
-9881
-9757
-11820
-10212
-6686
-5082
-1934
838
2561
4128
4547
5225
4229
2759
2964
3235
6053
7701
6540
9661
13283
12266
8919
6522
6323
1580
-6298
-8863
-10332
-12644
-13198
-12906
-9238
-4916
-3068
374
3999
5752
5937
4785
5097
3758
46
358
1073
-762
-85
1676
2933
3845
2628
1956
1525
-1465
-4889
-8223
-9906
-9781
-11335
-11244
-8108
-6073
-3876
-578
1532
2880
4115
5029
4752
3295
3091
3218
4260
7525
7684
7361
11075
12770
10437
7024
5657
4769
-1439
-7470
-8800
-10452
-11865
-12482
-11404
-6469
-3193
-1708
1711
4567
6135
5453
4186
4698
2361
-204
894
282
-611
889
1993
3428
3551
1823
1695
541
-2600
-5754
-8919
-9299
-9226
-11168
-9822
-6704
-4739
-1735
733
2670
4589
5212
5515
4394
3070
3166
2836
4975
7198
6184
8310
12097
11900
8719
5969
5860
2382
-5420
-9008
-9844
-11673
-12840
-12847
-9312
-4466
-2330
204
3715
6100
6407
4707
4417
3660
112
-571
378
-1077
-1128
438
1981
3247
1985
1056
1407
-1138
-4779
-7915
-9831
-9329
-10397
-11132
-7786
-4874
-2535
533
2541
4629
5784
5508
5094
3522
2463
2310
2941
5801
6462
6276
9972
12253
10048
6555
5213
4231
-1735
-8258
-9971
-10462
-11776
-12839
-11058
-5872
-2046
-94
3156
6913
8338
6678
5525
5437
2582
-390
-207
-186
-999
-473
1298
3220
3193
1633
1047
84
-3042
-7058
-9881
-10326
-10552
-11674
-10137
-6340
-3524
-657
2281
4121
5537
6104
5511
4022
2682
2184
1865
3725
6144
5830
7477
11454
12038
8906
6101
5901
2946
-4417
-8718
-9677
-10798
-12106
-12800
-9382
-4211
-1826
654
4193
6947
7146
5152
5131
4386
622
-493
-84
-1189
-1277
-200
1607
2971
2090
1299
972
-975
-4116
-7663
-9290
-8708
-9639
-10161
-7316
-4275
-1930
377
2122
3923
5077
5051
4153
2924
2455
1615
1124
3774
5835
5245
7108
10689
10681
7339
5155
4992
1464
-5426
-8989
-9205
-10178
-12007
-11986
-7973
-3233
-1269
884
4860
7508
6636
4801
4970
3854
415
-665
-304
-1146
-1396
-420
1136
1899
978
525
348
-1532
-4501
-7303
-8072
-7721
-8978
-8994
-5953
-3214
-1409
472
2448
4292
5086
4863
4137
3328
2971
1944
1540
4437
5895
4901
7493
10877
9994
6798
5266
5485
1362
-5394
-7291
-7468
-9317
-10898
-10538
-6442
-2692
-1791
1043
5269
7080
6063
4909
5502
3883
128
-652
-614
-1990
-2120
-1121
76
598
-192
-235
-229
-2187
-4886
-6820
-7257
-7543
-9052
-8569
-5295
-3082
-1751
165
2283
4234
4753
3996
3495
3299
2464
668
523
3565
4856
3826
6104
9699
9542
7004
5756
5676
2138
-4079
-6703
-6996
-8980
-10868
-10084
-6292
-2837
-1506
1486
5776
7236
6163
5352
5430
3985
590
-1015
-870
-1898
-2450
-1427
-203
621
195
85
602
-1338
-4138
-5501
-6118
-6610
-8167
-8015
-4559
-2680
-2009
395
3016
4788
4766
3943
4320
3986
2116
326
608
3464
4062
2636
5371
9281
8860
6223
5267
5357
1511
-4772
-7240
-7945
-10257
-11916
-11037
-7398
-3880
-2148
1232
5480
6859
6200
5798
5833
4027
428
-1139
-1357
-2878
-3620
-2547
-1022
193
26
-50
824
-327
-2969
-4522
-4964
-5454
-6968
-6658
-3521
-1916
-1445
462
2651
4251
4290
3260
3348
3287
1613
-166
22
2796
4269
3304
5448
9531
10022
7805
6251
6177
3673
-2277
-5859
-6671
-8429
-10049
-9956
-7195
-3364
-1533
841
4580
6469
6278
5253
4719
3617
111
-2345
-2335
-3069
-4106
-3651
-1958
-213
102
-55
744
634
-1384
-3286
-4189
-4620
-5597
-6559
-5058
-2799
-2111
-898
1126
2535
3019
2227
1749
1962
603
-1318
-1534
601
3365
3233
3756
8383
11008
9271
7136
6827
6238
1106
-4664
-5908
-6518
-8487
-9779
-8367
-3969
-1102
-86
3172
6737
7437
5817
4427
4120
1419
-2708
-3752
-3907
-5053
-4979
-3510
-975
666
265
882
1995
922
-1409
-3619
-3972
-3898
-6070
-6565
-4155
-2459
-1588
-869
628
2568
2469
1569
1437
1058
-93
-1642
-941
2684
3823
3068
6568
10827
10533
7782
6854
7601
3746
-3211
-5734
-5870
-7614
-9984
-10078
-5576
-1415
-798
1343
5577
7792
6300
3913
3970
2678
-1644
-3882
-4339
-5207
-5273
-4543
-2643
-354
384
919
1813
1785
414
-1980
-2971
-2770
-4591
-5847
-4097
-2344
-1591
-1190
-19
2044
2553
1513
736
906
890
-878
-488
3915
5127
3727
6885
11302
10870
7163
6319
7384
2712
-4213
-6185
-6077
-7487
-10071
-9839
-4735
-1163
-973
1162
5503
7866
5533
2909
3410
1469
-2904
-4700
-4901
-4809
-4455
-3426
-889
1106
1710
2323
2803
2424
201
-2378
-2626
-3188
-5795
-6475
-4480
-2878
-2488
-1944
21
1765
1686
766
164
706
462
-1564
-515
3755
4666
3871
7072
11265
10744
7071
6572
7199
2089
-4354
-5874
-5728
-7537
-10110
-8995
-3802
-945
-791
1547
5676
7548
4760
2288
3231
1437
-3118
-4791
-4433
-4407
-4711
-3741
-542
1352
1274
2381
3475
2421
-119
-2009
-1867
-3016
-6122
-6155
-3575
-2751
-3519
-3030
-454
1303
66
-1182
-220
819
-264
-2334
-666
4263
4851
3142
6652
11269
10611
6876
6196
7459
3267
-3336
-4823
-4157
-5834
-8483
-8059
-3467
-400
-823
877
5169
6752
4020
1659
2532
1378
-3417
-5250
-3775
-3837
-4501
-3260
-150
2205
1845
2470
4321
3467
906
-1058
-1276
-1714
-4821
-6025
-3423
-2389
-3533
-3369
-1057
1173
241
-1460
-211
1178
32
-1874
-944
3645
5507
3272
5271
10424
10874
7341
5386
6757
5007
-1694
-4866
-4274
-5405
-7577
-8289
-5201
-1352
-1370
-761
3094
5178
3464
962
1026
922
-3446
-6368
-4593
-4069
-5005
-3927
-1007
2144
2478
2148
4258
4634
2376
2
-1365
-1470
-3759
-6576
-5068
-3505
-4341
-4168
-2559
-289
113
-1536
-710
939
118
-1362
-1566
1766
5133
3469
3614
8669
11195
9203
6348
6893
7741
2380
-2854
-3002
-3215
-4931
-7060
-6281
-1968
-620
-998
1471
3997
4119
1865
532
1292
-1395
-5206
-4531
-3566
-4551
-4358
-2000
1529
2857
2207
3937
5577
4099
1636
-472
-605
-1511
-5388
-6202
-4220
-4190
-4457
-3694
-1966
-318
-899
-1087
47
19
-341
-1097
-968
2459
4194
3007
5089
8847
9814
7878
5793
6957
6072
379
-2826
-3240
-3983
-5608
-8016
-6110
-1940
-1838
-1744
766
2863
2513
-147
-632
-297
-3360
-5290
-4547
-4558
-4183
-2828
-589
2538
3677
4182
6041
6364
4909
2458
384
114
-2349
-5955
-5688
-4646
-4910
-4869
-4216
-2146
-592
-915
-860
-223
252
110
-1216
-1015
2059
3556
2948
4649
8126
10047
8593
6542
8045
7501
2234
-1148
-2025
-2553
-4640
-7620
-5791
-2597
-2945
-2452
-182
1970
1981
-430
-225
496
-2424
-4230
-3627
-2993
-2361
-2075
26
3491
4462
4812
6135
6467
5242
2393
266
-530
-3566
-6752
-6900
-6381
-6412
-6421
-5140
-2454
-1147
-1240
-666
610
1288
401
-964
-772
1605
3211
2267
3268
7386
9826
8464
6477
7898
8387
3470
-1009
-2183
-2854
-5023
-8568
-8470
-5178
-4416
-4599
-2914
-196
997
-681
-1087
-32
-1857
-3762
-3236
-2699
-2360
-1745
197
3557
4992
4915
6062
7124
6070
2741
-44
-703
-2937
-6596
-7489
-6390
-5731
-5290
-3864
-1428
557
1215
1212
1804
2370
1290
-405
-801
994
2872
2231
3063
7253
10195
9702
7780
8903
10357
5387
-427
-1713
-2335
-5144
-9349
-9528
-5705
-5062
-6031
-4013
-583
1177
-478
-1386
602
-329
-3085
-2730
-1699
-1560
-1181
440
3761
5394
4906
6016
7289
5794
2310
-566
-1134
-2834
-7161
-8468
-6343
-5647
-6089
-5100
-2397
-109
-162
-650
232
803
-379
-2040
-2332
-701
1382
1864
2863
6597
9942
10637
9586
9517
10483
7042
1358
-985
-2754
-5539
-8730
-10418
-8128
-6388
-6648
-4961
-2011
284
254
-630
919
1074
-1468
-1853
-1017
-908
-336
808
3168
5347
5442
5768
6805
6077
3533
1033
-24
-1579
-5210
-7079
-5945
-5627
-6156
-5213
-3095
-1488
-1297
-1318
-422
199
-815
-1792
-1287
-865
81
2530
4113
5542
8396
11019
11374
9552
9240
9068
4570
-126
-2442
-4544
-6533
-9409
-10272
-7491
-5996
-5726
-4057
-999
1410
314
-274
1770
1245
-736
-858
-365
360
671
1324
3934
5245
4490
4761
5218
4188
1506
-1242
-1935
-3423
-6718
-7633
-6755
-6491
-6250
-5621
-4006
-2479
-2398
-2220
-1529
-1024
-1136
-1219
-391
549
2648
5427
6318
7505
10616
12548
10887
8512
8952
7601
2179
-1824
-3397
-4806
-7398
-10028
-9025
-6670
-6363
-5870
-3413
-140
479
-662
1191
2702
449
-498
865
1180
763
762
2533
4566
3846
3311
4705
5034
3086
205
-371
-111
-3476
-6259
-5302
-5019
-6151
-6497
-5217
-3412
-3355
-3223
-1752
-967
-746
-415
391
1320
1763
4037
6879
6846
7724
10931
11666
9369
7607
7741
5928
819
-2839
-4176
-5873
-8462
-10666
-9813
-7312
-6953
-6719
-3954
-883
-5
36
1429
2268
1171
771
1146
818
857
1340
2019
2885
2985
3384
4312
3879
2320
835
-136
-1480
-4059
-5915
-6235
-6793
-7298
-6972
-6032
-4764
-3660
-2555
-1344
-344
585
1390
1894
1992
2935
5893
7416
6816
8692
11907
11900
9400
8394
8899
6078
582
-2777
-4482
-6510
-9385
-11376
-9862
-7765
-7504
-6075
-2658
121
625
817
2689
3091
1036
367
711
439
191
248
2009
3915
3693
4024
5204
4935
3184
761
-584
-2117
-5499
-7502
-7793
-8191
-8072
-7596
-6209
-4026
-2790
-1713
-465
253
986
1392
1525
1666
2680
5445
6854
6764
9027
11893
11930
9926
8639
8446
5451
-58
-3773
-5804
-7638
-10210
-12066
-10285
-7664
-6639
-4709
-1436
1489
2570
2514
3385
3172
1404
762
337
-347
-446
87
1995
3405
3459
4401
5293
4650
2615
-4
-1429
-3380
-6922
-8734
-8690
-8654
-8395
-7363
-5123
-2971
-1818
-287
910
1215
1687
1597
1206
1316
2061
4345
6232
6584
8531
11669
12530
10677
8827
8405
5726
-143
-4575
-6506
-8234
-10674
-12388
-10862
-7680
-5823
-4011
-1025
2151
3585
3023
3096
3019
1359
292
-110
-492
-308
367
2034
3540
3929
4655
5189
4530
2657
-186
-2029
-3543
-6499
-8546
-8645
-7999
-7058
-6289
-4630
-2184
-814
-61
421
841
1527
958
183
756
1522
3208
5549
6863
8396
10545
11853
11100
8741
7225
5333
836
-3893
-7036
-8794
-9944
-11396
-11041
-8021
-5175
-3341
-1298
1478
3391
3076
2727
2740
1329
-73
-408
-681
-759
-54
1547
3116
3805
4194
4552
4521
3079
66
-2077
-3272
-5564
-8101
-8962
-7912
-6749
-6393
-5141
-2843
-1006
83
639
1284
1959
1816
1677
2031
2382
3739
6052
7567
8275
9695
11714
11726
9174
6893
5400
2409
-2271
-6375
-8233
-8930
-10422
-11282
-9259
-5877
-3539
-2098
121
2993
3998
3085
2590
2436
1388
19
-740
-655
-265
138
1280
2583
3001
3140
3419
2856
815
-1433
-2652
-3963
-6356
-8100
-7848
-6889
-6395
-5721
-3907
-1733
-595
49
811
1364
1725
1972
1996
1845
2369
4158
6018
6682
7201
8993
10210
8588
5905
4436
3134
-172
-4811
-7509
-7940
-8763
-10058
-9573
-6677
-3370
-1737
-530
2109
4346
4380
3286
2695
2370
899
-836
-1055
-675
-517
248
1514
2678
3234
3388
3786
3061
767
-1222
-2558
-3927
-5923
-7550
-6781
-5558
-5491
-4573
-2569
-565
667
1018
1677
2292
2193
2001
1703
1777
2682
3794
5119
6168
6849
8240
8990
7690
5654
4156
2457
-874
-4789
-6795
-7304
-8380
-9259
-8116
-5390
-2907
-1426
358
2618
3337
2507
1777
1001
-345
-1654
-2395
-2497
-2343
-1667
22
1609
2727
3686
4263
4491
3411
1216
-258
-1592
-3618
-5553
-6553
-5887
-5121
-5073
-3825
-1746
-279
375
716
1665
2233
1575
1252
1472
1613
2054
2981
4443
5555
6054
7230
8234
7321
5339
4029
3032
215
-3790
-5559
-5522
-6675
-7977
-7016
-4276
-2235
-1767
-505
1958
2851
1706
667
457
-140
-1773
-2966
-2686
-2042
-1499
-350
1240
2671
3662
4324
4658
3822
2149
845
-443
-2734
-5316
-6120
-5612
-5857
-6183
-4847
-2639
-1325
-839
165
1650
2251
1811
1385
1679
1760
1324
1967
3416
4182
4664
5851
7256
7153
5801
5160
4480
2002
-1294
-3448
-4255
-5344
-7199
-7407
-5494
-4036
-3539
-2277
49
1426
933
483
750
252
-1290
-2360
-2012
-1560
-1540
-442
1653
3224
4054
5015
5941
5460
3707
2043
409
-1824
-4502
-6488
-6866
-6874
-6865
-5740
-3611
-1582
-312
1109
2820
3290
2743
2540
2430
1771
854
997
2359
3334
3729
4934
6942
7779
6761
5718
5159
3337
19
-3021
-4673
-5957
-7605
-8230
-7367
-5800
-4312
-3048
-1144
532
620
310
162
-456
-1532
-2791
-2904
-2122
-1755
-813
1068
3230
4984
5498
5934
6376
4994
2621
341
-1829
-3956
-6249
-7324
-6981
-6530
-5446
-3559
-1438
557
1688
2637
3516
3164
2285
1815
1349
573
192
1301
3125
4079
4934
6914
8649
8466
6982
5651
4393
1618
-2207
-4673
-5839
-7134
-8378
-8243
-6385
-4581
-3573
-2065
-300
472
352
-72
-606
-1434
-2318
-2488
-2042
-1343
-61
1662
3516
5089
5909
6421
6427
5026
2941
752
-1634
-3916
-6053
-7259
-7271
-6868
-5933
-4358
-2262
-43
1138
1872
2950
3120
2402
1709
1191
816
156
178
1639
2951
3802
5126
6803
7859
6974
5405
4775
3033
-449
-3405
-4998
-6085
-7599
-8592
-7629
-6034
-4931
-3757
-2213
-387
627
517
576
611
94
-258
-323
-87
512
1456
2759
3680
4207
4837
4970
4297
2905
1103
-414
-2046
-4134
-5763
-6192
-5846
-5655
-5153
-3478
-1441
155
1121
1766
2854
3431
2692
1938
1751
1537
844
447
1559
2826
3183
4146
5698
6624
6328
5335
4893
3827
1041
-1684
-3299
-4572
-6426
-8117
-7727
-6219
-5573
-4796
-2868
-585
699
803
1275
1964
1585
626
21
12
93
50
518
1419
2175
2811
3303
3437
2906
1786
740
-484
-2296
-4044
-4965
-5023
-5020
-5115
-4066
-2020
-423
457
1350
2885
3743
2801
1790
1764
1350
-76
-1377
-831
829
1273
1544
3409
5612
6298
5589
5309
5405
3641
497
-1870
-3443
-5103
-7080
-8168
-7226
-5768
-4881
-3290
-863
1101
1856
2065
2501
2118
563
-494
-922
-1733
-2361
-2020
-761
577
1354
2457
4020
4605
4006
3029
1983
652
-1409
-3354
-4248
-4858
-5152
-4701
-3729
-2114
-624
449
1704
2483
2502
2082
1134
80
-1125
-2344
-2503
-1649
-544
722
2642
5301
7426
8039
8248
8656
7619
4654
1519
-800
-2993
-5745
-7935
-8122
-6998
-5824
-4698
-2742
69
1887
2133
2174
2185
1397
-150
-1842
-2941
-3162
-2859
-2264
-1034
1133
3524
5249
6342
7003
6968
5909
3800
1117
-1281
-3299
-5228
-6660
-7040
-6410
-5310
-3898
-2220
-658
611
1452
1403
505
-535
-1410
-2334
-3420
-4050
-3122
-866
1074
2652
5415
8747
10282
9722
8988
8330
5844
1692
-1959
-4310
-6229
-8332
-9310
-7961
-5611
-3775
-1997
484
2714
3242
2620
1932
734
-1068
-2878
-4128
-4328
-3853
-2739
-498
2269
4706
6716
8378
9256
8380
6136
3866
1251
-2105
-5153
-7017
-7755
-7876
-7486
-5949
-3501
-1475
-208
1016
2109
2105
853
-512
-1235
-2073
-3265
-3663
-2548
-310
1880
3726
6276
9251
10780
10287
9180
8162
5884
2021
-1654
-4082
-5905
-7595
-8329
-7377
-5474
-3759
-2301
-602
1109
1701
1115
184
-910
-2271
-3674
-4481
-4383
-3516
-1897
219
2448
4792
6735
7843
8111
7360
5575
3222
765
-1928
-4665
-6517
-7117
-7174
-6857
-5639
-3669
-1745
-468
241
904
1347
852
-436
-1399
-1728
-2137
-2453
-1942
-367
1902
3894
5395
7194
9099
9911
8862
7167
6099
4143
769
-2074
-3652
-4703
-5930
-6614
-5619
-3967
-2915
-2111
-869
533
746
-58
-325
-446
-1227
-2003
-2064
-1346
-394
577
1943
3585
4886
5506
5699
5589
4654
2823
988
-660
-2739
-4783
-5866
-6224
-6462
-6340
-5384
-3997
-2835
-2045
-1380
-538
8
-290
-621
-450
-358
-594
-676
-139
790
2061
3449
4416
5608
7215
7915
7431
6604
5894
4644
2217
-275
-1980
-3300
-4565
-5813
-6070
-5030
-4183
-3676
-2583
-1182
-248
-25
44
296
189
-180
-336
-271
131
615
1068
1921
2846
3450
3870
3941
3537
2643
1438
96
-1565
-3235
-4533
-5488
-6006
-6118
-5939
-5208
-4083
-3088
-2298
-1504
-624
-100
-127
-144
14
211
244
162
648
1768
2965
3862
4756
6208
7555
7752
7178
6764
6220
4518
1994
-40
-1424
-2945
-4621
-5539
-5240
-4560
-4150
-3461
-2209
-862
-166
2
388
667
386
27
-79
-76
84
486
1100
1783
2413
2998
3361
3347
2851
1968
1093
59
-1544
-3192
-4136
-4634
-5241
-5591
-5206
-4340
-3384
-2561
-1891
-1108
-255
135
37
-38
212
469
455
517
1014
2149
3538
4341
5023
6365
7542
7476
6485
5722
4960
3097
498
-1690
-3139
-4326
-5707
-6661
-6308
-5259
-4437
-3612
-2329
-875
-32
234
483
529
255
-73
-327
-378
-177
143
704
1561
2217
2637
3171
3448
2905
1882
937
-43
-1599
-3429
-4502
-4954
-5394
-5717
-5471
-4345
-3060
-2496
-1831
-481
572
780
721
1064
1503
1393
1340
1823
2352
3132
4340
5324
5930
6672
7578
7720
6547
5266
4340
2552
-96
-2483
-3846
-4663
-5912
-6800
-6112
-4683
-3830
-3298
-2026
-258
404
63
211
592
276
-475
-887
-688
-348
-87
540
1585
2470
2878
3113
3287
2697
1245
-57
-1116
-2840
-4779
-5776
-5972
-6233
-6484
-5862
-4348
-2877
-2023
-1178
274
1599
1751
1507
2061
2604
2388
2228
2698
3280
3818
4860
5863
6175
6594
7279
7085
5703
4129
3013
1510
-1044
-3472
-4598
-5018
-5823
-6601
-5804
-3851
-2766
-2307
-1031
666
1331
820
506
679
259
-738
-1218
-968
-599
-351
279
1522
2488
2901
3304
3449
2870
1650
191
-1180
-2802
-4764
-6065
-6436
-6552
-6562
-5969
-4512
-2884
-1699
-575
676
1728
2392
2487
2419
2634
2644
2324
2260
2521
2761
3172
3940
4417
4542
5030
5460
4766
3508
2689
1617
-205
-2143
-3555
-4311
-4730
-5141
-5126
-4044
-2535
-1624
-988
224
1341
1432
1049
765
429
8
-559
-1082
-979
-437
-41
365
1151
1945
2152
2029
1793
943
-372
-1591
-2862
-4269
-5474
-6110
-5992
-5652
-5254
-4030
-2045
-350
780
2091
3616
4264
3978
3813
3561
2749
1798
1114
822
667
518
985
2074
2789
3061
3779
4624
4325
3146
2531
1958
244
-1588
-2549
-2955
-3330
-3773
-3439
-2008
-777
-373
225
1489
2118
1303
559
597
-70
-1382
-1988
-2028
-1884
-1712
-1432
-516
608
1114
1179
1343
1341
422
-885
-1557
-2242
-3416
-4053
-3887
-3466
-2929
-2177
-893
542
1402
1869
2492
2977
2650
1910
1498
1074
182
-567
-836
-867
-742
-560
28
1235
2223
2634
3235
4153
4360
3589
2995
2712
1704
273
-706
-1262
-1653
-2092
-2360
-1859
-1082
-969
-1032
-465
13
-601
-1360
-1371
-1587
-2400
-2910
-2868
-2646
-2317
-1937
-1270
-228
624
1032
1439
1943
1924
1408
1105
863
202
-406
-578
-684
-804
-677
-440
-226
-39
121
296
330
110
-184
-381
-656
-1159
-1533
-1560
-1461
-1368
-1133
-479
772
2027
2661
3393
4778
5698
5239
4466
4400
3891
2142
344
-594
-1149
-2077
-3173
-3441
-2791
-2385
-2577
-2383
-1607
-1265
-1798
-2222
-2047
-2153
-2573
-2563
-2088
-1476
-739
302
1587
2667
3374
4071
4570
4361
3560
2748
2090
951
-566
-1492
-1862
-2401
-3000
-3176
-2773
-2298
-2357
-2355
-1762
-1304
-1424
-1656
-1434
-982
-1010
-1028
-384
434
1095
1694
2540
3910
4901
4967
5094
5687
5761
4617
3260
2769
2075
325
-1213
-1753
-1936
-2635
-3586
-3562
-2838
-2781
-3276
-3161
-2320
-1976
-2469
-2367
-1431
-1034
-1006
-359
662
1481
1936
2447
3244
3603
3381
3103
2800
2179
1025
-105
-672
-1535
-2834
-3478
-3541
-3822
-4276
-4316
-3736
-3152
-2994
-2634
-1763
-899
-435
-128
612
1456
1708
1820
2211
2645
2883
2826
2771
3199
3640
3337
2838
2970
3239
2614
1530
1166
1030
9
-1324
-2087
-2351
-2802
-3663
-4009
-3391
-2818
-2802
-2446
-1257
-207
-30
219
1115
1597
1364
1307
1574
1648
1319
1119
1415
1588
1187
871
1026
924
87
-757
-990
-1327
-2319
-3129
-3141
-2975
-3192
-3370
-2797
-1751
-1208
-1011
-254
856
1382
1309
1449
1881
1891
1451
1239
1312
1353
1260
1183
1365
1821
2187
2208
2244
2580
2814
2451
1830
1607
1403
581
-337
-707
-795
-1172
-1621
-1509
-1012
-829
-928
-705
-177
-7
-415
-649
-409
-537
-1176
-1522
-1350
-1295
-1586
-1653
-1266
-916
-873
-794
-498
-296
-443
-596
-557
-710
-1156
-1383
-1275
-1382
-1656
-1554
-1138
-926
-896
-609
-32
416
492
486
804
1175
1119
756
615
831
910
680
611
1034
1766
2351
2536
2909
3833
4462
4187
3717
3771
3705
2675
1207
350
-81
-885
-2001
-2570
-2355
-2243
-2565
-2571
-2093
-1847
-2043
-2123
-1986
-2060
-2256
-2156
-1905
-1820
-1567
-930
-235
243
563
1089
1642
1609
1150
927
908
367
-613
-1056
-916
-1078
-1566
-1510
-945
-668
-793
-795
-481
-323
-570
-816
-784
-684
-720
-739
-433
108
585
1073
1739
2385
2879
3470
4010
4117
4066
4294
4379
3780
3002
2698
2298
1195
-36
-731
-1189
-2049
-3143
-3640
-3475
-3539
-4011
-3940
-3044
-2405
-2485
-2286
-1433
-935
-1111
-1152
-718
-434
-617
-632
-162
289
413
530
966
1370
1311
1186
1328
1298
843
326
125
-116
-702
-1137
-1141
-1059
-1131
-1119
-732
-175
81
248
759
1322
1571
1611
1821
2110
2116
2085
2205
2249
2311
2650
2889
2798
2832
3050
2948
2253
1455
942
272
-841
-2078
-2868
-3078
-3367
-3960
-3957
-3146
-2523
-2396
-2065
-1336
-940
-1105
-1279
-1297
-1412
-1684
-1885
-1790
-1475
-1074
-600
22
704
1222
1606
1956
2132
1917
1573
1295
802
74
-547
-913
-1318
-1767
-1959
-1924
-1876
-1766
-1457
-1105
-770
-349
52
425
812
1148
1377
1515
1607
1653
1706
1719
1591
1562
1871
2149
2044
2071
2531
2729
2369
1977
1906
1663
884
48
-475
-810
-1268
-1809
-1975
-1665
-1439
-1529
-1418
-1075
-953
-1122
-1271
-1351
-1547
-1729
-1725
-1613
-1393
-1013
-457
208
732
1101
1592
1976
1843
1327
912
578
-135
-1113
-1804
-2105
-2398
-2729
-2845
-2513
-1936
-1554
-1170
-493
167
581
919
1261
1446
1532
1646
1600
1417
1325
1371
1409
1277
1180
1382
1786
1967
1834
1949
2389
2395
1798
1375
1328
933
-3
-784
-1003
-1147
-1634
-2009
-1781
-1355
-1315
-1407
-1044
-504
-550
-866
-774
-570
-756
-1105
-1050
-632
-383
-305
114
798
1219
1257
1291
1467
1384
832
228
-131
-538
-1132
-1635
-1820
-1818
-1856
-1814
-1528
-1132
-777
-446
-99
210
405
516
565
499
442
434
291
80
2
52
105
102
146
405
828
1156
1245
1513
2038
2205
1877
1579
1631
1471
765
55
-200
-274
-666
-1238
-1384
-1092
-1036
-1399
-1569
-1240
-1085
-1454
-1716
-1549
-1387
-1515
-1590
-1324
-844
-435
-123
343
936
1378
1512
1519
1517
1212
698
286
-128
-658
-1124
-1346
-1419
-1517
-1468
-1101
-632
-255
60
468
848
952
912
922
880
724
570
542
622
673
756
1049
1440
1699
1853
2219
2709
2736
2488
2526
2622
2193
1433
948
651
63
-772
-1326
-1442
-1594
-2096
-2485
-2260
-1950
-2185
-2441
-2113
-1739
-1929
-2218
-2031
-1696
-1657
-1744
-1504
-924
-499
-344
6
685
1092
1072
1149
1407
1355
912
594
444
112
-334
-610
-677
-694
-752
-659
-291
36
194
492
962
1197
1165
1238
1469
1454
1136
1026
1197
1203
964
912
1207
1428
1252
1111
1398
1574
1177
752
732
644
95
-518
-736
-823
-1219
-1636
-1660
-1453
-1466
-1693
-1619
-1331
-1361
-1635
-1691
-1548
-1677
-2002
-2006
-1769
-1641
-1552
-1253
-740
-297
-11
310
727
1007
968
913
983
839
450
155
56
-113
-369
-410
-219
-73
-18
111
374
630
738
831
1046
1201
1148
1134
1273
1269
1045
956
1067
1027
764
606
698
716
455
235
390
640
523
260
413
776
708
340
296
531
366
-210
-584
-634
-840
-1404
-1826
-1742
-1577
-1753
-1896
-1611
-1277
-1294
-1353
-1140
-888
-892
-968
-852
-594
-425
-313
15
538
908
1112
1480
1910
2002
1821
1765
1722
1344
786
433
239
-41
-372
-460
-258
-91
-44
118
458
643
541
513
636
541
234
71
78
-16
-283
-367
-171
-27
-66
-2
377
669
527
391
583
661
276
-195
-284
-343
-851
-1370
-1470
-1421
-1585
-1869
-1828
-1516
-1439
-1580
-1488
-1128
-919
-1015
-986
-683
-476
-448
-299
64
404
594
807
1173
1526
1694
1800
1982
2081
1917
1692
1575
1327
832
362
84
-205
-652
-1017
-1096
-1044
-1113
-1161
-910
-538
-325
-175
186
633
791
767
847
927
719
279
-44
-223
-516
-914
-1057
-837
-644
-639
-410
161
547
536
524
707
665
184
-338
-597
-813
-1240
-1627
-1553
-1230
-1104
-1035
-624
-29
263
290
458
728
690
396
249
330
362
297
403
799
1190
1395
1641
1998
2195
2040
1755
1493
1041
349
-303
-768
-1128
-1484
-1640
-1467
-1186
-917
-561
-57
391
572
688
841
725
322
-84
-400
-764
-1229
-1510
-1454
-1302
-1168
-873
-247
439
843
1149
1656
2031
1879
1461
1187
907
254
-519
-976
-1182
-1482
-1871
-1885
-1472
-1150
-1025
-757
-231
143
85
-6
131
214
33
-159
-28
267
394
473
769
1226
1508
1550
1588
1644
1481
1046
569
137
-362
-934
-1434
-1750
-1925
-2026
-1988
-1764
-1419
-999
-539
-98
259
492
636
624
480
297
9
-342
-630
-811
-861
-830
-717
-422
31
489
808
1074
1408
1596
1477
1226
1037
830
390
-140
-404
-492
-683
-883
-850
-603
-464
-510
-448
-230
-115
-222
-339
-226
-83
-128
-140
75
410
629
801
1145
1515
1689
1762
1854
1851
1635
1304
997
683
293
-105
-397
-596
-783
-886
-827
-712
-629
-510
-316
-140
-113
-185
-228
-311
-534
-803
-978
-1123
-1324
-1499
-1491
-1332
-1172
-928
-476
48
425
731
1082
1340
1339
1145
961
758
324
-215
-588
-826
-1113
-1403
-1441
-1238
-1082
-978
-715
-297
29
125
213
388
486
438
399
516
677
782
930
1203
1493
1681
1807
1935
1934
1737
1457
1144
747
252
-218
-578
-925
-1282
-1491
-1452
-1324
-1213
-1020
-679
-359
-207
-133
-41
-8
-168
-402
-519
-593
-749
-858
-751
-516
-317
-93
330
811
1074
1186
1350
1469
1297
899
564
300
-140
-669
-939
-980
-1063
-1201
-1125
-801
-568
-505
-388
-160
-37
-137
-228
-192
-182
-259
-257
-61
176
353
574
894
1159
1255
1276
1305
1196
870
482
172
-166
-668
-1110
-1313
-1413
-1541
-1587
-1412
-1150
-969
-763
-439
-154
-36
4
89
150
100
52
125
231
277
396
687
989
1167
1342
1615
1777
1673
1470
1343
1162
732
233
-77
-287
-640
-1014
-1104
-972
-922
-921
-722
-383
-155
-116
-18
201
252
92
-5
67
95
-15
-25
169
325
345
416
597
724
646
496
406
262
-40
-370
-599
-791
-1066
-1319
-1345
-1276
-1245
-1159
-941
-701
-567
-448
-250
-74
-11
12
91
181
194
188
291
468
590
694
894
1144
1283
1352
1473
1576
1527
1330
1157
1020
751
375
93
-114
-358
-653
-851
-883
-916
-1025
-1059
-949
-866
-923
-994
-934
-880
-950
-999
-906
-756
-649
-518
-286
-9
215
404
598
742
777
694
546
369
110
-220
-514
-768
-1001
-1153
-1197
-1143
-1034
-857
-580
-257
26
279
546
784
935
988
1012
1044
1018
943
943
998
1035
1067
1138
1277
1405
1440
1450
1483
1431
1254
1017
753
437
54
-313
-591
-831
-1066
-1230
-1273
-1235
-1196
-1150
-1031
-874
-766
-705
-629
-564
-577
-601
-607
-575
-552
-541
-436
-263
-114
-34
55
163
186
119
36
-51
-200
-432
-649
-758
-797
-849
-843
-707
-520
-327
-143
86
318
440
504
575
589
551
513
479
480
483
498
597
738
870
1004
1183
1339
1373
1317
1278
1214
1018
754
529
340
93
-202
-412
-511
-601
-701
-716
-615
-527
-512
-492
-442
-411
-471
-567
-607
-633
-711
-762
-718
-642
-559
-446
-285
-124
-15
69
147
181
154
95
21
-54
-153
-271
-353
-378
-359
-309
-209
-54
82
209
365
491
576
634
670
654
583
498
420
372
345
317
315
355
397
427
459
488
477
416
323
208
58
-128
-327
-505
-651
-777
-865
-900
-877
-826
-754
-649
-541
-470
-431
-420
-433
-483
-569
-644
-683
-683
-631
-514
-333
-121
100
342
590
786
919
997
1002
938
812
641
466
298
125
-14
-81
-67
-11
67
189
339
470
551
601
643
630
530
411
322
229
117
22
-21
-38
-47
5
116
224
300
368
429
431
371
272
154
0
-184
-362
-531
-684
-837
-961
-1016
-1050
-1065
-1062
-1046
-1012
-975
-957
-940
-899
-821
-719
-612
-479
-304
-94
110
310
516
697
819
880
898
866
756
613
474
328
198
84
2
-7
31
108
219
322
428
544
633
681
679
624
540
428
300
199
105
50
40
71
154
268
407
549
650
702
734
721
625
447
224
-12
-307
-630
-912
-1129
-1292
-1400
-1434
-1413
-1330
-1207
-1074
-920
-770
-643
-540
-470
-423
-393
-364
-308
-224
-121
27
211
395
545
658
771
844
829
741
619
467
263
26
-185
-324
-423
-495
-497
-442
-360
-245
-121
7
112
186
233
254
253
252
250
251
285
352
450
575
708
842
962
1049
1105
1095
1033
913
723
502
263
-4
-253
-469
-649
-758
-809
-808
-747
-647
-529
-406
-295
-205
-175
-197
-230
-260
-303
-348
-375
-344
-267
-171
-52
80
216
347
421
431
400
310
159
-13
-196
-380
-544
-677
-756
-806
-805
-744
-655
-552
-421
-271
-120
23
139
227
302
357
408
463
509
577
658
732
793
837
886
910
877
810
715
581
414
214
34
-132
-318
-472
-577
-661
-709
-728
-716
-685
-666
-658
-662
-685
-698
-697
-683
-614
-530
-430
-291
-133
51
217
370
515
621
692
725
721
681
596
484
343
154
-31
-185
-311
-391
-435
-434
-385
-312
-208
-69
58
163
255
345
443
526
586
626
667
698
710
713
704
697
690
652
593
505
387
249
100
-59
-235
-415
-569
-702
-825
-907
-924
-892
-831
-749
-635
-530
-448
-376
-325
-286
-272
-258
-213
-174
-135
-92
-44
29
97
139
174
201
202
158
97
13
-109
-252
-398
-528
-629
-703
-718
-683
-632
-542
-399
-221
-37
123
269
411
530
625
695
754
794
797
765
737
720
709
695
681
678
652
606
562
502
431
339
232
132
33
-62
-137
-211
-265
-305
-338
-345
-348
-353
-357
-359
-349
-344
-355
-354
-343
-346
-344
-345
-332
-295
-271
-229
-162
-97
-36
0
32
55
37
28
13
-19
-46
-76
-73
-63
-52
3
71
131
196
263
335
393
416
416
423
415
390
365
329
291
246
193
131
57
-18
-72
-122
-179
-218
-250
-271
-298
-323
-334
-339
-342
-355
-371
-385
-398
-408
-404
-400
-386
-346
-318
-315
-313
-308
-284
-242
-194
-139
-89
-38
21
64
81
99
94
87
84
88
104
106
108
126
160
195
230
265
316
366
398
436
482
524
551
570
578
585
580
559
542
510
461
407
336
271
222
180
133
89
41
-14
-67
-113
-152
-181
-224
-266
-285
-300
-304
-311
-324
-325
-343
-370
-398
-425
-451
-485
-509
-518
-515
-509
-490
-463
-425
-380
-329
-262
-183
-122
-63
-13
23
41
39
50
62
54
42
42
45
53
64
94
142
179
210
251
304
349
370
384
409
433
464
488
498
484
447
405
359
312
253
192
123
68
32
-12
-48
-74
-100
-124
-145
-166
-181
-207
-239
-273
-298
-322
-359
-381
-410
-454
-488
-498
-495
-484
-459
-414
-359
-294
-227
-149
-55
9
57
104
140
177
193
193
197
209
217
228
251
269
281
284
282
274
284
291
287
300
297
279
262
239
216
184
155
128
90
50
6
-24
-36
-45
-46
-41
-25
-12
-3
17
23
15
2
-19
-43
-77
-113
-140
-161
-182
-207
-235
-237
-217
-202
-190
-181
-180
-176
-184
-192
-204
-233
-249
-260
-263
-256
-247
-235
-213
-194
-168
-135
-96
-52
-17
7
40
80
123
170
210
258
303
352
395
429
451
459
445
409
366
302
241
190
146
108
76
43
21
9
0
-7
-13
-11
-15
-33
-66
-110
-154
-185
-207
-218
-229
-234
-227
-220
-211
-198
-173
-142
-116
-110
-108
-80
-50
-45
-48
-45
-43
-34
-10
20
47
69
80
90
109
112
94
79
51
30
20
12
19
34
58
89
111
115
117
133
141
145
136
125
128
117
100
82
61
42
15
-3
-9
-20
-36
-45
-43
-40
-44
-50
-63
-99
-137
-168
-197
-223
-247
-263
-262
-260
-246
-210
-170
-134
-112
-100
-73
-50
-39
-25
-14
-12
-15
-7
-1
6
16
29
52
83
116
141
157
179
192
181
164
153
144
136
137
149
156
167
179
189
197
190
178
161
134
99
63
27
-6
-26
-50
-65
-64
-60
-50
-41
-36
-40
-43
-56
-76
-93
-115
-129
-139
-140
-136
-133
-116
-92
-77
-48
-5
17
14
2
-15
-41
-70
-96
-127
-151
-170
-188
-198
-196
-187
-177
-160
-133
-103
-76
-45
-8
34
78
114
133
147
166
169
162
166
166
167
180
198
223
252
276
292
291
279
260
232
208
178
139
98
46
-2
-48
-90
-115
-123
-128
-133
-129
-119
-110
-105
-100
-106
-118
-134
-153
-182
-206
-217
-217
-201
-178
-146
-107
-65
-29
-3
15
18
8
-4
-22
-53
-85
-113
-127
-138
-142
-141
-125
-84
-38
1
36
70
93
109
127
140
137
130
122
110
103
106
110
115
129
143
157
167
173
171
149
119
100
87
54
14
-19
-44
-62
-82
-99
-106
-105
-100
-81
-61
-50
-43
-42
-34
-26
-36
-43
-40
-33
-31
-26
-17
-18
-15
-19
-23
-26
-37
-50
-63
-78
-82
-78
-74
-67
-70
-59
-34
-9
15
43
66
83
102
113
129
142
144
143
139
132
118
102
89
84
95
103
102
93
77
59
37
28
14
0
-21
-48
-61
-68
-91
-109
-117
-121
-116
-122
-120
-111
-108
-114
-114
-102
-87
-82
-80
-68
-59
-59
-62
-58
-41
-32
-45
-61
-71
-77
-76
-67
-54
-42
-30
-30
-34
-26
-17
-1
25
49
79
103
127
150
173
191
202
208
208
201
182
150
121
101
92
67
37
25
22
10
-8
-14
-22
-33
-47
-62
-71
-81
-87
-92
-93
-95
-102
-117
-126
-123
-117
-115
-106
-95
-82
-61
-47
-27
-7
17
38
57
64
63
48
31
15
1
-1
-5
7
11
11
8
-8
-21
-24
-28
-31
-24
-21
-10
8
25
43
64
78
85
87
92
90
76
77
81
90
95
96
93
89
76
64
62
59
62
57
51
50
54
51
39
22
3
-11
-31
-43
-44
-43
-51
-58
-54
-52
-61
-75
-88
-102
-112
-126
-123
-107
-103
-104
-98
-94
-99
-103
-102
-97
-94
-105
-112
-109
-95
-67
-44
-34
-27
-27
-26
-12
4
24
35
46
57
58
65
84
108
128
144
152
158
160
156
150
148
148
132
112
100
79
52
26
1
-14
-21
-30
-45
-50
-51
-45
-36
-34
-43
-57
-69
-82
-80
-75
-69
-69
-71
-77
-78
-57
-37
-24
-16
3
24
28
23
26
28
24
17
9
10
2
-8
-17
-22
-21
-15
-15
-24
-35
-45
-42
-38
-37
-26
-11
-4
4
10
21
32
43
60
59
41
30
29
33
41
32
23
17
4
1
0
-3
-1
3
12
14
12
17
13
-1
-16
-26
-22
-17
-20
-26
-14
2
11
14
18
18
23
22
27
33
30
25
20
15
9
2
3
4
2
10
18
16
15
18
19
27
23
13
-6
-23
-16
-3
4
11
13
11
20
24
24
23
19
18
14
9
2
-7
-7
-10
-28
-39
-49
-53
-54
-52
-43
-38
-26
-23
-23
-17
-32
-64
-79
-71
-60
-61
-56
-34
-13
-3
-10
-9
-12
-25
-34
-30
-21
-18
-12
-1
13
18
6
8
23
39
43
43
53
59
61
55
47
46
41
30
11
0
-8
-6
-3
8
12
7
15
17
17
18
15
10
7
-4
-4
0
-6
-9
0
12
12
4
-1
-3
-7
-6
-9
-12
-16
-19
-21
-24
-27
-36
-34
-31
-25
-13
-9
-17
-9
7
24
37
35
36
28
15
14
11
6
15
18
28
46
52
54
44
39
31
23
21
13
-3
-16
-20
-7
0
-4
0
-6
-7
9
27
34
38
41
39
39
27
20
12
12
10
-2
-10
-10
-4
-23
-52
-57
-57
-70
-77
-78
-78
-76
-76
-68
-62
-55
-43
-31
-19
-10
-1
8
10
2
-4
-10
-16
-23
-18
-10
-5
-5
-9
-11
-9
3
8
13
19
31
39
37
38
34
35
38
28
31
52
50
35
33
31
25
20
17
26
30
22
12
6
4
-5
-20
-33
-34
-30
-26
-27
-33
-37
-32
-23
-20
-24
-34
-31
-24
-21
-21
-30
-23
-12
-8
-7
7
23
25
28
42
57
43
17
7
9
12
-4
-11
-5
-2
8
11
10
17
20
16
5
0
8
17
15
1
-3
-2
-17
-18
-7
1
0
-3
-7
-3
12
21
24
