22
21
18
24
33
36
41
41
47
51
60
66
67
71
59
42
24
7
-4
-1
3
5
1
-6
-6
-4
-3
-7
-21
-35
-27
-14
0
9
-1
0
5
5
8
7
1
3
-4
-19
-20
-20
-17
-12
-6
-6
-11
-12
-12
-16
-17
-8
6
24
36
41
45
39
31
30
31
32
30
37
38
29
19
8
-5
-25
-44
-56
-63
-65
-62
-63
-66
-57
-44
-38
-33
-33
-31
-30
-22
-10
-3
-4
0
7
14
20
37
45
38
36
33
27
9
-13
-24
-29
-33
-37
-44
-49
-40
-27
-21
-27
-31
-24
-14
-2
7
7
-2
1
12
9
7
5
-8
-16
-12
-9
-6
-8
-7
3
2
3
1
5
10
14
16
6
2
0
5
5
-1
-2
-1
8
17
13
14
13
1
-10
-12
-11
-12
-10
-4
3
10
7
5
8
6
13
18
23
37
35
33
26
12
6
0
-5
-11
-20
-24
-12
-2
7
17
19
24
33
32
22
18
17
19
25
25
26
20
22
30
25
15
7
-1
-1
13
30
44
45
34
18
11
2
-7
-5
2
15
26
28
27
21
5
-11
-17
-22
-26
-30
-29
-34
-41
-45
-43
-44
-53
-61
-58
-44
-20
4
10
-4
-17
-27
-31
-32
-24
-17
-20
-20
-9
7
10
11
2
-7
-19
-32
-27
-11
-4
-4
2
9
11
16
23
18
9
7
12
10
14
16
13
4
-8
-11
-18
-23
-26
-23
-24
-23
-9
-8
-15
-24
-18
-3
8
11
16
16
6
9
16
22
27
31
32
18
9
2
7
18
17
13
4
-9
-7
0
11
18
8
4
4
-1
-21
-35
-42
-46
-38
-31
-33
-21
-11
1
13
19
19
8
-1
-11
-13
-6
-9
-12
-8
-4
-6
-6
0
2
-4
0
6
-3
-6
-2
-1
0
2
11
21
28
46
48
53
56
50
40
34
36
28
24
15
16
28
28
14
1
4
10
17
25
24
23
37
46
57
66
60
48
33
15
5
-9
-16
-7
-6
-9
-20
-32
-40
-45
-38
-29
-36
-41
-37
-46
-65
-64
-54
-39
-18
4
19
25
20
2
-13
-23
-17
-12
-9
-12
-22
-37
-48
-57
-52
-41
-38
-37
-32
-35
-32
-34
-42
-29
-17
-13
-9
-8
-5
7
11
18
35
44
49
42
39
32
21
13
12
3
-10
-13
-9
-9
4
13
8
4
-7
1
1
-7
-16
-36
-46
-47
-48
-38
-20
-12
-16
-27
-28
-32
-38
-32
-22
-20
-13
-5
5
17
22
36
50
56
54
51
54
64
73
78
77
80
77
78
70
56
48
29
16
4
-8
-12
-1
16
20
22
12
1
-14
-28
-25
-2
12
17
28
28
28
18
7
3
-5
-19
-30
-26
-19
-12
-13
-23
-27
-30
-34
-31
-19
-5
-3
-1
0
4
8
9
13
20
17
-2
-9
0
19
29
21
4
-3
-14
-35
-50
-59
-54
-40
-37
-28
-26
-28
-28
-32
-32
-29
-22
-24
-24
-25
-27
-16
-8
-5
-16
-27
-21
-12
6
21
22
12
4
0
-1
-1
8
20
14
-4
-14
-12
-12
-17
-17
-12
-3
0
2
8
1
-4
-7
2
11
0
2
18
20
25
44
58
69
70
63
55
50
40
10
-3
-1
-3
-16
-23
-21
-23
-17
-19
-28
-37
-47
-43
-35
-29
-26
-30
-23
-10
10
25
21
4
-6
-6
-8
-14
-19
-5
7
4
0
-8
-5
-3
-6
7
6
4
10
14
24
34
35
29
37
40
46
60
58
57
51
53
59
59
57
49
39
32
18
12
8
7
19
35
42
31
21
16
-6
-29
-39
-49
-43
-43
-49
-60
-63
-64
-66
-50
-36
-25
-29
-33
-41
-55
-51
-42
-25
-5
0
-3
-16
-20
-17
-22
-20
-28
-29
-30
-35
-47
-38
-24
-37
-39
-33
-35
-34
-25
-6
8
8
1
-5
-7
-1
16
33
47
38
35
41
51
69
73
60
43
35
30
14
3
9
22
25
15
10
6
-3
-2
12
17
10
-3
-11
-8
-3
7
25
38
36
34
24
8
11
14
23
26
23
11
-3
-7
-14
-17
-27
-42
-60
-66
-55
-48
-32
-24
-19
-12
-15
-33
-42
-17
15
24
22
16
15
16
20
27
30
25
12
9
1
-5
-10
-7
-8
-16
-21
-38
-40
-25
-17
-22
-31
-32
-33
-20
-6
-18
-21
-11
-9
-3
13
19
32
50
55
57
58
41
22
22
17
19
30
37
36
49
48
38
42
43
38
36
17
2
5
-4
-23
-31
-41
-39
-33
-27
-14
-11
-13
-30
-31
-18
-3
16
16
8
9
-2
-7
-1
7
11
6
2
1
19
35
12
1
-11
-32
-26
-18
-10
1
-3
-33
-55
-72
-95
-80
-56
-61
-53
-48
-60
-59
-49
-44
-44
-27
-7
13
29
19
3
0
-13
-12
8
21
41
45
19
7
23
35
15
-3
-20
-13
14
21
22
42
44
36
65
115
111
78
60
30
59
95
96
111
90
38
17
24
19
-11
-70
-89
-31
6
6
12
-32
-48
-42
-103
-115
-78
-29
9
-56
-134
-121
-51
24
53
32
-10
13
40
12
59
108
71
53
64
67
51
37
5
-30
-37
-28
-44
-65
-61
-39
70
209
205
131
68
-15
-65
-122
-151
-62
63
122
109
51
52
67
33
22
35
1
-62
-93
-146
-148
-31
16
-2
12
-38
-52
-103
-254
-287
-259
-166
2
24
19
10
-92
-169
-235
-230
-218
-237
-178
-37
174
208
82
99
146
172
174
98
95
90
42
36
53
87
155
164
177
232
146
-6
-73
-100
5
35
-56
-16
68
143
127
87
28
-105
-5
71
-32
15
33
17
123
188
128
3
-80
-142
-232
-115
75
113
243
322
186
134
48
-132
-147
-79
-99
-83
-46
-125
-159
-170
-141
-1
-1
-120
-244
-298
-295
-285
-189
-132
-167
-230
-341
-431
-463
-351
-73
217
328
180
65
21
-22
128
270
207
109
46
-40
-78
-34
-1
90
111
-24
88
136
-91
-58
38
84
293
318
210
165
31
-50
68
246
257
157
29
-227
-287
-119
-129
-129
-23
90
172
142
122
128
155
242
264
250
153
-63
2
315
515
528
349
39
-120
14
239
315
171
-50
-141
18
163
220
342
343
388
638
496
-119
-546
-586
-351
-155
-286
-385
-376
-364
-451
-666
-938
-941
-499
-133
85
-31
-429
-446
-204
-235
-450
-784
-1070
-756
-140
573
1476
1540
682
-66
-284
-167
51
245
125
-54
-374
-1230
-1482
-714
10
668
1027
491
-263
-604
-411
336
1288
1547
1172
765
105
-534
-741
-646
-904
-1234
-1381
-1835
-1661
-962
-333
446
1068
1373
1016
541
239
-87
521
1505
3160
5584
3556
-1859
-3702
-2826
-782
2190
3052
1583
-153
-2193
-4089
-3306
-563
1924
3500
2910
-352
-3425
-3769
-1684
2151
4326
3115
426
-2846
-3716
-1347
620
1538
1743
859
-394
-2198
-3489
-2988
-1772
398
2698
2169
-63
-2657
-3783
-1986
-588
293
333
-640
-1032
-170
4882
8220
5555
3125
1614
-40
-508
-387
870
3332
3166
9
-3108
-5071
-3884
-551
2536
3450
324
-3094
-4201
-2659
1160
3300
3650
2292
-885
-1882
-2201
-1989
273
1501
1993
1195
-1194
-2690
-3168
-1984
600
1231
-222
-1718
-2263
-997
-329
-775
-1348
-1707
-107
382
-355
-260
-791
-1259
-1802
-3852
-2561
5415
9621
6737
3187
-667
-2612
-245
2343
2753
3793
2177
-3202
-5593
-5457
-3898
243
3420
2304
-1264
-4572
-5776
-2950
1176
3688
4618
2999
330
-137
-282
-140
1367
1532
1307
482
-2090
-3846
-3903
-2380
25
1030
63
-1573
-2562
-1943
-1329
-1021
-206
490
1288
954
540
613
641
1180
247
-2112
-4714
-7137
-2600
13570
20280
7976
-731
-3720
-5241
1023
5134
3685
5556
3367
-6450
-10570
-9128
-6173
2018
9132
5865
-3331
-9536
-11098
-3825
7696
11012
9037
3590
-3724
-2952
-298
-124
3291
3534
1403
332
-4639
-8612
-7852
-3872
2745
5227
1857
-2379
-6970
-6419
-1150
1444
3830
5580
4883
2537
-289
-1306
-1716
-773
-287
-3685
-8517
-12771
-213
22836
18035
3911
3084
-4138
-4388
5960
4535
5107
11900
1533
-11571
-12031
-11629
-5489
7122
10827
613
-9311
-13416
-12070
1800
11579
11194
9773
487
-4816
-1105
-2789
-706
4281
2201
2081
-1358
-8760
-10507
-9162
-2761
2715
1050
-206
-3913
-7294
-2817
214
3028
7831
7308
4464
318
-2670
-3843
-4936
-3194
-4141
-9084
-7945
9240
20654
8548
-300
-34
-1855
1627
6220
3111
5059
8815
-2273
-10400
-9383
-8615
-577
9319
7199
-3455
-10183
-12155
-6507
6569
11274
9969
7266
-802
-1971
997
236
2342
3421
2928
1314
-4269
-8052
-9209
-7080
-1476
-617
-3290
-2603
-2776
-1523
2223
2745
3780
4268
3140
664
-2201
-1235
-3184
-857
15834
17776
1230
-5475
-8261
-8205
742
3987
2298
4661
2792
-5975
-9680
-5629
1654
8670
12884
6780
-7209
-12021
-9833
-1816
9156
8640
3286
-3162
-9383
-5750
-1229
1147
6035
5105
1999
352
-3662
-3111
100
2392
4030
-1169
-7437
-10026
-10584
-5251
-99
1984
4189
1979
-1369
-2101
-1309
3250
5024
8909
21580
17326
-391
-6815
-8731
-5481
3229
5173
1992
-371
-5289
-12170
-11164
-2288
5247
9419
10590
1868
-8332
-7609
-4014
3161
10856
7474
1886
-3132
-8732
-5895
-733
1909
4781
2964
-1712
-4597
-4246
-1530
-1140
-400
-677
-5432
-6419
-4965
-5415
-3141
-1173
-1617
-1139
-1408
-1993
214
3028
4474
3484
9223
19321
12527
370
-3096
-5090
-1918
2667
1121
-612
-445
-4415
-8586
-5968
-277
3820
6385
6797
-471
-7435
-6028
-3079
2741
8043
4474
-1723
-5222
-4730
44
3513
4773
4310
2027
999
-644
-1044
515
-1217
-1671
-1664
-5971
-7145
-6612
-7743
-5335
-2053
-689
203
0
-1041
317
4824
6562
8825
18819
19070
4884
-3164
-5909
-7036
-1688
633
-2128
-2047
-4293
-9527
-9545
-4456
3283
9106
10117
5550
-3646
-7300
-4391
892
7007
6969
1614
-5121
-10212
-7438
-1533
2790
7198
6422
2678
1159
-950
-353
2354
2737
2260
-1330
-5990
-7825
-8612
-7002
-4435
-2850
-2066
-2489
-2105
-965
2032
6706
10705
17042
19895
10131
-1057
-4128
-3667
704
4116
494
-3125
-6146
-10636
-11497
-7388
404
7109
8536
5087
-2582
-6708
-2358
4075
8987
8438
1525
-5874
-10576
-8720
-2429
1376
3176
3571
1394
-1269
-2517
-1335
1882
3240
2550
-146
-5353
-7467
-7283
-7198
-5750
-5120
-4922
-4034
-2651
-1431
-313
1643
1776
1259
10972
24465
20076
6167
-947
-4730
-4584
-827
-906
-2189
-642
-3525
-10095
-10108
-4271
1834
7825
11354
5553
-3707
-5157
-2752
1439
7165
7469
2673
-3483
-6563
-4419
-1934
1365
4275
2655
600
52
-569
-480
-242
281
988
-1837
-5587
-7504
-10187
-9718
-5959
-3257
-1266
-389
-1181
-1269
156
2123
2653
7446
24735
30736
13665
-996
-8291
-10329
-4306
-284
-1169
-1140
-3082
-9921
-13429
-8359
81
7413
14892
13445
35
-7619
-7964
-3432
8079
11978
5756
-2467
-10329
-9922
-3589
1689
5689
4699
2366
1740
-104
-721
-314
1363
4411
1636
-5501
-10817
-14542
-12234
-5306
-986
365
-110
-509
-57
885
3429
3503
3195
19612
32567
15214
-2796
-9049
-13471
-7089
958
-201
-946
-1501
-9624
-14727
-9940
-1599
7121
14941
16127
2457
-10086
-9937
-5304
7053
15016
7984
-1927
-10981
-12786
-6153
-548
4681
5880
2381
1425
-1240
-3425
-1089
407
2835
2353
-4639
-9446
-12537
-12034
-5185
-1441
-1003
-867
-608
1571
3253
5097
5243
2831
16515
32595
17939
-1335
-7524
-13691
-9509
-1078
-2260
-2314
-689
-7872
-13802
-10297
-2931
6100
14406
17030
4942
-8522
-9496
-6367
5264
14181
7676
-388
-8467
-11126
-3448
1116
3197
4701
1653
623
338
-1585
-1155
-400
994
599
-5330
-9504
-11649
-11641
-5205
-955
-533
-21
-297
898
2440
4703
5619
3109
15708
32181
18868
-399
-7009
-14071
-9853
293
-209
-570
-63
-8316
-14326
-10516
-2603
6902
14507
16229
4707
-9384
-11349
-7944
3930
15103
9812
648
-7465
-11060
-2861
4158
5665
6384
3887
1467
98
-2110
-2700
-2054
103
279
-5613
-9613
-11803
-12725
-6257
-688
1157
3138
3343
3750
5129
6746
6053
3401
14741
28944
16217
-2515
-10060
-16923
-12577
-1843
-81
238
346
-6897
-12210
-8491
-804
7527
14059
15367
3266
-11101
-13065
-10261
892
12048
7145
-1830
-8836
-11273
-3096
4848
6684
6864
5159
3217
1892
-117
-1483
-2406
-1998
-2921
-9181
-13506
-14717
-14440
-8346
-1953
801
3297
4737
5074
6879
9538
8676
7261
19722
29225
12298
-5042
-12214
-19108
-13211
-2667
-1890
-1667
-2004
-8939
-11257
-4266
4585
12469
17382
16118
3339
-9421
-10342
-7196
2209
10593
4234
-6046
-12583
-12681
-3518
5180
7644
7206
5855
4975
4069
2211
915
-9
-186
-2207
-9382
-14753
-16930
-17113
-11155
-4665
-1384
2315
4059
3895
7161
11457
10894
13345
27693
30292
10166
-4788
-12546
-18347
-10674
-2746
-3660
-3206
-6341
-14073
-13024
-3726
7076
15694
19476
15864
1657
-8794
-7544
-2857
6865
11794
3000
-7760
-15185
-14395
-4177
3989
7358
7094
4152
3074
3098
2551
2388
2077
1959
-1661
-9730
-14566
-16892
-16094
-9447
-4025
-1148
1313
1144
1440
6176
10815
10757
17014
31095
26118
5872
-4491
-12414
-15662
-6390
-2151
-3967
-3899
-10143
-17206
-13421
-3325
6939
13671
15832
9140
-4744
-9286
-5663
82
10022
10794
327
-9356
-15155
-11766
-2113
4237
7166
6087
2319
861
858
1016
1849
1989
1466
-2970
-9903
-13558
-15648
-13120
-6509
-2243
645
2256
1567
2013
6880
9807
10250
22475
32581
18543
1270
-6522
-14112
-11809
-2944
-2067
-2237
-3474
-12001
-16634
-10594
730
10405
15261
15244
3791
-9556
-9574
-4401
3712
11952
8461
-1804
-11248
-14066
-7650
53
5857
8585
5915
2005
398
-279
694
2165
1989
854
-4896
-11278
-13902
-14814
-10808
-4354
118
2777
2982
1589
3333
8438
9556
13303
27135
27827
9579
-3116
-10246
-14794
-7915
-1801
-2794
-2269
-5850
-13436
-13519
-5559
5597
13328
15822
11932
-2247
-11584
-8321
-2371
6050
10040
3400
-6556
-14075
-12321
-2982
4340
8915
10026
5680
2261
1245
333
1709
2476
1205
-2178
-9362
-14658
-15992
-14273
-8652
-2884
661
2330
2088
2116
5969
9820
11288
21638
31865
19663
1254
-7592
-14674
-13115
-4337
-3068
-4219
-4460
-10360
-14108
-9179
1247
12122
16993
16279
6593
-7689
-10613
-5835
1046
8141
5769
-3195
-11963
-16007
-9463
-21
5348
9225
8688
4476
3236
2637
2202
3499
2305
-781
-6234
-13182
-16497
-16242
-12827
-7631
-2993
244
1541
2015
4185
8848
10892
15911
29398
28174
9014
-3789
-11049
-14642
-8360
-4196
-5972
-6052
-8646
-13273
-12045
-4430
7344
15800
17811
13703
-27
-9099
-6369
-1295
6172
8203
826
-7587
-15068
-14543
-5172
2117
6722
9387
6602
3790
3797
3087
3592
4331
2834
-1469
-8747
-14202
-16328
-15264
-10486
-5693
-1613
1565
1824
2359
6648
10199
13032
24713
32571
19107
1828
-7327
-13755
-11290
-4407
-4288
-5725
-7643
-13141
-14656
-8985
1580
13479
18819
16638
6847
-5484
-7240
-1893
4586
9405
4997
-3807
-11406
-15285
-10022
-1641
3506
7648
8167
4369
3016
3477
3484
4895
4683
995
-5588
-12727
-16366
-16742
-14107
-9182
-5138
-1868
69
-45
2681
8336
11079
18330
31264
26728
7726
-3512
-10613
-12857
-6274
-3774
-6304
-7819
-12413
-16329
-12654
-3599
7824
15431
16458
10716
-1333
-6795
-3143
2056
8339
7416
-1184
-8379
-13922
-13059
-5303
584
4719
7591
5843
3391
3136
3141
4004
4812
3832
-516
-8235
-13634
-15493
-14914
-11070
-6690
-3280
-444
682
1250
4939
8786
14015
27568
31053
14329
259
-6720
-11216
-6361
-1314
-3194
-5110
-9633
-15830
-15118
-7801
3586
13281
16470
13305
1997
-6408
-4122
496
7086
9533
1685
-6214
-12121
-13969
-7593
-1037
2821
5931
5314
2987
2275
1947
3358
4970
4333
1594
-4946
-11467
-14283
-14204
-11220
-7546
-4417
-1883
-277
669
2860
6694
10831
22499
32587
21510
4531
-4234
-10830
-8888
-2130
-2381
-4031
-7431
-14939
-16552
-11203
-927
11145
16223
15359
6658
-5211
-5470
-810
4708
10697
5461
-4155
-10454
-14513
-10187
-2502
1545
5018
5771
3306
2640
2268
2838
5531
5477
3351
-1663
-8903
-13030
-14179
-12462
-9219
-6164
-3267
-1267
68
1727
5169
8767
18162
31437
26759
9524
-1431
-9539
-10691
-3878
-2349
-3850
-6008
-13672
-17772
-14115
-5549
7681
15614
16093
10285
-2325
-6344
-1129
4118
10714
8683
-1585
-8935
-14267
-12859
-5087
-465
3062
5677
3338
1900
2274
2276
5421
6976
4370
-173
-7295
-12596
-13891
-12688
-10241
-7857
-5171
-3324
-2291
-205
3474
7006
15126
29543
29617
13721
2140
-6564
-10212
-3754
-1128
-3492
-5369
-12787
-19382
-16860
-8602
4210
14260
16385
11914
25
-6159
-1517
4196
11347
11691
1660
-6761
-13347
-14564
-6736
-618
2332
5120
3294
995
1794
2182
5132
8512
7164
2815
-3995
-10123
-12886
-12619
-10306
-8524
-6383
-4160
-3464
-2013
1636
5516
13407
28138
30624
15852
4214
-3784
-8611
-3304
502
-1721
-4131
-11339
-19240
-18685
-11421
1135
12143
15505
12256
1065
-6016
-1557
4349
11487
13615
4273
-4425
-10625
-14144
-8672
-2256
502
3560
2903
-102
-39
415
2895
7077
7695
4601
-2100
-8465
-10971
-11394
-9729
-7696
-6594
-5292
-4454
-4053
-1472
2990
10017
24317
30459
17229
4474
-2594
-7790
-3533
1587
-235
-3038
-9490
-17791
-18671
-12982
-1438
10320
14134
12072
1847
-7761
-4179
3188
10848
14926
6824
-3145
-9538
-13231
-8955
-2473
410
3183
3592
699
-474
-1020
553
5243
6994
5296
-251
-7505
-10526
-10516
-9199
-7059
-5187
-4185
-4034
-3964
-2461
1610
8674
22443
30250
18814
5039
-2483
-7216
-2851
3210
2139
-829
-7862
-17248
-18961
-14163
-3231
9360
13490
11530
2385
-8055
-5743
2479
10814
15769
8259
-2450
-8943
-12720
-8851
-2267
611
3154
3401
486
-556
-971
173
4642
6638
5391
1156
-5813
-9875
-9684
-8148
-6801
-5027
-3719
-4055
-4608
-3403
54
6612
20635
29557
19268
5824
-2047
-7444
-2998
3848
3267
716
-6156
-16243
-19077
-14795
-4114
8616
13459
11609
2087
-8941
-7102
1290
10179
16181
9571
-1163
-7991
-11996
-8473
-2421
44
2176
1928
-1009
-1751
-2013
-1016
3328
5708
4916
1465
-4396
-8184
-8202
-6391
-5303
-4698
-3847
-3829
-4496
-3659
-365
5711
19028
27970
18339
5101
-2543
-7616
-3334
4291
4719
1815
-5241
-15592
-19112
-15063
-4436
8461
13461
11221
1606
-9284
-8034
109
9651
16567
10719
155
-6721
-11129
-7882
-1268
915
2449
2206
-1150
-2343
-2607
-1692
2238
4615
4329
1441
-3763
-7339
-7773
-6411
-4973
-3738
-2754
-2935
-4093
-4252
-2136
3861
17863
26780
17280
4643
-3163
-8361
-4066
3653
5445
3650
-3602
-14351
-19000
-16117
-5966
7338
13758
11731
1414
-9610
-9182
-1394
9218
16836
11565
1332
-6203
-11024
-7597
-443
2259
3425
2654
-1154
-2452
-2595
-2073
2051
4504
3582
1053
-3655
-7137
-6950
-5353
-4210
-3023
-2276
-2774
-4122
-4671
-2813
2954
17601
27826
18406
5310
-2660
-8385
-4134
4084
6382
5414
-1728
-13131
-18374
-16330
-6564
6534
13207
12095
1350
-10486
-10339
-3350
7311
16042
11345
1743
-5535
-11122
-7747
-65
2736
4119
3243
-1109
-2555
-2447
-1964
2021
4553
3242
406
-3460
-6367
-6251
-4687
-4025
-3213
-2598
-2947
-3688
-4052
-3130
1708
15909
25668
16517
4256
-3503
-8983
-4532
3335
5743
5548
-1011
-11942
-17110
-15645
-6338
6272
12422
11769
1754
-10106
-10179
-3506
7072
15644
11165
1900
-5456
-10585
-7501
-217
3296
4720
3481
-1073
-3216
-3160
-2286
1237
3586
2365
-697
-4335
-6626
-5881
-3858
-3300
-2680
-2114
-2344
-2800
-3168
-2658
505
13996
26095
17872
5100
-2097
-8950
-6053
2139
4878
5973
978
-9985
-15841
-15769
-7582
5646
12053
12158
3268
-9780
-11315
-5414
4939
15198
12132
3384
-3891
-10144
-7327
-44
3394
5510
4538
64
-2365
-3051
-2194
1285
3367
2587
-587
-5015
-7410
-6650
-4429
-3431
-2806
-2035
-2328
-2979
-3493
-2982
892
13935
25126
17234
4141
-3218
-9043
-6125
1678
4714
5758
941
-9773
-15699
-15136
-6779
6382
13292
12979
3456
-9327
-10673
-5163
4742
15035
11775
2937
-4022
-10587
-8111
-472
3154
5889
5362
260
-2297
-3042
-2595
1283
3818
3104
181
-4136
-6784
-6148
-3758
-2683
-1960
-813
-1486
-3222
-3691
-2924
568
13754
24634
15990
3124
-4275
-10275
-6637
1559
4478
5264
94
-10233
-15568
-14878
-6721
5883
12388
12173
2950
-9644
-10778
-4952
4810
14664
11505
2661
-4494
-10664
-7731
165
3667
5557
4813
-10
-2795
-3453
-3041
487
3300
2752
-375
-4725
-7280
-6138
-3052
-1844
-1651
-1048
-1480
-2750
-3335
-2981
181
13658
25098
16393
3091
-4548
-10517
-6608
1854
5054
6170
952
-9427
-14697
-14164
-5881
6563
12700
12801
3354
-9571
-10616
-5127
4897
15160
11698
2972
-3994
-10630
-8056
-98
3509
5650
4895
30
-2366
-3208
-2855
1037
3443
2365
-951
-5510
-7882
-6195
-2841
-1464
-1364
-1199
-1859
-3151
-3680
-2801
2110
15525
23521
13614
1329
-6156
-10487
-5297
2326
5309
6109
-258
-10931
-15728
-14047
-4370
8173
13630
11674
573
-10634
-10275
-4145
6792
15503
10650
2090
-5117
-11042
-7416
676
4491
6643
5210
-232
-2803
-3404
-2534
1811
4330
2776
-913
-5560
-8001
-6036
-2447
-885
-715
-1017
-1777
-3301
-3947
-2762
2470
16855
24277
13120
1231
-6480
-11185
-5343
2384
5522
6716
-7
-10880
-15621
-13744
-3422
8913
13811
11522
-926
-12394
-11027
-4787
6836
15953
10423
2039
-5199
-11804
-7928
513
4525
7185
5440
-590
-3724
-4965
-3880
627
3237
2262
-1431
-6341
-8587
-6518
-2854
-340
529
230
-661
-2978
-4505
-3340
3954
19326
23566
10641
-540
-8238
-11610
-4847
2104
5728
6786
-861
-10697
-14985
-12839
-1207
10758
15054
11613
-2160
-12231
-10208
-3956
8175
15386
8855
1513
-5492
-11088
-6494
941
4836
7937
5926
-462
-4078
-5307
-3620
938
3260
1809
-2278
-7076
-8895
-6041
-2161
303
1768
1378
-158
-2394
-3942
-2745
5514
20540
22652
8482
-3046
-10199
-11925
-4478
2171
5212
5282
-2408
-11310
-14636
-11464
297
11343
15153
10595
-3868
-12386
-9341
-2672
9297
14943
7996
820
-6245
-10738
-5420
1858
5799
8435
6007
41
-3793
-5314
-3310
645
2448
1183
-3021
-7742
-9104
-5896
-2088
232
2035
1797
10
-2059
-3448
-2241
6600
20833
21396
7482
-3947
-11064
-11340
-3202
2946
5724
5318
-2836
-11043
-13392
-9821
1663
11767
14531
9218
-4918
-12704
-9577
-2530
9043
13175
6035
-472
-6928
-10346
-4689
1782
5292
7896
5475
86
-3546
-5531
-3644
26
1390
530
-3132
-7628
-8486
-5545
-2387
74
1750
1882
605
-1930
-3100
-1348
8090
21701
20262
6284
-4732
-11889
-11066
-2885
2415
4762
3559
-4432
-11594
-13323
-8684
3010
12251
14881
8420
-6129
-11943
-8274
-1143
10282
12401
4939
-711
-7225
-9713
-3289
2581
6087
8448
5232
56
-3147
-4579
-2259
1027
1705
16
-4075
-8238
-8464
-5052
-1598
1014
2354
2127
486
-2265
-3234
-252
10923
23426
19732
5355
-6099
-12952
-10705
-2435
2750
5240
2719
-5936
-12558
-13950
-7654
5054
13253
14643
6666
-7994
-12605
-8344
-351
11057
12083
4212
-1650
-8000
-9692
-2972
2822
6300
8416
4792
-745
-3917
-5071
-2566
940
1416
-594
-4656
-8922
-8612
-4780
-1490
1697
3097
2511
1014
-2104
-3052
673
11841
24007
19748
4547
-6918
-13553
-11054
-1919
3392
5360
2472
-6613
-12802
-13517
-7092
6263
14682
14984
6267
-8544
-13053
-7839
771
11600
12125
3876
-2658
-8899
-9764
-2694
3076
6504
8445
4551
-1206
-4219
-4793
-1874
1453
1211
-1927
-6534
-10227
-9214
-4914
-1208
1951
2731
1262
-331
-2546
-2798
1843
13847
24279
17849
2734
-8331
-14044
-10061
-1078
3786
5371
1056
-8373
-13612
-13184
-5143
8559
15939
14746
4346
-9785
-12722
-7085
2169
11999
11048
3415
-3226
-9609
-9351
-2337
3429
7571
9023
4783
-842
-3768
-3732
-966
1938
1772
-1673
-6369
-9581
-8552
-4694
-1058
2025
2995
2058
265
-2249
-2580
3154
16756
24860
15550
945
-9915
-14874
-9310
-1086
3183
4980
-140
-9211
-13590
-12523
-3149
9988
16478
14850
2356
-10891
-11736
-6551
3721
12788
8912
1661
-4233
-10092
-8235
-1592
3367
7527
8058
3871
-989
-4271
-3826
-775
1365
990
-2987
-7817
-9929
-8066
-3901
-748
1673
2627
1632
72
-1842
-1643
6095
20445
25158
13816
-309
-10916
-14196
-7568
-190
3957
4752
-1962
-10560
-14216
-12080
-1280
11242
16847
13487
-650
-11733
-10826
-5291
5640
12829
7324
490
-5494
-10668
-7870
-1516
3442
7525
7471
3553
-851
-3662
-2625
130
1663
651
-3690
-8143
-9691
-7187
-3158
-378
2120
2553
934
-647
-2512
-1530
8568
22189
22811
10627
-2846
-12940
-13750
-6378
137
4223
3888
-3919
-11926
-14585
-11066
616
12529
16868
11259
-3092
-11932
-10367
-3777
7596
12259
6064
-210
-6465
-10411
-6509
-648
4028
8002
7349
3192
-1006
-3340
-1666
954
1692
48
-4362
-8355
-9125
-6057
-2239
415
2780
2990
1526
-458
-2323
1106
13448
24157
20175
7323
-5423
-14090
-12519
-5123
325
3777
2077
-6132
-12836
-13711
-8110
4103
14728
16301
7407
-5805
-11214
-8581
-793
9252
10125
3696
-1934
-7788
-9662
-4807
1023
5431
7825
6019
1452
-2405
-3047
-550
1750
1563
-1661
-6442
-9891
-9326
-5083
-1686
940
3318
2667
897
-821
-1850
4869
19034
24969
16464
2976
-9670
-15474
-10708
-3270
1649
3703
-613
-8895
-13707
-12379
-4216
8040
16615
15021
2788
-8836
-10578
-6011
3216
11186
8785
1799
-3823
-8597
-8445
-2918
2975
7180
7937
4413
-745
-4134
-3219
241
2257
997
-3553
-8683
-11177
-8911
-4000
-687
1895
3202
1908
26
-1913
-1057
9001
22875
23567
11326
-1914
-12717
-15015
-7910
-1352
2098
2400
-3773
-11219
-13382
-9995
-436
10763
16440
11910
-1740
-10797
-9383
-3108
6371
10876
5677
-653
-5403
-8489
-6335
-986
4309
7910
7078
3115
-1506
-3897
-1308
2126
2879
525
-4820
-9585
-10392
-6549
-1788
1071
3412
3562
1352
-828
-2379
1176
14586
25484
19447
5613
-6271
-14132
-11929
-4152
610
2572
101
-7425
-13063
-12562
-6044
5245
14513
15641
6599
-6580
-11071
-6607
1220
9103
9085
2116
-3747
-7403
-7953
-3615
2032
5811
7331
4938
54
-3634
-4150
-763
2501
1594
-2076
-6946
-10999
-9949
-4570
-592
2054
3860
2469
381
-1118
-1164
6930
21471
25824
14930
605
-10641
-14302
-8606
-1638
2007
2137
-2874
-10128
-13408
-9848
-778
9644
15938
12571
123
-10321
-10800
-4187
5155
10128
6068
-1368
-6433
-8081
-5783
-321
4686
7044
6552
2999
-1547
-4473
-3795
361
2586
18
-4440
-9243
-11794
-8153
-2646
416
2958
3328
1490
-206
-2037
1504
14732
25219
20570
6908
-6456
-14526
-12638
-4817
1113
3164
334
-6596
-12256
-11815
-4524
5725
14171
15711
6271
-6568
-11655
-8316
783
9370
9086
2119
-4814
-8825
-8282
-3360
2837
6903
7443
4751
259
-3704
-4827
-2157
1741
2022
-1881
-6759
-10908
-10924
-5687
-501
2929
4601
3279
980
-1207
-622
8166
21344
24839
14429
-198
-11375
-14699
-9343
-2006
2079
1857
-3615
-10772
-13520
-9047
1272
11553
16578
12620
112
-10017
-10521
-4100
5507
10463
6053
-1554
-7180
-9079
-5635
1040
6771
8984
7455
3303
-1793
-4755
-3783
66
2756
134
-5163
-9653
-11948
-9008
-3383
965
4188
4106
1766
309
-1047
3358
17224
25774
19241
5968
-7427
-15095
-12459
-5405
39
1945
-1525
-8618
-13738
-12112
-3150
8296
15907
15088
4286
-7923
-11934
-8499
547
9223
8538
1077
-5962
-9755
-8415
-2100
4837
8801
9050
5605
377
-3736
-4658
-1675
2743
2754
-2269
-7792
-12025
-11544
-6018
-1071
3016
5162
3320
1377
-235
160
10061
23693
24418
12538
-1598
-13157
-15745
-9304
-2211
1672
851
-5311
-12320
-14068
-8259
2848
13488
17616
11303
-2355
-11357
-10828
-4451
5424
10530
5720
-2324
-8602
-10635
-6414
1128
7438
10233
8888
4234
-1542
-5302
-4373
172
3330
1234
-4604
-10438
-12992
-9817
-3859
1032
4649
4841
2614
913
-349
5588
20334
26861
18115
4345
-9018
-16250
-12689
-5243
80
1627
-2764
-10464
-15085
-12002
-1883
9804
17920
16401
3705
-8438
-11305
-7411
1632
9788
8308
681
-6629
-11189
-9531
-2705
4738
9891
10487
7417
2126
-3717
-5439
-2271
1678
2443
-1429
-7960
-12932
-12684
-7933
-2097
2963
5446
4344
1927
249
2987
15560
27371
23089
9616
-3642
-14073
-14795
-7809
-1469
1584
-842
-8215
-14588
-14589
-6426
5849
16204
19482
10129
-4394
-10499
-8778
-2013
7177
9486
3546
-4357
-10448
-11187
-6251
731
7203
9982
8458
4798
-1131
-5463
-4010
-116
1980
362
-5098
-11340
-13823
-10983
-5557
-56
4183
5152
3062
235
-249
8329
23833
27691
16124
2018
-10574
-16501
-11829
-4366
595
860
-5319
-13015
-16300
-11592
221
12171
19760
16674
1973
-8797
-9762
-5631
3730
9868
6188
-990
-7900
-11531
-8699
-2591
3942
8608
8831
6776
2746
-2767
-4250
-1278
1719
1892
-1739
-7772
-12197
-11797
-7941
-2885
1912
4434
4176
1902
-25
5000
20010
30006
22567
7818
-5574
-14565
-13669
-6578
-320
2018
-2602
-11299
-16926
-15319
-5442
7381
16986
18668
7259
-6822
-10433
-7146
885
9403
8487
1446
-5453
-11014
-10902
-5308
1248
6964
8724
7078
4306
-828
-3904
-1871
1349
2487
-119
-5606
-10671
-11787
-9160
-5125
-545
2529
3248
2239
74
1356
13420
28122
27286
14168
-64
-11672
-14048
-8446
-1943
2593
714
-7908
-16004
-17679
-10680
1968
13408
19209
12825
-2000
-9543
-8456
-2011
8213
10962
5017
-2532
-9795
-12211
-8196
-1842
4568
8283
7221
4584
812
-3593
-3292
299
2612
1782
-2842
-8873
-12408
-10992
-7273
-2897
1510
2852
1869
269
-1062
4556
20559
30087
21920
7547
-6291
-14846
-12527
-5823
-143
2156
-3038
-12572
-18750
-16867
-6257
7088
16806
17878
5842
-7373
-10043
-6608
2984
11969
9217
1666
-5325
-10888
-9961
-4199
1716
6961
8834
6761
3521
-1179
-3867
-1626
1861
3138
357
-4918
-9755
-11037
-8143
-4516
-86
3338
3518
2511
132
110
11188
26721
28496
16976
2297
-10560
-14386
-9569
-3105
1752
917
-6772
-15590
-18892
-13444
-1334
11197
18392
13517
-742
-9729
-10130
-4038
7294
11668
5881
-1287
-7982
-11782
-8812
-2527
3347
7727
7919
4922
498
-3971
-4175
-770
2552
2848
-1383
-7163
-11073
-10788
-7725
-3553
1368
3622
2965
987
-1380
2133
16404
28944
25857
12862
-1628
-12410
-13107
-6947
-655
2996
178
-9077
-17004
-17477
-9493
3960
15593
18314
8861
-4336
-9790
-7525
1272
11339
11489
4261
-2986
-9391
-11146
-6515
-163
5329
8528
7390
3327
-1564
-4464
-2759
875
2685
540
-4806
-9898
-12022
-10238
-6700
-2424
1541
2408
680
-1499
-2148
5051
21060
29193
21288
7284
-7140
-15107
-11987
-5125
734
2753
-3017
-12644
-18469
-16454
-6048
7488
16990
16563
4629
-6913
-9521
-5487
4834
12280
9182
2133
-5322
-10779
-9949
-4570
1531
6555
8575
6604
2034
-2483
-3717
-1108
2445
3256
-20
-5142
-9558
-10458
-8101
-4981
-320
3266
3040
1186
-845
-873
6779
22434
29845
20552
6023
-7931
-15597
-11556
-4341
555
2400
-3191
-12317
-16950
-15179
-5021
8378
15946
15318
4187
-7833
-9493
-4888
4731
12010
8312
1267
-5576
-10709
-8720
-3430
1111
6204
8516
5655
1189
-3182
-4456
-960
2158
1988
-1514
-6793
-10519
-10387
-7399
-3986
551
3880
3566
1440
-842
-180
7457
21848
29020
19759
4863
-8198
-14911
-10861
-3671
664
1979
-3230
-11767
-16027
-14150
-4485
8022
15510
15650
5042
-7152
-9127
-4597
4486
11288
7982
931
-6407
-11544
-9351
-4052
447
5776
8162
5379
903
-3774
-4461
-848
1952
2369
-1133
-6742
-10591
-10837
-7741
-3652
912
4156
4126
1443
-443
720
5681
19070
29427
21677
6508
-6861
-15777
-13530
-6309
-1393
1482
-1953
-9967
-15291
-15636
-7271
5871
14503
17182
8458
-5523
-9215
-6151
1484
10241
9123
2778
-4155
-10715
-10239
-5077
-86
6172
9668
6868
2297
-2201
-4035
-1297
1443
2123
-439
-5964
-10521
-11620
-8809
-4380
523
4520
4901
2591
597
746
4533
16687
28772
23685
8110
-5691
-15664
-15644
-8186
-2100
1631
-185
-8239
-14883
-16245
-9293
4212
14540
18706
12069
-2390
-8513
-6982
-1149
8300
9418
3646
-2635
-10264
-12196
-7460
-2043
5333
10370
7828
3705
-492
-3694
-1799
587
1293
4
-5077
-9974
-11708
-10116
-5694
-251
4506
6614
4710
1691
1056
3195
13529
27572
25961
11545
-2140
-14039
-17211
-10689
-3981
1174
1422
-5914
-13343
-16193
-11273
2160
13885
19301
15581
1397
-7859
-7976
-3598
6019
9900
5281
-1033
-9316
-13289
-9115
-3120
4096
10074
8340
3804
-57
-4233
-3623
-584
630
27
-4609
-9908
-11865
-10770
-6951
-1527
3528
6332
5350
1904
407
1404
8966
24243
27566
14385
16
-13253
-19304
-13287
-5310
648
2484
-4015
-12451
-16694
-13748
-530
13010
19398
17734
4107
-8120
-9189
-5020
4575
11105
7565
107
-9206
-14379
-10128
-2666
4573
10571
9695
4547
798
-2778
-3069
-8
1261
311
-3760
-9067
-11635
-10640
-7010
-2083
3596
7063
6389
3071
914
1201
5864
20076
28744
18395
3030
-10720
-19749
-15475
-5961
462
3488
-1277
-10637
-16226
-14838
-3318
11366
19449
20070
8134
-7157
-10510
-7184
1516
10759
8737
877
-8029
-14934
-11989
-3629
3980
10478
10755
5408
1073
-2548
-3482
-546
934
519
-2381
-7962
-11720
-11914
-8877
-3590
2443
7030
7619
3987
386
-28
1793
12348
27004
24478
8871
-5856
-18433
-19252
-9225
-1591
2920
1753
-6916
-13923
-15160
-7787
6838
17346
21137
14555
-2160
-10959
-9525
-3137
7750
10351
3651
-4302
-12522
-13382
-6132
1200
8038
11057
7364
3058
-613
-3287
-1920
-516
-459
-1503
-5687
-9830
-11648
-10035
-4949
1193
6724
8819
5967
1386
66
481
5627
20614
26851
14557
-634
-13939
-20333
-13283
-4060
1177
2780
-3477
-11533
-14547
-11246
1095
13390
18852
17843
4556
-8937
-10420
-6601
2324
9055
5211
-2081
-9881
-13367
-8052
-1198
4798
9442
8169
4194
1057
-2059
-2668
-1431
-806
-973
-3506
-7402
-10555
-10329
-6044
-1217
3930
7544
6118
2525
627
618
1622
10311
24052
22425
7555
-5523
-16181
-17269
-8155
-1576
1620
687
-6160
-11145
-11324
-4779
7386
15292
18483
14375
37
-8614
-8146
-4396
4757
8226
2467
-3549
-9622
-10805
-5545
-298
5506
9343
7861
4733
1343
-2276
-3435
-2298
-986
-265
-2626
-7610
-10445
-9385
-5494
528
6140
7476
5008
1568
-347
-224
1317
11913
24522
19174
4561
-7895
-17805
-15657
-6559
-1102
2438
240
-6899
-10844
-10169
-2683
8412
15423
18060
10426
-3988
-9798
-9547
-4509
4928
6270
1443
-4655
-11607
-11168
-5434
436
7559
10254
7540
3605
-1144
-3617
-3009
-1203
1198
448
-3835
-8426
-11497
-9869
-4582
1029
5822
7096
4354
839
-680
-676
1330
12031
23883
18599
3642
-8466
-16981
-14916
-6019
-632
2464
1239
-4854
-8969
-8520
-1277
9535
15761
17261
10906
-2166
-9025
-8940
-4680
3715
6494
1673
-4973
-10517
-10215
-4829
1779
8084
10163
7484
3734
519
-2322
-2852
-542
558
-762
-3726
-8820
-12276
-10299
-5567
-120
4806
5585
3116
633
-515
-367
1245
11168
22615
17464
3872
-7080
-16081
-14735
-6481
-1774
1575
1010
-4740
-8175
-7342
-731
9094
14500
16205
9988
-3107
-8945
-8737
-4765
3803
5657
197
-6008
-11007
-9864
-3290
3632
8984
9614
6213
3488
1166
-663
-97
875
608
-1247
-5001
-9743
-12224
-9950
-5350
74
4318
4892
3818
2212
1091
1862
1928
6667
18701
20004
8710
-2162
-12851
-15938
-9128
-3899
4
1980
-1419
-4570
-5456
-2676
4851
10263
13810
13458
2446
-7571
-10361
-9511
-1797
3735
758
-3754
-8448
-9031
-3570
1873
6366
8717
7728
6311
4668
1542
-1150
-1350
-1046
-2493
-5014
-9099
-12966
-11972
-7476
-2466
2340
4933
5409
4533
2604
2139
1353
2789
14330
22217
14470
2362
-10254
-17764
-13232
-6626
-1337
3359
2027
-1909
-4210
-4973
-271
7322
13029
15209
6910
-5768
-11476
-11753
-5011
3106
2697
-1851
-6895
-9171
-5087
687
5072
8510
9367
8000
6141
2891
-719
-1912
-1960
-3587
-6095
-9376
-13373
-13579
-9827
-4957
820
4568
6061
6409
4257
2528
1695
72
7157
20990
20951
8109
-5424
-16692
-17867
-10497
-2846
3964
5888
2055
-2707
-6500
-4852
4004
12236
17437
14819
91
-11839
-14279
-10464
-787
4389
1963
-2128
-6335
-6435
-1871
3130
8042
11634
11687
9791
6076
101
-3950
-4888
-5246
-5853
-7604
-11373
-14487
-13006
-7983
-1603
3987
6968
8529
7595
4584
2681
836
1402
11744
21449
15490
1675
-11304
-19530
-16162
-6572
1099
5835
5287
312
-4717
-6665
-1295
7515
12772
14988
7699
-6713
-13730
-13555
-8136
63
2891
810
-2912
-5196
-2824
1693
6144
10755
12841
11449
8090
2003
-4099
-6879
-7583
-7919
-9079
-11503
-14926
-14999
-10220
-4521
1635
6537
9003
9964
8130
5269
3973
1991
3897
14585
18558
8162
-4727
-15348
-18129
-10870
-2890
3073
5976
3612
-191
-3336
-3328
2404
8134
12194
12647
2556
-9294
-13909
-13501
-7224
303
2513
1082
-1281
-2257
-213
3866
8529
12312
13566
11149
5674
-1107
-7653
-10621
-10030
-10069
-10569
-12101
-14258
-12240
-7443
-1257
5921
9934
11999
12297
8803
5862
3453
-642
2943
13762
14634
4709
-6713
-16083
-16603
-9408
-1980
4510
8020
6396
1788
-3003
-3931
590
6515
11771
10792
-511
-11312
-15657
-14693
-6762
1774
4848
4193
2143
201
633
4314
8644
11777
11769
7952
1942
-5792
-11705
-13212
-12838
-11259
-9749
-10778
-11268
-8387
-3727
2446
8601
12506
14837
13954
9580
4890
71
-4748
-3241
6989
12577
5953
-4066
-12469
-15694
-10047
-1122
6139
10695
9747
3825
-2963
-6143
-2825
3562
9209
10057
1354
-9640
-15267
-14932
-7162
2965
8715
10023
7466
2836
1029
2631
5351
8299
8672
5666
332
-7011
-13472
-16233
-14681
-11119
-8068
-6695
-6618
-4736
-1432
2923
8821
13243
15117
14014
9129
2054
-4553
-9611
-9577
627
11220
9431
-15
-9410
-14578
-10954
-1434
6720
11388
11103
4853
-3050
-7915
-6487
-223
6308
9694
3876
-7461
-14084
-14618
-7263
4704
11942
13328
9582
3173
-4
20
1553
4289
4848
2275
-1765
-7622
-13505
-16125
-13498
-7790
-3885
-1514
-1255
-2407
3
4006
8127
12704
14087
12216
7753
382
-6875
-11386
-13129
-7540
6623
14941
10312
1106
-7297
-9819
-3760
4673
10445
12095
7717
-474
-8058
-11388
-7592
-489
6089
8388
1721
-7279
-11935
-10501
-686
10453
15683
14129
5852
-2314
-5271
-5458
-2949
695
904
-1023
-4571
-10810
-14235
-11914
-6457
-933
2566
2854
310
-402
1434
3657
7324
10282
10320
7215
674
-7442
-12953
-13677
-10288
1421
16446
18624
9299
-706
-8097
-7335
1306
7910
10313
9100
1750
-7468
-12795
-11503
-3778
5019
11586
10446
-375
-9073
-10158
-4268
7780
15696
13912
6032
-3838
-9859
-9924
-6801
-2418
587
342
-1410
-4920
-8772
-8321
-4470
199
3917
4613
2105
-1241
-2528
-2096
549
4985
7593
6562
1607
-4925
-10335
-11891
-8845
-3120
8496
19442
16525
5872
-3292
-9157
-6279
1486
5019
5663
3355
-3138
-8828
-10492
-6350
1168
7994
13176
9793
-976
-7383
-7658
-2095
7313
11088
6797
-1030
-8540
-11508
-9325
-5034
-162
3362
3862
2003
-1595
-4713
-4134
-388
3661
5501
2832
-3269
-7198
-7212
-4702
958
6052
7447
5983
1062
-4159
-6500
-5609
-2325
1449
9628
17388
13510
4184
-3592
-9068
-7048
-1620
971
3772
4078
-538
-4703
-7014
-5184
1658
8840
13414
8636
-3121
-9853
-10735
-5030
4384
6633
2660
-3396
-9361
-9815
-6043
-1242
4201
6819
6143
4602
1321
-1697
-1827
-795
288
-242
-3597
-7558
-9531
-8190
-3977
1726
6306
7786
6570
3216
153
-1812
-2923
-2573
-1742
4181
13637
13929
6211
-1963
-9158
-9584
-3954
1114
6216
8305
4413
-668
-4908
-5536
-417
6176
10561
6952
-4060
-11446
-12954
-8866
385
4914
2686
-952
-4806
-5676
-2884
867
5249
8292
8246
6034
1775
-3015
-5039
-4510
-3712
-3946
-6049
-8812
-9430
-6859
-1916
3847
7715
8549
7587
4891
1970
377
-1515
-3157
-5008
-4920
3415
11704
9734
3020
-4252
-8639
-5668
-69
5340
9944
9180
4469
-1327
-6823
-6762
-1700
4092
7016
1277
-8521
-13465
-12502
-5319
2660
5182
4685
2065
-826
-521
1092
3673
7046
8121
6366
2125
-3428
-7807
-9729
-8538
-6171
-4959
-4484
-4491
-3552
-204
3600
6484
8764
9624
8063
4988
1939
-1774
-5865
-7700
-8639
-6083
4559
12089
9459
3671
-2900
-6118
-2390
3786
9372
11752
8423
1358
-6861
-11426
-8758
-2788
3361
5053
-1974
-9705
-12066
-9019
-648
6476
9162
8366
3798
-78
-607
983
4355
6195
4088
48
-4754
-8959
-10388
-8771
-5446
-2622
-1546
-2200
-3198
-1618
2172
5708
8347
9245
7713
4542
1312
-1412
-4133
-6489
-7759
-8608
-6217
3609
12667
12455
7167
707
-3662
-2061
3493
8270
9441
6208
-1152
-9590
-13797
-11011
-4802
935
4139
602
-6154
-8670
-6758
-703
6781
9926
8815
5634
1979
-186
-1004
-400
902
598
-1227
-3669
-6221
-7675
-7178
-4707
-1542
380
39
-793
607
3538
5658
6456
5898
3838
1464
-436
-1838
-3087
-5044
-6895
-8527
-8836
-1678
10800
16687
13980
7297
-274
-2994
-133
3620
5988
4970
-268
-7190
-12166
-11939
-7436
-1934
3381
4577
303
-3812
-5614
-3398
3798
9742
10915
7745
1566
-2814
-3691
-2801
-882
279
-497
-2231
-4220
-5911
-5933
-4087
-1151
1376
1335
-138
-308
995
2209
2393
2096
1493
694
106
-468
-1433
-3037
-5220
-7249
-8213
-5837
3998
16566
20645
15573
6388
-2620
-6183
-3745
1318
5294
4814
-290
-7543
-13707
-14485
-8767
540
8895
9809
3299
-3979
-7510
-4083
4223
10160
10201
5878
746
-3104
-5142
-4866
-3057
-1174
468
1135
-67
-2288
-3794
-3501
-1859
19
887
303
-304
-513
-1166
-1422
-701
278
1348
2076
1480
-169
-1845
-3602
-5255
-5760
-3761
3759
14950
19982
14842
4643
-5256
-9869
-7340
-1462
3602
4845
718
-6354
-12226
-13081
-7237
2184
10394
12168
5227
-3723
-8214
-6533
1382
8940
10059
6307
312
-4730
-6589
-5807
-2535
1883
5247
6034
3276
-1719
-5991
-7415
-5220
-901
1716
1044
-1618
-4863
-6408
-5118
-1489
2747
5594
6411
4435
1142
-1334
-3422
-4702
-4487
-3436
-96
7623
13822
11755
4623
-3102
-8020
-7147
-2178
3029
5562
4607
-265
-7264
-10556
-7233
92
8098
12036
7139
-2448
-9050
-9494
-3320
4550
8215
7184
3184
-1639
-4667
-4532
-1938
2015
5910
6964
3438
-2506
-7419
-9268
-7450
-3560
229
1418
-697
-3356
-4818
-3806
9
4858
9101
10122
7425
3166
-1134
-3444
-3376
-3400
-4185
-5039
-4675
925
9129
11150
7094
1477
-3006
-3324
-321
3570
6533
5976
1877
-3545
-7472
-6945
-2120
3974
7494
4808
-2312
-7874
-8817
-4699
1993
6814
7205
3342
-1468
-4265
-4611
-2525
858
2976
2380
-399
-4360
-8404
-10041
-7338
-2481
1500
2844
193
-3327
-3976
-1888
2258
6048
7494
6602
3514
138
-2196
-3324
-2901
-2566
-3543
-5392
-7222
-4549
4472
12435
13878
9591
1649
-4417
-4338
142
5601
8554
6809
1181
-5393
-8689
-6586
-1070
4548
6099
2102
-3986
-8338
-7763
-2182
4217
7742
6826
3160
-643
-2658
-2035
-339
1554
2369
962
-2105
-6010
-8664
-8350
-5235
-820
2642
2519
-1009
-3810
-4053
-1366
3600
7326
8103
5724
1896
-976
-2801
-2848
-1842
-2224
-4405
-7232
-8788
-5042
5385
14910
16363
9982
1346
-3019
-2145
2524
7821
9082
5902
-551
-8202
-11849
-9211
-3267
2678
4701
72
-7209
-11258
-8684
-908
6427
10578
9667
4212
-517
-2737
-2797
-1085
-27
270
188
-1663
-4763
-7287
-7436
-4654
-1068
1685
2720
530
-2065
-1612
743
4581
7797
7185
4087
684
-1698
-2546
-2417
-2042
-2928
-5315
-7464
-7853
-4858
4260
15520
19253
14432
6038
-964
-2146
1463
6045
8210
5719
-551
-7898
-12984
-12924
-7949
-1655
2318
1705
-3069
-7480
-7822
-3707
2835
7703
8700
5951
1186
-2787
-5234
-5751
-3841
-1633
-289
168
-1626
-4657
-6192
-4689
-222
4437
6304
4767
1170
-1662
-1524
762
3262
4852
4123
1352
-1601
-3303
-2727
-1495
-1645
-3272
-6068
-7525
-5372
299
9491
17436
17786
11873
3746
-2264
-2523
869
4583
5879
2443
-4125
-10349
-13318
-11230
-5170
1332
4933
2985
-3328
-8043
-7566
-2418
3883
7564
7841
4455
-216
-3174
-4666
-4264
-2049
377
2111
2261
358
-2312
-3303
-1942
506
2413
2273
104
-2370
-3218
-2044
632
3769
5231
4332
2102
-218
-1104
-20
1304
839
-1386
-4608
-7161
-6769
-2829
4755
12827
15288
11126
3381
-3506
-4571
-483
4424
6845
4389
-1826
-8360
-12120
-11041
-6430
-1247
2008
632
-4509
-8766
-8858
-3882
3698
9172
10291
7349
2485
-1302
-2558
-1286
1225
3317
3434
701
-3231
-6273
-7239
-5182
-1776
674
1320
-277
-1927
-1545
443
3631
6397
7510
7070
4831
2628
1775
1150
530
-1072
-4154
-7260
-9674
-9779
-6610
-372
8688
14757
12946
6909
929
-1543
796
3779
4984
3868
-791
-6799
-11415
-13515
-11519
-6467
-1616
419
-1642
-4666
-5078
-1938
4727
10817
13007
11678
7177
1914
-1974
-3779
-2820
-1134
-868
-2558
-5581
-8221
-8985
-6986
-3033
812
2946
3154
2378
2149
3027
4343
5861
6666
6119
4630
1803
-1620
-4255
-5632
-6070
-6603
-7404
-8698
-9126
-6707
-2504
4407
13330
17367
15112
9994
3707
169
555
1322
1691
640
-3697
-9134
-13092
-13742
-9978
-4043
1458
3713
2034
488
1085
3884
8240
10554
10395
8549
4014
-545
-3568
-5734
-5673
-4279
-3623
-3514
-3408
-3112
-2685
-1745
82
2318
4195
5263
4994
3445
1987
1014
590
1126
1055
-682
-3037
-5067
-5768
-5037
-4203
-3809
-3962
-4554
-4060
-1754
1465
6525
12904
15279
12297
6943
873
-2510
-2150
-1227
-688
-1483
-4653
-8570
-11256
-10799
-6966
-1979
2462
4348
2736
399
-244
1575
5390
8122
8215
6018
1562
-2775
-5505
-6502
-4902
-2216
-195
866
323
-1115
-2012
-1801
-362
1313
2187
2260
1340
71
-850
-1419
-966
-293
-209
-17
-39
-272
-122
-233
-1042
-2386
-3938
-5236
-5476
-4010
-1569
2248
7897
11470
10859
8520
5081
1819
897
472
-403
-1126
-2993
-5787
-8102
-8706
-6665
-2998
797
2955
2084
478
423
1818
4682
6901
6605
4880
1937
-833
-1939
-2255
-1627
-1052
-1248
-1091
-1571
-2565
-2795
-2260
-998
76
110
-367
-697
-778
-554
-153
467
1277
1708
2031
2184
1441
432
-847
-2815
-4556
-5919
-6782
-6484
-5165
-3038
157
5543
11559
13652
11670
7468
1948
-1021
-648
118
681
-409
-4025
-7685
-9492
-8258
-4302
47
3088
2816
-56
-1382
-164
2994
6855
8010
6485
3693
252
-1888
-2720
-2502
-1335
-1021
-1057
-1202
-2789
-4375
-4471
-3416
-1687
-352
96
261
608
1428
2403
3183
4265
5343
5436
4178
1372
-1820
-3690
-4336
-4723
-5494
-6994
-8584
-8458
-5873
-2045
2645
8971
14378
15170
12109
6898
1469
-872
-793
-550
-725
-2799
-6673
-10181
-11457
-9591
-5647
-816
3313
4423
3393
2382
2176
3992
6921
8201
7368
4401
-66
-3756
-6056
-6786
-5829
-4621
-3778
-3681
-4375
-4744
-4116
-1852
1470
4019
5410
5759
5028
3822
2820
2533
3004
3121
1706
-876
-3749
-5903
-6321
-5662
-4917
-4552
-4740
-4519
-3083
-664
2014
5020
9507
13668
14089
10855
5270
-918
-4475
-4952
-4063
-2661
-2533
-4280
-6012
-6706
-5602
-2062
2639
6794
8388
6576
3063
-77
-702
1025
2331
2215
224
-3366
-6342
-7832
-7342
-4448
-880
1975
3310
2308
241
-846
-93
1902
3478
3655
2549
834
-635
-1713
-1935
-1067
-82
511
312
-859
-2228
-3306
-3585
-2985
-2341
-1839
-1286
-783
-301
72
566
2701
7199
11093
10898
6989
1449
-3184
-4312
-2584
-337
1291
981
-1423
-3910
-5024
-4112
-1325
1926
3996
3415
601
-1980
-2625
-1008
1562
2911
2376
413
-1731
-2782
-2701
-1431
425
1483
1411
52
-2240
-3755
-3151
-993
1163
2223
1707
387
-477
-968
-1480
-1399
-519
184
214
-311
-1651
-3197
-3676
-3174
-2341
-1447
-745
-480
-627
-629
-149
1174
4657
9643
11886
9534
4821
-361
-3675
-3558
-1966
-158
964
-208
-2752
-4881
-5737
-4564
-1399
2476
4606
3580
834
-1588
-2178
-432
1945
3088
2681
942
-1005
-2113
-2421
-1810
-495
724
1273
625
-1055
-2359
-2182
-894
350
729
224
-513
-1058
-1372
-1245
-634
351
1213
1100
279
-660
-1349
-731
589
1016
582
-619
-2113
-2509
-1553
-53
1632
4248
7206
7527
5061
2026
-1005
-2341
-1059
381
1228
1339
-274
-2472
-4125
-4908
-3748
-1036
1430
2197
706
-1469
-2170
-966
1568
3784
4197
3104
1265
-242
-707
-453
189
622
365
-518
-2045
-3433
-3453
-2415
-1361
-690
-629
-1136
-1367
-952
-535
-184
213
484
596
485
342
375
551
1080
1320
549
-534
-1544
-2355
-2449
-2010
-1294
-114
2095
5164
6658
5553
3725
1815
510
839
1244
1258
1095
-459
-2719
-4259
-4795
-3814
-1668
218
864
88
-1236
-1736
-845
1054
2806
3330
2460
765
-617
-1276
-1552
-1356
-1035
-1068
-1307
-1927
-2788
-3100
-2455
-1262
-483
-433
-619
-496
183
978
1430
1693
1958
2121
1840
987
224
-16
16
-8
-711
-2043
-3013
-3228
-2830
-1690
-151
1062
2568
5208
7307
7181
5898
4240
2291
1263
884
210
-384
-1462
-3455
-5193
-5859
-5288
-3392
-812
992
894
-259
-848
-340
1157
2742
3126
2307
902
-543
-1423
-1747
-1665
-1218
-876
-643
-510
-860
-1109
-732
-260
124
428
405
161
-124
-397
-579
-548
-110
488
839
994
724
60
-399
-733
-1051
-1049
-1105
-1373
-1545
-1665
-1318
-273
1364
4035
6596
6917
5450
3424
1266
80
292
785
1013
599
-1130
-3384
-4828
-4779
-3103
-617
1283
1267
-331
-1625
-1643
-378
1463
2654
2888
2197
918
-192
-761
-763
-400
-105
-214
-927
-2154
-3130
-3081
-2189
-1028
-113
117
-42
9
181
308
661
1064
1295
1212
612
-196
-943
-1508
-1744
-2057
-2477
-2859
-3152
-2865
-2249
-1417
29
1816
4244
7251
8398
6854
4440
2041
426
165
-38
-746
-1417
-2331
-3590
-4517
-4476
-3283
-1074
1313
2228
1242
-80
-513
219
1611
2296
1967
1103
-270
-1378
-1678
-1838
-1747
-1026
-274
161
180
-285
-575
-206
600
1461
1793
1525
1053
722
532
151
-140
109
375
257
-56
-743
-1558
-1836
-1733
-1635
-1514
-1493
-1444
-1245
-935
-292
583
1927
4223
5890
5437
3801
1704
-253
-897
-667
-519
-420
-879
-2240
-3581
-4043
-3314
-1503
322
1206
878
-309
-1155
-837
293
1430
1876
1503
642
-185
-672
-908
-721
-61
566
798
580
90
-154
0
269
496
609
525
336
190
88
-52
-150
-51
111
161
166
50
-341
-790
-969
-896
-696
-523
-407
-148
195
570
983
1202
2004
3793
4701
3829
2317
633
-662
-783
-539
-507
-461
-779
-1586
-2337
-2707
-2472
-1481
-293
46
-806
-1877
-2140
-1636
-794
-132
-127
-567
-930
-865
-578
-343
-99
104
214
165
-152
-657
-1129
-1415
-1421
-1051
-614
-446
-521
-636
-433
48
592
1135
1420
1332
1041
771
666
614
529
451
259
-93
-244
-193
-99
310
797
1469
3257
5050
4963
3741
2243
657
121
486
557
472
124
-922
-1991
-2506
-2524
-1869
-579
420
391
-483
-1435
-1696
-1067
-28
803
1050
682
75
-556
-1034
-1039
-496
228
594
416
-234
-1141
-1652
-1516
-1037
-532
-282
-430
-820
-1030
-986
-754
-201
494
892
909
564
-33
-401
-217
134
209
-273
-1124
-1595
-1586
-1214
-613
-31
1403
3659
4813
4380
3131
1441
454
873
1608
1915
1622
355
-1354
-2540
-3006
-2629
-1547
-537
-417
-1270
-2289
-2541
-1605
91
1701
2621
2573
2015
1580
1119
731
737
953
1079
728
-383
-1894
-3183
-3571
-2890
-1743
-812
-561
-823
-918
-548
111
863
1393
1512
1353
848
20
-806
-1287
-1271
-975
-830
-1184
-1787
-2185
-2157
-1405
-179
1485
3849
5488
5192
3703
1786
326
317
1207
1776
1588
431
-1282
-2636
-3122
-2587
-1362
-78
483
-345
-1922
-2878
-2524
-922
1085
2424
2676
2113
1284
661
520
727
961
1029
655
-301
-1623
-2837
-3493
-3271
-2399
-1577
-1170
-1190
-1213
-789
105
1222
2277
2975
3101
2707
1963
1101
388
4
-229
-691
-1518
-2449
-3064
-3226
-2728
-1598
61
2515
4805
5496
4758
3350
2033
1678
2187
2532
2089
646
-1610
-3929
-5459
-5753
-4827
-3225
-1922
-1668
-2343
-2785
-2017
-23
2491
4380
4808
3973
2603
1299
494
173
80
66
-280
-1239
-2483
-3466
-3704
-2923
-1387
150
1090
1326
1160
1108
1417
1992
2703
3147
2962
2219
1088
-203
-1098
-1401
-1350
-1163
-1325
-1899
-2383
-2463
-1783
-274
1623
3707
5220
5077
3648
1989
851
683
1224
1580
1133
-285
-2331
-4203
-5275
-5151
-3856
-2236
-1221
-1404
-2546
-3388
-2778
-655
2058
4078
4490
3432
1720
95
-812
-813
-355
153
-15
-1173
-2579
-3632
-3819
-2968
-1749
-667
67
358
529
874
1382
2073
2944
3640
3743
3084
1819
310
-978
-1746
-2004
-1786
-1495
-1513
-1842
-2260
-1999
-594
1887
4777
6463
6136
4500
2586
1343
1065
1181
1097
457
-990
-2870
-4544
-5380
-4730
-2810
-736
327
-161
-1473
-2157
-1432
391
2351
3400
3110
1998
677
-603
-1332
-1377
-988
-369
-197
-920
-1959
-2646
-2591
-1571
-330
531
950
790
536
556
731
1280
2151
2598
2298
1352
14
-951
-1202
-1013
-671
-540
-682
-1045
-1476
-1453
-652
991
3107
4539
4383
2999
1315
277
214
652
973
897
258
-795
-1821
-2609
-2766
-2045
-983
-234
-356
-1313
-2199
-2167
-1198
260
1535
2040
1903
1363
487
-319
-708
-507
100
468
130
-868
-2023
-2561
-2105
-1156
-336
146
270
221
181
204
397
838
1314
1488
1179
405
-439
-924
-1000
-787
-601
-635
-830
-1261
-1510
-1155
-28
1786
3391
3787
2949
1683
795
592
897
1130
965
482
-175
-780
-1318
-1677
-1554
-935
-354
-347
-847
-1550
-1747
-1163
-217
675
1142
1149
943
495
-3
-333
-381
7
499
537
40
-794
-1456
-1494
-1117
-638
-254
-90
-74
-101
-290
-449
-295
93
643
973
731
171
-421
-807
-795
-521
-177
19
-112
-395
-450
108
1293
2464
2845
2340
1275
290
-138
-148
70
459
689
610
184
-534
-1064
-950
-144
776
1044
455
-453
-998
-938
-493
-112
30
99
118
14
-294
-714
-841
-484
100
440
263
-323
-837
-840
-458
-19
286
416
409
334
149
-76
-236
-211
-55
2
-95
-332
-668
-850
-715
-441
-117
164
288
385
740
1498
2495
3179
3080
2113
712
-477
-1213
-1389
-1211
-961
-760
-798
-1131
-1466
-1484
-1007
-132
698
945
521
-233
-829
-1035
-905
-589
-385
-282
-180
-299
-604
-829
-794
-352
280
640
579
287
97
122
285
529
710
830
911
779
459
118
-193
-297
-277
-430
-732
-1028
-1155
-1038
-765
-481
-194
149
626
1157
1566
2025
2550
2767
2552
1747
436
-809
-1612
-1867
-1662
-1255
-984
-855
-878
-945
-790
-221
698
1626
2084
1840
1009
36
-620
-897
-864
-741
-741
-840
-1033
-1271
-1328
-1051
-429
295
888
1021
695
242
-52
-14
293
621
832
848
603
229
-160
-452
-594
-634
-646
-777
-1029
-1272
-1319
-1022
-478
216
801
1186
1400
1636
2131
2623
2855
2538
1534
209
-1045
-1842
-2064
-1847
-1463
-1120
-931
-898
-831
-511
256
1243
1985
2120
1517
519
-368
-857
-897
-707
-619
-751
-1030
-1411
-1592
-1402
-858
-67
681
1089
936
434
8
-45
341
887
1289
1348
1056
619
188
-108
-208
-286
-467
-816
-1340
-1851
-2132
-2014
-1536
-823
-89
496
975
1453
2129
2887
3367
3330
2600
1358
52
-1009
-1685
-1907
-1832
-1678
-1532
-1519
-1495
-1244
-607
363
1339
1948
1897
1335
653
120
-200
-383
-542
-752
-1003
-1275
-1507
-1607
-1420
-881
-170
382
549
364
59
-57
144
563
993
1248
1272
1085
794
469
160
-61
-281
-601
-1056
-1539
-1912
-1990
-1817
-1514
-1044
-491
161
896
1696
2523
3089
3257
3004
2375
1549
706
-83
-766
-1255
-1648
-1899
-1982
-1963
-1691
-1205
-615
25
507
834
1054
1198
1275
1191
910
492
98
-209
-458
-688
-892
-1011
-999
-900
-735
-553
-311
59
377
604
765
815
914
1061
1193
1238
1076
820
423
-27
-503
-1014
-1435
-1748
-1821
-1711
-1535
-1335
-1105
-722
-224
474
1370
2187
2796
2972
2742
2169
1387
699
193
-168
-477
-838
-1319
-1838
-2204
-2289
-2026
-1529
-948
-411
-50
144
267
426
633
843
956
883
649
276
-149
-487
-706
-790
-833
-879
-941
-955
-831
-517
-4
468
828
1075
1194
1297
1358
1395
1357
1095
644
61
-526
-1042
-1446
-1684
-1769
-1661
-1431
-1138
-740
-236
480
1243
1896
2351
2480
2340
1954
1435
916
500
199
-162
-627
-1200
-1771
-2180
-2358
-2210
-1855
-1359
-771
-265
138
476
804
1138
1486
1716
1663
1274
602
-94
-681
-1075
-1229
-1268
-1188
-1046
-875
-697
-458
-93
425
1018
1459
1622
1511
1190
831
496
209
-80
-392
-706
-1030
-1299
-1477
-1493
-1275
-841
-299
192
564
821
1077
1367
1550
1612
1527
1362
1115
825
498
43
-424
-790
-968
-1044
-1108
-1123
-1101
-923
-688
-495
-281
-32
260
562
770
835
739
623
530
395
221
-19
-238
-447
-688
-914
-1123
-1239
-1152
-907
-576
-225
82
344
573
780
954
1096
1164
1099
924
649
249
-227
-630
-874
-950
-886
-738
-609
-479
-343
-140
217
640
986
1184
1254
1149
939
641
323
86
-129
-331
-528
-827
-1175
-1451
-1540
-1451
-1244
-951
-555
-71
381
736
966
1103
1232
1332
1360
1237
900
420
-130
-679
-1133
-1428
-1487
-1324
-1054
-781
-541
-331
-103
183
512
819
1036
1096
975
704
366
67
-136
-233
-280
-368
-496
-623
-703
-706
-595
-343
37
454
742
833
774
690
644
670
731
732
644
442
126
-289
-670
-953
-1086
-1045
-944
-868
-834
-787
-617
-250
247
734
1092
1253
1233
1101
908
703
480
227
-70
-399
-715
-1003
-1131
-1048
-805
-492
-224
-19
132
259
381
508
624
638
526
342
114
-111
-262
-317
-319
-282
-279
-324
-365
-323
-170
78
409
656
763
707
580
485
481
552
589
581
436
94
-324
-745
-999
-1043
-1005
-948
-931
-971
-1006
-920
-633
-228
253
685
934
983
850
676
584
585
584
505
273
-93
-483
-773
-883
-797
-574
-332
-184
-179
-256
-279
-189
11
223
340
372
280
170
106
103
225
370
453
410
269
107
9
47
154
277
314
207
51
-53
-55
50
223
356
390
312
132
-90
-282
-395
-398
-380
-423
-534
-670
-752
-707
-499
-197
96
308
388
357
280
240
250
280
297
218
14
-263
-496
-597
-526
-348
-149
-15
-15
-107
-191
-181
-47
148
327
406
338
180
36
6
90
217
311
295
161
-17
-146
-151
-26
137
244
238
146
0
-120
-135
-11
223
418
474
374
186
5
-107
-88
-3
50
21
-89
-243
-384
-447
-391
-229
-35
73
49
-53
-175
-227
-151
31
233
342
330
222
63
-64
-108
-49
75
164
138
0
-172
-293
-339
-282
-172
-59
18
12
-48
-127
-137
-71
50
175
224
197
107
6
-29
-2
108
271
371
387
329
245
194
191
234
240
182
58
-123
-313
-462
-557
-572
-520
-464
-437
-462
-507
-492
-367
-160
65
219
288
273
245
223
242
317
379
404
327
151
-39
-201
-270
-260
-226
-213
-236
-283
-346
-338
-248
-84
123
283
395
441
432
409
383
364
369
357
271
148
-7
-154
-228
-223
-157
-76
-22
-22
-43
-48
-59
-36
3
39
52
23
-37
-121
-165
-166
-140
-123
-122
-139
-195
-224
-190
-145
-84
-7
55
97
90
64
58
76
109
136
116
37
-50
-103
-104
-72
-23
34
46
23
-1
-6
16
77
164
248
292
280
231
167
118
114
138
145
106
40
-49
-122
-164
-155
-96
-31
32
50
50
42
44
79
109
142
141
80
-2
-109
-204
-255
-262
-231
-220
-237
-274
-311
-299
-232
-107
22
112
154
131
88
70
67
68
69
61
33
-36
-109
-166
-192
-183
-157
-115
-87
-77
-74
-54
-9
62
154
248
295
293
261
205
157
134
133
114
49
-39
-136
-193
-196
-171
-121
-68
-22
7
14
37
52
84
108
107
90
29
-38
-100
-154
-183
-207
-214
-199
-186
-170
-138
-86
-20
62
134
165
182
187
196
201
188
158
122
80
24
-30
-73
-97
-98
-91
-71
-27
34
119
203
259
307
343
350
345
312
250
177
91
-1
-104
-212
-302
-353
-369
-367
-347
-325
-302
-268
-223
-166
-92
-6
65
103
110
101
75
47
17
-23
-79
-119
-135
-144
-150
-155
-155
-133
-83
-15
53
95
133
169
188
190
187
177
141
101
56
13
-18
-36
-33
-18
0
24
63
116
167
217
261
285
294
292
278
237
168
80
-7
-80
-143
-194
-233
-245
-241
-222
-207
-183
-134
-70
-4
31
43
49
43
37
23
-11
-60
-115
-186
-244
-284
-311
-314
-317
-299
-269
-238
-186
-97
12
113
193
242
268
276
260
228
173
104
47
-12
-89
-160
-199
-204
-189
-142
-74
15
92
154
209
245
279
325
355
343
295
239
173
82
-8
-85
-150
-192
-213
-217
-210
-203
-152
-80
0
89
168
226
253
257
234
180
113
44
-14
-74
-142
-220
-294
-339
-356
-334
-268
-200
-113
-19
56
125
189
239
274
286
263
207
120
20
-71
-141
-190
-208
-199
-203
-203
-170
-122
-48
39
137
214
267
306
308
300
272
215
147
55
-61
-166
-258
-333
-363
-347
-311
-256
-185
-110
-9
99
186
255
290
298
283
223
139
46
-41
-137
-224
-300
-371
-409
-411
-378
-311
-223
-119
0
112
218
302
379
438
445
412
343
254
154
41
-54
-133
-197
-249
-276
-274
-249
-196
-114
-18
80
161
243
303
343
365
350
311
251
163
45
-86
-206
-299
-355
-384
-391
-378
-346
-291
-211
-98
26
128
202
244
261
251
214
146
62
-29
-128
-224
-312
-369
-386
-355
-288
-203
-119
-41
35
118
201
284
350
388
387
359
295
205
115
17
-61
-115
-169
-204
-212
-211
-186
-122
-36
60
141
220
290
338
362
367
338
272
193
84
-48
-173
-268
-332
-372
-385
-382
-359
-302
-209
-88
32
129
190
225
250
253
226
163
85
12
-61
-152
-241
-310
-344
-337
-294
-241
-177
-99
-18
62
123
184
233
267
291
290
262
221
175
112
36
-29
-86
-134
-165
-177
-158
-115
-72
-11
63
124
173
219
237
225
193
157
108
54
3
-55
-126
-198
-253
-286
-273
-230
-181
-124
-56
10
71
122
172
186
181
150
101
49
1
-47
-96
-156
-208
-233
-239
-223
-184
-148
-115
-69
-11
55
126
189
242
259
253
239
202
133
64
7
-60
-122
-169
-217
-248
-248
-226
-178
-125
-62
0
62
119
175
218
231
229
209
155
84
16
-61
-142
-193
-231
-243
-236
-208
-149
-83
-16
56
120
163
215
266
287
288
260
202
134
51
-40
-125
-195
-243
-260
-256
-239
-211
-161
-95
-17
56
117
170
215
241
243
231
213
183
142
98
53
-7
-67
-114
-151
-171
-174
-155
-118
-62
-13
30
76
121
151
163
164
140
109
73
28
-33
-86
-128
-168
-198
-214
-212
-190
-152
-101
-52
-1
37
80
108
107
104
91
71
41
11
-16
-56
-83
-109
-133
-145
-138
-113
-77
-48
-22
-5
16
57
108
147
152
156
143
119
106
78
49
25
0
-36
-63
-74
-83
-72
-49
-23
0
25
35
38
50
60
74
77
69
58
34
-4
-48
-72
-97
-116
-125
-123
-116
-108
-69
-43
-34
-20
3
7
1
3
2
5
-12
-28
-42
-65
-90
-92
-82
-66
-27
-2
20
41
53
66
64
64
58
52
65
82
88
75
51
37
22
23
31
24
3
-11
-11
-13
-15
9
25
23
20
12
5
2
11
22
33
43
51
47
22
8
5
-5
-3
11
15
8
3
11
22
19
18
19
8
-8
-16
-5
7
19
19
10
6
12
26
27
27
24
20
23
23
19
7
2
-5
-10
-6
5
6
-2
-5
-5
-1
2
-6
-19
-31
-39
-42
-42
-41
-23
-12
-17
-35
-43
-52
-68
-65
-65
-69
-63
-46
-40
-49
-37
-35
-41
-46
-46
-36
-47
-53
-52
-56
-67
-70
-49
-31
-23
-16
-10
-4
5
25
25
19
10
6
3
-2
-8
-20
-20
3
29
45
65
80
85
70
70
90
97
97
101
103
92
79
78
66
54
44
38
17
-13
-17
-20
-21
-14
1
8
4
1
-5
-24
-40
-49
-64
-61
-41
-22
-13
-16
-13
-20
-30
-27
-29
-23
-20
-17
-9
-12
-20
-20
-13
-3
9
11
7
12
14
9
7
26
44
36
29
33
27
13
9
6
-1
5
13
22
16
5
15
5
-2
11
13
17
18
18
11
-2
1
3
2
1
12
17
14
3
-3
-1
2
17
22
10
1
3
-1
-11
-13
-19
-23
-26
-23
-16
-22
-24
-19
-9
-6
-13
-8
-12
-6
1
-5
-13
0
26
31
28
24
5
-10
-14
-29
-49
-53
-44
-36
-24
-22
-29
-36
-40
-27
-18
-10
-9
-16
-22
-36
-47
-58
-55
-45
-31
-18
-9
-14
-28
-36
-36
-32
-17
9
26
23
11
15
27
33
40
41
32
31
35
28
5
-2
11
23
27
24
13
-3
-14
-14
4
19
27
26
22
11
14
34
53
53
51
44
25
9
2
1
4
6
20
30
30
26
20
18
6
3
9
14
9
2
-8
-19
-30
-42
-48
-43
-47
-52
-34
-7
14
30
35
29
23
15
18
12
7
12
17
26
32
38
42
42
39
24
11
-3
-22
-36
-40
-36
-24
-16
-6
-2
1
8
15
16
12
16
25
24
26
24
18
19
22
25
9
-8
2
13
16
3
-10
-16
-34
-42
-37
-38
-56
-63
-58
-62
-73
-75
-72
-70
-55
-50
-52
-52
-44
-33
-20
-14
-19
-14
-16
-18
-21
-32
-33
-27
-17
-12
-11
-4
5
21
36
46
44
42
39
30
23
14
4
-1
1
1
-5
0
20
41
41
38
44
45
54
72
69
56
52
47
53
53
39
33
28
17
8
-3
-19
-38
-38
-38
-52
-60
-60
-63
-60
-52
-49
-48
-36
-11
14
17
1
-6
-16
-29
-29
-26
-19
-27
-33
-32
-26
-2
20
35
39
39
41
39
33
32
30
31
28
23
12
12
18
19
36
53
60
60
62
58
46
37
33
42
42
33
11
-10
-23
-23
-22
-20
-16
-21
-40
-58
-54
-51
-39
-24
-20
-20
-21
-15
3
5
6
22
28
24
18
31
28
9
8
11
9
13
18
17
11
6
3
-5
-12
-11
-11
-15
-11
-14
-30
-31
-25
-29
-31
-31
-30
-20
-5
2
-3
-15
-26
-32
-29
-35
-45
-34
-31
-23
-13
-10
-17
-28
-24
-23
-29
-32
-45
-52
-45
-22
2
7
15
14
14
19
25
28
20
4
-5
-24
-37
-39
-40
-40
-22
-1
5
16
32
35
26
41
50
42
35
23
11
-3
3
9
1
1
2
1
-9
-9
11
20
32
52
47
32
26
41
48
49
62
54
29
0
-9
-5
-12
-3
-7
-15
-16
-19
-17
-26
-30
-30
-45
-49
-28
-5
12
20
37
40
28
33
45
36
23
21
27
39
46
59
62
53
52
52
40
34
44
39
21
-3
-22
-27
-33
-26
-17
-35
-35
-24
-16
-2
5
12
9
7
13
2
-24
-32
-20
-14
-14
-10
-16
-19
-13
