7
8
11
32
43
51
49
43
31
20
9
-1
-13
-32
-30
-22
-21
-23
-16
-16
-24
-23
-16
-11
-13
-8
-8
-11
-1
5
9
13
19
18
14
17
17
18
20
28
25
19
13
9
12
14
14
6
-15
-38
-47
-62
-72
-71
-63
-42
-26
-21
-22
-23
-22
-18
-14
-10
-2
0
-6
-6
-4
0
7
6
9
18
22
20
22
19
16
6
1
-2
-5
1
3
15
21
16
19
15
13
20
34
36
35
29
12
0
-5
-12
-16
-23
-23
-14
-8
-3
-6
-7
-15
-20
-15
-20
-25
-33
-46
-50
-55
-47
-23
-8
7
21
17
5
-6
-14
-15
-4
18
19
16
11
3
10
18
27
38
37
24
20
24
33
37
33
32
27
16
7
8
5
6
15
22
23
20
12
2
4
11
21
25
25
22
19
19
13
5
-10
-18
-13
-8
-8
-3
5
-1
-8
-6
-7
-3
-3
-1
6
3
-7
-18
-12
-5
7
14
13
9
-3
-13
-35
-41
-39
-36
-35
-38
-28
-17
-14
-11
-6
2
-5
-24
-34
-37
-36
-35
-31
-28
-24
-24
-23
-18
-14
-5
-4
-3
-13
-18
-10
-1
11
14
6
-4
-10
-9
-8
-10
-10
-7
2
10
19
28
20
5
-6
-8
0
21
32
37
47
51
46
42
37
26
20
21
19
11
1
-4
-1
-4
-5
-12
-12
-7
2
5
11
25
21
13
11
7
3
-1
2
7
12
21
24
15
5
-10
-24
-28
-11
0
-10
-18
-19
-18
-18
-12
-7
-4
1
-2
-2
-1
2
8
14
11
1
-3
-2
-1
3
-9
-21
-28
-32
-28
-21
-15
-10
-10
-2
-1
4
13
15
17
18
19
20
20
26
34
35
37
34
35
39
36
28
18
8
-4
-11
-5
1
4
-7
-21
-29
-25
-18
-10
4
12
16
15
4
3
0
-11
-23
-30
-27
-28
-29
-34
-41
-43
-41
-31
-15
-8
-6
-5
-10
-8
-12
-15
-17
-27
-38
-43
-36
-26
-26
-24
-18
-13
-6
-2
-5
-6
-2
4
3
-6
-10
-14
-18
-24
-28
-23
-11
10
33
44
50
47
47
53
46
38
32
32
37
46
54
55
52
40
43
40
29
26
20
13
8
5
2
10
6
-4
-6
-6
-5
-12
-12
-11
-13
-20
-26
-27
-21
-12
-14
-21
-20
-11
-2
-2
-9
-16
-22
-23
-20
-17
-13
-8
-2
-3
0
10
11
14
20
28
31
28
24
23
17
12
15
13
11
14
12
10
14
11
1
-8
-9
-15
-22
-17
-13
-15
-21
-30
-37
-49
-59
-60
-64
-55
-51
-53
-53
-52
-46
-44
-36
-23
-11
-4
16
35
42
44
34
31
30
27
29
24
17
8
2
0
3
4
7
14
10
14
9
4
-4
-9
-8
-17
-16
0
23
43
57
59
54
49
42
43
53
49
39
29
14
1
1
3
-9
-18
-15
-7
10
15
12
2
-4
-5
-11
-12
-3
1
-6
-11
-16
-19
-15
-24
-37
-35
-26
-19
-13
-10
-16
-22
-35
-50
-54
-58
-56
-45
-34
-27
-12
6
13
17
25
27
31
34
31
34
37
46
50
48
45
37
31
25
28
24
17
6
-9
-16
-22
-22
-29
-41
-52
-61
-69
-71
-72
-77
-72
-56
-37
-22
-12
-9
-14
-24
-32
-33
-26
-21
-13
5
20
33
37
37
35
23
23
31
34
32
24
19
24
34
48
63
72
77
76
69
70
63
51
37
22
17
9
0
-8
-17
-20
-23
-23
-26
-38
-49
-55
-49
-42
-44
-37
-23
-11
3
13
27
34
39
36
24
16
12
10
6
7
8
10
11
10
3
-3
-1
10
9
-3
-13
-19
-20
-19
-17
-12
-1
9
21
23
25
27
16
3
-10
-16
-20
-26
-35
-47
-62
-65
-63
-53
-44
-40
-36
-44
-55
-64
-65
-64
-62
-58
-49
-39
-35
-23
-8
5
15
25
36
47
55
62
64
65
70
67
62
48
42
37
29
23
17
11
15
14
12
14
15
13
8
5
6
9
18
20
23
25
28
41
38
38
32
28
30
26
14
3
1
-5
-9
-6
2
5
0
-10
-20
-30
-40
-49
-56
-71
-88
-85
-67
-47
-41
-39
-27
-25
-22
-24
-25
-29
-39
-37
-33
-18
3
14
21
28
33
36
34
29
25
12
-7
-20
-27
-34
-35
-25
-9
6
14
27
37
45
55
57
50
41
48
59
65
68
65
69
77
68
49
29
5
3
3
-4
-5
-17
-24
-21
-24
-29
-39
-38
-38
-32
-30
-36
-34
-29
-23
-15
-3
-5
-14
-16
-15
-20
-24
-20
-15
-11
-4
1
6
9
0
-10
-13
-20
-26
-32
-30
-26
-25
-19
-8
12
23
22
17
7
3
-5
-5
1
3
4
9
16
26
30
26
24
12
1
-4
-5
-10
-17
-21
-27
-30
-24
-17
-9
-15
-25
-21
-19
-16
-8
-10
-11
-7
0
10
17
20
18
12
17
22
23
22
12
9
8
4
3
8
13
12
22
26
28
20
2
-5
-2
0
-4
1
7
13
19
18
16
16
23
18
13
13
6
-5
-7
-11
-11
3
5
7
9
4
-1
-2
-10
-16
-11
-13
-22
-19
-12
-9
-9
-16
-25
-22
-16
-13
-10
-11
-13
-4
4
14
29
37
44
55
55
54
48
37
26
13
8
11
10
7
1
-9
-8
-13
-20
-24
-30
-38
-51
-67
-73
-61
-61
-67
-63
-51
-44
-50
-52
-44
-36
-40
-46
-40
-26
-13
-1
12
24
34
43
51
50
47
43
44
48
45
44
35
27
19
19
30
30
32
27
20
16
4
-1
0
6
13
16
22
30
38
46
53
46
27
21
21
16
9
4
-9
-13
-12
-12
-15
-21
-21
-22
-29
-46
-53
-55
-52
-47
-45
-47
-62
-73
-77
-63
-41
-23
-7
-5
2
14
21
18
10
8
2
0
-7
-2
12
14
18
20
15
14
12
8
11
25
31
26
18
8
12
20
17
18
12
18
27
38
40
25
10
0
-8
-11
-13
-15
-21
-26
-19
-1
6
5
4
-7
-19
-22
-14
-13
-17
-13
-18
-12
-10
-8
0
4
8
2
1
9
17
23
32
43
41
35
23
7
0
13
21
14
11
6
5
4
-3
-7
-3
4
2
-11
-9
-12
-6
-6
-24
-25
-21
-17
-16
-7
-3
-7
-15
-28
-37
-41
-36
-20
-2
7
8
9
11
10
-4
-6
0
-2
12
27
27
39
46
37
27
16
2
-1
-5
-8
-9
-14
-13
-12
-14
-21
-23
-16
-14
-17
-23
-32
-39
-47
-43
-32
-23
-15
-4
10
12
7
-5
-11
-9
-4
-6
-8
-12
-11
-3
-2
3
4
8
17
19
22
26
23
20
15
9
10
9
23
44
59
58
49
34
21
11
0
-8
-2
6
12
23
30
28
22
17
12
5
-3
-3
4
2
2
4
-10
-21
-24
-28
-26
-25
-22
-21
-15
-6
-2
0
-5
-7
-15
-16
-9
-8
-17
-23
-16
-5
8
16
13
8
-3
-6
-5
-11
-11
-6
-2
-5
-12
-22
-19
-6
2
3
1
-8
-13
-12
-16
-5
-3
-16
-17
-9
4
16
19
13
8
11
16
17
15
15
11
12
16
18
15
3
-3
-12
-20
-24
-23
-18
-10
7
11
13
13
16
23
28
33
26
26
25
24
16
1
-12
-29
-28
-22
-9
6
13
16
6
-6
-11
-19
-27
-40
-52
-48
-36
-27
-23
-29
-45
-52
-52
-47
-32
-23
-15
-5
4
3
5
10
14
18
22
33
38
32
34
38
37
41
44
40
40
37
36
40
42
42
37
41
43
32
21
17
25
21
6
-8
-23
-34
-29
-11
-2
0
5
10
8
-1
-8
-15
-16
-21
-28
-23
-24
-21
-21
-26
-40
-55
-52
-43
-26
-14
-6
-4
-11
-13
-11
-9
-8
2
17
26
28
23
14
0
-8
-9
-3
-6
-19
-25
-32
-36
-28
-24
-24
-30
-46
-44
-24
-9
-7
1
8
-2
-5
3
9
17
17
11
16
18
23
34
39
38
45
44
35
31
29
29
30
33
37
43
51
47
44
35
19
13
13
8
-2
-19
-26
-29
-28
-10
3
2
-3
-5
-6
-8
-7
-10
-15
-29
-37
-36
-24
-8
2
1
-18
-31
-36
-33
-26
-17
-13
-7
-1
-2
-13
-21
-12
-13
-22
-26
-25
-22
-2
11
7
2
-16
-24
-29
-38
-42
-32
-21
-14
0
18
25
21
23
25
27
22
19
16
9
19
41
58
62
61
54
43
37
32
26
19
11
7
9
12
18
24
20
12
12
5
-12
-24
-33
-33
-15
4
10
10
13
9
5
2
-4
-6
-11
-13
-8
-13
-17
-18
-15
-12
-12
-3
-3
-11
-12
-9
-4
-3
-10
-10
-7
-14
-19
-27
-22
-19
-20
-29
-43
-45
-36
-33
-36
-22
-20
-29
-31
-42
-41
-31
-23
-9
-9
-10
-6
-5
-12
-10
-10
-20
-19
-16
-14
-10
1
10
22
42
40
29
26
32
33
28
32
44
54
57
69
71
72
69
69
77
74
65
56
49
46
47
41
25
15
12
5
-8
-17
-26
-22
-21
-31
-30
-30
-25
-19
-18
-13
-11
-9
-10
-6
-7
-11
-17
-22
-21
-22
-25
-31
-45
-53
-47
-40
-42
-44
-50
-51
-42
-32
-20
-6
3
6
4
-3
-8
-14
-7
-3
0
10
28
31
23
20
5
-2
8
25
36
41
42
28
13
3
-9
-7
9
10
15
22
22
23
17
9
8
7
6
-2
-17
-20
-11
4
14
5
-8
-22
-25
-23
-13
-11
-22
-31
-40
-45
-44
-45
-50
-58
-61
-56
-45
-34
-23
-13
4
17
16
4
1
8
12
21
33
43
47
42
30
16
5
-5
-6
-1
-6
-4
-5
-14
-20
-12
-3
13
31
38
37
24
23
23
23
29
38
43
42
45
51
52
47
41
39
44
42
34
19
8
5
7
10
20
22
14
9
-4
-10
-18
-17
-10
-8
-5
-9
-18
-26
-24
-12
-3
-2
-15
-27
-22
-15
-25
-36
-34
-27
-28
-33
-32
-37
-41
-35
-34
-31
-19
-10
-10
-19
-23
-24
-23
-18
-13
-11
-24
-37
-48
-52
-40
-23
-6
5
12
19
15
18
22
22
19
7
-7
-9
-4
2
5
5
6
6
4
6
10
13
17
19
30
43
52
56
58
46
29
27
32
33
46
55
50
39
32
31
24
1
-20
-35
-50
-45
-30
-29
-32
-31
-22
-9
-4
-8
-30
-54
-75
-80
-75
-62
-44
-32
-27
-18
-15
-22
-18
-16
-24
-27
-25
-22
-16
-5
9
17
18
13
23
34
48
66
62
58
62
50
28
20
24
30
46
44
42
43
35
27
31
39
39
33
27
32
25
16
15
20
33
53
73
82
77
50
26
25
21
3
-8
-15
-24
-13
7
8
3
-11
-27
-31
-32
-46
-59
-67
-85
-90
-79
-70
-85
-102
-96
-95
-95
-90
-83
-81
-83
-82
-93
-99
-112
-128
-138
-139
-128
-114
-95
-55
-15
3
8
16
25
32
37
36
55
64
70
73
81
85
97
124
139
134
120
106
89
83
72
65
67
68
77
87
101
109
108
100
95
99
101
88
81
81
80
73
67
54
33
23
40
47
29
12
-29
-65
-62
-45
-25
-13
-22
-45
-76
-85
-89
-95
-91
-86
-74
-66
-63
-81
-109
-115
-97
-83
-77
-81
-95
-109
-115
-103
-90
-111
-126
-122
-110
-92
-78
-50
-45
-40
-36
-33
-16
-7
-3
0
0
-5
-14
-8
0
2
21
44
62
69
64
53
52
53
62
65
64
62
65
78
81
84
84
68
46
37
32
35
31
20
27
53
86
98
98
90
68
64
61
50
45
52
59
66
82
90
75
49
33
35
34
31
30
19
5
2
-3
-25
-45
-48
-44
-31
-28
-36
-42
-51
-59
-55
-39
-44
-60
-82
-101
-111
-119
-103
-100
-82
-46
-31
-12
10
8
-13
-27
-43
-57
-49
-44
-45
-24
-12
-13
-6
-10
-18
-31
-50
-65
-78
-67
-46
-14
15
6
-11
-19
-25
-15
4
18
17
-8
-24
-5
28
48
66
65
52
49
39
33
32
21
9
10
35
50
70
85
89
84
65
56
25
10
28
37
50
68
87
81
68
58
37
31
35
36
22
10
-1
-9
-10
-25
-29
-45
-65
-63
-76
-84
-86
-99
-102
-91
-74
-59
-56
-49
-41
-37
-25
-13
-24
-30
-23
-22
-27
-33
-37
-37
-34
-23
-8
1
4
-17
-46
-56
-47
-37
-25
3
30
63
83
84
65
37
30
24
28
51
75
91
90
76
46
18
13
19
32
45
50
58
57
52
47
37
13
-3
-1
0
9
32
44
52
61
58
41
21
5
-4
-20
-27
-27
-38
-39
-40
-38
-37
-42
-39
-27
-17
-13
-9
-13
-26
-31
-26
-23
-25
-33
-42
-44
-34
-24
-16
-24
-48
-62
-57
-48
-38
-28
-34
-51
-55
-50
-40
-27
-19
-20
-23
-30
-35
-40
-36
-18
1
12
13
7
-2
0
18
22
16
29
33
22
22
27
29
35
32
28
29
24
22
29
26
33
43
54
71
76
76
75
65
49
34
11
-8
-7
1
11
17
17
8
-9
-38
-62
-76
-90
-82
-61
-38
-7
15
7
-2
-11
-37
-56
-50
-40
-24
-5
-2
0
10
31
52
44
21
5
4
5
13
14
23
52
61
63
52
21
8
17
23
8
1
5
20
38
36
33
26
4
-23
-39
-44
-43
-35
-15
3
2
-5
-4
-15
-32
-36
-30
-16
-11
-12
-8
-3
5
8
-1
-2
7
11
22
37
39
38
46
40
22
5
5
11
8
13
7
-14
-16
-2
8
13
24
31
13
-20
-49
-71
-81
-70
-48
-43
-43
-45
-58
-62
-65
-71
-66
-48
-39
-49
-53
-48
-56
-58
-47
-50
-51
-39
-19
-10
-3
-3
-15
-6
-2
14
34
60
86
89
73
49
40
43
55
61
54
57
58
53
44
59
90
99
85
65
37
32
31
24
23
7
-11
-2
18
31
37
47
65
64
48
27
-3
-31
-57
-66
-57
-39
-33
-45
-48
-50
-38
-15
-2
-5
4
15
8
0
-20
-43
-57
-60
-57
-50
-36
-26
-10
-11
-17
-28
-30
-12
14
33
30
17
9
13
16
23
35
31
5
-25
-54
-67
-62
-41
-22
-14
-11
-34
-48
-43
-40
-37
-35
-29
-15
-9
-11
-15
-13
-10
-12
-18
-16
-1
19
22
19
30
42
57
74
81
67
53
60
75
89
102
95
77
64
33
11
-1
-3
9
27
44
50
48
39
16
-3
-9
-17
-20
-39
-77
-96
-117
-137
-131
-110
-82
-52
-30
-33
-57
-81
-91
-83
-56
-14
25
37
17
-7
-6
12
31
45
39
34
48
64
70
62
50
46
37
36
41
53
65
58
59
65
70
55
27
-2
-27
-29
-18
-6
5
11
4
-6
-8
-2
-1
2
6
7
8
-11
-41
-58
-64
-64
-54
-40
-33
-26
-8
22
49
67
64
35
13
2
-15
-41
-74
-69
-34
-5
22
16
-8
-26
-24
-23
-23
-20
-48
-75
-97
-88
-55
-40
-22
-21
-30
-31
-34
-50
-78
-102
-109
-97
-81
-62
-59
-46
-8
35
50
49
32
11
17
29
42
30
32
53
74
100
120
124
112
116
115
107
101
92
64
44
50
59
60
71
92
81
73
71
62
56
55
54
51
31
3
-9
-6
0
7
19
11
-19
-55
-62
-57
-54
-45
-30
-6
23
43
27
-9
-53
-84
-83
-66
-72
-86
-93
-111
-107
-72
-45
-25
-5
3
2
-11
-39
-68
-95
-94
-77
-49
-35
-41
-45
-49
-42
-24
-9
-15
-38
-74
-96
-96
-72
-35
5
42
61
75
59
27
1
-7
-14
-19
-2
10
27
54
79
93
96
100
105
89
66
43
34
35
41
57
61
59
70
90
106
98
66
38
3
-29
-31
-17
0
8
17
32
35
30
30
8
-24
-38
-54
-72
-77
-62
-55
-43
-37
-34
-45
-74
-79
-89
-91
-94
-96
-81
-62
-41
-23
3
10
13
19
6
-5
-19
-36
-57
-68
-61
-44
-22
3
25
39
40
26
26
30
45
77
83
75
91
96
68
61
61
47
31
19
14
7
13
32
51
89
116
110
76
45
23
7
7
-15
-28
-29
-47
-43
-35
-5
31
40
39
23
-14
-33
-41
-63
-64
-62
-57
-39
-18
-17
-18
-28
-38
-42
-55
-52
-37
-31
-43
-55
-68
-70
-64
-49
-34
-34
-26
-19
-1
16
29
22
13
0
-3
-3
-1
7
12
27
39
39
39
46
42
43
47
50
46
42
31
8
-3
-17
-18
-6
13
30
29
20
4
-6
-2
14
22
14
-1
-1
-2
-6
7
5
-16
-19
-22
-23
-10
-5
-11
-11
1
14
13
-4
-21
-35
-48
-42
-38
-46
-47
-41
-45
-39
-18
0
-19
-43
-57
-57
-45
-39
-38
-42
-23
-6
-2
11
33
48
44
34
26
8
-2
11
41
68
78
84
74
56
42
36
28
6
-27
-45
-20
-7
18
52
58
45
40
56
47
39
18
4
-24
-44
-27
-5
14
28
84
117
116
109
102
91
50
26
18
30
41
54
82
95
106
97
67
59
34
7
4
-9
-38
-75
-102
-104
-78
-69
-76
-55
-19
-4
-24
-88
-162
-206
-219
-208
-203
-190
-163
-159
-188
-232
-258
-275
-264
-239
-245
-215
-148
-94
-72
-83
-107
-123
-122
-134
-148
-147
-126
-43
52
142
232
249
247
275
301
329
319
298
323
329
321
295
230
246
316
359
402
456
435
337
201
17
-107
-143
-178
-165
-140
-144
-110
-80
-57
-33
-68
-128
-116
-56
-82
-140
-140
-130
-109
-87
-75
-60
-39
-35
-63
-94
-109
-100
-68
-87
-67
25
58
125
200
253
259
141
7
-18
-47
-104
-129
-184
-282
-382
-427
-395
-347
-296
-241
-240
-254
-213
-138
-135
-222
-292
-280
-193
-69
53
129
191
254
299
319
263
194
156
97
105
136
106
85
170
331
450
544
578
517
494
544
504
389
323
293
320
324
311
355
283
77
-88
-136
-133
-196
-271
-256
-224
-148
-47
48
134
102
129
200
206
221
150
57
-75
-224
-270
-342
-416
-345
-246
-208
-223
-192
-140
-189
-301
-442
-394
-238
-190
-109
-55
154
382
220
106
15
-147
-279
-699
-1186
-1488
-1608
-1708
-1892
-1901
-1597
-1088
-820
-750
-475
-130
128
206
463
1092
1561
1849
2170
2665
3312
3567
3367
3006
2487
1936
1159
64
-939
-1486
-1702
-2079
-2439
-2405
-2055
-1677
-1372
-1081
-791
-505
-283
-129
-62
3
196
543
1018
1274
1277
1481
1844
1870
1494
956
333
-250
-937
-1822
-2614
-3193
-3477
-3395
-3231
-3028
-2539
-1814
-1073
-414
69
251
888
2198
2667
2715
3251
3801
4786
5474
4972
4328
3760
3136
2455
646
-1416
-1994
-2350
-3380
-4129
-4504
-4238
-3267
-2815
-2580
-2043
-1577
-840
-18
347
591
1026
1539
2324
2854
2770
2934
3345
3456
3017
1992
1012
344
-491
-1652
-2816
-3607
-3890
-3988
-4216
-4282
-3956
-3391
-2632
-1910
-1213
-544
36
474
1183
2553
3423
3987
5044
5960
6898
7435
6702
5584
4308
2866
1420
-959
-3604
-4674
-4988
-5825
-6350
-6291
-5537
-4264
-3583
-3111
-2307
-1529
-710
83
447
747
1332
2032
2962
3457
3347
3472
3753
3670
2817
1478
407
-515
-1779
-3304
-4705
-5597
-5895
-5951
-5868
-5275
-4311
-3061
-1674
-699
94
742
1324
1686
2030
3171
3978
4554
5675
6620
7784
8707
8204
7129
5852
4136
2286
-574
-3834
-5215
-5807
-6946
-7357
-7085
-6018
-4222
-3109
-2206
-1148
-429
301
928
1165
1313
1540
2103
3211
4001
4100
4326
4771
4827
4026
2583
1250
-63
-1683
-3482
-5275
-6393
-6768
-6784
-6366
-5624
-4488
-3072
-1708
-394
565
1069
1577
2035
2591
3475
3938
4344
5486
6764
7892
8456
7864
6840
5568
3664
1430
-1550
-4638
-6173
-6929
-7888
-8348
-8038
-6893
-5263
-4083
-3055
-1803
-633
611
1443
1614
1820
2140
2634
3316
3596
3551
3780
4096
4129
3479
2284
1172
-28
-1563
-3464
-5433
-6766
-7273
-7279
-6901
-6166
-4945
-3185
-1497
-114
924
1547
2167
2790
3378
3927
4306
4942
6072
7374
8034
8006
7447
6380
5182
3129
187
-2755
-5061
-6328
-7324
-8329
-8426
-7423
-6024
-4905
-4011
-2912
-1621
-632
-8
613
1059
1670
2490
3161
3877
4232
4502
5049
5185
4609
3367
1913
538
-1015
-2968
-5017
-6324
-6924
-7002
-6687
-6049
-4849
-3307
-1770
-477
590
1349
1943
2566
3293
4308
5167
5916
7046
8224
9192
9739
9326
8095
6363
4128
1457
-1632
-4593
-6528
-7797
-8864
-9229
-8881
-7833
-6317
-5010
-3815
-2459
-1313
-417
492
1198
1756
2230
2690
3351
3890
4046
4257
4639
4449
3616
2463
1102
-417
-2392
-4356
-6144
-7626
-8117
-7973
-7268
-6041
-4568
-2593
-724
626
1715
2340
2776
3371
4038
4737
5468
6226
7469
8912
9890
10168
9293
7744
5973
3584
531
-2767
-5441
-7136
-8537
-9543
-9554
-8788
-7631
-6299
-5049
-3857
-2654
-1632
-793
-209
253
882
1717
2621
3359
3955
4594
5310
5660
5157
4011
2747
1356
-612
-3004
-5257
-6963
-7974
-8307
-7996
-7018
-5370
-3373
-1428
59
1119
2039
2696
3089
3558
4255
5122
6096
7265
8643
9887
10485
10081
8792
7045
4771
1691
-1747
-4807
-7092
-8740
-10109
-10678
-10076
-8896
-7503
-6043
-4477
-2909
-1665
-617
384
1158
1709
2282
2918
3527
4104
4636
5281
5810
5629
4694
3322
1764
-198
-2697
-5207
-7064
-8128
-8561
-8420
-7577
-5945
-3935
-2121
-547
944
2107
2842
3423
3998
4747
5747
6841
8124
9485
10551
11057
10700
9492
7644
5066
1864
-1557
-4582
-6970
-8844
-10156
-10749
-10378
-9363
-8006
-6410
-4799
-3184
-1814
-886
-4
893
1639
2428
3197
3919
4736
5413
5990
6313
5818
4806
3470
1762
-334
-3038
-5787
-7886
-9211
-9847
-9840
-8910
-7052
-4938
-3068
-1355
293
1667
2519
3019
3683
4495
5479
6820
8230
9602
10790
11453
11328
10165
8184
5680
2545
-1092
-4476
-7209
-9323
-10662
-11142
-10776
-9668
-8214
-6716
-5103
-3495
-2060
-881
-127
478
1108
1712
2582
3581
4434
5326
6227
6659
6438
5588
4314
2671
252
-2673
-5314
-7323
-8660
-9402
-9429
-8480
-6626
-4405
-2479
-754
984
2408
3335
3839
4382
5189
6074
7167
8628
10219
11481
12271
12162
11100
9368
6674
3318
-313
-3945
-7057
-9586
-11455
-12262
-12078
-11204
-9872
-8409
-6770
-5146
-3632
-2300
-1436
-652
164
877
1669
2502
3499
4708
5698
6322
6542
6108
5044
3288
736
-2144
-4815
-6875
-8273
-9196
-9203
-8006
-6093
-3898
-1833
-29
1655
2892
3608
4171
4844
5695
6627
7687
9056
10483
11353
11553
11108
9861
7788
4938
1631
-1647
-4681
-7310
-9345
-10745
-11372
-11077
-10122
-8935
-7576
-6014
-4359
-2885
-1810
-898
-117
700
1701
2505
3324
4221
5094
5934
6177
5933
5215
3925
2171
-229
-2679
-4967
-6907
-8190
-8812
-8546
-7547
-5941
-4032
-2240
-532
757
1759
2713
3524
4376
5205
6217
7522
8953
10187
10833
10730
9871
8530
6444
3545
422
-2626
-5221
-7361
-9165
-10117
-10122
-9464
-8469
-7363
-5976
-4413
-2937
-1692
-731
85
861
1550
2253
3107
3948
4717
5463
5871
5944
5556
4554
3088
945
-1591
-3941
-5928
-7372
-8208
-8275
-7583
-6405
-4977
-3497
-1856
-456
668
1887
2867
3971
5157
6204
7598
8886
9894
10546
10576
9944
8555
6436
3858
1086
-1785
-4399
-6482
-8095
-9227
-9795
-9729
-9075
-8235
-7239
-5911
-4518
-3290
-2289
-1300
-109
1050
2047
3058
4089
5014
5628
5823
5706
5261
4446
3106
1347
-608
-2592
-4360
-5741
-6640
-7042
-6897
-6196
-5148
-3880
-2506
-1205
129
1512
2758
3987
5218
6506
8007
9288
10111
10516
10343
9746
8625
6652
4125
1334
-1378
-3678
-5702
-7421
-8499
-8922
-8868
-8510
-7967
-7158
-6046
-4865
-3815
-2753
-1616
-440
786
1883
2814
3801
4672
5224
5419
5051
4308
3381
2072
392
-1381
-3175
-4760
-5962
-6835
-7246
-7046
-6330
-5304
-4131
-2933
-1689
-244
1384
2903
4419
5901
7273
8733
10057
10932
11239
10988
10207
8752
6606
4070
1449
-1127
-3495
-5527
-7129
-8148
-8572
-8428
-7866
-7226
-6545
-5683
-4722
-3844
-3059
-2280
-1254
-18
1148
2299
3342
4189
4583
4410
3971
3221
2105
709
-817
-2337
-3740
-4911
-5804
-6296
-6389
-6114
-5427
-4584
-3495
-2088
-723
818
2435
3934
5480
6820
8080
9298
10235
10820
10683
9881
8693
6961
4723
2358
28
-1929
-3529
-4985
-5936
-6250
-6239
-6109
-5943
-5721
-5195
-4689
-4150
-3381
-2588
-1587
-374
1088
2541
3610
4369
4847
4988
4518
3569
2326
792
-693
-2285
-3828
-4986
-5822
-6219
-6228
-6049
-5741
-5179
-4370
-3587
-2693
-1337
174
1681
3201
4773
6466
8137
9147
9545
9424
8655
7585
5891
3681
1650
-139
-1739
-3242
-4562
-5353
-5646
-5684
-5582
-5424
-5104
-4556
-4059
-3678
-3145
-2425
-1562
-396
878
2060
3137
4136
4726
4723
4209
3386
2261
765
-727
-2229
-3585
-4581
-5255
-5455
-5232
-4834
-4310
-3713
-2978
-2167
-1223
250
1860
3392
4955
6526
8345
9875
10581
10750
10338
9357
7960
5931
3340
878
-1250
-3065
-4467
-5651
-6187
-6087
-5830
-5501
-5284
-5019
-4500
-3988
-3618
-3217
-2580
-1620
-511
541
1591
2571
3420
3897
3799
3215
2378
1267
-203
-1860
-3606
-5150
-6131
-6608
-6752
-6686
-6181
-5226
-4293
-3220
-2265
-992
911
2411
3884
5529
7245
9193
10662
11476
11761
11216
10061
8606
6259
3388
896
-1354
-3262
-4926
-6376
-6888
-6750
-6487
-6067
-5613
-4973
-4182
-3568
-3265
-2870
-2342
-1531
-237
807
1942
3115
3946
4558
4447
3729
2755
1403
-185
-1892
-3748
-5277
-6205
-6948
-7167
-6721
-6014
-4948
-3927
-2869
-1707
-320
1455
2887
4171
5562
7083
8754
10123
10912
11167
10857
9948
8538
6217
3413
1026
-1136
-3139
-4870
-6222
-6710
-6655
-6498
-6097
-5375
-4581
-3883
-3303
-2743
-2027
-1400
-672
170
971
1952
2895
3620
4002
3928
3444
2616
1352
-260
-1946
-3737
-5149
-6119
-6916
-7069
-6774
-6218
-5305
-4205
-2964
-1597
40
1623
3059
4494
5921
7523
8871
9797
10221
10001
9431
8389
6615
4166
1713
-324
-2238
-4023
-5461
-6337
-6663
-6602
-6358
-5898
-5089
-4401
-3776
-3193
-2751
-2153
-1502
-568
568
1667
2784
3684
4324
4486
4159
3447
2328
961
-665
-2305
-3804
-4934
-5712
-6118
-5965
-5480
-4725
-3776
-2672
-1467
-137
1534
3047
4236
5429
6758
8183
9215
9577
9339
8680
7757
6409
4461
2201
236
-1387
-2962
-4380
-5403
-5876
-6008
-5911
-5773
-5353
-4619
-4066
-3536
-2954
-2355
-1618
-780
148
1130
2018
2815
3465
3622
3378
2841
2012
1069
-284
-1866
-3341
-4553
-5323
-5937
-6204
-5856
-5108
-4268
-3280
-2164
-1105
382
2018
3392
4825
6218
7742
9210
9753
9691
9321
8418
7198
5480
3131
991
-674
-2218
-3503
-4598
-5238
-5093
-4732
-4437
-4171
-3767
-3008
-2354
-1955
-1494
-967
-372
372
1074
1579
2192
2677
2775
2699
2068
1146
134
-1455
-3126
-4518
-5685
-6343
-6825
-7086
-6587
-5734
-4874
-3890
-2830
-1673
-402
1033
2544
3847
5041
6361
7655
8563
8909
8858
8267
7234
5881
3892
1533
-670
-2536
-4032
-5171
-5912
-6067
-5628
-4900
-4093
-3225
-2222
-1212
-448
156
772
1353
1849
2335
2817
3135
3531
3909
3809
3447
2800
1928
811
-874
-2593
-4073
-5359
-6081
-6447
-6602
-6108
-4987
-3785
-2665
-1366
-22
1460
3050
4241
5326
6515
7698
8756
9254
9190
8802
7809
6348
4620
2264
-365
-2565
-4377
-6023
-7326
-8042
-8090
-7585
-6857
-6113
-5261
-4119
-2854
-1846
-990
-54
848
1653
2319
2800
3088
3408
3752
3545
2865
1955
929
-240
-1882
-3711
-5307
-6439
-7102
-7615
-7778
-7113
-5632
-3935
-2403
-692
1197
2940
4620
5858
6653
7566
8568
9412
9884
9817
9436
8677
7309
5624
3364
689
-1601
-3661
-5595
-7114
-8132
-8334
-7731
-6940
-6021
-4791
-3349
-1801
-597
200
1221
2297
3185
3905
4275
4487
4639
4735
4352
3444
2437
1227
-151
-1922
-3971
-5690
-6991
-7816
-8322
-8520
-7889
-6494
-4870
-3326
-1777
-61
1679
3374
4709
5604
6467
7383
8209
8720
8832
8606
7938
6732
5146
3013
393
-1987
-4082
-5859
-7161
-8030
-8204
-7723
-6901
-5889
-4717
-3318
-1839
-547
484
1424
2328
3057
3813
4537
4992
5263
5523
5667
5095
3812
2334
699
-1198
-3349
-5375
-6968
-8048
-8637
-8752
-8272
-7238
-5674
-3792
-2062
-323
1345
2971
4694
5742
6548
7535
8157
8577
8676
8421
7978
7008
5563
3853
1642
-850
-3008
-5022
-6750
-7918
-8742
-8821
-8095
-7112
-5899
-4606
-3258
-1731
-488
380
1223
2005
2777
3616
4176
4659
5302
5569
5258
4468
3353
2101
461
-1519
-3445
-5155
-6484
-7242
-7654
-7567
-6739
-5387
-3685
-2004
-416
1199
2636
3852
5041
5947
6727
7574
8136
8648
9057
8896
8374
7436
5901
4062
1816
-670
-2872
-4878
-6590
-7852
-8658
-8613
-7853
-6862
-5707
-4379
-3014
-1671
-527
259
950
1530
1893
2290
2611
2899
3178
3317
3292
2927
2182
1049
-333
-2015
-3989
-5658
-7022
-7884
-8090
-7819
-6910
-5589
-3892
-2106
-652
821
2129
3129
4114
4828
5489
6175
6704
7301
7842
7893
7518
6931
5816
4433
2722
574
-1255
-3037
-4753
-5911
-6636
-6864
-6432
-5635
-4765
-3733
-2546
-1229
-59
609
1190
1776
2056
2374
2598
2796
3051
3108
3092
2821
2380
1618
529
-608
-1987
-3417
-4752
-5740
-6124
-6162
-5857
-5095
-3802
-2208
-820
488
1712
2667
3427
3874
4297
4812
5266
5787
6270
6583
6708
6415
5679
4799
3565
1871
97
-1675
-3308
-4675
-5744
-6181
-6068
-5732
-5108
-4344
-3446
-2530
-1868
-1287
-763
-384
-160
27
293
688
1137
1559
2128
2492
2457
2294
1826
1105
150
-1059
-2265
-3276
-4004
-4349
-4377
-4050
-3237
-2272
-1388
-585
303
1074
1936
2671
3015
3572
4048
4478
5102
5626
6050
6245
5924
5452
4659
3351
1894
216
-1482
-2887
-4092
-5035
-5472
-5472
-5246
-4957
-4482
-3783
-3007
-2436
-2047
-1622
-1327
-1050
-674
-350
114
648
1122
1778
2199
2205
2130
1818
1245
419
-782
-1941
-2920
-3838
-4374
-4456
-4232
-3623
-2708
-1817
-1010
-227
466
1260
1945
2375
3042
3758
4649
5759
6560
7300
7757
7598
7200
6448
5068
3466
1808
84
-1417
-2828
-3970
-4600
-4975
-5093
-5020
-4794
-4393
-3895
-3428
-2988
-2400
-1802
-1117
-347
277
1089
1867
2389
3082
3443
3420
3338
2813
2065
1077
-388
-1733
-2981
-4277
-5110
-5681
-5890
-5370
-4620
-3817
-2908
-2078
-1190
-261
375
1091
2135
3174
4378
5534
6500
7507
8020
7922
7562
6622
5151
3546
1633
-289
-2014
-3554
-4653
-5411
-5950
-6088
-5994
-5817
-5416
-4925
-4344
-3606
-2805
-1927
-951
11
978
2024
3049
4009
4901
5354
5536
5459
4892
4134
2878
1260
-346
-2124
-3703
-4916
-5934
-6389
-6313
-5839
-5074
-4338
-3383
-2303
-1270
-218
883
2192
3545
4837
6238
7518
8577
9195
9229
8913
7884
6178
4231
2133
-5
-2083
-4107
-5684
-6778
-7628
-8018
-8055
-7799
-7178
-6468
-5723
-4797
-3796
-2686
-1508
-374
767
2045
3345
4541
5583
6264
6566
6532
5905
4849
3440
1591
-300
-2312
-4208
-5558
-6526
-7064
-6934
-6463
-5804
-4867
-3779
-2593
-1349
-80
1182
2600
4111
5663
7249
8749
10110
10935
11191
11012
10145
8589
6427
3878
1255
-1398
-3849
-5971
-7742
-8892
-9475
-9621
-9342
-8813
-8118
-7118
-5980
-4699
-3281
-1944
-323
1324
2741
4222
5474
6448
7336
7584
7096
6222
4968
3432
1420
-960
-3241
-5358
-7203
-8490
-9319
-9597
-9157
-8248
-6925
-5383
-3707
-1998
-311
1512
3163
4720
6333
7887
9437
10668
11641
12181
12021
11415
10074
7937
5471
2693
-184
-2908
-5493
-7569
-9004
-9884
-10177
-10049
-9443
-8238
-6898
-5459
-3734
-2024
-349
1320
2875
4174
5208
6200
6900
7154
7121
6869
6092
4778
3269
1443
-626
-2827
-5132
-7270
-8977
-10095
-10593
-10569
-9770
-8167
-6177
-4038
-2074
-202
1714
3550
5034
6154
7299
8534
9568
10399
10977
11109
10834
10002
8452
6342
3732
892
-2027
-4901
-7394
-9421
-10790
-11378
-11341
-10756
-9620
-8030
-6146
-4159
-2178
-329
1368
2850
4004
4807
5317
5697
5906
5794
5637
5247
4409
3401
1988
334
-1420
-3454
-5480
-7360
-8858
-9675
-9952
-9645
-8516
-6744
-4545
-2279
-143
1900
3786
5547
6867
7786
8682
9484
10191
10733
11095
11248
10866
10013
8528
6220
3596
757
-2356
-5265
-7777
-9774
-11070
-11660
-11453
-10577
-9187
-7418
-5514
-3533
-1530
244
1696
2796
3598
4181
4627
4882
4776
4650
4436
3899
3167
2051
761
-612
-2264
-3906
-5635
-7173
-8076
-8652
-8732
-8137
-7061
-5372
-3279
-1166
828
2618
4164
5511
6537
7089
7634
8152
8599
9213
9559
9608
9534
8862
7621
5858
3474
898
-1809
-4445
-6694
-8580
-9873
-10353
-10160
-9347
-8060
-6591
-4939
-3276
-1770
-399
741
1551
2195
2644
2903
3084
3072
2929
2782
2499
2084
1669
863
-180
-1195
-2327
-3399
-4514
-5601
-6192
-6383
-6138
-5400
-4503
-3186
-1404
172
1517
2690
3613
4546
5278
5527
5963
6655
7215
7769
8035
8006
7780
7003
5817
4249
2163
-58
-2181
-4123
-5656
-6802
-7461
-7506
-7194
-6535
-5634
-4636
-3480
-2368
-1396
-366
581
1208
1723
2134
2274
2292
2192
1836
1391
915
551
242
-355
-918
-1381
-1799
-2188
-2829
-3500
-3877
-4095
-4150
-3923
-3481
-2648
-1339
-160
847
1886
2737
3680
4475
4712
5091
5504
5812
6307
6444
6474
6560
6117
5393
4344
2758
1154
-561
-2438
-3972
-5283
-6200
-6561
-6740
-6513
-5853
-5050
-4079
-3131
-2262
-1346
-676
-213
179
395
504
642
792
885
1045
1169
1205
1408
1409
1178
894
310
-231
-978
-1929
-2484
-3057
-3471
-3469
-3348
-2779
-1828
-789
237
1115
1954
2814
3604
4028
4382
4928
5437
6079
6627
6932
7088
6918
6425
5504
4051
2324
497
-1439
-3312
-4993
-6442
-7406
-7872
-8078
-7844
-7277
-6486
-5408
-4426
-3411
-2321
-1379
-533
137
700
1203
1555
1728
1867
2070
2025
2016
2135
1970
1791
1423
707
12
-918
-1893
-2645
-3352
-3714
-3803
-3698
-3048
-2072
-1006
194
1373
2441
3471
4319
4909
5506
5923
6228
6629
6799
6898
6873
6298
5465
4325
2655
946
-884
-2878
-4528
-5963
-7183
-7839
-8162
-8199
-7746
-7116
-6183
-5008
-4017
-2841
-1592
-658
288
1001
1373
1881
2216
2325
2471
2463
2511
2668
2509
2316
2093
1513
914
59
-1097
-1988
-2789
-3459
-3693
-3686
-3240
-2325
-1330
-127
1127
2165
3077
3841
4407
4784
4972
5062
5247
5591
5856
5959
5947
5645
5057
3998
2394
670
-1219
-3230
-5074
-6724
-7841
-8335
-8491
-8250
-7581
-6639
-5419
-4103
-2935
-1802
-730
94
802
1334
1673
2077
2388
2578
2806
2876
2958
3166
3033
2656
2286
1716
1037
132
-1059
-1966
-2680
-3250
-3518
-3677
-3345
-2455
-1607
-746
217
1093
1878
2427
2807
3053
3226
3485
3718
3975
4237
4401
4552
4512
4151
3449
2230
905
-543
-2444
-4145
-5507
-6704
-7351
-7665
-7630
-6969
-6062
-4879
-3556
-2386
-1089
39
775
1465
1889
2091
2354
2452
2408
2543
2752
2909
3206
3379
3409
3410
2981
2311
1408
127
-864
-1836
-2968
-3456
-3659
-3538
-2746
-1968
-1118
-93
695
1362
1565
1556
1849
1938
2084
2392
2644
3348
4093
4411
4601
4525
4172
3370
1838
139
-1589
-3360
-4911
-6350
-7366
-7651
-7595
-7293
-6602
-5569
-4314
-3062
-1849
-748
121
867
1418
1704
1864
2002
2128
2220
2480
2766
2991
3461
3669
3552
3384
2826
2094
1144
-142
-1258
-2321
-3080
-3390
-3607
-3238
-2403
-1587
-640
279
1065
1783
2077
2252
2551
2673
2931
3189
3417
4146
4759
4868
4934
4694
4076
3008
1379
-289
-1949
-3736
-5323
-6604
-7308
-7310
-7201
-6793
-5782
-4657
-3441
-2134
-989
17
779
1295
1661
1807
1893
2046
2233
2549
2876
3079
3329
3624
3620
3199
2666
1948
967
-221
-1486
-2521
-3431
-4026
-4250
-4366
-3971
-3145
-2334
-1413
-563
152
789
1005
1128
1438
1578
1750
1919
2165
2856
3398
3560
3746
3639
3220
2540
1175
-285
-1613
-3070
-4256
-5297
-6008
-6011
-5799
-5249
-4290
-3404
-2274
-1049
-174
587
1170
1622
2075
2281
2345
2489
2637
2929
3134
3071
3086
3116
3011
2617
1889
1118
384
-520
-1557
-2447
-3037
-3388
-3495
-3404
-3079
-2396
-1596
-765
-61
449
976
1222
1100
1096
1110
1169
1394
1633
2165
2941
3605
4101
4361
4350
4126
3373
2144
845
-613
-2011
-3178
-4200
-4716
-4810
-4653
-4194
-3573
-2769
-1949
-1257
-597
-63
367
766
1023
1094
1124
1312
1513
1600
1594
1742
1991
2191
2357
2091
1768
1577
1066
387
-543
-1444
-1956
-2492
-2901
-3047
-2986
-2518
-1978
-1634
-1277
-921
-717
-774
-993
-1046
-893
-593
-146
367
1196
2334
3168
3733
4130
4236
4046
3163
1842
458
-1023
-2298
-3459
-4537
-5078
-5113
-4793
-4293
-3633
-2695
-1633
-624
44
442
813
1182
1458
1556
1636
1928
2367
2768
3116
3442
3872
4369
4468
4139
3673
3002
2142
1012
-341
-1528
-2595
-3534
-4259
-4757
-4775
-4385
-3802
-3165
-2553
-1807
-1065
-616
-290
129
671
1199
1692
2271
3143
4172
4823
5227
5444
5385
4973
3883
2367
871
-635
-2142
-3621
-4890
-5589
-5730
-5578
-5206
-4538
-3600
-2478
-1534
-863
-228
264
660
894
871
911
1120
1394
1652
1911
2287
2806
3307
3347
3032
2558
1770
756
-647
-2149
-3340
-4420
-5097
-5380
-5408
-4770
-3857
-2963
-2012
-1078
-87
727
1079
1257
1601
1988
2386
2883
3440
4289
5174
5681
6038
6188
6071
5489
4317
2837
1194
-488
-2205
-3764
-4873
-5519
-5647
-5486
-5068
-4193
-3149
-2087
-1094
-315
388
882
1212
1373
1358
1456
1605
1709
1817
2021
2329
2613
2731
2689
2334
1736
1046
-48
-1272
-2350
-3381
-4153
-4758
-5077
-4822
-4331
-3569
-2604
-1782
-972
-355
58
487
623
692
1047
1338
1678
2165
2658
3437
4075
4364
4631
4468
3939
3170
1861
449
-844
-2152
-3308
-4265
-4750
-4638
-4338
-3991
-3413
-2656
-1795
-1109
-758
-401
-17
220
381
447
584
976
1422
1789
2174
2617
3041
3332
3270
2875
2407
1800
973
-78
-1368
-2436
-3210
-4049
-4632
-4861
-4775
-4183
-3525
-2859
-1933
-966
-88
606
1049
1461
2048
2614
2979
3291
3772
4446
5030
5354
5497
5521
5319
4660
3594
2363
1044
-207
-1508
-2686
-3398
-3821
-4016
-4048
-3925
-3523
-2990
-2564
-2157
-1645
-1054
-472
27
523
1118
1687
2177
2610
2936
3182
3196
2894
2325
1712
1031
99
-965
-2066
-3127
-4045
-4780
-5275
-5395
-5109
-4510
-3770
-2917
-1856
-727
293
1035
1502
1961
2291
2270
2109
2131
2294
2391
2328
2373
2669
2824
2764
2546
2120
1636
908
-237
-1382
-2289
-3064
-3719
-4279
-4551
-4439
-4065
-3522
-3007
-2335
-1398
-541
166
848
1594
2297
2753
3065
3336
3556
3718
3613
3244
2865
2441
1872
1114
318
-380
-919
-1332
-1842
-2256
-2368
-2289
-2163
-2061
-1799
-1266
-817
-510
-216
25
378
594
577
642
777
1017
1308
1402
1613
2047
2480
2836
2950
3044
3110
2795
2289
1526
565
-299
-1338
-2307
-3092
-3802
-4027
-4048
-4005
-3594
-3124
-2520
-1838
-1432
-971
-469
-149
88
171
282
496
613
682
760
917
1076
1168
1271
1350
1305
1164
1009
809
533
140
-339
-693
-1062
-1438
-1708
-2018
-2069
-1889
-1839
-1741
-1516
-1230
-856
-550
-351
79
795
1367
1912
2604
3399
4370
4993
5234
5534
5511
5077
4300
2999
1707
542
-808
-2044
-3119
-3982
-4340
-4478
-4562
-4353
-3962
-3401
-2844
-2531
-2035
-1355
-731
-155
266
736
1308
1735
2035
2269
2524
2781
2782
2676
2435
2009
1564
842
-36
-916
-1913
-2847
-3733
-4476
-4891
-5138
-5138
-4861
-4441
-3745
-2880
-1938
-895
72
1073
1996
2832
3766
4400
4980
5610
5862
6021
6024
5704
5309
4534
3562
2556
1147
-155
-1333
-2565
-3547
-4426
-4939
-4957
-4886
-4592
-3999
-3189
-2160
-1271
-481
343
1069
1760
2250
2519
2736
2796
2694
2517
2211
1868
1554
1170
684
128
-535
-1220
-1912
-2743
-3459
-4069
-4606
-4870
-5116
-5137
-4698
-4089
-3291
-2343
-1243
109
1278
2146
3025
3806
4363
4669
4679
4620
4606
4413
4074
3760
3469
3092
2452
1729
1077
331
-541
-1365
-2096
-2806
-3400
-3744
-3719
-3403
-2989
-2434
-1621
-721
166
1006
1701
2290
2488
2386
2216
1837
1397
916
391
-56
-536
-976
-1271
-1532
-1736
-2001
-2323
-2430
-2590
-2837
-3026
-3175
-3012
-2741
-2508
-2049
-1486
-774
16
570
1244
1933
2307
2631
2801
2786
2647
2483
2387
2109
1832
1820
1852
1888
1905
1912
1970
1836
1512
989
398
-30
-621
-1263
-1597
-1823
-1936
-1793
-1491
-1069
-603
-101
395
713
952
1089
990
796
446
-5
-355
-679
-932
-1170
-1379
-1361
-1280
-1239
-1110
-997
-849
-670
-728
-855
-980
-1201
-1345
-1487
-1479
-1310
-1213
-935
-489
-86
366
811
1160
1430
1442
1262
1087
921
824
657
488
554
734
986
1269
1453
1577
1584
1450
1153
599
54
-438
-998
-1485
-1878
-2040
-1912
-1598
-1210
-753
-202
440
945
1227
1414
1510
1476
1234
866
512
240
-54
-375
-447
-379
-296
-128
42
304
539
541
463
263
-69
-445
-1043
-1527
-1698
-1823
-1823
-1668
-1292
-667
-66
450
877
1240
1501
1506
1296
997
670
374
20
-222
-172
31
346
614
824
1095
1181
1047
783
267
-284
-809
-1309
-1567
-1789
-1854
-1519
-1043
-508
28
549
1125
1511
1558
1391
1080
659
121
-541
-1110
-1497
-1797
-1938
-1881
-1682
-1299
-830
-486
-182
39
132
100
-165
-492
-706
-889
-1006
-994
-806
-324
251
803
1414
1959
2333
2429
2215
1860
1464
947
317
-326
-793
-1008
-1027
-839
-426
289
1158
1710
1998
2353
2621
2579
2092
1398
962
577
-38
-665
-1144
-1173
-905
-926
-1031
-867
-594
-505
-872
-1376
-1581
-1720
-2061
-2477
-2649
-2373
-1934
-1639
-1243
-533
272
967
1374
1565
1827
1940
1749
1375
934
630
389
54
-249
-520
-605
-475
-453
-538
-571
-496
-460
-649
-1013
-1264
-1275
-1217
-1214
-1079
-516
262
927
1481
2172
3026
3722
4065
4109
3997
3774
3214
2293
1325
498
-132
-774
-1408
-1765
-1913
-1968
-2047
-2177
-2173
-2071
-2152
-2350
-2452
-2421
-2330
-2249
-2128
-1839
-1303
-717
-233
187
669
1209
1553
1575
1463
1344
1151
745
83
-535
-939
-1282
-1708
-2145
-2299
-2143
-1917
-1667
-1426
-1076
-549
-166
-24
143
572
1148
1490
1678
2054
2616
3141
3503
3782
4143
4575
4808
4599
4107
3610
2973
2045
830
-335
-1099
-1714
-2312
-2845
-3134
-2920
-2582
-2392
-2152
-1828
-1428
-1084
-999
-972
-836
-595
-389
-379
-238
110
488
694
731
893
1118
1161
917
484
134
-171
-691
-1357
-1943
-2290
-2482
-2687
-2810
-2705
-2324
-1871
-1516
-1120
-582
-41
336
523
678
882
1031
1030
919
946
1236
1542
1659
1748
2025
2427
2601
2493
2326
2194
1984
1410
604
-103
-626
-1094
-1593
-1944
-1958
-1705
-1381
-1129
-868
-459
-79
72
55
-32
-42
-38
-128
-170
-109
58
289
495
704
935
1078
1080
909
561
157
-326
-942
-1578
-2087
-2472
-2769
-2911
-2887
-2550
-2011
-1460
-891
-336
290
777
1017
1154
1249
1307
1290
1187
1142
1308
1532
1773
2103
2520
2984
3298
3371
3249
2937
2407
1656
743
-130
-866
-1515
-2095
-2563
-2802
-2726
-2435
-2152
-1850
-1401
-926
-616
-461
-439
-386
-285
-229
-208
-270
-241
-137
-64
2
41
42
61
-5
-171
-439
-797
-1115
-1408
-1639
-1800
-1844
-1731
-1514
-1172
-733
-233
326
845
1248
1566
1798
1932
1991
1922
1852
1835
1838
1846
1834
1917
2063
2130
2137
2102
2028
1905
1630
1248
767
307
-123
-669
-1181
-1551
-1842
-2026
-2170
-2208
-2024
-1794
-1511
-1284
-1090
-841
-679
-539
-452
-479
-506
-582
-806
-1014
-1183
-1301
-1316
-1302
-1230
-1154
-1036
-811
-690
-578
-428
-283
-116
27
161
309
458
614
755
901
1113
1271
1416
1523
1566
1617
1529
1328
1091
868
699
503
279
170
248
463
628
832
1113
1360
1539
1490
1327
1108
795
456
-21
-526
-876
-1218
-1500
-1642
-1675
-1453
-1136
-875
-609
-398
-155
15
-19
-119
-224
-367
-554
-845
-1090
-1187
-1263
-1282
-1269
-1165
-909
-643
-409
-217
-134
-3
135
59
-30
-71
-44
-24
-105
-94
46
218
446
653
819
1047
1223
1313
1321
1220
1122
1022
829
572
298
103
27
-80
-182
-132
-1
161
366
495
578
649
589
452
262
101
52
7
9
91
181
361
515
525
528
455
200
-192
-673
-1151
-1617
-2060
-2381
-2518
-2431
-2219
-1920
-1491
-993
-435
125
601
1012
1302
1476
1593
1570
1405
1233
1018
792
632
446
323
263
208
249
247
200
238
145
-69
-281
-578
-906
-1179
-1381
-1456
-1415
-1223
-834
-317
235
796
1320
1791
2196
2408
2453
2370
2144
1820
1385
857
388
-54
-488
-856
-1206
-1454
-1636
-1834
-1988
-2127
-2202
-2228
-2282
-2227
-2128
-1972
-1680
-1386
-1021
-566
-76
424
825
1150
1459
1602
1624
1547
1264
968
600
190
-104
-414
-615
-671
-711
-644
-575
-484
-309
-267
-258
-241
-291
-260
-266
-257
-121
-24
204
570
921
1350
1760
2173
2600
2872
3064
3078
2923
2667
2172
1544
926
272
-312
-843
-1307
-1570
-1731
-1733
-1614
-1460
-1205
-975
-814
-631
-484
-352
-239
-218
-157
-122
-138
-119
-97
-89
-80
-92
-98
-104
-169
-274
-393
-501
-620
-772
-890
-969
-1033
-1050
-971
-893
-829
-685
-550
-396
-233
-133
-66
12
89
165
216
256
334
413
536
631
687
721
702
715
715
655
616
571
530
504
402
343
336
296
289
226
154
123
74
37
13
-12
32
99
140
184
187
190
194
119
25
-48
-137
-290
-501
-658
-739
-790
-801
-736
-603
-454
-292
-169
-87
22
90
111
77
-26
-119
-211
-335
-435
-505
-508
-412
-310
-147
52
236
437
585
682
795
853
853
819
746
706
619
547
540
547
601
679
745
806
822
796
697
525
373
182
-30
-257
-508
-650
-742
-833
-867
-877
-844
-801
-830
-874
-907
-942
-986
-1070
-1120
-1079
-995
-881
-722
-494
-215
37
207
347
487
595
621
553
456
362
248
120
18
-52
-84
-105
-114
-106
-76
-11
14
20
22
32
44
-12
-50
-54
-80
-68
-36
-4
60
134
226
325
394
529
673
730
785
819
854
905
894
846
827
790
746
679
580
501
378
230
79
-50
-140
-256
-402
-523
-577
-609
-637
-668
-672
-604
-504
-409
-333
-293
-249
-218
-255
-280
-298
-335
-348
-364
-353
-348
-366
-330
-320
-328
-304
-321
-323
-317
-332
-336
-376
-403
-388
-377
-346
-307
-276
-187
-93
-29
37
86
154
243
319
396
494
653
832
983
1146
1299
1399
1456
1441
1349
1235
1059
800
481
139
-178
-473
-728
-907
-1025
-1053
-1002
-941
-838
-679
-508
-347
-225
-159
-122
-130
-192
-289
-384
-423
-429
-416
-374
-307
-213
-50
122
256
393
490
493
440
331
206
108
-9
-118
-200
-225
-174
-100
-23
103
247
395
516
591
629
625
562
428
266
163
100
35
11
7
29
83
129
197
255
270
227
118
-23
-223
-465
-713
-931
-1082
-1189
-1253
-1263
-1235
-1168
-1028
-873
-733
-605
-495
-401
-341
-301
-263
-219
-162
-89
38
228
439
618
782
936
1039
1082
1091
1052
972
896
805
667
529
395
289
226
214
253
299
396
512
585
608
580
538
480
391
309
235
191
162
136
136
194
253
293
341
371
369
352
303
212
93
-66
-232
-386
-539
-642
-716
-792
-882
-945
-936
-903
-865
-837
-790
-726
-684
-657
-645
-647
-647
-635
-594
-547
-500
-441
-387
-336
-303
-281
-261
-242
-214
-149
-80
-28
23
66
112
141
129
93
61
40
22
-14
-56
-79
-56
-25
20
104
204
334
460
569
650
711
781
812
812
786
762
727
644
565
499
429
368
316
285
268
233
167
71
-29
-132
-233
-342
-447
-517
-540
-522
-457
-355
-240
-88
65
219
340
406
464
482
487
452
396
353
326
306
277
264
271
317
360
399
422
402
360
275
138
-14
-149
-274
-376
-452
-498
-512
-500
-466
-405
-321
-231
-154
-104
-95
-121
-179
-279
-420
-562
-682
-747
-766
-764
-723
-665
-561
-445
-356
-285
-229
-201
-187
-192
-226
-282
-361
-420
-422
-381
-304
-189
-64
61
171
284
418
492
489
443
369
312
237
141
81
46
36
31
30
59
113
166
223
275
314
355
375
353
299
261
248
237
261
320
373
419
462
499
530
542
567
596
594
574
544
509
461
407
361
318
268
219
174
108
23
-70
-172
-296
-433
-546
-621
-676
-704
-683
-626
-559
-502
-466
-428
-375
-332
-310
-305
-321
-346
-384
-416
-446
-460
-438
-402
-351
-297
-220
-131
-56
-18
-3
32
46
46
33
2
-21
-55
-66
-51
-20
25
67
115
162
214
260
298
326
343
352
347
331
321
293
252
216
193
186
163
160
165
156
139
106
91
88
83
69
62
57
58
73
73
97
123
137
163
156
129
98
50
-6
-69
-132
-179
-207
-236
-262
-280
-260
-203
-137
-58
8
39
55
38
-15
-46
-73
-119
-174
-220
-242
-245
-236
-192
-130
-51
43
117
164
191
182
160
108
46
12
-34
-74
-79
-69
-61
-27
22
71
115
134
164
157
128
104
71
33
-14
-57
-89
-107
-110
-97
-81
-63
-41
-32
-25
-42
-88
-156
-232
-308
-372
-407
-412
-390
-351
-290
-202
-93
14
114
207
279
325
348
351
349
337
305
269
240
224
214
218
236
249
255
251
238
237
222
205
196
166
99
47
15
-22
-52
-68
-67
-63
-48
-44
-56
-52
-68
-105
-138
-154
-167
-180
-183
-162
-140
-132
-117
-115
-123
-142
-164
-182
-189
-202
-216
-231
-249
-255
-249
-230
-195
-150
-95
-38
-15
-8
17
27
32
34
11
2
-5
-6
-8
-16
2
24
43
61
84
121
155
177
191
197
196
188
175
171
168
168
166
179
201
218
226
240
254
246
233
222
187
138
82
26
-21
-58
-71
-62
-45
-18
11
39
53
41
19
-14
-65
-124
-195
-259
-310
-371
-418
-440
-436
-401
-349
-291
-230
-169
-106
-78
-66
-64
-76
-85
-96
-114
-139
-146
-154
-149
-122
-89
-40
2
59
117
163
205
231
253
259
259
248
213
196
194
195
209
252
298
327
351
365
359
334
305
257
199
149
109
54
24
17
20
26
32
40
35
28
30
24
2
-32
-88
-148
-205
-258
-310
-359
-391
-419
-436
-428
-402
-362
-323
-290
-259
-232
-195
-161
-141
-133
-143
-162
-166
-160
-171
-173
-181
-187
-175
-132
-70
-12
63
152
226
280
338
381
385
380
358
322
274
227
201
180
162
145
149
167
187
216
245
282
311
325
326
321
324
326
306
255
184
114
41
-30
-78
-116
-163
-202
-232
-245
-247
-249
-233
-234
-243
-260
-271
-295
-325
-345
-356
-352
-338
-305
-286
-271
-258
-229
-203
-177
-153
-137
-125
-117
-100
-86
-65
-53
-30
9
42
71
93
110
128
153
175
189
187
193
201
211
219
219
209
206
213
215
226
237
260
303
330
339
333
318
294
251
184
119
57
5
-39
-75
-97
-112
-106
-100
-98
-101
-104
-115
-129
-128
-133
-134
-144
-171
-191
-194
-186
-169
-166
-158
-142
-132
-117
-111
-106
-89
-64
-49
-47
-51
-57
-72
-76
-75
-86
-100
-114
-109
-88
-55
-20
19
45
68
98
113
112
105
105
101
106
118
143
180
218
234
247
250
237
211
167
115
48
-15
-72
-116
-154
-174
-162
-138
-117
-107
-99
-87
-71
-61
-61
-73
-75
-82
-88
-80
-75
-84
-94
-78
-65
-55
-49
-44
-48
-41
-34
-35
-35
-37
-47
-61
-52
-45
-39
-43
-38
-28
-15
-4
9
52
109
162
192
231
265
276
264
243
219
197
192
184
169
156
147
147
139
123
101
73
46
19
5
-13
-37
-59
-80
-88
-95
-106
-111
-100
-102
-103
-100
-106
-110
-120
-135
-156
-165
-155
-141
-125
-106
-76
-51
-45
-36
-19
-18
-29
-50
-73
-92
-104
-108
-114
-124
-122
-107
-100
-81
-33
22
72
116
141
163
184
189
178
141
109
96
93
98
102
116
131
138
134
117
101
86
66
55
40
8
-22
-47
-79
-102
-97
-78
-60
-53
-29
0
14
18
20
25
20
-4
-42
-85
-125
-144
-147
-141
-136
-119
-86
-60
-54
-54
-49
-50
-61
-68
-62
-61
-77
-101
-111
-122
-124
-97
-57
-8
39
94
149
188
201
208
199
182
163
142
134
119
100
69
44
31
25
17
7
4
17
39
57
60
54
42
21
9
0
-1
-7
-13
-11
-15
-8
12
10
-2
-6
-3
5
0
-22
-51
-74
-94
-120
-135
-132
-131
-129
-125
-121
-114
-89
-54
-26
9
42
59
52
23
-14
-43
-54
-56
-49
-26
3
36
56
57
51
40
25
29
39
55
71
76
79
73
62
36
20
23
36
59
77
93
89
73
43
11
-24
-50
-53
-46
-23
2
6
2
-8
-25
-47
-58
-59
-52
-45
-41
-36
-33
-30
-37
-37
-22
-17
-18
-14
-6
-2
-5
1
16
29
41
42
37
40
35
16
-3
-14
-17
-22
-27
-26
-15
-8
-1
16
32
38
46
49
55
52
42
31
22
29
27
11
-9
-21
-28
-25
-19
-20
-26
-35
-47
-67
-87
-103
-105
-103
-101
-93
-80
-61
-50
-44
-34
-14
-1
1
-3
3
14
19
20
8
-7
-21
-37
-40
-23
8
45
73
94
107
101
86
70
64
70
73
73
60
46
32
28
25
27
23
23
36
42
51
48
37
17
-5
-10
-11
-15
-19
-21
-28
-26
-21
-27
-39
-46
-46
-54
-71
-75
-69
-64
-48
-34
-24
-6
1
-5
-11
-18
-18
2
32
66
82
78
60
40
26
17
9
0
1
11
13
5
2
9
14
23
26
24
23
24
27
25
24
19
16
23
26
27
24
24
27
28
36
46
35
21
9
-21
-47
-62
-75
-84
-87
-89
-91
-83
-76
-77
-74
-60
-51
-55
-61
-69
-66
-66
-65
-66
-73
-74
-73
-62
-44
-21
-4
6
18
28
22
7
9
17
22
26
25
28
30
32
43
63
79
92
97
99
100
87
72
65
66
71
66
56
44
43
46
39
40
45
47
48
49
55
65
62
46
26
14
10
-4
-34
-65
-80
-82
-76
-64
-51
-41
-52
-72
-89
-92
-84
-76
-70
-59
-57
-64
-58
-44
-19
-9
2
14
18
20
-4
-30
-46
-49
-44
-49
-54
-44
-28
-13
-8
-13
-7
19
49
61
69
74
79
86
71
49
34
36
35
41
53
56
53
47
45
50
57
54
43
25
14
8
9
4
-10
-23
-34
-38
-38
-34
-31
-31
-46
-57
-49
-31
-14
-4
1
-11
-25
-22
-18
-25
-28
-29
-27
-29
-33
-41
-34
-34
-30
-14
4
12
6
4
-6
-14
-11
-1
12
18
16
15
22
26
35
51
56
39
16
0
-5
2
16
39
58
69
67
54
41
47
54
49
50
47
38
28
12
3
-3
-13
-18
-22
-21
-22
-25
-32
-31
-23
-21
-12
-9
-17
-23
-24
-20
-23
-34
-36
-27
-26
-34
-35
-40
-41
-51
-55
-63
-72
-79
-83
-85
-91
-89
-86
-73
-45
-25
-8
1
6
6
7
16
20
14
10
14
16
22
32
36
25
10
-2
-6
-11
-13
4
27
39
43
55
72
76
61
44
42
45
43
38
34
34
37
43
46
53
62
75
81
76
75
64
52
40
34
28
13
-3
-17
-19
-14
-5
5
3
-5
-10
-18
-27
-27
-31
-40
-42
-37
-26
-14
1
5
-8
-26
-36
-28
-18
-16
-20
-34
-45
-47
-45
-43
-38
-27
-16
-7
0
1
3
10
11
8
5
-1
1
1
0
-9
-16
-18
-11
-3
-2
8
4
-11
-18
-18
-28
-35
-38
-38
-35
-37
-31
-23
-10
-5
7
17
23
23
22
24
21
20
16
12
7
4
8
19
17
8
4
3
2
-2
-2
3
3
6
8
4
-2
-9
-13
-15
-14
-12
-15
-16
-20
-14
-12
-12
-4
4
10
8
11
15
9
10
11
-3
-25
-37
-39
-30
-22
-16
-6
0
2
1
1
5
6
-2
5
18
29
33
33
34
34
34
29
23
16
5
4
1
-8
0
20
32
42
46
52
47
45
46
41
38
25
18
4
-11
-17
-13
9
18
14
6
-3
-2
0
13
23
14
11
6
2
1
8
14
10
6
0
-4
-9
-3
-3
-9
-9
-19
-27
-29
-41
-58
-73
-85
-85
-67
-48
-42
-36
-25
-15
-13
-13
-13
-16
-24
-37
-52
-54
-45
-31
-19
-11
-18
-23
-6
9
9
2
4
15
37
56
75
86
89
85
70
55
47
45
51
50
41
40
28
19
16
6
-8
-28
-58
-77
-87
-94
-84
-65
-52
-54
-52
-49
-47
-45
-50
-63
-67
-63
-50
-29
-16
-19
-11
12
32
43
38
29
21
25
40
60
64
60
68
69
65
58
51
48
41
29
13
12
21
37
42
33
12
-8
-12
-16
-11
-17
-24
-33
-38
-33
-30
-16
-10
-6
-3
-2
-8
-16
-18
-26
-42
-54
-53
-36
-7
18
34
32
28
39
32
22
17
18
24
21
25
39
53
57
57
51
39
30
35
38
29
4
-16
-16
-8
-12
-11
-9
0
5
-5
-6
-6
1
5
1
-12
-18
-22
-28
-25
-14
-9
-9
-9
2
0
-6
-13
-24
-32
-50
-50
-43
-34
-26
-21
-19
-20
-21
-19
-14
-8
-3
-1
12
24
15
-3
-16
-7
5
4
-7
-17
-21
-18
-11
4
12
-2
-7
-17
-21
-24
-41
-35
-19
-1
13
11
5
3
0
-2
-4
-13
-31
-45
-42
-28
-19
-7
5
7
19
13
-3
-17
-27
-25
-13
-5
-12
-11
-1
12
22
29
32
26
30
44
45
41
37
33
37
37
44
48
45
52
46
46
48
46
38
31
31
28
26
20
13
11
12
9
7
3
-2
-16
-26
-37
-42
-32
-33
-41
-47
-36
-21
-5
1
2
-4
-16
-17
-16
-10
-7
2
12
26
37
34
22
23
27
23
12
1
-6
-8
1
2
-5
-7
-12
-19
-27
-30
-32
-39
-35
-21
-5
7
1
-9
-20
-29
-33
-31
-16
-8
-5
-2
-6
-6
2
7
5
8
6
-3
-14
-6
4
6
6
14
21
8
-3
-16
-26
-24
-15
-6
-5
-6
-17
-32
-31
-32
-26
-13
-10
-9
-11
-14
-15
-18
-10
-3
-2
-3
-8
-4
1
-4
-8
-2
3
7
18
27
24
29
32
31
33
36
36
31
28
26
26
22
19
25
32
37
45
53
59
50
39
30
21
5
-5
-12
-2
15
14
6
0
-6
-19
-31
-36
-29
-13
0
10
11
14
16
14
4
-9
-14
-13
-15
-23
-22
-7
14
21
12
-14
-40
-58
-72
-71
-67
-65
-61
-53
-48
-42
-38
-38
-38
-31
-27
-20
-23
-34
-48
-61
-54
-31
-14
-3
7
17
29
33
30
22
23
28
26
17
17
33
59
72
66
67
63
57
43
35
29
22
16
12
13
25
52
61
59
53
49
40
22
8
7
17
32
37
37
45
38
23
4
-16
-41
-46
-37
-32
-20
-1
10
14
10
-3
-5
4
-4
-15
-28
-41
-44
-38
-28
-24
-24
-22
-32
-38
-33
-38
-51
-65
-70
-71
-61
-56
-49
-45
-46
-42
-34
-16
1
4
1
-5
-9
-5
4
13
12
-4
-25
-34
-35
-31
-25
-24
-26
-24
-17
0
26
50
52
43
41
34
36
33
27
21
28
50
52
47
42
27
17
21
11
5
-3
-13
-15
-16
4
30
44
49
47
29
12
4
5
12
15
29
39
46
57
54
46
41
30
22
18
-1
-13
-23
-25
0
5
2
-4
-9
-8
-13
-17
-30
-45
-59
-64
-68
-62
-48
-28
-14
-11
-5
1
-5
-20
-29
-22
-13
-9
-8
-7
-6
1
14
19
25
23
12
4
-5
-4
3
-1
-11
-13
-17
-17
-15
-6
-4
0
8
9
9
8
2
-17
-20
-14
-14
-9
5
22
42
54
43
24
11
6
-12
-28
-25
-25
-28
-24
-8
4
12
26
27
21
15
-3
-15
-21
-21
-20
-15
-1
7
10
4
4
6
9
5
-3
-9
-19
-33
-35
-32
-20
0
13
21
15
7
-2
-12
-12
-6
5
12
3
-5
3
6
12
32
44
38
27
11
-9
-19
-20
-18
-14
-7
-9
-11
3
13
19
24
11
-6
-19
-27
-29
-20
-2
6
6
16
19
14
22
11
-2
3
12
23
19
8
-1
5
18
29
35
47
44
36
27
14
15
15
22
29
28
24
16
1
-13
-19
-16
-11
-8
-9
-20
-31
-30
-20
-9
-14
-36
-46
-40
-34
-35
-29
-19
-20
-28
-34
-43
-49
-52
-56
-54
-40
-24
-17
-16
-19
-22
-22
-7
3
10
25
33
31
17
8
4
9
19
28
45
59
69
58
46
33
26
24
21
27
30
25
23
14
11
12
13
22
16
5
6
-3
-13
-21
-33
-34
-25
-19
-14
-12
-16
-14
-15
-9
-15
-19
-8
-1
6
23
35
32
27
34
40
35
20
5
-6
-13
-23
-35
-36
-49
-65
-73
-74
-70
-58
-44
-43
-39
-37
-43
-51
-60
-69
-62
-41
-27
-4
17
33
32
24
23
13
16
21
21
31
33
41
53
59
64
54
58
68
67
71
76
76
73
65
61
58
58
51
43
42
47
45
39
42
31
10
-4
-9
0
16
26
19
8
-5
-25
-35
-35
-44
-48
-58
-68
-80
-86
-80
-75
-68
-62
-56
-50
-55
-72
-81
-71
-56
-38
-27
-17
-9
-1
0
-7
-16
-23
-27
-28
-27
-31
-28
-33
-44
-32
-14
-3
1
0
3
9
18
14
11
24
24
25
35
45
52
58
52
41
27
20
21
24
27
29
43
43
26
25
33
40
39
28
14
5
4
1
-2
-6
-2
15
29
42
39
29
15
3
-6
-6
-1
4
14
20
27
34
35
32
20
10
6
-2
-12
-12
-8
-16
-19
-11
-4
-1
1
1
-10
-15
-26
-43
-57
-68
-67
-60
-63
-67
-62
-68
-76
-76
-75
-72
-66
-50
-43
-34
-24
-12
3
11
14
16
34
40
43
45
47
44
44
54
63
74
79
67
47
39
31
24
17
9
7
10
11
11
8
11
18
17
16
20
20
15
19
18
15
19
25
11
-6
-6
-8
-10
-16
-23
-24
-20
-15
-22
-33
-42
-46
-49
-47
-40
-24
-21
-22
-13
-6
-10
1
16
22
29
31
28
11
-5
-16
-19
-14
-25
-33
-28
-21
-25
-30
-32
-27
-15
-17
-28
-34
-32
-29
-21
-7
12
29
37
39
46
38
27
26
29
30
31
27
14
13
13
22
23
12
0
-14
-16
-13
-13
-11
1
19
34
45
51
60
57
44
32
23
25
25
24
16
12
2
-12
-20
-29
-36
-40
-47
-50
-47
-42
-38
-36
-35
-35
-35
-34
-35
-36
-35
-42
-45
-31
-13
-2
-3
-7
-6
5
13
7
12
19
13
10
10
9
4
9
22
25
26
17
5
3
3
11
16
20
25
32
43
43
32
25
21
16
15
22
36
42
41
38
24
15
6
1
-4
0
4
0
-13
-30
-38
-40
-37
-35
-29
-22
-16
-4
0
3
-2
-12
-15
-17
-10
-6
-3
-4
-1
2
-2
-8
-9
-13
-28
-40
-47
-52
-57
-50
-39
-26
-3
7
4
-1
-9
-6
5
12
13
14
25
28
27
36
42
41
39
29
24
15
6
-4
-16
-27
-38
-37
-25
-8
-4
-4
4
-3
-8
1
3
-5
-1
0
2
3
2
3
2
5
9
11
22
34
34
30
16
13
16
14
6
-7
-7
-4
4
6
4
5
-1
-8
-6
-1
-1
13
21
21
27
35
30
16
7
-3
-6
-13
-26
-29
-34
-36
-38
-25
-15
-13
-5
5
6
3
4
-10
-24
-31
-28
-20
-17
-10
-10
-13
-9
1
9
13
9
-1
-6
-15
-11
3
14
27
29
27
25
23
18
10
10
12
10
11
5
16
32
36
29
19
13
12
15
4
-7
-10
-13
-14
-1
11
3
-5
-11
-23
-23
-18
-16
-11
-8
-5
-9
-11
-13
-11
-8
-1
5
4
6
3
1
-6
-13
-27
-34
-27
-18
-19
-30
-35
-38
-28
-17
-22
-29
-39
-36
-26
-18
-9
-3
1
4
5
1
2
6
9
6
-2
-2
10
23
33
33
27
10
-2
-9
-8
0
13
26
29
24
29
40
45
51
51
55
58
45
42
44
46
53
58
62
66
57
39
21
5
-17
-44
-53
-50
-40
-23
-18
-19
-24
-27
-25
-30
-30
-40
-61
-67
-70
-58
-39
-23
-12
-2
5
11
7
-4
-15
-37
-55
-65
-66
-54
-45
-33
-10
20
38
50
52
36
18
-1
-16
-31
-31
-22
-5
21
36
46
48
48
36
21
8
3
13
25
39
42
30
21
9
-1
-18
-33
-37
-39
-36
-21
-4
6
11
13
6
1
-15
-26
-31
-23
-6
14
29
37
46
44
45
31
13
7
-5
-12
-3
10
16
33
46
53
51
51
52
36
19
-7
-25
-40
-54
-53
-40
-21
-3
9
5
-8
-21
-35
-49
-60
-63
-61
-53
-31
-13
7
17
14
-2
-26
-45
-64
-82
-87
-69
-30
10
39
57
50
31
11
-15
-24
-19
-5
14
41
73
92
90
81
65
46
32
21
10
8
6
9
15
21
24
15
8
6
-4
-25
-38
-41
-40
-40
-46
-60
-67
-68
-62
-53
-42
-29
-24
-17
-12
-18
-22
-22
-19
-9
8
32
56
78
87
86
77
65
51
42
38
40
39
23
11
4
-6
-26
-49
-55
-51
-40
-25
1
19
32
31
21
8
-10
-23
-30
-27
-20
-14
-11
-7
-12
-30
-34
-34
-34
-31
-20
-5
-1
7
12
12
22
29
30
37
39
46
65
80
76
61
52
43
31
14
-2
-2
4
17
30
31
23
10
-6
-22
-34
-41
-36
-33
-9
12
12
7
-6
-13
-23
-39
-57
-70
-70
-77
-86
-77
-71
-68
-58
-44
-34
-26
-28
-31
-34
-45
-47
-49
-41
-29
-14
9
27
40
43
38
27
9
-11
-18
-29
-31
-19
1
8
-1
-1
0
-3
-4
2
23
35
47
61
60
54
48
41
35
42
58
75
88
98
99
91
77
54
40
38
43
47
52
53
49
41
27
10
5
2
-4
-6
-9
-12
-16
-12
-11
-13
-14
-27
-34
-32
-45
-60
-71
-68
-65
-67
-58
-44
-33
-27
-26
-30
-35
-42
-51
-56
-55
-61
-66
-60
-50
-37
-25
-19
-18
-17
-20
-15
-11
-2
4
2
9
13
12
8
10
15
11
13
20
22
21
18
10
9
11
5
6
9
12
14
17
25
31
39
46
57
60
59
55
44
38
23
20
19
27
36
34
35
32
24
17
18
23
31
31
36
35
19
11
-7
-26
-32
-24
-17
-20
-17
-18
-27
-40
-50
-57
-63
-55
-41
-22
-8
-3
-2
-9
-21
-35
-37
-33
-25
-16
-1
8
7
-3
-14
-28
-40
-48
-63
-70
-69
-60
-43
-26
-15
-19
-29
-38
-40
-33
-15
13
27
38
40
40
44
38
30
34
41
42
46
44
49
59
55
55
49
51
50
43
35
21
15
8
15
27
27
11
-4
-7
-6
-5
-10
-5
-2
5
5
-6
-10
-24
-36
-43
-38
-24
-13
3
17
17
4
-13
-33
-49
-63
-63
-55
-40
-17
-10
2
11
17
25
25
26
23
19
11
12
29
41
49
42
43
53
52
43
22
8
1
0
-5
-9
-14
-15
-12
-13
3
7
-10
-21
-16
-3
6
0
-7
7
15
7
-1
4
11
0
-12
-24
-36
-54
-67
-73
-66
-48
-29
-16
-14
-14
-8
-12
-30
-28
-25
-11
11
19
18
11
5
7
-4
-21
-36
-55
-66
-81
-67
-48
-42
-32
-31
-27
-27
-24
-11
-5
0
3
14
29
41
50
58
71
84
96
94
75
58
37
10
0
5
23
31
28
24
27
30
24
17
12
14
16
16
19
20
18
12
24
39
41
35
32
29
23
16
6
-5
-15
-15
0
11
22
30
31
37
45
43
40
37
23
9
-11
-33
-54
-56
-47
-40
-38
-40
-46
-48
-45
-51
-50
-52
-58
-59
-56
-47
-35
-23
-9
0
7
1
-10
-33
-48
-42
-38
-31
-21
-10
-14
-29
-36
-38
-29
-27
-36
-40
-41
-44
-43
-29
-19
-14
-1
12
20
12
6
7
11
11
10
12
17
22
11
22
39
39
38
44
45
39
33
30
39
50
68
75
78
87
85
77
69
65
56
48
40
42
50
54
52
42
22
-5
-22
-23
-21
-28
-34
-34
-24
-27
-33
-34
-40
-48
-59
-53
-45
-41
-40
-51
-60
-67
-69
-70
-71
-56
-34
-16
1
18
35
42
29
9
-10
-16
-16
-19
-7
12
18
27
29
30
27
9
-4
-15
-24
-41
-37
-23
-25
-22
-18
-8
4
11
6
-2
-13
-17
-19
-15
1
15
29
38
35
33
23
15
15
9
11
17
24
35
39
36
31
24
27
26
26
28
32
37
26
8
-4
-12
-12
-2
1
3
-2
0
12
6
-8
-19
-28
-37
-28
-12
0
12
8
2
-5
-14
-22
-38
-43
-37
-21
-17
-11
-6
-9
-5
0
4
8
14
17
9
1
-3
-1
-4
-7
-8
-11
-6
-1
-2
-7
-16
-27
-40
-48
-48
-47
-46
-42
-40
-32
-28
-24
-20
-11
-4
-5
-2
5
26
39
42
39
36
31
18
18
27
35
45
45
49
46
36
35
32
23
23
32
43
48
47
48
42
28
13
4
-3
-6
-17
-29
-38
-49
-52
-47
-38
-33
-20
-8
-7
-13
-16
-20
-19
-16
-12
3
20
30
27
17
-3
-27
-28
-19
-23
-34
-32
-20
-18
-19
-13
4
12
5
0
-4
-4
0
21
44
45
38
32
19
-10
-25
-13
5
14
6
-2
-4
-7
-7
-9
-13
-10
-8
-5
-2
10
14
6
-4
-13
-17
-10
2
7
11
3
-8
-19
-22
-19
-11
9
25
34
33
24
19
11
10
9
-1
2
2
8
19
20
10
-2
-18
-34
-38
-37
-40
-37
-23
-7
-2
-2
-7
-16
-19
-24
-28
-26
-21
-17
-8
-8
-10
6
22
28
27
22
23
25
18
12
7
17
32
42
42
33
32
41
33
18
-2
-12
-10
-2
7
12
19
11
-4
-11
-13
-10
-5
-9
-18
-33
-39
-29
-23
-16
-10
-8
-6
-24
-45
-47
-37
-28
-21
-13
-10
-12
-12
-9
2
2
-2
-5
-6
1
7
30
41
24
18
26
34
38
39
40
36
20
5
12
31
55
59
42
23
-2
0
1
3
3
-4
-22
-40
-37
-25
-9
-11
-22
-35
-42
-44
-37
-15
7
18
17
13
2
-14
-24
-24
-15
-10
-9
-3
11
9
-3
-6
-9
-17
-19
-12
-1
6
10
17
18
15
15
8
3
9
19
16
19
14
1
-10
-19
-13
-4
11
24
28
23
10
9
0
-6
-12
-20
-26
-14
2
18
23
1
-20
-36
-45
-50
-62
-67
-45
-18
-4
2
7
13
8
3
6
8
13
10
8
22
45
49
44
41
23
10
2
4
0
-2
