52
55
45
33
25
18
10
0
2
-2
-7
-6
-2
5
9
9
2
3
6
8
0
-17
-32
-33
-44
-44
-33
-30
-24
-10
-6
1
7
-4
-23
-37
-32
-28
-19
-14
-10
-5
0
16
25
21
9
2
0
-8
-15
-12
-10
-1
13
31
53
61
63
48
36
27
21
14
12
23
27
18
14
24
34
42
43
43
34
19
5
-12
-27
-37
-36
-29
-22
-17
-9
-3
-5
0
8
16
16
14
9
4
3
7
5
2
0
1
6
9
11
10
9
9
6
0
-4
0
-1
1
-12
-19
-12
-10
-8
-6
-9
-20
-17
-2
8
3
-3
1
3
3
-6
-12
-14
-22
-29
-29
-26
-26
-33
-44
-50
-46
-39
-39
-44
-44
-36
-17
-4
7
9
1
-4
-1
7
2
-5
-2
3
-1
1
12
14
2
3
11
20
21
25
27
19
18
33
51
48
41
29
19
13
7
9
4
-4
-10
-15
-11
-8
-11
-14
-11
-13
-20
-19
-12
-13
-25
-20
-15
-24
-28
-30
-27
-8
6
15
13
6
12
25
27
25
19
13
-2
-14
0
12
15
12
5
0
10
12
16
23
23
35
42
40
33
25
15
12
15
20
15
4
11
12
10
0
-18
-26
-27
-25
-20
-15
-13
-16
-21
-13
-1
0
-6
-9
-7
-1
3
-4
-18
-29
-26
-13
-1
17
22
12
-2
-3
8
10
17
20
9
-5
-9
-3
-2
-7
-18
-27
-44
-43
-14
1
7
-3
-13
-12
-5
13
31
30
13
3
-5
1
17
22
7
-13
-11
7
16
20
18
19
16
10
9
14
12
21
23
5
-3
-2
8
21
29
17
4
-9
-19
-20
-22
-29
-41
-51
-65
-56
-37
-24
-10
-10
-16
-23
-15
-6
9
7
-15
-24
-22
-25
-26
-25
-26
-25
-25
-14
-12
-8
-11
-22
-25
-30
-24
-14
-14
-12
0
-4
-7
0
1
-8
-17
-21
-12
0
6
3
0
-3
4
20
31
33
34
42
47
52
49
48
50
49
47
50
45
35
43
47
49
55
65
63
61
50
37
31
27
27
23
32
35
33
29
24
26
27
27
23
6
-18
-25
-32
-32
-20
-21
-14
6
14
19
29
35
33
12
-8
-27
-43
-58
-72
-84
-96
-93
-76
-63
-56
-51
-56
-51
-46
-54
-58
-61
-68
-71
-60
-35
-12
-4
-9
-4
17
43
64
69
49
24
0
-19
-35
-47
-61
-70
-74
-73
-70
-48
-27
-12
9
19
21
34
40
25
17
15
16
30
52
73
89
98
94
93
82
73
68
53
37
10
-29
-53
-55
-57
-51
-45
-44
-59
-70
-42
-30
-33
-17
6
14
11
4
5
-2
-14
-8
-15
-25
-23
-2
15
19
14
9
16
25
27
21
15
4
-8
-3
15
22
17
22
23
34
57
52
33
21
23
31
44
43
27
20
14
14
12
9
6
-6
-12
-3
10
18
29
16
-7
-21
-13
-6
-10
1
-5
-25
-26
-9
-5
1
1
-10
-15
-33
-46
-40
-40
-27
-20
-22
-15
2
9
13
13
14
20
30
36
38
44
40
32
33
35
25
15
4
-26
-44
-45
-61
-79
-74
-82
-86
-82
-73
-50
-35
-23
-20
-15
-13
-17
-14
-8
-1
-10
-5
19
6
-10
5
-2
-11
1
-1
-17
-26
-32
-48
-52
-29
-14
-11
25
74
115
149
178
179
142
101
64
14
-42
-63
-66
-73
-74
-61
-28
-2
12
36
44
17
5
10
-6
-29
-19
-10
-34
-27
13
31
34
83
117
85
48
29
-5
-52
-74
-70
-97
-111
-69
-42
-41
-14
22
15
-2
15
37
19
11
14
-15
-55
-68
-59
-53
-58
-80
-110
-134
-130
-117
-86
-58
-58
-37
19
77
114
143
165
161
156
149
117
94
93
76
41
42
50
32
34
35
11
-20
-25
-47
-79
-53
-36
-71
-67
9
51
87
163
180
130
111
122
75
42
59
29
-14
0
22
-32
-64
-64
-86
-108
-89
-77
-90
-77
-57
-51
-60
-43
-14
4
13
14
25
16
-15
-48
-65
-82
-88
-51
-31
-41
-53
-57
-86
-91
-59
-68
-89
-78
-27
-8
12
44
69
61
47
67
60
41
24
11
3
19
38
38
29
-8
-28
-15
9
-4
-7
13
-5
-11
12
17
0
22
51
46
56
93
85
13
-2
11
-17
-32
-22
-22
-21
12
27
7
-22
-37
-53
-45
-21
-13
-17
-18
-49
-79
-65
-52
-77
-120
-132
-144
-142
-133
-117
-99
-99
-91
-73
-25
-8
-42
-56
-12
11
-26
-33
22
80
130
171
169
139
164
206
203
206
209
149
65
91
118
80
106
127
49
-6
29
20
15
66
40
18
73
97
-6
25
164
177
118
119
103
75
176
229
131
81
186
194
151
204
157
41
113
207
66
-12
115
98
-41
23
108
-15
-57
-21
-134
-241
-219
-279
-402
-339
-296
-476
-618
-553
-551
-611
-568
-461
-465
-453
-328
-280
-243
-118
-34
-70
-66
-52
-89
-110
-122
-159
-83
100
128
67
171
273
206
231
288
231
264
361
252
174
301
245
45
180
331
30
-100
203
253
-34
-54
81
-90
-178
-70
-227
-493
-345
-219
-426
-490
-353
-422
-479
-230
-133
-345
-365
184
475
-100
-520
375
1028
414
-43
602
791
479
745
951
448
473
1039
806
515
833
783
204
461
878
432
-88
66
-25
-377
-264
-132
-607
-974
-800
-565
-548
-651
-753
-750
-662
-591
-528
-549
-794
-857
-611
-408
-513
-613
-563
-369
-121
-80
-364
-563
512
1505
255
-1543
158
2487
1077
-835
678
1743
535
938
1963
779
133
1925
1735
248
1049
1791
81
-20
1570
862
-658
-75
168
-823
-514
16
-1117
-1732
-716
-630
-1506
-1552
-1233
-1432
-1410
-1134
-1025
-902
-982
-1259
-852
-73
-83
-562
-564
-242
241
643
455
-95
167
997
991
503
489
641
144
939
2204
885
-1816
76
3173
1287
-1417
533
1810
-156
435
2086
543
-705
1560
1430
-265
612
1324
-1149
-1011
1366
346
-1905
-830
58
-1203
-980
-204
-1465
-2241
-911
-889
-1760
-1225
-696
-1603
-1629
-752
-505
-553
-635
-1105
-771
331
252
-647
-786
-394
-51
323
-12
-823
-306
797
542
-304
6
382
688
1718
1534
-888
-827
2559
2802
-393
-477
2175
1757
598
1423
1808
742
1614
2216
914
826
1947
758
-563
846
1392
-168
-591
156
-227
-347
62
-533
-1179
-583
-586
-1172
-854
-629
-1307
-1262
-661
-884
-971
-653
-1039
-1223
-188
136
-869
-1158
-333
-44
-167
-163
-369
-469
231
486
-462
-745
885
2031
291
-1449
309
2619
1516
-153
652
1382
895
1489
1976
777
410
1795
1613
503
1028
1365
-212
-442
936
387
-1343
-1281
-833
-1561
-1562
-1097
-1838
-2648
-1904
-1338
-1838
-2034
-1442
-1158
-1476
-1493
-868
-563
-1117
-1295
-514
29
-119
-256
-402
-479
293
903
241
-279
564
1126
617
201
699
1988
2545
648
-914
1492
3910
2037
-365
783
2173
1965
1793
1666
778
1068
2173
1570
398
748
772
-530
-504
541
-19
-1323
-1410
-1442
-1572
-1068
-1223
-2434
-2293
-1024
-1103
-2017
-1812
-1335
-1528
-1425
-1046
-1180
-1360
-1035
-851
-728
-325
-35
-507
-801
-186
717
600
101
155
698
965
794
251
235
2065
2948
608
-1085
1782
3707
1452
-86
1603
2062
1413
1981
1762
113
578
2185
1109
-111
790
855
-721
-394
554
-224
-1162
-1104
-1531
-1533
-590
-864
-2247
-1901
-729
-1083
-1759
-1380
-1176
-1289
-856
-626
-730
-674
-653
-835
-268
339
107
-338
-107
331
505
546
513
601
909
1304
1085
410
1018
2519
1809
-640
-137
2636
2526
187
70
1244
1206
1290
1764
708
-305
950
1818
553
-64
573
-129
-1036
-250
55
-1225
-1844
-1622
-1783
-1659
-1378
-2193
-2842
-1973
-1394
-1831
-1937
-1671
-1722
-1254
-649
-861
-1092
-764
-667
-641
-84
-21
-530
-449
140
255
357
683
357
133
844
1160
82
641
2547
1851
-667
524
3139
2271
519
1359
1931
931
1701
2648
1283
-29
1495
1971
988
758
941
-326
-395
749
247
-1185
-1027
-738
-1576
-1482
-981
-1868
-2816
-2042
-1605
-1940
-1914
-1840
-2316
-1936
-1087
-983
-1305
-1213
-1019
-783
-162
263
125
-43
413
867
996
1126
1249
1097
1279
1674
1459
1294
1937
2067
1240
1178
1906
2177
1965
1730
1333
1436
1960
1983
1573
1277
1252
1373
1358
893
397
227
131
-152
-562
-997
-1246
-1508
-1978
-2297
-2096
-2250
-2837
-2932
-2653
-2589
-2433
-2351
-2606
-2611
-1981
-1543
-1609
-1658
-1216
-690
-420
-376
-219
0
310
579
730
877
1099
1111
1017
1388
1497
1348
1584
2142
1650
1282
1645
2159
2093
2131
1716
1426
1884
2254
1730
1288
1374
1073
1005
1274
932
-164
-142
253
-315
-1229
-1177
-1399
-2028
-2246
-2220
-2565
-2640
-2523
-2873
-2941
-2283
-1967
-2412
-2433
-1782
-1134
-965
-1124
-1264
-819
-141
90
47
231
444
683
1120
1321
1179
1230
1627
1739
1605
1846
2283
2071
1497
1670
2237
2028
1520
1739
1794
1264
1168
1587
1323
850
912
682
260
427
361
-709
-1213
-788
-897
-1759
-2139
-2153
-2292
-2327
-2243
-2526
-2781
-2702
-2437
-2300
-2349
-2300
-2087
-1706
-1399
-1189
-1070
-745
-380
-176
-6
377
831
762
627
1059
1685
1481
1367
1960
2311
1804
1608
2239
2786
2563
1815
1916
2670
2704
1797
1740
2085
1917
1562
2040
1983
1278
1148
1429
979
665
850
248
-641
-524
-190
-985
-1749
-2058
-2256
-2374
-2153
-2689
-3522
-3334
-2610
-2752
-3172
-2931
-2536
-2492
-2304
-1735
-1597
-1692
-1261
-696
-819
-608
22
-4
-143
831
1591
997
859
1817
2315
1783
1872
2591
2701
1817
1599
2506
2953
1956
1399
2030
2151
1800
1781
1666
877
811
925
452
-116
-95
-531
-889
-788
-988
-1948
-2227
-1943
-2385
-2969
-2942
-3085
-3501
-3207
-2916
-3174
-3356
-2903
-2465
-2219
-2014
-1715
-1546
-1129
-695
-296
51
301
215
551
1298
1436
1313
1831
2522
2406
2431
2865
2961
2849
3724
3711
2403
2246
4156
4660
2291
594
2338
4311
2645
314
729
2014
1394
834
697
293
-387
-448
-619
-796
-1184
-2047
-2837
-2550
-2122
-3043
-4338
-4225
-3252
-3144
-3404
-3606
-3609
-3032
-2125
-2331
-2797
-2151
-1270
-1407
-1472
-760
41
170
-28
329
1430
2217
2038
1790
2112
2798
3099
2701
2621
3296
3167
2241
2502
3337
2958
2192
2375
2447
1992
2023
1981
1224
705
942
880
657
375
-237
-1081
-877
-604
-1395
-2544
-2805
-2618
-2638
-3078
-3844
-4219
-3896
-3516
-3831
-3835
-3357
-3093
-3102
-2654
-2030
-1602
-1351
-1118
-939
-235
596
661
448
1027
1730
1956
2265
2639
2567
2689
3179
3236
3503
4195
3765
2228
2874
4774
4231
1993
2007
2980
2463
1738
1916
1349
300
453
556
-108
-566
-683
-1866
-2453
-1701
-1841
-3513
-3942
-3274
-3315
-3703
-3818
-4257
-4302
-3289
-3182
-4137
-3980
-2731
-2573
-2773
-1994
-1300
-1529
-1140
-356
-116
56
709
932
766
1252
1936
2078
2034
2440
2674
2653
2929
3791
4151
3600
2849
3385
4301
4101
2948
2729
3245
3218
2601
2281
2160
1688
1235
941
818
362
-551
-1545
-1458
-1153
-1951
-3181
-3338
-3164
-3143
-3202
-3703
-4307
-3740
-2852
-3153
-3506
-3057
-2604
-2518
-2122
-1672
-1395
-988
-676
-569
-38
620
561
444
1055
1536
1464
1661
1920
1878
2080
2263
1877
2247
3445
3068
1482
2082
3842
3170
1509
1989
2793
2227
1873
2122
1536
990
1280
1022
189
116
-63
-1289
-1787
-1313
-1861
-3293
-3505
-3090
-3366
-3659
-3813
-4476
-4521
-3508
-3367
-4140
-3961
-2964
-2726
-2628
-1994
-1594
-1423
-923
-449
-238
392
938
814
1052
2008
2394
2022
2228
2977
3273
3035
2838
3246
3885
3725
2771
2995
4029
3866
2725
2656
3123
3103
2693
2494
2197
1798
1637
1527
1188
787
250
-678
-1005
-718
-1185
-2708
-3409
-3090
-2965
-3449
-4102
-4746
-4763
-4020
-3836
-4730
-5009
-4229
-3664
-3484
-2981
-2617
-2729
-2321
-1391
-868
-415
143
249
360
1146
1880
1927
1911
2320
2645
2649
2789
3530
3988
3135
2182
2996
4184
3699
2592
2661
2969
2861
2847
2774
2175
1729
1822
1788
1445
773
-210
-989
-1035
-1142
-1911
-2908
-3368
-3522
-3443
-3448
-3922
-4518
-4317
-3663
-3407
-3427
-3392
-3030
-2328
-1558
-1305
-1024
-430
62
203
602
1175
1416
1255
1379
1939
2256
1992
1662
1796
2229
2291
1979
2231
2999
2677
1592
2060
3378
3081
2005
2271
2719
2423
2475
2857
2259
1657
1715
1710
1205
749
37
-882
-1056
-858
-1627
-2967
-3456
-3554
-3835
-4132
-4613
-5505
-5561
-4626
-4308
-4917
-5006
-4263
-3590
-3227
-2843
-2360
-1935
-1372
-931
-485
197
697
601
757
1779
2704
2781
2535
2661
3182
3433
3417
3754
3999
3216
2659
3641
4315
3350
2496
2894
3059
2755
2688
2574
1747
1347
1386
1114
727
471
-445
-1328
-1082
-958
-2031
-3106
-3224
-3292
-3470
-3496
-4005
-4779
-4354
-3578
-3768
-4104
-3714
-3386
-3049
-2442
-2129
-1950
-1430
-1105
-906
-19
777
485
129
927
2027
2525
2414
2291
2508
3140
3354
3308
3802
4092
3161
2778
4067
4466
3115
2654
3530
3334
2793
2957
2777
1888
1679
1646
1314
888
327
-750
-1314
-1045
-1303
-2539
-3271
-3229
-3495
-3922
-4009
-4357
-4871
-4410
-3848
-4071
-4121
-3627
-3561
-3571
-2934
-2174
-1972
-1993
-1807
-1096
-194
275
71
-143
366
1311
1771
1602
1540
1929
2321
2366
2853
3650
3442
2374
2892
4347
4043
2718
3050
3723
3217
3006
3299
2688
1816
1879
1659
1239
1020
321
-1083
-1229
-696
-1318
-2605
-3001
-3166
-3520
-3458
-3539
-4427
-4951
-4379
-3994
-4012
-3829
-3673
-3671
-3029
-2154
-1835
-1906
-1604
-1188
-503
409
982
746
599
1284
2171
2407
2300
2378
2676
2900
3009
3408
3775
3257
2373
3041
4261
3812
2645
3002
3430
2998
2792
2984
2508
2010
1821
1490
1196
1004
93
-1025
-1124
-999
-1754
-2936
-3480
-3742
-3977
-4102
-4409
-5077
-5291
-4956
-4655
-4429
-4289
-4346
-4122
-3280
-2574
-2205
-2003
-1862
-1476
-539
317
652
631
695
1213
2058
2414
2147
2172
2734
3062
3051
3554
4106
3370
2475
3567
4800
3924
2878
3648
4129
3666
3581
3741
3157
2652
2484
2175
1966
1518
519
-348
-337
-456
-1326
-2384
-2829
-2954
-3168
-3462
-3852
-4504
-5056
-5028
-4687
-4271
-4161
-4422
-4425
-3752
-3042
-2684
-2444
-2241
-1999
-1326
-471
-88
-260
-190
445
1185
1446
1466
1472
1661
2003
2329
2836
3349
2761
1835
2783
4178
3610
2556
3223
3677
3097
2958
3307
2801
2031
1757
1851
1868
1286
140
-483
-336
-467
-1429
-2581
-3038
-3060
-3283
-3659
-3850
-4263
-4628
-4333
-3765
-3604
-3597
-3488
-3070
-2407
-1816
-1497
-1339
-1320
-1173
-511
262
518
353
417
951
1607
1787
1693
1677
2014
2447
2672
3162
3527
2781
2009
3171
4495
3655
2699
3529
3947
3377
3255
3415
2780
2275
2164
2069
1987
1521
348
-508
-376
-364
-1403
-2719
-3219
-3121
-3331
-3857
-4276
-4657
-4786
-4652
-4461
-4163
-3821
-3779
-3622
-3076
-2529
-2283
-2084
-1913
-1496
-739
-133
-74
-233
53
761
1370
1561
1569
1471
1550
1843
2218
2729
3016
2293
1747
2975
4122
3153
2164
3039
3475
2899
2872
3304
2793
2165
2026
2049
1741
1029
151
-351
-379
-438
-1242
-2592
-3182
-2919
-3053
-3559
-3711
-3933
-4307
-4078
-3530
-3320
-3214
-3094
-2841
-2359
-1869
-1568
-1360
-1229
-954
-405
174
308
155
259
1008
1875
2079
1815
1674
1935
2301
2364
2707
3327
2837
1723
2496
4180
3665
2324
2784
3520
3114
2949
3000
2223
1631
1840
1831
1205
523
-211
-1026
-1382
-1143
-1532
-2844
-3465
-3061
-3044
-3730
-4077
-4185
-4301
-4247
-4022
-3676
-3310
-3275
-3177
-2719
-2221
-1826
-1365
-1291
-1221
-420
386
294
27
214
676
1163
1348
1267
1159
1491
1885
1925
2345
3316
2992
1672
2385
4240
3860
2341
2769
3613
3175
3046
3591
3169
2347
2547
2826
2340
1714
1062
59
-464
-369
-870
-2215
-2827
-2465
-2595
-3387
-3767
-3963
-4265
-4209
-3853
-3656
-3769
-3987
-3749
-3041
-2486
-2137
-1812
-1702
-1446
-690
-26
184
30
1
327
978
1355
1444
1384
1615
2037
2324
2670
3291
3197
2109
2366
3956
3878
2277
2455
3406
2982
2504
2974
2572
1620
1761
2157
1626
938
517
-245
-859
-568
-743
-2303
-3310
-2915
-2896
-3771
-4217
-4248
-4386
-4468
-4177
-3823
-3533
-3532
-3484
-2972
-2400
-2060
-1726
-1458
-1230
-633
147
526
528
699
1266
1866
2093
2162
2307
2480
2610
2590
2792
3547
3494
1927
1741
3631
4103
2430
2203
3260
3106
2628
3005
2659
1441
1342
1864
1549
817
393
-543
-1376
-1051
-806
-2164
-3360
-3085
-2917
-3656
-4041
-4388
-4957
-4783
-4062
-3878
-4018
-4091
-3799
-3265
-2762
-2290
-1815
-1551
-1342
-588
184
521
496
596
1079
1847
2312
2419
2391
2495
3033
3310
3387
3931
4032
2867
2716
4298
4535
2879
2610
3538
3240
2764
3205
2778
1476
1495
2157
1598
622
232
-514
-1217
-917
-927
-2499
-3608
-3235
-3147
-4018
-4365
-4535
-4935
-4632
-3957
-3991
-4247
-4099
-3677
-3177
-2708
-2187
-1766
-1634
-1417
-633
179
576
671
786
1185
1696
1926
1991
1997
2140
2448
2516
2739
3527
3431
1962
1967
3801
3955
2319
2259
3231
3004
2601
3131
2658
1541
1668
2161
1533
749
402
-437
-941
-490
-490
-2120
-3162
-2852
-2843
-3414
-3648
-4239
-4861
-4277
-3529
-3827
-4156
-3799
-3344
-2915
-2484
-2217
-2000
-1746
-1447
-1008
-378
131
115
183
918
1720
1908
1848
1896
2156
2476
2467
2804
3477
3211
2070
2614
4168
4000
2620
2813
3584
3233
2987
3155
2462
1411
1600
1863
1368
628
94
-626
-779
-445
-1113
-2635
-3077
-2644
-3040
-3512
-3566
-4194
-4923
-4263
-3359
-3562
-3816
-3480
-3060
-2766
-2318
-2036
-1912
-1642
-1145
-681
-128
375
356
420
1131
1808
1870
1909
2363
2725
2835
2952
3615
4038
3184
2313
3512
4669
3647
2552
3102
3192
2560
2768
3112
2100
1215
1411
1466
935
515
-138
-1148
-1104
-669
-1826
-3502
-3568
-3239
-3555
-3781
-4065
-4846
-4703
-3773
-3701
-4296
-4080
-3622
-3516
-3045
-2279
-1934
-1834
-1491
-1057
-528
248
638
404
551
1608
2424
2293
2068
2426
2898
2919
3068
3802
4125
2941
2462
3922
4463
2912
2493
3447
3181
2406
2756
2777
1543
1232
1708
1436
731
412
-577
-1355
-848
-807
-2360
-3156
-2763
-3106
-3589
-3390
-3872
-4875
-4495
-3540
-3768
-4267
-3976
-3806
-3873
-3307
-2706
-2646
-2361
-1675
-1279
-927
-375
-239
-311
239
1278
1888
2092
2340
2798
2931
2941
3583
4235
3452
2337
3534
5084
4174
2670
3349
3902
3111
2806
3283
2779
2083
2150
1913
1365
1070
300
-865
-783
-342
-1322
-2670
-2667
-2626
-3068
-3035
-3145
-4174
-4485
-3691
-3605
-4181
-3925
-3302
-3397
-3297
-2525
-2093
-2161
-1928
-1564
-1187
-479
266
278
184
945
1990
2225
2008
2271
2821
2975
3219
3933
3970
2807
2683
4257
4543
3073
2770
3580
3251
2545
2738
2564
1643
1486
1698
1291
825
410
-830
-1430
-824
-1005
-2404
-2898
-2748
-3244
-3553
-3512
-4253
-4987
-4368
-3938
-4443
-4525
-3994
-4099
-4209
-3530
-2682
-2422
-2335
-1959
-1416
-864
-262
150
187
493
1407
2106
2148
2238
2704
2923
2992
3763
4421
3561
2753
3939
4992
3886
2780
3455
3670
3057
3119
3428
2462
1781
1922
1659
1162
1230
489
-762
-590
-273
-1588
-2727
-2567
-2860
-3475
-3338
-3505
-4561
-4511
-3713
-4099
-4727
-3987
-3349
-3758
-3868
-3140
-2517
-2351
-2217
-1846
-1262
-655
-195
65
363
998
1698
2014
2065
2452
2993
3282
3622
4160
3846
2860
3447
4778
4327
2964
3282
3728
3044
2679
3105
2432
1533
1638
1613
866
728
478
-895
-1393
-766
-1271
-2744
-2979
-2933
-3309
-3309
-3319
-4207
-4359
-3446
-3537
-4378
-3917
-2872
-2982
-3270
-2832
-2168
-1793
-1530
-1415
-970
-355
4
190
630
1166
1584
1793
2053
2340
2699
3021
3354
3860
4074
3386
3035
4203
4674
3320
2605
3356
3288
2768
2945
2797
1767
1678
1856
1023
343
633
-146
-1424
-1283
-942
-2259
-3305
-3102
-3221
-3749
-3677
-3889
-4625
-4300
-3665
-4169
-4588
-3727
-3224
-3506
-3389
-2641
-2176
-2110
-2045
-1648
-999
-512
-376
-130
455
1122
1398
1367
1624
2282
2635
2717
3304
3986
3516
2841
3869
5002
4137
2953
3599
4150
3431
3209
3560
2747
2000
2415
2194
919
610
603
-357
-952
-754
-1570
-2913
-3102
-2813
-3201
-3701
-4167
-4664
-4356
-3643
-4035
-4760
-4122
-3259
-3377
-3619
-3152
-2524
-2223
-2002
-1507
-760
-262
-156
-70
482
1259
1747
1752
1850
2384
2940
2997
3248
3939
3844
2833
3086
4677
4683
3138
2916
3783
3519
2872
2988
2656
1744
1830
2149
1495
773
496
-198
-709
-503
-823
-2200
-2937
-2770
-2957
-3368
-3589
-4261
-4672
-3932
-3540
-4252
-4430
-3680
-3248
-3214
-2983
-2535
-2121
-1951
-1797
-1141
-444
-258
-178
295
1054
1768
1856
1617
2030
2934
3044
2924
3690
4115
3114
2746
4178
4768
3470
2791
3595
3734
3147
3045
2840
1978
1842
2009
1294
479
350
-278
-1214
-1113
-984
-2209
-3367
-3276
-2985
-3368
-3861
-4464
-4806
-4408
-4033
-4571
-4730
-4002
-3622
-3837
-3635
-2915
-2338
-2113
-1898
-1355
-659
-282
-208
54
651
1433
1874
1938
2025
2731
3261
3266
3656
4259
3685
2828
3789
5026
4205
2795
3169
3790
3344
2955
3076
2538
1983
2062
1703
825
404
54
-662
-728
-524
-1350
-2685
-2956
-2653
-2776
-3362
-3933
-4364
-4091
-3610
-4084
-4647
-4066
-3317
-3497
-3624
-3133
-2425
-1927
-1768
-1647
-1041
-426
-412
-473
136
851
1213
1357
1572
2032
2564
2839
3203
3969
3936
2919
3180
4822
4741
2997
2879
3938
3697
2989
3078
2799
1916
2003
2192
1475
835
680
-194
-789
-249
-650
-2520
-3210
-2418
-2494
-3297
-3735
-4072
-4262
-3672
-3561
-4281
-4154
-3121
-3009
-3518
-3172
-2299
-1915
-1841
-1443
-841
-284
15
206
429
1049
1723
1862
1705
2021
2703
2924
2958
3633
3851
2751
2503
4126
4628
2972
2427
3348
3217
2388
2435
2197
1334
1450
1798
996
101
155
-351
-1148
-956
-887
-2212
-3130
-2638
-2640
-3497
-3958
-3980
-4186
-4021
-3830
-4268
-4472
-3716
-3173
-3487
-3598
-2841
-2114
-2065
-1968
-1320
-718
-618
-429
-26
458
1047
1605
1696
1837
2433
2817
3038
3622
3812
2804
2636
4292
4996
3467
2695
3665
3832
3144
3229
3126
2119
1984
2363
1648
736
714
270
-518
-402
-337
-1662
-2790
-2605
-2489
-3048
-3633
-4078
-4322
-3709
-3296
-3856
-4161
-3315
-2717
-2800
-2784
-2377
-1961
-1655
-1506
-1240
-682
-264
-195
-5
647
1398
1759
1644
1570
2107
2649
2921
3429
3812
3103
2656
3906
4744
3257
1962
2874
3440
2662
2360
2569
1750
1241
1672
1456
580
440
193
-665
-807
-645
-1700
-2812
-2650
-2386
-2867
-3291
-3562
-3872
-3505
-3023
-3524
-4153
-3587
-2695
-2650
-2751
-2314
-1713
-1471
-1432
-1057
-491
-94
-25
142
537
1146
1565
1490
1360
1791
2499
2661
2768
3198
2998
2087
2734
4240
3619
1873
2239
3256
2777
2272
2675
2039
1144
1575
1837
817
238
191
-783
-1395
-886
-1351
-2924
-3101
-2431
-2840
-3547
-3586
-3837
-3982
-3316
-2958
-3519
-3460
-2652
-2470
-2653
-2250
-1798
-1870
-1862
-1491
-1084
-743
-505
-369
-199
464
1287
1556
1393
1641
2362
2702
2835
3344
3475
2574
2581
4112
4487
2907
2289
3360
3592
2907
2888
2769
1809
1558
1980
1523
662
474
-139
-1063
-932
-768
-2026
-2871
-2410
-2165
-2661
-2951
-3257
-3546
-3154
-2689
-3002
-3213
-2672
-2294
-2424
-2203
-1565
-1457
-1706
-1489
-998
-534
-208
-194
-274
17
645
957
737
690
1335
1925
1931
2174
2873
2751
1960
2633
4083
3742
2328
2458
3285
3086
2615
2708
2293
1684
1913
2028
1366
825
545
-268
-639
-265
-711
-2047
-2416
-2161
-2519
-3124
-3396
-3810
-3890
-3334
-3169
-3713
-3578
-2879
-2669
-2808
-2490
-2059
-1930
-1660
-1040
-571
-345
-73
53
136
655
1475
1556
1098
1252
2105
2463
2403
2993
3516
2637
1910
3304
4410
3069
1751
2429
3033
2706
2597
2371
1444
1181
1680
1338
727
472
-345
-1376
-995
-527
-1841
-3152
-2784
-2532
-3232
-3559
-3619
-3975
-3868
-3376
-3516
-3758
-3237
-2782
-2805
-2492
-1921
-1723
-1794
-1494
-957
-442
-73
76
53
356
897
1228
1230
1284
1682
2208
2478
2701
3391
3934
3303
2644
3566
4445
3480
2384
2909
3411
3055
2714
2518
1735
1411
1628
1389
721
445
-54
-932
-958
-624
-1473
-2690
-2676
-2307
-2622
-3100
-3248
-3472
-3597
-3450
-3276
-3142
-2908
-2707
-2531
-2229
-1832
-1664
-1698
-1591
-1214
-903
-749
-590
-492
-311
146
656
825
972
1315
1975
2386
2268
2519
3361
3254
2295
2786
4048
3569
2164
2427
3224
2948
2554
2784
2314
1597
1886
2230
1538
716
309
-189
-507
-486
-1003
-2070
-2522
-2267
-2402
-2861
-3051
-3207
-3297
-3037
-2811
-2919
-2868
-2711
-2536
-2361
-2044
-1871
-1779
-1594
-1280
-1069
-940
-785
-614
-365
-11
246
483
819
945
1005
1258
1382
1616
2497
2946
1924
1478
2968
3867
2645
1886
2710
2998
2483
2576
2608
1833
1584
2008
1760
968
689
339
-283
-325
-195
-1022
-2022
-2078
-1711
-1804
-2291
-3003
-3445
-3112
-2710
-3003
-3410
-3347
-3063
-2707
-2474
-2433
-2178
-1686
-1622
-1551
-732
-83
-429
-592
121
689
762
1044
1324
1301
1512
1976
1898
1984
3087
3311
1823
1545
3291
3818
2334
1649
2249
2370
2268
2312
1678
765
1147
1689
1012
223
178
-183
-824
-678
-731
-1799
-2437
-1981
-1910
-2517
-2834
-2887
-3159
-2950
-2392
-2573
-3132
-2778
-1941
-1852
-2101
-1665
-1041
-1083
-1014
-294
257
208
195
395
695
1185
1636
1614
1626
2169
2587
2380
2081
2517
3322
3394
2381
1943
2989
3692
2787
1942
2237
2585
2421
2101
1714
1314
1326
1089
496
234
254
-378
-1148
-1192
-1250
-2084
-2715
-2786
-3118
-3417
-3282
-3456
-3951
-3651
-3021
-3253
-3668
-3294
-2707
-2526
-2286
-1907
-1710
-1520
-1083
-690
-431
-168
48
247
687
1099
1127
1108
1512
1994
2116
2105
2045
1878
2416
3394
3115
1660
1672
3038
3113
1878
1511
1858
1690
1487
1588
1223
621
815
1057
635
138
45
-510
-1178
-1204
-1090
-1726
-2476
-2739
-2619
-2365
-2444
-3197
-3690
-3290
-2784
-2949
-3132
-2807
-2347
-2145
-1943
-1371
-878
-704
-586
-200
334
931
1154
991
1212
2059
2469
2102
1926
2317
2587
2427
2130
1990
2343
2978
2711
1353
1029
2315
2733
1331
652
1528
1903
1319
1078
1049
678
672
960
638
101
118
22
-483
-731
-726
-1249
-2085
-2482
-2404
-2232
-2358
-2993
-3424
-3037
-2406
-2480
-2928
-2940
-2374
-1801
-1454
-1279
-1020
-540
6
349
523
749
1010
1205
1403
1736
2058
2034
1807
1953
2460
2642
2154
1619
1781
2508
2689
1767
662
858
1849
1781
509
-118
367
674
254
-248
-483
-567
-564
-698
-1007
-1196
-1309
-1701
-2017
-1866
-1674
-2055
-2506
-2507
-2185
-1895
-1962
-2186
-2226
-1898
-1645
-1706
-1636
-1253
-1061
-1262
-1075
-124
553
288
-21
456
1136
1321
1300
1206
1192
1630
1992
1687
1184
1487
2095
2005
1496
1243
1236
1505
1805
1396
447
448
1553
1790
963
756
1232
1126
695
894
1100
637
267
361
257
-137
-367
-666
-970
-949
-1015
-1628
-2125
-2017
-1917
-2290
-2725
-2939
-2711
-2134
-2005
-2479
-2486
-1633
-1074
-1289
-1363
-627
135
475
602
760
1120
1568
1529
1291
1592
2138
2101
1656
1461
1610
1766
1519
929
606
712
704
777
1029
705
-296
-184
1024
1310
404
102
557
623
693
1113
847
97
183
824
847
227
-197
-403
-387
-243
-527
-1372
-1917
-1898
-1764
-1853
-2094
-2429
-2497
-2122
-1724
-1634
-1610
-1396
-1249
-1056
-635
-210
-13
67
274
660
1045
1105
855
825
1160
1197
905
767
823
772
694
679
477
250
323
319
88
327
823
383
-426
154
1239
846
63
491
962
845
1048
1301
772
402
740
838
459
365
240
-402
-609
-289
-539
-1310
-1595
-1479
-1425
-1454
-1502
-1677
-1826
-1642
-1236
-1033
-1155
-1022
-453
-140
-155
199
653
506
336
753
1037
854
738
750
703
863
1040
683
177
205
460
323
-205
-449
-314
-364
-729
-840
-409
-79
-646
-1286
-649
430
278
-428
-178
437
576
751
1062
773
603
1189
1511
1034
742
907
721
397
461
354
-185
-415
-329
-333
-427
-646
-959
-872
-556
-572
-823
-795
-612
-523
-316
-72
42
41
-38
-30
203
440
429
277
243
301
409
488
360
50
-44
157
67
-358
-387
-65
-65
-335
-485
-335
192
460
-385
-934
196
1169
432
-142
577
992
863
1198
1335
677
508
1102
1193
752
669
502
80
257
575
16
-708
-667
-511
-744
-860
-934
-1299
-1505
-1251
-1002
-1209
-1516
-1438
-1187
-1022
-833
-644
-586
-713
-609
-223
-114
-328
-509
-406
-116
49
-108
-514
-743
-337
112
-109
-454
-302
-122
-107
122
351
101
222
1020
1026
139
464
1782
1756
851
1231
2033
1747
1587
2093
2058
1541
1690
1886
1490
1262
1191
524
163
555
416
-498
-866
-678
-831
-1048
-1144
-1567
-1762
-1408
-1376
-1752
-1705
-1337
-1266
-1262
-1131
-1066
-960
-953
-1126
-1030
-639
-539
-714
-737
-544
-259
-15
-95
-471
-595
-154
167
-131
-313
13
156
87
371
636
411
344
1055
1718
1302
580
1107
2167
2042
1354
1655
1936
1570
1725
2229
1794
1207
1552
1825
1438
1079
920
522
358
463
19
-780
-935
-780
-1067
-1410
-1385
-1521
-1899
-1894
-1798
-1893
-1916
-1904
-2031
-1863
-1381
-1114
-1188
-1264
-1199
-943
-640
-440
-361
-474
-489
-29
437
223
-316
-385
20
346
327
106
-74
123
498
578
311
147
274
521
962
1126
409
-35
1179
2014
1153
559
1434
1808
1444
1631
1865
1346
1225
1810
1740
1009
749
703
298
178
224
-299
-946
-975
-914
-1184
-1474
-1613
-1828
-1906
-1826
-1766
-1897
-2010
-1770
-1478
-1600
-1640
-1142
-801
-1004
-954
-467
-254
-293
-280
-166
14
301
422
147
36
448
834
491
106
379
796
727
468
463
710
912
901
566
681
1534
1731
606
376
1856
2354
1396
1214
1804
1659
1646
2121
1839
1049
1234
1511
1135
861
829
189
-421
-275
-455
-1248
-1544
-1583
-2104
-2299
-1937
-2123
-2737
-2523
-2019
-1948
-1862
-1653
-1732
-1768
-1496
-1225
-1008
-939
-910
-637
-249
-136
-141
-47
100
339
614
582
458
556
743
880
852
795
853
996
1046
1080
1124
1078
983
1056
852
477
1061
1795
820
-534
406
1908
1326
90
376
911
977
1157
1128
455
265
797
747
277
165
45
-445
-489
-326
-602
-1084
-1200
-1379
-1559
-1474
-1610
-2101
-2134
-1904
-1899
-1969
-1997
-1900
-1657
-1498
-1380
-930
-541
-601
-528
-114
83
116
401
719
812
890
1105
1224
1072
1017
1141
1020
943
1133
1147
716
551
877
927
695
615
513
320
306
839
1300
680
-353
343
1922
1548
108
219
1028
901
813
1040
572
-2
404
682
166
-226
-208
-788
-1204
-697
-650
-1716
-2217
-1894
-1869
-1942
-1698
-1984
-2621
-2432
-1868
-1729
-1644
-1292
-992
-832
-653
-165
152
70
174
858
1302
1389
1390
1226
1212
1721
1951
1421
1212
1515
1667
1335
949
802
772
751
769
618
452
490
589
471
339
363
189
397
1083
819
-377
-5
1448
1144
-240
-92
666
363
-76
-5
-347
-910
-808
-643
-907
-1194
-1296
-1576
-1475
-1026
-1103
-1767
-1954
-1671
-1455
-1311
-1315
-1471
-1356
-839
-592
-612
-404
-121
4
378
637
628
608
574
455
572
902
898
715
686
759
773
787
589
362
426
558
426
147
-13
32
207
187
34
-115
10
92
58
-119
-171
-203
-253
252
548
-513
-1363
-159
675
-306
-784
77
78
-167
434
674
-187
-303
547
753
377
346
271
-229
42
607
57
-700
-135
332
119
216
418
67
4
280
130
-31
122
184
206
182
-54
-117
31
42
-18
17
-9
43
-119
-445
-429
-127
-240
-619
-637
-406
-158
-182
-393
-340
99
339
204
27
-38
114
305
311
72
57
254
173
392
888
301
-827
-64
1260
701
-421
79
604
157
180
466
-102
-357
406
605
101
70
132
-418
-200
432
34
-717
-506
-205
-360
-458
-662
-1079
-982
-591
-653
-969
-983
-696
-473
-584
-699
-442
-318
-370
-283
-122
-25
106
43
48
414
629
459
333
326
436
758
782
487
488
798
858
780
667
453
372
611
707
470
228
289
253
392
823
494
-622
-372
924
674
-443
-353
187
9
78
200
-347
-827
-396
-184
-502
-774
-820
-1026
-911
-571
-830
-1347
-1174
-744
-775
-797
-854
-1146
-1134
-655
-559
-758
-691
-394
-229
-71
93
229
404
350
361
779
1004
827
620
660
923
1186
1236
1001
877
1080
1467
1542
1189
948
1059
1077
905
840
641
356
379
554
324
-37
-94
-57
-27
-23
-260
-867
-777
-194
-415
-1139
-1053
-760
-1006
-1114
-853
-842
-1029
-745
-424
-384
-433
-333
-512
-501
-186
-182
-512
-423
-94
-13
22
108
-31
-109
104
211
169
155
207
216
267
368
466
434
307
413
619
761
855
750
622
837
1044
964
764
580
521
652
672
284
15
62
15
-259
-539
-729
-987
-1160
-973
-888
-1184
-1396
-1264
-1158
-1052
-1014
-1333
-1344
-712
-338
-573
-607
-371
-282
-92
178
118
-69
88
303
313
385
458
318
276
438
421
226
193
325
307
323
406
408
468
627
687
592
475
451
540
471
364
457
541
409
378
516
555
457
425
446
478
647
771
606
342
264
277
182
-57
-289
-433
-552
-625
-652
-810
-1051
-1073
-1019
-1156
-1146
-827
-787
-1063
-862
-331
-196
-312
-185
-70
-86
138
334
154
157
481
630
468
297
137
-72
-77
-61
-256
-402
-264
-99
65
272
253
81
164
393
403
312
324
355
361
441
495
403
246
144
97
102
37
-190
-418
-358
-139
-139
-236
-164
-22
70
190
318
334
389
574
597
546
602
564
430
375
284
41
-74
-122
-400
-756
-738
-635
-746
-806
-722
-755
-735
-455
-383
-564
-419
34
252
383
539
564
571
730
813
742
755
772
601
461
482
341
3
-185
-208
-238
-273
-324
-390
-391
-293
-293
-430
-453
-327
-282
-343
-262
-62
26
-21
-52
-135
-205
-108
-102
-254
-265
-216
-257
-251
-247
-361
-404
-294
-321
-449
-410
-409
-477
-421
-310
-351
-408
-343
-291
-346
-373
-248
-184
-361
-453
-166
40
-83
-88
170
341
456
600
695
722
869
1085
1215
1230
1147
1091
1078
1044
964
829
646
524
453
322
149
-15
-71
-41
-64
-139
-195
-183
-114
-52
-37
-99
-168
-109
5
52
40
21
41
59
13
-49
-98
-187
-307
-426
-512
-593
-642
-687
-715
-710
-741
-848
-856
-746
-724
-698
-526
-309
-164
-63
104
235
189
86
134
314
402
365
355
427
366
310
341
403
389
444
587
602
573
654
787
761
721
769
847
876
852
751
650
576
533
345
111
46
-27
-263
-479
-546
-630
-853
-1038
-1099
-1148
-1152
-1134
-1118
-1145
-1046
-850
-730
-674
-527
-404
-407
-370
-247
-225
-274
-200
-121
-168
-255
-250
-143
-97
-195
-262
-264
-233
-183
-163
-160
-150
-44
62
65
146
341
439
460
641
842
886
877
990
1105
1057
1008
1055
1017
866
831
820
764
725
637
466
372
381
291
46
-96
-154
-256
-334
-357
-464
-611
-570
-561
-745
-813
-706
-702
-789
-768
-689
-712
-693
-642
-594
-551
-437
-311
-356
-403
-339
-289
-250
-151
-94
-102
-75
-14
6
55
149
124
164
343
403
258
176
252
365
461
520
559
532
581
716
662
454
489
679
719
696
682
595
512
558
628
612
517
396
334
316
223
137
98
18
-42
-95
-173
-285
-331
-272
-235
-340
-544
-644
-630
-661
-680
-650
-668
-667
-703
-811
-820
-688
-607
-482
-363
-350
-372
-301
-125
-29
42
156
157
101
148
222
182
129
193
235
213
168
119
30
8
20
-1
63
178
130
-31
-42
90
134
86
80
79
93
148
202
182
120
20
9
0
-80
-126
-154
-210
-274
-251
-199
-224
-348
-399
-361
-359
-431
-504
-563
-557
-469
-383
-367
-346
-219
-138
-118
-125
-100
-64
14
150
271
365
430
495
577
681
724
694
645
701
821
878
829
785
721
607
546
524
464
390
383
371
311
239
172
157
132
124
127
8
-100
-218
-309
-210
-55
-43
-131
-135
-156
-254
-306
-350
-414
-431
-379
-369
-419
-415
-391
-412
-416
-393
-393
-443
-443
-337
-247
-251
-255
-196
-162
-154
-206
-227
-256
-286
-224
-179
-184
-144
-11
77
104
100
104
144
197
249
251
238
259
316
342
382
436
422
390
386
343
268
232
243
210
195
280
243
136
86
60
-5
-94
-126
-204
-283
-214
-108
-166
-266
-206
-124
-101
-118
-125
-87
-41
43
55
5
-34
-51
-49
-39
-44
-77
-99
-159
-146
-97
-101
-169
-230
-205
-164
-185
-194
-226
-285
-264
-178
-126
-95
-42
60
119
135
161
143
140
180
204
188
170
134
156
160
126
61
-6
-47
-45
-17
-26
-47
-41
-18
-63
-147
-152
-148
-171
-162
-108
-48
-27
-2
35
53
80
140
159
120
65
34
47
76
77
78
110
181
223
212
226
207
125
110
109
131
143
186
242
200
102
49
46
-14
-52
-28
-3
-4
22
59
33
-25
0
30
0
-51
-65
9
56
74
75
63
76
103
89
57
86
102
84
18
-55
-59
-84
-108
-67
-41
-45
-108
-160
-174
-214
-240
-271
-276
-237
-185
-157
-133
-79
-15
51
87
93
101
92
80
94
83
84
37
-20
-15
34
63
54
80
84
55
37
31
-24
-107
-172
-178
-201
-274
-308
-271
-252
-254
-249
-254
-208
-168
-164
-146
-120
-60
-1
15
15
19
2
7
-3
-35
-24
10
36
20
-20
-27
-17
-27
-7
22
-3
-68
-92
-68
-37
-34
-35
-7
64
112
113
124
166
211
203
166
141
142
176
227
251
257
262
263
260
280
269
241
214
194
217
254
250
194
125
116
118
91
54
22
4
7
21
-43
-133
-171
-203
-218
-223
-242
-257
-258
-255
-252
-217
-181
-145
-122
-72
-34
-58
-54
-39
-52
-54
-20
-3
-27
-14
22
41
39
19
0
-15
21
27
-25
-39
-23
0
2
18
71
79
92
128
99
90
100
93
64
51
74
84
63
62
80
83
75
85
58
26
20
-26
-66
-50
-61
-102
-113
-101
-106
-114
-107
-121
-165
-161
-121
-145
-170
-147
-111
-127
-127
-103
-78
-57
-30
-40
-65
-56
-50
-49
-30
-18
-26
-23
-7
23
30
29
21
2
9
27
8
-20
-41
-52
-29
-25
-37
1
11
3
45
63
69
60
60
69
29
18
33
38
56
68
85
66
41
39
36
46
62
66
25
4
12
32
47
33
22
33
28
25
41
51
50
60
47
30
42
48
43
59
79
100
94
84
84
70
58
49
61
66
39
26
26
5
15
5
-44
-69
-93
-91
-85
-71
-66
-43
-16
-25
-15
-31
-39
-40
-29
-22
-18
-1
3
-2
-8
4
38
52
45
99
128
112
83
38
25
30
23
21
16
4
6
19
12
-25
-52
-55
-46
-75
-97
-93
-108
-114
-112
-120
-137
-133
-131
-124
-118
-107
-76
-97
-127
-103
-53
-26
-1
20
24
10
-27
-45
-53
-55
-28
-8
-17
-40
-29
7
10
-6
-27
-28
-21
-25
-2
24
22
19
28
35
36
41
85
137
151
159
175
195
207
184
180
186
153
126
121
104
87
79
67
59
36
28
-9
-53
-68
-86
-100
-102
-107
-123
-129
-147
-150
-144
-156
-150
-134
-135
-113
-93
-89
-72
-63
-60
-45
-26
-17
0
3
-20
-23
-23
-16
-9
-35
-38
-14
-1
-27
-53
-64
-63
-49
-45
-57
-69
-47
1
28
62
105
136
150
147
162
212
242
238
246
269
256
233
208
178
158
142
141
122
111
111
99
59
44
44
8
-26
-33
-23
-22
-24
-44
-57
-56
-47
-11
-7
-18
-18
-25
-45
-68
-97
-107
-126
-139
-132
-122
-127
-134
-143
-156
-139
-147
-161
-170
-182
-162
-123
-100
-73
-62
-84
-82
-50
-34
-30
-23
-38
-40
-50
-62
-68
-65
-33
-10
6
9
17
16
27
46
45
37
48
59
56
84
104
101
109
129
127
135
155
150
140
121
99
84
47
21
35
34
17
0
-14
-14
-33
-53
-63
-58
-47
-31
-20
-44
-67
-47
-36
-50
-65
-69
-69
-78
-70
-72
-102
-107
-91
-82
-68
-63
-52
-48
-45
-29
-16
-15
-21
-13
-11
7
52
65
68
94
112
121
119
113
107
95
74
77
74
47
66
78
70
54
55
72
85
107
108
93
83
68
70
75
83
100
103
95
83
74
53
32
30
12
-24
-37
-52
-77
-80
-74
-69
-74
-74
-63
-69
-72
-91
-112
-121
-117
-100
-90
-91
-92
-89
-100
-99
-101
-96
-86
-101
-109
-110
-109
-98
-68
-33
-32
-29
-7
2
-5
-14
-19
-8
18
47
54
61
81
80
86
103
113
136
139
133
133
114
107
98
79
56
49
51
29
8
-11
-34
-57
-67
-81
-93
-98
-96
-92
-76
-64
-71
-49
-20
-17
-8
3
9
13
11
18
20
28
21
14
23
29
29
20
7
0
-11
-36
-57
-67
-67
-70
-86
-94
-84
-75
-75
-70
-53
-39
-26
-3
6
17
36
51
61
59
65
83
89
103
127
133
131
114
89
67
43
30
-1
-22
-22
-26
-24
-38
-63
-77
-76
-78
-76
-72
-64
-44
-17
-3
13
31
38
45
51
55
59
65
69
65
77
96
94
77
55
35
32
48
44
39
27
7
3
17
19
7
1
-10
-4
0
-4
-11
-12
0
22
51
42
20
17
-3
-14
-12
-13
-14
-28
-52
-76
-88
-82
-88
-102
-117
-135
-128
-117
-126
-126
-111
-110
-98
-97
-81
-51
-24
8
32
52
57
58
55
48
44
66
73
70
81
80
86
98
107
118
111
85
65
48
39
8
-12
-11
-26
-32
-40
-42
-20
-12
-4
-5
-38
-63
-77
-91
-109
-115
-117
-114
-112
-131
-138
-124
-115
-91
-67
-61
-73
-65
-53
