-14
-21
-23
-24
-25
-24
-30
-30
-25
-22
-18
-13
-9
-13
-10
-17
-32
-41
-40
-36
-30
-28
-31
-26
-12
-7
-9
-18
-19
-28
-37
-34
-45
-49
-46
-34
-39
-34
-32
-30
-20
-16
-14
5
21
12
19
22
15
19
7
3
6
14
11
7
6
8
28
24
28
49
64
66
47
17
-10
-10
-8
-8
-7
-5
9
22
18
-2
-10
-29
-58
-56
-42
-26
-14
1
8
6
-5
-14
-19
-6
22
41
49
58
69
64
59
49
38
35
27
29
40
42
44
49
49
42
36
30
18
1
-2
2
-8
-11
-6
-8
-5
5
5
2
2
-10
-16
-20
-35
-37
-26
-23
-18
-4
-2
-3
7
9
12
24
27
41
54
44
25
17
3
-2
-6
-20
-21
-11
-5
-1
0
-10
-18
-28
-45
-55
-60
-48
-42
-38
-25
-26
-27
-7
-5
-18
-24
-31
-43
-57
-46
-34
-26
-19
-15
-21
-25
-18
-18
-16
-4
-6
-14
-22
-34
-44
-31
-12
4
7
2
-8
-12
5
18
20
16
4
-18
-15
8
26
30
33
30
15
8
8
2
3
4
9
23
46
65
70
63
52
52
48
44
44
39
26
18
12
6
3
1
-2
-2
-8
-12
-12
-32
-39
-33
-27
-24
-23
-23
-31
-31
-29
-24
-16
-17
-10
-6
-6
-4
-3
4
-9
-25
-34
-37
-37
-37
-17
-5
-7
-7
0
5
3
1
-4
-5
8
22
34
46
48
46
50
45
32
30
17
9
20
29
37
39
42
41
45
53
38
37
40
22
9
16
19
28
46
50
35
25
23
9
2
-12
-30
-23
-7
3
-4
-17
-13
-7
0
-8
-34
-54
-74
-78
-66
-35
-12
-24
-37
-46
-58
-50
-29
-12
5
8
-22
-46
-43
-38
-40
-32
-21
-29
-24
-17
-23
-13
2
-11
-18
-11
-26
-35
-25
-7
12
32
36
21
10
2
5
29
46
41
13
-9
-31
-37
-18
-10
-17
-19
-18
-17
4
24
35
51
54
35
6
-26
-42
-20
9
7
-14
-51
-72
-70
-53
-22
-4
9
18
13
24
42
37
52
86
105
110
98
34
-28
-42
-18
37
61
24
-38
-75
-79
-74
-47
-21
-33
-50
-58
-58
-31
-3
17
38
36
16
26
59
84
84
55
31
33
36
56
63
27
12
30
40
59
67
42
35
36
55
87
95
104
86
68
69
85
113
118
105
63
12
-14
1
29
-11
-64
-100
-91
-38
-64
-128
-146
-111
-29
30
2
-86
-129
-116
-98
-35
21
9
-9
-42
-98
-108
-82
-57
-21
26
25
-7
-48
-100
-114
-52
15
41
50
9
-47
-83
-137
-179
-131
-45
-5
-23
-56
-74
-36
11
22
-27
-49
-12
53
110
89
42
-27
-55
-18
-8
31
94
96
104
90
38
-31
-74
-66
0
101
119
34
-98
-202
-224
-142
-20
40
-5
-110
-203
-211
-94
101
235
255
156
21
-55
-24
104
201
195
108
-19
-130
-148
-129
-65
58
172
207
96
-63
-175
-156
50
260
335
226
49
-41
-55
11
74
105
133
147
109
24
-77
-152
-155
-89
-72
-91
-51
-75
-148
-175
-119
50
201
296
245
73
-40
-31
71
149
160
37
-117
-187
-170
-49
117
186
92
-31
-64
9
160
249
222
122
89
75
16
-62
-153
-96
120
351
352
102
-242
-467
-415
-152
134
210
89
-127
-385
-475
-347
-128
100
237
124
-100
-167
-16
209
339
266
-47
-301
-368
-267
-117
-45
-3
-29
-32
-91
-181
-86
91
301
470
351
32
-210
-274
-110
33
-22
-175
-395
-484
-515
-526
-498
-406
-269
-267
-250
-265
-284
-103
98
169
220
401
686
785
526
67
-150
45
420
723
561
0
-589
-932
-648
-173
-21
11
-303
-694
-583
-288
192
803
1099
1112
598
-244
-701
-638
-119
324
252
-246
-835
-1140
-1044
-409
317
707
889
838
531
396
655
1036
1452
1506
926
84
-408
-286
-84
-4
-155
-471
-521
-492
-480
-602
-585
-150
232
537
588
193
-212
-569
-483
971
3130
3854
2673
533
-1482
-2050
-1090
132
657
242
-1160
-2775
-3482
-2629
-329
1782
2219
894
-768
-1349
-662
804
2000
2402
2026
1372
279
-1332
-2155
-1794
-1071
-824
-1344
-1801
-1655
-1237
-940
-749
-16
958
1177
534
405
2485
4658
4166
2104
-549
-2101
-1280
-347
285
648
-459
-1746
-2824
-3287
-1669
634
1986
1694
-98
-1424
-1202
37
1851
3272
2818
1107
-796
-2221
-2275
-1806
-1635
-1736
-2137
-2547
-2777
-2945
-2382
-1154
23
776
155
333
4159
8470
8872
5881
1918
-1615
-2423
-1514
-1244
-347
-341
-2505
-5110
-6260
-4452
-806
2866
3632
1105
-914
-1373
19
2555
3962
3726
1851
-348
-1447
-1756
-2021
-2111
-1984
-1994
-1554
-1201
-1265
-1010
-567
-312
-224
-150
-266
-524
243
4713
9813
9443
5628
1640
-1878
-3073
-2349
-1518
80
1494
-204
-3498
-5367
-3953
1026
5558
6074
2357
-2365
-4418
-3433
-944
1102
1943
1204
-502
-1614
-2439
-2587
-876
1119
2045
2176
961
-383
-199
354
584
-356
-2147
-2453
-1915
-1796
-1460
-1121
-1152
-1044
-1757
-2981
-925
6439
14490
13837
4868
-3380
-7307
-5890
-943
1861
2417
2206
-1566
-6382
-7103
-3316
3566
9006
7541
15
-6686
-7725
-3957
1603
4472
3415
1161
-1124
-1491
-326
-108
928
2617
3189
3078
972
-2075
-2667
-1228
-757
-2288
-4442
-6223
-7029
-6465
-4603
-1684
1339
3022
2813
1342
-397
-1216
-377
3947
10679
12238
5693
-3331
-8853
-8227
-2764
2650
5048
5508
3165
-2218
-6422
-5743
802
8286
9399
2198
-8464
-14278
-11973
-4791
2158
4903
3135
-93
-1278
20
2705
6376
9216
9191
6010
888
-3615
-3852
-1458
-1255
-3730
-7449
-9087
-7829
-6157
-3985
-1064
1789
4586
6128
5328
4150
2708
1263
1531
4398
10145
11425
3925
-5131
-9619
-8099
-2149
4025
7056
7114
3604
-2816
-5872
-2954
3230
8243
6258
-3328
-12508
-14372
-10015
-3253
1623
2623
2199
1802
1995
3300
5039
7601
9483
8080
4013
-315
-3286
-5360
-6449
-7048
-7833
-8081
-8070
-8183
-7535
-5254
-1705
3248
7687
10002
9375
5027
1223
799
5115
10869
8226
-1467
-9189
-12025
-9407
-3103
1923
5331
7068
3698
-1535
-3510
-652
5518
8956
4854
-5023
-12662
-13781
-9718
-2925
1859
3435
3235
1580
1705
4091
6304
9053
11011
9488
5406
-594
-6721
-9011
-8354
-7358
-7444
-9577
-11687
-11658
-9598
-4890
2061
8138
11417
11429
8886
7824
10269
12690
12768
8173
-1578
-8907
-11000
-10346
-5230
50
739
-95
-2365
-4161
-1270
4003
8237
9181
4565
-3201
-8295
-8433
-4877
199
2349
872
-121
-1320
-2136
-21
2844
6411
9342
7407
1614
-4089
-7206
-6880
-4982
-4857
-7261
-10406
-12383
-12276
-9023
-3363
2126
6050
6194
4919
6759
10680
15810
18005
12093
1803
-6228
-9341
-7517
-2883
215
198
-2074
-5205
-6122
-2971
2401
5964
5894
2732
-1816
-4642
-4819
-2802
435
2321
2549
1367
-210
27
1668
4376
6889
7548
6598
3665
-612
-3723
-4516
-4190
-3949
-4771
-6998
-9385
-9905
-7112
-2098
2861
4160
945
-1109
2939
12855
19830
17364
9985
2231
-3212
-4350
-2507
264
3280
2890
-2814
-9188
-11004
-6071
2062
6941
4215
-3755
-9388
-9792
-5749
-276
2812
3592
2468
785
430
896
2741
6317
7876
5015
-459
-5941
-8244
-6516
-3320
-2653
-4812
-7714
-10630
-10740
-7495
-2775
2324
5127
3770
504
-672
5005
14469
16889
11565
4146
-1871
-3714
-3099
-2066
157
1983
1463
-1201
-3963
-3058
967
4548
4245
-472
-4466
-5818
-5398
-3760
-2723
-1371
242
1055
2279
3109
3551
4788
6180
6370
4323
453
-2947
-4330
-3701
-2792
-4919
-8501
-11141
-11846
-9296
-5064
-154
3379
3947
2254
1593
6802
14592
17890
16595
12610
3890
-5328
-8591
-7793
-4262
268
590
-2896
-4970
-5188
-2814
3072
6454
6296
4150
-884
-5587
-6881
-5116
-1906
792
1150
56
-1440
-2141
61
3458
5491
5785
4366
1217
-1495
-2733
-3410
-2983
-3536
-5716
-8330
-10456
-9864
-6548
-2507
897
4512
5565
2621
3281
9936
15753
16601
14423
8928
164
-5499
-7579
-7218
-1906
2996
1308
-3391
-6764
-7240
-2240
4269
6002
4212
330
-5062
-8147
-7655
-4664
-475
1865
1109
-60
-1021
-1224
1952
5355
5558
3511
645
-1388
-1277
-339
-1674
-5097
-8128
-9504
-9702
-8401
-6458
-5156
-2672
-110
2394
3359
3133
9655
19740
24902
21632
8768
-5280
-9735
-6725
-2957
1188
2635
-92
-4144
-8221
-9097
-3657
7351
13382
8186
-2574
-12756
-13238
-4478
3599
7009
3348
-2636
-3565
-2066
17
2803
4662
5181
3687
262
-2630
-2896
-1549
-1188
-3423
-6943
-10419
-10951
-8182
-6242
-3381
-242
693
2003
3940
7920
14015
16206
15449
14711
7339
-3538
-7341
-6906
-4797
381
764
-4826
-7430
-7164
-5626
-465
4277
4605
3345
354
-5231
-7006
-3270
869
3383
3080
-348
-3708
-4137
-1778
1632
3495
3208
2800
2554
1642
-16
-1169
-1805
-2863
-4378
-7329
-10359
-10859
-8851
-5819
-3103
-378
1879
3335
5051
10877
23870
31685
23141
8125
-3592
-9257
-5312
424
89
-852
-4267
-12397
-15727
-11324
-1377
10823
15211
6777
-5660
-10352
-5272
4223
10745
9156
3011
-3326
-7816
-7176
-5015
-3843
-246
1415
-912
-1775
-1759
-363
3599
4367
-182
-5429
-9104
-11085
-10336
-7852
-4441
-992
627
607
4027
18275
31994
26324
9579
-2959
-8698
-5317
1478
1576
-286
-1439
-8156
-15030
-13716
-4402
8333
14420
5987
-10651
-19055
-12622
1640
13382
14085
6321
-2633
-7306
-4054
250
-86
-874
-1254
-2993
-4563
-5362
-4413
-83
5866
6895
-537
-8741
-12007
-10858
-6031
-1226
643
135
-623
615
5524
14723
27107
29981
14669
-2607
-10313
-11050
-3919
5486
6155
1489
-4218
-13053
-15202
-5066
8391
15404
10842
-3921
-18175
-17648
-4679
6980
12252
10324
2232
-5836
-8619
-6097
-546
4698
7061
5175
-746
-4990
-5460
-3377
1449
3814
-355
-8102
-15325
-17891
-13124
-4099
3612
7186
4877
-234
-2165
2667
18172
32143
25605
6278
-9171
-16360
-11507
408
5158
3375
173
-8216
-15644
-12724
-889
13437
19983
11591
-5606
-15810
-12127
-1771
7625
11263
6606
-2857
-10044
-11211
-7196
-695
5381
7770
4835
491
-2484
-3463
109
5551
6116
-235
-10017
-16973
-16309
-9842
-1853
3891
4103
1521
-2164
-2735
12337
30776
28387
13678
-343
-11573
-10074
-913
1136
1202
943
-6918
-15264
-15746
-7325
6933
16822
12603
-2118
-11007
-7870
330
7934
10397
6559
-1015
-8475
-11108
-9585
-6605
-996
3268
2097
894
-297
-2600
151
5129
6256
3089
-4765
-12423
-14326
-11596
-5362
544
1529
824
780
5241
18403
26487
19600
8289
-1076
-5515
-2235
1797
1996
478
-3795
-11387
-15774
-11233
-525
9314
10817
772
-11356
-12590
-3572
7160
13048
11597
5019
-2819
-7048
-6130
-3774
-1564
-99
-1279
-2831
-2541
-2291
-1441
1403
3423
2700
-1039
-7460
-11716
-10058
-4876
158
2639
1961
1361
4745
11919
19302
19431
9512
-1137
-5557
-4651
433
5336
5698
2960
-3042
-9907
-10174
-3129
6034
10301
4791
-7333
-16337
-13779
-2571
7337
10867
7684
497
-5380
-6350
-2983
1767
4833
4458
572
-4322
-5732
-3970
-1293
1522
821
-3395
-7923
-12158
-13251
-8389
-1108
3867
6361
5541
2219
3166
10961
19871
20304
10024
-2675
-10454
-9420
-2099
3740
5399
3865
-1115
-7087
-8311
-2980
5353
10473
6715
-4734
-14199
-13246
-4913
3174
6830
4123
-1991
-6296
-6733
-3233
1952
6170
8224
6404
1538
-2240
-3035
-1595
486
-75
-4505
-9947
-13892
-14136
-9435
-2351
3301
6375
6854
3635
2259
10261
21965
23780
12783
-1821
-11677
-12025
-4657
2123
4536
3999
-590
-7436
-8837
-2946
6399
13582
11172
-941
-12319
-14010
-7427
589
5521
4767
-1328
-6595
-7772
-5651
-979
4052
7632
7644
4054
499
-1447
-1941
-436
317
-3198
-8727
-13626
-15796
-12682
-6398
77
4666
6453
5996
5859
11204
20563
22843
13885
1782
-7432
-9965
-5557
-930
243
-412
-2004
-5188
-6818
-3508
2960
9146
9826
1439
-9350
-12333
-6950
515
5871
5792
-4
-5404
-6428
-4645
-1539
2711
6342
7604
6653
3285
-881
-2353
-970
758
-475
-6196
-13410
-16788
-13385
-6234
312
5092
7564
7308
5331
4885
9811
18892
22350
13671
-512
-11022
-13309
-7824
-1005
1729
2233
1305
-2593
-4813
-2824
2612
9450
9707
1106
-8960
-13539
-10525
-3685
1693
2933
192
-3386
-5256
-4909
-1211
4147
7941
9445
6973
1327
-3569
-5485
-3830
-1544
-3387
-9901
-16351
-16921
-11409
-4456
1986
6019
7164
7744
6941
7706
14459
21908
21640
11244
-3931
-13401
-12813
-6636
-381
1880
1142
-553
-3453
-4793
-2027
4683
10368
9248
1997
-7433
-12735
-10322
-5454
-1196
2692
2493
-1205
-3837
-4354
-1546
4512
9490
11077
8565
2368
-3310
-5308
-4414
-3382
-5190
-9823
-14043
-15074
-11735
-5442
1652
7357
9346
7750
4961
6288
16641
26863
21369
5511
-7712
-15148
-12691
-3799
800
2078
2955
-738
-6366
-7315
-1234
9267
15716
11515
-2050
-14634
-16746
-10959
-2411
5110
5636
596
-4943
-8119
-5593
360
6892
12217
11752
6539
750
-4166
-5578
-3446
-2507
-5647
-11769
-16269
-16046
-11698
-4494
3337
8918
11418
11040
8796
8829
11970
17162
18789
8813
-5009
-12070
-13211
-9340
-2884
165
1546
2422
-213
-2131
-9
5155
10395
10088
2305
-9138
-16414
-14147
-6971
-23
2813
-542
-3909
-4184
-2528
1711
6759
10316
11956
8653
1566
-3354
-5072
-4342
-4109
-7175
-12038
-15704
-15273
-10716
-4070
2998
7903
8694
7350
6226
7493
13717
21694
20916
9083
-4083
-12949
-14749
-8917
-1587
2334
3286
708
-4387
-5708
-752
7553
13351
11233
949
-10757
-14692
-10507
-4145
1614
3501
1014
-2376
-4995
-4744
-1085
3787
8041
9568
6015
799
-2611
-4074
-2528
-1662
-4507
-9329
-12801
-13140
-10598
-4908
815
4994
8093
8772
6040
4036
7249
13386
20914
21158
7768
-6929
-13818
-13853
-7110
-131
1173
1641
138
-4066
-4937
-1831
4620
10455
9333
1164
-9553
-14847
-11539
-5148
1442
5092
3650
300
-3215
-4044
-713
3689
7439
8183
4364
249
-2802
-5033
-4626
-3753
-4487
-6904
-9833
-11595
-9961
-4546
1890
6843
8536
6905
3826
4817
11556
21094
25950
16438
-971
-12202
-14792
-10941
-2821
1859
1994
941
-3749
-8480
-7097
302
9674
13988
8834
-2739
-12812
-13765
-7541
243
6230
6761
2681
-3719
-8255
-6996
-1891
4040
8772
8346
3460
-954
-4431
-5042
-2813
-1462
-2727
-7360
-12610
-14904
-11919
-4795
2490
6687
6981
4527
2738
5683
14430
26475
27024
10862
-5692
-14679
-16119
-8647
-1110
381
1230
-1726
-9094
-12075
-7306
4074
14803
16693
7772
-7156
-15775
-13586
-6576
2939
8522
6447
510
-6819
-9703
-6239
-114
7250
12248
10355
5536
-391
-5862
-4445
173
2099
-1087
-9025
-16320
-17384
-10947
-1596
5643
8046
7213
5302
4924
9191
18764
29175
25897
8334
-8024
-17324
-17171
-7936
-597
666
-627
-6245
-12086
-11189
-2978
9450
17869
15858
4006
-10553
-16146
-11632
-3231
5984
8883
3610
-5331
-12838
-12356
-4905
4164
11789
13224
8208
2918
-2034
-4186
-853
1969
376
-6064
-14721
-19962
-17592
-8918
561
6656
8667
6989
4275
6207
14344
26495
31518
18896
-1303
-15251
-19453
-13386
-4016
-443
-520
-3323
-9668
-12122
-7006
3742
15491
19832
12589
-2442
-14367
-14651
-7495
1708
7993
6031
-997
-8639
-12280
-8302
591
9367
14543
12709
6668
1039
-3454
-3422
-835
-2
-3004
-10780
-18417
-20821
-16006
-5789
3703
8274
7996
4682
3697
8789
18627
29989
29364
11758
-6922
-17662
-19463
-11525
-3691
-1534
-1329
-4967
-9972
-9931
-3238
8772
18033
17774
8094
-6937
-15819
-13708
-7011
1043
4883
1829
-3821
-9252
-10053
-4724
3564
11505
14865
11948
6833
1262
-3031
-3189
-1946
-2156
-6429
-13308
-18435
-19143
-12312
-1656
5934
9061
8850
7063
7308
11838
23137
32574
23818
3863
-12076
-19943
-16834
-7710
-2665
-802
-1212
-5521
-8766
-7235
1104
13242
20358
17054
2727
-13005
-16766
-11535
-2996
4465
2659
-3929
-9097
-11020
-7124
599
8672
15029
15458
10164
3400
-3288
-4751
-1584
-19
-2715
-11375
-19990
-21671
-16380
-6491
3052
7965
8734
7496
5783
7121
13523
25345
32028
19383
-2754
-18293
-23566
-17218
-5836
-76
1174
-85
-5176
-8545
-5483
4257
15908
21051
15443
-701
-16456
-19471
-13265
-2463
7132
5390
-3201
-9500
-10179
-4004
5737
14056
17820
15214
7920
-377
-6332
-5985
-1990
-439
-5059
-15425
-23216
-22243
-13774
-1902
7321
10619
9981
7476
5535
8045
15551
25670
29193
14943
-7404
-20204
-21839
-14572
-3486
1694
1713
-898
-6232
-8410
-4460
4893
15784
19614
12315
-4186
-19096
-20780
-12790
-731
7835
3877
-5445
-10929
-9290
-284
9858
16267
18060
13580
5014
-2763
-7284
-6520
-3241
-2080
-7406
-18452
-24364
-21097
-10992
1936
9964
11082
9139
7111
6731
10003
16756
26122
27590
11613
-9598
-21602
-22212
-13019
-1045
3844
2653
-1129
-6190
-7268
-1687
8794
18403
20106
10657
-7246
-21015
-20305
-10003
2379
8563
2663
-6216
-9429
-6130
2680
11791
16950
17601
12302
3506
-3891
-7688
-6423
-3660
-4375
-11079
-20514
-24115
-19102
-8266
3595
10656
11027
8255
5742
6007
9973
18167
28300
24973
4295
-14815
-22712
-20590
-8775
2141
4408
2119
-4026
-9836
-8540
369
13146
21003
17583
2935
-15540
-22388
-15265
-4951
4447
5807
-1880
-7846
-8189
-2827
6259
14349
18465
16470
8364
-11
-4894
-5780
-4176
-4273
-7442
-14150
-19710
-18736
-12967
-3871
5545
10434
11352
9560
5909
5306
9601
18780
27785
21230
378
-15829
-21235
-17132
-5751
1881
2766
422
-5109
-8739
-6319
2041
13360
18937
13622
-1172
-17031
-20329
-12005
-2024
5283
3641
-4392
-8816
-7013
364
8731
14025
15743
11864
4493
-1289
-5008
-5703
-4179
-4761
-8580
-15013
-19514
-17333
-10243
-548
7476
9878
9214
7288
4768
5317
9480
18333
27209
20073
-226
-14720
-19707
-16221
-4825
2846
3878
2189
-3996
-8940
-6849
1799
13617
19252
13533
-1541
-17799
-20852
-12225
-2177
6180
5270
-2759
-7351
-6551
-420
8304
14746
16981
12763
3757
-3938
-8381
-7689
-3625
-3076
-7757
-15752
-20534
-17850
-10057
1130
9777
11405
9705
5917
1662
2448
9186
23205
32572
19336
-3808
-18300
-22967
-15014
-1053
5303
6550
3044
-5479
-10150
-8056
2437
16380
21895
14799
-4132
-21241
-21544
-12045
-114
8275
4166
-3894
-7667
-6825
569
9784
16176
18082
12773
3766
-4309
-9511
-8097
-4119
-3366
-7523
-16945
-22233
-18357
-9176
3470
12452
12171
7902
3500
107
1677
7188
18399
31087
23950
-101
-17813
-24611
-18173
-1412
7336
6102
1782
-6268
-11018
-8692
-771
12355
20760
16699
450
-19357
-24986
-16435
-3613
8040
6695
-2898
-7572
-7138
-420
10085
16576
18084
14219
5574
-2619
-9097
-10568
-6447
-3764
-5359
-12900
-20976
-19818
-10807
2117
13000
14412
9939
5778
2239
1631
3657
9371
23151
27523
9777
-9875
-20434
-21353
-8051
5025
6983
5710
1083
-5725
-8068
-5761
3634
15776
19426
10243
-9436
-23821
-22069
-11689
2074
8579
2691
-2792
-4540
-2171
5387
10761
14121
15657
10479
2791
-4842
-11130
-10454
-6141
-3974
-7258
-15486
-18628
-14453
-5768
5887
11622
11123
9686
5702
1703
810
1330
10262
25042
22534
3184
-13038
-21767
-18876
-4116
5634
7561
7215
804
-5862
-8045
-4872
7011
18058
17695
4240
-16094
-25451
-19361
-7158
5562
8075
1812
-2312
-3166
612
6064
10192
15082
14967
7948
-269
-9110
-13139
-9130
-4388
-3291
-8652
-15805
-16126
-10671
-962
8298
11282
10903
8911
4339
55
-1987
3172
20243
29724
15197
-5930
-20209
-24514
-11874
3217
7765
9531
5424
-3576
-8701
-9881
-1636
12625
19156
13229
-6310
-24209
-24378
-15140
-995
9694
6475
767
-1720
-2101
1747
5623
10543
15214
12705
6453
-2845
-12422
-12537
-7579
-3748
-3579
-10148
-14939
-12932
-7178
2708
9926
10643
10139
6481
323
-3194
-4710
4169
24568
28516
10153
-8768
-22580
-22807
-6698
5783
10977
11993
4154
-5024
-11861
-12617
-338
14150
20999
12573
-11319
-26324
-24396
-13661
4177
13393
8848
3285
-1705
-3815
-1693
2337
11281
17701
14820
6217
-7636
-16590
-13133
-5940
222
-542
-9373
-14005
-13277
-8871
968
8054
11833
13747
7350
-1333
-5534
-5077
10737
30890
25993
5312
-11986
-23237
-17184
-115
8185
11183
9222
-828
-9684
-15166
-11646
3686
17367
20520
6314
-17254
-25431
-18933
-5281
11689
14600
6899
642
-5409
-6502
-2623
4245
14648
17811
11042
560
-11745
-15471
-7956
-110
3536
-1582
-12091
-16688
-14998
-7039
3913
9233
10517
8047
240
-4726
-5261
-1648
15591
31106
21602
2350
-12036
-20309
-11490
3623
8537
9450
4674
-5428
-12536
-16447
-10054
5765
17525
18454
2027
-19173
-23165
-15354
-429
14695
13389
4461
-2462
-8260
-7126
-1469
6612
15903
15747
7668
-2270
-12173
-12207
-3657
2619
3551
-3775
-14046
-17214
-14447
-6204
4041
8710
10024
7431
225
-2876
-1130
4814
20455
30245
18711
692
-12977
-18724
-9922
1872
5926
5876
589
-7398
-13046
-14827
-6774
7956
17526
15791
469
-17162
-20334
-11094
2833
12707
9801
1380
-5142
-8916
-7251
-1084
8871
17527
16397
7735
-3085
-11603
-9996
-1328
3300
837
-8002
-17528
-19860
-15018
-5066
4972
9502
9716
5891
102
-2356
712
14863
31191
26738
7499
-8315
-18496
-15304
-1741
4151
5131
3366
-5220
-11679
-13861
-9816
3728
16202
18679
7401
-11170
-18764
-14032
-3126
9519
10572
2830
-3118
-7718
-7603
-2709
4134
13423
17388
12701
3998
-6391
-9742
-3772
1844
2422
-3978
-13852
-18426
-16557
-9414
529
6605
8825
8250
3163
-1166
-760
3675
15614
26764
20483
4060
-9504
-17618
-13427
-2838
1764
3186
900
-5488
-9660
-12254
-8925
2987
13531
16425
6711
-10332
-17465
-13383
-3332
7551
8167
2171
-2281
-5892
-4954
22
6461
14882
17743
11811
2683
-5913
-8489
-4095
-373
-1280
-7316
-15145
-17881
-14611
-7017
1970
7707
9701
8212
3519
-292
401
8931
22950
26297
12756
-4070
-15504
-17867
-9025
10
2625
3305
-132
-6507
-10269
-10369
-3147
9325
16476
11966
-2651
-15606
-16617
-8857
2093
8593
5329
-466
-3437
-4424
-2320
2986
10189
16037
15413
8053
-2006
-8769
-8194
-3468
-414
-3275
-11028
-16847
-16749
-10975
-1583
5951
9186
9177
5501
853
-1026
1930
12634
24047
20917
5468
-8836
-16640
-14063
-3933
2735
4985
4419
-1241
-7382
-10803
-9070
1445
13163
16029
7064
-8535
-17348
-14240
-4399
6295
9462
4782
396
-2108
-2948
-513
4791
11768
15814
12469
3448
-6342
-11084
-8564
-3652
-1927
-5383
-11431
-15051
-13771
-7636
740
6952
9514
9127
5512
596
-1491
3043
15194
23559
15988
572
-11688
-17226
-11528
-1770
2588
4839
3508
-2958
-8418
-11351
-7830
4012
13534
13017
1972
-12547
-17717
-12035
-1359
7859
8288
3360
-41
-1974
-2056
608
6136
12903
15273
10542
605
-9592
-12738
-8223
-2458
-1236
-6457
-13111
-15142
-12005
-3935
4697
8666
10011
8566
3386
-1224
-801
8505
21536
22471
9110
-6141
-16229
-16222
-6924
1306
5189
5363
152
-6193
-10148
-9665
-984
10178
14532
7990
-6040
-15553
-14567
-6236
4391
9160
6256
2131
-866
-2344
-1166
2947
9900
14965
13479
5653
-5677
-12521
-10651
-5273
-1556
-3664
-10844
-15393
-14476
-8761
236
6786
9367
9688
6519
1673
-667
3283
15226
23686
16540
1167
-11754
-17506
-11948
-2107
2870
4835
2848
-3153
-7623
-9699
-6158
4301
12964
13001
3002
-10333
-15679
-11687
-2107
6778
7528
3748
734
-1467
-1351
1148
6347
13532
16184
11298
1007
-9681
-12770
-8414
-3233
-2053
-7397
-14186
-15629
-12164
-4678
4045
8450
9963
9553
4976
-246
-633
8203
21740
23355
9474
-7166
-18614
-18794
-8096
1202
4919
4948
6
-5851
-9291
-9006
-914
10380
15602
9827
-5210
-16781
-16936
-8755
3109
9572
6801
1818
-1521
-2605
-641
4173
11415
16691
15123
6550
-5893
-14290
-13276
-7254
-2550
-3664
-10317
-15112
-14409
-9114
166
8246
11887
12834
9835
3196
-1904
552
12184
21992
17231
1894
-12812
-19713
-14707
-4340
2176
5126
4074
-1069
-5950
-8970
-6596
3187
12480
13425
3832
-10452
-17671
-14402
-4686
5585
8832
5427
1824
3
-144
2022
7202
13159
15059
11087
1122
-10436
-15239
-12291
-6552
-3293
-6205
-11696
-13776
-11504
-4699
4325
10484
13370
12943
7684
755
-1516
5781
18023
21142
10070
-5895
-17092
-17770
-8971
0
4698
5794
2430
-2868
-7363
-8555
-2007
8442
13794
9193
-4183
-15819
-16992
-9547
1733
9183
8017
3544
536
-163
1335
4829
10698
14970
13405
6056
-5399
-14166
-14519
-9444
-4027
-3605
-9091
-13729
-13554
-8547
485
8698
12480
12702
9172
2638
-2389
183
11231
19900
15641
1522
-12689
-18854
-13614
-3600
3220
6089
4420
-967
-6258
-9221
-6537
2596
11120
11423
1530
-11754
-17892
-14043
-3397
6925
9579
6255
2345
118
627
3098
7289
12294
13785
9732
201
-10978
-15686
-12809
-6921
-2744
-4916
-10314
-12286
-10164
-3906
4740
10340
12362
11371
6125
-378
-2341
4652
16427
19929
10331
-4344
-15448
-16451
-8096
603
5416
6296
2232
-3989
-8471
-8838
-2349
7649
12794
8023
-4300
-14382
-15346
-8027
2850
9612
8732
4470
798
-634
150
2891
8262
12411
11207
4746
-5604
-13831
-14150
-9189
-3854
-2368
-6571
-11266
-11906
-8368
-1035
6802
11225
11635
8277
2173
-2648
601
12195
20399
16502
3714
-10218
-16829
-12475
-3509
3295
6261
3941
-2463
-8536
-10940
-7282
2100
10888
11097
1959
-9063
-14463
-11157
-1216
7512
9480
6319
1718
-880
-788
644
4617
9872
11777
8731
659
-9033
-13314
-10806
-5526
-2325
-4618
-9344
-11597
-10260
-4765
2647
7710
10094
9559
4821
-717
-761
7621
18703
20812
10492
-4222
-14671
-15399
-7481
1135
5513
4965
3
-6303
-10353
-9157
-1433
8478
13043
8005
-3253
-11809
-12213
-5080
4572
9325
7343
3017
-381
-1654
-839
1939
6896
10741
10314
5378
-3268
-10474
-11245
-7744
-4303
-3844
-7476
-11342
-11524
-8253
-2001
4621
8190
8891
6414
1041
-1340
5090
16366
21513
14976
894
-12015
-16222
-11081
-2955
2535
3423
-215
-5828
-10269
-10709
-4795
5265
12473
10789
1004
-9106
-12818
-8484
599
6980
7098
3459
-618
-2348
-1624
382
4537
9335
11185
8694
1641
-6733
-10522
-8792
-5363
-4023
-6446
-10225
-11547
-9234
-4182
1991
7028
9414
8579
4320
236
3276
14520
23651
20192
6558
-7981
-16193
-13896
-5125
1759
4447
2302
-3832
-9427
-11417
-6907
3513
12722
14042
5478
-6842
-12701
-10123
-2243
6137
8016
4305
300
-2370
-2204
293
4045
8828
11389
9964
4768
-3781
-10115
-10152
-7328
-5367
-6350
-10192
-12765
-11290
-6733
-444
5470
8731
8794
5872
1363
1876
11960
21953
20865
9847
-4953
-15493
-15546
-8558
-855
3907
2991
-2103
-8021
-11317
-7962
1202
10959
14571
7512
-4430
-11970
-12311
-5356
3342
6457
4637
1218
-1491
-1946
-663
2429
7052
10425
11165
7464
-792
-7701
-9900
-8533
-6074
-6357
-9242
-11369
-11319
-8200
-2654
2808
7427
9685
7378
2385
440
7747
20738
24652
14469
-960
-14014
-17996
-11321
-2631
2961
4528
100
-6798
-11537
-11339
-3010
8858
15088
11485
-810
-12101
-13632
-7626
1310
7247
5698
1303
-1475
-2440
-724
2636
6492
10110
11082
8273
1714
-6071
-9675
-8695
-6945
-6466
-8527
-11394
-11584
-8566
-3097
2779
7096
9611
8752
4394
1067
4870
15552
22274
17221
4253
-9430
-16466
-13101
-4534
2643
5448
2499
-3623
-9029
-10242
-4679
4847
12372
12183
3148
-7906
-13450
-10947
-2393
5012
6314
3279
-503
-1981
-957
1773
5817
8939
10220
9103
3707
-3402
-7986
-9138
-7611
-6670
-8440
-10599
-11407
-9656
-4415
1395
5655
8815
9195
5538
1085
3358
13983
21794
18366
6551
-7668
-16106
-14011
-6644
709
5000
2864
-3172
-8873
-11161
-6178
3879
11886
12156
3151
-8107
-13606
-11790
-3658
4416
6155
3623
351
-1460
-877
1422
5806
9676
10470
9050
3572
-3766
-7362
-8159
-7544
-6654
-8706
-11080
-10955
-9642
-5269
924
5072
8132
9046
5534
392
867
11344
22172
21165
10114
-4235
-14657
-14340
-7151
104
5089
4228
-1465
-7561
-11646
-8636
1051
10086
12795
5257
-6861
-13490
-13015
-5630
3800
6617
4335
1234
-1269
-964
944
4024
8302
9963
8882
4692
-2998
-7708
-8060
-7445
-6139
-7466
-11049
-11715
-10276
-6831
-385
4901
8259
10146
7455
1516
-2625
3489
19843
27116
17333
1998
-12509
-18115
-10295
-879
4966
7398
2276
-5463
-11561
-13443
-4935
7477
14396
12059
-1589
-13993
-15459
-10413
476
8955
7264
3110
-187
-2076
-466
2166
6619
10915
10320
7311
1026
-7176
-9253
-7667
-6475
-5430
-8361
-11801
-11188
-9220
-4044
3132
7257
9737
9521
4656
-603
-508
9493
21773
21382
9984
-3507
-14433
-14672
-6436
709
5606
5142
-959
-6915
-11302
-9643
-199
9167
12807
6899
-5549
-13438
-14071
-7627
3187
8173
6707
3849
465
-937
-75
2572
7545
10526
9526
5121
-2967
-9225
-9932
-8217
-5951
-6082
-9376
-11291
-11080
-8332
-1817
4509
8595
10510
7898
2144
-1661
2705
15998
24118
17467
3691
-10424
-17768
-12651
-3595
2885
5758
1554
-5411
-10556
-12527
-6145
5264
12871
11906
911
-10890
-14625
-11270
-1575
7242
7359
3932
927
-1426
-959
1401
5430
10023
11011
8209
2295
-5146
-8658
-7749
-6122
-5395
-7408
-10497
-11171
-9899
-5542
1532
6721
9375
9662
6378
1830
142
7075
19189
21871
13159
353
-12222
-15373
-8586
-1405
3959
4283
-1030
-5851
-9809
-9696
-2147
6664
12068
9310
-1821
-10812
-13645
-9501
878
7031
6347
3867
570
-1381
-1082
1182
6126
9858
10133
7381
240
-6624
-8704
-8298
-6341
-5623
-8270
-10405
-11335
-10307
-4302
2972
7676
10248
8933
4480
167
-353
9969
23369
22135
9722
-4605
-16496
-15776
-6171
863
4750
3025
-3267
-8326
-11805
-8890
1267
10467
14314
7409
-6701
-13964
-13400
-6168
5260
8555
4833
1377
-2073
-2259
636
4101
8912
10862
8985
4945
-2792
-8234
-7649
-6069
-4437
-5211
-10066
-12762
-12389
-9108
-1140
5227
7909
9053
6460
2940
913
1997
12570
22716
18583
7072
-6288
-16546
-13535
-4709
741
3611
779
-4199
-7357
-10190
-6982
1647
9191
12919
6295
-6338
-12875
-12876
-4898
5962
8077
5089
1276
-2576
-2077
649
4062
8638
9837
8107
4129
-3265
-7408
-6944
-6223
-4419
-4942
-9092
-11430
-11808
-8437
-723
5212
8826
10247
7613
4398
1462
1830
12033
20826
16664
6352
-6800
-16394
-13024
-5619
-932
2234
632
-2726
-6150
-9869
-7132
995
9273
13763
6832
-5608
-11594
-11094
-3234
6084
7042
4256
944
-2333
-1657
461
3416
8236
10082
8614
4130
-4041
-8768
-8229
-6914
-4543
-4897
-9502
-12062
-11935
-8110
-388
5314
8977
10683
8059
4652
1902
4205
15769
22274
15611
4171
-9465
-16967
-11861
-5539
-1226
1775
-532
-3761
-7620
-10810
-6105
2876
11137
13848
4540
-7507
-12026
-9439
-162
7462
6790
3176
-1017
-3557
-2057
603
4763
9381
10625
8886
3095
-4897
-8418
-7788
-5538
-3061
-5026
-9864
-12530
-12469
-7571
-121
4948
8995
10123
7003
4239
1125
2488
14387
22142
16809
5647
-9028
-17513
-13134
-6793
-1397
2273
85
-3504
-8440
-12392
-7619
1976
11412
15190
5842
-6927
-12093
-10056
-833
7008
6765
3543
-902
-3333
-1853
-26
4170
8985
9679
8451
2985
-5698
-8663
-7257
-5193
-2811
-5219
-10422
-12080
-11054
-6330
825
5317
8953
10971
8543
6038
2814
873
9789
20140
18245
8583
-5060
-15986
-14773
-8386
-2969
1699
1586
-1326
-6045
-11853
-9784
-822
9377
16822
10970
-3053
-10621
-11215
-4240
5244
7056
4488
190
-3796
-3068
-1334
2447
8760
10242
8677
4571
-4399
-9112
-7785
-5961
-3113
-4166
-9662
-11840
-11571
-8634
-1590
4272
8718
11828
10262
6989
3054
-238
6637
18297
19252
10904
-2291
-15339
-17171
-11049
-4610
1664
3030
-302
-5083
-10793
-10027
-1367
8592
16034
12573
-601
-9679
-11941
-7149
2243
6050
4739
963
-3684
-3807
-1852
2022
8672
10304
8438
5823
-1638
-6880
-6367
-5949
-3976
-3348
-7825
-10474
-10972
-10079
-3801
3501
8580
12101
11189
7362
3528
-273
3381
14547
18517
12187
230
-14090
-19672
-14470
-6988
514
4073
1585
-3568
-9819
-10344
-2220
8000
16811
16454
3782
-7798
-12222
-9794
-664
5487
5392
1958
-3626
-5528
-3416
548
7241
10432
8930
6482
-243
-6507
-6923
-6662
-5088
-3272
-6309
-9467
-10814
-10991
-5620
2032
7851
12628
12606
8309
4568
118
-340
9159
17435
15325
5253
-9788
-19967
-17807
-9630
-1128
4383
3360
-1584
-7662
-10505
-4833
5572
16058
20146
10469
-3646
-11488
-12082
-3951
5080
6886
3883
-2248
-6121
-4197
-479
5457
10625
9913
7348
2472
-4619
-6884
-6635
-5928
-3488
-4567
-8005
-10262
-11607
-8423
-1624
5211
11373
13202
10230
6245
1060
-2505
3528
14466
17097
9134
-5245
-18678
-20971
-13027
-3593
3052
4044
-101
-5420
-9269
-6719
2537
12820
19489
14634
292
-9942
-12927
-8068
1996
6203
3715
-1615
-6252
-5450
-2012
2466
7721
8895
7709
5712
75
-4407
-5709
-6473
-5131
-4246
-5847
-7801
-9964
-9644
-5161
1588
9084
13794
13488
9427
3707
-1789
-2797
5914
16081
15000
4427
-10038
-20616
-18247
-8767
-775
4427
4023
-237
-4777
-7303
-2566
7071
15856
19335
10388
-4004
-11584
-12344
-5847
2501
3958
1161
-2863
-5098
-3358
-993
2800
7174
8491
8899
6093
-1163
-5961
-7889
-7926
-4701
-3272
-5383
-7919
-10306
-9681
-3803
4644
12007
15342
12886
6316
279
-3861
-2549
8071
16360
12125
81
-14114
-21343
-15882
-6910
76
4387
3045
-506
-3745
-4950
342
8699
15998
17406
6862
-5935
-11929
-12206
-5534
1220
2047
516
-2788
-4508
-2856
-957
3453
8581
10287
10192
5748
-2193
-7052
-8885
-7400
-3370
-3167
-6125
-9138
-11751
-9244
-1522
6629
13171
15292
11466
5436
337
-4229
-3208
7172
15212
11186
-898
-14104
-19880
-14860
-6150
1065
5290
5209
2752
-890
-3184
390
7919
15354
16994
7461
-5735
-13619
-14378
-7692
-73
2767
1417
-2245
-3860
-2936
-461
5160
9897
11120
10443
5114
-3406
-8463
-9386
-6791
-2645
-2662
-6314
-10251
-12161
-8309
-32
8098
13528
14374
10583
4746
-504
-5015
-4742
4619
13385
11228
722
-11902
-18900
-15420
-6915
1024
6661
7658
4985
577
-3272
-1370
5885
13993
17278
8923
-5680
-15478
-16882
-9481
2
3408
1328
-3059
-5542
-3768
281
5907
10833
12002
10262
4606
-3796
-8590
-8580
-5657
-1889
-2305
-6529
-10569
-12671
-8868
32
7900
12923
14030
9912
3528
-1514
-5929
-6885
1904
12749
13260
3843
-9762
-19589
-18065
-8361
1796
8572
9759
5959
-205
-4839
-2957
4845
14431
18991
10570
-5074
-16571
-19309
-11354
-799
3197
1741
-3091
-5889
-3241
965
6660
12138
12921
11036
6001
-2064
-6330
-6422
-4428
-1284
-2293
-6941
-11184
-13698
-9922
-806
7130
12537
13812
10081
4741
180
-3133
-5335
-1914
8549
14120
7606
-5220
-17191
-19635
-10142
1330
8668
11110
7093
1191
-2758
-3979
1462
10656
16261
13163
-173
-14368
-19553
-15013
-5134
1826
2000
-1409
-3942
-2386
2006
6561
10632
12454
11084
7688
1682
-4203
-5843
-5161
-4159
-4557
-8672
-12810
-13791
-11340
-4177
3850
8893
11655
10938
6751
2490
-597
-3667
-3673
3687
11453
9696
-82
-11432
-17783
-13535
-3345
4634
9027
8456
4112
-52
-3245
-1583
5609
12479
14160
5604
-8805
-17696
-17943
-11015
-2618
923
838
-485
-365
2581
5356
8382
11654
12060
10733
6573
-134
-3803
-5935
-7611
-7653
-9778
-12103
-12185
-11893
-7631
-80
5188
9617
11981
9772
6688
3479
-87
-3020
-2616
5119
11536
7375
-2312
-12417
-16639
-9680
418
7111
10329
8117
3447
-757
-3713
-868
5777
11139
11199
619
-13354
-20422
-19102
-9602
113
3376
3192
1275
846
3639
6452
9732
12544
12620
10990
5442
-2579
-7460
-10072
-10184
-8718
-10213
-11877
-11613
-10085
-4544
2489
7266
11506
13505
11540
8203
3486
-1924
-5590
-3529
5693
10891
5009
-5017
-13148
-13662
-5144
3413
7595
8653
6876
4362
502
-3094
-777
5123
10255
8867
-3642
-16472
-20443
-16157
-5948
1728
3644
3465
2515
3497
5614
7286
10973
13787
12903
9142
846
-7566
-11439
-13102
-11967
-10888
-12259
-11650
-10448
-8390
-2325
3531
8630
13774
14736
12307
8176
2196
-2684
-6629
-6497
1811
7711
4668
-1888
-9207
-11371
-5747
654
5932
9841
9914
6991
573
-5542
-4661
761
7137
7930
-2188
-12911
-17884
-16530
-6680
2262
6136
8294
6738
5597
6316
6595
9564
11442
9466
6654
-296
-8832
-13211
-15831
-14626
-10758
-9557
-7962
-6561
-5600
-1145
4134
9333
14610
16402
14281
8916
1142
-5676
-10783
-12190
-4173
6780
9307
4314
-4921
-12447
-10322
-1714
7365
13971
14428
8692
-911
-10008
-11256
-4647
4390
10224
5265
-6871
-16079
-18610
-11307
1354
10963
15364
12844
7457
4275
2836
4784
7914
8112
6082
13
-9324
-15947
-18204
-15290
-8657
-4377
-2997
-3143
-4045
-1782
3547
9976
16370
18675
14767
6724
-2153
-8873
-12235
-13193
-8715
2514
10329
8741
702
-8688
-10051
-2370
6617
13111
13990
8031
-1286
-10234
-14042
-9274
923
9846
10024
-363
-12796
-18333
-12502
1453
13317
17792
13986
6022
1152
-516
-83
2253
3578
2533
-1212
-7596
-14012
-16424
-13447
-7517
-2061
687
477
-1304
-1502
1732
7194
13051
15693
12159
4430
-3441
-9391
-12131
-12307
-11549
-4302
8347
13331
8716
273
-6929
-5583
2611
9299
11221
8067
734
-7499
-12741
-11484
-3921
5567
11906
8691
-3176
-12468
-12870
-3994
9521
17059
14750
6815
-920
-4640
-4783
-2926
-417
1159
491
-2873
-8060
-12210
-12078
-7281
-54
4980
5172
2369
-1403
-2437
1950
8270
11878
10616
4599
-2849
-7783
-9838
-9623
-9083
-8617
-1312
10392
14854
10666
1649
-5532
-4147
1939
6718
8012
4398
-1392
-6492
-10478
-9302
-2216
6908
13725
9955
-2001
-10116
-10006
-1230
9791
13134
8327
-70
-5860
-6135
-4377
-1864
456
504
140
-1145
-4490
-6381
-5741
-2069
3532
5081
2311
-1663
-5121
-3908
1431
6291
8431
6552
1896
-2981
-6578
-7522
-6043
-5220
-5635
-1157
8145
12833
9810
2717
-3358
-3592
30
2776
3608
2512
626
-1973
-6106
-7747
-3364
5156
12219
10220
37
-9479
-12405
-6692
1874
5447
4087
-432
-4261
-4191
-3329
-1939
1037
2974
3881
3468
328
-2811
-4070
-3011
-169
336
-2381
-5251
-6956
-5415
-351
4399
7183
7334
4278
177
-3147
-4133
-2294
-1481
-4813
-6983
-685
9471
13553
9659
1805
-4181
-4215
-51
4387
7143
7144
3848
-1625
-6495
-6368
-191
7146
9442
2959
-7887
-14204
-12429
-4644
2587
4586
2841
-157
-1186
177
1187
2918
5290
6163
6152
3776
-1380
-5525
-7067
-6249
-4339
-3921
-5139
-6696
-6388
-1960
3637
7204
8770
7314
3543
99
-1583
-1950
-2970
-6441
-11062
-9214
1567
11299
12874
7202
-828
-3886
-615
4729
9118
10553
8606
3143
-4844
-10344
-10025
-4163
3902
5618
-1599
-10356
-14932
-12396
-4004
4306
9282
9351
6367
4093
2048
1529
3621
5625
6548
4510
-1610
-8191
-12355
-12301
-7767
-3094
-1503
-1988
-2795
-1518
2833
7369
9875
10239
7911
3555
-806
-4021
-5928
-7325
-9787
-11736
-7452
3892
13696
14786
9003
2219
-289
3078
8167
9893
7493
2173
-5410
-12471
-14741
-11321
-4659
1264
1693
-4030
-10313
-11691
-6390
3542
11647
13558
10225
4659
747
-38
970
2392
2640
743
-3295
-8807
-12815
-12370
-7802
-1387
2657
1814
-823
-1991
347
6071
10259
10619
8246
3524
-1642
-5471
-7027
-6538
-5958
-6670
-8315
-5836
4036
14303
18004
14940
7799
2329
2047
3483
3766
2719
-519
-5466
-10860
-13941
-12456
-7643
-170
5395
4058
-528
-4286
-3933
2043
8053
10507
9281
4858
854
-1398
-3043
-3576
-3680
-4114
-4416
-5509
-6534
-5920
-4112
-895
1290
510
-281
112
1970
5095
6373
4816
1920
-989
-2870
-4128
-4820
-4107
-3390
-4433
-6640
-6893
168
12657
20255
18990
11271
1612
-3099
-2487
-616
719
-250
-3314
-7469
-11332
-11218
-6511
1347
9116
9981
4136
-2528
-5989
-2064
6002
9957
8996
4549
-1389
-4654
-5081
-3767
-1659
-744
-358
-665
-2238
-3138
-3001
-1224
1498
2120
1044
-659
-2217
-1416
810
2022
2095
954
-1076
-2697
-3380
-2782
-1901
-2826
-5357
-8123
-6337
4291
15873
19421
14937
4482
-5006
-7407
-5847
-2911
349
1074
-1114
-5966
-11263
-11403
-4985
5139
12502
10507
2441
-4950
-7061
-2229
3041
4660
3953
1089
-611
-931
-2438
-2849
-2180
-536
3029
4755
3437
821
-2229
-3499
-3008
-2330
-1092
-361
-598
-660
-1293
-1464
188
2065
3348
3097
1240
-162
-1396
-3516
-5853
-7281
-4361
5794
16506
18293
10849
-939
-9209
-8397
-2903
2286
4707
2433
-2159
-7433
-11611
-10182
-2730
7460
14271
10945
102
-9721
-12380
-5920
3208
7436
6410
2188
-1596
-3160
-4023
-2995
333
4677
8155
6779
807
-5677
-9272
-7479
-2749
335
546
-1895
-5096
-5879
-3749
29
4485
7580
8048
5990
1702
-2163
-3651
-3989
-3861
-3727
-2228
3945
11151
12168
7166
155
-4340
-2925
932
2901
2678
487
-2135
-4818
-7177
-5716
-208
6962
11482
7597
-1790
-9002
-10094
-4035
4042
7512
6096
2266
-913
-1498
-1137
-470
1281
3373
4748
3196
-1905
-7224
-9642
-7933
-3991
-1950
-2793
-4863
-6203
-4743
-1011
2875
6390
8489
7930
5090
653
-3458
-4900
-4502
-4164
-4714
-5767
-3607
3146
9302
10584
6655
588
-2653
-2460
-608
1732
2398
1166
-1365
-4917
-6325
-3479
2486
8639
9395
2971
-5321
-9784
-7163
844
7395
8631
5368
571
-2274
-2441
-946
1154
3297
4904
3516
-1546
-7140
-10441
-9552
-4801
-458
410
-1347
-3667
-4008
-994
3401
7007
9126
8621
5468
1064
-3235
-5675
-5058
-3318
-3575
-6298
-8247
-4155
4711
11287
11972
6747
-21
-3076
-2529
161
3398
4418
3103
-107
-4406
-5515
-2120
3649
8491
6618
-1094
-7683
-9680
-5788
1408
5975
6377
4038
999
-803
-1432
-621
1480
3199
3516
854
-4368
-8492
-9827
-7595
-2896
288
987
-267
-2335
-1894
732
3664
6832
8499
7604
4772
298
-4160
-6055
-5453
-4440
-4814
-6925
-7482
-2488
6323
12643
12583
7537
1911
-764
-226
2021
3851
4196
3484
648
-3653
-5928
-4958
-847
3584
3200
-1419
-6460
-8656
-5414
-196
3115
4526
3365
1689
1152
138
-379
204
296
-210
-2116
-5460
-7693
-8163
-6349
-2734
-592
21
-386
-1625
-1094
1020
3532
6513
8111
7169
4461
228
-4114
-6092
-5610
-4002
-3369
-5331
-6723
-3270
4527
12053
14033
10009
4282
727
801
2926
4266
4158
2890
-409
-4801
-7717
-7489
-3146
2397
3691
-20
-5692
-8980
-6383
140
6041
8512
6885
3677
925
-999
-1207
-713
-461
-610
-2375
-5237
-7709
-8860
-7247
-3250
209
1416
492
-1002
-284
2607
6049
8503
8244
5969
2559
-1295
-4255
-5994
-5978
-4782
-4464
-5611
-7414
-6376
1397
11947
17230
15092
7944
865
-1203
842
3606
4847
3298
-637
-5807
-10030
-10293
-6079
741
5683
4046
-2289
-7572
-7697
-1783
5801
9681
8548
4280
328
-1744
-2921
-3493
-3229
-2438
-1734
-2650
-5525
-7906
-7411
-3198
3084
6905
6070
2385
-1043
-1304
1612
5192
6509
4894
1821
-1824
-4557
-5333
-4822
-3597
-2734
-3623
-5691
-5961
-1419
8088
17194
19036
13333
4691
-1443
-1977
460
2168
1730
-741
-4465
-8482
-10011
-7433
-1863
4419
6618
2458
-3832
-7428
-6046
-580
4350
5467
2920
-923
-3168
-4065
-4218
-3080
-1847
-1030
-725
-1771
-3210
-3680
-2098
1004
3312
3624
1128
-2348
-3349
-1828
933
3402
3686
2136
89
-1801
-2271
-1217
89
484
-1085
-3480
-5353
-5487
-1236
7164
15292
17047
10910
2216
-4214
-5661
-2464
884
2439
2266
-620
-4933
-8034
-7815
-3230
3115
6379
3764
-3155
-8848
-9044
-3962
2714
6082
5126
2529
403
-78
419
701
1215
1699
1630
759
-1148
-2956
-3303
-1905
59
938
203
-1671
-2979
-2239
-28
2520
4600
5371
4796
3320
1577
779
857
442
-1112
-3841
-6511
-7451
-5572
312
7964
12606
11491
5407
-1242
-4359
-2846
1291
4827
5912
3453
-1995
-7373
-9582
-7393
-2313
1921
1960
-2127
-6979
-8722
-5665
29
4992
7139
6015
3843
2098
191
-1554
-2548
-2647
-1878
-1197
-1748
-2900
-3522
-3710
-3419
-2708
-1980
-1168
-229
1208
2865
3841
4364
4656
4954
5017
4051
2392
672
-876
-2802
-5340
-7958
-9701
-9077
-6617
-1740
6695
13323
13339
8567
2328
-950
1279
5434
7239
5189
-145
-6028
-10158
-11047
-8158
-3511
1059
2601
-897
-5238
-6721
-3825
3205
8907
10270
8206
3496
-714
-2989
-4191
-3144
-877
285
56
-2148
-5246
-6512
-5105
-1498
2224
3997
4100
2355
534
1218
3061
5178
6820
5869
2741
-970
-3779
-4225
-3367
-3390
-4811
-7420
-9914
-10258
-8045
-2082
8394
17599
19303
13506
4147
-2203
-2338
975
4087
3868
-474
-6323
-11363
-13610
-11392
-5500
1558
5840
4641
-345
-5029
-4985
580
7427
11531
10372
4680
-760
-3799
-4436
-2282
214
1186
588
-1897
-4675
-6057
-5131
-867
4203
6662
6122
2901
-338
-1071
-50
2011
3429
2876
1347
-965
-3176
-3672
-3385
-2797
-2072
-3039
-4372
-4804
-5125
-3780
-1982
2240
12426
18079
13813
6883
-1140
-5466
-2657
-283
388
532
-2444
-6496
-10660
-12771
-8608
-1166
6262
9185
3406
-3348
-5334
-2309
5716
10609
9373
5625
85
-3148
-4369
-6225
-5159
-2463
-361
1778
720
-2473
-3932
-3141
323
3567
4391
3872
1332
-770
-412
-314
110
1189
816
-301
-1986
-3535
-3189
-2044
-958
-709
-2232
-3596
-3688
-2651
-1188
304
5948
13811
15016
10286
3378
-3877
-5428
-2319
-556
-381
-2451
-6037
-8077
-9014
-7440
-2788
2398
7022
6882
2148
-1294
-2446
436
5177
5888
4001
175
-4023
-4734
-4815
-4014
-677
1569
3553
4418
1233
-2090
-3414
-1988
2126
4162
3501
466
-4128
-5135
-3567
-1558
1628
2989
2764
2386
754
285
1344
1519
1174
-867
-4419
-5791
-5232
-3578
-1775
-523
5325
12749
13185
9141
2974
-3149
-2896
387
1591
1501
-1580
-5569
-7058
-8226
-6922
-2308
2083
5950
5316
479
-2169
-2599
1051
6541
7328
5343
1289
-2427
-1920
-1722
-1726
-376
-1026
-1216
-1085
-3457
-4930
-4910
-3554
-325
972
613
-177
-1314
103
2271
3474
4474
3565
2377
1345
-1276
-3338
-4737
-5677
-4909
-4676
-5154
-4505
-3790
-2126
675
3207
8803
15282
14833
8982
1884
-4125
-4937
-2659
-1901
-2689
-5217
-7651
-7809
-7233
-4608
7
4120
7885
7912
4230
2065
1158
2633
5516
5002
2732
-706
-4328
-5122
-5803
-5514
-2660
-777
587
964
-1129
-2248
-1590
392
3708
4820
3686
1874
-650
-1211
-118
683
1485
1006
-381
-1782
-3478
-4011
-3218
-2031
-1053
-1105
-1640
-1649
-1390
-1234
-105
1074
2946
8905
13220
10136
3752
-3144
-6752
-4483
-1583
-385
-584
-2289
-3398
-4511
-5463
-3578
582
6415
10286
7425
1751
-2906
-4545
-843
2987
3675
2001
-2228
-5040
-5662
-5595
-2950
432
2757
4146
3014
183
-2048
-2008
998
4192
4985
3633
600
-2347
-2973
-1620
547
1965
1242
-895
-3740
-6168
-6135
-3904
-1180
1030
1562
49
-1747
-2782
-2377
300
2668
5231
9616
9974
4814
-1208
-5925
-6342
-2541
857
1944
974
-1270
-3050
-3766
-2964
419
5325
9006
8287
2610
-3804
-6794
-4767
484
3661
2637
-1131
-4679
-5242
-3793
-1499
1101
2482
3098
2969
940
-1671
-2726
-1375
1779
4112
3440
421
-3128
-4924
-3704
-1272
581
1220
543
-701
-1961
-2267
-1243
457
2351
2851
1049
-1607
-3790
-4300
-2719
-534
914
2351
5212
7547
6454
3185
6
-1528
-344
1447
1834
1331
-313
-2537
-4184
-5441
-4157
60
3862
5389
2868
-2373
-5099
-3741
166
3556
3500
836
-2098
-3253
-2678
-1988
-829
621
1432
1759
913
-928
-2164
-1779
148
1979
2239
864
-1368
-2827
-2518
-1139
-16
-98
-991
-1796
-2078
-1328
24
1523
3003
3056
1760
-60
-1945
-2314
-1139
395
1481
2805
5310
5646
2823
294
-1504
-1298
1211
2396
2301
1558
-399
-1679
-2589
-3022
-935
1965
3695
3131
-614
-4029
-4507
-2484
795
2151
1391
50
-1122
-484
402
757
1960
2217
1646
1280
32
-1532
-2750
-3017
-1839
-1157
-1799
-2775
-3540
-2991
-1116
481
1353
1482
1369
1844
2399
2801
2872
2009
493
-1271
-2775
-3738
-4381
-4130
-3127
-2243
-1823
-1198
1653
6105
8366
7389
4503
990
-592
316
1065
885
-224
-2725
-5051
-6199
-5765
-3095
427
2814
2698
562
-1313
-1583
592
3644
4593
3732
1762
-962
-2495
-2787
-2537
-1187
26
-61
-1048
-2653
-3446
-2372
-181
1887
2733
2458
1295
-264
-487
116
453
1131
1393
925
286
-731
-1289
-898
-127
648
518
-642
-1973
-3106
-3276
-2068
-655
2206
7006
8962
6918
3477
-804
-2629
-673
865
1362
1128
-1243
-3546
-4951
-5880
-4030
-120
3058
3954
1656
-1732
-3424
-2288
769
2686
3232
2403
54
-825
-1172
-2133
-1248
-364
63
1412
957
-1110
-2593
-3232
-2145
-264
647
743
164
-211
294
768
1312
2057
2619
2920
2259
934
-303
-1347
-1755
-1769
-1871
-1983
-2465
-2913
-2567
-1816
-685
1001
2762
5021
7332
7338
4903
1820
-931
-1831
-1059
-658
-860
-1822
-3543
-4557
-4194
-2605
62
2807
4412
4076
1949
-453
-1652
-981
533
1127
630
-901
-2680
-3235
-3252
-2853
-1468
-373
290
912
961
824
830
925
1216
1340
944
70
-774
-1212
-1188
-662
-66
144
-79
-595
-875
-651
-303
-97
-104
-409
-1096
-2275
-2776
-2003
-406
3462
7551
7249
4089
571
-2493
-2311
157
1519
1909
1036
-1734
-4175
-5237
-4628
-1379
2612
4608
3775
322
-3350
-4330
-2132
1220
3302
3236
1182
-1172
-2022
-1936
-1364
-277
531
1302
1810
798
-795
-1619
-1240
646
2032
1610
441
-945
-1420
-599
-15
324
749
859
836
547
92
-207
-526
-657
-886
-1410
-1678
-1721
-1260
-168
714
1187
1308
1553
3226
5023
4917
3264
572
-1676
-2077
-1706
-1144
-569
-658
-830
-1007
-1434
-1057
362
2105
3182
2351
50
-1983
-2822
-2262
-1309
-1116
-1363
-1741
-1672
-1055
-717
-172
791
1704
2923
3626
2711
997
-751
-1997
-1952
-1122
-709
-1077
-2043
-3071
-3113
-1768
356
2092
2614
1880
193
-1139
-1348
-860
303
1207
533
-1067
-2347
-2921
-1179
3254
6632
6790
4557
754
-2111
-2039
-437
1280
2478
1840
-590
-3306
-5376
-5332
-2360
1545
3906
3540
755
-2253
-3151
-1797
508
2525
2681
1180
-346
-1587
-1898
-972
173
1269
2079
1962
1020
-134
-762
-612
-55
395
224
-471
-1142
-1459
-1416
-1361
-1217
-658
189
958
959
3
-1007
-1477
-1059
77
673
362
-359
-1336
-1651
-962
135
2087
4005
4046
2837
991
-1165
-2043
-1345
-100
976
1298
296
-1358
-2279
-1885
-143
2148
3332
2564
488
-1797
-3151
-2738
-1398
-385
-124
-721
-1532
-1777
-1205
233
2009
3369
3900
3319
1875
326
-660
-599
44
80
-559
-1506
-2397
-2457
-1807
-1055
-68
1029
1939
2354
1933
893
-108
-455
-361
-394
-620
-1257
-2096
-2367
-2171
-1403
28
1821
4031
5117
3967
1892
-160
-1303
-895
-233
-109
-214
-1018
-2088
-2519
-2486
-1393
658
2237
2639
1382
-776
-2061
-1957
-1032
-400
-503
-1047
-1453
-993
-134
377
717
1162
1780
2286
2162
1554
1031
611
229
-301
-1133
-1664
-1789
-1766
-1334
-1001
-820
-317
55
360
859
1244
1457
1250
423
-499
-1041
-948
-461
-375
-581
-834
-614
1234
3233
3449
2479
629
-1136
-1308
-748
-136
636
788
336
-203
-1069
-1465
-709
345
950
471
-1097
-2444
-2662
-2020
-1359
-1033
-773
-333
611
1546
1693
1626
1827
2123
2335
1668
67
-1263
-1804
-1700
-1201
-1032
-1063
-991
-979
-754
-506
-194
570
1343
1737
1581
896
266
-414
-1243
-1684
-1862
-1512
-575
-250
-205
166
1039
3258
5096
4646
3124
1345
-53
-253
-347
-842
-937
-828
-843
-1144
-2076
-2380
-990
1120
2562
2140
106
-1533
-1633
-706
-70
-345
-1143
-1620
-1173
-473
-228
-58
347
1120
1803
1658
879
175
-69
5
-109
-784
-1504
-1759
-1537
-941
-498
-206
190
475
696
596
195
10
-36
-54
-67
-240
-350
-471
-646
-712
-427
1014
3183
3987
2964
1001
-1091
-1735
-946
-390
-226
-372
-1023
-1085
-744
-630
10
896
1346
1195
139
-1186
-1721
-1132
-130
209
-139
-815
-1066
-222
877
1568
2033
2207
2004
1480
492
-804
-1676
-1780
-1417
-1048
-986
-1345
-1667
-1246
-292
558
1155
1253
1127
1175
1086
557
-528
-1657
-2044
-1577
-675
-169
-378
-682
-518
856
3167
4390
3870
2500
694
-595
-847
-939
-1125
-1258
-1713
-2108
-2310
-2474
-1814
-396
1085
2054
1838
919
220
35
356
680
629
233
-384
-969
-1370
-1404
-800
200
1061
1299
732
-226
-773
-593
110
793
966
639
6
-506
-551
-175
533
1052
970
314
-719
-1436
-1502
-1123
-408
123
116
-102
-338
-186
613
1973
3685
4435
3445
1671
-140
-1341
-1301
-736
-424
-489
-1434
-2713
-3259
-2962
-1574
384
1588
1656
759
-328
-601
-118
557
894
643
138
-307
-740
-969
-935
-658
-71
397
444
238
-163
-489
-479
-286
-80
102
188
63
-63
-27
145
539
1059
1216
917
292
-534
-1097
-1426
-1509
-1306
-1196
-927
-543
-417
-101
455
1517
3274
4194
3650
2354
588
-765
-1125
-1155
-1077
-971
-1404
-1963
-2313
-2485
-1880
-642
698
1583
1548
1123
816
782
1061
1042
702
429
198
-39
-474
-1239
-1735
-1388
-505
428
798
111
-780
-1031
-646
169
825
973
880
758
720
715
736
807
839
755
197
-830
-1957
-2759
-2712
-1946
-1026
-245
55
-140
-160
395
1689
3477
4448
3980
2497
625
-784
-1323
-1343
-1279
-1228
-1379
-1761
-2117
-2324
-1998
-906
512
1624
1952
1517
792
385
351
501
697
577
307
24
-368
-682
-927
-1007
-921
-807
-636
-567
-599
-523
-276
98
515
870
1156
1366
1385
1190
850
423
136
-37
-350
-865
-1679
-2484
-2687
-2106
-957
328
1105
1089
721
670
1383
2652
3534
3371
2185
562
-861
-1726
-1906
-1532
-842
-215
-157
-820
-1628
-1947
-1423
-152
929
1207
782
-57
-616
-703
-414
221
824
1257
1211
590
-147
-712
-801
-448
-152
-245
-714
-1175
-1360
-1203
-753
-110
500
962
1260
1184
886
735
695
749
642
134
-519
-1169
-1671
-1781
-1506
-972
-195
458
667
575
459
833
1764
2564
2617
1782
574
-334
-690
-763
-743
-641
-577
-593
-798
-1198
-1522
-1302
-441
471
899
593
-85
-412
-207
444
1082
1297
1192
801
333
-168
-657
-849
-881
-844
-841
-1045
-1282
-1333
-1065
-512
97
562
924
1121
1144
1193
1155
1069
1022
787
398
-114
-748
-1252
-1489
-1402
-995
-519
-187
-15
-5
151
679
1353
1924
2023
1572
948
344
-26
-172
-203
-145
-152
-317
-750
-1324
-1673
-1553
-1034
-455
-111
-102
-145
23
343
768
1101
1274
1331
1209
831
215
-411
-789
-939
-1060
-1308
-1519
-1564
-1267
-666
-98
336
654
966
1254
1330
1178
888
601
336
-68
-538
-969
-1202
-1125
-849
-622
-466
-223
127
493
742
858
1051
1252
1262
897
151
-543
-809
-493
-8
213
167
-83
-272
-310
-299
-233
-164
-111
-194
-518
-935
-1158
-958
-374
329
729
744
611
518
555
564
450
292
4
-351
-767
-1131
-1235
-993
-455
61
354
398
291
305
535
841
1027
982
653
126
-382
-753
-850
-680
-400
-159
-119
-243
-324
-249
37
421
792
1004
989
813
488
234
147
162
227
182
11
-197
-391
-461
-429
-344
-273
-210
-203
-335
-475
-492
-314
1
314
425
311
140
12
76
275
423
444
216
-200
-540
-649
-503
-176
156
327
282
124
-82
-212
-171
14
230
267
70
-245
-508
-569
-401
-17
336
465
344
66
-153
-192
42
334
462
402
155
-99
-272
-316
-147
134
481
722
740
532
158
-157
-315
-278
-166
-164
-381
-762
-1071
-1208
-1062
-612
-66
421
665
594
362
172
213
451
669
714
490
55
-451
-842
-964
-801
-467
-154
30
20
-108
-169
-47
224
524
683
578
232
-117
-304
-318
-101
191
340
308
107
-133
-241
-137
91
295
343
209
22
-130
-142
-8
182
365
468
480
395
208
29
-79
-115
-99
-170
-367
-575
-788
-926
-864
-691
-432
-119
128
270
366
421
466
526
502
445
363
192
7
-154
-258
-293
-256
-177
-100
-80
-101
-130
-168
-130
-61
-9
75
120
119
130
137
172
277
357
398
434
399
302
151
-10
-123
-189
-220
-198
-139
-66
18
70
119
195
275
317
277
162
-20
-176
-258
-327
-385
-432
-449
-370
-236
-124
-30
59
148
225
268
233
189
177
163
125
-4
-178
-303
-338
-306
-236
-141
-83
-45
-22
-22
-17
30
126
187
211
149
12
-96
-121
-39
91
172
142
79
-2
-101
-147
-155
-111
-40
17
21
-57
-138
-182
-124
30
202
320
287
157
-24
-197
-297
-312
-261
-216
-191
-231
-331
-423
-468
-346
-105
132
284
300
198
103
96
204
326
355
310
193
74
-26
-87
-84
-22
71
138
128
19
-105
-141
-43
118
216
222
182
176
220
279
308
291
235
119
13
-79
-159
-143
-41
42
47
-32
-126
-147
-88
37
153
197
157
54
-68
-161
-213
-222
-198
-214
-249
-273
-296
-271
-223
-120
3
74
140
154
119
80
56
82
110
97
41
-46
-130
-132
-66
25
114
160
146
100
11
-80
-93
-45
24
77
74
27
-15
2
51
152
276
323
284
182
69
-9
-15
25
60
48
-44
-173
-271
-320
-263
-151
-57
-18
-51
-120
-156
-163
-156
-137
-136
-139
-147
-190
-232
-228
-173
-59
43
93
102
67
52
68
83
94
90
73
45
4
-38
-79
-87
-56
-10
38
69
46
-8
-57
-46
44
148
197
166
98
45
46
92
127
172
190
154
117
93
57
35
20
8
4
-24
-57
-79
-86
-69
-17
32
52
46
5
-22
-46
-65
-75
-110
-110
-96
-89
-72
-66
-68
-61
-48
-33
-7
16
40
75
66
47
52
44
42
45
48
49
39
44
59
56
59
57
35
22
-10
-31
-18
-7
21
37
31
39
51
66
77
79
56
15
-37
-101
-123
-110
-57
8
24
11
-30
-74
-87
-59
-24
-22
-46
-86
-115
-124
-111
-68
-21
12
27
22
-3
-12
13
37
47
60
68
48
7
-17
-11
31
97
160
188
154
107
77
73
58
34
9
-21
-50
-90
-123
-148
-144
-100
-48
-30
-46
-60
-58
-28
21
52
63
52
19
-30
-77
-99
-87
-49
-14
-13
-55
-92
-108
-85
-11
49
79
92
67
24
-36
-88
-90
-58
-24
-14
-56
-99
-104
-88
-55
-33
-16
11
39
54
63
61
65
114
170
182
153
111
74
35
-3
-29
-57
-74
-60
-25
-3
7
0
12
57
98
101
80
72
79
88
89
59
14
-30
-61
-62
-70
-98
-121
-104
-62
-26
12
32
46
47
41
35
36
45
41
32
12
-41
-76
-99
-124
-131
-126
-92
-51
-4
31
34
47
81
133
173
165
138
119
112
110
113
81
46
24
-5
-32
-61
-74
-58
-39
-47
-62
-61
-39
-8
24
28
22
20
10
-12
-44
-81
-115
-126
-125
-105
-79
-64
-52
-38
-39
-20
24
78
113
106
73
20
-17
-44
-52
-39
-24
-15
-26
-44
-71
-104
-113
-85
-48
-18
-4
-3
7
16
28
42
51
57
58
68
59
24
-1
-31
-57
-71
-95
-104
-90
-61
-25
4
30
58
94
116
115
112
95
72
46
26
-10
-51
-62
-71
-83
-102
-101
-75
-49
-4
29
43
35
18
16
31
51
59
51
41
46
39
10
-28
-60
-56
-37
-17
14
37
39
32
38
53
73
84
85
90
70
38
4
-26
-35
-27
-17
-3
-4
-29
-49
-47
-13
27
39
37
45
56
66
64
44
23
11
-1
-8
-6
-3
6
0
-31
-56
-57
-46
-18
4
1
-5
4
1
-11
-9
-7
-5
6
0
-9
-21
-48
-69
-66
-54
-42
-13
13
28
26
30
36
26
19
15
16
-1
-19
-20
-23
-21
-27
-30
-37
-47
-56
-62
-63
-60
-46
-39
-30
-14
-14
-3
36
71
79
47
21
17
15
-3
-38
-53
-60
-64
-58
-57
-53
-32
-3
28
44
46
33
24
28
40
47
37
15
4
1
-12
-16
-2
11
20
18
5
1
-16
-18
-1
15
27
29
32
40
50
34
12
20
33
49
46
30
10
-26
-57
-81
-73
-39
-15
-3
-8
-11
-5
13
34
41
47
43
27
17
1
-2
-6
-17
-26
-28
-32
-33
-30
-16
7
15
16
13
1
10
38
42
34
17
-7
-29
-54
-68
-56
-35
-23
-10
3
16
29
27
25
18
10
16
17
9
15
26
41
50
48
40
16
3
-10
-19
-19
-9
11
34
43
31
26
43
63
75
68
48
25
4
-4
-15
-21
-23
-26
-25
-31
-38
-46
-40
-9
10
13
-2
-10
-22
-44
-43
-38
-44
-66
-92
-101
-108
-113
-94
-71
-52
-34
-26
-24
-13
5
15
9
-7
-26
-31
-11
23
48
50
47
42
40
38
30
28
31
12
-7
-3
-1
-2
0
-4
-4
13
30
32
31
27
19
3
-9
2
12
23
23
8
-2
-8
-15
-13
-10
0
8
-5
-21
-25
-15
-2
12
9
5
8
3
4
10
10
