9
-4
-16
-26
-20
-15
-14
-9
-11
-16
-8
-2
-4
-7
-17
-30
-32
-29
-35
-39
-39
-33
-31
-34
-30
-35
-36
-20
-16
-19
-19
-19
-18
-23
-29
-30
-28
-22
-13
2
10
14
25
32
31
34
32
16
10
-5
-14
-10
-17
-14
-7
-13
-28
-28
-13
4
11
8
-6
-10
-16
-31
-36
-31
-25
-25
-23
-20
-16
-11
-5
7
10
5
-2
-5
-7
-8
-6
-6
6
21
29
34
33
18
5
-2
-6
-7
-8
-3
5
12
17
24
27
27
25
27
21
10
7
10
14
9
3
5
9
7
18
28
24
11
7
6
-6
-6
6
11
12
7
13
19
24
27
30
32
19
10
4
10
25
35
27
20
20
12
11
11
0
-14
-28
-36
-35
-46
-52
-57
-54
-44
-30
-13
-5
-2
-10
-13
-22
-30
-18
-5
2
7
16
19
20
9
-5
3
10
13
9
15
30
43
45
38
41
43
44
40
32
23
24
24
12
3
-3
-8
-12
-19
-26
-39
-36
-27
-26
-21
-24
-30
-33
-36
-40
-46
-47
-45
-46
-49
-49
-39
-38
-49
-53
-53
-58
-55
-40
-29
-28
-13
-1
5
8
4
11
24
34
40
38
34
27
24
21
20
23
18
24
34
35
29
33
37
29
16
6
1
2
-7
-12
-14
-9
-3
1
6
10
12
11
13
12
16
13
6
-7
-23
-32
-34
-28
-21
-16
-17
-17
-19
-14
-10
-5
-2
6
18
21
29
34
42
48
52
56
44
41
44
52
51
33
30
25
15
12
7
4
-1
-7
-6
6
15
19
13
11
1
-12
-18
-32
-46
-53
-45
-37
-37
-33
-30
-36
-41
-31
-23
-20
-15
-7
-7
5
18
10
-1
-12
-19
-10
11
23
28
34
32
23
9
-7
-14
-12
-2
16
19
20
14
2
-2
-9
-9
-4
1
12
20
23
21
10
5
-5
-11
-3
9
7
-7
-14
-8
-4
-8
-12
-14
-12
-6
-10
-16
-22
-29
-30
-36
-43
-45
-42
-33
-15
-2
-10
-14
-15
-27
-43
-52
-46
-42
-24
-2
12
16
15
17
20
21
15
4
-4
5
22
38
49
47
45
42
38
32
21
10
-1
-6
-23
-40
-44
-44
-47
-45
-34
-37
-30
-10
-5
-6
-3
4
6
13
27
33
41
55
61
68
75
78
84
95
89
91
108
117
115
104
100
99
105
91
63
45
32
17
4
-18
-48
-68
-84
-91
-105
-122
-135
-147
-142
-146
-171
-185
-188
-184
-164
-146
-132
-116
-83
-41
-10
19
42
44
40
55
77
98
132
156
177
200
217
220
209
199
179
144
108
90
77
61
44
8
-27
-57
-92
-124
-151
-162
-171
-192
-202
-211
-222
-214
-201
-183
-164
-164
-148
-116
-86
-61
-34
-7
24
61
85
118
156
179
202
216
227
235
223
215
215
215
209
214
200
164
112
62
9
-63
-117
-160
-186
-203
-239
-267
-284
-290
-284
-296
-294
-287
-276
-248
-222
-200
-175
-137
-93
-32
45
113
159
208
279
328
356
389
409
414
416
438
443
413
378
322
258
189
119
47
-31
-105
-182
-229
-264
-316
-365
-416
-448
-467
-468
-447
-434
-426
-408
-392
-386
-371
-344
-287
-220
-149
-68
14
94
167
225
279
319
347
376
411
455
481
494
500
495
475
455
416
345
296
248
175
105
45
-23
-86
-130
-162
-197
-225
-223
-216
-212
-209
-200
-183
-173
-175
-175
-188
-165
-136
-100
-40
7
45
67
86
95
99
102
113
124
134
149
144
124
105
97
67
25
-14
-73
-142
-194
-238
-280
-311
-325
-350
-371
-372
-373
-372
-374
-368
-335
-284
-225
-148
-60
13
82
153
218
277
311
352
406
429
443
474
502
505
514
514
474
431
395
346
282
218
176
125
54
-11
-76
-152
-229
-300
-355
-416
-478
-547
-602
-656
-733
-804
-837
-820
-802
-773
-702
-621
-574
-500
-375
-264
-177
-47
124
246
367
559
762
909
1003
1145
1260
1314
1324
1331
1335
1225
1111
1030
915
745
581
427
225
5
-208
-391
-584
-763
-880
-972
-1037
-1087
-1103
-1103
-1099
-1075
-1015
-914
-827
-750
-631
-492
-382
-291
-135
14
109
218
352
488
533
554
600
611
563
537
539
467
371
324
282
174
62
4
-58
-139
-201
-231
-275
-364
-412
-434
-433
-408
-356
-295
-246
-153
-52
44
145
259
405
539
679
850
1003
1125
1247
1353
1370
1355
1324
1263
1145
971
782
549
266
-47
-345
-617
-912
-1234
-1469
-1647
-1846
-2030
-2109
-2102
-2146
-2138
-1954
-1751
-1640
-1428
-988
-594
-359
1
530
890
1071
1418
1835
1983
1981
2154
2319
2150
1916
1858
1727
1327
966
776
457
-16
-389
-598
-896
-1252
-1467
-1580
-1716
-1867
-1903
-1896
-1896
-1866
-1765
-1586
-1438
-1301
-1090
-816
-596
-434
-204
41
198
286
477
676
730
778
927
1020
970
1004
1136
1144
1072
1135
1238
1189
1126
1212
1225
1079
997
1003
897
717
637
586
448
289
194
77
-121
-291
-412
-523
-638
-725
-742
-751
-798
-836
-823
-793
-790
-772
-699
-613
-594
-553
-452
-411
-414
-378
-278
-273
-329
-293
-223
-215
-243
-169
-135
-202
-241
-236
-245
-289
-257
-191
-185
-124
19
172
302
493
747
899
1053
1287
1478
1543
1602
1739
1777
1700
1683
1720
1553
1279
1145
975
676
348
158
-17
-340
-579
-718
-929
-1187
-1279
-1287
-1419
-1579
-1578
-1492
-1551
-1643
-1578
-1471
-1465
-1459
-1300
-1126
-1055
-967
-745
-527
-436
-335
-198
33
244
374
570
840
1151
1278
1414
1667
1809
1845
1890
2055
2037
1852
1773
1661
1384
1003
759
437
-7
-354
-652
-997
-1430
-1699
-1876
-2059
-2231
-2308
-2245
-2247
-2211
-2090
-1826
-1613
-1521
-1229
-883
-674
-560
-281
10
41
74
342
572
463
391
623
723
492
376
616
758
611
692
1172
1398
1213
1397
1952
2049
1777
1957
2332
2181
1891
1994
2061
1581
1043
902
697
111
-364
-466
-700
-1132
-1436
-1519
-1647
-1966
-2050
-1916
-1892
-2006
-1937
-1637
-1567
-1599
-1396
-1059
-951
-949
-620
-339
-283
-216
14
252
246
288
443
605
681
722
888
1036
1229
1369
1482
1665
1785
1843
1835
1900
1844
1667
1546
1441
1267
971
797
633
294
-55
-302
-483
-836
-1150
-1262
-1391
-1640
-1844
-1781
-1760
-1897
-1926
-1722
-1536
-1553
-1478
-1236
-1086
-1137
-1072
-776
-620
-658
-524
-156
31
-34
77
483
693
720
1013
1550
1794
1727
2017
2382
2331
2095
2217
2378
1991
1683
1745
1669
1081
627
580
209
-431
-778
-821
-1092
-1598
-1735
-1678
-1889
-2217
-2226
-2020
-2110
-2327
-2217
-1974
-1954
-2014
-1746
-1487
-1541
-1499
-1189
-853
-808
-681
-274
39
115
206
642
996
963
1053
1538
1969
1932
2015
2521
2763
2495
2409
2728
2620
2064
1858
1903
1544
887
609
513
61
-448
-616
-711
-1083
-1373
-1429
-1482
-1689
-1784
-1640
-1634
-1652
-1539
-1321
-1241
-1350
-1283
-1111
-1076
-1152
-1099
-803
-623
-643
-560
-310
-111
-132
-32
399
711
770
1061
1680
1987
1882
2145
2641
2669
2417
2627
2979
2634
2186
2265
2237
1569
970
968
690
-28
-439
-379
-576
-1189
-1436
-1412
-1600
-2001
-2097
-1893
-1988
-2232
-2219
-1927
-1871
-2105
-2007
-1745
-1716
-1797
-1618
-1281
-1232
-1257
-949
-619
-621
-637
-181
338
437
560
1173
1833
1867
1959
2600
3025
2802
2629
2997
2999
2369
2088
2191
1906
1160
817
732
174
-519
-783
-848
-1297
-1746
-1775
-1738
-1936
-2147
-2083
-2013
-2038
-2039
-1867
-1667
-1641
-1525
-1277
-1085
-1099
-1041
-736
-560
-551
-436
-56
210
62
142
677
947
795
966
1589
1854
1658
1891
2486
2509
2083
2201
2556
2179
1627
1622
1684
1083
437
374
170
-434
-909
-948
-1126
-1559
-1733
-1756
-1899
-2191
-2243
-2144
-2184
-2253
-2143
-1823
-1692
-1732
-1582
-1256
-1081
-1115
-934
-548
-396
-387
-101
359
468
414
850
1362
1370
1336
1875
2476
2323
2260
2826
3174
2817
2585
2994
2964
2281
1965
2063
1713
877
538
466
-18
-704
-924
-845
-1223
-1624
-1650
-1544
-1751
-2062
-1957
-1770
-1881
-2098
-1933
-1621
-1667
-1808
-1623
-1340
-1403
-1472
-1083
-691
-703
-580
-54
300
203
451
1173
1428
1296
1685
2468
2571
2294
2651
3221
2977
2407
2613
2793
2174
1553
1559
1381
472
-111
-205
-601
-1412
-1831
-1727
-1980
-2462
-2527
-2254
-2258
-2547
-2584
-2346
-2219
-2385
-2320
-1973
-1859
-1881
-1681
-1291
-1181
-1304
-1102
-758
-712
-725
-288
175
104
211
855
1261
1216
1490
2327
2727
2615
2987
3632
3622
3159
3268
3410
2757
2037
1817
1535
665
-35
-244
-605
-1305
-1804
-1846
-2057
-2389
-2500
-2419
-2339
-2363
-2302
-2130
-1963
-1893
-1745
-1539
-1382
-1265
-1087
-814
-630
-570
-419
-181
-128
-158
44
206
141
312
778
1089
1225
1708
2377
2560
2606
3105
3642
3504
3279
3596
3541
2914
2450
2331
1888
1011
485
146
-460
-1163
-1485
-1621
-1975
-2141
-2144
-2148
-2157
-2123
-2122
-2134
-2006
-1941
-1866
-1779
-1617
-1379
-1259
-1133
-968
-783
-593
-384
-284
-208
64
180
81
275
691
801
758
1119
1722
1911
2047
2596
3037
2973
2962
3304
3141
2585
2348
2229
1627
785
297
-167
-846
-1585
-2011
-2415
-2942
-3165
-3207
-3171
-3137
-2967
-2761
-2643
-2485
-2351
-2080
-1873
-1775
-1607
-1433
-1200
-1042
-884
-656
-412
-235
-57
286
406
538
1051
1429
1527
1768
2394
2746
2648
2932
3502
3613
3300
3411
3662
3191
2670
2510
2156
1398
810
473
-157
-894
-1367
-1634
-2111
-2633
-2803
-2878
-3059
-3205
-3161
-3075
-2954
-2817
-2680
-2431
-2239
-1977
-1646
-1318
-1061
-807
-531
-416
-286
-157
92
299
330
674
1169
1425
1599
2172
2888
3099
3292
3776
4112
3898
3709
4019
3789
3065
2686
2438
1667
692
226
-267
-1071
-1746
-2040
-2366
-2961
-3197
-3092
-3151
-3341
-3125
-2731
-2594
-2505
-2243
-1895
-1792
-1707
-1414
-1068
-957
-867
-476
-208
-105
36
324
615
591
738
1169
1426
1498
1845
2632
3016
3110
3662
4375
4481
4177
4443
4690
4059
3368
3256
2891
1713
770
304
-491
-1677
-2536
-2851
-3516
-4307
-4586
-4571
-4746
-5017
-4803
-4498
-4364
-4080
-3532
-3061
-2901
-2579
-1953
-1523
-1308
-838
-217
74
149
503
988
1107
1095
1510
1916
1911
1998
2594
3048
2917
3029
3653
3924
3498
3388
3741
3472
2741
2520
2593
1995
1113
712
457
-279
-1228
-1599
-1938
-2600
-2999
-3054
-3154
-3539
-3582
-3350
-3340
-3435
-3220
-2728
-2634
-2597
-2106
-1584
-1450
-1268
-673
-225
-146
44
511
719
604
944
1555
1750
1756
2322
3109
3242
3268
3808
4298
4048
3831
4240
4189
3501
3059
3020
2451
1407
824
436
-380
-1412
-1956
-2350
-3032
-3590
-3686
-3691
-3932
-4033
-3759
-3430
-3386
-3286
-2900
-2603
-2522
-2278
-1755
-1428
-1239
-826
-394
-125
75
443
670
710
1111
1638
1807
1842
2361
2986
3104
3236
3754
4165
3974
3767
3990
3830
3196
2796
2719
2248
1318
752
395
-263
-1178
-1710
-1923
-2481
-3026
-3162
-3150
-3399
-3545
-3279
-2990
-2895
-2789
-2471
-2317
-2340
-2149
-1765
-1561
-1513
-1200
-922
-853
-773
-427
-158
-167
164
724
969
1001
1537
2309
2459
2592
3305
3920
3792
3650
4091
4117
3533
3117
3031
2538
1614
1091
748
12
-867
-1342
-1637
-2207
-2651
-2782
-2911
-3230
-3436
-3286
-3196
-3323
-3291
-2935
-2728
-2689
-2413
-1969
-1750
-1668
-1313
-911
-699
-531
-170
99
73
382
914
1087
1201
1892
2686
2838
3003
3685
4151
3909
3747
4175
4160
3498
3128
3094
2574
1628
1140
808
70
-751
-1126
-1387
-2018
-2520
-2602
-2746
-3139
-3251
-3015
-2983
-3194
-3091
-2658
-2497
-2574
-2216
-1664
-1527
-1529
-1174
-733
-608
-471
-90
163
219
579
1065
1232
1397
2020
2597
2665
2894
3598
3932
3577
3557
3927
3698
2948
2611
2558
1898
1052
656
344
-351
-1047
-1164
-1383
-2007
-2381
-2349
-2410
-2841
-3002
-2748
-2736
-3065
-3030
-2517
-2320
-2414
-2126
-1708
-1593
-1544
-1247
-918
-835
-682
-425
-222
116
662
1047
1216
1705
2481
2772
2852
3348
3893
3820
3533
3757
3762
3170
2524
2197
1800
1080
563
135
-340
-855
-1289
-1560
-1851
-2084
-2304
-2453
-2605
-2756
-2769
-2691
-2710
-2803
-2640
-2328
-2263
-2209
-1834
-1508
-1462
-1401
-1112
-877
-880
-787
-575
-292
147
493
775
1252
1989
2532
2801
3270
3798
3969
3868
3945
4005
3614
3119
2747
2293
1594
1013
554
-104
-785
-1209
-1435
-1894
-2385
-2507
-2562
-2784
-2922
-2773
-2585
-2560
-2461
-2242
-1974
-1802
-1584
-1254
-1023
-833
-595
-397
-342
-94
191
200
296
734
1200
1307
1470
2109
2657
2756
3069
3691
3906
3709
3688
3771
3343
2707
2299
1907
1172
387
-71
-578
-1193
-1650
-1843
-2091
-2450
-2596
-2668
-2813
-3056
-3064
-2905
-3000
-3138
-2985
-2594
-2512
-2447
-1990
-1573
-1450
-1347
-997
-760
-686
-483
-280
-111
266
760
1054
1282
1892
2594
2809
3028
3610
3997
3810
3657
3890
3712
3091
2648
2309
1615
771
264
-138
-673
-1197
-1540
-1792
-2068
-2269
-2413
-2437
-2436
-2480
-2426
-2280
-2236
-2318
-2126
-1852
-1785
-1610
-1254
-860
-723
-660
-368
-86
29
104
359
757
1095
1278
1514
2106
2654
2802
3086
3603
3841
3658
3527
3704
3414
2695
2183
1842
1172
224
-348
-791
-1406
-1995
-2280
-2481
-2867
-3031
-3048
-3213
-3392
-3272
-3063
-3077
-3078
-2776
-2403
-2303
-2098
-1664
-1362
-1215
-990
-685
-517
-365
-97
73
128
511
1083
1276
1398
2089
2814
2897
3141
3933
4390
4198
4205
4577
4354
3646
3264
3024
2177
1122
584
56
-852
-1606
-1889
-2250
-2767
-3064
-3162
-3293
-3475
-3409
-3295
-3313
-3172
-2804
-2525
-2471
-2286
-1883
-1539
-1382
-1133
-637
-291
-118
127
372
621
1072
1537
1812
2142
2787
3407
3581
3778
4324
4693
4466
4285
4379
3999
3255
2713
2322
1530
644
77
-532
-1294
-2005
-2407
-2854
-3348
-3525
-3639
-3886
-4021
-3805
-3597
-3610
-3425
-2964
-2600
-2459
-2215
-1812
-1539
-1391
-1196
-967
-781
-539
-309
-231
1
511
902
1058
1408
2181
2782
3060
3502
4178
4500
4266
4217
4333
3953
3265
2860
2543
1732
927
466
-50
-840
-1572
-1895
-2297
-2834
-3130
-3188
-3408
-3742
-3646
-3361
-3358
-3392
-2979
-2507
-2422
-2204
-1631
-1181
-1088
-895
-404
-6
182
395
653
962
1364
1673
1857
2225
2938
3393
3471
3918
4595
4784
4604
4665
4744
4232
3466
2979
2502
1590
693
118
-531
-1363
-2036
-2372
-2776
-3364
-3698
-3676
-3819
-4093
-3932
-3622
-3597
-3631
-3261
-2739
-2587
-2449
-1926
-1355
-1157
-1104
-801
-388
-173
-195
-95
431
964
1110
1284
2022
2851
3026
3152
3826
4352
4195
4052
4386
4305
3588
3084
2885
2234
1196
548
108
-654
-1545
-2021
-2309
-2878
-3376
-3494
-3538
-3877
-4080
-3844
-3638
-3642
-3447
-2876
-2419
-2259
-1921
-1297
-833
-660
-412
-45
226
324
334
429
770
1119
1144
1309
2054
2737
2864
3162
3967
4442
4261
4319
4729
4548
3894
3545
3320
2603
1765
1353
893
76
-689
-1070
-1513
-2328
-2920
-3055
-3306
-3973
-4297
-4126
-4174
-4538
-4526
-4040
-3878
-3897
-3505
-2803
-2385
-2145
-1491
-761
-246
119
513
1103
1655
1954
2130
2681
3367
3572
3640
4063
4580
4541
4209
4309
4327
3726
3082
2785
2342
1481
738
319
-198
-996
-1552
-1731
-2168
-2751
-2995
-3007
-3296
-3659
-3582
-3394
-3452
-3537
-3122
-2637
-2655
-2627
-2117
-1528
-1400
-1341
-859
-259
-35
-60
367
1091
1439
1522
1940
2771
3204
3222
3600
4170
4303
4102
4194
4327
3887
3257
2949
2578
1738
935
591
155
-733
-1432
-1672
-2082
-2776
-3198
-3209
-3408
-3883
-4024
-3874
-3913
-4140
-4012
-3552
-3381
-3253
-2756
-2097
-1690
-1484
-988
-398
-62
89
446
1092
1523
1773
2176
2867
3449
3686
4024
4577
4904
4778
4678
4714
4407
3785
3285
2906
2225
1392
779
251
-484
-1245
-1695
-2059
-2563
-3101
-3393
-3551
-3833
-3946
-3833
-3711
-3785
-3754
-3370
-3148
-3108
-2800
-2222
-1883
-1794
-1418
-882
-514
-305
72
702
1146
1421
1860
2549
3108
3361
3769
4337
4697
4721
4766
4900
4624
4102
3698
3308
2624
1734
1014
350
-361
-1094
-1674
-2098
-2549
-2928
-3176
-3351
-3616
-3830
-3777
-3709
-3911
-3927
-3507
-3230
-3171
-2862
-2225
-1800
-1728
-1470
-945
-546
-438
-275
232
695
921
1235
1868
2602
2990
3415
4119
4571
4621
4689
4934
4729
4167
3825
3504
2809
1897
1268
702
-120
-926
-1441
-1838
-2408
-2855
-2967
-3022
-3293
-3492
-3327
-3191
-3363
-3462
-3095
-2812
-2852
-2701
-2198
-1762
-1718
-1530
-1021
-678
-630
-539
15
549
744
1093
1849
2616
2851
3162
3957
4485
4457
4554
5009
4877
4230
3950
3744
2911
1841
1219
621
-346
-1281
-1766
-2184
-2856
-3300
-3389
-3439
-3698
-3825
-3610
-3437
-3445
-3345
-2948
-2641
-2532
-2277
-1821
-1441
-1314
-1051
-626
-270
-109
-64
320
820
945
981
1548
2379
2573
2683
3400
3997
3908
3789
4227
4258
3639
3295
3206
2727
1844
1301
939
194
-599
-1045
-1434
-2137
-2675
-2758
-2837
-3235
-3524
-3330
-3216
-3449
-3459
-2983
-2711
-2825
-2600
-1994
-1718
-1784
-1488
-935
-715
-776
-583
62
516
596
964
1729
2406
2609
2997
3803
4180
4064
4202
4662
4430
3708
3472
3370
2638
1717
1290
862
55
-679
-942
-1313
-2010
-2394
-2425
-2711
-3269
-3359
-3101
-3172
-3511
-3386
-2831
-2756
-2870
-2457
-1787
-1589
-1631
-1191
-613
-466
-594
-237
435
650
655
1152
2068
2497
2577
3184
3961
4037
3794
4153
4519
4058
3538
3463
3092
2104
1345
1017
385
-581
-1168
-1316
-1875
-2627
-2860
-2826
-3219
-3792
-3644
-3324
-3538
-3779
-3364
-2831
-2940
-2958
-2323
-1678
-1647
-1590
-913
-311
-210
-209
389
1167
1277
1250
1882
2726
2877
2890
3566
4098
3874
3646
4000
3977
3150
2686
2694
2158
1129
655
518
-139
-966
-1219
-1186
-1677
-2266
-2204
-1995
-2312
-2675
-2432
-2216
-2526
-2759
-2393
-2090
-2351
-2388
-1818
-1414
-1608
-1591
-1054
-673
-840
-907
-200
406
310
419
1355
2255
2274
2460
3482
4150
3843
3709
4323
4312
3398
2890
2901
2297
1067
426
237
-540
-1564
-1844
-1757
-2293
-2923
-2701
-2332
-2707
-3088
-2642
-2219
-2558
-2689
-2036
-1639
-2083
-2173
-1467
-1221
-1571
-1442
-714
-380
-683
-406
636
1072
857
1262
2387
2753
2395
2869
3891
4038
3474
3730
4288
3717
2839
2771
2779
1800
677
336
20
-968
-1874
-2020
-2185
-2871
-3305
-3138
-3183
-3572
-3502
-2949
-2707
-2893
-2610
-1881
-1696
-1851
-1448
-710
-664
-1009
-682
71
158
-207
306
1280
1424
1134
1799
2880
2829
2552
3257
4043
3760
3225
3665
3906
3072
2354
2436
2285
1212
412
367
14
-991
-1616
-1521
-1779
-2520
-2797
-2581
-2733
-3179
-3035
-2603
-2736
-2951
-2518
-2039
-2144
-2145
-1545
-1080
-1213
-1144
-458
-15
-278
-324
478
1007
788
969
1937
2525
2240
2400
3344
3697
3226
3194
3753
3614
2751
2337
2394
1875
925
519
388
-266
-1189
-1560
-1700
-2352
-3039
-3117
-3154
-3664
-3911
-3564
-3361
-3610
-3446
-2705
-2453
-2569
-2176
-1370
-1060
-1159
-709
11
175
-55
410
1321
1468
1288
1881
2849
3007
2884
3509
4258
4101
3663
3961
4129
3392
2666
2585
2365
1482
759
549
175
-693
-1279
-1350
-1745
-2474
-2807
-2782
-3084
-3483
-3383
-3134
-3260
-3394
-2988
-2508
-2483
-2381
-1760
-1204
-1194
-1040
-437
35
11
157
998
1607
1564
1707
2544
3166
3047
3224
3944
4238
3847
3710
4003
3748
2955
2459
2370
1841
874
311
178
-211
-993
-1424
-1566
-2046
-2660
-2798
-2741
-3098
-3424
-3242
-3078
-3253
-3186
-2634
-2285
-2317
-1994
-1354
-1125
-1258
-1013
-462
-389
-593
-181
613
751
587
1183
2075
2185
2029
2653
3405
3316
2968
3164
3278
2686
2042
1949
1806
1119
411
110
-60
-630
-1223
-1411
-1579
-1949
-2311
-2453
-2612
-2845
-2970
-2931
-2892
-2854
-2571
-2238
-2080
-1868
-1377
-905
-721
-468
62
439
376
496
1119
1481
1446
1808
2689
3079
2879
3118
3771
3871
3364
3227
3362
2927
2098
1644
1460
867
52
-352
-478
-951
-1657
-1967
-2052
-2345
-2703
-2782
-2821
-3085
-3152
-2913
-2772
-2737
-2425
-1958
-1679
-1530
-1150
-623
-345
-173
171
587
652
596
1052
1581
1550
1514
2165
2902
2965
2932
3422
3786
3412
3107
3240
3026
2318
1694
1434
949
115
-556
-837
-1119
-1760
-2234
-2346
-2534
-2889
-3102
-3110
-3296
-3583
-3455
-3163
-3155
-3095
-2601
-2144
-2018
-1687
-918
-331
-180
117
764
1120
1026
1300
1999
2270
2144
2473
3273
3526
3329
3548
3947
3792
3286
3249
3219
2576
1838
1426
1045
297
-414
-785
-1062
-1463
-1916
-2090
-2192
-2497
-2827
-2921
-2982
-3165
-3194
-3068
-3042
-3053
-2741
-2329
-2112
-1831
-1268
-694
-425
-169
357
851
851
827
1318
1733
1666
1754
2512
3140
3058
3121
3656
3810
3346
3058
3133
2698
1757
1071
688
73
-810
-1341
-1427
-1732
-2350
-2631
-2609
-2708
-3074
-3210
-3084
-3182
-3307
-3200
-3003
-2992
-2847
-2324
-1878
-1547
-992
-326
57
288
665
1200
1502
1558
1965
2507
2610
2485
2864
3505
3551
3374
3641
3933
3595
3078
2955
2669
1849
1033
618
149
-631
-1291
-1547
-1715
-2166
-2538
-2509
-2451
-2660
-2787
-2617
-2543
-2682
-2721
-2487
-2365
-2345
-2124
-1799
-1528
-1300
-870
-433
-152
143
577
1004
1150
1534
2252
2730
2845
3131
3849
4164
4018
4101
4380
4303
3700
3340
3078
2359
1480
784
320
-459
-1359
-1874
-2174
-2582
-3082
-3284
-3249
-3233
-3315
-3245
-3142
-3145
-3090
-2906
-2700
-2640
-2418
-2079
-1885
-1740
-1350
-892
-612
-334
75
542
611
722
1390
1995
2151
2252
2979
3726
3756
3889
4464
4800
4421
3964
3866
3362
2369
1448
927
270
-722
-1512
-1913
-2361
-3085
-3469
-3517
-3681
-3963
-4029
-3872
-3851
-3837
-3600
-3213
-2968
-2741
-2364
-2000
-1752
-1516
-1085
-754
-578
-343
107
404
401
817
1524
1975
2176
2694
3542
3911
4080
4588
5121
5068
4708
4722
4491
3805
2979
2384
1819
878
-94
-816
-1303
-1988
-2626
-2955
-3223
-3524
-3744
-3683
-3645
-3748
-3751
-3528
-3326
-3160
-2824
-2367
-1962
-1543
-973
-392
76
529
1093
1545
1665
1945
2464
2816
2856
3088
3736
3984
3973
4163
4466
4452
4018
3839
3618
2978
2117
1419
845
9
-859
-1499
-1925
-2435
-2910
-3059
-3162
-3367
-3518
-3461
-3453
-3613
-3633
-3482
-3322
-3229
-2996
-2605
-2352
-2128
-1683
-1192
-896
-625
-192
244
346
506
1133
1637
1792
2126
2930
3509
3590
3884
4398
4502
4140
3981
3856
3277
2446
1748
1188
343
-549
-1112
-1474
-1967
-2544
-2731
-2776
-3093
-3456
-3440
-3308
-3488
-3500
-3248
-3044
-2988
-2836
-2406
-2080
-1926
-1590
-1051
-760
-633
-263
277
500
601
1203
1905
2183
2328
3008
3697
3780
3941
4527
4857
4519
4316
4459
4151
3400
2724
2332
1673
609
-184
-721
-1369
-2209
-2787
-2983
-3231
-3603
-3762
-3541
-3497
-3608
-3397
-3065
-2908
-2773
-2379
-1908
-1607
-1328
-881
-517
-291
-14
455
790
816
1170
1706
1983
2069
2451
3054
3216
3251
3594
3905
3661
3307
3256
2925
2250
1595
1226
762
-17
-692
-1142
-1512
-2023
-2501
-2689
-2787
-3065
-3340
-3310
-3164
-3252
-3346
-3120
-2844
-2711
-2485
-2100
-1721
-1468
-1145
-652
-287
-110
256
740
996
1279
1823
2303
2513
2876
3525
3884
3980
4243
4522
4369
3912
3759
3501
2754
1901
1380
947
182
-615
-1110
-1391
-1870
-2472
-2800
-2939
-3197
-3514
-3569
-3447
-3420
-3432
-3171
-2901
-2741
-2484
-2091
-1635
-1367
-1121
-750
-359
-139
54
434
684
869
1246
1768
2148
2438
3050
3546
3636
3813
4158
4208
3807
3573
3417
2797
1947
1304
878
163
-726
-1391
-1761
-2227
-2876
-3212
-3289
-3420
-3746
-3876
-3710
-3545
-3458
-3240
-2821
-2431
-2108
-1764
-1260
-822
-501
-195
56
312
561
860
938
945
1223
1558
1741
1881
2373
2891
3026
3179
3580
3746
3432
3298
3368
2964
2295
1813
1486
904
152
-414
-797
-1152
-1678
-2141
-2372
-2530
-2860
-3268
-3411
-3412
-3452
-3400
-3148
-2822
-2426
-2013
-1583
-1205
-796
-385
-118
86
299
747
1021
1117
1475
1923
2145
2275
2898
3576
3665
3696
4094
4335
3915
3499
3459
3056
2143
1434
1111
492
-481
-1153
-1473
-1939
-2637
-3070
-3150
-3205
-3448
-3738
-3751
-3693
-3637
-3621
-3555
-3351
-3036
-2594
-2183
-1720
-1129
-516
-59
205
477
885
1206
1260
1474
1988
2308
2419
2906
3669
3951
3884
4215
4649
4419
3980
3933
3794
3058
2167
1599
973
7
-975
-1559
-1978
-2664
-3322
-3515
-3525
-3887
-4263
-4204
-4074
-4112
-4100
-3790
-3483
-3288
-2874
-2336
-1879
-1356
-652
-51
214
456
960
1401
1439
1528
2112
2624
2596
2682
3389
3854
3694
3815
4356
4398
3825
3563
3544
2910
1928
1327
920
158
-733
-1259
-1515
-1917
-2533
-2863
-2878
-3079
-3514
-3698
-3586
-3674
-3900
-3768
-3439
-3320
-3172
-2704
-2160
-1862
-1507
-899
-453
-234
136
766
1112
1185
1651
2350
2631
2748
3372
4100
4187
4217
4775
5125
4679
4207
4143
3715
2724
1808
1301
632
-452
-1371
-1754
-2120
-2874
-3411
-3487
-3516
-3799
-3974
-3810
-3712
-3764
-3618
-3161
-2795
-2554
-2191
-1728
-1256
-831
-262
283
564
711
999
1279
1135
1203
1749
2068
2032
2364
3210
3533
3426
3758
4226
3976
3358
3293
3227
2597
1842
1489
1150
388
-400
-770
-922
-1478
-2179
-2447
-2573
-2957
-3382
-3347
-3303
-3608
-3804
-3605
-3397
-3348
-3047
-2532
-2097
-1762
-1159
-520
-255
-47
374
854
905
1051
1733
2216
2251
2541
3405
3856
3700
3943
4489
4367
3667
3435
3463
2763
1747
1204
904
127
-891
-1433
-1602
-2047
-2702
-2844
-2737
-2982
-3490
-3573
-3383
-3611
-3903
-3764
-3478
-3524
-3497
-3021
-2524
-2275
-1935
-1243
-735
-575
-190
517
877
860
1429
2316
2650
2851
3684
4511
4542
4625
5211
5468
4944
4518
4564
4051
2902
1941
1506
825
-388
-1317
-1606
-1875
-2659
-3193
-3170
-3287
-3762
-4006
-3796
-3732
-3797
-3589
-3231
-3070
-2915
-2520
-2151
-1903
-1611
-1118
-765
-630
-358
127
454
440
769
1462
1880
1979
2557
3433
3677
3695
4200
4736
4486
4130
4288
4095
3224
2432
2145
1653
632
-183
-434
-692
-1446
-2069
-2180
-2325
-2807
-3142
-3036
-2988
-3136
-3063
-2751
-2633
-2533
-2141
-1704
-1519
-1392
-924
-462
-375
-303
152
562
458
569
1302
1850
1912
2395
3374
3713
3572
3920
4389
4094
3454
3330
3186
2317
1310
917
613
-308
-1264
-1603
-1725
-2302
-3034
-3185
-3075
-3378
-3834
-3797
-3570
-3725
-3887
-3602
-3272
-3267
-3068
-2560
-2163
-1934
-1543
-959
-563
-336
85
632
823
952
1505
2045
2176
2449
3374
4016
3988
4215
4787
4779
4145
3885
3835
3165
2143
1548
1279
561
-489
-1128
-1304
-1692
-2406
-2728
-2597
-2721
-3206
-3282
-3067
-3207
-3486
-3343
-3010
-2901
-2745
-2296
-1796
-1496
-1153
-672
-388
-272
-30
372
595
655
1080
1677
1965
2172
2855
3497
3613
3805
4351
4567
4107
3848
3900
3456
2549
1839
1452
806
-167
-876
-1144
-1450
-2112
-2582
-2530
-2553
-3014
-3340
-3210
-3200
-3498
-3570
-3303
-3087
-2897
-2577
-2202
-1839
-1333
-715
-327
-131
260
940
1320
1359
1836
2627
2955
2939
3469
4225
4269
4136
4538
4937
4460
3824
3704
3271
2258
1347
943
433
-491
-1245
-1449
-1606
-2259
-2899
-2975
-2968
-3386
-3815
-3719
-3548
-3838
-4060
-3809
-3567
-3611
-3458
-2934
-2497
-2210
-1720
-1101
-831
-735
-227
349
450
624
1363
2035
2248
2690
3593
4078
4093
4433
4894
4690
4088
3800
3546
2747
1688
1094
751
20
-910
-1419
-1498
-1897
-2575
-2765
-2583
-2723
-3188
-3193
-2915
-3028
-3235
-3006
-2621
-2515
-2331
-1799
-1357
-1135
-787
-249
54
105
442
936
965
840
1369
2034
2111
2248
3087
3752
3671
3822
4475
4560
3916
3592
3551
2950
1898
1135
716
-47
-1073
-1708
-1843
-2128
-2811
-3183
-3046
-3157
-3757
-4021
-3721
-3707
-4032
-3911
-3418
-3196
-3008
-2384
-1720
-1463
-1126
-350
247
333
503
1172
1514
1328
1634
2477
2881
2797
3343
4241
4381
4242
4673
5147
4771
4248
4220
3879
2878
1937
1550
1016
-9
-898
-1190
-1398
-2138
-2775
-2782
-2801
-3292
-3646
-3462
-3328
-3529
-3577
-3235
-3047
-3030
-2666
-2158
-1875
-1665
-1142
-645
-593
-499
33
454
272
313
1028
1500
1419
1741
2700
3154
3009
3326
3984
3982
3457
3360
3428
2843
1936
1408
1042
208
-815
-1341
-1511
-2020
-2735
-2878
-2753
-3123
-3598
-3421
-3207
-3501
-3603
-3155
-2851
-2926
-2608
-1918
-1517
-1413
-963
-123
184
84
474
1158
1191
860
1372
2223
2288
2195
2985
3900
3826
3740
4453
4889
4371
3952
4219
3972
2901
2116
1939
1351
151
-624
-776
-1210
-2210
-2792
-2738
-3091
-3939
-4279
-4057
-4180
-4559
-4357
-3771
-3632
-3633
-3103
-2400
-2149
-1955
-1190
-512
-494
-385
333
828
600
724
1670
2202
1905
2132
3254
3764
3430
3730
4599
4615
3809
3592
3846
3186
2051
1659
1639
788
-390
-620
-597
-1374
-2253
-2204
-1999
-2634
-3226
-2925
-2714
-3330
-3647
-3099
-2827
-3225
-3102
-2206
-1709
-1865
-1540
-578
-235
-477
-128
691
821
425
903
1885
1988
1730
2400
3503
3679
3470
4129
4897
4631
4032
4223
4373
3453
2444
2242
1994
813
-292
-530
-868
-1909
-2648
-2614
-2914
-3742
-4033
-3741
-3910
-4432
-4295
-3662
-3592
-3876
-3388
-2544
-2330
-2385
-1777
-888
-784
-865
-177
618
542
322
1103
1936
1841
1767
2637
3518
3377
3331
4133
4571
4035
3651
4046
3894
2743
1946
1868
1363
129
-634
-757
-1331
-2330
-2736
-2704
-3164
-3759
-3788
-3598
-3846
-4063
-3641
-3160
-3104
-2975
-2274
-1666
-1630
-1418
-720
-195
-216
-42
680
1097
873
816
1450
1900
1690
1767
2523
3050
2871
2934
3653
3986
3612
3481
3863
3709
2909
2453
2395
1893
940
416
198
-418
-1276
-1653
-1800
-2362
-2870
-2941
-2959
-3377
-3652
-3384
-3209
-3433
-3446
-2797
-2320
-2345
-2120
-1346
-768
-818
-640
57
499
366
471
1288
1848
1722
1875
2679
3222
3061
3179
3880
4147
3746
3568
3822
3522
2558
1960
1788
1200
206
-317
-469
-979
-1763
-2186
-2335
-2787
-3271
-3408
-3411
-3671
-3886
-3722
-3536
-3567
-3414
-2853
-2449
-2343
-1973
-1212
-734
-689
-331
381
700
583
761
1358
1608
1473
1753
2493
2928
2851
3117
3852
4113
3774
3666
3913
3570
2638
2061
1825
1198
254
-226
-400
-958
-1669
-1866
-1815
-2175
-2553
-2481
-2316
-2563
-2811
-2615
-2412
-2563
-2609
-2094
-1662
-1672
-1509
-873
-425
-526
-429
87
351
147
111
518
758
629
799
1463
1968
1984
2244
3012
3388
3179
3133
3484
3375
2670
2256
2086
1511
543
-129
-492
-1040
-1684
-2047
-2210
-2552
-2887
-2969
-2948
-3169
-3394
-3248
-3088
-3112
-2942
-2372
-1960
-1837
-1383
-637
-176
-54
266
730
869
785
862
1128
1350
1347
1421
1734
2148
2454
2736
3276
3755
3956
4047
4188
4101
3650
3210
2709
1983
1196
580
-20
-743
-1326
-1737
-2239
-2846
-3231
-3406
-3610
-3906
-4080
-3942
-3804
-3869
-3803
-3344
-2843
-2573
-2123
-1334
-593
-129
320
901
1348
1527
1562
1624
1756
1786
1751
1802
2067
2417
2572
2742
3053
3334
3338
3180
3088
2856
2429
1790
1173
693
165
-497
-1155
-1480
-1757
-2198
-2537
-2585
-2621
-2885
-3093
-3076
-2987
-3034
-3041
-2823
-2516
-2214
-1910
-1531
-1051
-546
-149
135
484
827
962
927
891
1025
1152
1054
1002
1320
1916
2217
2351
2847
3509
3773
3561
3516
3560
3136
2329
1697
1280
577
-311
-984
-1360
-1781
-2328
-2754
-2972
-3110
-3298
-3348
-3311
-3334
-3346
-3282
-3115
-2857
-2414
-1887
-1503
-1143
-597
-9
342
596
986
1311
1343
1235
1273
1502
1578
1446
1536
2054
2467
2527
2808
3420
3809
3635
3492
3603
3342
2670
2079
1689
1089
299
-323
-742
-1242
-1955
-2469
-2698
-2967
-3288
-3450
-3362
-3358
-3397
-3182
-2885
-2738
-2466
-1857
-1397
-1181
-755
-45
391
385
462
805
985
780
578
674
850
777
698
1070
1709
2020
2123
2586
3142
3289
3129
3164
3246
2903
2291
1711
1242
586
-181
-800
-1277
-1743
-2274
-2644
-2879
-3154
-3465
-3620
-3662
-3658
-3477
-3178
-2908
-2716
-2301
-1769
-1414
-1123
-552
153
478
564
835
1176
1110
707
556
790
914
788
944
1609
2178
2350
2729
3491
4054
4073
4029
4279
4191
3563
2991
2774
2389
1491
692
249
-234
-988
-1611
-1856
-2223
-2819
-3277
-3439
-3700
-4004
-3873
-3557
-3519
-3477
-2916
-2282
-2061
-1777
-974
-226
-42
26
378
685
463
61
109
359
242
-17
260
916
1269
1350
1822
2550
2856
2779
2907
3244
3036
2436
1986
1685
1155
416
-27
-298
-707
-1153
-1412
-1584
-1830
-1982
-1995
-2072
-2283
-2338
-2158
-2053
-2064
-1799
-1242
-919
-853
-594
-133
34
-61
35
299
427
308
197
209
358
426
386
631
1209
1735
1998
2460
3171
3554
3532
3560
3712
3492
2906
2344
1872
1195
385
-270
-758
-1168
-1620
-1934
-2132
-2453
-2696
-2700
-2706
-2892
-2866
-2497
-2291
-2413
-2255
-1597
-1165
-1091
-815
-224
125
-34
-199
-79
-68
-475
-899
-854
-548
-551
-673
-223
624
1194
1488
2161
3029
3447
3450
3533
3763
3551
2911
2307
1856
1259
505
-134
-563
-951
-1348
-1635
-1884
-2090
-2197
-2254
-2351
-2362
-2083
-1779
-1661
-1582
-1284
-917
-806
-734
-367
91
217
218
405
568
431
75
-186
-335
-448
-499
-565
-460
-5
581
897
1107
1755
2493
2618
2472
2732
2963
2578
1971
1761
1587
927
90
-361
-540
-1003
-1534
-1705
-1709
-1827
-2001
-1934
-1792
-1825
-1827
-1656
-1575
-1705
-1641
-1305
-1075
-1000
-760
-345
-126
-125
48
293
190
-108
-132
120
213
51
187
828
1359
1517
1912
2740
3282
3346
3444
3784
3762
3095
2434
2088
1624
809
105
-303
-684
-1045
-1301
-1506
-1666
-1725
-1697
-1760
-1876
-1810
-1648
-1690
-1881
-1772
-1437
-1285
-1241
-1008
-576
-346
-350
-253
-127
-165
-341
-558
-804
-1000
-1012
-959
-972
-825
-227
493
911
1324
2049
2729
2920
2875
2980
2923
2343
1644
1206
779
74
-602
-891
-1002
-1221
-1405
-1322
-1195
-1288
-1413
-1332
-1269
-1419
-1564
-1531
-1483
-1510
-1409
-1114
-927
-786
-475
-148
-58
-75
75
177
-2
-305
-419
-324
-297
-331
-73
472
1051
1550
2080
2718
3185
3369
3409
3438
3260
2874
2459
1912
1314
763
297
-200
-561
-692
-926
-1227
-1401
-1409
-1569
-1900
-2095
-2197
-2332
-2500
-2482
-2377
-2287
-2150
-1912
-1563
-1333
-1168
-924
-610
-473
-517
-454
-372
-487
-670
-440
-6
217
484
1157
2014
2411
2601
3163
3730
3680
3316
3310
3242
2659
2039
1680
1339
759
245
33
-109
-372
-541
-500
-592
-820
-1008
-1085
-1268
-1668
-1827
-1699
-1798
-2061
-1958
-1595
-1420
-1465
-1291
-860
-667
-798
-814
-639
-640
-847
-954
-822
-564
-405
-247
180
730
1282
1714
2159
2734
3180
3317
3303
3362
3206
2834
2368
1863
1366
845
381
-44
-384
-688
-1000
-1294
-1579
-1861
-2172
-2425
-2601
-2742
-2814
-2835
-2844
-2810
-2568
-2320
-2230
-2052
-1743
-1455
-1321
-1213
-1053
-824
-692
-720
-635
-311
108
354
573
1106
1762
2145
2386
2852
3368
3661
3683
3630
3678
3570
3231
2728
2257
1874
1406
808
275
-116
-554
-1016
-1374
-1697
-1989
-2142
-2269
-2506
-2653
-2550
-2433
-2491
-2418
-2021
-1671
-1579
-1428
-1025
-739
-779
-825
-637
-439
-463
-605
-577
-412
-169
15
160
588
1314
1983
2248
2654
3446
4006
4018
3988
4266
4267
3778
3137
2686
2297
1675
925
280
-126
-617
-1264
-1807
-2118
-2315
-2598
-2850
-3011
-3016
-2902
-2836
-2851
-2754
-2352
-2017
-1946
-1739
-1258
-943
-1019
-961
-590
-292
-342
-369
-132
67
189
365
637
966
1428
1930
2270
2637
3196
3596
3662
3636
3761
3717
3342
2877
2492
2096
1462
716
74
-365
-848
-1477
-1896
-2141
-2422
-2818
-3112
-3270
-3435
-3493
-3482
-3441
-3353
-3068
-2789
-2711
-2543
-2170
-1779
-1694
-1607
-1237
-962
-861
-713
-293
117
340
726
1235
1732
2228
2870
3497
3818
4147
4488
4626
4477
4402
4369
4015
3416
2860
2490
1886
1010
286
-178
-677
-1425
-2019
-2285
-2560
-3041
-3433
-3537
-3647
-3754
-3794
-3687
-3461
-3223
-2914
-2564
-2142
-1725
-1436
-1264
-1001
-651
-464
-371
-280
-174
-36
134
424
742
1157
1641
2138
2668
3120
3604
4049
4331
4423
4446
4528
4373
3944
3421
2959
2459
1702
910
348
-56
-713
-1459
-1915
-2234
-2654
-3129
-3367
-3525
-3736
-3835
-3840
-3799
-3676
-3390
-3133
-2840
-2336
-1789
-1429
-1200
-825
-392
-132
56
352
726
969
1150
1460
1823
2233
2683
3165
3536
3845
4254
4501
4512
4395
4339
4082
3454
2820
2289
1827
1038
183
-471
-985
-1546
-2233
-2730
-3072
-3288
-3569
-3777
-3812
-3809
-3783
-3814
-3781
-3632
-3351
-3093
-2873
-2483
-2007
-1605
-1332
-990
-554
-225
-3
292
620
876
1043
1272
1604
1859
2096
2490
3011
3366
3621
3996
4310
4367
4258
4192
3850
3198
2531
1957
1338
526
-152
-652
-1183
-1858
-2410
-2727
-3098
-3523
-3735
-3697
-3777
-3885
-3728
-3575
-3636
-3575
-3209
-2897
-2672
-2216
-1538
-1044
-719
-211
339
610
724
980
1217
1244
1219
1494
1882
1929
1950
2370
2981
3265
3483
3971
4360
4307
4059
4043
3895
3407
2788
2235
1615
808
61
-571
-1132
-1757
-2322
-2687
-2917
-3157
-3403
-3430
-3448
-3542
-3580
-3446
-3214
-3028
-2746
-2402
-2026
-1620
-1216
-712
-228
101
415
733
936
1057
1218
1318
1257
1334
1542
1653
1685
2024
2551
2755
2938
3301
3621
3609
3472
3477
3186
2562
1926
1439
815
73
-522
-1034
-1534
-2125
-2555
-2763
-2954
-3212
-3347
-3326
-3370
-3407
-3321
-3165
-3067
-2862
-2481
-2128
-1811
-1356
-812
-383
-1
440
855
1111
1253
1441
1637
1637
1446
1503
1726
1769
1703
1921
2327
2446
2537
2797
3069
3090
2885
2722
2484
2056
1366
749
270
-363
-1055
-1527
-1703
-2083
-2576
-2764
-2698
-2783
-3033
-2994
-2815
-2750
-2792
-2687
-2488
-2395
-2284
-2050
-1709
-1391
-1050
-646
-270
40
375
650
759
871
1028
1102
1042
1153
1449
1635
1746
2009
2501
2766
2855
3072
3333
3367
3119
2930
2629
2118
1505
901
303
-413
-1086
-1639
-2044
-2348
-2586
-2757
-2848
-2838
-2771
-2651
-2509
-2362
-2207
-2083
-1966
-1789
-1555
-1279
-988
-659
-251
148
571
968
1386
1735
1828
1859
1918
1992
1852
1680
1703
1702
1630
1622
1870
2054
2077
2189
2376
2414
2188
2044
1959
1621
983
391
25
-459
-1116
-1673
-1941
-2147
-2468
-2581
-2394
-2237
-2255
-2217
-2027
-1927
-1972
-1946
-1805
-1713
-1688
-1592
-1393
-1147
-828
-402
11
321
617
919
1082
1164
1254
1340
1246
1037
1018
1124
1111
1056
1250
1548
1620
1634
1897
2172
2112
1902
1851
1682
1203
630
278
-14
-517
-1048
-1315
-1383
-1626
-1969
-2098
-2036
-2104
-2263
-2243
-2141
-2146
-2192
-2123
-2040
-2021
-1873
-1564
-1282
-1058
-686
-242
41
270
616
895
897
834
927
975
767
631
845
1006
903
944
1399
1759
1754
1896
2332
2568
2342
2240
2393
2264
1712
1220
1057
745
166
-264
-308
-435
-878
-1135
-1106
-1161
-1441
-1589
-1578
-1681
-1868
-1914
-1825
-1851
-1831
-1613
-1384
-1331
-1194
-768
-412
-269
-76
297
468
324
312
445
338
-12
-53
239
305
206
446
995
1238
1269
1635
2138
2192
2001
2161
2401
2200
1791
1681
1644
1162
550
317
241
-174
-639
-768
-914
-1306
-1607
-1671
-1841
-2203
-2399
-2315
-2326
-2476
-2346
-1966
-1779
-1790
-1448
-837
-540
-501
-182
326
411
260
375
596
452
122
226
554
577
563
946
1517
1738
1857
2321
2798
2798
2624
2832
2978
2574
2058
1884
1673
1048
402
94
-130
-597
-1053
-1190
-1301
-1636
-1926
-1931
-1956
-2219
-2358
-2234
-2264
-2439
-2345
-2034
-1921
-1923
-1584
-1129
-995
-974
-701
-337
-366
-533
-366
-149
-266
-480
-220
170
239
333
924
1671
1977
2229
2830
3384
3497
3494
3686
3681
3188
2642
2327
1876
1061
289
-159
-641
-1349
-1846
-1973
-2204
-2621
-2780
-2653
-2721
-2950
-2839
-2439
-2290
-2362
-2109
-1614
-1299
-1163
-791
-227
51
105
294
531
458
199
170
193
-38
-281
-199
24
34
160
673
1288
1666
1971
2573
3135
3289
3304
3513
3585
3189
2719
2442
2117
1507
917
569
205
-332
-832
-1048
-1240
-1641
-2014
-2166
-2299
-2550
-2649
-2590
-2626
-2724
-2615
-2343
-2195
-2058
-1714
-1291
-1053
-845
-498
-189
-63
-29
173
409
401
338
510
907
1159
1297
1691
2252
2706
2960
3287
3714
3850
3694
3504
3349
2929
2241
1625
1086
467
-213
-717
-1081
-1480
-1870
-2113
-2254
-2424
-2547
-2607
-2660
-2799
-2866
-2795
-2717
-2643
-2553
-2325
-2069
-1858
-1564
-1228
-934
-695
-393
-39
113
55
42
137
111
-12
-1
255
549
766
1075
1538
2067
2511
2880
3259
3601
3774
3690
3566
3426
3048
2457
1874
1391
757
88
-427
-802
-1194
-1628
-1886
-2063
-2254
-2482
-2542
-2480
-2589
-2727
-2675
-2472
-2393
-2372
-2158
-1840
-1619
-1532
-1228
-793
-593
-518
-359
-132
-140
-263
-215
-70
-29
-143
16
473
806
1048
1484
2164
2622
2843
3200
3641
3812
3565
3377
3298
2938
2354
1833
1484
962
332
-90
-361
-629
-1011
-1255
-1409
-1578
-1726
-1813
-1825
-1963
-2027
-1991
-1978
-2061
-2030
-1710
-1438
-1308
-1090
-658
-280
-118
48
339
540
512
424
526
548
315
76
76
266
262
220
432
843
1076
1100
1334
1677
1805
1712
1701
1840
1752
1472
1185
1001
773
393
90
-81
-160
-366
-623
-836
-1010
-1212
-1497
-1747
-1960
-2104
-2249
-2387
-2435
-2441
-2383
-2255
-2041
-1697
-1286
-913
-616
-294
53
300
416
526
728
841
825
815
860
999
1117
1154
1294
1548
1816
1952
2066
2279
2382
2325
2149
2087
1990
1672
1257
872
576
191
-221
-550
-696
-792
-996
-1146
-1199
-1241
-1426
-1617
-1715
-1838
-1965
-2049
-2109
-2183
-2228
-2168
-2083
-1983
-1772
-1435
-1039
-758
-453
-120
112
187
192
307
447
475
422
480
645
743
754
908
1265
1677
1898
2083
2350
2490
2444
2219
2157
2017
1653
1269
991
805
410
-1
-212
-268
-355
-492
-512
-446
-470
-577
-669
-817
-1019
-1264
-1510
-1734
-1928
-2032
-2068
-2058
-2001
-1890
-1712
-1463
-1145
-797
-430
-91
188
355
428
539
635
613
630
825
1038
1124
1295
1686
2110
2320
2537
2919
3121
3056
2852
2755
2534
1998
1446
1013
588
-1
-540
-817
-931
-1188
-1470
-1494
-1463
-1593
-1820
-1913
-1934
-2123
-2369
-2442
-2453
-2581
-2746
-2731
-2583
-2385
-2072
-1629
-1131
-682
-296
50
334
475
546
618
668
707
654
552
469
466
530
634
873
1267
1701
2031
2361
2730
2963
2952
2869
2868
2673
2288
1833
1409
1084
716
360
114
-44
-277
-563
-790
-1065
-1401
-1700
-2042
-2413
-2728
-2972
-3221
-3520
-3575
-3420
-3223
-2948
-2485
-1828
-1239
-730
-157
401
819
1048
1243
1358
1306
1181
1024
882
591
337
384
510
532
661
1132
1613
1888
2206
2637
2915
2731
2469
2421
2214
1760
1331
1165
939
487
38
-190
-292
-645
-1003
-1135
-1224
-1491
-1903
-2135
-2326
-2654
-2950
-2967
-2786
-2703
-2535
-2165
-1681
-1177
-633
-56
395
788
1148
1393
1435
1318
1191
981
656
335
116
-104
-348
-389
-210
45
336
759
1315
1715
1959
2287
2640
2732
2594
2574
2539
2235
1810
1528
1338
925
421
76
-95
-452
-996
-1292
-1508
-1889
-2431
-2794
-2963
-3256
-3525
-3520
-3328
-3184
-2896
-2306
-1694
-1106
-433
225
721
1100
1488
1760
1817
1693
1594
1485
1170
765
485
278
-73
-453
-440
-205
-191
-258
1
471
582
596
897
1289
1350
1241
1437
1599
1475
1221
1176
1164
842
507
366
285
2
-268
-339
-555
-974
-1359
-1530
-1725
-2067
-2196
-2041
-1952
-2004
-1810
-1424
-1168
-933
-508
-49
158
293
604
821
713
556
620
661
324
6
-19
-131
-495
-774
-676
-558
-715
-730
-278
199
258
419
995
1469
1539
1612
2013
2194
1978
1807
1880
1804
1423
1154
987
687
177
-233
-435
-738
-1040
-1180
-1223
-1338
-1505
-1433
-1262
-1257
-1267
-1029
-733
-681
-675
-496
-266
-231
-211
33
307
370
335
383
340
164
5
-109
-241
-506
-715
-795
-823
-765
-648
-399
-89
307
727
1087
1489
1908
2227
2386
2614
2762
2638
2391
2152
1951
1598
1076
612
278
-85
-582
-1042
-1303
-1471
-1683
-1830
-1878
-1917
-1991
-2039
-1978
-1979
-1982
-1914
-1836
-1778
-1672
-1366
-1072
-906
-676
-267
105
181
222
383
457
277
12
-44
-71
-263
-521
-566
-354
-191
-100
181
713
1179
1482
1901
2466
2936
3120
3210
3354
3309
2988
2599
2299
1878
1331
849
434
102
-253
-560
-720
-900
-1093
-1285
-1466
-1785
-2207
-2426
-2651
-2975
-3184
-3169
-3065
-3050
-2900
-2535
-2058
-1674
-1279
-730
-198
129
268
498
701
630
405
240
177
90
-77
-151
-76
144
414
728
1205
1759
2259
2603
2901
3229
3440
3357
3065
2823
2484
1939
1324
845
521
150
-222
-450
-484
-521
-694
-817
-867
-995
-1247
-1502
-1735
-2040
-2323
-2562
-2746
-2878
-2892
-2806
-2715
-2447
-1959
-1396
-933
-496
34
504
780
904
997
1090
1059
923
864
887
907
892
944
1070
1266
1519
1791
2052
2271
2510
2669
2648
2543
2456
2318
2034
1717
1533
1340
1047
774
627
540
352
129
-19
-159
-428
-765
-1110
-1468
-1865
-2327
-2726
-3061
-3405
-3719
-3951
-4086
-4123
-4042
-3836
-3487
-3053
-2550
-1985
-1403
-800
-199
410
892
1251
1573
1794
1830
1738
1671
1634
1532
1368
1223
1121
978
857
868
911
963
1113
1440
1700
1811
2022
2304
2458
2436
2420
2434
2275
1904
1531
1253
863
333
-152
-513
-920
-1464
-1974
-2347
-2668
-3059
-3362
-3525
-3617
-3717
-3761
-3663
-3550
-3348
-2991
-2553
-2078
-1560
-930
-295
306
852
1397
1909
2238
2453
2598
2697
2621
2391
2173
1997
1792
1516
1313
1195
1046
939
949
1017
1102
1230
1374
1433
1437
1458
1401
1230
1058
942
816
540
298
195
63
-215
-469
-576
-736
-1030
-1349
-1533
-1690
-1929
-2190
-2336
-2422
-2562
-2695
-2736
-2661
-2567
-2372
-2085
-1720
-1248
-732
-156
421
951
1456
1909
2215
2346
2478
2513
2315
2053
1839
1645
1346
963
648
407
126
-183
-400
-404
-368
-422
-361
-135
85
183
298
479
607
631
596
644
658
581
524
458
317
84
-159
-405
-679
-950
-1164
-1316
-1486
-1663
-1795
-1850
-1918
-1961
-1877
-1752
-1669
-1545
-1308
-977
-664
-371
-15
378
761
1076
1343
1591
1737
1752
1717
1658
1561
1417
1208
929
603
227
-156
-517
-853
-1113
-1228
-1240
-1251
-1179
-987
-720
-455
-246
36
382
656
832
990
1173
1284
1240
1168
1143
1040
875
712
601
479
257
72
1
-144
-413
-611
-713
-887
-1153
-1288
-1305
-1378
-1462
-1440
-1250
-1064
-924
-633
-220
99
329
662
1042
1248
1332
1444
1541
1451
1206
991
767
435
30
-323
-544
-728
-874
-877
-752
-531
-332
-200
25
312
513
656
842
1043
1150
1159
1174
1230
1237
1201
1187
1193
1175
1092
1016
938
811
630
404
126
-230
-607
-995
-1396
-1802
-2161
-2447
-2653
-2772
-2790
-2740
-2646
-2393
-2019
-1650
-1288
-868
-422
-67
213
471
691
785
739
726
728
612
433
288
179
45
-146
-272
-319
-409
-466
-397
-270
-156
-7
254
582
820
1075
1447
1789
2026
2288
2625
2848
2907
2920
2884
2701
2332
1919
1508
968
314
-309
-839
-1416
-2010
-2490
-2839
-3147
-3422
-3478
-3371
-3239
-3074
-2739
-2302
-1915
-1530
-1079
-586
-196
110
435
741
955
1084
1194
1298
1312
1217
1141
1050
881
635
403
206
-29
-283
-476
-541
-571
-528
-360
-129
173
544
917
1298
1701
2072
2380
2583
2668
2702
2595
2318
1980
1593
1148
575
-18
-538
-1034
-1521
-1961
-2261
-2468
-2659
-2756
-2724
-2615
-2492
-2349
-2095
-1812
-1527
-1233
-946
-663
-369
-91
155
409
665
914
1097
1222
1298
1341
1312
1220
1121
991
788
580
449
356
219
112
112
151
141
157
332
520
587
667
878
1060
1077
1078
1202
1281
1181
1036
1008
913
632
358
249
128
-148
-441
-600
-717
-959
-1221
-1350
-1426
-1610
-1807
-1809
-1714
-1750
-1772
-1651
-1489
-1450
-1430
-1248
-1051
-954
-852
-641
-428
-295
-167
36
222
342
474
592
692
743
795
846
806
764
728
639
500
372
252
97
-92
-237
-263
-282
-306
-151
134
362
529
764
1066
1255
1299
1368
1468
1437
1274
1115
1021
878
636
458
384
271
64
-92
-158
-264
-434
-543
-569
-687
-879
-983
-1059
-1257
-1491
-1600
-1650
-1715
-1760
-1666
-1435
-1211
-937
-565
-139
275
604
951
1295
1487
1568
1594
1575
1484
1315
1122
900
608
311
79
-159
-385
-521
-570
-604
-664
-649
-535
-420
-337
-196
44
249
387
553
793
980
1085
1197
1390
1541
1541
1544
1575
1531
1343
1049
719
306
-179
-672
-1132
-1603
-2050
-2368
-2596
-2724
-2724
-2623
-2423
-2139
-1772
-1341
-885
-441
-5
409
795
1106
1306
1435
1465
1429
1349
1194
975
710
436
180
-77
-317
-539
-760
-953
-1089
-1202
-1333
-1414
-1436
-1439
-1367
-1182
-942
-657
-280
194
636
1047
1482
1930
2290
2539
2695
2751
2716
2551
2246
1844
1344
785
223
-324
-841
-1285
-1627
-1866
-2025
-2145
-2157
-2129
-2072
-1914
-1676
-1404
-1150
-894
-587
-269
-28
184
417
635
808
949
1065
1114
1108
1063
997
946
826
609
402
205
-61
-355
-616
-856
-1053
-1193
-1261
-1198
-1059
-855
-573
-187
271
704
1102
1519
1912
2179
2328
2426
2497
2457
2307
2143
1929
1615
1228
849
502
126
-294
-688
-1002
-1327
-1647
-1871
-2064
-2236
-2351
-2387
-2382
-2357
-2282
-2100
-1870
-1670
-1394
-1058
-723
-432
-140
189
467
671
832
959
1042
1041
972
864
724
522
280
77
-110
-278
-426
-524
-558
-541
-499
-428
-278
-42
199
449
745
1068
1345
1592
1850
2058
2194
2253
2294
2290
2205
2040
1813
1531
1198
854
467
93
-252
-659
-1092
-1480
-1821
-2145
-2444
-2673
-2811
-2897
-2936
-2861
-2701
-2509
-2311
-2033
-1651
-1282
-931
-581
-235
50
230
386
538
626
649
673
697
691
629
543
504
482
398
292
239
193
127
77
108
197
235
298
468
670
820
968
1187
1409
1572
1749
1976
2146
2202
2200
2190
2119
1929
1716
1539
1283
922
534
183
-193
-628
-998
-1275
-1555
-1873
-2121
-2235
-2324
-2429
-2432
-2339
-2232
-2132
-1957
-1717
-1494
-1274
-1032
-770
-531
-312
-80
126
292
443
588
682
740
774
788
754
684
611
541
479
389
289
213
154
90
42
41
78
123
195
322
469
621
811
990
1107
1201
1322
1425
1447
1419
1385
1300
1146
964
783
593
305
-15
-288
-560
-834
-1122
-1360
-1528
-1711
-1839
-1832
-1792
-1780
-1716
-1559
-1381
-1228
-1060
-832
-627
-480
-302
-91
108
246
344
469
586
615
611
635
645
600
514
446
404
314
216
159
93
24
-24
-66
-108
-116
-97
-62
2
84
194
334
489
631
772
868
934
1011
1054
1080
1078
1022
909
761
601
438
261
77
-78
-217
-374
-549
-722
-888
-1027
-1148
-1244
-1311
-1361
-1398
-1443
-1422
-1379
-1333
-1259
-1173
-1062
-928
-781
-587
-392
-211
-10
188
338
474
610
707
774
801
784
750
706
671
637
580
523
436
339
249
179
132
120
159
222
268
346
476
589
695
822
970
1101
1197
1266
1324
1346
1301
1234
1179
1093
956
808
644
455
230
-27
-296
-566
-851
-1129
-1359
-1562
-1735
-1887
-2015
-2110
-2132
-2082
-1992
-1834
-1631
-1425
-1230
-1026
-779
-537
-318
-114
121
336
470
597
740
864
917
923
931
941
904
837
780
720
638
523
434
377
288
188
125
102
78
72
123
214
308
386
461
530
599
658
710
784
832
837
802
719
620
483
319
150
-28
-214
-393
-570
-763
-937
-1072
-1168
-1251
-1325
-1384
-1397
-1360
-1323
-1259
-1169
-1086
-993
-896
-778
-624
-449
-281
-95
79
219
363
488
586
655
695
731
741
725
678
598
502
368
246
127
17
-63
-160
-236
-296
-344
-375
-379
-327
-259
-174
-62
51
176
336
503
661
808
954
1077
1141
1180
1189
1167
1111
1017
913
791
655
503
356
215
40
-150
-312
-445
-583
-699
-791
-860
-938
-1017
-1031
-1008
-970
-905
-805
-695
-586
-469
-342
-215
-92
12
108
181
223
270
325
349
348
340
314
260
182
115
84
41
3
2
20
36
44
63
121
202
285
367
463
547
605
668
723
762
782
777
758
727
660
569
479
406
288
137
9
-122
-275
-415
-534
-650
-794
-940
-1058
-1147
-1230
-1314
-1347
-1352
-1362
-1350
-1302
-1233
-1159
-1043
-898
-778
-683
-575
-429
-286
-186
-76
55
152
242
334
426
499
538
566
609
641
645
663
688
681
665
655
624
603
603
604
595
596
612
635
662
678
682
683
699
706
701
705
688
643
589
526
465
394
304
197
89
-29
-147
-257
-361
-484
-625
-746
-865
-952
-1032
-1124
-1192
-1227
-1252
-1237
-1175
-1117
-1066
-1010
-932
-844
-740
-618
-482
-321
-168
-43
78
228
357
436
500
554
615
669
725
763
770
770
761
750
745
756
740
731
724
695
664
628
592
543
487
453
458
469
484
483
458
435
414
409
399
355
289
220
141
47
-35
-120
-218
-342
-482
-609
-715
-836
-966
-1049
-1100
-1152
-1213
-1254
-1266
-1258
-1244
-1203
-1126
-1062
-975
-853
-720
-609
-514
-396
-277
-176
-76
43
165
263
350
441
517
542
558
595
612
604
596
608
611
590
581
579
570
561
568
584
592
598
620
651
665
637
658
701
714
706
694
697
663
598
538
485
401
295
187
77
-65
-223
-370
-531
-680
-830
-976
-1094
-1215
-1325
-1388
-1432
-1468
-1464
-1433
-1381
-1313
-1241
-1136
-997
-853
-689
-504
-340
-193
-31
131
276
397
523
643
750
851
955
1050
1085
1099
1108
1083
1040
1027
999
943
879
808
737
671
616
572
538
496
420
347
295
228
175
120
52
-12
-94
-181
-255
-340
-442
-523
-591
-670
-751
-832
-930
-1003
-1036
-1062
-1057
-1023
-999
-965
-903
-862
-806
-709
-618
-514
-390
-268
-139
3
126
255
402
539
671
816
943
1028
1094
1140
1159
1171
1156
1118
1069
992
883
762
650
517
392
288
172
42
-64
-144
-218
-279
-340
-392
-415
-425
-446
-475
-485
-482
-474
-419
-368
-355
-322
-258
-209
-188
-161
-131
-84
-38
-22
-30
-35
-42
-55
-82
-123
-165
-216
-260
-301
-317
-332
-315
-274
-265
-284
-295
-282
-251
-202
-172
-151
-123
-103
-103
-84
-44
-12
13
11
-10
-19
-14
18
63
55
27
15
-2
9
43
57
66
63
72
113
181
262
340
423
455
457
516
597
670
726
759
784
817
830
817
793
736
647
536
394
262
159
60
-57
-184
-314
-453
-579
-683
-799
-896
-959
-1011
-1040
-1067
-1065
-1040
-1000
-929
-840
-760
-677
-564
-450
-351
-235
-115
6
128
231
327
432
526
592
653
687
696
726
759
735
692
662
622
581
552
531
518
502
456
420
387
346
297
272
245
208
170
127
108
88
44
-15
-48
-76
-131
-175
-217
-284
-341
-398
-459
-529
-603
-666
-719
-756
-804
-839
-842
-837
-850
-866
-844
-800
-743
-675
-602
-521
-429
-330
-213
-94
18
134
223
312
396
482
576
654
712
729
728
727
749
756
738
726
696
662
640
609
580
551
489
406
341
272
191
131
67
14
-35
-76
-101
-130
-168
-200
-222
-243
-247
-251
-266
-269
-271
-280
-303
-340
-384
-411
-416
-424
-443
-448
-448
-440
-434
-419
-399
-383
-360
-314
-265
-223
-173
-128
-87
-49
3
51
87
129
163
203
249
305
338
349
375
414
434
429
431
442
438
438
442
435
415
381
346
311
263
222
196
180
168
147
120
89
68
29
-13
-38
-77
-111
-136
-166
-205
-237
-241
-243
-264
-288
-304
-316
-345
-364
-367
-382
-387
-387
-389
-391
-391
-378
-358
-332
-317
-308
-293
-273
-249
-226
-183
-130
-87
-48
-4
21
31
54
84
116
159
198
260
307
335
349
373
399
393
409
438
453
452
457
462
467
465
442
416
396
374
352
312
278
238
176
126
77
27
-12
-25
-45
-81
-103
-135
-180
-224
-267
-294
-306
-328
-336
-329
-341
-356
-365
-370
-363
-374
-373
-334
-303
-278
-240
-213
-202
-182
-163
-150
-119
-84
-64
-48
-24
4
35
40
34
34
22
3
-8
0
21
44
61
62
50
64
75
80
79
69
75
76
90
106
98
88
54
31
43
61
60
42
42
38
27
29
42
42
37
25
22
29
41
48
41
55
65
62
68
79
103
138
158
161
158
151
139
128
142
158
149
121
98
81
66
62
64
61
57
51
47
37
49
64
63
61
54
30
3
-13
-27
-24
-28
-62
-96
-129
-151
-161
-171
-182
-187
-194
-196
-185
-180
-180
-165
-130
-110
-100
-88
-101
-107
-98
-101
-94
-75
-67
-84
-94
-90
-86
-94
-104
-103
-108
-107
-96
-77
-59
-43
-27
-13
-9
7
9
2
15
36
60
90
119
142
154
143
122
127
145
162
172
172
175
184
179
168
174
179
155
112
83
75
76
67
65
48
22
2
6
30
37
6
-29
-22
-17
-4
7
12
8
-18
-40
-60
-76
-90
-93
-97
-101
-93
-101
-128
-138
-140
-151
-159
-171
-193
-203
-198
-187
-169
-139
-122
-113
-81
-43
-29
-35
-19
9
37
49
49
47
59
76
99
129
160
176
159
145
139
117
93
83
85
63
33
12
3
11
21
29
47
63
57
47
47
53
52
37
9
3
19
44
54
61
75
83
85
78
69
50
28
6
3
-1
-24
-41
-30
-17
-26
-32
-24
-23
-26
-19
-29
-28
-17
-23
-42
-53
-55
-57
-61
-60
-46
-37
-34
-45
-53
-34
-11
-16
-41
-40
-44
-58
-55
-38
-28
-24
-1
-1
-1
23
19
5
18
34
45
56
57
30
19
29
28
8
0
7
4
8
-5
-15
-18
-18
-22
-39
-54
-57
-45
-35
-11
16
10
-10
-34
-39
-35
-32
-36
-39
-38
-39
-40
-57
-91
-96
-79
-86
-104
-98
-74
-51
-36
-29
-23
-20
-18
-24
-35
-25
6
38
74
81
103
142
153
157
152
136
117
131
139
130
146
159
125
97
77
37
14
10
-11
-20
-1
10
4
-6
-7
-21
-49
-49
-40
-42
-40
-44
-57
-57
-62
-72
-72
-71
-62
-49
-48
-52
-42
-36
-42
-47
-40
-36
-29
-11
9
25
21
12
8
18
33
45
61
76
94
99
85
71
74
80
84
86
83
81
78
91
93
76
61
47
29
-1
-22
-30
-29
-39
-69
-72
-86
-94
-93
-105
-111
-107
-92
-85
-75
-69
-59
-55
-51
-39
-37
-33
