43
36
29
38
44
46
47
45
48
46
43
35
23
23
14
17
31
26
20
36
43
32
26
20
15
0
-9
-7
-3
5
16
16
4
-3
-8
-12
-15
-33
-36
-27
-14
2
17
17
-8
-19
-29
-48
-58
-58
-57
-51
-32
-33
-39
-40
-37
-33
-32
-37
-40
-19
-13
-22
-14
-15
-23
-21
-22
-28
-21
-17
-16
-16
-23
-26
-27
-22
-11
6
21
22
19
19
25
30
25
20
19
29
38
32
20
9
5
10
13
12
3
-17
-28
-25
-23
-27
-30
-23
-11
-5
-13
-14
-12
-3
4
-8
-9
-2
-7
-17
-21
-20
-27
-32
-25
-13
-13
-24
-18
-18
-18
-10
-4
2
-6
-14
-12
-2
4
11
21
23
18
15
17
22
28
41
50
47
47
56
61
64
64
61
54
44
37
23
15
14
10
16
22
25
37
45
35
31
29
12
-4
-5
9
11
6
18
30
38
36
36
40
23
0
0
7
1
-4
-13
-12
-9
-7
-3
-17
-37
-34
-16
-18
-35
-41
-37
-43
-63
-56
-45
-37
-29
-30
-17
-17
-32
-23
-12
-27
-38
-25
-9
-7
-11
-10
-9
-22
-28
-21
-25
-36
-37
-36
-28
-22
2
18
7
-4
-4
-23
-45
-44
-30
-18
-7
8
21
16
17
35
40
12
-6
1
-1
-6
-4
12
23
18
22
37
24
5
3
-5
-15
-18
-10
-4
4
8
4
2
-9
-21
-26
-28
-13
-1
21
26
30
41
36
31
21
9
10
16
15
23
34
33
31
19
8
6
-19
-41
-44
-28
-14
-9
-1
5
10
-5
-33
-41
-36
-25
-11
2
7
14
26
26
21
13
14
14
3
4
10
11
21
23
21
17
9
0
-3
-4
-4
5
12
14
28
41
43
45
28
18
24
28
39
56
54
46
47
31
9
11
18
12
0
-10
-8
-1
1
3
4
-5
-21
-32
-40
-49
-44
-35
-36
-26
-15
-3
-5
-21
-19
-36
-57
-65
-70
-69
-61
-38
-24
-10
-5
-4
-13
-28
-33
-44
-53
-58
-54
-39
-32
-43
-33
-23
-25
-25
-21
-12
5
20
24
36
40
45
59
51
39
40
48
48
39
24
16
27
34
47
28
-7
-7
-3
5
13
24
37
39
32
13
-17
-43
-51
-42
-24
-17
-13
-2
0
6
25
21
0
-20
-28
-26
-26
-45
-44
-34
-36
-36
-34
-39
-32
-15
11
18
-7
10
15
1
3
-18
-17
-6
-5
21
29
31
36
49
46
49
50
32
47
72
75
44
17
31
26
34
36
11
0
-18
-13
-17
-49
-50
-24
9
39
46
53
64
49
27
21
19
12
-8
8
35
13
-3
-2
-8
-22
-24
-31
-51
-40
-25
-16
-26
-36
-18
-9
1
6
0
-11
-8
22
41
27
17
18
23
14
3
2
-2
7
29
4
-37
-50
-58
-48
1
36
15
7
30
22
2
-11
10
23
2
-15
-19
-10
-24
-44
-19
-6
-27
-52
-60
-59
-47
-22
-38
-59
-47
-66
-71
-58
-66
-45
-21
-10
-7
-20
-26
-33
-20
14
-4
-23
-13
-14
-3
-9
-34
-38
-39
-55
-60
-55
-73
-41
29
26
38
49
31
7
-2
23
24
68
116
95
95
56
-2
69
100
48
102
136
42
1
8
-3
14
43
54
41
41
27
-9
46
74
26
30
21
-26
-9
38
13
62
206
242
211
157
61
-28
-24
50
28
-6
-39
-68
-61
-79
-81
-29
66
91
39
22
25
63
167
198
194
196
139
24
-47
-52
-72
-36
36
41
47
-23
-162
-202
-159
-113
-150
-195
-258
-267
-112
11
-23
-115
-163
-284
-411
-362
-271
-199
-125
-74
-67
-115
-152
-138
-14
77
24
-37
-107
-198
-149
-44
-55
-101
-133
-61
192
312
176
194
256
207
215
163
74
102
194
211
137
74
176
234
232
236
136
166
277
383
378
87
3
212
79
-157
-238
-367
-361
-279
-311
-308
-280
-272
-161
-68
-200
-551
-559
-171
-162
-245
-103
-116
-83
-74
-223
-301
-240
-24
105
134
304
345
211
21
-354
-506
-292
-172
-114
106
258
349
417
422
292
322
675
542
52
-25
-43
37
261
51
-362
-689
-695
-430
-100
253
296
349
589
577
216
43
244
122
-153
-328
-401
-36
486
675
430
-9
-398
-671
-595
66
1267
2449
2698
1564
165
-407
-497
-117
449
294
-336
-928
-1406
-1249
-618
508
1386
756
-264
-1203
-2050
-1409
-96
487
320
-937
-2377
-2611
-1936
-644
652
1048
763
-579
-1914
-2742
-1045
6522
10336
4566
-103
-2371
-4229
-1016
1508
325
1570
2112
-1062
-3622
-3768
-1996
1459
6398
6298
-792
-4578
-4469
-2530
3554
5031
1034
-307
-1779
-2439
-351
-586
-240
1736
1823
1084
-2020
-4946
-4077
-2237
-547
-1512
-4447
-3762
-1795
-113
2120
1989
1983
2440
104
-836
792
2161
3487
2551
574
613
-86
-1339
-1377
-935
103
319
-169
-766
-1743
-408
1832
2291
2552
1024
-1551
-1063
-114
-366
106
338
403
483
67
457
143
-316
1147
1725
1550
779
-1343
-1561
-873
-1203
-1806
-3405
-3461
-1228
-512
-448
-628
-1770
109
1797
380
3708
9113
7181
1972
-657
-2266
-1835
1608
2334
-43
-165
-1345
-5092
-4588
-1327
-434
2909
5907
1032
-3359
-2975
-2021
1911
5507
3019
-255
-1544
-1870
-455
54
457
1695
1526
1324
-392
-3090
-2955
-1690
-394
-430
-3361
-4373
-3016
-1200
3240
4270
1139
904
-924
-4798
-5425
-3981
2148
10708
12678
6788
-2093
-6553
-4618
-590
3884
4619
962
-1273
-5124
-8641
-5331
-540
5201
9949
5418
-3151
-8187
-7334
-239
6209
7324
3732
-1694
-4042
-4189
-3251
868
4287
4845
3452
-397
-3179
-3933
-2634
483
625
-1831
-4428
-6002
-3815
-470
412
-78
-1444
-2770
-3587
-4511
-4009
6599
24582
24035
5381
-6568
-10843
-8882
1205
5044
1362
1350
-603
-8329
-12291
-8333
-622
9161
17840
9621
-9223
-14676
-9942
1231
14099
11439
430
-5861
-8996
-7193
-3179
142
4785
6523
5408
1711
-4770
-5386
-977
4024
7159
1116
-7040
-9592
-9270
-3830
1382
1057
1544
1576
-1325
-2298
-2413
-3141
544
14087
27237
17657
-2567
-9440
-9330
-3604
5249
2912
-1508
403
-2982
-9230
-9274
-3907
4952
13982
16161
2714
-14055
-14503
-5730
5979
14578
6516
-6088
-9587
-8643
-3893
748
3499
7213
7849
5861
261
-6321
-4079
1359
4162
3835
-4788
-12938
-12906
-9225
-2314
1502
832
3011
3590
1612
1549
1057
909
2285
6581
16785
18941
5057
-7239
-9309
-5813
-771
695
-1374
-2146
-1509
-3795
-7061
-4286
3145
8808
12793
9403
-5289
-13345
-9061
-2603
5229
6341
-2237
-8247
-8741
-5530
-753
2991
7866
9525
6870
4367
-660
-3682
-1219
-304
-1212
-4510
-10848
-13213
-12075
-8693
-2294
1182
3905
6543
5386
5294
5244
2624
95
-1119
2084
12606
18352
6472
-8361
-10115
-6745
-4380
-52
343
-1366
2396
1866
-4537
-4691
973
6694
12542
11896
-2280
-15246
-13177
-4624
3040
6123
194
-5871
-4360
-384
1997
3371
5935
8532
9120
7470
851
-5844
-4844
-1851
-1895
-4700
-11697
-15090
-11055
-4931
1513
4179
4161
6597
8526
7873
5707
1624
-2438
-2375
3289
11282
12541
3270
-6711
-7972
-4303
-3425
-2467
499
2719
5538
3727
-3863
-5373
1070
7759
11415
7813
-4528
-13809
-11190
-4261
-38
1893
215
-2595
-1301
904
563
1856
6102
9392
9053
4908
-1777
-6460
-5300
-3144
-4405
-8400
-13587
-14372
-9708
-4766
-77
4031
6477
8948
9660
6489
3132
647
-3062
-4543
405
9250
13727
7047
-4644
-9341
-7410
-4164
239
3882
5314
5323
1451
-4768
-6707
-1308
7469
11993
8540
-3474
-15678
-16354
-9266
-450
6067
4484
128
-1306
-1486
466
4013
7520
10894
10689
6409
-298
-6929
-7631
-5565
-5093
-6649
-12557
-15405
-10675
-4939
889
5961
7957
10414
11910
9309
5040
201
-6371
-11510
-6238
9024
20000
15208
-764
-12719
-13093
-6710
657
6671
9203
8458
3404
-5727
-11258
-7202
4636
15368
15045
739
-17864
-24746
-16037
-1026
10137
11152
4566
-1626
-4121
-1945
3417
8824
12796
12346
6406
-2330
-10358
-12560
-7902
-2588
-2328
-8685
-14774
-13605
-7696
632
8133
11371
12666
12137
8244
3146
-1043
-5531
-11373
-11871
-1718
11586
17404
10188
-4227
-10741
-6860
-444
5889
9830
10443
8052
455
-8066
-10869
-4750
8474
15685
8968
-7694
-23741
-24031
-9171
7029
14896
11029
2248
-2855
-2518
1653
5564
8054
10396
8123
629
-7833
-14403
-12695
-4418
67
-3821
-12413
-15786
-10735
-2002
7169
11355
10802
11415
10970
6702
1013
-4680
-10812
-14811
-10108
1451
13580
19381
9115
-5577
-7013
-3204
844
8455
11272
9017
5711
-3217
-12761
-12674
-2049
9319
11776
4259
-13561
-26881
-18726
-1294
12083
16847
8929
-1220
-3845
-1241
2435
4668
7098
7970
4009
-2183
-10799
-15898
-8612
164
890
-4713
-13186
-14357
-7574
426
7501
10558
11724
13085
9313
1500
-5536
-11237
-14002
-11943
-3717
8405
19531
19911
4608
-6997
-4634
-300
6026
12263
9125
4424
506
-8802
-13395
-7136
3247
11398
12168
294
-19546
-25374
-11358
5702
17417
17189
3875
-6602
-6855
-2631
2359
5727
7172
6006
1783
-4870
-12036
-11621
-4085
1413
524
-7225
-13992
-11981
-4686
3837
10785
11923
11062
9424
3371
-3196
-7763
-9928
-11289
-8474
1235
12347
22813
18541
-477
-7126
-2951
-318
6737
9755
3956
1690
-2643
-11262
-11762
-3962
6454
12836
10696
-4036
-22748
-20933
-3288
11495
20211
13773
-2100
-8435
-7109
-2030
4010
5614
6042
4221
-901
-6659
-11103
-8678
-1982
473
-2620
-10700
-15843
-10782
-3361
5133
12178
10815
9003
6996
727
-4325
-6567
-9353
-12043
-7001
4162
17778
26877
14501
-5715
-8158
-3127
457
7806
8009
2443
1519
-4053
-12120
-10778
-1067
9042
13491
8701
-9835
-25233
-16784
1521
15025
19207
7541
-6491
-9035
-4124
2392
5161
6089
6902
3092
-1928
-6562
-10194
-7008
-1587
-1746
-7094
-14328
-14783
-8122
428
9980
11939
8534
7970
5036
392
-2460
-6470
-12193
-12940
-4087
9141
24022
25669
4559
-10194
-6741
-3580
2118
9411
5799
2826
1771
-8292
-14429
-8074
3349
12778
14846
3105
-19178
-26177
-10923
6519
18534
17012
1043
-9541
-8554
-2206
4206
6683
8431
8695
5105
-113
-7329
-10725
-5714
-1560
-3511
-9718
-15544
-12759
-4586
4692
12187
11005
8733
8639
5295
1115
-3101
-9549
-13906
-6913
7906
23602
28228
9346
-10637
-11479
-6489
-1172
7165
7613
3743
3258
-4605
-13785
-10406
1377
12097
16017
8067
-13458
-28090
-19018
-923
13557
17245
4799
-8236
-10294
-5144
2304
6402
8396
9363
6153
1332
-4634
-10626
-9795
-5001
-3987
-8162
-14807
-15780
-9632
29
10299
12649
10118
9754
7455
2819
-1219
-7126
-13288
-9308
6506
25832
28836
6409
-13859
-15068
-8200
477
7009
6012
4605
4389
-3078
-10237
-6901
4444
15281
19024
8093
-15710
-28470
-19916
-2691
12059
13330
1335
-7771
-7718
-2486
3805
7494
10294
11476
8571
3440
-3168
-7572
-7776
-7572
-8460
-12780
-17202
-14563
-8884
-1361
6669
9222
10013
11377
11008
6888
1066
-6208
-13837
-10141
8489
28663
26190
665
-17932
-18472
-9950
1642
7962
6597
6611
4321
-4284
-8247
-2883
9824
20916
20035
2848
-22626
-32039
-19464
-403
13305
10870
-2736
-9076
-6533
-430
6024
9680
12976
14327
10288
2641
-5061
-8161
-7104
-7214
-10531
-17064
-20950
-15920
-7330
1303
8077
10467
12375
14093
13189
8116
487
-8683
-15903
-10362
7670
26117
24393
-798
-19153
-18082
-9714
2164
10498
10374
10626
7189
-3233
-7992
-2982
9893
21297
18335
-223
-24391
-32463
-19520
-2184
10418
9736
-1598
-5858
-3024
1495
7465
10403
12161
13294
9732
2886
-4861
-9558
-9244
-8731
-10152
-14542
-18084
-13352
-4925
3053
9132
9875
10041
12508
12197
6971
-693
-10727
-17704
-11023
8383
25299
19372
-4648
-19458
-17602
-8236
2917
9497
10621
10801
5592
-5112
-9974
-3531
10206
20475
16216
-3909
-26798
-31460
-17661
-761
10859
8922
-1580
-5457
-3128
1016
6252
9873
11860
11935
8487
1705
-6183
-9985
-9519
-8878
-9383
-13361
-16602
-11838
-3578
3755
9087
10049
11026
13974
13291
7941
-443
-11656
-16078
-4804
15944
27983
14782
-9561
-20072
-15696
-4830
5678
10492
11834
11067
3478
-6773
-9093
323
15574
23331
14791
-8628
-30047
-29345
-13159
2782
11847
7600
-2008
-4365
-2018
1981
7214
11451
13207
11003
5733
-1372
-8301
-9989
-8781
-9578
-11371
-14826
-16503
-11465
-3742
3013
7932
9812
10679
11772
10044
5196
-2786
-12789
-13100
2832
22679
24976
4355
-16578
-21229
-13583
-1088
7421
9361
10120
7467
-1131
-7758
-6246
4983
18649
21399
7997
-16666
-31858
-24150
-6645
7091
9809
1306
-5496
-3966
1007
6037
9469
11837
12126
8258
3024
-3683
-8626
-7402
-6398
-8350
-11583
-15454
-14271
-6864
1370
7039
8860
9003
9136
8946
7856
3278
-6118
-12047
-3316
16327
26907
12842
-10825
-21534
-18681
-7492
3267
6146
7097
7050
668
-6275
-6164
1395
14104
21776
13455
-8950
-28434
-27241
-10162
5643
10173
2249
-6954
-7139
-1144
6002
10109
11040
10797
7460
2138
-3576
-7899
-6430
-3073
-4760
-10126
-15728
-16998
-10173
445
8104
10278
9107
7846
6623
6028
5479
-111
-5367
1056
16355
24953
12370
-9715
-19526
-16669
-7506
1508
4309
4822
5217
538
-5070
-4920
1974
13825
20099
13712
-4642
-23903
-24141
-8339
5872
9547
536
-9659
-8723
-902
7432
11110
9635
9205
6834
1541
-3558
-9452
-9940
-4684
-4137
-9537
-15897
-17742
-11188
-386
8471
11366
8771
6973
5457
2924
2133
-140
1012
12807
25559
21521
-290
-18453
-20855
-13457
-2778
3317
1941
1205
188
-5094
-5883
136
9506
19363
20124
6604
-13934
-24119
-15732
63
11304
8896
-6277
-15455
-9923
2127
13084
16094
12427
8538
4595
-107
-5919
-10339
-9061
-5666
-6423
-12163
-18495
-17291
-8013
2836
10939
12704
9879
7047
4219
922
-2474
-2426
7050
24816
32228
11716
-16687
-27110
-22122
-9370
2615
4567
1271
-1552
-6474
-9457
-5409
5884
18897
22689
13873
-6884
-25385
-21765
-5399
8435
12628
1121
-14309
-18608
-10270
5359
17280
19990
16338
8345
1236
-3699
-8401
-7366
-3860
-5251
-9788
-16326
-18924
-12861
-2192
8940
14450
14313
13262
8373
1924
-1053
-2221
1661
16423
31765
24363
-2549
-21978
-25775
-17492
-2274
5126
3047
1351
-3899
-11104
-9839
-246
13765
23630
20591
3617
-18128
-25950
-15391
1618
13317
9690
-4932
-15105
-14876
-4926
8468
16426
19125
15988
6770
-2547
-8706
-10060
-6714
-3079
-4720
-12476
-19227
-18602
-10553
1858
11546
14280
13546
10844
5736
14
-3500
-1074
10641
28220
30044
7335
-15834
-25274
-21960
-8628
1756
3764
3356
-1133
-8423
-11312
-6074
8662
22095
24057
12853
-11278
-27697
-21470
-5125
9926
13348
2290
-9842
-14210
-8972
2599
11950
18276
20178
13562
3541
-6118
-11492
-8098
-3684
-4446
-9858
-18020
-20946
-15661
-5386
5780
11701
13080
11781
6417
1427
-1110
-1092
6714
23320
31387
14923
-9312
-21844
-22475
-13054
-2106
667
328
-172
-4961
-9311
-7172
3558
17702
23548
15893
-4305
-22493
-22192
-9110
4724
9879
1635
-8470
-11334
-8420
71
8777
13995
17773
16581
8878
-606
-7187
-7227
-3747
-4199
-10214
-17760
-20122
-14932
-6307
1458
5699
8747
12102
11866
6869
1157
204
7892
24417
32556
15597
-7927
-18673
-18982
-10711
-2341
-2416
-3253
-2631
-5825
-8606
-6145
4024
17391
23017
16390
-3113
-21374
-20559
-7515
5491
9500
-959
-12340
-14026
-9023
749
9350
13500
16021
14211
7346
-498
-5908
-5068
-1185
-1635
-7726
-16936
-21929
-17509
-7496
1591
4821
5194
7334
8363
5768
2324
2073
9415
25361
32378
15359
-8083
-19404
-18892
-8647
1323
1428
-1726
-4584
-9033
-10049
-4871
5987
18455
23210
15520
-3915
-21287
-20016
-6495
6518
9623
-1541
-13480
-15727
-10440
-372
8501
13558
16531
14348
6949
-729
-5631
-4512
183
228
-6443
-15345
-19091
-15041
-7120
-20
2403
2477
4231
5172
3059
1147
2960
13245
29477
29685
8979
-9810
-18280
-17377
-7149
214
-298
-1319
-4472
-10050
-10860
-4284
8983
21630
24959
14007
-7983
-21066
-16008
-3338
7578
6069
-6648
-15259
-15147
-8475
626
7197
12573
15415
13049
7918
574
-4558
-2250
923
-1032
-8041
-16139
-17890
-12574
-3553
2879
2082
840
2535
3103
2028
1017
4274
17966
32013
25373
3978
-12198
-18580
-13938
-3086
1361
-184
-2156
-7033
-11748
-10144
-1921
11058
22567
23546
8827
-11421
-18796
-11864
1141
10463
4863
-9228
-17086
-15719
-7330
2463
8913
12500
12498
9686
5407
-243
-1922
1190
2169
-1981
-10491
-17437
-17047
-10728
-1884
2925
2028
1196
1407
1121
316
1072
9241
24957
30885
16953
-1489
-13079
-15940
-9001
-1646
-268
-79
-2056
-8147
-11619
-8826
439
14851
24732
19681
1428
-13760
-14697
-5889
5888
9533
-661
-12269
-16350
-13049
-4673
3409
9081
11873
10543
6776
2156
-956
796
3427
1533
-4949
-13240
-16745
-13372
-6365
127
1147
-487
-85
662
320
-132
3656
17523
30560
23550
4065
-9577
-14546
-10462
-2284
-972
-3526
-3913
-6493
-10211
-9474
-3647
6444
16825
19886
9108
-7303
-12426
-6594
2773
9938
4880
-8017
-15332
-14329
-7605
49
5838
9494
9231
7214
4875
553
-361
3413
3732
-1198
-9155
-15729
-15186
-9126
-1763
1294
-714
-1527
-1009
-1512
-1293
1799
12503
28871
30215
11398
-6273
-14050
-12739
-3408
2260
-848
-4496
-6937
-10447
-10760
-5344
4331
14475
19244
12388
-4457
-13954
-8027
2689
11621
10867
-2196
-13174
-15025
-10420
-2904
2833
6807
8478
6793
4649
1327
-1580
2085
6060
3076
-3736
-11916
-15189
-10300
-3099
1432
386
-2304
-1806
-1998
-3244
-1324
7318
24606
32575
17564
-1142
-11073
-13379
-5398
2446
931
-2582
-5760
-10033
-11580
-8168
693
11160
17994
15252
-260
-12410
-9653
-910
9504
13350
2840
-8957
-12899
-10283
-3542
968
3561
5931
5308
3891
1374
-2506
-1043
3331
3497
-999
-8939
-13858
-11435
-4780
1690
1985
-1782
-2887
-3609
-4726
-3556
1843
17226
30042
20416
1895
-9019
-13177
-7097
2871
4133
-13
-5022
-10989
-13618
-10139
-1266
8936
15650
14549
818
-13115
-11662
-2360
8224
14710
6465
-7165
-12431
-9432
-1810
3545
4428
4457
3090
1674
682
-2478
-2624
1377
2698
62
-6064
-11468
-10299
-4301
2326
4491
1802
-364
-2144
-4622
-5185
-1021
13432
29100
23491
4038
-8502
-13221
-8461
2350
5908
3513
288
-5628
-10845
-10763
-4437
6031
14847
15855
3152
-14105
-17134
-7739
5209
15285
10930
-3281
-11680
-10317
-2497
4952
7376
6923
4304
1281
-399
-3365
-4527
-1230
614
-1189
-5337
-10163
-10560
-5000
2225
5318
3347
1312
17
-2621
-4555
-1792
10385
24976
22185
4522
-8795
-14513
-11732
-1386
4474
4077
2299
-2899
-8796
-9611
-3916
6778
16000
16598
4324
-13487
-19376
-11573
1196
12380
11301
-827
-10053
-10146
-3039
5039
9165
9959
7235
2675
-337
-3481
-5144
-2494
-733
-3083
-7641
-11759
-11618
-5827
1928
5419
3892
2359
1527
-1075
-3324
-924
10809
25047
21822
3210
-11302
-17007
-13449
-2886
2840
2300
801
-3385
-7981
-8020
-2595
7342
16993
19590
8290
-10764
-19436
-14478
-2729
8979
9321
-1016
-9557
-10053
-3187
4962
9623
11647
10077
5513
1413
-2601
-4951
-3148
-1368
-3517
-8389
-12575
-12825
-7633
509
4965
3864
2422
1902
-234
-1419
3936
16651
25021
17390
1332
-10683
-15409
-12066
-4713
-755
144
-777
-5112
-8889
-7586
-448
9908
17925
17724
5411
-9712
-14360
-9694
-579
6029
2593
-5683
-10696
-9431
-2173
4966
8958
11207
9532
5508
2635
-209
-1212
36
-985
-5220
-10255
-13025
-11802
-6556
827
4572
3310
1990
1162
-643
261
9402
23528
26804
13794
-2496
-12658
-13774
-7238
-1675
-1216
-2611
-5148
-8422
-9229
-5408
2661
11531
17405
14294
1093
-9455
-10383
-4601
4470
7173
268
-8212
-12837
-10266
-1802
5459
9186
10026
7771
4641
1983
293
318
682
-636
-5401
-11194
-13227
-11668
-6721
-301
2338
1958
1171
-552
-2421
-882
9129
23320
25675
12942
-2693
-12777
-13497
-7085
-1872
-726
-2038
-5830
-9925
-10915
-7027
1759
11355
16497
11906
-982
-10137
-9948
-3551
4911
7340
1233
-6808
-11589
-9616
-1948
5048
8832
9523
7102
3875
1692
691
475
435
-782
-4992
-9726
-11038
-9185
-4762
310
2293
1939
1189
-198
-1850
-1103
7997
22318
25656
14140
-666
-10836
-12160
-5930
-692
210
-1017
-4549
-8968
-10516
-7413
-96
9238
16077
12556
-726
-10924
-11734
-4706
5324
8466
2308
-6209
-11006
-8687
-1288
5340
8713
8795
6490
3784
1469
-22
-496
-97
-558
-4759
-9871
-11467
-9149
-3404
2434
4102
2572
788
-1486
-3747
-2746
5863
20788
26634
15484
186
-10060
-12426
-6000
55
448
-640
-3319
-7959
-10361
-8435
-2124
6930
15056
14217
987
-11102
-12619
-6424
4388
9821
4094
-4872
-10292
-8701
-1892
3876
7766
9479
7644
5071
2208
-1497
-2436
-431
271
-3350
-9390
-12876
-11338
-4641
2633
4630
3159
1681
-384
-2710
-3880
334
14634
26601
20597
4817
-8254
-14316
-9401
-447
1932
122
-2688
-7301
-10294
-9015
-3913
4045
12791
15721
5671
-8614
-14012
-10195
660
9772
6580
-3230
-9782
-9164
-2596
3467
6727
8276
7097
5049
3626
278
-2374
-694
909
-1987
-7965
-12813
-13089
-7230
1274
4917
3494
1948
542
-1009
-1984
-2369
5634
21988
25450
11728
-2667
-12258
-12950
-4038
1558
595
-936
-3891
-7863
-9967
-8504
-1819
8092
15956
12717
-2404
-14021
-14641
-6460
6699
10731
1774
-7685
-10630
-5732
2257
6943
9472
9582
7056
5110
1591
-2932
-2297
1083
1281
-3110
-10178
-14319
-11661
-3185
4559
5699
3722
1864
-412
-1362
-2336
306
15332
27997
20258
4884
-7069
-14391
-9251
609
2722
1532
-1142
-6367
-9767
-9694
-5097
3845
13528
16607
5441
-10015
-15536
-11822
177
11122
6983
-4145
-10590
-10415
-3620
3055
6922
9878
9149
6480
3050
-2946
-5148
-1579
680
-722
-5749
-12086
-13795
-8693
-606
3448
2796
2176
1183
-568
-2119
-4065
2984
21280
27999
16116
1246
-11620
-15543
-6351
1240
2067
1410
-2586
-8400
-11957
-10994
-3262
8564
18461
16109
-739
-14824
-16449
-7714
7179
12479
3443
-6847
-11254
-7804
-457
4069
7341
9788
9475
7015
943
-5443
-4955
-31
2108
-1068
-7904
-13215
-11752
-3830
2794
3004
1322
942
282
-554
-2588
-3887
7406
25908
26668
11847
-2498
-13516
-12412
-1405
2842
1948
647
-4606
-10028
-12560
-10233
-548
11807
19288
11647
-7264
-17196
-14174
-2482
11494
11369
-502
-9027
-10975
-6115
1176
5077
8170
10281
9061
5064
-1874
-6015
-2888
1585
2233
-2278
-9827
-13685
-9994
-2240
2497
2270
1322
1075
-287
-2062
-4228
-2768
12438
28697
24063
8408
-5412
-14156
-8569
1940
3458
2234
-696
-7481
-11927
-12689
-7636
3748
14667
17697
5496
-11640
-16525
-10686
3098
14674
9240
-3062
-10101
-11226
-4736
2705
6157
9114
9595
6572
1368
-4742
-5427
-101
3970
2682
-4374
-12123
-13725
-8509
-940
2383
1384
879
320
-1020
-2330
-4786
-871
17243
29714
20060
3901
-8849
-14129
-5705
2934
2901
1207
-3355
-9939
-12842
-12291
-5121
7526
16979
15742
366
-14508
-15750
-7240
7765
15990
7570
-4623
-11817
-11654
-3563
3957
8210
10611
8433
3992
-1146
-6035
-4437
1893
5064
2037
-6008
-12864
-13049
-6477
1009
2848
1222
-291
-1688
-2462
-2749
-3266
2966
20368
28534
16293
1255
-9693
-13396
-4543
2968
2497
394
-5118
-10895
-12446
-10724
-2192
9241
16094
13645
-1811
-15237
-14754
-5692
8902
15411
5727
-5884
-11884
-10532
-1922
5580
9470
10680
7943
3677
-1586
-6161
-3722
2987
5336
1014
-7026
-13137
-12354
-4638
2875
4186
1694
-649
-1437
-1880
-1937
-1522
3821
20111
28871
16419
1126
-9016
-12777
-4303
2734
1147
-1001
-5273
-9486
-10028
-8997
-2008
7755
13969
13418
-281
-13863
-13599
-5669
7085
13236
3644
-7176
-11514
-9703
-1029
5946
7884
8797
7527
3997
-857
-5248
-3719
1406
2629
-1541
-8516
-13566
-12100
-4656
1714
2551
677
-321
255
-165
-819
-949
2404
17304
28118
17764
2250
-8535
-13450
-6195
765
-435
-1718
-4827
-8363
-8714
-8684
-2834
7000
13563
14235
1236
-13331
-13049
-5144
6539
12737
3396
-6858
-9895
-7967
125
6178
7392
9283
8636
4478
-108
-3989
-2982
1038
1082
-3362
-9845
-13823
-11030
-4087
1130
1913
293
366
2160
1540
264
-46
2894
17430
28032
16904
1264
-8519
-13323
-7145
-1063
-2015
-1815
-3561
-6747
-7851
-9100
-3388
7426
14805
15552
1815
-13002
-12765
-6002
5063
11540
2584
-6702
-9291
-8231
-1156
4788
6959
9943
9210
4666
321
-3769
-3384
267
158
-4023
-9796
-13539
-11535
-5116
261
1563
628
590
2276
2557
1892
1211
4644
19653
27879
14901
4
-9955
-14774
-7408
-1471
-2578
-1507
-3264
-6851
-7976
-8630
-2224
8586
16160
16265
1761
-12192
-12333
-6488
5296
11265
2040
-5833
-8710
-8632
-1800
3825
6612
10222
9916
6184
1133
-4252
-3983
-218
1
-3686
-9554
-13438
-11383
-4871
853
2150
1020
998
2227
2526
2282
1818
6867
22134
27087
12531
-1762
-11785
-15586
-7609
-2333
-2595
-1194
-3749
-7456
-8996
-9344
-1885
9232
17139
16422
1063
-12185
-12732
-6802
5432
10196
1634
-5410
-9181
-8421
-1224
3833
7066
10512
9619
5806
398
-5009
-4656
-971
-337
-3991
-9859
-13713
-11970
-4725
1405
1929
826
1081
1819
1686
1807
1459
6326
22092
26879
11788
-2307
-12015
-15394
-7306
-2146
-2086
-469
-3165
-7125
-9316
-9901
-1868
9484
17341
16388
373
-12869
-12521
-5983
6174
10867
2414
-4958
-9130
-8348
-1358
3661
7829
11516
9575
4888
-350
-4878
-3932
-261
219
-3238
-8752
-12384
-10511
-3939
1550
2836
2545
2688
2856
2007
1623
1158
4812
19644
26704
13993
-69
-10711
-15681
-8550
-2446
-1087
638
-2654
-7357
-10368
-11647
-3174
9189
17294
17372
2074
-12690
-13570
-7156
5709
11938
3979
-4234
-9768
-10042
-2504
3930
8275
11203
8487
2938
-2319
-5945
-4427
-65
1432
-2158
-8721
-12709
-10996
-4888
812
2711
2574
2731
3077
1622
204
24
2582
16158
26528
16098
926
-9858
-16202
-10139
-2199
-417
925
-2070
-7144
-10138
-12006
-4320
8514
16663
18562
4888
-12231
-14220
-7953
4416
13153
6214
-3329
-9746
-11914
-4323
3810
8011
10807
8062
2170
-2468
-5827
-4281
871
2395
-1547
-7642
-11521
-10452
-4916
1073
3334
3013
3142
3246
1338
-570
-89
939
10057
24307
20426
3769
-7736
-15051
-12369
-2728
228
459
-737
-5523
-9197
-11612
-6418
6900
16121
19027
9879
-8253
-14298
-8751
1457
12186
9378
-1379
-8597
-12466
-7255
2501
6815
9027
8245
2495
-1870
-4006
-3958
-120
1808
-1142
-5941
-9962
-10265
-6148
-647
2720
3461
3716
3664
1741
-482
72
-143
2625
16774
23667
11346
-2347
-11637
-14861
-7453
-1020
259
352
-3542
-8019
-10768
-9647
833
11479
16157
14481
672
-12163
-11497
-3727
7466
12201
4215
-5620
-11837
-10295
-1015
5018
7669
9015
5278
1482
-186
-2668
-2163
450
-304
-3774
-7562
-9733
-8378
-3384
1627
3367
3903
4311
3414
1718
1105
1105
-836
3320
17637
22287
10463
-2828
-12828
-14945
-7173
-1303
-294
-918
-4334
-7616
-8875
-5229
4285
11224
15323
13230
-1955
-13082
-10798
-4029
5969
9490
326
-9050
-12552
-8835
-411
4682
6962
6571
3903
2922
419
-2854
-2780
-2299
-2477
-3779
-7319
-9177
-7236
-2907
1350
3428
4252
4442
3742
2812
1483
-602
-3023
1099
15973
22793
10903
-4190
-14625
-16372
-7372
-67
1068
35
-3214
-5417
-5339
-2728
4598
11726
16382
14227
-7
-11467
-11409
-5486
5280
9353
851
-8048
-11986
-8348
759
6034
8072
8456
6061
4013
1589
-2172
-3670
-2393
-975
-2167
-5650
-7893
-7897
-4551
692
3683
5188
5563
3588
1252
-429
-1564
-2132
1531
13914
20607
9501
-5504
-14583
-15860
-7177
563
846
-498
-2848
-4903
-4398
-2022
4782
11621
14488
13058
1172
-11184
-12053
-7376
1189
6861
621
-8294
-12113
-9140
0
6873
9637
10153
6717
3623
1692
-2202
-4079
-2467
-1089
-2061
-5185
-8778
-10338
-6362
765
4829
6204
5833
3023
803
968
1198
-682
-1678
5722
15056
11644
-82
-10033
-14369
-9500
-1931
429
84
-1048
-2463
-2292
-898
2514
6790
10091
12506
6243
-6738
-12916
-12285
-5417
4558
4406
-3819
-9123
-8781
-2042
6575
10669
10018
6544
4046
2806
-134
-2575
-2228
-1080
-1396
-4222
-8407
-10485
-7383
-939
3867
5690
5131
3187
2755
3384
2403
344
-3281
-4984
4332
15582
12429
816
-8697
-12707
-8345
-1589
1068
2258
2472
1772
501
-2263
-1024
4557
10309
13394
4710
-10336
-16802
-14094
-4150
5017
3496
-2946
-7194
-5468
2425
7853
8123
6935
5396
4906
4221
424
-3778
-4422
-2906
-3124
-5898
-9314
-10906
-6957
166
4014
4773
4133
3570
3997
3753
1601
-2577
-7031
-6337
6233
19043
14254
-10
-10415
-13842
-7550
1331
4267
5247
5716
3527
-854
-4589
-1992
4306
10760
13850
2563
-13699
-17917
-13822
-3601
6213
4289
-1518
-3983
-2757
2588
5468
5800
7304
7838
7284
3957
-2547
-6250
-5741
-3974
-3837
-7347
-10642
-10038
-5707
208
3676
4286
4430
5528
5967
3735
-110
-4350
-6937
-5103
5661
17529
13600
-389
-10024
-12906
-7393
1944
6122
7347
7223
2562
-3099
-5924
-3048
3803
8933
10728
2198
-12621
-17688
-14791
-6853
4769
7390
2756
-638
-2572
-213
4299
7211
9787
9791
6767
2983
-2983
-7610
-7688
-6704
-5833
-6789
-9630
-10139
-6882
-1450
3172
5316
6107
6939
5933
3560
1833
-1235
-4981
-6563
1025
14802
14533
905
-8102
-10488
-6399
2871
6708
5992
6097
3699
-468
-4801
-5834
-564
5636
9836
4804
-10583
-19149
-16363
-6842
6269
10751
6073
1631
-1359
343
5533
7918
9403
9210
5852
2383
-3239
-9326
-10229
-7763
-5736
-6067
-7836
-8843
-6884
-473
5185
6679
7396
8015
7427
6321
3423
-2331
-7611
-10564
-4919
10921
16722
6243
-4301
-10037
-9240
-838
5641
8106
9481
6134
-1215
-8409
-10234
-4264
3525
10069
7504
-7740
-18262
-17644
-9343
5686
13570
10167
4762
-567
-1103
3384
5858
7323
7703
4435
194
-5152
-11153
-13047
-10038
-5487
-4628
-6877
-7707
-6457
-1112
5547
7617
7765
8816
8856
7206
3501
-3544
-10325
-13328
-8666
8517
20598
11919
-1956
-9665
-10230
-983
8054
9739
8958
4512
-3098
-9566
-11888
-5757
3647
10387
10173
-3031
-15866
-16508
-9166
5881
17300
14584
7346
138
-3667
154
3924
5452
6388
3113
-1497
-5836
-11844
-13715
-9554
-4720
-2899
-4130
-5414
-5148
-1282
4869
7661
7637
8122
8283
5776
944
-5666
-11925
-13855
-9810
5100
20668
16152
759
-7693
-9122
-2511
6576
7879
5828
2947
-2976
-8585
-11198
-7191
1331
8328
11526
3234
-11075
-14731
-8680
3836
16327
15753
7572
86
-4690
-2552
847
1536
2619
1229
-1432
-3229
-8121
-11844
-8971
-3390
210
-124
-2298
-3353
-1163
4268
7334
7107
7557
7804
5635
1406
-4740
-11290
-13596
-10639
1529
20264
22856
7637
-4475
-9553
-6992
2385
6628
5329
3658
-1236
-7695
-12503
-11016
-1307
8147
14496
11502
-4497
-14946
-12622
-2612
12244
17458
9886
48
-8112
-9102
-4518
-1491
1900
3532
854
-1793
-5536
-9831
-8474
-2479
2146
2141
-808
-4118
-4973
-286
4541
5092
5182
5572
4228
669
-4175
-9319
-11460
-8921
-2019
13809
25019
14334
-1948
-9341
-10818
-3550
5276
5806
3827
369
-5908
-10692
-10948
-2880
7774
14565
15925
3056
-13030
-14602
-6844
6522
16544
11160
-592
-9522
-12248
-7201
-1914
1528
4135
3110
1611
-658
-5504
-6530
-2348
2337
3608
583
-3688
-6768
-4894
902
3776
4663
5833
5359
3173
-551
-4956
-7600
-7182
-4559
6117
21933
19906
2370
-8444
-11783
-7744
2878
6098
2849
1231
-2123
-6054
-7183
-2983
5791
11895
15719
10515
-6696
-15610
-12437
-3472
9628
11532
1139
-8189
-12689
-9095
-1846
2024
5357
6037
4019
3020
-855
-5123
-3720
718
3340
1048
-4563
-9375
-9987
-3842
2788
4818
6380
6826
4584
1669
-1684
-4926
-5854
-5111
-2277
9965
20112
10704
-3449
-9315
-10932
-4787
3384
3437
2803
3136
-776
-4806
-5267
83
7549
13099
15028
2558
-15113
-18276
-12129
-397
11232
8665
-1556
-8966
-10459
-4570
1426
5117
7926
6952
5438
3356
-2177
-4988
-2952
-423
-413
-4294
-9231
-11538
-8124
-232
4636
6148
7511
6890
4960
2499
-1460
-5469
-6974
-6736
-2016
12460
19654
7227
-5756
-10666
-10297
-1090
6675
5797
5255
3907
-804
-3883
-3478
1297
6117
9954
9403
-5292
-18886
-17463
-9600
3466
12535
6562
-3550
-9001
-7209
3
4605
7147
8208
6464
5765
2549
-4713
-7710
-5321
-2473
-2723
-6661
-10850
-11470
-5242
3421
7166
8596
8851
6307
3589
358
-3670
-6259
-6816
-7227
-3058
10840
16309
4894
-3716
-6554
-6124
2376
7046
5199
6962
5944
405
-3505
-5596
-2735
2885
8902
8887
-5932
-17526
-15397
-8272
5532
14047
7020
-1631
-5457
-3867
1841
4796
6358
7719
7109
5837
420
-7514
-9243
-5916
-2761
-2281
-5238
-8578
-8026
-1339
5486
7948
9220
8376
6042
3893
-361
-5011
-7538
-7654
-7424
-2957
10805
16096
5979
-1239
-5337
-6484
1643
5681
4934
7271
3631
-3131
-7235
-9534
-4855
2157
7789
6994
-7335
-17386
-14244
-5948
8072
14596
6316
-1946
-6234
-5728
-334
2687
5104
7234
5983
3349
-3444
-11209
-10896
-5340
-814
-45
-3987
-8629
-7977
-814
6070
8801
9583
7542
4612
2449
-1920
-5806
-6976
-6888
-6860
-2828
10854
17816
9115
1397
-4159
-6796
406
4413
3881
6221
2992
-2845
-6062
-9101
-5835
1096
7401
9127
-2788
-13363
-11345
-4969
7138
14445
7307
-762
-5185
-5478
-189
3463
5667
6931
4631
2292
-2432
-8823
-8683
-4224
-475
310
-4004
-8861
-8267
-1630
5713
9538
10001
6914
3761
1748
-2234
-5246
-6046
-6460
-6367
-3711
7560
16880
10987
2175
-3502
-6823
-1688
3674
4881
6978
4383
-1554
-6183
-10660
-7865
597
7756
11070
1257
-11861
-13060
-7656
4039
13687
8710
62
-5013
-6417
-1982
1900
4194
5755
4134
3012
-195
-7012
-9280
-6205
-1979
-397
-3513
-6861
-6679
-1935
4711
7766
7713
6459
4606
2498
-1280
-5075
-7347
-7988
-6775
-5025
3058
15122
13849
4088
-1407
-5381
-3192
3726
5602
5835
4287
-1246
-5950
-9633
-8420
-831
5980
10055
4262
-9529
-13764
-8949
673
12054
11219
1903
-4071
-6496
-3164
2406
4538
5729
5238
3779
1545
-4960
-9398
-6976
-2006
1238
-451
-4872
-6945
-4087
2254
6747
7181
5651
3989
2000
-835
-4066
-6673
-7903
-7623
-6379
-1167
10599
16152
9701
2726
-2802
-4303
725
3587
4315
5043
1529
-3963
-8960
-11012
-5300
3356
9387
7885
-4585
-13705
-11017
-2574
8393
11513
3922
-2211
-4745
-3300
1993
3703
4080
5368
4377
2143
-2911
-8441
-8229
-3439
1207
1163
-3115
-6168
-5507
-805
4913
6831
6282
5512
3279
-468
-4064
-6530
-7156
-5902
-4539
-3183
3028
13378
15603
8844
2674
-2142
-3171
1145
4545
4949
3005
-2118
-7919
-11069
-8915
-1161
6054
8485
2968
-7742
-10579
-4907
2362
8655
8057
2594
-333
-1236
-414
1050
1896
4403
4918
1848
-1240
-5219
-7226
-4259
-654
323
-2002
-5210
-6078
-4049
862
4762
4961
4144
2382
-646
-2886
-4021
-4574
-4305
-4338
-5262
-3978
4129
15284
16511
8778
1463
-4275
-4569
273
3151
3144
786
-4143
-8681
-10353
-6969
596
5836
6688
1933
-6349
-7911
-3754
1253
7105
7810
3921
544
-2565
-2391
354
3060
5721
4459
700
-2143
-4996
-5436
-3101
-1103
-346
-2069
-4918
-5976
-4671
-164
4188
5162
4374
1590
-1790
-2914
-2496
-2488
-3513
-5042
-5753
-2857
6866
17818
16646
6755
-50
-3942
-3504
1162
2606
1370
810
-2512
-7404
-8895
-5951
201
5676
7828
3450
-5480
-7813
-3647
1714
7851
8473
3461
-106
-1992
-1468
1555
3219
3033
1294
-701
-2027
-4150
-5011
-3731
-2494
-2215
-3766
-5979
-6326
-3121
2455
5392
4508
2561
156
-1074
-570
-937
-2234
-3432
-4464
-5260
-3259
4825
14275
16139
10048
2058
-3641
-4887
-1862
1845
3488
2628
-1763
-7453
-9242
-6345
-806
4413
6559
3876
-2719
-5778
-2924
1358
6096
8454
5827
1854
-1271
-2339
-735
748
1768
2015
57
-1951
-3365
-4301
-3361
-1757
-1276
-2780
-5285
-5620
-3049
812
3318
2729
1515
740
-203
139
489
-1305
-3078
-4211
-5906
-5234
971
11450
17759
12599
3080
-3748
-6942
-3318
2414
4056
3195
-469
-5760
-8365
-8166
-4653
1218
5314
6192
1928
-4220
-5064
-1944
3572
8585
7026
2056
-2132
-4332
-3020
-1014
224
813
-379
-844
-572
-2205
-3452
-2848
-2383
-2762
-3787
-4334
-3516
-976
2235
3084
2607
2310
1327
883
636
-500
-1936
-3777
-5724
-6196
-2311
7753
17551
16626
7549
-625
-5340
-4346
632
3155
3030
1301
-3265
-7765
-9297
-6974
-1297
5094
9280
6056
-2397
-5698
-3486
1722
8512
9096
3873
-901
-4050
-3512
-1147
-333
608
756
427
271
-1759
-3521
-3687
-3123
-2562
-3866
-4919
-3905
-1816
1329
2339
1002
1184
1197
671
1571
1430
-824
-3635
-6223
-7313
-4277
4761
16200
20548
13225
1848
-5252
-6607
-2901
1739
2960
1716
-1511
-6447
-9683
-9383
-4794
2624
8269
9212
3565
-3990
-5227
-1551
3651
7954
6282
957
-2708
-4505
-4291
-2657
-1185
-224
230
867
822
-1174
-3188
-3720
-3648
-3328
-3348
-3973
-3542
-1296
1073
1927
2119
1869
1331
2259
2695
1144
-1254
-4211
-6041
-5247
-170
8876
17099
17713
8323
-2790
-7775
-7278
-3121
2073
3893
1766
-2776
-7949
-9898
-7525
-1031
7191
11197
9151
1767
-5973
-6703
-1709
4337
7583
4886
-744
-4774
-5985
-4999
-3645
-1493
1958
3977
3440
941
-3047
-5748
-5185
-3530
-2982
-3302
-3442
-2610
-929
221
354
1382
3333
4540
4658
2968
246
-2157
-3646
-3897
-3569
239
8521
15701
15637
6191
-4682
-8512
-6632
-1443
3647
4237
1619
-2433
-6874
-8135
-5266
1536
9628
12180
7860
-1144
-8759
-7527
-1097
5222
7723
3187
-2415
-5110
-5934
-4025
-1375
1164
3870
4009
2123
-1200
-5892
-7381
-5306
-3444
-2812
-3927
-5244
-4447
-2033
1296
3774
4608
5153
4764
3524
2101
277
-1361
-2742
-3918
-4226
-1973
3885
11132
13199
6209
-2370
-5692
-4973
-714
4017
4670
2715
-246
-4096
-5883
-4027
715
6670
9744
6904
-1014
-7995
-7948
-3163
2397
5780
3481
-1513
-4536
-5406
-4217
-1550
1285
3644
4270
2341
-1665
-5545
-6907
-5817
-3730
-2736
-3404
-3402
-2028
-259
1725
3131
3863
5094
5896
5350
3882
1376
-1603
-4179
-6115
-7058
-4704
2274
10691
14561
9119
-726
-5891
-4999
-504
4206
5576
3780
587
-4043
-7652
-6799
-1570
5834
10150
7737
-823
-10173
-11566
-5385
1787
6013
4173
-1194
-4370
-4874
-3472
-825
1441
3586
4599
2680
-1555
-6614
-9385
-8107
-4412
-904
-290
-1777
-2453
-1511
1157
4207
5999
6997
7209
6026
3880
854
-3238
-6284
-6460
-5758
-4284
712
7563
12209
11106
4039
-1538
-2036
-356
2767
4542
3323
1507
-1493
-5272
-5921
-2868
2100
6042
5326
153
-6625
-9464
-5927
-815
3436
4740
1811
-942
-1895
-1960
-424
1521
2669
2895
1262
-1971
-5540
-7747
-7290
-4782
-1740
-62
13
-260
-437
462
2871
5614
7583
7227
4104
122
-3147
-4404
-4398
-4761
-4771
-4992
-3987
1705
9226
13615
11594
4687
-375
-2514
-2267
1192
4086
4666
3126
-1986
-7077
-7982
-5059
1294
6249
4811
-1112
-8030
-9918
-5299
319
4669
5564
2985
624
-1328
-2694
-2664
-1957
214
2280
1152
-2233
-6423
-8770
-6365
-1729
1658
2575
1313
-245
-253
1695
3526
3839
3622
3130
2208
581
-1925
-3946
-4852
-4653
-3804
-3323
-1032
4530
10770
13572
8658
421
-3176
-2751
526
4616
4942
2497
-1062
-5277
-7145
-5935
-2050
3447
5712
3165
-2657
-8684
-8227
-2389
3176
6709
5490
1220
-1993
-3898
-3573
-1588
561
2762
2361
-477
-2939
-5019
-4860
-1897
838
2177
1796
164
-1345
-1776
-532
1383
3116
4400
4073
2353
231
-2047
-3284
-3195
-2611
-2310
-2901
-1362
3680
8921
11557
8616
2213
-1259
-1642
-235
2785
4072
2734
-221
-4524
-6844
-6004
-2949
1607
2967
308
-3751
-8104
-7843
-2929
1503
4815
4980
1548
-1385
-3004
-2923
-1207
96
1329
1771
528
-843
-2747
-4058
-2975
-1047
464
490
-907
-2030
-1779
111
2580
4380
4830
3747
1800
55
-1363
-2460
-2887
-3055
-2865
-2926
-1809
3052
9337
13627
12191
5597
612
-1152
-743
2015
4199
3949
1377
-3993
-8639
-9178
-6090
12
3912
2592
-1587
-7269
-8522
-3675
1683
5995
6634
2674
-1142
-3652
-4614
-2937
-522
1967
2938
782
-2268
-5408
-6673
-4240
-746
1385
1027
-732
-1919
-2071
-768
1222
2796
3909
3742
1819
-551
-2451
-3288
-2983
-2244
-1600
-2245
-2358
1368
7552
13265
14104
7911
924
-2387
-2513
23
2174
1676
-563
-4101
-7159
-7622
-5459
-643
3780
4252
1449
-3750
-6922
-4116
1018
5192
5938
2448
-1251
-3136
-3150
-1161
578
1352
1707
799
-412
-1696
-2957
-2151
23
1738
1773
-231
-2410
-3261
-2265
71
2185
3291
2932
1334
-10
-317
176
851
928
391
-1159
-3165
-2135
2909
9447
13385
10115
2028
-4276
-6286
-4004
228
2829
2569
-59
-3846
-6433
-6173
-2970
1844
4604
3087
-1971
-7689
-8634
-4429
590
3990
3706
908
-1009
-1936
-1679
-505
589
2185
2840
1859
242
-2200
-3482
-2594
-1162
17
-267
-1926
-3086
-3272
-2198
-63
1671
3092
4087
3898
3286
2073
85
-920
-1317
-2206
-3169
-3734
-1611
4139
10003
11116
5696
-1751
-5494
-4337
173
4481
5243
3145
-438
-4407
-5630
-3780
-524
2960
3591
379
-5255
-9809
-8472
-2783
3122
6267
4521
677
-1895
-2211
-223
1943
3125
3640
2713
730
-1783
-4563
-5098
-3059
-553
766
-587
-3392
-5171
-4373
-907
3106
5966
6741
5392
3389
1606
286
-338
-525
-1002
-2178
-3922
-4763
-2366
3361
9092
9749
4241
-1933
-4393
-2762
1284
4366
4714
3073
-7
-3342
-4860
-4413
-2331
278
926
-1525
-5874
-8337
-6549
-1733
3467
5464
3756
1362
-112
-218
961
2035
2472
2256
1284
58
-1864
-3875
-4341
-3158
-1210
-1024
-3144
-4803
-4524
-1946
2046
5150
6297
5952
4847
3569
2435
1458
836
168
-1446
-3886
-6751
-7919
-4166
3231
9545
9895
3828
-2102
-3126
-44
4591
7508
7505
5221
609
-4628
-7875
-8143
-4430
502
1521
-1654
-6870
-9571
-6314
-279
4961
6838
4633
1875
291
-123
658
1321
1910
2444
1516
-559
-3184
-5707
-6013
-4162
-2276
-1669
-2355
-2921
-1814
920
3800
5712
6605
6778
6163
4366
1987
-360
-2194
-3061
-4464
-6901
-9347
-10302
-6693
964
8367
11742
8997
3973
2145
2864
4525
6234
5656
2948
-1009
-5886
-9508
-10074
-6967
-2110
591
-188
-4071
-7679
-6337
-1474
3868
7317
6711
4393
2632
1414
1055
801
571
1003
1235
348
-2012
-4881
-5912
-4479
-1773
556
970
332
97
963
3170
5134
5963
5905
4244
1606
-894
-3154
-4395
-4684
-5172
-6570
-8451
-9115
-5986
1561
10112
15289
13836
6959
1100
-558
990
3848
4785
2685
-1090
-5737
-9482
-10239
-7492
-1949
2422
2306
-1624
-7111
-8859
-4533
2095
7576
8831
6133
2972
500
-680
-812
-862
-32
1234
1207
-562
-3763
-6028
-5154
-2009
1563
3083
2162
751
-33
938
2791
4091
4956
4663
2742
-207
-2790
-4027
-4173
-3703
-3818
-5218
-6334
-5673
-2252
4341
11353
14674
11995
5140
-291
-1809
-179
2856
3572
1334
-2367
-6821
-9274
-8692
-5947
-1701
865
181
-2788
-6212
-5918
-1301
4453
8551
8311
5023
1866
-487
-1231
-856
-469
602
1179
-46
-2456
-5396
-6319
-3710
151
2887
2854
491
-1671
-2005
46
2903
4692
5234
3922
959
-2165
-4094
-4190
-3218
-2194
-2455
-4148
-5351
-4811
-1048
5703
11829
14193
10508
3041
-1806
-2562
-482
2765
3126
436
-2921
-6674
-8593
-7786
-5490
-1635
1146
1205
-797
-4038
-4062
-200
4246
7852
7901
5031
2171
-455
-1610
-1487
-1082
239
1201
594
-1232
-3602
-4546
-3057
-503
1267
958
-487
-1416
-1249
200
1861
2936
3509
3025
1655
11
-1468
-2040
-1882
-1671
-1997
-3086
-3953
-3813
-1790
2862
7675
10313
9427
4285
-380
-1369
-486
1554
2668
1314
-876
-3935
-7252
-8561
-7609
-4162
22
1601
525
-2465
-4079
-1312
2983
6754
8330
6417
3703
1144
-882
-1232
-730
217
772
-318
-2656
-5097
-6054
-4791
-2504
-413
319
-376
-740
-494
268
1746
2912
3799
3806
2323
498
-1326
-2134
-1608
-1250
-1407
-2657
-4481
-5315
-4578
-683
5299
10236
12711
10201
4193
228
-983
14
2226
2292
248
-2942
-7257
-9797
-9438
-6588
-1535
1801
1901
172
-2417
-1889
2053
6053
8754
7855
4313
993
-1834
-3168
-3378
-2947
-1255
-96
-386
-1925
-4154
-4608
-2854
-283
1916
1987
697
-232
-877
-366
997
2227
3559
3729
2281
82
-2034
-2707
-2232
-1660
-1738
-3249
-4864
-5513
-4568
-190
5662
10002
11385
7501
1655
-1049
-1200
597
2574
1764
-683
-3977
-7508
-8593
-7396
-4217
441
3019
2793
562
-2359
-2028
1197
4957
7739
6911
3821
528
-2176
-2487
-1384
121
1686
1542
159
-1760
-3824
-4003
-2483
-652
731
411
-522
-726
-385
1082
2612
3401
4001
3487
2008
563
-717
-1072
-908
-1622
-3231
-5327
-6791
-6537
-4735
-778
4585
8749
10334
8157
3814
1267
938
1739
2438
1257
-1246
-4071
-6710
-7944
-7711
-5950
-2435
384
1080
395
-1093
-708
2083
5022
7109
6500
3824
1281
-972
-2048
-2309
-2359
-1614
-1011
-1246
-2205
-3812
-4740
-4030
-2172
-157
817
884
1031
1076
1420
2111
2480
3054
3277
2548
1371
-370
-2166
-3314
-4199
-4954
-5458
-5635
-4982
-3385
-446
3960
8177
10891
10934
7813
4073
1659
298
20
-96
-1132
-2729
-5026
-7213
-7661
-6075
-2386
1417
2859
2538
1226
776
2642
4730
5983
5832
3772
1570
-287
-1632
-2048
-2367
-2314
-1839
-1851
-2399
-3387
-4189
-3691
-1892
123
1222
1302
1116
1237
1687
2047
2156
2517
3021
2738
1368
-1037
-3501
-4743
-4975
-4852
-4965
-5288
-4995
-3769
-1410
2409
6770
10408
11961
9874
5413
1493
-824
-1229
-513
-762
-2471
-4955
-7187
-7543
-5733
-2579
743
2724
3031
2317
1506
1929
3453
4778
5230
4145
1831
-630
-2604
-3569
-3684
-3163
-2299
-1840
-2002
-2657
-3278
-2937
-1511
255
1513
1851
1531
1317
1712
2578
3326
3684
3411
2095
52
-2199
-4182
-5091
-4927
-4627
-4562
-4521
-4183
-2977
-928
1700
5220
8807
11081
10968
7460
2455
-1105
-2771
-2303
-1024
-1288
-2690
-4644
-6412
-6321
-4488
-1417
2088
4203
4488
3153
1226
708
1528
2854
3917
3265
1223
-1174
-3403
-4363
-4069
-3053
-1637
-822
-880
-1505
-2129
-1922
-867
621
1987
2704
2789
2446
1670
931
573
405
429
163
-802
-2186
-3499
-4109
-3948
-3571
-3163
-2642
-1963
-1034
108
1863
4832
8269
10694
10320
6493
1709
-1428
-2329
-1391
-508
-1228
-2892
-4665
-5650
-4986
-2974
-78
2656
3767
3008
1129
-222
237
1882
3319
3101
1116
-1224
-3069
-3730
-3324
-2608
-1382
-117
327
-3
-1054
-1945
-1663
-431
1063
1806
1362
582
16
-123
428
914
912
744
64
-1029
-2069
-2750
-2589
-2013
-1670
-1477
-1449
-1261
-415
897
2851
5628
8297
9832
9211
5767
1321
-1724
-2897
-2409
-1456
-1560
-2525
-3752
-4720
-4599
-3354
-1237
1112
2367
2066
434
-1522
-2051
-915
969
2379
2167
763
-952
-2233
-2620
-2325
-1429
-486
-100
-404
-1556
-2795
-3112
-2189
-233
1468
1972
1548
494
-186
139
642
1203
1655
1307
360
-1097
-2503
-2920
-2483
-1512
-467
-3
-3
-191
-62
1352
4329
7807
9977
9270
5416
459
-2831
-3508
-2186
-339
373
-270
-1771
-3552
-4493
-3944
-1899
846
2588
2494
886
-961
-1436
-364
1418
2791
2799
1716
100
-1496
-2444
-2640
-1975
-863
-113
-199
-1448
-3021
-3622
-2849
-810
1164
1873
1518
374
-732
-795
-122
812
1671
1586
525
-804
-1907
-2090
-1387
-635
-209
-425
-1200
-1704
-1473
215
3766
7373
9210
8405
4585
-30
-2626
-2924
-1572
169
403
-817
-2638
-4459
-4928
-3704
-1314
1315
2565
1911
135
-1502
-1538
288
2662
4025
3765
2159
-33
-1681
-2381
-2322
-1462
-426
23
-373
-1659
-2865
-3092
-2200
-466
986
1407
1019
124
-577
-465
272
1398
2315
2141
920
-736
-2085
-2377
-1722
-819
-210
-274
-1032
-1844
-2072
-1059
1783
5285
7677
7888
5103
607
-2768
-3869
-2783
-464
1005
764
-823
-3129
-4582
-4268
-2359
393
2280
2364
1003
-851
-1575
-518
1428
3026
3496
2521
688
-929
-1815
-1910
-1132
-69
497
232
-1002
-2364
-2887
-2265
-652
831
1323
1040
233
-395
-139
742
1843
2716
2519
1293
-310
-1740
-2252
-1676
-678
-34
-293
-1505
-2784
-3097
-1861
1325
5186
7518
7530
4942
767
-2058
-2487
-1242
940
1989
1067
-804
-3129
-4538
-4006
-2262
-125
1250
835
-723
-2181
-2465
-988
1309
2944
3347
2456
711
-781
-1522
-1537
-703
341
728
171
-1467
-3112
-3536
-2682
-761
1080
1510
923
-161
-1037
-631
617
1967
3041
3082
1879
210
-1247
-1913
-1430
-562
-208
-589
-1855
-3245
-3482
-2116
1103
5131
7635
7896
5826
1967
-989
-1702
-529
1749
3049
2046
-611
-3903
-6131
-6061
-4216
-1549
469
732
-222
-1513
-1945
-746
1470
3684
4818
4263
2241
-86
-1612
-2092
-1624
-803
-497
-1016
-2251
-3537
-3981
-3411
-1936
-126
980
1257
900
326
448
1303
2338
3104
3003
1968
540
-795
-1646
-1785
-1506
-1290
-1499
-2300
-3269
-3537
-2537
62
3633
6312
7152
6261
3740
1174
112
107
855
1518
775
-914
-2936
-4857
-5298
-4169
-2250
-162
794
362
-523
-1036
-240
1735
3647
4543
4010
2223
282
-877
-1265
-1070
-622
-409
-700
-1605
-2652
-3107
-2714
-1697
-441
322
331
375
654
1203
2081
2514
2425
2203
1464
397
-659
-1672
-2093
-1999
-2092
-2517
-3321
-4099
-3999
-2762
-477
2621
5171
6277
6308
5085
2991
1544
1068
1200
1564
1075
-562
-2584
-4442
-5305
-4576
-2952
-1192
93
403
161
-51
217
1375
2829
3790
3871
2751
928
-715
-1694
-1916
-1654
-1379
-1459
-1931
-2562
-2815
-2383
-1445
-150
1016
1550
1634
1383
992
1029
1444
1818
2064
1757
699
-495
-1575
-2227
-2147
-1907
-1859
-1939
-2207
-2294
-1827
-608
1509
3875
5374
5775
5271
3893
2222
971
362
263
174
-503
-1714
-3104
-4268
-4594
-3903
-2614
-1266
-308
-18
-132
-278
-74
720
1732
2427
2433
1643
480
-550
-1251
-1584
-1673
-1682
-1710
-1839
-1916
-1932
-1896
-1526
-844
67
1044
1784
2168
2271
2318
2436
2498
2355
1809
882
-31
-762
-1186
-1293
-1522
-1897
-2266
-2597
-2453
-1519
243
2558
4550
5496
5481
4662
3275
2069
1436
1214
1036
288
-1129
-2812
-4281
-4888
-4332
-3031
-1568
-495
-105
-148
-223
69
884
1875
2567
2526
1640
300
-981
-1730
-1824
-1606
-1422
-1524
-1946
-2383
-2582
-2366
-1717
-743
316
1092
1379
1346
1249
1339
1727
2097
2086
1617
693
-431
-1436
-2215
-2627
-2703
-2577
-2279
-1908
-1532
-868
413
2293
4247
5497
5778
5378
4559
3519
2571
1761
865
-183
-1382
-2620
-3665
-4273
-4173
-3365
-2158
-1007
-173
315
556
769
1082
1503
1863
1958
1681
989
-7
-1000
-1751
-2117
-2067
-1892
-1810
-1865
-1983
-1929
-1583
-1000
-207
590
1206
1570
1669
1664
1696
1706
1552
1106
383
-444
-1207
-1781
-2121
-2287
-2370
-2329
-2110
-1678
-984
89
1625
3346
4745
5376
5243
4684
3801
2753
1781
954
140
-756
-1727
-2733
-3501
-3773
-3424
-2557
-1531
-705
-124
295
593
837
968
1070
1140
1018
730
177
-556
-1216
-1595
-1640
-1495
-1220
-960
-782
-658
-533
-402
-224
50
277
387
349
185
68
86
167
194
87
-135
-417
-682
-824
-862
-846
-722
-580
-465
-304
12
650
1681
2730
3331
3382
3067
2631
2083
1465
844
209
-468
-1190
-1847
-2369
-2670
-2602
-2107
-1299
-540
-50
239
470
767
1112
1282
1260
1120
823
442
54
-366
-654
-708
-600
-331
-110
-122
-237
-330
-289
-136
10
110
63
-72
-246
-361
-304
-168
-53
-83
-289
-546
-752
-833
-763
-599
-465
-374
-308
-270
-141
164
741
1532
2264
2643
2538
2140
1624
1041
558
267
72
-175
-574
-1163
-1751
-2071
-1973
-1464
-822
-312
-60
-66
-182
-260
-252
-200
-75
125
286
285
119
-130
-306
-264
-103
77
226
227
143
3
-182
-344
-446
-443
-391
-350
-313
-270
-200
-101
20
82
52
4
-42
-37
-13
-36
-119
-295
-521
-697
-695
-443
145
898
1487
1690
1508
1249
1133
1129
1202
1278
1142
706
84
-570
-1056
-1284
-1176
-823
-497
-363
-455
-674
-800
-754
-565
-193
214
502
620
545
397
340
435
627
791
788
625
352
88
-71
-254
-440
-594
-728
-793
-770
-643
-441
-195
23
133
95
-1
-18
67
201
261
138
-138
-501
-823
-925
-725
-280
302
864
1203
1223
1073
979
1010
1069
1125
1087
773
239
-410
-1017
-1376
-1462
-1306
-983
-779
-776
-847
-974
-988
-780
-474
-89
323
585
661
519
278
171
232
417
679
830
761
533
231
-56
-223
-338
-399
-387
-402
-389
-351
-321
-285
-220
-127
-14
68
138
228
246
214
103
-170
-453
-592
-534
-261
170
605
926
1051
1024
969
936
954
984
996
907
600
57
-596
-1100
-1328
-1256
-995
-762
-684
-759
-939
-1104
-1054
-797
-394
102
483
613
446
173
60
138
344
567
644
550
300
-28
-270
-421
-487
-452
-394
-394
-406
-408
-359
-216
-17
223
403
489
547
572
564
492
372
239
49
-127
-232
-224
-44
234
489
682
746
755
762
769
828
885
806
564
202
-258
-671
-964
-1102
-1049
-920
-828
-816
-874
-882
-748
-443
-47
316
553
622
571
445
312
267
306
359
396
357
168
-120
-412
-629
-672
-595
-499
-400
-317
-289
-261
-184
-57
134
348
514
584
533
404
201
-4
-165
-304
-357
-356
-303
-167
-9
116
232
398
656
899
1024
1019
830
525
226
-45
-268
-432
-552
-630
-655
-697
-758
-772
-647
-436
-207
20
175
256
274
248
217
204
191
174
121
27
-100
-250
-328
-330
-329
-361
-429
-482
-496
-433
-310
-157
2
110
147
140
118
132
160
172
125
-14
-166
-276
-327
-281
-169
3
235
431
554
636
693
792
910
969
956
825
544
195
-127
-361
-474
-530
-520
-482
-493
-568
-610
-505
-302
-19
256
432
479
402
275
202
179
204
224
169
61
-99
-256
-299
-258
-187
-112
-97
-132
-151
-173
-141
-56
42
137
146
51
-74
-190
-229
-173
-104
-57
-88
-175
-248
-267
-206
-70
139
368
552
668
690
661
610
566
493
389
235
39
-174
-396
-580
-692
-733
-702
-627
-552
-467
-327
-156
8
135
215
268
298
294
245
188
103
3
-64
-139
-218
-258
-245
-176
-79
17
69
76
53
53
85
149
230
249
205
96
-61
-175
-215
-207
-171
-152
-152
-174
-250
-309
-289
-168
19
208
379
472
469
436
409
377
338
279
213
120
-40
-227
-374
-460
-489
-453
-354
-239
-130
-39
14
48
100
172
257
320
291
211
71
-110
-237
-326
-381
-371
-308
-218
-136
-83
-36
25
94
172
252
307
316
295
244
163
86
28
6
3
9
-34
-127
-204
-238
-236
-201
-123
-23
59
143
202
256
331
399
474
536
518
419
265
125
-5
-96
-155
-209
-250
-318
-361
-362
-309
-175
-38
47
93
128
131
107
86
53
25
-20
-104
-186
-261
-301
-273
-223
-174
-128
-116
-125
-128
-133
-109
-53
21
89
129
128
113
105
96
109
112
80
17
-86
-167
-210
-214
-191
-150
-99
-48
-8
37
86
154
268
367
389
341
267
214
183
138
83
20
-53
-120
-181
-244
-279
-236
-143
-52
17
35
43
65
112
160
200
200
152
72
-30
-121
-187
-186
-168
-158
-169
-223
-265
-260
-199
-88
46
155
236
272
255
225
202
192
188
169
96
5
-121
-241
-333
-382
-364
-315
-245
-201
-161
-112
-44
68
178
271
357
397
354
280
194
124
64
13
-43
-123
-192
-263
-293
-253
-177
-83
-10
37
38
59
100
135
183
185
144
72
-5
-46
-59
-48
-46
-60
-99
-156
-177
-165
-121
-48
20
71
90
95
115
157
213
255
272
245
153
34
-76
-148
-164
-144
-136
-139
-150
-158
-141
-88
-2
110
207
243
253
242
240
224
185
164
117
15
-113
-232
-318
-320
-271
-214
-129
-50
-10
22
86
176
260
308
301
233
129
16
-79
-134
-172
-201
-220
-246
-294
-324
-333
-301
-213
-101
19
94
129
167
213
266
307
322
291
230
122
-12
-137
-240
-300
-340
-366
-370
-360
-312
-230
-119
34
168
269
345
389
391
348
270
195
115
34
-63
-178
-253
-287
-278
-238
-195
-136
-62
11
79
157
240
279
298
281
225
132
39
-33
-72
-91
-133
-201
-278
-313
-292
-246
-192
-134
-77
-20
22
78
151
223
280
319
306
230
127
33
-40
-93
-131
-167
-193
-210
-224
-194
-131
-51
37
115
186
234
245
232
210
194
179
143
77
-9
-102
-192
-234
-239
-202
-132
-51
30
98
160
211
231
239
263
265
242
177
46
-61
-130
-161
-188
-238
-280
-302
-295
-293
-257
-183
-94
-16
55
122
184
257
309
354
352
294
206
103
8
-99
-184
-228
-252
-265
-270
-270
-280
-247
-164
-61
50
143
211
238
235
209
173
124
39
-56
-137
-199
-250
-252
-228
-183
-113
-46
18
74
152
218
274
313
291
262
198
123
21
-58
-110
-151
-172
-225
-285
-326
-328
-289
-214
-111
-28
41
98
143
190
234
265
266
236
174
106
32
-31
-85
-139
-173
-184
-203
-228
-247
-234
-184
-88
13
99
177
199
191
168
143
112
75
29
-31
-68
-114
-128
-104
-88
-61
-15
35
70
112
135
158
189
217
230
214
164
92
45
4
-51
-98
-127
-144
-142
-124
-129
-120
-105
-96
-52
-7
24
46
82
115
154
161
128
85
33
-9
-38
-54
-68
-75
-70
-81
-69
-50
-42
-25
-6
4
25
40
51
52
51
50
27
2
-23
-49
-68
-71
-78
-65
-36
-6
23
60
87
101
107
111
103
96
78
50
33
16
-14
-43
-60
-83
-106
-138
-160
-163
-151
-128
-99
-73
-44
-2
40
47
64
85
100
103
90
62
36
23
19
28
11
-25
-60
-92
-107
-107
-97
-69
-50
-25
-16
-22
-17
9
37
40
23
-7
-53
-87
-102
-99
-82
-46
-3
50
79
82
99
104
110
99
90
80
63
31
-1
-31
-54
-48
-46
-40
-46
-53
-44
-43
-29
-20
-8
11
25
22
11
26
25
62
93
102
102
79
47
28
16
-2
-34
-81
-131
-148
-134
-95
-60
-32
-11
7
36
60
84
86
83
72
66
52
25
12
6
-3
1
15
22
27
48
52
58
66
79
91
87
71
45
35
29
35
43
39
31
7
-17
-26
-49
-76
-92
-101
-114
-107
-89
-83
-70
-54
-26
7
15
29
43
43
42
35
30
26
-8
-38
-57
-84
-106
-102
-83
-57
-42
-33
-23
-21
-19
-4
-6
-7
-4
2
7
-2
-18
-33
-30
-24
-9
1
13
23
31
53
60
71
75
69
76
80
59
27
3
-17
-27
-29
-39
-40
-50
-55
-54
-67
-58
-51
-57
-55
-45
-20
14
35
54
70
77
69
58
32
5
-16
-48
-76
-93
-93
-79
-61
-33
-1
24
49
72
71
62
44
16
-2
-15
-16
-21
-22
-13
-2
-5
-22
-17
-7
15
48
67
80
97
121
115
115
106
82
92
92
73
39
8
-16
-30
-48
-71
-93
-115
-125
-124
-103
-77
-48
-11
23
61
71
85
87
78
63
34
18
-11
-35
-49
-65
-74
-68
-52
-39
-38
-39
-34
-23
-9
10
19
22
11
-7
-12
-22
-43
-38
-35
-35
-27
-19
-11
-3
11
16
33
60
87
105
114
104
78
59
44
30
25
28
21
9
-16
-44
-51
-40
-21
-19
-25
-23
-12
10
22
39
46
50
53
52
35
5
-13
-44
-69
-86
-109
-130
-139
-134
-123
-99
-88
-74
-51
-29
-19
-18
-13
-32
-47
-46
-46
-44
-50
-44
-38
-28
-32
-31
-14
3
23
41
54
67
74
84
102
110
111
106
98
95
74
48
34
19
12
2
-21
-41
-36
-28
-22
-11
-2
30
50
57
58
55
57
52
42
20
-3
-17
-26
-30
-45
-45
-40
-33
-9
-4
1
15
28
40
53
53
44
27
2
-10
-2
3
8
-2
-9
-19
-41
-44
-24
-6
8
29
39
46
45
25
11
1
-7
-7
2
0
-8
-15
-22
