-1
-3
0
13
19
9
7
1
4
4
2
5
1
-3
-7
-14
-31
-35
-42
-60
-62
-62
-63
-61
-57
-63
-69
-65
-60
-55
-46
-40
-28
-20
-19
-13
-12
-13
6
26
32
39
53
66
70
65
60
52
45
37
31
38
47
44
44
41
29
13
-6
-15
-6
5
3
-5
-6
6
16
17
10
1
-10
-12
2
13
15
17
15
15
14
15
22
17
11
14
17
15
16
21
13
-4
-12
-21
-26
-25
-25
-14
-2
4
13
8
-1
-6
-8
5
7
-2
-10
-19
-23
-26
-31
-26
-23
-11
6
6
3
-2
-16
-13
-8
0
8
11
14
8
10
20
20
-2
-13
-15
-17
-15
-12
-11
-11
-8
-5
-6
-15
-21
-29
-27
-7
1
-1
0
9
16
32
45
49
44
28
16
4
-4
-11
-23
-21
-10
-7
-6
-2
1
1
-3
-1
-6
-2
2
-11
-16
-9
1
9
14
14
17
19
21
22
9
1
12
19
26
23
9
6
-3
-12
-19
-17
-8
-6
-1
-5
-12
-19
-35
-54
-64
-60
-44
-31
-22
-20
-12
-10
-19
-24
-20
-5
4
-2
-4
-10
-24
-23
-9
2
15
22
24
27
24
19
11
12
24
19
17
20
12
6
9
13
14
21
24
21
17
25
27
24
28
27
39
33
25
14
1
-5
-12
-17
-15
-6
-4
1
8
10
7
-5
-18
-34
-40
-40
-47
-47
-32
-14
-1
10
10
8
7
3
-3
-5
-9
-14
-24
-29
-27
-33
-35
-27
-23
-18
-10
5
18
25
27
33
40
50
45
31
25
21
24
22
27
36
31
24
28
41
52
57
50
34
26
20
20
26
28
38
36
26
26
26
27
26
20
13
-4
-25
-49
-61
-68
-68
-68
-77
-82
-88
-95
-104
-101
-78
-67
-62
-55
-59
-65
-53
-41
-36
-22
-9
7
11
9
18
16
10
11
15
18
23
27
24
22
14
12
18
15
14
12
13
4
-10
-8
6
13
9
4
-1
0
4
11
16
13
8
17
23
22
21
17
7
8
13
24
36
38
32
23
33
40
44
47
51
46
32
17
14
11
2
2
-6
-6
-6
-2
8
4
1
2
8
0
-8
-17
-30
-40
-35
-21
-11
-10
-15
-9
-5
-9
-12
-18
-38
-48
-49
-46
-28
-13
-8
-14
-21
-20
-15
-8
3
7
20
27
23
18
19
26
24
28
25
12
10
27
36
23
7
-5
-5
-2
2
3
9
10
-6
-13
-10
-7
-12
-20
-22
-16
-12
-15
-22
-33
-40
-24
-24
-40
-38
-29
-20
-5
13
19
26
23
20
21
22
28
37
39
43
42
47
54
48
44
37
29
24
27
25
5
-10
-25
-34
-39
-29
-17
-13
-7
-7
-16
-28
-42
-60
-71
-76
-72
-69
-57
-52
-56
-64
-76
-82
-85
-71
-58
-48
-30
-9
7
20
32
46
64
74
78
90
103
120
146
167
171
164
155
141
126
114
96
73
45
14
-14
-50
-78
-96
-111
-135
-147
-146
-140
-126
-121
-115
-120
-112
-107
-97
-74
-53
-27
-6
25
46
65
83
93
94
86
82
80
70
58
45
26
4
-15
-30
-47
-66
-86
-97
-103
-107
-115
-125
-138
-149
-140
-117
-90
-64
-48
-30
7
64
115
168
224
278
312
321
340
370
389
372
355
336
296
268
232
175
105
38
-29
-90
-143
-199
-252
-285
-320
-366
-395
-410
-427
-435
-427
-405
-354
-307
-268
-220
-167
-124
-67
19
94
158
218
277
323
342
377
420
426
409
382
354
303
222
146
98
51
-16
-76
-141
-212
-289
-353
-392
-416
-457
-491
-492
-490
-488
-473
-437
-395
-350
-292
-219
-123
-8
104
204
283
364
447
536
623
666
675
665
656
621
577
549
516
456
361
279
195
77
-43
-153
-251
-359
-472
-538
-582
-632
-682
-704
-692
-700
-689
-639
-581
-532
-472
-377
-272
-173
-50
78
195
296
397
493
569
630
675
708
732
733
715
690
645
568
445
327
230
137
43
-29
-107
-198
-271
-344
-394
-461
-515
-533
-542
-545
-542
-507
-455
-390
-325
-235
-133
-45
46
162
265
326
388
466
523
532
538
545
516
451
387
343
277
181
103
36
-53
-158
-255
-325
-408
-493
-559
-610
-651
-677
-676
-677
-663
-629
-594
-541
-455
-364
-256
-123
38
219
357
475
598
726
798
843
878
876
838
783
745
696
605
504
397
240
72
-81
-212
-359
-538
-698
-802
-922
-1056
-1150
-1194
-1219
-1231
-1206
-1165
-1097
-991
-847
-658
-435
-213
6
234
471
698
898
1080
1219
1318
1395
1483
1534
1520
1471
1384
1289
1134
979
821
602
396
180
-46
-245
-429
-579
-696
-799
-893
-936
-951
-957
-936
-887
-819
-778
-740
-677
-639
-634
-607
-583
-529
-433
-355
-266
-134
48
191
328
551
783
928
1041
1212
1340
1355
1356
1417
1380
1229
1113
1003
797
517
317
149
-54
-269
-394
-498
-700
-856
-932
-991
-1103
-1186
-1169
-1158
-1180
-1170
-1057
-946
-864
-703
-495
-325
-200
-50
150
319
447
565
705
803
827
908
979
939
841
754
630
388
155
-27
-259
-538
-786
-928
-1117
-1292
-1344
-1352
-1363
-1300
-1074
-875
-711
-460
-111
203
497
876
1239
1457
1585
1766
1885
1857
1760
1668
1478
1207
999
810
558
292
102
-90
-335
-586
-763
-937
-1176
-1418
-1585
-1714
-1932
-2183
-2342
-2386
-2445
-2490
-2340
-2075
-1874
-1600
-1008
-363
109
629
1390
2074
2368
2716
3267
3569
3465
3396
3486
3244
2773
2504
2352
1863
1235
896
558
33
-483
-742
-1027
-1493
-1884
-2104
-2328
-2628
-2784
-2855
-2902
-2944
-2827
-2570
-2270
-1900
-1448
-950
-497
-30
413
778
1015
1180
1296
1212
967
724
572
320
-9
-108
-52
-118
-125
187
594
759
913
1365
1730
1728
1754
2005
2039
1748
1557
1555
1337
862
608
441
92
-285
-373
-354
-550
-652
-598
-541
-604
-696
-677
-750
-842
-914
-966
-1005
-1023
-966
-909
-794
-606
-447
-355
-281
-201
-139
-218
-323
-368
-455
-636
-799
-751
-670
-761
-816
-517
-169
-34
283
909
1412
1524
1742
2233
2400
2224
2276
2439
2136
1610
1352
1091
508
-145
-488
-809
-1354
-1772
-1949
-2111
-2319
-2388
-2373
-2346
-2296
-2137
-1924
-1779
-1604
-1430
-1295
-1224
-1171
-1085
-1006
-832
-610
-429
-227
-73
189
644
955
1147
1485
2128
2491
2496
2835
3335
3379
3003
3032
3217
2712
2035
1871
1777
1199
693
643
411
-150
-468
-457
-743
-1244
-1365
-1416
-1762
-2100
-2046
-1951
-2082
-2111
-1978
-1828
-1668
-1535
-1353
-1162
-978
-842
-840
-739
-633
-627
-687
-691
-522
-554
-495
-234
-53
155
509
1076
1402
1685
2279
2853
2982
2947
3300
3390
2833
2322
2255
1953
1182
669
375
-133
-721
-926
-1006
-1197
-1317
-1271
-1221
-1252
-1099
-1000
-1084
-1124
-1142
-1221
-1298
-1272
-1258
-1344
-1393
-1350
-1441
-1524
-1448
-1338
-1259
-1123
-846
-843
-638
-113
191
310
767
1552
1721
1709
2251
2830
2686
2479
2882
2914
2280
1917
2052
1698
854
472
274
-310
-937
-1114
-1274
-1693
-1908
-1814
-1715
-1719
-1575
-1382
-1183
-986
-886
-813
-587
-431
-755
-1004
-972
-1105
-1464
-1598
-1410
-1424
-1485
-1380
-1344
-1160
-556
-34
98
435
1464
2057
2041
2634
3532
3640
3232
3515
3799
3121
2393
2341
2032
940
296
158
-401
-1213
-1452
-1476
-1914
-2212
-2079
-1905
-1965
-1821
-1493
-1339
-1243
-1045
-836
-884
-942
-1030
-1093
-1156
-1284
-1336
-1297
-1197
-1186
-1059
-813
-635
-315
331
849
1079
1590
2564
2940
2833
3368
4254
4205
3578
3906
4222
3308
2329
2232
1979
754
-7
-96
-621
-1473
-1714
-1622
-2156
-2757
-2725
-2611
-3025
-3224
-2932
-2735
-2783
-2781
-2393
-1926
-1753
-1748
-1527
-1148
-1023
-1195
-1030
-689
-699
-800
-803
-286
116
229
552
1158
1978
2309
2626
3371
4021
4088
4085
4490
4555
3979
3411
3155
2463
1426
822
317
-553
-1505
-1877
-2265
-2956
-3202
-3037
-2940
-3023
-2734
-2315
-2178
-1991
-1681
-1511
-1372
-1135
-953
-894
-825
-669
-878
-1047
-879
-662
-543
-612
-171
381
618
897
1443
2220
2563
2641
3065
3678
3737
3348
3413
3594
3006
2297
2159
1853
1019
368
59
-455
-1241
-1657
-1835
-2351
-2761
-2744
-2770
-3074
-3061
-2752
-2790
-2899
-2714
-2500
-2473
-2360
-2007
-1725
-1729
-1527
-1163
-1088
-1032
-759
-430
-415
-4
841
1212
1250
1853
2962
3278
3174
3739
4544
4481
4058
4344
4485
3832
3093
2910
2432
1345
616
273
-309
-1246
-1688
-1853
-2269
-2653
-2755
-2717
-2841
-2791
-2548
-2511
-2517
-2193
-1950
-2099
-2258
-2093
-1823
-1855
-1743
-1474
-1226
-969
-702
-478
-133
737
1425
1590
1949
3060
3792
3700
4046
4928
5181
4544
4496
4777
4133
3099
2799
2715
1568
531
230
-251
-1346
-2093
-2125
-2595
-3358
-3571
-3426
-3803
-4247
-4035
-3719
-3883
-4176
-3755
-3202
-3186
-3237
-2721
-2080
-2125
-2337
-1849
-1101
-965
-973
-542
428
1085
1265
1670
2537
3475
3598
3761
4534
5157
4957
4572
4778
4622
3702
3023
2895
2103
1015
691
361
-666
-1621
-1668
-1820
-2518
-2747
-2311
-2125
-2474
-2446
-2047
-1933
-2308
-2416
-2051
-1952
-2327
-2561
-2190
-2005
-2362
-2401
-1777
-1333
-1492
-1334
-327
502
726
1195
2272
3216
3439
3823
4658
5077
4909
4929
5271
4812
3819
3354
3035
2029
930
537
83
-882
-1637
-1753
-2153
-2849
-3011
-2788
-2883
-3216
-3008
-2727
-2696
-2792
-2707
-2458
-2433
-2484
-2458
-2241
-2127
-2246
-2133
-1703
-1468
-1454
-1285
-555
129
381
961
1917
2775
2953
3368
4308
4776
4658
4651
5067
4781
3958
3518
3278
2388
1164
586
-9
-1057
-1858
-1969
-2347
-3093
-3311
-3080
-3171
-3487
-3205
-2787
-2691
-2799
-2482
-1958
-1886
-1935
-1830
-1453
-1333
-1438
-1141
-598
-305
-357
-18
973
1508
1450
2045
3271
3866
3659
4231
5313
5288
4717
4962
5411
4557
3501
3464
3129
1599
465
287
-432
-1727
-2324
-2358
-2959
-3557
-3356
-3113
-3506
-3801
-3385
-3084
-3236
-3298
-2876
-2598
-2675
-2684
-2529
-2268
-2298
-2381
-2037
-1601
-1566
-1585
-892
64
283
328
1181
2493
2988
2994
3849
4657
4412
4027
4473
4678
3703
2977
3089
2651
1219
402
299
-563
-1909
-2344
-2316
-3082
-3709
-3465
-3167
-3483
-3559
-2879
-2427
-2540
-2449
-1802
-1498
-1521
-1302
-743
-336
-464
-478
-40
409
268
143
926
1651
1481
1432
2366
3168
2874
2933
4013
4439
3777
3825
4668
4397
3224
2949
3087
2091
788
505
363
-758
-1739
-1775
-2017
-2882
-3371
-3157
-3269
-3648
-3592
-3197
-3055
-3237
-3005
-2535
-2392
-2498
-2245
-1640
-1329
-1349
-1072
-392
26
-25
344
1420
1890
1771
2323
3512
3775
3262
3773
4703
4536
3706
3864
4182
3218
2210
2228
2083
805
-48
18
-354
-1400
-1856
-1674
-1998
-2640
-2732
-2593
-3055
-3452
-3261
-3063
-3367
-3645
-3288
-2868
-2967
-3257
-2912
-2331
-2331
-2500
-1962
-1114
-931
-783
252
1256
1296
1491
2676
3577
3318
3523
4748
5197
4452
4305
4995
4586
3243
2774
3017
2177
890
481
278
-619
-1668
-1857
-2065
-2710
-3091
-2973
-3076
-3530
-3599
-3395
-3392
-3681
-3608
-3153
-2815
-2881
-2773
-2181
-1834
-1784
-1458
-607
-186
-70
859
2022
2342
2365
3297
4349
4338
4224
4914
5346
4872
4538
4774
4423
3400
2766
2386
1505
524
35
-484
-1274
-1862
-2121
-2586
-3085
-3168
-3112
-3301
-3513
-3320
-3092
-3122
-3294
-3193
-2934
-2810
-2771
-2582
-2114
-1724
-1548
-1368
-792
-262
-72
456
1351
1948
2179
2860
3892
4242
4148
4640
5290
5065
4521
4665
4578
3491
2445
2081
1610
424
-543
-882
-1228
-1902
-2442
-2647
-2760
-2874
-3055
-3144
-3146
-3085
-3022
-2874
-2779
-2784
-2716
-2425
-2294
-2410
-2199
-1761
-1496
-1464
-1070
-508
-316
22
828
1507
1651
2121
3221
3795
3733
4203
5027
4954
4286
4328
4532
3756
2785
2544
2263
1186
250
-113
-667
-1480
-1911
-2129
-2578
-2851
-2832
-2997
-3402
-3496
-3256
-3318
-3583
-3509
-3189
-3090
-3119
-3002
-2550
-2084
-1917
-1721
-1180
-529
-386
-121
763
1550
1769
2068
2967
3625
3659
3960
4643
4683
4210
4273
4419
3698
2761
2522
2262
1240
319
-106
-450
-1112
-1718
-1883
-2089
-2317
-2432
-2442
-2485
-2499
-2382
-2336
-2404
-2534
-2474
-2319
-2214
-2246
-2116
-1726
-1568
-1565
-1397
-1048
-936
-893
-410
236
614
891
1754
2688
2976
3360
4194
4708
4357
4099
4347
4064
3039
2281
2110
1399
276
-405
-669
-1153
-1721
-1867
-2065
-2301
-2354
-2234
-2491
-2836
-2755
-2554
-2670
-2885
-2630
-2363
-2284
-2173
-1717
-1279
-1085
-865
-406
216
511
658
1217
2004
2334
2352
2875
3791
4048
3978
4409
4789
4339
3849
4011
3769
2778
2000
1813
1074
-102
-733
-940
-1419
-2096
-2348
-2725
-3139
-3255
-3222
-3484
-3771
-3556
-3528
-3751
-3777
-3292
-2902
-2729
-2474
-2006
-1378
-960
-476
28
598
895
1004
1520
2196
2497
2437
2974
3697
3626
3450
3827
4297
3916
3334
3415
3177
2306
1579
1301
624
-409
-979
-1393
-2015
-2694
-2975
-3201
-3420
-3522
-3562
-3570
-3581
-3370
-3358
-3307
-3166
-2939
-2779
-2638
-2293
-2022
-1672
-1304
-928
-604
-90
383
520
838
1514
2200
2439
2797
3617
4214
4376
4716
5278
5303
4865
4695
4500
3645
2642
2106
1498
362
-531
-968
-1331
-1917
-2311
-2327
-2529
-2779
-2910
-3007
-3292
-3457
-3407
-3394
-3546
-3574
-3137
-2799
-2636
-2372
-1772
-1133
-940
-733
-124
589
823
968
1744
2540
2762
2818
3653
4537
4549
4589
5150
5405
4739
4359
4536
3990
2631
1824
1689
697
-679
-1307
-1409
-1981
-2871
-3004
-2949
-3151
-3461
-3387
-3306
-3535
-3639
-3595
-3404
-3481
-3295
-2942
-2576
-2330
-1925
-1156
-761
-559
-231
415
678
662
1165
1870
2156
2162
2864
3805
3883
3850
4510
5054
4533
4005
4252
3954
2689
1673
1595
981
-405
-1295
-1597
-2029
-2871
-3168
-3203
-3424
-3643
-3635
-3580
-3753
-3700
-3659
-3671
-3773
-3642
-3349
-3136
-2866
-2506
-1949
-1509
-1131
-689
-72
636
938
1358
2012
2601
2870
3324
4293
4724
4816
5183
5775
5660
4997
5030
4943
3921
2751
2318
1918
610
-550
-1091
-1543
-2350
-2960
-3171
-3417
-3751
-3901
-3797
-3921
-3852
-3785
-3734
-3705
-3556
-3273
-3137
-2888
-2522
-1979
-1528
-1179
-735
-164
404
618
982
1705
2269
2483
2888
3813
4322
4323
4678
5389
5391
4797
4745
4742
3934
2765
2140
1717
650
-418
-1022
-1456
-2107
-2612
-2834
-3065
-3205
-3260
-3313
-3494
-3466
-3325
-3351
-3432
-3329
-3060
-2897
-2741
-2461
-1953
-1447
-1057
-765
-411
62
346
688
1331
1997
2406
2725
3522
4209
4285
4513
5006
5111
4521
4312
4400
3845
2775
1996
1584
720
-233
-914
-1390
-1917
-2381
-2644
-2845
-2878
-2898
-3073
-3321
-3246
-3159
-3324
-3470
-3244
-2896
-2925
-2843
-2475
-2023
-1767
-1460
-976
-600
-268
-14
389
999
1575
1988
2394
3149
3942
4285
4587
5115
5440
5090
4631
4513
4025
3026
2081
1581
767
-296
-1116
-1632
-2151
-2790
-3102
-3341
-3600
-3802
-3817
-3823
-3806
-3717
-3689
-3738
-3771
-3545
-3302
-3083
-2892
-2583
-2113
-1642
-1225
-821
-181
370
632
1164
1989
2616
2860
3374
4238
4595
4655
4975
5369
5086
4599
4641
4368
3453
2419
1868
1206
46
-823
-1265
-1578
-2087
-2516
-2692
-2785
-2844
-2927
-3003
-2975
-2892
-2935
-3049
-3056
-2798
-2669
-2573
-2308
-1844
-1310
-1005
-769
-438
63
535
711
1097
1753
2256
2508
2945
3902
4440
4522
4923
5552
5580
5039
4819
4556
3607
2381
1597
935
-207
-1306
-2043
-2507
-3026
-3457
-3685
-3738
-3642
-3730
-3824
-3830
-3582
-3662
-3826
-3690
-3407
-3201
-3113
-2747
-2399
-1973
-1504
-1009
-617
-164
480
775
1038
1563
2243
2561
2870
3752
4379
4501
4833
5578
5698
5101
4915
5001
4366
3196
2402
1772
726
-393
-1130
-1683
-2323
-2900
-3404
-3729
-3805
-3865
-4150
-4370
-4118
-3960
-4053
-3955
-3585
-3259
-3011
-2493
-1995
-1685
-1234
-613
-245
-29
493
853
1015
1372
1959
2299
2479
3184
3855
4033
4210
4761
4952
4428
4144
4135
3605
2520
1622
1037
161
-814
-1525
-2039
-2517
-2907
-3211
-3359
-3285
-3286
-3431
-3596
-3412
-3281
-3472
-3577
-3388
-3095
-3006
-2722
-2245
-1782
-1270
-711
-64
473
1086
1543
1861
2382
3033
3421
3582
4256
4916
4949
4853
5283
5617
5104
4668
4719
4351
3253
2276
1782
1024
-10
-840
-1332
-1794
-2307
-2771
-3142
-3300
-3465
-3775
-4101
-4129
-4136
-4364
-4546
-4429
-4140
-4083
-3817
-3281
-2777
-2234
-1664
-1050
-650
-155
338
740
1281
1902
2518
2927
3633
4449
4827
4970
5420
5839
5441
4839
4584
4129
3000
1756
1050
327
-618
-1444
-1971
-2329
-2704
-2995
-3242
-3277
-3181
-3223
-3398
-3407
-3378
-3522
-3559
-3406
-3217
-3148
-2915
-2519
-2246
-1976
-1485
-927
-564
-31
653
1089
1499
2169
2860
3207
3690
4574
5070
5189
5603
6146
6052
5522
5314
5003
4056
2885
2165
1437
322
-747
-1512
-2069
-2815
-3529
-4010
-4239
-4341
-4576
-4714
-4659
-4464
-4465
-4401
-4081
-3762
-3541
-3247
-2749
-2353
-1946
-1475
-939
-557
-159
382
705
1055
1618
2243
2681
3135
3952
4472
4608
4942
5389
5324
4863
4752
4612
3889
2898
2299
1694
638
-368
-1070
-1677
-2407
-3068
-3570
-3941
-4159
-4309
-4475
-4513
-4349
-4183
-4103
-3975
-3629
-3257
-2985
-2584
-2071
-1510
-996
-466
85
570
1038
1476
2014
2580
3124
3549
4027
4660
4986
5083
5259
5490
5391
4983
4751
4433
3746
2882
2096
1358
543
-228
-928
-1576
-2099
-2560
-3096
-3429
-3509
-3682
-4064
-4265
-4041
-4000
-4185
-4130
-3749
-3454
-3356
-2991
-2438
-2046
-1796
-1397
-864
-437
16
486
1029
1592
2157
2709
3233
3900
4395
4630
4888
5241
5250
4850
4605
4384
3792
2930
2233
1674
899
48
-790
-1460
-1976
-2429
-2868
-3247
-3383
-3552
-3902
-4150
-4105
-4136
-4350
-4418
-4300
-4226
-4185
-3906
-3448
-3010
-2582
-1951
-1243
-656
-79
529
1165
1778
2373
2924
3440
4144
4759
4985
5277
5739
5851
5436
5104
4905
4283
3292
2390
1659
698
-315
-1134
-1793
-2366
-2797
-3158
-3484
-3538
-3499
-3640
-3849
-3700
-3476
-3582
-3716
-3540
-3253
-3157
-2993
-2586
-2128
-1800
-1410
-836
-299
224
743
1327
2026
2720
3306
3826
4468
5131
5483
5625
5968
6193
5839
5374
5106
4603
3660
2697
1971
1061
21
-838
-1528
-2224
-2824
-3220
-3613
-3830
-3900
-4024
-4256
-4307
-4124
-4125
-4228
-4108
-3810
-3719
-3665
-3318
-2852
-2490
-2158
-1624
-1108
-669
-213
330
974
1604
2199
2740
3413
4164
4662
5006
5398
5702
5552
5229
5038
4659
3903
2987
2228
1381
449
-431
-1255
-2032
-2696
-3158
-3623
-3963
-4165
-4322
-4518
-4553
-4361
-4241
-4169
-3955
-3562
-3268
-2969
-2516
-2063
-1713
-1298
-755
-222
279
724
1197
1738
2365
2901
3300
3818
4491
4934
5171
5528
5853
5713
5282
5099
4882
4127
3178
2500
1832
883
-44
-777
-1430
-2075
-2630
-3111
-3475
-3716
-3944
-4226
-4439
-4407
-4363
-4350
-4289
-4025
-3686
-3476
-3284
-2937
-2466
-2067
-1708
-1240
-655
-207
133
743
1509
2118
2575
3244
4140
4665
4903
5314
5700
5530
5131
4902
4462
3560
2527
1772
945
-60
-858
-1436
-2020
-2576
-2885
-3113
-3379
-3511
-3542
-3626
-3748
-3748
-3749
-3851
-3916
-3730
-3469
-3235
-2854
-2348
-1718
-1179
-720
-222
282
758
1134
1637
2236
2761
3213
3810
4542
5014
5368
5812
6163
6065
5678
5399
4968
4211
3284
2422
1512
436
-523
-1359
-2100
-2724
-3189
-3513
-3742
-3883
-4054
-4272
-4420
-4381
-4382
-4457
-4407
-4140
-3877
-3694
-3317
-2793
-2344
-1948
-1426
-799
-211
256
677
1319
2076
2682
3186
3787
4533
5028
5250
5494
5711
5679
5361
5028
4578
3833
2992
2177
1319
273
-660
-1391
-2066
-2704
-3153
-3444
-3736
-3935
-4065
-4181
-4334
-4314
-4204
-4209
-4277
-4135
-3763
-3469
-3213
-2814
-2264
-1785
-1395
-952
-408
97
482
1076
1816
2414
2889
3518
4386
4990
5304
5717
6125
6120
5727
5472
5129
4260
3270
2486
1629
442
-569
-1251
-1954
-2686
-3104
-3348
-3718
-3968
-3922
-3824
-3991
-4014
-3846
-3817
-3970
-3904
-3485
-3125
-2873
-2471
-1877
-1349
-864
-321
267
763
1130
1658
2382
2879
3140
3533
4218
4707
4831
5105
5514
5525
5128
4904
4710
4057
3223
2589
1930
957
14
-729
-1497
-2350
-2998
-3414
-3878
-4246
-4431
-4544
-4755
-4891
-4855
-4812
-4829
-4720
-4381
-4034
-3739
-3397
-2862
-2215
-1662
-1107
-445
274
784
1314
2100
2827
3309
3760
4535
5155
5354
5618
6082
6207
5761
5463
5313
4654
3651
2896
2288
1295
196
-618
-1288
-2033
-2648
-3033
-3496
-3921
-4092
-4157
-4366
-4540
-4472
-4334
-4372
-4392
-4105
-3728
-3436
-3182
-2709
-2088
-1614
-1192
-657
-17
464
925
1691
2345
2735
3227
4061
4852
5193
5527
6077
6323
5986
5673
5557
5066
4116
3205
2482
1504
419
-434
-1116
-1886
-2637
-3162
-3659
-4137
-4448
-4619
-4884
-5121
-5178
-5174
-5176
-5150
-4830
-4392
-4053
-3661
-3075
-2343
-1773
-1169
-428
316
853
1335
2088
2769
3194
3577
4205
4754
4914
5097
5497
5692
5422
5134
4945
4387
3437
2604
2010
1129
120
-645
-1216
-1889
-2544
-2808
-3055
-3340
-3495
-3502
-3564
-3726
-3706
-3612
-3600
-3631
-3388
-3004
-2735
-2498
-2119
-1669
-1337
-934
-451
68
454
796
1422
2043
2423
2823
3513
4194
4479
4759
5243
5560
5444
5276
5233
4849
4089
3287
2655
1801
726
-120
-848
-1644
-2435
-2965
-3426
-3955
-4308
-4462
-4724
-5034
-5047
-4943
-4902
-4872
-4524
-4051
-3720
-3344
-2766
-2012
-1468
-995
-467
115
569
851
1367
1975
2422
2759
3316
3983
4349
4590
4978
5327
5206
4917
4806
4520
3808
2944
2345
1719
857
107
-438
-991
-1631
-2115
-2481
-2888
-3212
-3348
-3494
-3773
-3957
-4066
-4176
-4262
-4152
-3896
-3681
-3421
-3050
-2545
-2070
-1602
-1046
-375
245
646
1255
1976
2438
2787
3462
4384
4836
5017
5449
5908
5759
5265
5001
4629
3756
2732
2055
1285
297
-513
-1070
-1610
-2290
-2741
-3068
-3416
-3674
-3816
-3950
-4219
-4306
-4286
-4285
-4271
-4037
-3594
-3179
-2774
-2359
-1796
-1232
-734
-225
292
711
936
1253
1754
2140
2397
2897
3733
4301
4537
5000
5550
5538
5157
5034
4800
4025
2980
2259
1573
519
-380
-967
-1466
-2043
-2391
-2555
-2887
-3187
-3249
-3287
-3548
-3813
-3944
-4021
-4188
-4191
-3931
-3651
-3438
-3115
-2474
-1871
-1451
-931
-217
449
846
1374
2133
2734
3122
3648
4484
4974
5114
5484
5891
5748
5227
4975
4675
3875
2831
2027
1301
281
-634
-1340
-1973
-2568
-2973
-3262
-3605
-3841
-3913
-3958
-4177
-4249
-4176
-4150
-4189
-4101
-3813
-3574
-3356
-3119
-2669
-2221
-1844
-1432
-978
-499
-153
417
1167
1863
2470
3177
4112
4754
5147
5592
6052
6124
5833
5670
5324
4497
3555
2890
2197
1229
400
-159
-793
-1548
-2025
-2369
-2794
-3193
-3442
-3706
-4103
-4227
-4161
-4124
-4137
-3968
-3598
-3343
-3119
-2717
-2153
-1737
-1437
-1023
-539
-213
-46
427
1106
1646
2100
2760
3609
4077
4406
4938
5335
5272
4921
4758
4376
3534
2616
1857
1075
176
-474
-1000
-1577
-2090
-2281
-2434
-2734
-2875
-2907
-3033
-3313
-3389
-3321
-3401
-3490
-3271
-2870
-2629
-2445
-2067
-1551
-1210
-870
-361
81
304
417
914
1492
1803
2148
2882
3731
4047
4352
4956
5406
5336
5126
5107
4680
3761
2820
2115
1281
322
-337
-845
-1401
-1930
-2223
-2571
-3004
-3204
-3198
-3388
-3799
-3936
-3996
-4148
-4381
-4235
-3780
-3537
-3328
-2836
-2163
-1799
-1474
-866
-226
81
273
842
1436
1706
1971
2728
3520
3787
4127
4818
5219
4947
4730
4818
4436
3480
2599
2046
1189
96
-624
-1121
-1746
-2307
-2441
-2565
-2871
-2972
-2903
-3045
-3329
-3301
-3218
-3470
-3720
-3483
-3112
-3048
-2955
-2469
-1857
-1577
-1318
-706
-61
181
344
1029
1790
2126
2478
3341
4157
4388
4773
5525
5833
5391
5053
5052
4412
3187
2217
1629
653
-536
-1195
-1633
-2268
-2768
-2781
-2855
-3118
-3117
-2876
-2927
-3142
-2961
-2675
-2776
-2864
-2436
-1999
-1987
-1928
-1411
-957
-931
-792
-346
78
106
221
816
1280
1391
1640
2482
3109
3191
3584
4396
4765
4382
4233
4345
3746
2629
1947
1571
608
-489
-1051
-1440
-2160
-2729
-2706
-2827
-3152
-3184
-2973
-3079
-3378
-3310
-3108
-3209
-3401
-3120
-2775
-2781
-2683
-2136
-1555
-1342
-966
-252
341
428
679
1543
2174
2279
2628
3680
4325
4325
4753
5635
5888
5356
5207
5266
4505
3285
2612
2140
1007
-143
-735
-1271
-2164
-2759
-2771
-2968
-3424
-3565
-3403
-3644
-3992
-3906
-3679
-3863
-4044
-3659
-3255
-3166
-3025
-2386
-1780
-1521
-1126
-462
117
245
591
1372
1823
1864
2255
3206
3602
3541
4055
4884
4969
4480
4609
4809
4110
3047
2548
2065
884
-149
-656
-1163
-1986
-2533
-2687
-2962
-3324
-3438
-3413
-3651
-3802
-3715
-3680
-3906
-3951
-3559
-3297
-3241
-2906
-2171
-1607
-1285
-742
128
621
678
1210
2033
2371
2383
3041
3992
4125
4080
4745
5372
4985
4447
4666
4599
3591
2630
2284
1657
524
-265
-611
-1150
-1876
-2160
-2230
-2464
-2649
-2603
-2530
-2690
-2774
-2665
-2682
-2924
-2941
-2684
-2582
-2665
-2434
-1899
-1622
-1519
-1154
-444
-183
-146
479
1198
1311
1384
2317
3173
3167
3349
4283
4774
4290
4167
4655
4344
3169
2457
2234
1371
163
-445
-756
-1474
-2218
-2464
-2647
-3048
-3317
-3202
-3242
-3511
-3625
-3517
-3502
-3649
-3413
-2982
-2783
-2656
-2141
-1521
-1287
-1017
-307
337
440
741
1609
2175
2118
2488
3504
3876
3669
4114
4935
4792
4189
4345
4528
3714
2671
2360
1917
778
-138
-528
-980
-1726
-2205
-2321
-2574
-2909
-3065
-3104
-3242
-3354
-3382
-3351
-3424
-3477
-3330
-3122
-3021
-2892
-2383
-1879
-1606
-1227
-488
-35
73
641
1417
1675
1714
2476
3285
3270
3310
4179
4794
4390
4235
4730
4506
3434
2803
2649
1853
700
114
-255
-1045
-1779
-2056
-2393
-2802
-2983
-2951
-3136
-3310
-3176
-3087
-3173
-3265
-2996
-2702
-2619
-2525
-2023
-1429
-1231
-1069
-562
8
11
191
952
1469
1443
1803
2879
3325
3080
3495
4436
4478
3888
4129
4535
3864
2874
2724
2546
1415
449
139
-245
-1117
-1640
-1681
-1954
-2391
-2599
-2618
-2860
-3010
-3037
-3104
-3347
-3448
-3242
-3057
-2991
-2876
-2318
-1892
-1701
-1329
-626
-132
-70
489
1288
1522
1374
2086
3104
3084
3041
3907
4660
4207
3896
4464
4447
3409
2679
2685
2028
837
225
-55
-807
-1689
-1981
-2270
-2827
-3173
-3138
-3329
-3660
-3624
-3456
-3519
-3736
-3463
-2969
-2676
-2552
-2074
-1270
-899
-723
-169
712
964
1070
1798
2389
2259
2240
3139
3501
2997
3065
3905
3912
3017
3034
3494
2882
1746
1596
1563
536
-416
-629
-824
-1605
-2146
-2148
-2328
-2667
-2714
-2581
-2789
-2963
-2940
-2875
-3040
-3187
-2974
-2680
-2621
-2701
-2170
-1444
-1167
-986
-258
447
428
736
1625
2161
2019
2533
3574
3524
3143
3757
4471
3909
3379
3928
4035
2982
2218
2282
1721
516
-156
-334
-959
-1831
-2115
-2282
-2707
-3005
-2907
-2934
-3160
-3185
-3057
-2923
-3012
-2868
-2477
-2131
-2122
-1976
-1263
-828
-823
-517
455
714
491
1106
1989
2028
1729
2630
3352
3005
3037
4019
4331
3484
3466
4029
3599
2472
2232
2342
1486
543
289
77
-663
-1212
-1352
-1594
-1941
-2101
-2141
-2406
-2615
-2729
-2766
-2879
-3059
-2973
-2739
-2630
-2753
-2407
-1776
-1602
-1578
-934
-86
-168
-89
931
1648
1339
1572
2813
3014
2410
2794
3829
3527
2744
3192
3552
2627
1612
1627
1277
119
-634
-765
-1139
-1928
-2229
-2289
-2579
-2882
-2869
-2830
-3039
-3056
-2961
-2860
-3007
-3015
-2689
-2372
-2259
-2092
-1352
-784
-704
-461
353
843
606
1041
1955
2078
1678
2328
3347
3076
2740
3597
4355
3714
3312
3930
3870
2809
2273
2403
1748
645
165
29
-619
-1343
-1485
-1659
-2052
-2362
-2378
-2570
-2941
-3005
-2911
-2910
-3138
-3016
-2610
-2384
-2368
-1989
-1207
-878
-719
-180
589
686
619
1455
2154
1919
1802
2729
3199
2554
2436
3293
3442
2548
2524
3124
2711
1661
1421
1525
760
-50
-287
-445
-1050
-1534
-1573
-1773
-2106
-2241
-2163
-2417
-2656
-2605
-2622
-2935
-3175
-2868
-2591
-2701
-2735
-2105
-1547
-1628
-1464
-611
76
-39
282
1476
2132
1873
2235
3479
3699
3179
3579
4522
4336
3602
3908
4237
3456
2484
2348
2137
1148
289
-107
-568
-1274
-1761
-1996
-2310
-2549
-2566
-2580
-2783
-2835
-2691
-2638
-2839
-2893
-2492
-2208
-2315
-2299
-1685
-1242
-1354
-1201
-456
57
-263
-66
849
1129
750
1133
2243
2336
1986
2586
3407
3138
2572
2939
3234
2505
1774
1790
1568
684
40
-204
-574
-1144
-1554
-1804
-2108
-2347
-2464
-2558
-2730
-2752
-2643
-2647
-2776
-2669
-2275
-2066
-2081
-1841
-1117
-749
-811
-429
357
600
376
901
1793
1904
1673
2259
3068
2897
2569
3126
3701
3349
3001
3392
3502
2799
2249
2168
1726
849
269
-94
-617
-1209
-1618
-1880
-2201
-2390
-2580
-2754
-2810
-2746
-2707
-2704
-2621
-2516
-2297
-2172
-2154
-1963
-1561
-1396
-1412
-1028
-460
-253
-289
247
1051
1226
1230
1788
2663
2915
2871
3509
4223
4181
3797
3968
4174
3604
2855
2498
2250
1468
639
136
-219
-771
-1466
-1856
-2062
-2264
-2624
-2814
-2820
-2850
-2969
-2972
-2865
-2837
-2678
-2422
-2247
-2070
-1598
-1167
-1066
-825
-304
67
25
291
1075
1430
1277
1434
2217
2517
2170
2392
3152
3231
2593
2587
2907
2412
1495
1210
1198
511
-292
-652
-838
-1376
-1888
-1984
-2071
-2282
-2438
-2333
-2334
-2508
-2526
-2251
-2179
-2383
-2246
-1921
-1849
-1935
-1661
-1173
-1127
-1142
-715
-222
-236
-308
360
1045
1017
1147
2235
3096
2917
3074
4134
4637
3991
3885
4483
4136
2977
2520
2569
1690
527
126
-29
-729
-1461
-1557
-1716
-2219
-2471
-2327
-2362
-2676
-2711
-2431
-2434
-2669
-2424
-1976
-1939
-2081
-1691
-1061
-1081
-1282
-854
-146
-225
-566
6
767
688
442
1248
2250
2164
2063
3005
3751
3310
3035
3675
3733
2733
2161
2272
1712
564
27
-165
-818
-1538
-1713
-1877
-2334
-2517
-2404
-2514
-2748
-2569
-2300
-2363
-2436
-2120
-1796
-1780
-1744
-1341
-860
-765
-770
-418
174
272
-13
173
855
996
649
1061
2053
2340
2092
2705
3678
3664
3258
3633
4059
3463
2779
2678
2380
1442
809
556
5
-628
-955
-1200
-1704
-1886
-1851
-2171
-2567
-2485
-2243
-2527
-2791
-2576
-2278
-2330
-2510
-2228
-1780
-1644
-1695
-1518
-1114
-825
-918
-1007
-505
110
193
175
841
1768
1928
1868
2564
3286
3073
2776
3116
3168
2531
1976
1822
1416
737
251
-125
-501
-812
-1118
-1516
-1681
-1704
-2003
-2354
-2329
-2096
-2180
-2295
-2084
-1891
-1975
-2010
-1802
-1597
-1437
-1305
-1136
-898
-592
-341
-402
-388
263
854
787
940
1879
2756
2631
2628
3600
4233
3752
3481
4020
3963
3061
2423
2361
1889
896
228
-81
-535
-1092
-1347
-1485
-1668
-1773
-1811
-1869
-1971
-1994
-1985
-1957
-1941
-1853
-1602
-1498
-1559
-1511
-1196
-1024
-1236
-1227
-790
-564
-875
-890
-194
263
64
282
1371
2126
1987
2254
3296
3731
3272
3199
3715
3546
2749
2390
2335
1742
816
214
-159
-748
-1373
-1695
-1954
-2269
-2522
-2653
-2678
-2673
-2625
-2563
-2402
-2294
-2346
-2233
-2037
-2007
-2043
-1819
-1574
-1710
-1753
-1374
-1059
-1194
-1189
-427
188
190
495
1637
2569
2616
2951
3993
4597
4165
3968
4513
4433
3446
2785
2799
2249
1070
406
277
-232
-1103
-1397
-1393
-1704
-2018
-1928
-1712
-1905
-1966
-1606
-1387
-1654
-1757
-1324
-1274
-1732
-1780
-1249
-1209
-1794
-1759
-1057
-914
-1430
-1288
-342
45
-356
-105
1069
1729
1566
2002
3220
3701
3302
3391
4037
3803
2865
2524
2450
1619
499
101
-240
-1175
-1921
-2011
-2260
-2875
-2952
-2662
-2732
-3048
-2788
-2333
-2477
-2645
-2186
-1640
-1732
-1849
-1381
-847
-839
-907
-501
-74
-148
-302
-23
468
666
700
1066
1710
2175
2386
2748
3297
3706
3831
3773
3826
3855
3584
3045
2527
2138
1598
927
266
-198
-603
-1126
-1565
-1717
-1678
-1774
-1935
-1892
-1762
-1781
-1780
-1699
-1733
-1778
-1632
-1515
-1731
-1779
-1432
-1312
-1663
-1660
-1095
-891
-1215
-979
-57
327
185
596
1729
2292
2142
2488
3416
3764
3290
3247
3630
3334
2474
2031
1871
1097
160
-304
-787
-1601
-2141
-2206
-2519
-3028
-3021
-2711
-2832
-3074
-2693
-2147
-2218
-2461
-2062
-1446
-1517
-1861
-1427
-679
-752
-1142
-747
-72
-189
-570
-258
415
546
449
882
1653
2163
2397
2907
3586
4087
4217
4202
4211
4078
3848
3313
2576
1970
1569
1031
61
-626
-719
-1069
-1919
-2304
-2018
-2102
-2704
-2827
-2386
-2393
-2736
-2711
-2434
-2430
-2484
-2327
-2157
-2025
-1867
-1632
-1608
-1452
-1048
-801
-789
-612
119
690
755
912
1820
2691
2674
2699
3560
4352
4013
3522
3881
4157
3310
2331
2182
1908
957
32
-250
-499
-1134
-1629
-1818
-1966
-2197
-2258
-2192
-2256
-2271
-2126
-1975
-2008
-1951
-1609
-1484
-1711
-1698
-1223
-1091
-1464
-1418
-809
-584
-929
-904
-190
354
288
384
1144
2008
2300
2464
3137
3876
3923
3540
3621
3856
3388
2500
2000
1755
998
26
-598
-964
-1361
-1852
-2265
-2468
-2422
-2423
-2591
-2700
-2485
-2215
-2266
-2393
-2244
-1819
-1610
-1708
-1723
-1334
-914
-927
-1042
-760
-273
-277
-542
-467
88
493
472
669
1483
2454
2758
2924
3748
4730
4778
4333
4537
4793
4210
3223
2749
2415
1530
503
-131
-548
-1196
-1884
-2285
-2459
-2550
-2693
-2773
-2738
-2617
-2442
-2366
-2429
-2419
-2154
-1912
-2027
-2126
-1715
-1271
-1373
-1583
-1102
-528
-724
-1130
-879
-226
-138
-390
-63
869
1494
1503
1820
2828
3567
3444
3279
3686
3866
3238
2477
2152
1802
1051
223
-424
-896
-1343
-1808
-2323
-2621
-2522
-2475
-2643
-2697
-2347
-2073
-2179
-2343
-2108
-1674
-1606
-1768
-1588
-1059
-858
-933
-731
-166
85
-36
36
350
763
978
1063
1355
2024
2702
2953
3228
4062
4922
4868
4453
4766
5144
4508
3390
2952
2811
1890
567
-240
-525
-1093
-1982
-2616
-2758
-2754
-3049
-3486
-3610
-3286
-3117
-3310
-3410
-3069
-2655
-2601
-2637
-2329
-1739
-1445
-1488
-1439
-1024
-605
-656
-846
-670
-148
153
133
383
1172
1985
2244
2451
3254
4219
4360
3912
4131
4617
4164
3117
2665
2549
1661
392
-420
-806
-1276
-1925
-2508
-2720
-2533
-2491
-2740
-2817
-2305
-1899
-2080
-2257
-1802
-1296
-1496
-1754
-1384
-761
-750
-1057
-947
-538
-404
-681
-770
-537
-355
-249
-83
140
536
1241
1860
2064
2553
3574
4124
3858
3882
4532
4435
3311
2635
2737
2123
685
-178
-340
-969
-2152
-2767
-2779
-2872
-3183
-3326
-3274
-3049
-2818
-2774
-2718
-2498
-2132
-2004
-2037
-1864
-1434
-1190
-1227
-1136
-744
-390
-378
-450
-263
-10
11
132
550
1065
1496
2053
2700
3241
3848
4476
4796
4777
4912
5080
4662
3858
3290
2745
1788
779
67
-423
-1057
-1787
-2248
-2341
-2388
-2642
-2776
-2525
-2233
-2431
-2643
-2336
-1999
-2064
-2196
-1948
-1630
-1568
-1537
-1320
-1152
-1163
-1066
-961
-1042
-1104
-1009
-863
-670
-312
161
755
1454
2061
2635
3390
4134
4374
4324
4564
4605
3956
3141
2699
2149
1110
128
-514
-1070
-1704
-2197
-2560
-2718
-2676
-2712
-2835
-2672
-2221
-2167
-2278
-2001
-1562
-1507
-1630
-1440
-1104
-1026
-1060
-889
-766
-762
-780
-723
-611
-551
-487
-176
324
541
727
1498
2496
2826
3021
3949
4822
4661
4295
4677
4647
3548
2437
2000
1437
315
-654
-1215
-1655
-2188
-2664
-2993
-3074
-2980
-3021
-3176
-3030
-2637
-2582
-2700
-2569
-2219
-1999
-1932
-1792
-1538
-1243
-1063
-1009
-918
-685
-565
-570
-463
-336
-337
-119
423
665
842
1631
2622
2899
3078
4149
5081
4811
4411
4930
5119
4071
2977
2723
2272
1069
43
-362
-678
-1278
-1774
-1986
-2027
-2050
-2154
-2165
-2058
-1949
-1918
-1815
-1686
-1649
-1529
-1406
-1511
-1622
-1364
-1119
-1392
-1615
-1236
-971
-1366
-1506
-961
-761
-943
-563
153
338
552
1570
2298
2237
2650
3790
4022
3328
3486
4221
3812
2602
2282
2424
1553
115
-532
-530
-1072
-2085
-2583
-2489
-2652
-3188
-3448
-3239
-3053
-3125
-3077
-2824
-2547
-2259
-1936
-1823
-1823
-1450
-949
-955
-1080
-601
-44
-208
-503
-11
568
401
417
1220
1850
1903
2425
3375
3735
3940
4629
5185
4907
4696
5062
4802
3744
3018
2830
2099
734
-227
-579
-1102
-2061
-2775
-2886
-2853
-3217
-3603
-3481
-3048
-2910
-3043
-2907
-2550
-2273
-2154
-2052
-1946
-1684
-1393
-1443
-1601
-1357
-922
-976
-1205
-840
-285
-437
-683
-105
494
430
548
1502
2244
2254
2593
3529
3988
3739
3904
4383
4167
3381
2939
2759
2033
1002
219
-218
-872
-1706
-2173
-2339
-2484
-2773
-2866
-2773
-2643
-2584
-2461
-2263
-2106
-1865
-1699
-1620
-1453
-1133
-942
-991
-910
-608
-458
-580
-512
-64
132
-62
157
766
1021
1049
1665
2634
2916
2955
3642
4478
4401
4055
4467
4769
4132
3244
2986
2673
1594
367
-353
-862
-1682
-2482
-2931
-3196
-3452
-3634
-3622
-3498
-3264
-3025
-2827
-2687
-2426
-2029
-1876
-1953
-1883
-1525
-1462
-1647
-1532
-1104
-923
-1093
-837
-295
-156
-344
31
787
982
999
1709
2730
2972
3062
3834
4610
4521
4202
4553
4722
4106
3399
3139
2667
1666
774
198
-405
-1245
-1826
-2156
-2555
-2949
-3136
-3203
-3413
-3442
-3262
-3148
-3238
-3133
-2751
-2584
-2679
-2602
-2214
-2045
-2063
-1814
-1250
-941
-926
-588
-53
248
221
620
1419
1742
1715
2205
3223
3582
3552
4091
4867
4891
4372
4410
4571
4041
3100
2523
2092
1169
111
-680
-1184
-1739
-2355
-2772
-3053
-3144
-3156
-3195
-3217
-3042
-2772
-2684
-2677
-2451
-2108
-1996
-2035
-1863
-1490
-1303
-1309
-1088
-601
-339
-399
-225
219
460
354
549
1200
1578
1582
1948
2845
3258
3259
3706
4493
4637
4207
4326
4538
4021
3140
2658
2283
1277
111
-575
-1048
-1863
-2627
-2896
-3040
-3302
-3493
-3399
-3267
-3217
-3074
-2904
-2862
-2831
-2642
-2499
-2524
-2495
-2134
-1773
-1740
-1631
-1118
-677
-641
-474
141
580
513
693
1412
1831
1737
1983
2768
3332
3267
3413
4107
4481
4176
3983
4297
4220
3418
2676
2294
1676
592
-369
-948
-1565
-2341
-2928
-3264
-3496
-3673
-3701
-3633
-3577
-3355
-3099
-2983
-2859
-2536
-2147
-1963
-1835
-1510
-1037
-810
-700
-371
108
364
409
665
1063
1243
1034
1086
1518
1729
1630
1823
2511
2879
2953
3336
3958
4139
3898
3953
4034
3594
2821
2242
1744
833
-276
-1098
-1593
-2168
-2902
-3437
-3552
-3537
-3696
-3752
-3447
-3054
-2930
-2841
-2498
-2165
-2014
-1831
-1541
-1392
-1241
-947
-629
-425
-240
86
282
391
595
903
923
756
938
1305
1398
1335
1748
2437
2669
2668
3159
3827
3842
3498
3621
3868
3292
2329
1944
1699
759
-429
-1052
-1385
-2105
-2909
-3219
-3272
-3427
-3601
-3463
-3243
-3154
-2961
-2694
-2517
-2433
-2123
-1719
-1614
-1507
-1002
-418
-316
-188
431
928
815
666
1071
1394
1053
727
1189
1625
1341
1187
1856
2528
2426
2460
3290
3913
3577
3283
3661
3674
2750
1922
1694
1148
-15
-903
-1232
-1736
-2519
-2939
-3006
-3157
-3367
-3250
-2954
-2905
-2784
-2347
-1945
-1990
-1958
-1430
-1077
-1197
-1155
-532
-96
-231
-162
440
757
404
310
688
669
93
-75
368
497
179
275
967
1332
1231
1637
2495
2880
2714
2874
3334
3208
2563
2211
2123
1545
569
-146
-534
-1167
-1884
-2240
-2325
-2478
-2728
-2734
-2569
-2482
-2383
-2076
-1778
-1647
-1422
-1092
-913
-826
-488
-15
184
197
456
849
830
626
740
920
695
248
120
262
201
-19
76
517
855
928
1167
1829
2409
2523
2607
3025
3174
2670
2160
1978
1620
843
155
-330
-926
-1595
-2038
-2315
-2595
-2717
-2601
-2498
-2508
-2299
-1887
-1585
-1528
-1358
-962
-714
-720
-663
-298
-82
-220
-203
117
218
-71
-186
-52
-168
-610
-769
-582
-463
-477
-327
120
652
1121
1538
2168
2945
3520
3708
3841
4100
4028
3514
2914
2477
1848
875
-16
-657
-1226
-1842
-2292
-2468
-2517
-2438
-2315
-2130
-1948
-1741
-1516
-1409
-1291
-1104
-906
-855
-870
-675
-365
-314
-452
-388
-222
-417
-872
-1094
-1080
-1297
-1698
-1793
-1568
-1319
-1179
-803
-74
771
1450
1991
2703
3538
4075
4124
4151
4245
3998
3317
2575
2003
1356
528
-314
-966
-1420
-1809
-2195
-2365
-2225
-2020
-1875
-1742
-1435
-1097
-933
-779
-647
-535
-499
-566
-604
-550
-474
-526
-597
-587
-505
-581
-843
-964
-930
-967
-1182
-1334
-1092
-592
-380
-266
375
1357
1885
2022
2649
3587
3852
3500
3562
3809
3419
2585
2002
1669
962
103
-589
-1051
-1437
-1828
-2033
-2057
-1903
-1788
-1741
-1648
-1463
-1321
-1316
-1418
-1609
-1639
-1689
-1917
-2121
-1979
-1640
-1646
-1771
-1470
-936
-827
-891
-522
-40
76
4
180
537
763
933
1264
1786
2420
2884
3078
3502
4203
4486
4147
3935
4003
3677
2912
2208
1730
1126
385
-335
-910
-1224
-1546
-2002
-2333
-2203
-2076
-2279
-2438
-2198
-1991
-2193
-2345
-2257
-2167
-2302
-2373
-2289
-2175
-1963
-1807
-1691
-1450
-1006
-713
-668
-473
-77
184
184
305
598
903
1138
1285
1556
2097
2624
2682
2749
3281
3663
3412
3088
3191
3040
2353
1750
1484
1019
299
-305
-840
-1276
-1598
-1919
-2315
-2453
-2334
-2418
-2603
-2517
-2203
-2173
-2293
-2103
-1861
-1819
-1829
-1715
-1593
-1450
-1251
-1090
-944
-663
-291
-153
-40
279
583
705
798
1007
1136
1291
1540
1711
1821
2137
2593
2716
2774
3130
3465
3310
3068
3184
3131
2614
2031
1716
1333
638
-104
-721
-1183
-1688
-2226
-2581
-2674
-2730
-2956
-3044
-2837
-2647
-2695
-2688
-2405
-2201
-2171
-2070
-1815
-1575
-1381
-1115
-831
-497
-97
295
605
922
1269
1399
1400
1509
1577
1349
1160
1258
1305
1124
1159
1533
1657
1586
1876
2334
2349
2196
2392
2559
2266
1858
1675
1360
751
195
-192
-578
-1035
-1449
-1746
-1898
-1988
-2116
-2196
-2201
-2193
-2274
-2299
-2280
-2373
-2428
-2282
-2128
-2178
-2113
-1758
-1401
-1162
-734
-118
305
572
984
1342
1365
1331
1381
1199
844
700
647
329
5
124
427
474
575
1117
1720
1909
1979
2375
2728
2621
2296
2218
2152
1660
1036
662
439
54
-373
-685
-908
-1129
-1360
-1595
-1944
-2187
-2211
-2277
-2530
-2689
-2493
-2284
-2345
-2272
-1721
-1156
-964
-741
-85
525
620
707
1110
1349
1131
848
754
567
137
-141
-148
-297
-427
-144
343
533
795
1559
2247
2406
2504
3070
3466
3145
2738
2761
2710
2086
1344
949
636
18
-726
-1192
-1445
-1786
-2291
-2683
-2854
-2975
-3170
-3363
-3342
-3148
-2893
-2650
-2350
-1773
-1055
-538
-179
351
1043
1405
1326
1367
1633
1527
956
597
503
127
-535
-889
-743
-745
-930
-683
36
599
915
1586
2424
2880
3041
3451
3844
3699
3335
3179
2976
2283
1451
873
416
-272
-1116
-1719
-2086
-2517
-3058
-3384
-3393
-3388
-3546
-3533
-3181
-2841
-2633
-2266
-1670
-1117
-668
-169
381
786
1105
1392
1436
1284
1191
1062
604
71
-149
-332
-807
-1270
-1237
-970
-1004
-990
-403
425
802
1104
1876
2674
2954
2995
3305
3526
3201
2717
2515
2229
1495
687
177
-271
-988
-1700
-2064
-2327
-2725
-3043
-3014
-2927
-2977
-2916
-2526
-2113
-1906
-1510
-876
-434
-299
47
574
781
715
849
1172
1100
843
815
870
639
303
311
362
115
-190
-3
299
181
123
638
1270
1323
1350
1981
2592
2519
2407
2870
3100
2613
2240
2345
2079
1177
534
315
-199
-1125
-1706
-1875
-2245
-2803
-2913
-2622
-2624
-2719
-2432
-1975
-1851
-1780
-1297
-771
-689
-648
-137
316
231
159
571
809
400
207
530
520
-90
-441
-285
-457
-1077
-1404
-1158
-1108
-1427
-1399
-871
-392
-274
-14
699
1404
1651
1820
2375
2834
2745
2496
2508
2388
1914
1439
1041
550
-6
-408
-752
-1148
-1436
-1527
-1681
-1920
-1885
-1635
-1525
-1480
-1280
-980
-757
-673
-570
-351
-169
-176
-182
-47
71
28
-73
-79
-138
-342
-502
-571
-693
-841
-850
-894
-921
-695
-417
-255
52
725
1282
1583
2114
2862
3271
3337
3601
3935
3851
3474
3171
2870
2322
1705
1114
476
-80
-537
-1084
-1668
-1877
-1929
-2138
-2248
-1993
-1778
-1893
-1866
-1590
-1418
-1517
-1574
-1510
-1572
-1704
-1769
-1772
-1820
-1855
-1835
-1780
-1634
-1468
-1308
-1092
-848
-705
-561
-306
-182
-178
88
517
666
805
1426
2091
2335
2665
3433
4065
4184
4324
4702
4735
4298
3854
3496
2920
2126
1337
604
-119
-840
-1471
-1908
-2205
-2410
-2559
-2599
-2552
-2504
-2522
-2480
-2422
-2456
-2387
-2297
-2335
-2370
-2236
-2101
-2074
-1920
-1485
-1058
-809
-462
-5
270
345
410
478
449
341
211
92
61
186
288
355
607
1073
1521
1844
2344
2949
3334
3419
3507
3666
3570
3178
2716
2314
1879
1268
588
69
-357
-875
-1396
-1732
-1906
-2080
-2300
-2390
-2474
-2578
-2629
-2728
-2851
-2893
-2871
-2907
-2998
-2961
-2740
-2519
-2270
-1814
-1281
-757
-203
362
868
1275
1648
1945
2138
2236
2271
2212
2014
1786
1653
1546
1355
1204
1292
1511
1580
1613
1953
2411
2574
2544
2728
2896
2631
2264
2051
1777
1238
635
177
-297
-836
-1300
-1714
-2181
-2505
-2608
-2764
-3040
-3166
-3037
-3083
-3300
-3322
-3111
-2951
-2980
-2853
-2453
-2032
-1762
-1383
-683
41
544
979
1545
2033
2252
2371
2444
2349
2018
1720
1468
1033
527
270
191
-3
-77
251
751
1091
1456
2128
2804
3116
3244
3528
3688
3416
2941
2519
2013
1236
409
-292
-955
-1669
-2314
-2779
-3138
-3448
-3642
-3683
-3721
-3774
-3693
-3564
-3488
-3352
-3020
-2628
-2337
-1956
-1429
-845
-386
89
713
1242
1589
1900
2289
2447
2332
2220
2136
1851
1276
774
410
-98
-668
-966
-890
-862
-929
-722
-127
464
759
1282
2091
2690
2837
2946
3323
3328
2794
2273
2022
1610
805
7
-553
-1028
-1674
-2230
-2529
-2721
-2915
-3117
-3243
-3285
-3201
-3097
-3031
-2925
-2682
-2289
-1953
-1646
-1154
-482
85
503
1092
1870
2419
2669
3005
3499
3724
3512
3329
3269
2914
2174
1470
970
379
-325
-829
-1051
-1184
-1356
-1436
-1164
-644
-260
72
630
1227
1526
1637
1858
2011
1853
1587
1382
1091
519
-45
-463
-941
-1527
-1985
-2190
-2383
-2603
-2675
-2524
-2390
-2361
-2142
-1754
-1488
-1332
-1030
-589
-341
-226
103
583
822
955
1310
1660
1714
1749
1975
2045
1792
1550
1349
926
392
-65
-537
-1139
-1644
-1942
-2155
-2314
-2252
-2024
-1780
-1431
-867
-236
302
839
1403
1830
2077
2221
2283
2197
1894
1429
939
535
51
-590
-1026
-1150
-1361
-1678
-1676
-1348
-1157
-1123
-886
-483
-208
-132
-11
142
165
122
112
152
121
70
113
196
329
544
778
946
1095
1288
1433
1389
1197
1009
791
389
-145
-623
-990
-1389
-1842
-2102
-2073
-1938
-1807
-1474
-852
-161
388
920
1556
2107
2436
2577
2652
2622
2411
2035
1580
1196
842
438
-8
-393
-613
-720
-820
-915
-866
-791
-857
-989
-1002
-989
-1195
-1516
-1720
-1816
-1971
-2152
-2163
-1950
-1654
-1390
-979
-397
135
495
778
1133
1365
1353
1211
995
655
213
-277
-754
-1130
-1349
-1515
-1690
-1705
-1432
-1024
-654
-185
557
1379
1914
2357
2998
3558
3713
3692
3779
3777
3477
3033
2658
2299
1845
1321
805
446
104
-377
-864
-1247
-1556
-1972
-2429
-2787
-3064
-3265
-3445
-3510
-3440
-3241
-2906
-2527
-2131
-1633
-1024
-447
93
635
1165
1557
1781
1877
1892
1810
1528
1103
692
323
-101
-596
-1039
-1317
-1541
-1757
-1796
-1614
-1278
-934
-571
-38
630
1185
1570
2034
2552
2887
3015
3109
3225
3147
2822
2381
1947
1481
915
328
-225
-756
-1314
-1829
-2251
-2539
-2743
-2879
-2910
-2887
-2789
-2623
-2353
-2076
-1833
-1535
-1194
-849
-513
-110
240
505
745
970
1161
1238
1294
1322
1238
1080
938
793
613
468
329
167
5
-83
-117
-172
-179
-123
-23
138
345
540
809
1161
1399
1518
1673
1883
1908
1734
1570
1418
1107
676
300
-8
-342
-715
-1087
-1392
-1587
-1740
-1916
-2025
-2004
-1959
-1899
-1799
-1655
-1471
-1239
-993
-789
-580
-264
29
151
271
491
701
786
835
965
1058
1104
1179
1219
1186
1187
1211
1095
894
805
719
502
255
128
58
-121
-309
-387
-356
-331
-347
-321
-142
101
178
203
426
695
731
643
722
793
610
365
246
86
-274
-616
-874
-1090
-1267
-1389
-1413
-1397
-1318
-1244
-1169
-1034
-916
-855
-840
-834
-882
-924
-897
-877
-878
-763
-540
-380
-208
121
526
828
1078
1427
1787
1978
2083
2194
2206
2052
1828
1536
1144
667
143
-345
-814
-1238
-1597
-1841
-1945
-2009
-1939
-1647
-1247
-875
-452
127
640
961
1251
1631
1857
1807
1737
1698
1541
1261
1019
751
418
144
-86
-336
-578
-749
-904
-1044
-1176
-1300
-1376
-1472
-1628
-1764
-1778
-1735
-1680
-1494
-1167
-822
-531
-163
316
790
1160
1469
1790
1985
2011
1936
1751
1442
1065
652
142
-394
-835
-1225
-1609
-1888
-1993
-1999
-1959
-1772
-1421
-1021
-589
-94
420
885
1338
1763
2092
2375
2616
2764
2803
2779
2703
2559
2375
2155
1846
1492
1123
697
207
-298
-751
-1196
-1664
-2053
-2363
-2629
-2806
-2848
-2766
-2608
-2340
-1982
-1582
-1135
-665
-169
311
725
1072
1365
1563
1618
1538
1371
1146
863
516
139
-239
-670
-1117
-1458
-1727
-1974
-2110
-2136
-2140
-2130
-2003
-1735
-1441
-1148
-759
-240
260
690
1156
1683
2152
2486
2790
3080
3244
3233
3138
2988
2721
2313
1835
1347
791
152
-466
-1000
-1508
-1980
-2310
-2506
-2657
-2730
-2634
-2401
-2141
-1842
-1447
-990
-595
-268
84
441
705
878
1052
1186
1216
1204
1198
1119
939
766
617
424
147
-161
-459
-759
-1037
-1254
-1402
-1520
-1581
-1557
-1457
-1280
-1013
-653
-239
221
725
1206
1624
2029
2372
2641
2862
2978
2950
2814
2621
2306
1885
1432
950
424
-98
-567
-1010
-1463
-1888
-2243
-2536
-2781
-2929
-3004
-3026
-2985
-2903
-2764
-2540
-2197
-1794
-1341
-870
-417
40
525
982
1349
1673
1949
2122
2164
2126
2047
1863
1555
1217
898
531
110
-226
-466
-700
-847
-847
-761
-659
-503
-228
88
375
669
1011
1383
1686
1922
2131
2297
2359
2313
2263
2192
1981
1688
1414
1103
684
203
-266
-716
-1192
-1665
-2073
-2428
-2800
-3118
-3281
-3364
-3409
-3340
-3160
-2931
-2649
-2292
-1874
-1456
-1033
-577
-91
319
630
943
1242
1402
1448
1502
1546
1505
1408
1303
1150
946
730
526
362
209
59
-33
-111
-214
-278
-282
-264
-214
-121
2
125
257
435
669
923
1126
1335
1565
1707
1772
1827
1857
1744
1562
1381
1097
725
328
-67
-489
-918
-1303
-1661
-1961
-2199
-2403
-2541
-2601
-2619
-2555
-2371
-2127
-1857
-1544
-1201
-879
-579
-302
-40
226
484
711
901
1048
1076
1071
1097
1044
936
846
780
644
451
267
104
-45
-196
-309
-409
-483
-541
-569
-534
-469
-353
-141
126
380
621
904
1217
1445
1599
1796
2021
2129
2138
2142
2086
1918
1696
1483
1229
918
595
313
45
-262
-575
-806
-958
-1124
-1319
-1467
-1524
-1544
-1558
-1531
-1524
-1552
-1582
-1530
-1444
-1398
-1324
-1205
-1074
-983
-867
-716
-564
-374
-150
99
317
463
567
645
664
620
549
495
412
278
148
23
-122
-276
-381
-426
-413
-333
-196
8
230
460
744
1032
1292
1542
1786
2003
2154
2237
2230
2132
1969
1769
1551
1259
904
513
75
-378
-845
-1304
-1722
-2109
-2478
-2814
-3040
-3205
-3347
-3390
-3321
-3179
-2956
-2609
-2188
-1750
-1290
-800
-313
155
584
1000
1384
1671
1845
1967
2049
2024
1929
1843
1754
1586
1376
1196
1028
855
681
514
394
320
260
221
240
277
301
367
461
518
505
514
575
609
581
555
567
566
533
481
429
333
207
75
-56
-214
-401
-572
-742
-901
-1095
-1320
-1538
-1702
-1810
-1932
-1998
-2014
-1989
-1918
-1806
-1611
-1387
-1139
-847
-553
-230
132
483
793
1079
1357
1609
1836
1993
2060
2062
2015
1921
1774
1599
1345
1036
735
426
98
-246
-570
-859
-1078
-1240
-1386
-1474
-1492
-1456
-1357
-1165
-920
-665
-373
-23
360
716
1037
1312
1516
1676
1796
1869
1876
1808
1674
1471
1214
896
561
225
-121
-442
-749
-1032
-1284
-1503
-1660
-1734
-1750
-1729
-1675
-1558
-1353
-1112
-878
-647
-386
-133
119
367
596
787
913
997
1037
1040
1010
932
814
659
449
210
-41
-305
-565
-782
-1005
-1191
-1283
-1350
-1379
-1349
-1250
-1088
-912
-710
-445
-132
179
452
675
886
1079
1201
1276
1341
1371
1343
1248
1116
956
768
557
333
80
-183
-404
-630
-852
-1021
-1163
-1279
-1362
-1430
-1438
-1417
-1379
-1299
-1231
-1144
-1009
-835
-618
-370
-136
59
276
500
705
880
1033
1183
1288
1357
1412
1382
1313
1260
1165
1043
939
856
789
733
674
630
570
494
433
400
356
285
236
187
152
134
107
73
58
107
193
265
322
379
442
506
553
592
612
555
470
407
287
83
-146
-386
-654
-944
-1210
-1458
-1719
-1956
-2116
-2209
-2250
-2270
-2262
-2221
-2125
-1942
-1718
-1490
-1249
-975
-689
-380
-43
276
559
829
1079
1290
1456
1571
1647
1671
1645
1562
1439
1295
1125
952
783
614
419
207
12
-162
-280
-394
-498
-561
-580
-539
-470
-353
-193
-35
119
303
519
737
926
1070
1168
1235
1287
1283
1196
1083
928
718
494
239
-54
-372
-707
-1021
-1312
-1576
-1814
-2005
-2123
-2168
-2143
-2091
-2006
-1872
-1663
-1431
-1215
-965
-689
-374
-59
200
450
663
827
950
1067
1175
1211
1200
1154
1107
1024
878
728
590
432
289
165
22
-95
-164
-183
-188
-162
-90
0
106
244
437
669
871
1056
1239
1411
1588
1700
1731
1719
1632
1473
1276
1043
771
461
141
-207
-567
-878
-1175
-1462
-1680
-1839
-1965
-2070
-2146
-2152
-2116
-2063
-1963
-1788
-1583
-1387
-1169
-930
-683
-427
-207
7
217
391
562
727
849
930
1019
1110
1164
1201
1209
1204
1153
1064
1000
919
796
684
580
478
403
322
219
138
105
72
45
52
81
114
148
202
255
282
293
313
310
283
217
114
-12
-149
-281
-443
-639
-829
-996
-1156
-1290
-1385
-1469
-1522
-1543
-1571
-1566
-1496
-1397
-1256
-1091
-901
-656
-433
-222
15
248
491
714
914
1106
1271
1413
1531
1603
1645
1663
1632
1562
1473
1339
1187
1011
811
633
452
252
44
-163
-312
-448
-570
-643
-695
-717
-733
-737
-717
-675
-633
-590
-563
-536
-468
-400
-316
-244
-211
-157
-113
-59
18
99
177
211
232
263
280
305
303
293
310
287
217
109
27
-61
-139
-174
-251
-303
-337
-360
-344
-330
-286
-232
-191
-114
-30
31
83
116
157
189
177
155
127
107
100
83
52
22
-4
-50
-111
-172
-204
-235
-294
-352
-381
-373
-363
-351
-322
-247
-159
-59
62
195
366
527
678
829
957
1060
1126
1173
1180
1134
1078
967
800
617
411
202
-49
-289
-506
-735
-923
-1094
-1235
-1316
-1367
-1373
-1336
-1264
-1171
-1064
-932
-809
-665
-497
-333
-195
-62
84
208
318
422
528
627
722
816
907
966
987
994
974
916
826
755
667
549
438
338
238
96
-40
-137
-218
-287
-336
-377
-403
-402
-391
-367
-337
-284
-239
-235
-226
-241
-228
-184
-176
-180
-185
-187
-196
-252
-305
-329
-334
-314
-308
-283
-275
-312
-346
-373
-393
-390
-379
-356
-325
-273
-204
-143
-44
55
144
254
368
468
583
699
782
849
904
931
937
912
857
796
717
619
517
418
331
250
187
113
20
-61
-155
-247
-293
-330
-362
-406
-474
-506
-525
-538
-542
-550
-519
-502
-484
-458
-424
-355
-273
-187
-107
-58
-41
-26
-23
-18
-35
-78
-123
-166
-197
-215
-237
-272
-304
-313
-318
-312
-304
-279
-218
-156
-80
-11
47
128
232
330
427
505
576
668
780
854
900
933
963
993
991
981
935
890
853
769
665
548
408
257
122
-11
-125
-233
-356
-470
-560
-630
-692
-755
-801
-839
-875
-882
-892
-905
-892
-829
-753
-690
-621
-548
-475
-415
-350
-290
-221
-151
-98
-54
-14
5
-5
-20
-46
-70
-91
-104
-100
-79
-38
12
60
93
123
173
237
302
328
336
358
392
431
451
470
484
491
500
489
475
468
428
385
356
298
222
148
98
44
-8
-42
-89
-150
-187
-204
-216
-230
-254
-253
-212
-151
-93
-39
22
94
161
201
228
275
317
329
325
332
327
272
198
136
60
-32
-95
-118
-145
-186
-220
-242
-268
-308
-365
-400
-414
-393
-338
-277
-224
-191
-145
-126
-126
-125
-128
-103
-75
-49
-13
24
48
53
43
23
13
-5
-38
-72
-101
-114
-124
-146
-196
-250
-279
-276
-263
-245
-225
-193
-136
-75
-29
10
91
192
291
387
449
463
459
458
448
428
398
348
286
270
274
252
177
90
22
-57
-121
-150
-171
-175
-148
-127
-98
-84
-88
-81
-75
-54
-31
-7
37
73
105
151
186
202
206
179
129
75
24
-10
-54
-103
-137
-179
-228
-291
-344
-368
-384
-388
-379
-377
-357
-311
-252
-181
-102
-3
71
127
206
267
297
321
350
358
350
321
273
221
162
131
94
48
16
-20
-65
-107
-153
-209
-259
-307
-347
-350
-319
-285
-256
-215
-136
-61
-8
48
96
138
187
216
251
301
347
403
426
418
398
366
329
301
260
183
85
3
-48
-94
-161
-222
-290
-370
-444
-491
-479
-444
-401
-350
-295
-222
-171
-119
-69
-21
35
85
121
168
222
269
324
349
359
365
347
321
301
256
194
157
123
70
37
0
-57
-100
-161
-227
-300
-359
-392
-391
-362
-314
-260
-215
-174
-125
-90
-64
-32
-7
25
60
98
132
155
163
168
155
145
134
90
44
7
-29
-72
-93
-104
-116
-136
-142
-132
-130
-125
-121
-121
-106
-98
-80
-29
21
56
94
119
146
182
209
226
257
278
271
263
260
259
244
219
185
138
77
-5
-97
-170
-221
-249
-253
-254
-266
-268
-250
-219
-195
-176
-157
-158
-143
-82
-15
34
99
163
197
228
253
264
269
261
232
199
159
120
96
72
37
14
6
-31
-73
-109
-133
-133
-146
-153
-156
-147
-108
-68
-37
-2
13
6
6
16
19
30
70
96
112
135
143
130
111
85
51
11
-32
-80
-113
-124
-143
-147
-153
-158
-168
-175
-176
-173
-169
-156
-139
-126
-108
-99
-62
-35
-37
-6
33
61
76
94
103
88
65
47
34
18
4
2
15
27
22
5
4
-13
-25
-1
10
14
27
48
80
105
125
141
132
124
120
119
130
130
137
131
122
118
93
61
40
22
-11
-30
-26
-31
-49
-66
-81
-90
-92
-97
-97
-95
-104
-93
-64
-47
-37
-24
-24
-31
-44
-45
-43
-37
-27
-17
-4
-4
-12
-21
-16
-25
-43
-39
-21
-9
3
16
26
16
-6
-27
-48
-60
-61
-45
-36
-26
-2
15
25
32
38
32
25
23
6
-14
-2
12
29
55
78
89
88
94
86
85
93
81
56
48
50
56
61
53
42
41
49
58
51
45
47
22
-2
-26
-58
-71
-75
-84
-100
-105
-78
-70
-85
-78
-52
-38
-31
-24
-36
-57
-60
-49
-27
-10
-10
-19
-39
-47
-35
-17
-11
-7
0
-9
2
4
-4
6
-3
23
50
60
65
47
42
36
18
0
-24
-28
-13
-13
-7
-14
-12
-10
-14
-14
-39
-55
-46
-47
-62
-55
-61
-67
-51
-33
-20
-7
-13
-19
-7
-16
-31
-44
-39
-28
-19
-15
-13
-1
31
57
54
60
62
71
75
84
97
102
113
121
127
128
135
121
116
118
111
102
89
74
70
69
70
57
25
-1
-15
-35
-58
-82
-105
-110
-116
-121
-123
-113
-103
-79
-36
-22
-23
-27
-11
-4
-8
-10
-14
-23
-31
-22
-11
-15
-23
-29
-47
-51
-65
-94
-96
-75
-38
-2
11
17
39
57
48
33
10
0
9
9
3
-28
-57
-47
-27
-3
8
31
38
19
24
22
14
13
26
54
70
73
48
14
15
23
20
13
20
18
6
5
-10
-23
-18
-8
-16
-30
-29
2
26
34
51
45
40
10
-14
-16
-28
-25
-30
-26
-27
-26
-25
-30
-34
-43
-38
-41
-54
-71
-79
-69
-65
-58
-30
-23
-13
12
28
43
42
40
54
71
67
58
55
44
49
51
41
48
47
37
3
-24
-24
-30
-30
-28
-41
-28
13
17
11
-3
-23
-32
-36
-28
-38
-34
-39
-55
-39
-33
-39
-42
-28
0
4
-15
-37
-49
-33
-12
1
9
15
33
59
93
115
105
94
97
73
61
38
-4
-25
-4
44
53
51
47
40
38
21
8
2
2
33
65
54
37
19
-1
1
19
36
30
20
26
32
38
22
7
0
-14
-24
-53
-94
-99
-65
-20
-1
-7
-37
-76
-87
-50
-22
-34
-40
-60
-72
-53
-37
-30
-20
-21
-20
-39
-70
-89
-115
-92
-48
-30
-24
-33
-33
-17
-23
-36
-52
-64
-71
-70
-53
-43
-20
21
79
104
94
80
68
55
43
57
52
36
23
16
52
72
80
84
75
76
55
17
-14
-43
-48
-36
-17
-6
13
42
48
45
54
38
25
23
20
19
4
-16
-20
-15
5
14
-2
-11
-27
-29
-23
-9
-4
-25
-35
-26
-14
-9
-20
-45
-59
-82
-81
-37
6
45
84
97
86
66
58
43
34
33
11
-6
-28
-54
-48
-21
-3
16
25
11
-8
-39
-52
-63
-58
-34
-18
-15
-30
-37
-34
-16
11
28
38
66
84
85
87
