5
6
9
13
3
-10
-16
-22
-18
-13
-12
-16
-11
-18
-25
-16
-10
-5
-2
0
6
16
8
9
23
29
33
38
44
42
34
31
29
26
18
14
19
26
28
27
26
17
2
-5
-9
-5
-6
-2
0
4
5
-1
8
14
21
27
18
13
10
12
11
14
15
13
14
12
5
-3
-11
-14
-10
-7
-11
-16
-8
2
-2
-9
-4
1
-5
-8
-8
-4
0
5
17
20
20
28
29
21
15
13
8
-5
-9
-11
-20
-17
-10
-11
-12
-12
-5
0
-2
-4
0
2
13
19
14
5
3
1
-8
-10
-1
4
-5
-13
-2
9
4
-1
0
-2
-6
-4
12
24
12
-8
-22
-29
-33
-44
-44
-44
-44
-39
-37
-24
-10
-5
0
-1
-7
-10
-15
-25
-31
-29
-19
-16
-18
-11
-18
-21
-20
-15
-15
-10
-14
-14
-14
-20
-12
-2
3
11
23
38
43
35
35
35
27
31
34
36
36
28
28
27
19
21
26
31
38
43
46
40
30
14
-1
-4
-10
-9
-2
-6
-8
-2
0
-5
-9
-18
-20
-18
-13
-7
-5
1
0
-2
-2
-6
-3
1
1
3
-7
-17
-13
-7
-6
-13
-17
-18
-10
8
16
16
14
7
-1
-10
-15
-18
-14
-16
-16
-13
-17
-25
-22
-19
-20
-21
-26
-25
-35
-47
-40
-38
-30
-16
-5
11
17
20
25
32
36
35
33
37
36
34
41
50
47
37
32
37
40
45
44
46
40
31
38
39
35
15
-1
-2
-6
-6
5
14
13
3
-4
-5
-12
-16
-16
-18
-17
-22
-22
-22
-30
-25
-16
-12
-14
-23
-34
-42
-50
-58
-63
-61
-54
-51
-53
-48
-36
-33
-30
-30
-37
-38
-31
-15
7
14
14
12
10
13
19
17
10
9
2
-8
-7
-5
5
10
11
13
4
-6
-10
-18
-22
-21
-10
14
30
44
56
50
44
39
26
17
10
4
0
4
6
2
3
5
3
6
15
18
20
18
15
21
18
11
3
1
9
12
23
34
34
37
37
26
12
7
2
-1
0
9
14
8
10
8
-4
-18
-24
-17
-8
-2
-9
-15
-17
-18
-13
-10
-14
-15
-24
-43
-49
-50
-42
-28
-21
-12
-14
-16
-3
5
6
12
19
16
7
5
13
17
14
7
-1
-3
-2
5
11
14
24
31
43
47
38
27
18
9
0
-2
1
7
6
2
-4
-9
-11
-18
-27
-36
-46
-41
-33
-38
-32
-27
-23
-13
-2
5
12
13
4
-7
-13
-9
-7
-3
-5
-7
2
11
17
18
9
-3
-12
-21
-26
-25
-21
-20
-28
-18
-14
-17
-4
1
-3
1
6
1
1
5
11
12
12
21
20
19
17
13
13
15
18
17
9
4
0
-4
-14
-27
-28
-27
-22
-16
-11
-9
-1
2
-6
-17
-10
5
15
20
24
30
23
14
14
6
-1
9
14
17
21
21
24
28
30
33
26
10
-4
-8
-14
-14
5
20
21
19
21
19
7
-1
2
4
9
17
18
11
5
3
9
11
16
19
19
18
9
-2
-11
-11
1
7
8
8
6
-14
-25
-31
-41
-37
-40
-37
-29
-29
-15
-2
4
8
14
18
14
16
20
16
8
7
4
-1
-9
-8
-1
-2
-8
-21
-41
-55
-62
-66
-71
-74
-75
-72
-62
-56
-52
-49
-35
-20
-12
3
21
29
33
33
24
21
23
38
40
29
30
26
18
5
1
2
-2
-12
-17
-22
-35
-35
-23
-9
-2
4
21
25
18
11
15
19
30
35
37
54
68
72
74
64
56
44
34
49
55
46
31
24
11
-9
-25
-26
-21
-22
-13
-15
-22
-32
-33
-29
-26
-24
-29
-22
-14
-5
7
15
15
7
8
12
7
5
2
-6
-6
-16
-30
-27
-29
-33
-28
-34
-39
-25
-8
-7
-5
-5
-2
3
7
7
4
-1
-12
-5
1
-7
-17
-16
-7
-2
-4
-4
15
10
3
5
2
-2
-4
1
11
22
23
23
22
23
30
32
34
46
49
34
23
7
-15
-35
-44
-35
-26
-24
-15
-1
2
5
5
7
19
44
63
67
82
79
55
36
14
-5
-20
-21
-4
1
-18
-25
-33
-81
-124
-131
-134
-125
-127
-118
-85
-62
-54
-38
-13
-2
17
22
22
47
55
39
54
68
61
48
29
18
18
20
22
22
11
-7
-54
-75
-82
-95
-97
-99
-56
-5
13
29
56
84
96
83
88
103
72
41
43
37
31
38
50
55
27
18
44
53
20
1
-29
-86
-106
-108
-116
-142
-164
-140
-110
-97
-59
-24
-25
8
74
115
158
185
192
190
163
168
193
189
196
223
225
227
190
128
90
71
23
-45
-106
-166
-213
-257
-301
-311
-280
-259
-277
-304
-298
-261
-229
-211
-176
-167
-177
-120
-36
57
177
294
380
401
387
411
404
291
174
78
8
-66
-143
-175
-176
-224
-274
-216
-125
-43
0
21
93
167
186
234
279
293
362
419
378
312
257
187
91
-70
-172
-229
-325
-458
-542
-513
-496
-529
-496
-356
-238
-206
-194
-150
-118
-149
-175
-137
-104
-108
-97
-53
20
78
142
223
250
251
291
283
248
244
231
200
150
82
45
49
42
62
117
146
192
275
337
354
331
312
299
243
133
75
75
-16
-128
-193
-234
-250
-320
-351
-316
-402
-504
-546
-548
-537
-551
-523
-421
-286
-197
-121
-18
106
215
228
218
294
382
387
324
311
385
402
385
392
411
426
412
332
259
261
191
87
33
7
-35
-110
-166
-133
-64
-127
-201
-160
-150
-133
-122
-165
-103
-43
-126
-120
-83
-99
-80
-133
-144
-61
-75
-138
-97
-185
-380
-470
-462
-406
-400
-389
-257
-36
142
306
422
473
510
478
396
327
260
218
241
239
293
424
479
528
645
711
716
633
426
312
175
-208
-523
-691
-890
-1120
-1395
-1490
-1314
-1177
-1095
-850
-602
-479
-385
-246
37
149
20
109
356
433
429
489
659
790
752
763
908
917
658
395
234
36
-343
-579
-455
-581
-991
-1124
-942
-747
-951
-1184
-816
-397
-466
-405
165
1009
1578
1513
1900
2833
2872
2216
1831
1757
1318
85
-839
-689
-825
-1703
-1975
-1352
-885
-1057
-1238
-682
-140
-638
-1098
-728
-534
-854
-1027
-606
64
186
171
920
1482
1234
1005
880
743
180
-983
-1483
-1495
-2174
-2806
-2732
-1553
343
707
783
2992
5090
5159
4353
4184
4608
3347
638
-141
-138
-1856
-3348
-3055
-1901
-1553
-2425
-1874
86
-221
-2090
-2276
-1560
-1883
-3243
-3675
-2082
-814
-709
519
2759
4178
4679
5076
5791
5620
3496
1446
842
-589
-3351
-5035
-4887
-4454
-4971
-5005
-3117
-1247
-1060
-909
70
607
31
-896
-841
-634
-1343
-1584
-565
1744
4407
5082
5725
8467
10303
9298
6819
5149
4256
1021
-3584
-5313
-5766
-7530
-8684
-7593
-4959
-3336
-3291
-1393
1613
1506
-302
-431
206
-601
-2571
-2958
-1152
-44
250
2152
4673
5972
6321
6289
6245
4900
1615
-1015
-2494
-5013
-7856
-8891
-8069
-7032
-6737
-5513
-2533
-281
190
731
1834
1871
495
-686
-593
-336
-1108
-876
2575
5881
6420
7518
10804
13225
11605
7780
6366
5287
263
-5208
-7144
-7886
-9674
-10919
-8950
-5050
-3558
-3221
-91
3189
2622
402
181
1027
-243
-3039
-3365
-1014
470
1013
2920
5941
8097
8146
7525
7432
5567
1528
-1628
-3445
-5932
-8846
-10041
-8861
-7423
-6856
-5296
-2092
362
899
1368
2449
2415
911
-442
-729
-886
-1463
96
3828
5767
6507
8964
12121
12808
10048
7333
6197
2876
-2735
-6602
-8354
-9682
-10939
-10699
-7837
-5029
-3892
-1592
1846
3135
2035
838
846
375
-2219
-4077
-3254
-2044
-1265
145
2561
5557
7069
6970
7315
6514
3414
236
-2488
-5302
-8126
-10324
-10053
-8463
-7823
-6409
-3297
-446
1262
2111
2744
3255
2574
1113
514
243
-273
873
3627
5566
6660
8493
11413
12852
10630
7996
6811
3763
-1189
-5061
-7477
-9143
-10717
-11019
-8705
-6344
-5131
-2678
561
2156
1821
1016
1142
1015
-1047
-3030
-2729
-1418
-402
740
2781
5621
7306
7179
6918
6100
3470
81
-2919
-5529
-8111
-10262
-10492
-9097
-7872
-6633
-3878
-533
1327
1956
2750
3624
3207
1568
690
816
894
1914
4226
6364
8261
10302
12191
12783
10918
8275
5908
2286
-2421
-6425
-9194
-10815
-11548
-11210
-9270
-6811
-4601
-1895
799
2188
2233
1914
1842
1138
-602
-1978
-1884
-820
265
1518
3801
6267
7336
7188
6641
5360
2446
-1262
-4141
-6636
-9230
-10705
-10664
-9744
-8374
-6499
-3748
-1026
741
2109
3349
3782
3294
2491
1788
1684
2718
4370
5472
6613
8827
10905
11128
9616
7986
6224
2738
-1670
-5113
-7558
-9730
-11249
-11063
-9361
-7528
-5653
-2936
-205
1235
1483
1636
2031
1552
-42
-809
-449
-349
-127
1004
2868
4622
5356
5676
5736
4238
1490
-1092
-3366
-5771
-8320
-9639
-9057
-8445
-7975
-6087
-3528
-1443
232
1641
2981
3613
3395
3410
3455
3302
4327
6097
6861
7578
9138
10574
10507
8335
6146
4509
1223
-2974
-5785
-7604
-9327
-10611
-10259
-8041
-6037
-4716
-2276
401
1507
1424
1163
1459
1222
-383
-1330
-843
-264
224
1219
2886
4340
4651
4620
4534
3066
380
-1850
-3322
-5123
-7343
-8228
-7329
-6323
-5676
-4371
-2249
-442
486
1364
2557
3140
2892
2912
3609
4303
5354
6886
8078
9167
10187
10529
9625
7304
4821
2386
-1110
-4839
-7557
-9388
-10331
-10516
-9531
-7103
-4860
-3211
-1131
711
1602
1452
717
447
-145
-1509
-1841
-908
103
1269
2820
4476
5692
5684
4869
3869
1591
-1425
-3625
-5631
-7425
-8350
-8633
-7840
-6244
-4835
-3042
-1146
-31
832
1281
1308
1586
1614
1629
2646
4696
7203
8875
9970
11921
13313
12159
9446
6978
4230
-111
-5002
-8227
-10063
-12017
-12909
-11303
-8580
-6462
-4324
-1367
1113
1769
1303
1115
837
-364
-1929
-2303
-1203
-70
908
2775
5047
6426
6547
5880
5010
2980
-495
-3296
-5375
-7771
-9518
-9885
-8845
-7353
-6022
-3581
-498
1333
2236
2969
3417
3419
2922
2633
3327
4942
6870
8358
9727
11791
13427
12674
10185
7925
5273
634
-4591
-7993
-10127
-12493
-13822
-12364
-9714
-7768
-5620
-2027
1363
2361
2079
2426
2415
809
-1005
-1384
-688
-477
-317
1551
4067
5071
5087
5335
5246
3216
-257
-2586
-4190
-7055
-9510
-9673
-8608
-7786
-6962
-4555
-1207
419
1005
2558
4044
4269
3801
4034
5831
7541
7593
8248
10677
12242
11287
9406
8562
7149
2747
-2390
-5193
-7521
-11011
-13479
-13301
-11560
-10230
-8671
-5000
-1391
36
1181
2516
2964
2271
917
817
983
-79
-44
1257
2147
2717
3124
3921
4180
2266
231
-700
-2453
-5184
-7379
-8118
-7761
-7903
-7812
-5823
-3535
-2184
-625
1649
3699
4297
4436
6970
9645
8836
8255
10596
12609
11569
8801
8199
8411
4587
-424
-2138
-3563
-7021
-10166
-10547
-9299
-9730
-10234
-7485
-4425
-3947
-3614
-1491
848
895
-22
1245
3024
2591
1912
2855
4113
3923
2621
2529
3057
1370
-1068
-1723
-2081
-3900
-5884
-5973
-5136
-5850
-6821
-5620
-3962
-3847
-3696
-1881
401
946
1484
5493
9369
9550
10007
13038
15338
13473
9694
9077
8811
3839
-1488
-3000
-4022
-6916
-9848
-9528
-7385
-7930
-8470
-5747
-3466
-3873
-4580
-3465
-1586
-2033
-3390
-1718
849
1221
1651
3646
5698
6054
4636
4320
4651
2173
-915
-1948
-2870
-4449
-5847
-5652
-3999
-3918
-4309
-2516
-1077
-1610
-1904
-961
106
-386
-528
3009
6067
5956
7492
11691
14309
13027
10900
11337
10577
5271
375
-1402
-3414
-6875
-9479
-8820
-7074
-7554
-7332
-4525
-2710
-3151
-3721
-3023
-2293
-3779
-5105
-3549
-2037
-1937
-901
1648
4102
4743
4429
5137
4895
2243
-106
-1281
-2853
-5111
-6761
-6291
-5220
-5350
-4752
-2608
-1082
-742
-295
934
1609
646
1275
4315
5434
5080
6848
10149
11429
9407
8338
9459
7485
2534
-278
-1320
-3598
-7195
-8704
-6878
-6086
-6978
-5350
-2190
-1091
-1750
-1815
-427
-470
-2802
-3274
-1624
-1503
-2034
-884
1328
2763
2558
2894
4474
3759
1306
309
-553
-2456
-4476
-5518
-4854
-4750
-5457
-4095
-2076
-1428
-1037
148
1836
2180
1958
4630
7690
7558
7613
10356
12664
11216
8313
8213
8032
3507
-1400
-2843
-4038
-7318
-10037
-9197
-7003
-7090
-6881
-3661
-760
-735
-1248
-167
856
-734
-2712
-2128
-1310
-2137
-2295
-496
1316
1330
924
2095
2714
664
-1178
-1291
-2039
-3912
-5368
-5014
-4081
-4491
-4472
-2642
-1153
-947
-247
1479
2280
2360
4482
7362
8362
8887
11182
13952
13390
10746
10239
9414
5047
-39
-2986
-4837
-7818
-10914
-10836
-8874
-8281
-7351
-4546
-1616
-332
-686
-53
1489
394
-1736
-1695
-999
-1194
-1788
-989
1326
1667
533
1427
2132
247
-1917
-2914
-3499
-5123
-7138
-6754
-5380
-5214
-4420
-2571
-963
18
647
1730
2183
2067
4080
6274
6435
7405
10223
12641
12420
10860
11229
10933
6735
2239
-210
-2923
-6711
-10045
-10842
-9931
-9937
-9268
-6490
-3737
-2039
-925
422
1788
1421
262
525
1081
618
147
753
2153
2303
1348
1730
2047
83
-2049
-2897
-3897
-5653
-7172
-7004
-6101
-6071
-5507
-3646
-2087
-1146
131
1550
2021
2426
4781
6955
6759
7092
9937
12373
11470
9633
10318
10488
6548
2124
481
-1207
-4856
-8148
-8757
-8202
-8829
-8785
-6731
-4566
-3483
-2913
-1584
51
238
-18
929
2076
2275
2131
2963
4391
4192
2595
2159
2063
-119
-2798
-3987
-4751
-6130
-7549
-7296
-5888
-5670
-5537
-3893
-2128
-1321
-928
139
1392
1775
3243
6031
7254
7840
10122
12715
12933
11065
10212
10112
6886
1801
-1003
-2799
-5731
-8550
-9566
-8700
-7814
-7319
-5733
-3661
-2421
-1876
-1450
-820
-726
-1416
-1303
-22
843
1224
2450
4452
5491
4600
3682
3354
1358
-1752
-3896
-5613
-7411
-8737
-9081
-8315
-7320
-6417
-4773
-2778
-1393
-481
354
931
1423
2695
4778
6254
7128
9383
12558
13795
12804
12262
12189
9572
4581
661
-1963
-5472
-9187
-11024
-10940
-10320
-9459
-7487
-4681
-2560
-1367
-239
788
1077
481
7
615
1184
1154
1863
3520
4876
4913
4440
4567
3537
786
-1560
-3646
-6012
-7876
-9128
-9461
-9032
-8456
-7020
-4935
-3167
-1536
-156
885
1802
2937
4907
6601
7175
8615
11401
13030
12528
11814
11983
10634
6470
2429
-129
-3416
-7523
-10161
-10997
-11265
-11273
-9940
-7263
-4950
-3387
-1580
416
1663
1827
1766
2566
3629
3518
3365
4574
5593
5387
4824
4704
4279
2160
-349
-1886
-4073
-6649
-8012
-8776
-9065
-8882
-8294
-6665
-5210
-4225
-2368
-770
-51
1320
3703
6270
7640
8562
11437
14087
13505
12299
12404
11331
7570
3047
133
-2341
-6493
-10028
-10987
-11318
-11822
-11447
-9610
-7112
-5789
-4958
-2829
-859
-489
-453
743
2607
3214
3026
4550
6558
6444
5524
5469
5230
3268
386
-1282
-2479
-4722
-6583
-7161
-7346
-7417
-7318
-6505
-5148
-4650
-4156
-2564
-1452
-822
1217
4348
6629
7878
10318
13917
14963
13532
13276
13069
9840
5112
1598
-1010
-4555
-8485
-10204
-10084
-10299
-10327
-8945
-6702
-5109
-4682
-3816
-2141
-1504
-1873
-1361
460
1886
2086
3290
5740
6765
6264
5855
5959
5056
2333
123
-1089
-3047
-5050
-6304
-6840
-6582
-6641
-6472
-5192
-4502
-4334
-3521
-2758
-2028
-544
1739
4307
6234
8549
12058
13981
13513
13367
13256
10807
6715
2977
90
-3260
-7131
-9144
-9498
-9953
-9659
-8286
-6668
-5106
-4131
-3219
-1991
-1668
-1901
-1520
-698
386
1250
2230
4219
5649
5966
6283
6037
5217
3786
1479
-537
-2366
-4116
-5052
-5904
-6093
-5238
-4844
-4171
-3177
-3013
-2473
-1986
-2199
-1309
433
2280
3990
5638
8858
11924
12053
11901
12767
11556
8025
4268
1156
-1909
-5863
-8935
-9673
-10110
-10309
-9076
-7319
-5494
-4137
-3320
-1843
-910
-1359
-1401
-803
1
808
1072
2277
4064
4546
4624
4438
3711
2678
621
-1572
-3091
-4679
-5757
-6400
-6556
-5478
-4640
-4096
-2934
-2308
-1702
-1106
-1494
-1019
801
2466
3976
5787
8784
12010
12662
12475
13374
12469
9068
5555
2340
-1155
-5232
-8502
-9446
-10011
-10676
-9481
-7411
-5719
-4257
-3134
-1695
-683
-1082
-1100
-320
185
911
1750
2986
4760
5545
5856
6187
5350
3907
2083
-332
-2478
-4373
-5724
-6259
-6670
-6287
-4983
-3852
-2899
-2363
-1767
-654
-591
-1007
278
2441
4027
5167
7542
11234
13044
12741
13157
13353
10780
6608
2937
-242
-4254
-8600
-10966
-11558
-12028
-11832
-10205
-7807
-5732
-4525
-3240
-1574
-980
-1215
-954
-214
655
1271
2119
4041
5472
5769
6227
6065
5080
3526
1102
-1002
-2874
-5028
-6266
-6914
-7106
-6333
-5674
-4720
-3563
-3257
-2250
-1002
-1023
-263
1765
3907
5732
7322
10328
13581
14151
13906
14318
13110
9724
5501
1673
-1715
-6009
-9906
-11422
-11969
-12201
-11576
-10100
-7751
-5972
-5177
-3600
-2030
-1677
-1403
-613
690
1950
2623
4051
6058
6791
6870
6709
5898
4675
2239
-585
-2269
-3842
-5477
-6448
-6773
-6256
-5860
-5695
-4677
-4167
-4320
-3583
-3077
-2917
-1568
819
3617
5955
8436
12233
14925
15139
15029
14685
12497
8552
4058
268
-3453
-7725
-10712
-11824
-12147
-11831
-10764
-8831
-6612
-5411
-4590
-3211
-2316
-2255
-2073
-1150
431
1723
2903
4953
6874
7610
7600
7267
6672
5025
2265
33
-1467
-3263
-4962
-5786
-5597
-5142
-5104
-4594
-3864
-3761
-3362
-2857
-2773
-1933
-54
2252
4214
6120
9487
12911
14091
14306
14680
13732
10748
6743
3051
-224
-4085
-7642
-9546
-10327
-10579
-10350
-9254
-7442
-6109
-5473
-4469
-3425
-3043
-2793
-2095
-886
240
1234
2822
4627
5586
5876
5984
5650
4451
2400
316
-1337
-2960
-4549
-5512
-5586
-5381
-5397
-5081
-4515
-4199
-3783
-3361
-3284
-2791
-1303
823
2758
4550
7550
10848
12372
12898
13440
13054
10898
7397
3995
978
-2599
-5887
-7835
-8812
-8950
-8636
-7897
-6346
-5115
-4556
-3725
-3046
-2914
-2910
-2668
-1638
-408
430
1932
3746
4816
5487
5630
5212
4436
2791
752
-1031
-2682
-3904
-4812
-5347
-5012
-4460
-3911
-3172
-2902
-2600
-1981
-2069
-2207
-1222
610
2388
3723
6081
9628
11609
11904
12485
12730
11055
7736
4356
1658
-1542
-5181
-7456
-8399
-8775
-8635
-7887
-6318
-4790
-4098
-3400
-2545
-2332
-2566
-2430
-1607
-619
-21
1005
2857
4233
4653
4778
4704
4134
2556
345
-1340
-2665
-4074
-5182
-5405
-4778
-4194
-3813
-3003
-2224
-1956
-1579
-1301
-1417
-845
783
2567
3891
5810
9106
11683
12271
12486
12753
11526
8414
4738
1657
-1397
-4885
-7605
-8904
-9176
-8744
-7976
-6733
-5101
-3855
-3103
-2385
-1934
-2023
-2023
-1563
-844
-19
1060
2515
3856
4514
4611
4307
3513
2145
135
-2053
-3705
-4878
-5913
-6340
-5756
-4768
-3871
-2902
-2010
-1436
-916
-679
-984
-750
747
2497
3501
5133
8306
10881
11450
11559
12093
11390
8423
4841
1927
-1174
-4714
-7528
-8935
-9344
-9149
-8333
-6770
-5084
-3841
-2822
-1900
-1300
-1313
-1334
-707
-43
407
1334
2730
3957
4547
4655
4696
4188
2761
750
-1527
-3440
-4894
-6351
-7210
-6921
-6279
-5437
-4267
-3175
-2186
-1317
-615
-195
432
2188
4233
5038
6203
9060
11342
11556
11276
11596
10825
7802
4239
1534
-1294
-4678
-7422
-8905
-9354
-9211
-8640
-7256
-5676
-4611
-3631
-2460
-1566
-1355
-1141
-14
1123
1703
2862
4535
5568
5822
5898
5769
4723
2698
669
-1334
-3467
-5088
-6193
-6685
-6689
-6560
-5739
-4556
-3849
-3416
-2702
-1775
-1293
-584
1609
3919
4865
6639
10088
12270
12181
12081
12557
11309
7538
3853
1381
-1755
-5453
-7947
-8882
-8934
-8877
-8411
-6865
-5435
-4883
-4149
-3067
-2573
-2828
-2631
-1051
462
1101
2745
5131
6381
6758
6988
6825
5511
2973
409
-1909
-4463
-6506
-7549
-7915
-7769
-7318
-6235
-4605
-3547
-2833
-1819
-1151
-799
162
1865
3318
4300
6571
9851
11425
11590
12284
12680
10955
7649
4567
1915
-1626
-5403
-7639
-8711
-9219
-9099
-8403
-7076
-5784
-4874
-3551
-2285
-2070
-2087
-1423
-417
374
1296
3221
5133
5821
6283
7029
6907
5390
3259
1164
-1031
-3602
-5864
-7036
-7637
-8097
-7910
-6801
-5494
-4608
-3591
-2251
-1379
-671
1013
2960
3772
4788
7528
10059
10686
10773
11573
11556
9223
6142
3863
1513
-1856
-5124
-6984
-7887
-8546
-8762
-8023
-6781
-6084
-5528
-4271
-3064
-2793
-2547
-1397
-156
621
1798
3861
5685
6461
6965
7464
7151
5765
3777
1755
-268
-2631
-4743
-5811
-6287
-6721
-6632
-5744
-4885
-4394
-3526
-2437
-2014
-1343
769
2745
3244
4493
7665
9925
9805
9748
10791
10409
7610
4663
2765
510
-2806
-5598
-6845
-7376
-7903
-8033
-7192
-6032
-5589
-5280
-4367
-3754
-3851
-3568
-2452
-1233
-335
1135
3429
5091
5938
6729
7151
6699
5137
3096
1360
-523
-2777
-4541
-5307
-5525
-5745
-5558
-4465
-3449
-2989
-2241
-1564
-1424
-567
1360
2631
2832
4351
7614
9367
8841
9155
10472
9695
6698
4018
2365
69
-3232
-5604
-6337
-6769
-7227
-6956
-5974
-4967
-4457
-3946
-3089
-2927
-3271
-2749
-1774
-1128
-366
1145
3162
4504
5113
5842
6179
5510
3989
2018
157
-1728
-3807
-5326
-5778
-5710
-5654
-5249
-4073
-2813
-1945
-1213
-926
-741
249
1739
2423
2658
4532
7300
8278
8039
8638
9343
8157
5431
3161
1533
-951
-3881
-5711
-6520
-6935
-6945
-6397
-5395
-4503
-3840
-2916
-2198
-2189
-2097
-1415
-817
-355
833
2438
3721
4706
5637
6331
5829
4576
3439
1544
-863
-2694
-4151
-5271
-5928
-5956
-5122
-4232
-3517
-2362
-1141
-355
-316
-410
894
2598
2816
2983
5025
7502
8236
7865
8220
8659
7107
4298
2140
239
-2394
-5005
-6683
-7383
-7494
-7205
-6193
-4983
-4109
-3115
-2073
-1471
-1321
-1194
-622
-132
173
1269
2750
3677
4344
5058
5522
4978
3576
2316
624
-1645
-3484
-4920
-6011
-6582
-6613
-5781
-4746
-3963
-2727
-1201
-172
71
358
1951
3790
3999
4177
6247
8513
8874
8282
8531
8660
6646
3635
1558
-432
-3217
-5690
-7104
-7712
-7846
-7574
-6510
-5142
-4102
-3014
-1936
-1246
-908
-704
-117
517
691
1529
3065
4004
4596
5177
5549
5114
3488
1961
466
-1813
-3779
-5161
-6337
-6800
-6791
-6098
-4943
-4309
-3191
-1487
-568
-151
484
1932
3754
4107
4546
7032
9063
9162
8876
9234
9256
7103
4037
2205
86
-3052
-5492
-7036
-7736
-7756
-7644
-6692
-5381
-4383
-3152
-2218
-1695
-1152
-1011
-650
14
232
1276
2994
3797
4458
5267
5749
5474
3855
2326
1039
-1362
-3581
-4936
-6122
-6555
-6464
-5878
-4594
-3805
-2745
-981
-214
22
681
1818
3380
3771
4041
6443
8532
8740
8830
9338
9437
7685
4577
2525
475
-2775
-5330
-7055
-8183
-8180
-7952
-7238
-5945
-4914
-3599
-2579
-2296
-1877
-1729
-1660
-1102
-755
115
1846
2971
3756
4766
5457
5416
4177
2642
1456
-524
-2773
-4316
-5563
-6204
-6177
-5635
-4451
-3421
-2386
-858
221
544
856
1830
3319
3873
4040
5894
8092
8655
8604
9095
9428
8020
5280
3164
1083
-2020
-4800
-6725
-8007
-8315
-8213
-7649
-6381
-5050
-3679
-2579
-1995
-1311
-931
-836
-433
-251
297
1720
2626
3117
4010
4866
5197
4126
2619
1888
336
-1974
-3689
-5002
-5581
-5724
-5879
-5003
-3828
-3069
-1823
-786
-288
451
1439
3031
4107
4108
5566
7925
8617
8523
8817
9135
8246
5629
3337
1662
-1178
-4117
-6178
-7681
-8050
-8036
-7872
-6648
-5341
-4279
-3112
-2370
-1625
-1078
-952
-349
98
341
1618
2781
3124
3697
4473
5067
4556
2982
1879
596
-1485
-3260
-4689
-5589
-5870
-6112
-5642
-4472
-3564
-2481
-1135
-248
324
1114
2630
4152
4577
5325
7371
8781
8840
8831
9207
8903
6928
4347
2358
95
-2782
-5339
-7044
-7704
-7904
-7972
-7080
-5701
-4638
-3587
-2525
-1517
-934
-817
-341
124
143
863
2014
2609
3094
3657
4173
4099
2897
1726
734
-1113
-2991
-4530
-5692
-5995
-6257
-6180
-4969
-3985
-3245
-1873
-706
81
585
1377
3180
4133
4225
5870
7986
8919
9115
9157
9583
8899
6190
3765
1753
-1113
-3989
-6452
-7909
-8207
-8767
-8577
-6922
-5662
-4516
-3026
-1747
-553
-292
-353
494
689
460
1326
2189
2799
3543
4014
4587
4374
3051
2305
1163
-1007
-2591
-3924
-5052
-5610
-6212
-5737
-4511
-4176
-3294
-1667
-752
0
688
1765
3665
4395
4780
6766
8535
9356
9656
9568
9831
8734
5791
3439
1047
-2083
-4707
-7036
-8542
-9003
-9379
-8616
-6967
-5827
-4241
-2460
-1367
-505
-227
-14
661
605
572
1514
2175
2628
3398
3902
4220
3925
2986
2292
867
-1266
-2621
-3953
-5390
-6028
-6231
-5833
-5175
-4829
-3582
-1914
-1207
-485
634
2097
3828
4559
5411
7670
9313
9762
9812
9597
9411
7884
4832
2388
43
-2990
-5748
-8108
-9386
-9480
-9497
-8673
-6982
-5478
-3746
-2095
-954
-8
340
617
1212
1222
1260
1994
2711
3360
4012
4448
4708
4330
3161
1911
487
-1414
-3307
-5051
-6338
-6897
-7117
-6916
-6036
-5008
-3898
-2536
-1470
-627
514
1949
3547
4726
5679
7552
9463
10305
10572
10543
10242
8888
5893
2827
312
-2759
-5934
-8402
-9788
-9882
-9649
-8920
-7108
-5138
-3265
-1517
-278
737
1423
1729
1986
2043
2053
2484
3214
3711
4064
4533
4857
4712
3596
2033
799
-1002
-3445
-5288
-6484
-7364
-7938
-8108
-7154
-5751
-4841
-3511
-2038
-929
425
1655
3229
5215
6212
7478
9652
10955
11319
11003
10491
9670
6678
2989
668
-2230
-5723
-8273
-9906
-10265
-10216
-9896
-7949
-5788
-4113
-2158
-640
796
1738
1497
1926
2516
2103
2254
3135
3924
4177
4081
4761
5227
3941
2335
1233
-386
-2715
-5186
-6826
-7679
-8642
-9268
-8668
-7330
-6243
-5038
-3108
-1197
81
1315
3357
5792
7113
7802
9593
11448
11706
10746
9909
9476
7407
3443
205
-2022
-4854
-8031
-10136
-10370
-9849
-9673
-8621
-6531
-4494
-2581
-894
632
1682
2014
2555
3163
3056
2776
3225
4318
4730
4286
4614
5385
5007
3223
1131
53
-1427
-4446
-6907
-8054
-8868
-9650
-10100
-9069
-7227
-6000
-4129
-1841
-264
1567
3480
5323
7278
8277
9228
10868
11575
11139
10111
9131
8345
5606
1537
-937
-3010
-6071
-8818
-10427
-10367
-9799
-9684
-8171
-5692
-3648
-1645
-151
1246
2738
2943
3050
3806
3648
3329
3635
4286
4955
4559
4480
5353
4631
2653
1088
-284
-2032
-4942
-7653
-8486
-9144
-10036
-9901
-8805
-6828
-4861
-3068
-597
1484
3020
4827
6636
8368
9053
9107
10399
11270
10209
8870
8111
7076
4366
560
-1884
-3704
-6611
-9061
-10151
-10239
-9766
-9362
-7904
-5346
-3337
-1568
198
1675
2942
3287
3408
3949
3563
3206
3631
3616
3853
4101
3824
3943
3282
1716
256
-1885
-3738
-5399
-8005
-9494
-10016
-10570
-9850
-8840
-7306
-4547
-2344
-164
2035
3519
5424
6684
7304
8429
8452
8461
9445
8998
7725
6896
5951
4414
1241
-1735
-2988
-5154
-7798
-9043
-9369
-8629
-7713
-6889
-4560
-2007
-364
1076
2212
3491
4277
3827
3950
4330
3813
3775
3927
3912
4266
4006
3654
3390
1976
295
-1502
-3771
-5576
-7535
-9164
-9485
-9820
-9503
-8073
-6751
-4803
-2449
-384
1746
3101
4247
5880
6809
7463
7831
7954
8913
9012
7714
6977
6299
4625
2085
-670
-2515
-4344
-6712
-8137
-8708
-8692
-7846
-6963
-5552
-3287
-1395
91
1473
2611
3529
3735
3666
3868
3783
3736
3868
3763
3957
4049
3468
2876
1962
467
-1287
-3320
-4990
-6551
-8327
-9013
-8988
-8809
-7588
-6065
-4424
-2190
-290
1390
2870
3668
4666
5660
6394
6970
6861
7283
8318
8011
7017
6436
5666
4059
1404
-922
-2361
-4270
-6200
-7274
-7621
-6957
-6248
-5575
-3749
-1857
-689
356
1324
2280
2592
2242
2476
2587
2134
2126
2231
2348
2490
2048
1612
1212
140
-1168
-2724
-4267
-5306
-6651
-7736
-7776
-7713
-7016
-5664
-4566
-3075
-1377
104
1503
2165
2708
3734
4353
4915
5235
5379
6640
7455
6817
6411
6242
5661
4048
1458
-175
-1363
-3394
-5020
-5910
-6021
-5355
-5056
-4270
-2552
-1230
-188
843
1597
2149
2156
2135
2449
1921
1336
1624
1641
1361
1204
1092
1216
778
-185
-787
-1707
-2864
-3910
-5102
-5559
-5713
-6106
-5479
-4363
-3538
-2364
-1056
523
1911
2247
2983
4121
4783
5486
5583
5912
7251
7497
6827
6562
6359
5826
3918
1462
212
-1475
-3825
-5411
-6609
-6884
-6600
-6576
-5463
-3823
-2602
-1236
-274
551
1295
1172
1298
1467
803
719
972
981
1348
1465
1508
1816
1480
925
199
-1131
-2118
-3392
-4915
-5442
-5898
-6231
-5721
-5061
-4100
-2866
-1856
-533
579
1177
2113
2929
3817
4896
5233
6128
7875
8526
8409
8242
8019
7478
5344
2655
924
-1149
-3518
-5467
-6952
-6980
-6558
-6383
-5194
-3604
-2134
-705
-60
501
1101
778
328
-32
-454
-323
-292
-156
890
1689
1945
2337
2376
2057
1204
-280
-1313
-2565
-4308
-5350
-6053
-6454
-6158
-5706
-4827
-3704
-2922
-1637
-315
91
551
1548
2710
3891
4499
5451
7446
8494
8402
8288
8210
7860
5916
3114
1553
-72
-2619
-4723
-6001
-6166
-6020
-6107
-5053
-3650
-2724
-1516
-649
-97
255
-145
-251
-270
-956
-1007
-497
13
859
1767
2848
3779
3843
3769
3521
2272
661
-1015
-2794
-4158
-5302
-6119
-6255
-5910
-5121
-4154
-2992
-1524
-167
784
1510
2394
3395
4346
5220
5787
6741
8252
8760
8457
8235
7924
6933
4600
2233
747
-1345
-3850
-5586
-6632
-6853
-6947
-6924
-5849
-4730
-3871
-2814
-2119
-1691
-1416
-1453
-1322
-1346
-1483
-856
-129
437
1612
2853
3665
4256
4358
4226
3517
1814
134
-1567
-3497
-5038
-6285
-6924
-6721
-6390
-5562
-4139
-2885
-1601
-227
743
1535
2375
3256
4401
5185
5659
6896
8244
8784
8843
8669
8508
7300
4624
2420
586
-2122
-4758
-6660
-7717
-8097
-8543
-8123
-6750
-5580
-4348
-3267
-2391
-1478
-1373
-1436
-844
-657
-649
87
1239
2372
3166
4080
5427
6033
5747
5072
3787
2224
460
-1863
-3934
-5317
-6297
-6767
-6812
-6199
-4848
-3490
-2356
-1206
37
1104
1465
1773
2825
4151
4920
5457
7005
8907
9649
9762
9973
9815
8450
5773
3159
780
-2302
-5240
-7336
-8799
-9668
-10093
-9485
-8039
-7003
-5902
-4288
-3012
-2274
-1824
-1245
-547
-496
-232
1014
2016
2861
4154
5496
6572
6752
6295
5830
4442
2199
31
-2201
-4233
-6091
-7480
-7690
-7661
-7530
-6347
-4842
-3574
-2393
-1185
133
805
1256
2540
4061
5422
6601
7967
9983
11411
11535
11356
11155
9934
7136
3710
805
-2282
-5794
-8533
-10277
-11141
-11227
-10656
-9264
-7580
-5903
-3985
-2322
-1058
-169
299
849
1134
1042
1599
2545
3291
4250
5386
6336
6760
6535
6018
4842
2844
565
-2025
-4515
-6497
-8215
-9162
-9258
-8963
-7890
-6178
-4291
-2510
-923
878
2208
2634
3440
4616
5600
6546
7353
8640
10163
10704
10523
10090
9256
7323
3767
263
-2537
-6094
-9540
-11764
-12912
-12876
-12253
-10931
-8552
-6057
-3678
-1544
-2
1345
2016
2291
2713
2426
2166
2966
3893
4373
4901
5991
6997
6728
5747
4747
3046
637
-2209
-5120
-7304
-8999
-10286
-10580
-9984
-8741
-6963
-4723
-2303
-401
1375
3292
4291
4661
5404
6344
7331
8138
8811
10015
11051
11042
10187
8980
7676
5106
1013
-2575
-5584
-8902
-11529
-13080
-13461
-12563
-11112
-8934
-6269
-3733
-1100
946
2376
3652
3886
3926
4424
3919
3344
3744
4180
4468
4561
4935
5553
4845
3404
2238
454
-1714
-4172
-6730
-8066
-8963
-9978
-9747
-8559
-7190
-5400
-3281
-872
1215
2646
4320
5542
5797
6411
7234
7806
8296
8226
8470
9273
8828
7296
5830
4395
2246
-1311
-4589
-6427
-8673
-10879
-11659
-11582
-10600
-8970
-7109
-4563
-2001
83
1985
3210
3963
4376
4160
4083
3818
2934
2732
3033
2911
2763
2563
2571
2510
1320
-125
-1278
-2825
-4531
-6365
-7703
-7948
-8228
-8147
-6862
-5415
-3772
-1730
16
1730
3210
4263
5241
5436
5301
5718
5956
6079
5988
5646
6046
6066
4774
3568
2668
1386
-671
-3181
-4701
-5733
-7235
-7880
-7464
-6675
-5387
-3941
-2134
-100
1162
2234
3355
3639
3334
2850
2401
2077
1311
675
860
1033
1000
1203
1404
1577
1416
442
-501
-1257
-2459
-3726
-4754
-5333
-5423
-5373
-4794
-3686
-2698
-1168
633
1639
2582
3625
4343
4530
4046
3873
4158
3968
3693
3478
3387
3862
3755
2913
2454
2047
1261
1
-1506
-2391
-3141
-4171
-4688
-4792
-4538
-3779
-3128
-2307
-1175
-435
139
642
766
707
450
258
288
61
-129
249
779
1160
1409
1576
1963
2100
1399
548
-120
-1085
-2275
-3438
-4180
-4393
-4593
-4451
-3820
-3093
-1879
-594
93
822
1610
2162
2444
2030
1766
2157
2438
2554
2556
3048
4360
4924
4533
4595
4885
4403
2903
1134
7
-1232
-3070
-4433
-5091
-5356
-5228
-4904
-4081
-2867
-1985
-1096
-113
393
580
588
503
451
131
-12
512
974
1267
1834
2578
3304
3395
2803
2362
1664
148
-1545
-3030
-4182
-5100
-5931
-6091
-5601
-4924
-3655
-2228
-1221
-96
982
1739
2131
1864
1866
2459
2807
3162
3634
4475
5960
6696
6595
6768
6636
5680
3884
1631
-270
-2336
-4635
-6187
-7207
-7700
-7353
-6629
-5460
-4027
-2720
-1266
-114
318
501
545
518
309
-124
76
853
1385
1923
2788
3728
4396
4303
3697
2891
1658
36
-1854
-3668
-4963
-5863
-6403
-6347
-5742
-4593
-2976
-1271
75
1141
2222
3034
3234
2947
2642
2707
2933
3186
3455
3935
5119
6251
6439
6317
6334
5949
4516
2213
34
-1749
-3634
-5504
-6879
-7250
-6716
-6144
-5425
-3969
-2308
-1027
-88
546
867
787
599
468
16
-203
337
777
1037
1584
2278
2954
3070
2590
1912
889
-362
-1844
-3600
-4842
-5619
-6160
-6044
-5518
-4652
-3281
-1810
-415
668
1468
2251
2488
2168
1801
1408
1247
1527
1910
2377
3295
4676
5864
6315
6463
6642
6140
4479
2214
68
-1875
-3998
-6185
-7591
-7761
-7280
-6746
-5837
-4020
-1950
-543
451
1434
2108
2165
1781
1323
829
312
71
208
559
980
1574
2476
3073
2997
2738
2404
1594
61
-1575
-2674
-3607
-4636
-5190
-4918
-4149
-3271
-2353
-1122
193
973
1292
1514
1556
1198
710
747
1334
1894
2370
3444
5227
6588
6911
6937
7097
6432
4227
1555
-511
-2524
-4929
-6963
-7921
-7866
-7341
-6407
-4774
-2690
-781
622
1600
2174
2124
1490
768
-19
-964
-1420
-1071
-376
420
1586
3192
4643
5289
5174
4797
4101
2562
297
-1947
-3645
-5030
-6285
-6878
-6487
-5492
-4338
-3122
-1761
-399
427
737
833
658
265
-141
-139
430
1196
2055
3324
5076
6647
7307
7284
7175
6472
4441
1814
-405
-2466
-4817
-6789
-7559
-7323
-6700
-5779
-4262
-2354
-684
310
919
1370
1235
469
-312
-822
-1135
-1156
-588
583
1867
3190
4607
5722
6226
5921
4968
3676
1901
-312
-2435
-4064
-5212
-5977
-6165
-5574
-4571
-3383
-2055
-908
-7
458
382
101
-237
-657
-1069
-1268
-778
460
1790
2979
4525
6537
7940
7903
7306
6876
5612
3005
232
-1870
-3725
-5669
-7060
-7349
-6841
-5938
-4880
-3673
-2197
-905
-284
36
304
175
-278
-516
-399
-155
301
1171
2274
3342
4390
5225
5679
5723
5136
3997
2589
793
-1280
-3059
-4410
-5566
-6327
-6369
-5948
-5459
-4735
-3670
-2652
-1884
-1349
-952
-631
-377
-144
65
551
1648
2998
4120
5127
6526
8126
8775
8183
7511
7088
5686
3099
633
-1124
-2879
-4879
-6296
-6674
-6484
-6172
-5675
-4725
-3448
-2406
-1727
-926
-151
107
318
863
1274
1498
2073
3090
3998
4443
4907
5464
5484
4832
3658
2379
1061
-996
-3281
-4850
-6132
-7355
-8048
-7948
-7328
-6732
-5805
-4274
-2992
-1985
-859
18
545
886
1238
1754
2081
2473
3585
4747
5402
6233
7546
8505
8134
7223
6937
5925
3310
721
-1173
-3078
-5225
-7143
-7878
-7591
-7256
-6704
-5464
-3584
-1714
-544
573
1978
2522
2393
2612
2761
2435
2110
2257
2679
2706
2618
2965
3231
2923
2035
1031
254
-1090
-3042
-4457
-5395
-6455
-7325
-7451
-6874
-6183
-5329
-3973
-2645
-1560
-555
231
887
1328
1452
1729
2129
2275
2796
4053
5161
5694
6519
7950
8491
7535
6696
6235
4656
1951
-612
-2523
-4235
-6259
-7839
-7923
-7097
-6363
-5474
-3592
-1239
106
922
2348
3283
2971
2509
2360
1974
1195
661
782
1106
1318
1661
2322
3072
3175
2461
1916
1409
-277
-2349
-3592
-4727
-6279
-7408
-7542
-7144
-6549
-5441
-3920
-2428
-847
598
1535
2155
2404
2369
2486
2426
1921
2038
3338
4282
4315
5204
7261
8199
7272
6618
6722
5399
2247
-648
-2560
-4439
-6782
-8662
-8785
-7873
-7237
-6239
-4067
-1634
-84
936
2291
3128
2523
1848
1775
1208
203
-277
-3
634
1076
1599
2728
3724
3880
3440
2860
2204
660
-1581
-3218
-4603
-6263
-7257
-7467
-7257
-6458
-5165
-3558
-2065
-738
870
2178
2670
2811
2831
2982
2974
2162
1805
2977
4028
3897
4091
5692
7177
6677
5467
5334
4696
2296
-505
-2660
-4241
-5943
-7780
-8375
-7608
-6651
-5560
-3886
-1633
374
1421
2317
3084
2762
1947
1336
440
-650
-1314
-1362
-945
-382
488
1794
3004
3671
3810
3515
2758
1300
-804
-2837
-4600
-6430
-7784
-8087
-7704
-6847
-5339
-3270
-1043
832
2420
3847
4694
4786
4323
3688
3162
2372
1360
1392
2579
3301
3489
4631
6622
7621
6956
6232
6015
4524
1504
-1282
-3166
-4706
-6483
-7847
-7566
-6312
-5324
-4092
-2049
118
1298
1608
2126
2287
1275
213
-375
-1098
-1797
-1994
-1325
-214
471
1303
2813
3920
3958
3255
2608
1919
-136
-2833
-4406
-5563
-7030
-7893
-7644
-6476
-5046
-3484
-1328
789
2341
3570
4339
4629
4205
3067
2300
1758
440
-673
-328
875
1448
1531
2840
4940
5638
4888
4325
4107
2735
-50
-2497
-3800
-4951
-6529
-7498
-6830
-5422
-4306
-2938
-848
1209
2312
2657
3024
3069
2161
1039
291
-413
-1086
-1337
-675
393
957
1685
2921
3653
3462
2795
2227
1357
-615
-2713
-3843
-4781
-5756
-5962
-5278
-4025
-2720
-1148
1169
3092
4024
4767
5278
4980
3746
2146
1104
63
-1587
-2624
-2401
-1389
-447
115
1573
3848
4997
4811
4614
4676
3788
1374
-865
-2070
-3482
-4928
-5467
-5113
-4265
-3330
-2060
-376
1023
1836
2259
2380
1991
753
-603
-1347
-2270
-3435
-3802
-3261
-2460
-1860
-993
462
1507
1917
2110
1950
1702
1007
-256
-1118
-1886
-2691
-2715
-2414
-1979
-1199
-176
1382
2395
2488
3013
3372
2676
1415
-34
-931
-1610
-2960
-3682
-3314
-2437
-1008
271
1867
4390
6355
7160
7376
7273
6960
5572
3264
1480
-158
-1944
-3173
-4004
-4200
-3638
-2954
-2089
-1163
-565
-114
-31
-437
-1206
-2349
-3124
-3518
-4198
-4359
-3584
-2484
-1157
236
1749
3440
4584
5047
4957
4372
3617
2201
246
-1304
-2604
-3810
-4562
-4908
-4692
-4043
-3201
-2188
-1485
-911
-271
-45
-271
-785
-1207
-1317
-1604
-1806
-1476
-613
1050
2759
3965
5528
7403
8706
8742
7823
7287
6294
3638
870
-1260
-3186
-4869
-6440
-7140
-6826
-6403
-5671
-4656
-3527
-2167
-1363
-851
-112
-119
-323
-58
26
239
747
1491
2608
3493
4315
5228
5579
5726
5400
4210
3124
1805
-220
-2070
-3649
-4864
-5685
-6271
-6107
-5536
-4789
-3448
-2242
-1303
-66
878
1364
1617
1534
1623
1771
1677
1784
1905
2327
3429
4227
4580
5204
5912
6186
5372
4044
3412
2313
94
-1907
-3395
-4542
-5530
-6549
-6717
-6088
-5450
-4622
-3586
-2335
-1062
-335
374
1132
1180
1123
1397
1435
1278
1166
1299
1676
1824
1750
1801
2025
1936
1153
322
-35
-729
-2135
-3296
-3770
-4315
-5018
-5124
-4713
-4135
-3332
-2315
-1172
-56
881
1636
2245
2592
2449
2128
2093
1915
1283
900
1236
1886
2229
2331
2994
4151
4649
4162
3669
3688
3078
1297
-414
-1409
-2411
-3659
-4537
-4715
-4380
-3759
-2919
-1835
-530
671
1536
2266
2623
2340
2059
1869
1161
140
-314
-164
-281
-729
-504
212
538
450
257
231
135
-629
-1780
-2533
-3033
-3713
-4369
-4402
-3923
-3463
-2681
-1418
-383
447
1485
2398
2689
2514
2384
2246
1753
1035
438
202
333
597
900
1378
2186
3066
3557
3603
3541
3475
3005
1873
652
-362
-1284
-2100
-2825
-3239
-3107
-2561
-1941
-1395
-681
264
863
943
892
819
548
-31
-677
-1052
-1328
-1594
-1636
-1349
-878
-541
-279
187
512
375
65
-213
-509
-1113
-1790
-2017
-2067
-2157
-2074
-1748
-943
-97
269
755
1437
1802
1772
1385
1100
949
382
-157
-306
-295
156
859
1421
2295
3421
4433
4999
4941
4920
4848
3964
2607
1256
6
-1050
-2269
-3382
-3794
-3860
-3782
-3544
-3165
-2453
-1858
-1664
-1376
-1185
-1331
-1480
-1638
-1683
-1639
-1658
-1336
-756
-347
114
725
1260
1549
1425
1260
1215
706
-117
-600
-861
-1234
-1675
-1809
-1525
-1213
-1068
-849
-517
-274
-201
-187
-197
-298
-390
-354
-171
66
354
1044
2048
2799
3437
4305
5210
5667
5449
5068
4764
3913
2513
1130
-40
-1075
-2262
-3340
-3834
-4050
-4299
-4306
-3980
-3435
-2905
-2479
-1921
-1346
-936
-554
-148
239
567
802
1138
1550
1703
1716
1847
1913
1730
1375
1058
786
323
-276
-670
-960
-1270
-1550
-1740
-1677
-1568
-1572
-1451
-1169
-988
-860
-572
-216
-1
157
556
1064
1380
1644
2186
2909
3431
3612
3768
4168
4315
3839
3275
2798
1983
817
-408
-1436
-2366
-3313
-3981
-4312
-4432
-4345
-4057
-3533
-2816
-2193
-1662
-1000
-421
-72
172
380
487
457
389
331
282
324
380
308
300
373
274
-2
-263
-450
-704
-1068
-1310
-1403
-1507
-1543
-1410
-1125
-805
-550
-296
9
266
407
562
706
763
852
1024
1187
1445
1884
2361
2817
3266
3660
3890
3886
3643
3282
2701
1908
1025
66
-782
-1500
-2209
-2694
-2807
-2774
-2638
-2333
-1839
-1399
-1181
-961
-654
-499
-544
-594
-612
-623
-706
-732
-536
-322
-252
-133
73
216
229
147
58
-91
-300
-544
-814
-1032
-1123
-1130
-1141
-1029
-772
-620
-601
-472
-257
-200
-138
89
273
393
532
806
1262
1711
2112
2501
2935
3456
3756
3687
3612
3546
3160
2484
1741
1046
306
-570
-1376
-1986
-2467
-2763
-2964
-2999
-2748
-2427
-2099
-1738
-1379
-1030
-724
-510
-355
-207
-22
146
296
474
625
788
1017
1144
1093
1034
973
754
281
-244
-621
-1002
-1488
-1934
-2150
-2177
-2175
-2120
-1830
-1378
-952
-603
-216
252
528
658
842
1048
1287
1555
1764
2011
2365
2727
3025
3142
3168
3155
2816
2180
1461
627
-285
-1248
-2126
-2794
-3273
-3551
-3642
-3502
-3050
-2455
-1917
-1302
-647
-175
153
436
719
867
782
763
822
779
719
657
650
658
460
141
-93
-409
-888
-1376
-1801
-2134
-2454
-2663
-2603
-2436
-2200
-1816
-1347
-805
-219
325
840
1333
1787
2091
2282
2508
2668
2741
2856
2954
2991
3029
3065
2998
2750
2481
2194
1671
990
399
-152
-794
-1376
-1757
-1967
-2113
-2173
-2048
-1736
-1388
-1040
-634
-196
205
514
796
1035
1096
1063
973
773
488
178
-115
-416
-741
-1044
-1318
-1558
-1765
-1961
-2168
-2344
-2406
-2432
-2445
-2366
-2217
-1961
-1631
-1308
-885
-386
92
525
903
1292
1680
1957
2134
2342
2569
2682
2607
2510
2515
2447
2183
1953
1798
1569
1213
745
318
8
-316
-689
-963
-1122
-1212
-1356
-1424
-1266
-1087
-974
-718
-384
-158
54
267
450
476
383
356
274
49
-244
-621
-936
-1131
-1482
-1816
-1952
-2110
-2274
-2363
-2367
-2236
-2125
-2050
-1848
-1639
-1383
-1075
-848
-525
-108
178
577
1096
1478
1865
2246
2550
2779
2896
3056
3153
3007
2834
2670
2395
2118
1821
1470
1171
837
462
140
-138
-400
-624
-773
-845
-940
-1071
-1054
-981
-958
-900
-735
-525
-425
-367
-186
-4
59
42
0
35
56
-117
-328
-425
-559
-792
-1060
-1276
-1389
-1562
-1748
-1782
-1805
-1844
-1798
-1702
-1523
-1296
-1103
-827
-526
-229
168
572
919
1181
1393
1634
1787
1832
1932
2046
2084
2092
2129
2161
2095
1992
1914
1726
1420
1092
767
457
94
-322
-634
-782
-938
-1074
-1092
-979
-824
-793
-775
-692
-579
-503
-520
-512
-472
-475
-431
-334
-220
-84
30
139
190
140
39
-117
-367
-701
-1097
-1471
-1752
-1989
-2170
-2229
-2130
-1914
-1681
-1381
-969
-547
-174
143
375
595
826
1001
1146
1324
1612
1947
2204
2446
2780
3135
3345
3376
3312
3170
2849
2285
1666
1076
501
-105
-688
-1086
-1353
-1610
-1743
-1736
-1688
-1634
-1624
-1591
-1562
-1608
-1649
-1651
-1650
-1575
-1417
-1192
-868
-529
-228
17
187
282
239
34
-221
-573
-1036
-1475
-1850
-2140
-2302
-2358
-2255
-1983
-1615
-1125
-585
-90
406
882
1247
1519
1716
1874
2053
2183
2268
2430
2623
2820
2997
3128
3260
3254
3015
2733
2400
1862
1214
564
-72
-673
-1247
-1669
-1876
-1978
-1992
-1897
-1693
-1434
-1197
-1015
-835
-672
-592
-540
-470
-374
-276
-177
-14
179
334
455
537
544
454
281
18
-363
-792
-1251
-1735
-2157
-2461
-2620
-2626
-2510
-2269
-1923
-1509
-1020
-527
-72
399
835
1130
1341
1558
1763
1925
2054
2197
2365
2482
2574
2673
2711
2640
2462
2253
2002
1595
1126
707
251
-236
-629
-858
-996
-1162
-1256
-1182
-1053
-975
-928
-829
-664
-548
-544
-542
-517
-538
-597
-646
-639
-605
-592
-569
-539
-578
-664
-743
-832
-948
-1155
-1387
-1525
-1672
-1870
-1925
-1806
-1646
-1459
-1199
-828
-423
-91
224
550
818
1035
1179
1277
1426
1536
1606
1790
2009
2163
2316
2490
2602
2573
2433
2222
1902
1469
1009
521
7
-452
-908
-1304
-1538
-1664
-1720
-1706
-1636
-1477
-1309
-1148
-940
-799
-682
-560
-510
-481
-383
-252
-152
-53
87
229
299
332
353
256
50
-173
-446
-762
-1072
-1357
-1573
-1740
-1829
-1781
-1640
-1399
-1088
-735
-353
60
435
753
1063
1323
1540
1726
1867
2005
2145
2291
2431
2526
2607
2677
2645
2481
2267
1985
1607
1178
707
249
-161
-518
-850
-1098
-1230
-1288
-1287
-1222
-1102
-1003
-913
-819
-752
-701
-640
-556
-470
-401
-319
-231
-146
-45
22
38
20
-69
-224
-444
-707
-999
-1315
-1607
-1841
-2009
-2090
-2090
-2020
-1867
-1627
-1315
-984
-630
-261
77
397
707
958
1144
1322
1518
1698
1830
1957
2071
2140
2129
2055
1955
1789
1564
1245
882
506
106
-278
-634
-906
-1089
-1193
-1218
-1173
-1042
-867
-686
-489
-290
-134
-17
105
188
212
213
224
244
209
165
144
94
13
-115
-306
-515
-750
-1049
-1326
-1558
-1763
-1900
-1969
-1914
-1771
-1595
-1339
-998
-622
-232
107
379
657
855
958
1047
1106
1158
1224
1288
1376
1452
1517
1632
1723
1760
1759
1736
1642
1452
1215
974
771
556
307
98
-37
-127
-216
-300
-301
-283
-295
-292
-282
-270
-278
-304
-341
-397
-456
-474
-449
-422
-392
-368
-351
-366
-415
-481
-542
-631
-781
-947
-1082
-1208
-1347
-1454
-1508
-1523
-1502
-1418
-1292
-1156
-1002
-832
-656
-465
-283
-108
60
225
404
637
931
1247
1540
1800
2074
2320
2496
2613
2637
2607
2521
2330
2088
1800
1481
1138
739
376
85
-170
-402
-583
-679
-747
-810
-869
-897
-902
-917
-922
-916
-898
-866
-811
-736
-653
-571
-497
-436
-407
-401
-436
-516
-637
-825
-1039
-1264
-1479
-1659
-1800
-1864
-1897
-1894
-1807
-1647
-1462
-1262
-1026
-787
-557
-313
-41
253
546
832
1123
1452
1789
2063
2311
2565
2769
2842
2823
2776
2646
2422
2121
1775
1389
957
516
107
-262
-584
-870
-1102
-1253
-1339
-1398
-1403
-1338
-1260
-1169
-1069
-950
-843
-746
-645
-523
-411
-337
-286
-247
-224
-250
-289
-336
-428
-554
-662
-763
-870
-964
-992
-964
-913
-816
-673
-518
-361
-189
-20
151
319
475
662
872
1067
1246
1406
1604
1816
1995
2169
2313
2429
2492
2477
2421
2317
2138
1895
1593
1245
859
456
63
-312
-651
-910
-1095
-1251
-1348
-1356
-1305
-1237
-1172
-1095
-996
-930
-896
-863
-826
-792
-793
-783
-762
-775
-819
-873
-913
-974
-1072
-1135
-1153
-1216
-1270
-1285
-1273
-1227
-1209
-1142
-1013
-920
-800
-647
-468
-275
-110
54
239
417
573
716
888
1093
1288
1488
1721
1925
2090
2247
2360
2380
2311
2185
2003
1731
1379
1030
670
279
-98
-445
-718
-898
-1030
-1078
-1047
-982
-846
-701
-555
-406
-322
-255
-223
-251
-268
-308
-368
-424
-523
-617
-718
-824
-871
-913
-945
-943
-985
-1038
-1044
-1062
-1100
-1104
-1073
-1020
-953
-865
-716
-525
-357
-184
15
220
423
629
865
1090
1269
1435
1598
1740
1837
1909
1977
1992
1937
1851
1757
1628
1443
1215
953
679
406
163
-9
-148
-303
-417
-488
-519
-505
-439
-336
-249
-211
-185
-183
-208
-285
-424
-559
-698
-857
-1026
-1144
-1232
-1316
-1387
-1420
-1371
-1282
-1217
-1143
-1045
-978
-921
-820
-697
-586
-481
-356
-212
-68
89
276
464
630
788
944
1094
1242
1368
1482
1579
1633
1665
1672
1651
1613
1543
1455
1352
1200
1033
865
676
471
255
43
-142
-325
-464
-550
-634
-711
-786
-826
-809
-804
-833
-833
-850
-896
-944
-999
-1054
-1111
-1175
-1220
-1238
-1238
-1212
-1163
-1078
-992
-921
-823
-709
-599
-501
-421
-360
-321
-285
-223
-154
-100
-37
62
174
304
457
612
754
892
1040
1174
1300
1422
1505
1575
1619
1614
1585
1513
1426
1332
1180
1027
890
690
466
224
-4
-202
-410
-553
-615
-675
-673
-623
-578
-490
-415
-338
-257
-244
-226
-200
-221
-252
-326
-449
-573
-711
-854
-968
-1070
-1150
-1228
-1303
-1344
-1348
-1347
-1337
-1277
-1191
-1084
-917
-702
-468
-219
36
313
573
790
1014
1219
1368
1494
1597
1686
1727
1710
1711
1706
1659
1587
1500
1395
1269
1115
969
833
649
473
312
153
23
-97
-199
-252
-244
-213
-180
-125
-77
-70
-84
-120
-185
-284
-413
-544
-677
-819
-936
-1033
-1128
-1207
-1296
-1366
-1394
-1401
-1405
-1392
-1346
-1280
-1224
-1121
-988
-863
-717
-534
-330
-125
82
275
450
591
692
757
832
899
923
948
973
972
963
953
970
980
947
904
847
778
693
608
511
397
283
173
97
39
2
-30
-61
-70
-68
-95
-118
-110
-127
-170
-232
-321
-396
-474
-569
-654
-740
-806
-851
-887
-913
-942
-949
-949
-930
-883
-845
-792
-728
-666
-569
-474
-365
-217
-75
63
197
317
439
550
629
714
765
801
857
885
894
904
900
884
842
786
745
704
651
589
536
491
429
373
323
267
225
188
166
167
172
186
213
228
237
238
237
224
177
108
15
-107
-230
-381
-534
-676
-821
-917
-995
-1047
-1076
-1087
-1065
-1022
-955
-876
-778
-663
-539
-401
-266
-137
-19
93
226
354
455
560
641
687
723
712
682
621
534
449
334
210
111
37
-25
-74
-105
-98
-67
-16
50
118
218
317
427
531
592
632
635
619
603
565
506
420
333
243
137
34
-65
-173
-281
-391
-512
-614
-718
-830
-955
-1064
-1144
-1200
-1232
-1245
-1220
-1171
-1111
-1015
-882
-733
-591
-482
-361
-249
-155
-61
10
57
91
110
131
137
141
171
213
261
327
426
527
611
694
789
879
970
1068
1145
1199
1233
1247
1232
1191
1135
1059
961
846
724
602
462
313
163
13
-131
-263
-379
-483
-578
-654
-718
-770
-804
-827
-860
-878
-861
-835
-814
-787
-765
-739
-712
-668
-598
-538
-471
-400
-332
-245
-161
-84
-9
48
111
180
219
265
329
385
454
525
597
677
737
776
804
812
800
784
755
695
609
494
381
275
157
38
-78
-181
-259
-345
-415
-458
-496
-527
-540
-538
-505
-454
-399
-314
-235
-155
-89
-42
19
55
53
43
18
-24
-75
-144
-230
-314
-387
-447
-483
-500
-487
-452
-408
-349
-281
-204
-122
-42
25
87
138
186
236
280
330
371
393
418
435
448
463
461
454
440
424
402
377
360
337
302
261
229
211
213
220
216
217
228
230
222
225
230
218
196
183
163
145
114
54
-3
-79
-158
-237
-343
-442
-551
-679
-796
-917
-1025
-1104
-1155
-1189
-1206
-1208
-1176
-1112
-1041
-938
-833
-725
-595
-455
-310
-148
19
168
309
448
581
692
789
874
937
966
967
941
894
836
774
708
624
543
459
375
315
268
227
199
184
168
151
156
188
216
248
273
280
284
281
276
263
254
248
243
233
206
157
89
15
-77
-186
-291
-389
-491
-564
-606
-644
-671
-692
-695
-668
-620
-544
-465
-372
-259
-137
-7
132
260
373
467
549
626
665
706
746
752
744
713
643
560
477
370
236
117
3
-119
-218
-311
-400
-480
-543
-584
-621
-640
-627
-595
-570
-548
-511
-460
-409
-366
-318
-273
-246
-209
-153
-95
-51
-30
-10
-4
-13
-33
-62
-102
-146
-203
-262
-303
-342
-374
-385
-397
-398
-382
-364
-318
-262
-222
-163
-87
-37
6
48
107
170
217
270
326
376
410
447
487
507
506
497
487
474
461
446
441
435
420
404
396
398
398
390
379
362
346
339
332
327
322
303
283
273
254
235
218
193
157
105
53
-11
-70
-131
-200
-257
-315
-371
-419
-452
-483
-518
-543
-538
-536
-528
-497
-458
-420
-394
-377
-354
-327
-293
-246
-208
-181
-157
-130
-97
-70
-50
-39
-20
-4
3
10
4
0
5
15
39
66
87
118
139
145
155
178
204
225
236
232
229
227
223
207
186
183
185
181
168
139
114
84
46
14
-12
-33
-55
-70
-85
-99
-115
-130
-135
-136
-141
-143
-140
-131
-128
-123
-99
-65
-39
-18
5
28
45
73
114
135
147
148
151
157
157
165
161
148
133
116
100
86
68
48
29
9
-7
-26
-35
-46
-57
-51
-29
-7
23
60
88
121
146
159
161
146
126
104
76
43
5
-40
-85
-125
-175
-230
-293
-363
-419
-467
-518
-553
-572
-572
-552
-541
-512
-449
-388
-328
-281
-227
-156
-91
-29
31
76
113
152
187
216
252
283
308
322
318
312
301
297
290
274
270
256
248
242
231
236
256
267
281
310
343
377
405
425
442
458
466
466
467
445
406
359
310
256
207
167
112
35
-40
-108
-180
-246
-301
-352
-399
-441
-467
-489
-505
-503
-500
-501
-500
-488
-471
-459
-431
-405
-379
-359
-331
-281
-225
-186
-163
-143
-132
-122
-104
-95
-86
-79
-77
-74
-67
-63
-49
-38
-23
6
30
57
85
102
124
157
199
243
274
307
335
347
360
379
393
389
365
334
293
252
224
203
173
133
84
29
-26
-68
-95
-114
-141
-163
-180
-202
-204
-201
-205
-204
-205
-205
-208
-217
-220
-213
-192
-162
-126
-92
-72
-49
-19
17
46
79
105
115
130
146
158
175
184
190
194
191
187
193
201
200
205
210
209
224
231
233
229
216
207
199
196
195
178
150
123
88
58
35
11
-11
-42
-83
-124
-161
-202
-229
-247
-266
-280
-304
-315
-322
-326
-324
-328
-332
-332
-325
-319
-317
-304
-284
-274
-261
-244
-224
-202
-174
-137
-90
-50
-22
0
25
48
65
85
102
116
125
134
149
173
189
199
216
229
235
244
268
275
263
251
231
217
204
196
195
200
193
177
163
136
111
92
67
35
8
-22
-47
-57
-69
-71
-83
-106
-116
-119
-117
-122
-128
-130
-149
-161
-157
-158
-153
-141
-135
-127
-118
-103
-69
-40
-16
1
18
30
31
33
34
34
40
42
52
51
40
37
41
55
75
89
104
111
113
113
118
129
132
132
116
98
86
68
52
30
-2
-30
-53
-78
-95
-120
-142
-156
-181
-203
-210
-210
-209
-201
-197
-199
-194
-184
-169
-151
-131
-121
-113
-108
-94
-74
-56
-45
-28
3
22
45
59
75
97
119
131
139
151
153
154
160
155
155
167
178
192
198
197
203
209
219
226
228
241
251
252
246
242
222
189
156
123
85
47
21
-4
-31
-65
-94
-117
-137
-158
-196
-233
-255
-277
-297
-302
-292
-285
-286
-284
-276
-260
-249
-235
-212
-197
-190
-185
-155
-120
-99
-79
-60
-41
-30
-16
-3
12
21
31
42
53
62
79
96
108
111
113
117
123
145
156
163
170
168
160
146
139
136
128
117
111
98
94
91
85
80
86
96
85
66
48
37
20
9
0
-7
-16
-27
-31
-32
-36
-53
-67
-83
-91
-97
-99
-102
-104
-102
-105
-105
-105
-97
-86
-74
-66
-60
-50
-48
-54
-56
-50
-40
-40
-45
-36
-22
-4
2
14
21
13
10
12
27
33
37
45
52
58
69
83
79
78
83
92
99
97
97
87
72
71
74
74
76
62
41
31
24
9
-4
-23
-45
-57
-61
-61
-64
-67
-66
-77
-89
-89
-74
-61
-53
-58
-66
-69
-74
-68
-62
-63
-64
-58
-49
-35
-21
-16
-13
-20
-24
-16
-6
-4
-1
12
17
13
11
20
30
42
61
74
81
85
81
76
73
71
74
72
76
71
64
62
60
51
43
45
45
34
20
16
6
-4
-11
-13
-14
-19
-30
-44
-48
-58
-61
-63
-60
-48
-35
-20
-7
-9
-25
-35
-49
-63
-62
-57
-48
-43
-31
-21
-8
3
-2
-5
-12
-18
-24
-26
-17
-10
-5
-14
-13
-14
-24
-26
-24
-18
-21
-20
-14
-7
1
3
17
24
25
30
31
34
24
22
25
32
37
31
27
26
34
42
46
38
25
17
9
12
25
16
10
9
8
13
12
16
12
7
13
18
17
7
-3
1
2
9
17
28
39
44
35
29
30
18
11
5
4
2
-14
-25
-26
-12
-1
-2
-3
-9
-12
-3
6
6
-2
-4
-10
-17
-11
5
14
13
9
4
1
4
8
0
-21
-34
-44
-55
-62
-70
-79
-83
-86
-80
-69
-61
-51
-44
-41
-32
-26
-29
-34
-28
-23
-11
0
8
19
20
26
33
27
10
-6
-15
-7
5
6
7
3
-2
0
10
17
8
6
11
18
27
42
48
40
40
37
42
49
40
41
36
21
2
-12
-6
-4
-12
-13
-4
3
3
12
15
7
-19
-37
-33
-20
-2
-1
0
5
13
11
2
-10
-19
-20
-6
1
3
14
17
21
32
31
24
32
39
42
45
51
50
38
40
52
50
48
44
39
33
18
-6
-20
-25
-35
-30
-31
-45
-51
-57
-60
-58
-55
-55
-50
-44
-31
-22
-21
-17
-19
-23
-28
-30
-24
-23
-8
8
8
-9
-21
-35
-48
-55
-59
-42
-21
-3
13
12
2
-7
-10
2
10
7
4
20
46
55
52
53
56
55
54
57
53
46
45
44
36
22
7
-6
-8
1
3
-5
-11
-16
-17
-22
-42
-51
-51
-51
-33
-14
-2
3
1
-1
-3
-6
2
24
30
24
22
17
15
7
5
10
17
26
22
16
4
-13
-23
-30
-37
-41
-44
-33
-20
-10
0
1
-4
-12
-13
-6
2
3
-3
-5
-8
-14
-9
-7
-7
-4
-9
-14
-16
-18
-21
-31
-31
-26
-17
-12
-7
-7
-14
-17
0
21
34
39
35
30
32
37
42
49
48
40
42
39
20
5
-11
-18
-18
-9
0
-4
-4
-5
-4
3
14
20
16
8
-2
-20
-32
-42
-39
-27
-23
-13
2
20
25
22
15
3
-6
-19
-21
-18
-15
-4
10
19
27
33
32
28
21
15
17
21
31
41
38
32
27
23
29
30
27
16
3
1
5
10
12
5
-4
-19
-25
-18
-10
-8
-10
-11
-15
-8
-8
-19
-28
