1
-8
-8
-12
1
1
-4
4
18
21
20
22
22
25
23
19
19
20
24
27
22
25
36
34
36
40
30
21
20
18
20
25
9
2
2
0
-2
4
11
0
-14
-18
-32
-36
-16
-14
-18
-19
-19
-30
-30
-23
-24
-21
-17
-23
-16
-1
1
-4
-17
-23
-31
-26
-19
-25
-28
-41
-45
-29
-27
-19
-13
-15
-23
-22
-5
10
24
23
23
8
-2
-3
-16
-25
-21
0
9
20
24
2
-19
-41
-57
-61
-51
-40
-36
-43
-55
-48
-48
-41
-36
-36
-21
-7
14
31
34
29
32
29
10
12
21
30
45
53
55
46
35
26
28
33
32
24
20
15
-3
-9
-21
-26
-16
-15
-2
10
17
20
17
21
11
3
17
23
32
38
34
37
42
40
36
27
20
30
21
11
5
7
17
11
9
13
-11
-14
-1
-4
-9
-8
1
27
35
43
41
16
5
-3
-8
-21
-16
-14
-14
-2
1
8
12
16
9
3
3
-23
-44
-66
-59
-50
-31
-5
0
15
17
5
-8
-18
-26
-17
-14
-2
6
18
21
12
11
15
13
-3
1
-4
-24
-35
-53
-54
-47
-47
-41
-50
-49
-45
-47
-46
-54
-57
-41
-29
-15
5
13
20
25
25
17
17
4
-8
-10
-5
8
15
20
20
25
27
10
13
9
3
14
4
-15
-18
-9
-2
5
12
16
30
41
42
30
17
4
6
23
7
1
-11
-7
10
7
16
21
27
26
12
-5
-18
-11
-4
5
3
-7
-7
-19
-26
-17
-6
-6
-10
-8
9
26
32
19
4
-4
-17
-23
-22
-10
15
29
25
17
16
25
20
9
-8
-19
-21
-17
-13
-12
3
16
19
11
0
8
25
28
23
12
-2
-2
-14
-16
-26
-25
-11
5
17
16
19
27
35
32
19
4
-4
-12
-11
-1
13
14
22
31
18
16
16
0
-7
-24
-27
-28
-21
-15
-14
-1
6
7
3
-9
-11
-17
-28
-33
-27
-10
2
13
14
20
11
-5
-10
-1
-8
-1
16
17
9
-6
-20
-28
-32
-40
-43
-35
-22
-12
-6
-16
-18
-16
-2
8
-4
-5
-18
-12
-8
-1
9
3
5
-3
-12
-3
4
-6
-12
-15
-18
-21
-18
-18
-6
-3
-22
-28
-28
-21
-13
-5
7
18
32
19
15
11
16
18
17
19
15
16
9
10
18
16
2
-9
-21
-15
2
7
0
-4
6
15
21
14
2
-10
-17
-13
4
22
29
30
43
49
25
-2
-29
-54
-50
-41
-31
-4
16
20
20
33
13
8
-15
-21
-7
14
39
46
65
68
56
41
25
24
15
13
10
6
11
15
23
27
18
21
36
15
31
40
25
16
-2
0
9
15
4
-9
-7
-8
-13
-9
-9
1
-7
-10
-11
-21
-16
-20
-20
-22
-34
-52
-76
-77
-62
-37
-19
-4
8
15
6
-23
-38
-50
-61
-65
-41
-12
0
-2
-4
5
14
12
7
-5
-22
-32
-49
-39
-9
27
45
31
-22
-41
-32
-46
-63
-59
-54
-30
-32
-49
-25
9
16
8
-34
-77
-90
-54
34
88
98
89
65
65
71
72
55
11
-7
-27
1
22
-12
-21
-33
-39
-29
-3
41
71
73
49
93
152
108
69
56
57
71
43
33
24
-21
-33
-36
-9
-4
-77
-125
-130
-129
-141
-97
-162
-229
-136
-36
14
76
99
74
82
121
152
186
210
170
143
25
-96
-56
7
61
84
55
101
75
45
52
-27
-79
-36
27
110
145
184
175
162
215
193
214
176
25
-28
-2
-48
-94
-77
-95
-52
-42
-67
-94
-94
-14
3
0
-27
20
69
-47
-211
-315
-335
-254
-208
-196
-163
-131
23
185
243
224
151
40
-47
-154
-219
-227
-240
-191
-81
-133
-205
31
242
312
355
134
-91
-260
-426
-347
-264
-245
-198
-143
-97
-60
-124
-174
-52
125
245
263
248
274
251
224
97
-93
-193
-170
-98
-136
-189
-37
82
137
159
-1
-101
-122
-195
-179
-127
-204
-104
54
116
236
299
270
255
127
-31
-5
20
-51
-109
-40
-24
-26
66
191
384
402
293
152
12
-71
-231
-245
-185
-160
37
96
42
73
83
47
-51
-62
50
101
-17
-271
-386
-385
-388
-145
172
166
121
347
286
-99
-316
-298
120
431
250
250
367
382
433
319
195
-28
-487
-618
-513
-476
-108
426
773
806
399
56
-3
60
242
305
183
171
80
50
457
628
478
352
-32
-328
-282
-111
-55
-130
-134
-32
-19
-251
-469
-534
-368
-90
-175
-336
-394
-573
-411
-198
-245
-373
-665
-882
-1125
79
2305
2305
1247
174
-1018
-751
-283
-190
412
273
-582
-1344
-1955
-1104
428
1371
2282
1079
-991
-1183
-1250
-393
373
-984
-2323
-2999
67
5245
4728
1323
-1560
-3592
-1668
20
-195
1235
1394
-206
-1650
-3298
-2171
889
3005
4372
1178
-3567
-3820
-1916
1978
4562
2732
802
-1187
-1766
-135
191
790
961
-71
-136
-819
-1291
-368
511
1205
866
-148
-838
-1574
-1236
-406
-761
-1012
-1015
1099
5544
5149
1152
-1420
-2946
-1138
1159
544
526
-14
-1773
-2180
-2623
-1479
1383
2364
3256
1301
-2810
-2256
-308
2374
4700
2048
-517
-1772
-2718
-391
1378
1361
1628
47
-1011
-809
-1631
-1340
-265
379
289
-1425
-2764
-2901
708
7352
7376
2643
-873
-3637
-2125
870
945
1606
1543
-1052
-3228
-4981
-4155
-454
2232
4339
2154
-3138
-3765
-2000
1441
4456
2606
776
-813
-2783
-1647
-971
-345
814
-744
-1982
-2809
-3188
-1460
516
1792
1185
79
-571
-656
1959
5481
6034
2984
-494
-2364
-2497
-996
244
493
155
-1606
-3981
-4170
-1991
911
3428
3388
746
-2085
-3032
-1083
1678
3579
3503
1220
-1134
-2820
-2600
-964
246
728
-516
-1758
-1770
-1135
5
891
1694
2328
2466
1846
954
577
726
1017
872
626
292
-430
-1064
-1756
-2085
-1741
-1017
-486
-607
-1014
-1577
-1233
-177
828
1510
1336
486
-562
-919
59
1015
1007
-356
-2382
-2390
-1702
-1073
-373
-980
1117
4523
4521
3934
2944
1338
1150
526
-456
79
-619
-1825
-1970
-2873
-1876
-354
529
2519
1259
-591
-521
-1237
337
1960
1370
1204
-630
-1985
-755
-666
-877
-534
-1109
-1512
-1412
-1996
-1334
49
584
828
-168
-1169
-1553
-325
2941
3297
2234
3590
3757
2639
1371
-140
800
2296
1528
207
-1034
-1707
-2036
-2184
-1051
-318
-505
-117
-492
-1005
-634
-737
483
1826
1462
948
-885
-2042
-1560
-1402
-716
-902
-2235
-3106
-3365
-2586
-1479
-785
-275
-275
-465
-37
178
716
1670
2003
2639
3368
4624
5097
3078
246
-1706
-1986
-1340
-1038
-1126
-1360
-1698
-1954
-1700
-501
1419
2497
2604
1730
-65
-868
-633
79
351
-544
-1964
-3133
-3175
-2081
-954
-245
-113
-237
-308
-162
238
655
606
-86
-1262
-2742
-3314
-2887
-1947
-945
-193
1189
3559
5908
7092
6458
3246
221
-251
452
2212
2586
743
-1264
-3090
-3263
-2133
395
3180
2582
550
-1745
-3132
-1044
2213
4221
4192
1426
-2633
-4299
-3685
-1269
1460
1019
-398
-2971
-4252
-1871
-441
1018
1346
-791
-1827
-3094
-4002
-2622
-1346
286
863
-1448
-3073
-3022
521
9564
16822
14036
6391
-435
-5334
-4348
-1597
34
2429
1591
-2925
-6594
-7394
-3842
3071
8178
8824
2607
-5789
-7195
-4207
1015
5857
4180
-187
-4214
-7292
-5288
-1580
1494
4881
4611
2462
80
-2249
-2134
-722
-91
-1030
-2403
-4558
-5221
-3110
-1482
134
1030
1053
991
-45
-219
124
-1930
-1149
9765
17953
13241
2502
-8085
-10029
-4157
-604
1612
3923
1461
-3633
-7831
-8253
-2129
4639
10575
10727
-1215
-11390
-12633
-6897
4374
8934
4535
-1723
-7822
-7703
-1483
3929
7888
8984
5650
1289
-2184
-3777
-2735
-1182
-1668
-4008
-6884
-9108
-8302
-4163
972
4342
4131
3329
2628
1337
1983
2124
335
-2042
-1727
6295
13554
9733
4366
-395
-5561
-3352
-1882
-1280
2964
1445
-1867
-2568
-3063
-145
3532
6759
7249
-965
-7436
-7104
-5956
-300
4016
1626
-1161
-4651
-4863
249
4311
7405
7640
4320
2239
-621
-3822
-4740
-5150
-5347
-6169
-7435
-8944
-8489
-4132
407
3669
5090
4819
4600
4498
3626
773
-3518
-7150
-2384
12128
21628
17469
3435
-10371
-13086
-6278
504
4410
5835
3256
-2191
-8162
-8834
-2342
6886
15060
11577
-3341
-14959
-17373
-7453
6960
11508
7655
-1470
-9269
-7134
-86
7152
11430
9534
4807
-214
-3998
-5947
-5999
-4879
-5243
-7417
-10496
-12490
-10440
-3280
4241
7446
6838
4171
3193
4065
4962
1457
-5501
-8567
-2197
19318
27998
11390
-4152
-15166
-14164
-1100
3151
4909
8209
2023
-5282
-9824
-10128
1444
11801
16510
10709
-12293
-22281
-16174
-5611
10940
11807
1908
-3957
-9690
-5204
4949
9315
12665
10608
4199
-759
-5705
-7578
-7115
-5908
-6165
-9211
-12147
-13308
-8758
405
7501
9024
6593
4454
4718
4502
4618
653
-8129
-11656
-2130
23521
30681
9353
-8323
-19281
-15151
1318
5634
7706
10873
1610
-6914
-11235
-11097
2595
14000
20381
10927
-17760
-26332
-19423
-5501
15733
14518
2221
-5385
-11852
-3963
7425
11923
15839
11122
3635
-1330
-6991
-7900
-6802
-5077
-4780
-9006
-13311
-14176
-7574
4005
11536
10937
7093
4967
5389
6833
5811
-668
-8959
-12388
-11921
8570
32569
20071
-1218
-13928
-19936
-4119
7720
6879
12432
8564
-3399
-9710
-14311
-5191
8709
15505
18033
-4017
-26229
-22210
-12200
8021
20572
9286
-897
-9018
-10652
1338
7550
9748
11018
4289
-853
-5488
-9922
-10274
-7126
-3332
-5265
-9300
-12144
-10248
-425
8650
10641
7093
4208
4906
5435
3453
-1016
-8974
-12700
-11786
-8152
17632
32580
12533
-3509
-15131
-15752
2846
8292
8720
14017
4039
-7414
-12966
-15011
-1100
10406
16105
14326
-12580
-26908
-18476
-6143
16597
22723
9001
-711
-10423
-8802
2713
6645
10856
9915
1991
-2798
-8005
-10891
-8503
-2721
-592
-4652
-8377
-10939
-7278
3929
11114
10693
7841
5169
4625
3881
54
-4904
-10618
-11325
-12105
-2308
27287
27544
4824
-6775
-17431
-8794
8835
8097
10785
11530
-2504
-10764
-15147
-11031
4112
11252
17970
6477
-23094
-26234
-15071
3020
24754
20080
4185
-7151
-13943
-4614
5999
9310
11943
5995
-772
-5400
-10780
-11795
-7789
-1184
-1664
-5534
-8347
-11138
-4203
6662
10128
9878
8358
5954
4841
624
-4922
-9302
-13268
-10096
-7885
9254
32577
18699
-1702
-10607
-16077
-120
12334
8308
11217
6349
-7433
-11736
-13440
-4546
8591
13154
16230
-3945
-27286
-21075
-7910
13132
27417
14007
-2071
-12330
-13843
-1407
7203
10188
9335
2427
-2651
-7010
-10039
-9312
-4034
543
-2254
-5875
-9925
-10945
-985
7938
9517
9563
6688
3783
1818
-3573
-6606
-9820
-9767
-6281
859
25714
28517
3575
-7805
-14952
-9503
8557
7969
5921
7957
-3624
-10806
-11630
-7868
5944
10973
14597
6841
-20542
-23987
-12265
2526
22920
19175
3055
-8011
-15373
-6980
4744
8714
10518
4803
-1594
-4630
-7603
-8311
-6258
-1084
-1350
-5418
-7246
-10258
-5732
4786
9087
9322
8896
6562
4303
186
-4556
-8144
-10765
-6970
-4384
13223
32330
14617
-4629
-12242
-15161
1994
11644
7114
9454
3300
-7643
-9943
-10267
371
9607
10319
12016
-9058
-26249
-16429
-6539
12576
22494
8621
-2358
-11734
-11539
2513
8576
10612
8988
314
-3260
-5195
-7957
-7946
-4701
-2186
-4785
-7426
-9281
-8856
-296
8530
10447
9086
7458
5019
2057
-1722
-5860
-10289
-8695
-5995
-3311
20719
28777
6479
-5177
-13560
-11101
7474
8683
6090
9495
-526
-8233
-9827
-8899
3699
8580
11384
9073
-16851
-23571
-11837
-1966
17898
19647
4896
-4113
-12555
-7690
4887
8017
9768
5969
-1015
-3066
-5702
-8273
-7225
-2872
-2812
-6461
-7918
-10630
-7708
3168
9035
9211
8178
5049
3307
1600
-2212
-6065
-10861
-7340
-4560
5054
28423
20260
-2038
-8696
-15427
-5055
10052
5586
7039
7309
-5027
-8534
-9379
-3884
8611
9500
12176
-88
-23923
-18597
-7728
5363
21687
12481
-1487
-8334
-11663
-726
8279
9406
9871
4514
-1071
-4025
-7232
-8892
-5461
-2601
-6155
-8447
-9823
-10876
-2762
6951
9248
9543
7908
4901
3743
-315
-4468
-9096
-9814
-4777
-740
20115
27871
4500
-7258
-12375
-10811
6987
9622
5462
9143
747
-7327
-7811
-6451
5066
9297
9745
6924
-18008
-24943
-12096
-2066
16607
17670
2337
-6171
-12138
-5695
6829
9901
10668
7302
1204
-2418
-5500
-7819
-7138
-3415
-4531
-8193
-8649
-9743
-6153
4061
9351
9140
8823
7022
5470
2442
-1998
-6963
-11069
-7211
-3682
12369
28801
11562
-6777
-13068
-15257
175
9972
6677
9621
4634
-5164
-7492
-7871
2564
10559
9530
9605
-10561
-26381
-16554
-6924
9983
18404
6080
-2563
-9189
-8136
3582
8242
10540
10081
3937
-862
-5305
-8119
-9008
-6951
-5951
-8907
-9435
-9174
-8439
-484
7369
9217
9862
9271
7873
3681
-1537
-6480
-10728
-9140
-5288
13461
28246
10458
-7205
-14898
-15280
1651
9499
7864
11568
4589
-3867
-6842
-8055
3830
10784
10456
9476
-13263
-26843
-17425
-8433
10518
18198
5842
-1614
-8463
-6777
5807
8899
10962
11509
4944
787
-4604
-8261
-7605
-5805
-4913
-7973
-10288
-9917
-7321
578
7560
9408
8763
7682
7779
3561
-1488
-6334
-12056
-11499
-5835
15143
28329
8927
-8559
-16397
-15516
2586
9085
8345
13716
4734
-3818
-6060
-7855
5081
12495
12476
9220
-15804
-27076
-17517
-8578
11145
15980
2849
-3146
-8758
-4937
7391
8756
9214
9880
4542
798
-3628
-8229
-8224
-6473
-6639
-8730
-10378
-9829
-5479
1950
6754
8772
8676
8043
10005
6374
371
-5557
-12098
-13068
-6896
15834
27390
7522
-9185
-17380
-15427
3962
9836
9074
15290
6137
-3474
-6061
-8174
4120
12052
13481
8584
-18520
-28077
-18508
-8838
12575
15864
2445
-2660
-8254
-3791
8500
8971
8250
8438
3707
-202
-4315
-8567
-8947
-6358
-5983
-8091
-10452
-11047
-5999
2504
7065
8545
7509
6350
8183
5469
914
-5455
-12379
-12385
588
22987
23067
1106
-13397
-18330
-10454
5690
9281
10068
12391
3603
-4936
-7880
-5072
6908
14062
16052
2967
-23502
-25601
-15360
-3298
14543
11592
-641
-5041
-7949
-729
8698
8783
7820
6196
3595
-380
-4796
-7017
-7476
-5299
-5776
-8089
-9882
-9827
-2634
5324
7910
8143
5507
5726
7626
5061
1273
-6298
-13412
-11476
8546
27780
17059
-4545
-17460
-19349
-5407
6231
8288
11737
8559
496
-5608
-9282
-1386
9153
14903
15831
-5654
-25651
-21339
-12704
3748
15782
7876
-1233
-6420
-5243
4317
9793
9776
6768
2588
1435
-1800
-5148
-5935
-5915
-4875
-6335
-8436
-10217
-8701
743
7405
8231
7681
2869
3859
7056
4604
972
-7246
-14440
-9224
13973
28773
13285
-7491
-18990
-17853
-1893
6427
7861
11638
5269
-2286
-6756
-9154
647
9005
14613
13175
-12084
-25870
-19167
-10404
8249
14324
3946
-3077
-7690
-2997
6701
8744
7881
4779
584
-603
-2891
-5407
-5689
-4712
-4956
-6697
-8047
-9392
-6081
3195
8185
8426
6771
1965
3527
6419
4629
300
-8420
-14708
-4967
20810
27956
8748
-9704
-20045
-15019
992
5702
7982
10654
2295
-4678
-8783
-7436
4081
10866
16759
10070
-16511
-23349
-16085
-6345
12376
13525
3508
-2514
-7764
-1661
7245
7806
7589
4166
-102
-2488
-5326
-5888
-5628
-4073
-4421
-6644
-7882
-9386
-4475
4893
8234
8979
6253
2027
3669
4362
3958
-200
-9971
-13941
2388
26300
23635
2610
-13698
-20728
-10785
3407
6360
9670
8754
-260
-6781
-10521
-4418
7515
13997
18554
3313
-20889
-20676
-13333
-580
14697
10192
1228
-4086
-7262
-27
6561
6797
6307
2600
-746
-3890
-7182
-6679
-5161
-3625
-3957
-6063
-8385
-8515
-876
7256
8486
8290
4222
1812
3897
3401
2831
-2203
-11670
-12229
8263
27150
17683
-2209
-16027
-19446
-7362
3314
6053
10209
7223
-696
-6804
-10340
-2238
8254
15335
17461
-3798
-22498
-18800
-11526
4082
13934
7107
631
-4341
-4869
1595
4811
5276
4712
1980
-320
-4921
-8430
-7629
-4893
-2469
-2988
-5073
-7618
-6791
1947
8678
8811
7820
3130
1790
4017
2840
699
-4996
-13103
-7999
15756
27396
12602
-6217
-17815
-16681
-3749
3801
7277
10221
4757
-2826
-9413
-10611
-371
9122
17596
15119
-10089
-22555
-17448
-9211
8652
14113
5661
-88
-5257
-2819
4150
5571
5550
4025
1775
15
-4824
-8552
-8042
-4752
-1905
-2172
-4814
-8063
-5171
4247
9271
8969
6580
2782
3331
4783
3486
-447
-8193
-14033
-3831
20690
26732
8746
-9337
-18638
-14171
-1918
3780
8378
10180
3109
-5290
-12030
-10086
1362
11462
20175
11995
-14022
-22397
-16695
-6292
10939
13603
5052
-1120
-5687
-2401
4037
5162
4507
2607
799
-1255
-5479
-8490
-8071
-4955
-2490
-2383
-4981
-7260
-2353
6288
9385
8046
4277
1358
3621
5080
3751
-2154
-11635
-14976
-1282
22280
25281
6906
-10287
-18282
-12831
-1625
3555
8479
9665
2446
-6212
-12649
-9320
2367
12794
20203
9235
-14753
-20992
-15438
-3512
12083
12245
3931
-2056
-5430
-1353
4729
5271
3595
1820
37
-2569
-6355
-8615
-8037
-5339
-3114
-3156
-5715
-6322
-608
7439
10248
7589
2685
457
3046
5412
4744
-2210
-13164
-14033
6648
26711
21035
2026
-13832
-17793
-8007
635
4944
9479
7008
264
-7098
-12081
-5970
4895
14735
18257
928
-17698
-18531
-12452
2324
13084
8194
1478
-3718
-4019
2146
5977
6430
3797
60
-1216
-3133
-5529
-6724
-6745
-5130
-3838
-4322
-5905
-4469
2473
8918
9818
6390
1021
-270
2467
4910
4022
-4132
-14442
-10572
12952
27459
16471
-1904
-15221
-15617
-4428
2084
6077
9257
4227
-2417
-8843
-11030
-2888
6997
16571
14812
-6127
-18574
-16153
-8538
6519
12404
5393
-548
-4252
-2098
4294
6945
6615
3028
-1176
-3058
-5461
-6796
-6920
-6055
-4147
-3345
-4310
-6147
-3281
4699
9478
9436
5580
-106
-1171
627
2386
1530
-6397
-13143
-1434
19596
21978
6842
-8999
-16483
-10515
-1292
2875
6731
5692
-147
-5231
-9726
-6589
2095
10003
17115
6705
-13494
-17416
-12416
-1344
10873
8700
1046
-3773
-4737
1018
6294
7720
6723
1994
-2106
-4925
-7508
-7137
-5574
-4497
-4029
-4389
-6078
-6297
-429
7481
10574
9105
4285
-31
-126
1507
2562
25
-7829
-9036
8964
24187
17071
698
-13047
-14964
-4991
1282
5219
8685
3555
-2341
-7495
-9925
-1751
6548
13657
15325
-2966
-17934
-15645
-8621
5392
12559
4922
-2129
-5807
-3402
4260
7237
7286
4804
-75
-2889
-5649
-7753
-7080
-5028
-4392
-4804
-5579
-7488
-5406
2551
8607
9871
6748
1274
-208
878
2146
1884
-3558
-10108
-3752
16578
24751
11644
-5445
-15751
-12675
-2239
2789
6969
8082
1996
-3707
-9263
-8819
680
8496
15611
11327
-9408
-18898
-14225
-4596
9169
11389
2912
-3073
-4742
-327
5425
7322
7226
3801
54
-2714
-6314
-8266
-7902
-5653
-4243
-4122
-5210
-7471
-4009
4292
8524
9671
6295
553
272
1154
1565
571
-6607
-10984
2061
20814
21700
6160
-10630
-17419
-10310
-1243
2896
7081
5580
-659
-6087
-11130
-7283
2604
10338
16552
6656
-12787
-17478
-12806
-1477
10622
8848
1659
-3429
-4317
1252
5303
7134
7519
3566
368
-2482
-6566
-8065
-7338
-5868
-4631
-3855
-4741
-5605
-405
6251
8196
8422
4955
1128
1956
2599
1719
-1343
-8788
-9134
9104
25170
19034
1590
-13898
-17547
-7704
380
5140
9361
5351
-1259
-7580
-11762
-4688
4957
12742
15924
164
-15965
-16155
-10815
1925
10846
6254
651
-3452
-3534
1713
4438
6539
7019
3267
284
-2991
-6621
-8033
-7448
-6609
-5832
-4267
-4794
-4378
2182
7358
8016
6992
3085
1179
2469
2898
1317
-4337
-11338
-6406
13672
25718
15979
-1922
-14807
-15538
-6237
413
5548
8911
4189
-2002
-8918
-11414
-2614
6661
14904
14927
-3555
-16482
-15290
-9361
3671
9799
4888
618
-2705
-2230
1831
4110
6715
6898
3142
111
-3183
-6109
-7056
-6924
-6786
-6496
-5619
-5539
-3044
3992
8210
8106
5897
1814
1397
3061
3512
1376
-6710
-13456
-4580
15808
24216
12800
-4867
-15621
-13814
-5326
469
5908
8096
2943
-3683
-10713
-11620
-2557
7167
15611
12043
-6985
-16823
-14785
-7263
5806
9531
4445
302
-3153
-2153
1520
4239
7385
7067
3414
-178
-4224
-6380
-6586
-6524
-6105
-5816
-5731
-5397
-1586
5318
8871
8601
5418
1575
2026
3261
3190
186
-8776
-14075
-950
20341
24200
10084
-6983
-16102
-11513
-2850
1894
7611
8540
2554
-4006
-10762
-9516
480
10098
18082
10489
-9441
-15949
-13230
-4423
8632
9275
3322
-996
-4624
-2695
1234
4117
6839
5322
2162
-901
-4843
-6373
-6067
-5715
-5908
-6345
-6982
-6499
-825
6010
8305
8048
4165
927
2349
3408
3211
-1482
-11120
-14092
1600
22637
23420
7435
-8722
-16714
-10869
-1638
2496
8121
8107
1136
-5259
-11600
-8897
1495
10629
17704
7223
-11980
-15944
-13298
-3407
8953
8009
2994
-1481
-5035
-2909
474
4467
7221
5163
2739
-643
-4713
-6066
-6398
-5016
-4462
-5482
-6056
-6135
-411
6759
8050
7734
3973
738
3121
3955
2658
-3051
-12656
-12428
6050
24759
21928
4746
-10515
-16095
-8931
-713
3157
8426
6822
-401
-7025
-12405
-7261
3438
12743
17842
3630
-13728
-15855
-13220
-1523
9391
6734
2303
-2065
-5021
-2349
564
4202
6483
4450
2878
-700
-4516
-5816
-6631
-5024
-4395
-6181
-6939
-5766
201
6248
6872
6428
3598
2470
4846
4753
2357
-4989
-14301
-11052
9822
26406
21012
3095
-12221
-16123
-7819
-308
4388
9286
6172
-969
-8292
-12784
-6002
4835
15128
18150
1112
-14277
-15944
-12738
275
9313
6575
2816
-2107
-4444
-1667
1050
4709
6208
4958
3950
-335
-4110
-6070
-7177
-5066
-4312
-5831
-6606
-4914
1185
5512
5987
5577
3277
4007
5822
4613
920
-7473
-14696
-7320
14022
26180
17379
-591
-14106
-15347
-6351
428
5534
9369
4885
-2782
-10365
-12945
-4322
7298
17045
16096
-2492
-15396
-15930
-10617
2977
9396
5931
1835
-3264
-4127
-912
1747
5285
5927
4751
3521
-1053
-4421
-5860
-6341
-4535
-4236
-6500
-7506
-4630
1489
4813
4991
3747
2277
4183
5634
4514
-555
-9623
-15231
-4693
17644
25427
13248
-3917
-16312
-14866
-4959
519
6841
9746
3711
-3617
-11450
-11992
-1709
9148
18363
13024
-6550
-15365
-15605
-8516
5192
8316
5001
849
-4515
-3921
-471
2569
6072
5377
4103
2036
-2923
-4850
-5725
-5450
-3366
-3717
-5870
-6804
-3338
3237
5681
5792
4373
2737
5189
6689
5096
-467
-10134
-13973
1234
22329
24137
9544
-7344
-16749
-12002
-3338
1606
7842
8612
2627
-5090
-12452
-9942
492
12020
20133
9054
-10295
-16485
-15921
-5945
6521
7180
3840
-1103
-5321
-3423
146
3885
6193
4756
3626
331
-4098
-5708
-6437
-5172
-3331
-4151
-6994
-7607
-2336
4500
6818
6961
4441
2696
5027
6607
5532
-766
-10789
-12358
5089
23582
22127
6554
-9483
-16236
-10151
-2762
2059
8195
7772
2138
-5906
-13122
-9453
1233
13294
19734
6278
-11427
-16796
-15738
-4289
6449
6540
3638
-1667
-4854
-2239
1065
4556
5842
4280
3601
27
-4114
-5865
-6614
-4997
-3433
-4806
-7600
-7591
-1977
4170
6475
6736
4164
3126
4721
5663
3798
-3511
-12274
-8804
11426
24218
16784
261
-14309
-16540
-7759
-1915
3330
8096
5429
283
-7626
-12488
-6104
4412
16352
18045
89
-13930
-17117
-13263
518
7057
4888
1455
-3948
-4339
-228
3602
6931
6534
4517
2967
-1318
-4367
-5566
-6143
-4870
-4538
-6300
-8620
-7144
46
5758
7917
7620
4275
3675
4930
6036
4173
-3697
-11649
-6565
13768
24582
15079
-1336
-14601
-15514
-6079
-564
4709
8947
5251
-262
-7734
-11321
-4162
6100
17135
16499
-1880
-14094
-16992
-12147
1570
6784
4578
1344
-3469
-3342
841
3635
5759
5211
4269
3153
-964
-4213
-6676
-7108
-5144
-4960
-6745
-8153
-5913
789
5328
6901
6096
3800
3991
5059
5690
2096
-6008
-12495
-3764
17257
23623
11115
-5228
-17060
-14660
-4504
-344
5452
8355
3856
-1113
-8531
-10250
-2098
7429
17719
13672
-5358
-14955
-17220
-10178
3521
6742
4575
599
-3817
-2237
1748
4893
6513
5254
5054
3058
-1639
-4785
-8063
-7804
-4879
-5002
-6733
-8308
-5932
1142
5724
7337
5945
3630
3989
5014
5041
419
-7813
-12702
-747
19834
22564
9434
-6261
-16922
-12403
-3424
51
6846
8131
2965
-2008
-9789
-9535
-663
8654
17941
10332
-8289
-15645
-17389
-8577
4343
5992
4456
109
-4296
-2003
1871
5191
6700
4911
4352
1719
-2639
-5315
-8240
-7381
-4647
-4690
-6146
-7308
-4061
2420
5891
6859
4927
3379
4248
5841
5705
-9
-8554
-11206
4052
22162
20111
5673
-9488
-17026
-9628
-1884
2196
8621
7143
1716
-3390
-9445
-5959
3073
12113
18350
6121
-10777
-16461
-16379
-5228
5233
5674
3609
-1544
-4533
-1196
2883
6211
6674
4874
4222
658
-3049
-5451
-7822
-6266
-4564
-5620
-6738
-6985
-2677
3728
6531
7292
5538
3869
4148
5098
3526
-1913
-9487
-11256
5014
20621
16754
3775
-10595
-16708
-8550
-2443
1987
8166
5358
1138
-3985
-9454
-4278
3804
12378
17217
3186
-11525
-16226
-15881
-3844
5383
5875
4183
-1388
-3920
-393
3217
6197
6378
5040
4248
25
-3581
-6628
-9229
-7150
-5509
-5849
-5959
-5738
-1428
3970
6005
6598
5079
4193
5159
5994
3360
-2915
-10603
-9958
8491
22258
16469
2962
-11638
-16722
-8508
-3263
1907
7846
4521
216
-5425
-10181
-3963
4295
13382
16480
654
-12786
-16991
-15456
-2712
5657
6065
3822
-1737
-3674
-264
3594
6704
6599
5359
4266
-55
-3648
-7351
-9553
-6607
-4775
-4919
-5199
-5129
-811
3847
6051
6922
5428
4556
5522
6071
2995
-3260
-10580
-5871
13406
21459
13125
-187
-13715
-14300
-5827
-2254
4537
8381
3695
-69
-6867
-9631
-2204
5647
15535
14459
-2945
-12786
-16583
-12963
284
5529
5217
2617
-2725
-2269
1576
4488
7100
6199
5345
3378
-1542
-4591
-8215
-9127
-6190
-5335
-5708
-6298
-5061
-191
3223
5067
5591
4582
4948
5770
5214
1255
-5410
-11563
-3242
16101
20753
11399
-1942
-14120
-12327
-4531
-1302
5742
7661
2944
-747
-7667
-8176
-546
6994
16291
11731
-5601
-13597
-16712
-11323
794
4383
4000
867
-3646
-2115
1864
4992
6931
5553
4998
2505
-2046
-5000
-8795
-8956
-6450
-5960
-5831
-6121
-4135
1339
4252
6085
6333
4875
4989
5751
4929
594
-6971
-11685
788
18603
18976
7949
-6091
-16173
-11433
-4150
-292
6949
6541
1852
-2088
-8630
-6501
1166
8750
16798
8037
-8261
-14236
-16167
-7499
3658
5008
3954
-171
-3450
-468
3020
5483
6169
4538
4549
2111
-1913
-5078
-8883
-8392
-6444
-6325
-6082
-6107
-2720
2927
5331
6706
6035
4955
5579
6412
5209
-260
-8147
-11155
2631
19150
18080
6866
-6587
-15555
-10499
-3940
83
7536
6801
2009
-2273
-8338
-5193
2800
10480
16967
6620
-8505
-13974
-16016
-7045
3364
4813
4493
181
-3367
-273
2863
5337
6166
4960
4994
1607
-2787
-6292
-9730
-8491
-6189
-6231
-5811
-5598
-2871
2163
4675
6039
5561
4736
5578
6319
3777
-2301
-10036
-8988
8058
20393
15610
3512
-10242
-15704
-8631
-3328
2194
8063
4858
438
-4977
-9019
-3144
4301
12843
15905
1416
-11438
-15878
-14982
-3271
4811
4975
3430
-1451
-2940
384
2973
5420
5264
4536
4149
-3
-3602
-7063
-9332
-7224
-5789
-5987
-6226
-5606
-1456
2667
4830
6050
5220
4927
6061
6250
3072
-2868
-9758
-4878
12611
19467
12442
321
-12625
-13696
-6451
-2475
4563
7921
4198
679
-5874
-7431
-1064
5163
13852
12454
-2568
-11373
-15750
-12840
-1359
3599
4501
3002
-1325
-1179
1280
3645
6038
5543
5386
3520
-1166
-4363
-8306
-9602
-7497
-6328
-5650
-5803
-4492
114
3241
5424
6177
4514
4485
5743
5621
2247
-4682
-10245
-846
15383
17886
9333
-3575
-14192
-12142
-6194
-1814
5742
7098
4085
63
-6811
-6390
-371
7123
15641
9615
-4743
-12120
-16057
-9767
854
4213
5057
2007
-1402
-557
1231
3957
5339
5057
5894
3092
-1311
-4644
-8631
-8534
-6491
-5798
-5123
-5490
-3410
1403
4232
6815
7092
4973
4636
5547
4673
988
-6447
-8536
5923
17809
14142
3890
-9745
-15776
-9750
-5468
631
6725
4478
2260
-2930
-8081
-3667
1875
10197
15174
3094
-8247
-13503
-14577
-4392
2423
3264
3084
-1227
-1944
638
2856
5646
5274
4795
4895
1041
-1954
-4975
-8080
-7589
-7605
-7211
-6473
-5994
-1461
3173
5508
7154
5578
4127
4805
5330
4044
-593
-7805
-5147
10340
17441
11476
430
-11894
-13960
-8086
-4520
2377
6376
3626
1323
-4597
-6757
-1418
3281
11661
12240
-957
-9311
-14350
-12951
-2387
2029
3152
2274
-1161
-158
1848
3964
5748
4501
4900
4301
403
-2406
-6496
-8886
-7836
-7087
-5959
-5941
-4970
-311
3426
6506
8044
5773
4353
4402
4257
2825
-2309
-7768
-604
13350
16011
8851
-2953
-12450
-10672
-5737
-1967
4446
5350
3155
224
-5431
-4463
177
5690
13859
9389
-2604
-8815
-13388
-8860
-561
1494
3027
1474
-421
1210
2269
4409
5144
3744
4306
2589
-727
-3072
-6985
-8732
-8165
-7626
-6422
-5914
-3587
955
4231
6866
6462
4403
3992
4400
4488
1827
-4311
-8493
573
13945
14637
6533
-5042
-13435
-10414
-5832
-1822
4547
4710
2540
-1334
-6935
-5045
-356
6416
13928
7104
-4597
-10789
-14859
-8521
-64
2362
3779
1334
-584
492
1475
3895
4678
4390
4888
1852
-1483
-4023
-7629
-8403
-7892
-7177
-5824
-5104
-2335
1303
3913
6401
6108
4836
4509
4313
3652
679
-5364
-6055
6989
17144
13545
4441
-7534
-12739
-7279
-3974
1070
6411
4133
2119
-2875
-7305
-2659
1803
9351
14063
2649
-6792
-11529
-13635
-4024
1964
2347
2916
-378
-313
1743
2411
4996
5334
4773
4570
417
-2548
-4334
-7087
-7337
-7586
-7826
-6997
-5179
-958
2451
4665
5815
4642
4163
4085
4477
3674
-1162
-7746
-7061
7222
17876
13478
3118
-8789
-13456
-7842
-4013
1602
7045
4506
1411
-3996
-7968
-3323
2492
10693
13995
2193
-7630
-12729
-13705
-3913
2196
3233
3255
-415
-1251
110
1276
3885
4658
4856
4528
596
-2710
-5903
-8630
-7847
-6771
-5765
-4834
-3682
-473
2452
4691
6062
5593
5677
6040
5658
2916
-2597
-8212
-4372
11205
18689
12101
1200
-10233
-12699
-6813
-3107
3230
7612
4571
902
-5320
-8136
-2753
3737
12372
13171
206
-8986
-13784
-12756
-2641
2346
3330
2903
-772
-1472
-443
1034
3973
4600
4981
3574
-1523
-4658
-7452
-8832
-6933
-6014
-5862
-5495
-4472
-1080
2151
4377
5533
5292
5468
5869
5222
1502
-4332
-9204
-3538
12032
17695
10662
-13
-11234
-12621
-6788
-3259
3840
7836
4425
255
-6232
-7840
-1799
5118
13361
11903
-1193
-9449
-14147
-11528
-925
4035
5531
3980
-363
-1032
348
2619
5458
6052
6075
3469
-1482
-4221
-6941
-7933
-6446
-6262
-6286
-5727
-3836
81
3254
5242
5401
4872
5496
5916
5028
1066
-4902
-9611
-3188
12556
17102
10190
292
-10873
-11638
-5908
-3055
4182
8207
4508
450
-6160
-8154
-2057
5296
13848
11718
-1620
-9525
-14066
-11156
-920
3721
5117
3839
-108
-1351
-668
1493
4336
5294
5743
2821
-2340
-5195
-8396
-8987
-6851
-6756
-6458
-5695
-3994
27
2824
4587
5670
5874
6362
6116
3899
-491
-6277
-9245
1853
17089
16274
7207
-3182
-12501
-9794
-4342
-1685
6157
7391
2258
-1841
-8005
-7025
459
7687
14655
8188
-5747
-11333
-14578
-9096
1870
4532
4262
1123
-3307
-2530
-214
2772
5524
5757
5525
1739
-3110
-5325
-7445
-6873
-5199
-6438
-7568
-7421
-4472
1071
4338
5905
6289
5712
6026
6462
4327
-120
-6223
-9232
2008
16776
16934
8396
-3095
-12876
-10301
-5037
-1035
6850
7537
3024
-1733
-8208
-7099
265
8256
15367
8259
-5691
-12221
-15364
-9402
746
4244
4807
1822
-2508
-2285
-36
3286
6080
6487
6181
2549
-2164
-5334
-8090
-7299
-5116
-5567
-6045
-5838
-3621
1058
4206
6166
6752
6235
6468
6066
3373
-1665
-7453
-10368
-854
14708
17488
10065
-1019
-12017
-11743
-6229
-2257
5809
8601
4031
-857
-7623
-8450
-931
7242
14865
10902
-3455
-11810
-15857
-12162
-894
4967
6473
4145
-1917
-3308
-1116
1757
5655
7339
6718
3289
-2323
-6535
-9313
-8514
-5276
-4764
-5154
-5445
-4579
-709
2554
5075
7349
8238
8261
6565
2700
-2812
-8702
-11175
-1429
15208
19159
10581
-1683
-13683
-14017
-6331
-977
7446
10654
3863
-2398
-9376
-10655
-1382
7685
15202
12274
-3347
-13386
-17360
-13587
-265
7440
8426
5324
-2272
-4406
-1698
1722
6397
8000
6896
3406
-2690
-7204
-9471
-7825
-4036
-4253
-5470
-6330
-6053
-1896
1892
4623
7602
8766
8748
7191
3107
-2208
-6921
-8953
-2305
13066
19267
12080
1412
-10659
-13531
-6349
-1469
6045
10324
3690
-1720
-7455
-9980
-1562
6308
12848
12742
-2301
-13076
-16454
-14747
-1719
6970
7972
5997
-1701
-4730
-1903
1150
6219
8353
6826
4259
-1128
-5981
-8213
-7698
-5281
-5430
-6256
-6420
-6252
-2657
1187
3997
7454
9012
9043
7618
3901
-1220
-6446
-9502
-5772
9236
20108
14975
3769
-9287
-15070
-7837
-1455
5376
11319
5798
-445
-6087
-10457
-3297
4995
11528
14372
1011
-12512
-17536
-17377
-4283
7446
9200
7026
-1342
-6121
-3168
365
6002
9130
7543
5346
-23
-5950
-8779
-8605
-5423
-4208
-5415
-6613
-7740
-5060
-84
3837
7495
8869
8257
6902
3792
-1234
-6640
-9457
-8045
3467
17515
16600
6423
-4982
-13711
-9784
-1744
3838
10626
8946
1999
-3437
-8919
-5669
2981
9306
13657
5428
-9561
-16442
-17542
-8372
4801
9020
7626
1020
-5107
-4343
-1132
4263
8404
7943
6402
1736
-4364
-7101
-7880
-6047
-4227
-5391
-5907
-6469
-5825
-1639
2185
5613
9210
10020
8540
5617
160
-5712
-9012
-10276
-2333
14781
19827
10600
-1957
-14529
-14453
-4194
2595
9504
10593
2850
-2829
-7936
-7751
963
8279
13761
10259
-5584
-16416
-18645
-12214
2738
10853
9659
3709
-3873
-5219
-1989
3167
8245
8600
7252
3877
-2410
-6210
-8363
-7910
-4661
-4614
-5241
-5815
-7055
-3414
1843
5384
9970
11563
9787
6962
754
-5561
-8533
-9764
-6025
7751
18224
13321
1932
-9882
-14869
-6522
2263
7253
10935
5711
-1452
-4981
-7221
-1587
6331
10100
11024
249
-14058
-17527
-14559
-3440
9117
10496
6071
-499
-5543
-4026
382
5510
8295
6804
3874
-1158
-6071
-8529
-9563
-7437
-5328
-4911
-4908
-7083
-6053
-672
3623
8819
12384
11125
8402
2549
-3945
-7639
-9237
-8453
-515
13979
17341
7367
-3550
-12544
-11110
-648
4777
9047
9369
1642
-2563
-5737
-5521
2247
6008
8933
6575
-9077
-17842
-16588
-10330
4563
11908
8620
3545
-3469
-4728
-618
3685
8717
9423
6588
3024
-2695
-6869
-8679
-8058
-5170
-4405
-4969
-6668
-7198
-2680
2216
6526
11043
11888
9889
5417
-1381
-6670
-9639
-9472
-7176
1819
14171
13600
4363
-4473
-10584
-6090
2525
6186
9761
8377
1942
-1864
-5171
-3872
1277
4406
8132
3024
-11087
-15959
-13498
-5633
7872
11981
7522
1768
-3983
-3832
493
4642
7840
7534
5632
2226
-4049
-8894
-10686
-8842
-4415
-2763
-3991
-6034
-6100
-1384
4062
9051
13494
12664
8294
2752
-4606
-9024
-9402
-8259
-6197
545
10417
11202
4046
-2479
-7534
-4685
3060
5120
7663
7611
1838
-1017
-4637
-6236
-2071
1030
5127
2163
-10603
-14129
-11401
-4759
9044
12241
6889
2488
-3613
-3906
592
3413
6701
6986
4224
546
-5596
-9609
-9462
-6545
-2863
-2084
-3753
-6092
-5376
233
5982
11344
13807
10177
5332
-240
-6484
-8479
-8070
-7434
-7392
-3971
7419
12989
8901
3267
-3670
-4341
1620
3551
6421
8432
3652
-687
-5881
-9162
-5861
-1242
4764
4559
-6310
-12250
-11200
-4830
8280
12597
7598
2708
-3189
-3833
205
2742
5992
6831
3881
324
-5353
-9183
-7988
-5398
-1970
-785
-3999
-6521
-5378
54
7292
11659
11920
8178
2891
-1135
-5161
-7265
-7299
-8296
-9690
-7601
3807
15504
16008
9649
1065
-4317
-1556
2263
5683
9778
6389
-758
-7079
-12675
-10623
-3195
4161
7803
-154
-10184
-11032
-6558
4127
12161
9705
5043
-762
-4232
-1795
477
3260
5393
3518
748
-3542
-7811
-8162
-6294
-2730
-247
-2113
-4363
-4442
-1145
4611
8805
10056
8087
4216
355
-3556
-6463
-7994
-9323
-8970
-7820
-1625
12403
19235
14483
7104
-1397
-4445
1106
4726
7240
7854
139
-7268
-12481
-14283
-6948
922
5869
5819
-4089
-10060
-7502
-1953
8112
11969
6972
2087
-2924
-3850
-1066
328
2669
2982
743
-1581
-6445
-9152
-6960
-4125
-759
-50
-1946
-2541
-2513
375
4355
6032
6769
5598
2044
-2177
-6501
-8637
-7986
-7012
-6426
-4814
4464
17083
19542
13505
4804
-2816
-2404
1913
3955
6061
3580
-3450
-9262
-13257
-11069
-3013
4751
9419
4597
-6094
-9197
-6143
1658
10618
9674
4375
-205
-4425
-3127
-1270
-514
3021
3919
1979
-1608
-7340
-8262
-5073
-1757
2252
1873
-2062
-4190
-4324
-606
4752
7357
7819
4838
-855
-5230
-7401
-6805
-5029
-4434
-4348
-3550
4406
16597
19136
13774
6282
-2353
-3641
-247
755
3871
2880
-3950
-8114
-11049
-8448
247
5602
7891
3518
-5558
-6151
-2692
1813
8193
7535
3465
223
-3330
-3189
-1123
1222
3882
2976
-197
-3931
-7363
-6289
-3142
-933
187
-2026
-5278
-6801
-5447
-27
5043
6570
5150
651
-3512
-4758
-4907
-4085
-2951
-3521
-4865
-4326
4239
17365
20756
14634
5542
-3819
-5637
-1585
-73
2640
2783
-3428
-7445
-9072
-7204
-1193
2839
5655
3950
-3088
-5130
-4500
-1192
6040
7235
4844
1622
-2852
-2731
-535
709
2780
2331
324
-1635
-4659
-5333
-4403
-3211
-1620
-2261
-4226
-5155
-4015
-65
3585
4822
4069
1460
-1280
-2413
-2363
-2480
-2863
-3778
-4671
-3900
2761
15405
20959
15281
6847
-2600
-6660
-2636
-312
2908
5550
-169
-5314
-7960
-9326
-4445
692
4808
6204
-1142
-5918
-5339
-3386
4538
9131
6783
3741
-1432
-3738
-1688
-604
1422
2409
1022
-637
-3908
-5562
-4500
-3113
-608
-304
-3416
-5858
-6062
-2250
2945
5042
5096
3296
339
-1237
-1830
-2014
-1137
-1799
-3947
-5246
-4500
5199
18110
19278
12866
3319
-7025
-6853
-1939
1114
6448
4586
-2857
-6303
-9824
-8738
-2763
1863
7227
5655
-1883
-4211
-4884
-946
6993
8512
6626
2427
-2464
-2613
-1841
-675
595
-985
-1286
-2067
-4337
-3945
-4072
-4030
-3085
-4612
-5194
-4613
-2904
1342
3440
3957
4250
1737
-201
-24
-32
-113
-1733
-5278
-8044
-7921
-1793
12168
22278
19037
9098
-1983
-8028
-4476
-559
2209
5590
1817
-4069
-7976
-12068
-9675
-2598
4808
10682
6049
-2320
-5187
-5665
1116
9589
9868
6871
1332
-3809
-4147
-4107
-3290
-864
584
1759
252
-4101
-6984
-7838
-5897
-2686
-1801
-2935
-3700
-1927
781
2643
4310
4062
2221
1461
1085
-80
-2073
-4043
-5629
-6466
-5011
1297
13974
22548
18389
8082
-3094
-9374
-6194
-998
3824
6482
973
-5916
-11315
-14139
-7524
2474
10245
13698
6278
-3231
-6139
-4860
3516
10662
9381
5260
-1366
-6359
-6284
-5171
-2034
1725
2704
2294
-1040
-5664
-7620
-7121
-4283
-1719
-1664
-2734
-3902
-3216
-238
2403
4503
5130
3622
2054
543
-898
-1998
-2882
-4487
-5576
-3925
2723
15618
22713
16044
5014
-5271
-10033
-5159
-435
2683
4754
-587
-6247
-9486
-11033
-4370
4465
10828
13439
4641
-5157
-7240
-6026
2101
8492
5886
2135
-3295
-6833
-5600
-4783
-1838
2032
3368
3897
71
-6252
-8864
-8569
-5043
-1465
-1662
-2550
-3323
-3233
-812
1802
4123
5806
5153
3548
1718
-517
-1786
-1900
-2600
-3104
-2461
-227
8818
18158
16030
7965
-1835
-9541
-7210
-2109
1294
5589
3500
-2216
-5682
-8867
-5536
2440
8605
12411
6019
-5442
-9966
-9984
-3197
5625
6553
3799
-1755
-7271
-6803
-3987
-231
3368
4349
3979
105
-5719
-8717
-9226
-6232
-2187
-1310
-1527
-2789
-3591
-1291
1566
4784
7348
6920
5698
4176
1870
-31
-1574
-2580
-3982
-4932
-4165
-174
9537
15843
12237
4916
-2924
-6022
-2073
1096
4168
6952
3946
-229
-4515
-7985
-4328
1673
6482
8032
321
-7905
-9660
-7525
-573
4533
4373
2821
-979
-3015
-2254
-1962
-6
2070
2748
2413
-1661
-7231
-10448
-10754
-7010
-2608
-305
839
-863
-2194
-477
2033
6442
10002
9806
7633
3618
-928
-3754
-4528
-4575
-4735
-4395
-3939
-3
9616
15306
13123
7244
-270
-3334
-835
2194
6592
8062
2941
-2740
-7864
-9373
-4224
902
4465
4103
-3979
-9891
-9694
-6406
1002
6043
5904
4060
-64
-2784
-2655
-2060
-294
918
851
-661
-5301
-10099
-11518
-8343
-2485
1348
2551
1382
-1431
-1106
1956
5291
9135
9972
7181
3026
-2161
-6042
-7160
-6510
-4984
-4275
-4366
-4372
-181
10709
17745
15728
9534
995
-3948
-2141
854
4229
5793
2050
-3117
-8176
-10506
-7418
-2569
2978
4522
-2005
-7253
-8014
-5968
1644
7613
7963
6186
1455
-2849
-4482
-5136
-3232
-977
-205
111
-2847
-6948
-7770
-5600
-743
3711
4513
2844
968
673
2100
4089
6160
6305
4015
1189
-1865
-3812
-3456
-2499
-2441
-2820
-3075
-2752
1669
11431
18601
17254
10017
955
-4519
-3107
1100
4320
5153
1298
-5422
-10485
-11243
-7344
-1823
3179
4639
-619
-6789
-8618
-6825
-341
6583
7950
5097
-428
-5545
-6501
-4505
-1424
744
970
688
-1071
-3951
-5245
-4530
-1239
2985
4917
3921
266
-3386
-4068
-1660
2933
6334
5700
2690
-970
-3394
-3180
-2237
-1242
-173
-709
-2641
-3199
2441
13040
18599
15476
7082
-2544
-6651
-4228
-321
3957
5170
-130
-6877
-10950
-10952
-5943
610
4971
3615
-3380
-8704
-9080
-4730
2882
6853
5485
1908
-2977
-5737
-4801
-2289
1010
3182
3424
1929
-2031
-5160
-4693
-2345
350
1364
-99
-2026
-3403
-3072
-539
2942
6299
7512
5574
2627
190
-1041
-567
-294
-1471
-3113
-4264
-4224
-1346
6847
16363
18092
11463
2026
-5415
-5695
-847
3155
5619
3580
-3650
-9495
-11604
-9536
-3617
1889
4516
1434
-5817
-9219
-7689
-2256
5152
7221
4655
990
-3521
-4411
-1898
663
3281
4260
2955
451
-3517
-6567
-6560
-4071
237
2717
1678
-1380
-4522
-4062
-10
4573
7798
7362
3921
456
-1941
-2268
-762
-26
-1018
-3293
-5322
-5164
-1784
7334
17904
19211
11739
2107
-5854
-6319
-1083
3192
6053
4073
-3141
-8865
-11511
-9659
-3593
1803
5020
2817
-4417
-8254
-7332
-2903
4439
7902
6471
3286
-1216
-3704
-3852
-2622
465
2364
2391
1525
-1745
-4776
-5066
-3002
1165
3360
1567
-1428
-4001
-4298
-1649
2224
6290
8176
6342
2961
-482
-2610
-1936
-611
-599
-1908
-4599
-6340
-4405
2800
13642
17294
10487
1818
-5146
-6530
-1209
2676
4462
4588
-869
-6607
-9597
-10287
-5916
-144
3426
2637
-4615
-9708
-8670
-4321
3522
7704
5524
2286
-1923
-4122
-2757
-1060
1583
3340
2860
1939
-882
-4274
-5537
-4801
-1766
322
-876
-3273
-5308
-4192
-86
4099
8118
9790
7792
4361
865
-1195
-1033
102
504
-1591
-5605
-8414
-8690
-4305
7057
17409
17569
10863
2063
-4338
-2929
2056
6209
9216
6119
-2291
-9692
-13973
-12162
-5450
1288
5205
1380
-6902
-10248
-8571
-2283
6494
10350
9581
6362
1409
-890
-932
-625
979
2099
1561
-339
-3847
-7275
-8294
-7234
-4254
-793
583
557
515
1174
3002
5662
8217
9097
7356
3562
-515
-3615
-5345
-5686
-6432
-8245
-9610
-9639
-7050
-400
10974
20233
19344
12027
3179
-2564
-637
3539
5634
5651
-19
-8373
-13563
-15421
-11962
-5070
378
3279
-102
-6176
-6727
-3448
3609
11776
13184
10030
4627
-1537
-3656
-3796
-3023
-683
-140
-1445
-3593
-7157
-8796
-6653
-2414
2937
5943
4789
2067
581
1805
4517
7181
8271
6260
2063
-2393
-6065
-7768
-7009
-6155
-6430
-7077
-7844
-6631
-2162
4858
15509
23409
20491
11293
1140
-5605
-4425
-772
1037
1024
-4102
-10958
-14174
-14086
-9426
-2844
2407
5633
2426
-3123
-3838
-1825
3703
10358
11411
8665
3116
-3447
-5936
-5872
-4143
-864
239
-320
-1858
-4398
-4672
-2386
876
4325
5177
3187
801
-406
693
2572
3909
4487
2515
-934
-3568
-5727
-6595
-5781
-4662
-3663
-3008
-2900
-1797
877
4688
12179
19779
18442
9776
533
-5361
-4711
-940
1077
2161
558
-4595
-8879
-11496
-10822
-6016
-189
5246
5307
-355
-3395
-2810
991
8080
10804
7915
3258
-2850
-6091
-5374
-3952
-1174
1035
847
-437
-2400
-2967
-1070
1278
3292
3512
1384
-962
-2221
-1521
364
1724
2073
704
-1662
-3070
-3565
-2922
-1075
-362
-1180
-2285
-3908
-4533
-2524
30
4711
13643
17821
12551
4436
-2916
-5413
-1759
1552
3022
2158
-3379
-9512
-13408
-13792
-8833
-2296
3791
6639
1630
-3934
-3996
-1049
5723
11427
10249
5983
470
-4337
-5545
-5148
-3193
193
1885
1461
-442
-3123
-4340
-3259
-735
1971
2752
881
-1623
-2738
-1987
-94
2328
4181
3726
1275
-1036
-2482
-2899
-1606
-468
-1164
-2991
-5447
-6376
-4604
-1416
5761
15551
18512
12595
3444
-3838
-4361
-359
2320
3021
413
-5286
-9918
-12079
-10877
-5931
-450
4279
5635
1313
-2273
-1737
1530
7515
10911
8919
5091
523
-2919
-3675
-3592
-2207
-148
-29
-729
-2165
-4096
-3795
-1859
-37
1157
773
-741
-1671
-953
739
2259
3449
3461
2187
1100
451
-252
-569
-1033
-2672
-4854
-6540
-7222
-6060
-2724
1294
6387
13380
16521
12236
5717
762
-1054
426
1028
-506
-2492
-5715
-9210
-11337
-10900
-6686
-1194
3694
5985
2842
-726
2
3171
8284
11454
8857
3974
-1340
-5144
-5490
-5153
-4413
-3128
-3016
-2890
-2642
-3194
-2962
-1778
-658
387
928
754
389
891
1800
1866
2119
2266
1222
387
-39
-1077
-2413
-3523
-4894
-6254
-6390
-5534
-4089
-1374
1595
4847
11172
16768
14963
8731
2773
-2195
-3345
-2269
-2579
-2759
-3807
-7011
-9330
-9149
-6123
-1413
3242
7174
6423
2491
1850
2741
4495
7634
7020
3708
504
-3184
-4673
-4529
-4655
-3520
-2239
-1300
-497
-1621
-3139
-3383
-2635
46
2929
3247
1751
397
-42
197
895
1901
2663
2873
2138
-361
-3646
-5724
-5995
-5253
-4765
-5078
-5217
-3528
-792
1922
7405
15067
17696
13540
6680
-846
-5217
-4520
-2997
-1438
-651
-4082
-8633
-10603
-9374
-4833
359
4972
6907
3744
1287
1810
2966
6363
8077
5298
2257
-992
-3367
-3722
-4571
-4501
-3401
-2575
-909
-543
-1773
-1782
-1171
36
1979
2447
1540
985
1182
1907
2773
3845
4183
3007
954
-2067
-5308
-7027
-6888
-5602
-4633
-4843
-4801
-3149
-191
3024
6654
12862
18595
17398
11154
3695
-3487
-5940
-5178
-5045
-3912
-4147
-7338
-9253
-9153
-6726
-1629
3505
7764
7809
4092
2647
2227
2728
4925
3915
1131
-1165
-4509
-6202
-6695
-7125
-5332
-3137
-957
1121
203
-1295
-1444
-1317
528
2443
2686
2480
1380
316
-117
-677
-183
456
-205
-1324
-3240
-5466
-6199
-5480
-3871
-2238
-1548
-608
1628
4138
5778
7880
12841
16436
13211
6415
-1036
-7094
-7575
-5601
-3905
-1520
-2133
-5054
-5942
-5564
-3171
1179
5487
8843
7326
3025
852
-821
22
2885
2457
700
-1469
-4559
-5554
-5637
-4986
-2211
597
2987
3431
938
-1220
-2217
-1891
392
2419
3158
2142
-252
-1657
-1881
-1083
392
679
434
-254
-2239
-3921
-4628
-4359
-2969
-2228
-2142
-1270
-107
1274
2690
4471
9166
14197
13744
8717
2081
-4026
-5911
-4761
-3234
-1052
-749
-2811
-4151
-4687
-3690
-735
2531
5780
6337
3199
527
-1168
-1228
1310
1983
1104
451
-1719
-3326
-3988
-4550
-3071
-586
1164
1933
653
-1633
-3032
-3250
-1727
532
1721
1502
169
-1196
-1994
-1762
-213
1001
1109
23
-2196
-4215
-5207
-4566
-2638
-1237
-396
623
1289
1720
2156
3211
7962
14801
15721
9426
981
-6352
-8594
-5563
-1973
1004
2081
-426
-3724
-5839
-5655
-2194
2289
6399
7482
3109
-1570
-3817
-3848
-18
3040
2805
1855
-984
-3853
-4443
-4575
-2908
174
1677
2037
322
-3238
-5045
-4500
-2161
1245
2806
1769
-226
-2228
-2627
-1262
692
2672
3145
1593
-785
-3197
-4545
-3625
-1177
1088
1980
1358
27
-684
234
2673
7227
13581
15258
9226
1264
-5156
-7810
-5133
-1536
988
2265
-210
-4082
-6805
-7709
-4774
-35
4223
6338
2818
-2122
-3842
-3528
261
4630
5082
3883
951
-2947
-4282
-4662
-3763
-718
1467
2397
1117
-2769
-5296
-4914
-2374
1369
3373
2744
1097
-680
-1633
-1123
811
3382
4728
4008
1487
-1750
-3777
-3971
-2004
1030
2163
1381
65
-1411
-1370
217
3048
8855
14366
13000
5553
-2554
-7704
-7270
-3062
574
2389
1188
-2497
-5703
-7395
-6545
-3241
740
4441
4489
135
-3057
-3694
-2227
1980
4359
3529
1924
-1037
-3360
-3854
-3899
-2332
-132
1051
1186
-1209
-4501
-5438
-4287
-1559
1483
2503
1667
19
-1342
-1204
661
3280
4535
3531
1166
-1665
-3640
-3885
-2495
173
1798
1003
-1134
-3491
-4133
-2150
1106
5900
11753
13642
8842
1258
-4090
-4977
-1841
2120
4083
3380
175
-4079
-7230
-7594
-4988
-1119
2733
4560
1832
-2352
-3685
-2696
527
4355
5300
4128
1832
-1041
-2530
-3049
-2913
-1525
-302
162
-524
-3079
-4782
-4115
-2186
506
2374
2502
1655
810
765
1178
1871
2870
3060
2031
379
-1649
-3031
-2983
-1733
-123
339
-882
-2940
-4088
-3031
-769
1927
6007
10831
12772
9100
2415
-2124
-2929
-976
1712
2395
891
-1982
-5604
-7882
-7719
-5687
-2223
1621
3404
1643
-1727
-3380
-2029
1553
5188
6255
4451
1069
-2201
-3685
-3788
-3139
-1555
-80
559
-59
-2168
-3934
-3657
-1632
875
2654
2911
1558
227
222
933
1967
2842
2445
899
-992
-2604
-3211
-2891
-1986
-1095
-1148
-2040
-3116
-3584
-2571
-546
1935
5632
10033
11511
7907
2535
-928
-1672
10
1731
1524
-40
-2940
-6532
-8367
-7473
-4520
-677
2672
3884
1882
-1056
-1728
194
3604
6072
5772
3376
118
-2524
-3658
-3729
-2891
-1406
-302
-79
-1114
-2815
-3587
-2820
-1090
857
2465
3006
2099
904
457
623
1321
2058
1624
-138
-2153
-3389
-3662
-3383
-2772
-2257
-2098
-2341
-2960
-3047
-1624
834
3775
7369
11053
11988
8287
3116
-59
-994
-2
1245
1069
-45
-2125
-4981
-6635
-6112
-3795
-285
3035
4416
2796
-220
-1483
-438
1708
3425
3130
958
-1519
-3326
-4361
-4573
-3721
-1965
-475
187
-235
-1626
-2455
-1695
78
2092
3586
3568
2246
1014
115
-545
-374
609
1178
573
-668
-2176
-3499
-3755
-2864
-1504
-330
-450
-1790
-2664
-2072
-393
2237
6152
10285
12035
9626
4305
-385
-2066
-1346
-88
498
-151
-1938
-4256
-6242
-6596
-4883
-1608
2130
4237
3207
88
-2134
-1497
858
2778
3096
1567
-727
-2495
-3662
-3899
-2900
-1442
-46
752
246
-1428
-2950
-2661
-493
1940
3418
3240
1666
244
-481
-758
-292
557
856
477
-491
-2097
-3553
-4144
-3746
-2341
-799
-407
-1225
-1969
-1345
617
2993
5414
8026
9860
9161
5719
1529
-1269
-2002
-1364
-605
-590
-1584
-3213
-4511
-4607
-3313
-1298
849
2422
2144
248
-1451
-1566
-362
892
1317
839
-227
-1404
-2279
-2706
-2472
-1565
-413
638
1179
896
291
236
662
1107
1623
2046
1989
1560
715
-341
-703
-258
273
340
-219
-1211
-2129
-2506
-2176
-1131
281
1088
570
-567
-1275
-925
546
2937
6142
8749
8590
5334
890
-2087
-2521
-1288
158
762
23
-1794
-3787
-4882
-4528
-2888
-531
1187
855
-1393
-3759
-4148
-2225
336
1702
1433
59
-1620
-2502
-2455
-1831
-543
981
2017
1884
568
-933
-1510
-856
274
1028
1279
1086
421
-372
-923
-932
-191
863
1461
1192
205
-960
-1576
-1370
-379
992
1775
1306
193
-754
-843
186
1693
3554
5902
7343
6338
3240
-139
-1801
-1458
-120
870
604
-705
-2521
-4036
-4267
-3156
-1038
1055
1691
467
-1991
-3749
-3129
-1134
568
1165
348
-627
-780
-573
-130
396
957
1697
1913
1214
-49
-1501
-2232
-2061
-1832
-1584
-1456
-1706
-1763
-1702
-1517
-603
667
1826
2460
1969
878
-115
-906
-844
262
1128
810
-403
-1642
-1933
-1191
-174
1163
3149
5247
6326
5693
3684
1428
-38
-163
806
1427
991
-446
-2475
-3972
-4331
-3790
-2427
-896
-407
-1085
-2365
-3004
-2133
-314
1680
2798
2754
2244
1558
1198
1460
1825
2123
1983
873
-757
-2361
-3425
-3541
-2935
-2069
-1339
-974
-911
-924
-640
311
1743
2978
3363
2559
1171
-9
-853
-1181
-811
-237
-212
-877
-1797
-2277
-1896
-878
549
2179
3857
5293
5475
4195
2199
372
-384
38
772
936
102
-1623
-3452
-4719
-5206
-4701
-3467
-1993
-886
-863
-1474
-1575
-756
962
2730
3438
3114
2353
1578
1270
1299
1182
939
460
-229
-948
-1931
-2853
-3168
-2848
-2003
-1053
-395
50
506
1114
1905
2576
2779
2436
1663
757
-60
-561
-826
-1037
-1284
-1901
-2739
-3172
-2985
-1987
-416
1023
2474
3976
4915
5036
4183
2517
1133
398
91
-9
-528
-1709
-2904
-3794
-4101
-3621
-2679
-1507
-539
-172
-379
-728
-441
806
2384
3480
3585
2686
1573
794
352
126
-180
-651
-1149
-1612
-2066
-2567
-2916
-2824
-2314
-1419
-347
586
1430
2257
2817
3139
3213
2818
2138
1278
381
-334
-1065
-1741
-2007
-2073
-2127
-2204
-2224
-1804
-867
196
1401
2985
4377
5080
4993
3911
2306
1027
220
-67
-206
-697
-1544
-2699
-3627
-3887
-3521
-2477
-1330
-766
-833
-1417
-1617
-751
787
2321
3088
2752
1795
687
-108
-329
-273
-135
-85
-237
-748
-1782
-2723
-2946
-2427
-1290
-234
387
891
1206
1402
1629
1763
1828
1713
1256
535
-411
-1443
-2261
-2567
-2314
-1858
-1637
-1756
-1805
-1455
-701
356
1646
3196
4389
4820
4503
3571
2366
1333
626
149
-297
-893
-1537
-2057
-2351
-2500
-2505
-2192
-1763
-1401
-991
-608
64
1105
2045
2701
2776
2204
1720
1342
878
610
217
-358
-847
-1447
-1974
-2251
-2337
-2127
-1665
-1070
-447
70
546
954
1272
1598
1884
1931
1657
1150
544
-94
-766
-1360
-1706
-1713
-1567
-1598
-1776
-1807
-1657
-1156
-277
865
2231
3199
3620
3655
3066
2218
1458
786
460
117
-489
-1172
-1995
-2767
-3175
-3257
-2881
-2218
-1569
-836
-172
476
1166
1693
2056
2118
1888
1702
1374
840
254
-477
-1057
-1461
-1788
-1880
-1903
-1771
-1459
-1178
-701
-143
322
1002
1636
1969
2190
2085
1745
1546
1186
743
336
-262
-772
-1089
-1370
-1508
-1722
-1973
-1863
-1523
-972
-146
775
1837
2774
3214
3273
2930
2286
1731
1241
778
234
-631
-1540
-2423
-3133
-3443
-3520
-3149
-2467
-1810
-995
-296
247
928
1389
1687
2013
2070
2094
2019
1622
1285
798
218
-190
-633
-970
-1039
-1185
-1269
-1250
-1257
-1041
-635
-194
242
598
872
1081
1162
1071
892
673
350
-76
-667
-1239
-1703
-2110
-2367
-2433
-2220
-1735
-1088
-413
385
1407
2395
3212
3825
3932
3528
2771
1845
1024
341
-477
-1260
-2034
-2848
-3481
-3909
-3810
-3162
-2272
-1100
-34
693
1162
1429
1825
2348
2759
2925
2671
2136
1437
626
-51
-595
-975
-1148
-1297
-1567
-1904
-2190
-2021
-1446
-685
186
830
1240
1562
1696
1770
1729
1449
1119
609
-97
-872
-1743
-2383
-2619
-2578
-2339
-2068
-1833
-1494
-782
392
1837
3116
3850
4069
3806
3094
2185
1391
807
378
-216
-1044
-2033
-2965
-3536
-3543
-3080
-2255
-1345
-538
90
497
806
1200
1651
2028
2213
2113
1810
1418
940
433
15
-381
-739
-1047
-1348
-1579
-1687
-1614
-1309
-916
-444
96
623
1137
1607
1883
1945
1774
1352
737
13
-778
-1471
-1995
-2461
-2848
-3061
-3018
-2597
-1810
-783
434
1744
2846
3492
3682
3551
3268
2893
2444
1764
815
-237
-1303
-2225
-2800
-3081
-3001
-2648
-2254
-1911
-1639
-1328
-788
-57
645
1222
1533
1592
1555
1449
1374
1370
1352
1206
814
188
-547
-1183
-1553
-1537
-1292
-929
-581
-313
26
421
876
1406
1836
2057
1931
1440
716
-114
-941
-1637
-2149
-2507
-2721
-2876
-2885
-2566
-1898
-944
237
1507
2690
3522
3812
3667
3310
2894
2422
1848
1107
195
-779
-1683
-2397
-2752
-2781
-2560
-2156
-1798
-1513
-1237
-862
-294
350
892
1310
1542
1615
1619
1498
1352
1201
986
729
327
-188
-694
-1131
-1380
-1387
-1181
-841
-532
-317
-86
184
560
1026
1382
1538
1471
1119
562
-158
-855
-1347
-1641
-1786
-1961
-2121
-2083
-1718
-1032
-154
778
1615
2216
2478
2477
2378
2226
1987
1620
1086
370
-376
-1047
-1566
-1884
-1990
-1966
-1868
-1741
-1558
-1201
-690
-81
498
881
1059
1120
1146
1131
1085
1013
896
757
556
187
-340
-827
-1152
-1278
-1191
-1012
-855
-672
-517
-340
-103
169
516
868
1070
1010
652
99
-475
-934
-1215
-1377
-1505
-1659
-1735
-1656
-1365
-850
-159
658
1525
2192
2541
2669
2638
2563
2442
2187
1777
1166
469
-194
-756
-1143
-1380
-1467
-1461
-1425
-1377
-1324
-1188
-877
-543
-245
47
285
492
681
752
798
811
755
689
585
413
135
-183
-443
-637
-770
-818
-806
-664
-444
-216
76
374
636
797
778
612
343
-19
-453
-898
-1267
-1515
-1690
-1787
-1759
-1558
-1162
-599
17
675
1329
1839
2130
2278
2321
2276
2180
1942
1521
932
280
-290
-716
-982
-1121
-1176
-1192
-1210
-1235
-1145
-912
-565
-139
206
393
463
449
443
488
542
581
572
449
239
-27
-322
-562
-709
-754
-698
-605
-544
-457
-347
-185
83
353
555
645
575
404
153
-168
-488
-703
-823
-867
-915
-989
-989
-883
-657
-308
165
664
1131
1493
1656
1656
1546
1374
1123
835
571
279
-45
-430
-817
-1108
-1264
-1255
-1089
-908
-764
-617
-446
-206
13
223
445
614
726
781
697
541
390
272
204
128
13
-146
-319
-460
-534
-514
-424
-268
-72
89
183
238
268
266
262
186
44
-134
-400
-697
-959
-1158
-1256
-1207
-1022
-763
-436
-112
190
525
887
1230
1529
1755
1850
1760
1507
1129
709
328
7
-248
-465
-685
-906
-1041
-1075
-1014
-879
-668
-389
-103
112
232
285
343
425
504
552
505
387
204
13
-93
-161
-186
-197
-222
-224
-205
-167
-101
20
158
301
393
411
327
176
32
-80
-133
-168
-236
-362
-526
-665
-755
-719
-542
-283
58
363
558
683
777
914
1070
1194
1208
1061
803
433
34
-312
-566
-722
-846
-983
-1147
-1298
-1389
-1351
-1167
-886
-581
-315
-86
87
206
329
453
589
717
771
701
545
347
178
91
13
-59
-110
-134
-167
-235
-311
-342
-301
-236
-149
-115
-160
-210
-293
-365
-400
-427
-442
-434
-401
-350
-302
-199
-24
207
484
734
956
1104
1149
1155
1172
1190
1157
1038
839
584
271
-27
-268
-483
-633
-717
-779
-835
-893
-896
-789
-607
-414
-230
-72
37
103
149
217
306
393
449
431
333
187
34
-37
-38
-13
21
14
-29
-80
-103
-84
-40
15
52
47
-32
-161
-298
-409
-451
-447
-406
-358
-333
-314
-292
-215
-62
145
380
584
708
735
751
753
726
680
594
475
314
116
-76
-212
-303
-392
-466
-530
-586
-640
-633
-553
-416
-236
-71
74
188
267
350
423
482
498
453
354
208
40
-114
-232
-335
-410
-441
-445
-447
-426
-385
-288
-142
10
110
141
136
102
71
36
-7
-45
-74
-101
-153
-225
-303
-323
-280
-185
-37
75
173
249
296
360
452
532
591
606
539
424
249
60
-95
-215
-289
-352
-448
-557
-625
-617
-528
-400
-238
-67
52
140
183
201
222
236
254
259
246
186
93
4
-52
-72
-61
-47
-74
-107
-118
-81
-8
53
110
130
115
67
-17
-78
-99
-95
-62
-35
-21
-14
-27
-28
8
78
169
264
344
385
400
416
414
415
422
377
299
207
74
-78
-217
-325
-381
-415
-454
-460
-434
-381
-298
-193
-68
62
160
206
226
243
242
232
206
167
109
43
-29
-115
-184
-250
-294
-286
-237
-178
-148
-144
-152
-137
-85
-18
56
109
121
121
111
82
61
41
14
-26
-89
-175
-241
-235
-165
-72
-1
47
78
104
123
157
207
242
253
226
142
44
-40
-108
-148
-161
-178
-208
-233
-241
-209
-145
-67
27
134
219
258
239
194
138
92
67
43
21
-12
-63
-106
-147
-176
-172
-167
-135
-105
-88
-83
-76
-51
-18
34
91
127
124
90
59
37
35
60
76
73
48
11
-10
-14
3
43
94
129
139
144
140
125
119
131
146
103
6
-98
-186
-232
-235
-213
-178
-145
-115
-86
-68
-42
2
66
120
141
129
90
49
10
-5
-15
-26
-37
-56
-78
-85
-90
-99
-77
-47
-22
-34
-55
-66
-64
-20
23
74
130
155
168
171
164
164
167
162
135
93
45
29
42
39
42
25
19
24
27
35
23
16
4
-13
-26
-50
-71
-71
-75
-89
-100
-113
-128
-118
-96
-77
-40
2
32
61
59
40
6
-28
-34
-33
-30
-37
-61
-81
-99
-116
-111
-92
-70
-62
-58
-53
-53
-49
-39
-14
14
45
81
82
54
0
-35
-25
-5
37
73
70
42
-11
-54
-57
-29
12
59
80
70
53
32
41
64
91
107
80
26
-38
-79
-87
-78
-68
-55
-37
-25
-9
-14
-12
2
9
26
31
21
-9
-33
-46
-45
-25
-15
-12
-4
11
15
10
-2
6
35
51
39
15
-2
-9
9
20
0
-16
-25
-28
-30
-28
-15
4
39
61
60
66
66
56
63
68
67
70
53
38
29
17
9
-6
-19
-25
-34
-38
-47
-43
-25
-3
19
27
43
65
72
63
59
51
34
12
-10
-24
-50
-64
-59
-66
-60
-56
-42
-17
12
41
54
48
24
0
-16
-18
-38
-48
-48
-40
-27
-28
-28
-29
-16
-11
-3
16
19
15
8
11
32
55
68
70
56
29
-11
-41
-56
-71
-83
-94
-112
-116
-103
-73
-24
19
42
48
49
67
77
74
50
20
-6
-21
-19
-36
-73
-104
-110
-107
-95
-100
-104
-80
-67
-51
-22
12
52
73
107
116
112
111
106
90
53
12
-21
-40
-59
-67
-49
-44
-47
-38
-32
-21
-25
-13
21
51
65
59
44
38
35
28
18
3
6
17
21
23
31
30
20
16
16
26
41
49
58
49
28
18
10
11
14
1
-10
-23
-44
-47
-43
-41
-33
-17
-4
12
32
41
43
52
52
60
63
59
61
45
29
3
-18
-29
-48
-41
-27
-28
-34
-32
-17
12
35
42
48
45
47
42
24
1
-11
-18
-33
-55
-71
-77
-75
-71
-76
-80
-71
-53
-32
-13
-6
-14
-14
-5
-7
-16
-26
-41
-47
-46
-58
-56
-51
-49
-51
-57
-54
-46
-26
8
44
55
59
68
76
74
75
66
54
43
22
15
19
25
31
41
57
67
70
65
59
57
54
48
37
31
27
10
-17
-43
-58
-52
-37
-37
-46
-46
-56
-69
-65
-52
-33
-19
-9
-4
-5
-10
-4
14
43
77
72
57
44
20
-14
-38
-62
-73
-71
-78
-98
-106
-99
-79
-47
-37
-28
-18
-9
4
0
4
18
23
32
38
38
33
29
29
33
40
40
30
7
-20
-46
-58
-40
-12
6
14
19
14
19
24
10
12
15
15
25
32
37
38
50
54
62
72
67
61
65
61
56
42
13
-13
-21
-17
-14
-3
8
13
2
-9
-7
-8
-1
25
44
57
52
48
53
57
56
46
43
30
-4
-39
-65
-82
-72
-58
-51
-42
-48
-39
-33
-33
-44
-60
-68
-70
-51
-46
-31
-21
-11
1
4
-2
-5
-4
-1
-3
-5
-8
-17
-33
-47
-63
-71
-70
-59
-39
-22
-5
-2
6
13
-1
-8
-15
-35
-55
-57
-49
-39
-23
-9
3
16
24
48
