-50
-52
-43
-37
-33
-24
-14
-3
10
19
13
3
-13
-30
-23
-13
-3
19
33
34
27
18
6
10
19
22
13
4
16
32
46
50
42
35
23
11
12
26
39
46
48
35
19
9
15
18
13
4
-5
-13
-26
-22
-7
5
-5
-13
-21
-30
-28
-16
-10
-13
-13
-20
-24
-29
-26
-23
-24
-31
-37
-32
-25
-23
-16
-20
-30
-31
-29
-37
-48
-43
-40
-44
-47
-50
-56
-54
-43
-19
-4
0
13
15
10
-3
-5
7
17
31
40
41
38
39
48
52
56
60
57
51
54
61
70
69
63
55
38
29
31
32
43
50
44
42
56
68
57
51
38
16
5
5
-2
3
10
6
11
14
15
15
18
22
29
23
3
-8
-11
-19
-35
-42
-43
-38
-30
-24
-29
-33
-28
-10
1
8
6
-5
-4
-17
-33
-47
-58
-63
-60
-64
-63
-58
-68
-73
-68
-68
-73
-61
-62
-59
-53
-53
-48
-53
-38
-24
-18
-15
-12
-1
7
10
12
11
25
43
44
41
28
24
21
11
7
7
5
11
21
20
9
9
28
44
53
48
39
23
8
-10
-32
-34
-30
-26
-19
-12
2
19
25
33
31
23
11
15
16
8
1
-9
0
13
22
39
51
55
49
30
22
17
18
32
36
38
37
17
-9
-14
-24
-27
-9
5
20
13
2
-8
-14
-9
-13
-20
-21
-21
-25
-17
-10
-5
10
6
-5
-7
-9
-9
-17
-20
-14
-1
6
10
11
11
9
6
3
0
-7
-9
-1
6
10
15
20
7
-7
-14
-6
6
4
-6
-16
-25
-20
-5
8
12
1
-17
-39
-56
-64
-71
-59
-36
-25
-10
11
15
11
-7
-32
-50
-52
-46
-37
-19
-2
30
46
54
71
74
74
86
91
68
52
45
34
26
19
30
31
20
17
6
-8
-16
-10
-15
-25
-31
-41
-39
-40
-28
-11
-2
14
20
22
12
9
6
4
17
12
-5
-7
-7
3
-2
-9
-3
0
-6
-16
-15
-21
-21
-27
-29
-32
-26
-24
-21
-16
-19
-24
-32
-19
-25
-28
-12
-10
-10
-7
-12
-19
-34
-50
-43
-37
-42
-30
-24
-31
-28
-37
-44
-47
-49
-37
-35
-38
-16
-7
-4
8
-1
5
36
58
90
125
112
85
87
81
60
70
77
76
80
59
38
22
-1
-15
1
13
26
31
14
12
14
-2
0
23
13
19
28
18
26
28
19
15
19
14
-4
-15
-30
-21
-4
-5
-14
-18
-22
-26
-27
-46
-49
-24
10
24
14
5
0
-1
9
30
45
58
54
48
22
-13
-21
-16
-4
-13
-21
-28
-39
-48
-66
-69
-66
-72
-72
-63
-68
-68
-68
-52
-25
-23
-19
-11
-3
-7
12
42
45
45
28
0
-8
-26
-45
-25
-21
-28
-13
-18
-35
-35
-26
-14
-3
4
-1
-15
-21
-23
-5
15
31
45
62
69
50
17
5
10
5
-3
-34
-58
-62
-48
-34
-35
-21
8
33
38
26
14
24
40
64
67
63
65
81
122
155
163
133
68
20
0
2
-15
-55
-57
-99
-126
-124
-118
-84
-6
86
135
94
31
23
15
44
75
70
68
92
77
27
20
45
77
85
20
-59
-49
-33
-63
-94
-138
-171
-193
-222
-218
-195
-114
-18
70
131
81
40
40
51
72
77
74
64
56
37
55
69
24
-18
-35
-99
-142
-87
-99
-89
-33
-32
-51
-120
-126
-32
44
36
31
183
283
250
184
195
225
185
85
-82
-169
-120
-52
-14
20
37
45
18
-15
-29
20
178
160
31
-96
-266
-348
-301
-170
-108
-15
7
-30
-64
-85
-68
-63
29
5
-103
-183
-212
-231
-149
12
64
60
-54
-178
-241
-224
-118
9
68
-46
-272
-443
-379
-234
-32
258
289
162
143
129
9
-46
-16
86
287
319
148
-59
-93
-14
68
96
67
87
92
128
204
300
371
407
335
248
236
221
246
321
204
-109
-346
-435
-402
-362
-254
-102
-95
-88
-12
-112
-175
51
204
182
248
244
156
134
59
11
-8
61
278
391
223
-169
-473
-400
-102
42
21
160
247
193
191
113
105
257
406
229
-29
-92
-144
-162
-249
-360
-352
-132
29
-35
-36
122
161
48
-61
-142
3
220
140
-94
-165
-239
-228
-106
-206
-385
-535
-498
-200
-101
-176
-62
103
228
328
257
223
397
387
236
201
142
32
37
-1
-234
-249
-132
-114
7
-30
-360
-546
-573
-475
-145
10
26
45
20
148
104
84
335
664
732
501
864
389
-836
-808
-499
-377
-277
-512
-648
-467
-411
-409
-187
94
506
555
401
-81
-786
-452
143
450
433
131
90
-41
-210
-1
-86
-318
-38
-24
-396
-895
-971
-595
-752
-1047
-470
2876
5868
4030
1391
547
138
711
1000
276
978
1466
-348
-2311
-3810
-3872
-1585
1010
1357
-532
-2181
-2468
-997
709
988
1374
1734
1458
1255
-62
-954
388
910
1188
1323
-779
-2586
-3285
-2714
-1591
-1623
-1973
-2119
-2041
-1804
-1246
-606
459
1638
1863
727
-956
-1866
-141
7022
11745
7860
2434
-1319
-2615
-1313
-700
-241
1892
2615
61
-3746
-6361
-5094
-7
4995
4956
691
-3316
-4389
-1549
1186
2195
3099
2718
1814
730
-1765
-2884
-1075
1642
3855
2618
-753
-2705
-3425
-2548
-1043
-264
56
359
-40
-1125
-1865
-1819
-406
2288
4004
1832
-1181
-2909
-3060
-1071
-60
514
657
-25
-1137
-3166
-4655
-4056
-2350
-1959
-1853
-172
6332
10969
7071
3050
1231
633
1383
837
-57
1324
1620
-2411
-6661
-8792
-7441
-2110
3195
3114
-820
-3305
-3004
808
3825
4266
4731
4253
3383
1646
-2438
-4490
-2257
136
1629
149
-3730
-5105
-4574
-2805
-366
918
1390
2428
2894
1918
1388
1816
2750
3113
2009
-465
-1926
-1895
-1644
-1075
-1586
-1982
-2094
-3193
-3849
-3822
-4462
-3697
-2053
5537
20096
17099
3577
1364
228
189
3015
981
387
4976
194
-9737
-12839
-13043
-6577
4680
7371
-329
-6061
-7385
-3032
6077
7112
6582
8092
5007
3357
778
-5045
-3856
606
2426
2444
-3691
-8233
-7203
-5514
-2246
-285
209
2958
5038
3031
-45
-723
540
2841
5439
2462
-1330
-933
-2772
-3016
-2027
-3507
-3161
-2714
-5131
-7072
-7172
-5356
3201
19518
23843
10113
1940
203
-1013
2933
2814
366
4909
3242
-8175
-14726
-17468
-12858
572
7670
3724
-4157
-8262
-5962
2710
8047
8557
10611
8397
4685
1286
-6136
-8064
-2338
1728
3302
-1385
-8675
-10245
-9713
-5086
49
987
2528
2805
578
-570
433
2800
5357
7093
5270
141
-3541
-6535
-5665
-706
-781
-3716
-6794
-10111
-8212
-4726
-409
14978
23787
14169
7516
4668
750
2270
4772
4213
5978
4684
-6182
-13649
-14895
-13050
-3215
4797
1513
-3906
-6896
-6791
1048
6527
7390
10070
9150
5925
3157
-2756
-6140
-2877
699
1613
-1878
-6395
-7976
-8276
-5966
-2965
-1577
34
2666
2997
1282
1800
2976
4945
8230
7244
2748
776
-1573
-4035
-4267
-5584
-5936
-4810
-5843
-2883
8680
12604
7502
5662
4163
4598
6211
4061
3219
5915
3425
-4011
-8543
-10474
-8440
-3254
-954
-3343
-6094
-7689
-6472
-1401
1438
4143
7581
7586
6733
4438
-222
-1942
-169
2194
2508
-1929
-5620
-7250
-8760
-6913
-5095
-4383
-2000
37
-333
-362
2363
4393
6115
8258
6516
3432
1205
-1924
-1883
-672
-340
6262
9544
1914
-4121
-6676
-7285
-2614
1966
3416
6698
6618
-851
-4977
-4037
-1644
3700
6687
1626
-6074
-10817
-11887
-7397
-3052
-951
2952
3678
1462
589
-367
896
5079
8108
9092
5616
-622
-3973
-5430
-5991
-5790
-5923
-5794
-4834
-5674
-6921
-4092
-906
1498
4391
4541
3028
2706
2281
3198
6169
6341
10458
15298
7156
-2661
-5226
-5539
-3158
-439
-1631
-890
1289
-2116
-5428
-5238
-2151
4641
10003
7952
-299
-6445
-6481
-1663
2555
2549
1476
-252
-2486
-3035
-3078
-2453
1810
5838
6433
3534
-1849
-3048
-1226
716
2380
519
-2630
-4698
-6862
-7950
-5410
-2946
-1608
708
653
-1647
-2333
-325
3265
6642
8225
13931
17697
8627
-192
-1953
-1365
1272
2324
-1045
-2071
-1664
-6472
-8934
-7695
-4615
993
4885
2988
-2947
-6248
-6077
-2082
3355
5855
6596
5451
1611
-1059
-2238
-2907
-210
2227
1998
-1355
-6245
-7701
-8163
-6707
-2672
-776
-1093
-2070
-4090
-5697
-3465
-238
1754
3406
3864
2155
169
372
537
1866
3075
7887
13825
8099
183
-2034
-2688
-378
2875
1728
1386
3353
-215
-3500
-4031
-3851
-546
4201
4764
-150
-4192
-6803
-6253
-3172
-1914
1491
5496
5114
3723
1423
62
2023
3280
3469
2460
632
-1929
-5401
-7650
-8014
-7599
-6687
-5470
-5886
-6737
-6462
-3721
-190
3226
6429
6723
6567
5975
4817
2979
3024
11251
14899
7007
712
-2639
-5056
-3366
-2290
-2966
589
2307
-1537
-3917
-4884
-3617
2223
7098
5366
369
-2735
-4354
-3726
-2945
-2316
1760
4549
4251
3376
580
-1540
-22
1913
2438
1504
-44
-1746
-4240
-4740
-4089
-3647
-2729
-3029
-4898
-6657
-5929
-4105
-1758
872
2583
3601
3253
1835
621
1341
4603
14536
18566
9144
2758
-600
-3648
-2600
-1453
-2388
319
1736
-4299
-8095
-8302
-5521
1772
8204
5849
-1343
-4279
-4708
-3124
-1693
-1835
543
3827
3709
1366
-2083
-2822
1016
3777
2660
-1766
-4487
-3605
-3278
-3968
-4772
-5250
-3330
-1600
-3685
-5893
-4953
-1836
1255
3318
2775
2231
2951
1823
978
1396
2123
4205
12422
15542
7114
1335
-1839
-2248
2053
2352
-619
1411
2029
-2487
-4238
-5566
-4651
1952
6184
2594
-3171
-6805
-7385
-3267
306
1024
1463
832
643
2519
2034
757
1771
2973
2601
-82
-2492
-3587
-3875
-3605
-4733
-7149
-7736
-6671
-5641
-3915
-2121
-2357
-615
2639
3695
5052
5166
3792
3314
2448
2278
10329
15156
7634
2619
-878
-4382
-2817
-1456
-1555
2058
3980
13
-2333
-4166
-3688
1404
5830
4932
523
-4027
-7174
-5748
-3419
-1249
1310
1061
533
1586
-99
-651
1738
3338
5058
4599
2007
-992
-3617
-5012
-4803
-5613
-6821
-6014
-6968
-6752
-5345
-5055
-2312
1887
4183
6057
6776
3359
1534
2571
10146
19108
15046
5829
-213
-4327
-5954
-4749
-3676
-746
3758
1164
-4781
-8293
-7531
-1239
7191
10275
5236
-518
-4907
-6921
-4617
-2202
58
2682
2298
-382
-4275
-6883
-4478
395
4454
5395
3140
492
-2398
-4571
-4425
-4025
-3347
-1938
-3220
-6709
-8169
-6888
-3998
-53
3041
4918
5454
3490
497
322
9586
18916
15198
6874
-255
-5274
-5797
-4614
-3030
1456
4754
2020
-3139
-8522
-8255
-1222
6905
10607
4879
-3484
-6988
-5885
-2832
-677
1400
3494
3508
1981
-2469
-5883
-3327
1734
7125
7490
2587
-1353
-4176
-5468
-3973
-3500
-4413
-3508
-4169
-6091
-7359
-6690
-2166
2631
5085
5544
5334
4119
2186
5730
15898
20372
10404
-1549
-6994
-11700
-8324
-3185
-3543
2725
4567
-2317
-6306
-7067
-3547
6245
14786
12330
2507
-6221
-7768
-3861
2420
4827
490
-791
-4011
-7961
-7021
-6507
26
7204
8125
5694
-797
-3273
-1319
1082
3005
191
-4051
-6583
-10491
-11552
-8974
-7738
-2071
2280
58
-1853
5246
21538
25651
17531
8991
789
-1435
-222
-3092
-4091
-926
-2524
-6191
-12027
-16662
-12188
-1256
9193
8360
376
-4047
-3243
1931
6878
7750
7450
6661
4639
-531
-7669
-8796
-4817
1795
5692
2905
-1981
-6913
-8632
-5604
-2432
-1371
696
1025
-1695
-4233
-5997
-4477
-330
3838
6177
4207
-422
-4491
-5220
7538
22443
19254
9697
770
-7396
-8622
-6195
-4871
208
6663
3866
-4123
-12472
-14927
-6366
7004
13308
6244
-4284
-10756
-10566
-4503
66
3362
6549
6454
3764
-2284
-6845
-3624
4822
13388
14069
6429
-1791
-7524
-9344
-5738
-2767
-2137
-1708
-5403
-9237
-10315
-8898
-3552
3693
8468
7871
4029
-760
6008
23105
25915
14860
5144
-2615
-6756
-6838
-9668
-8186
734
2077
-3993
-11248
-15678
-9593
4409
14692
11921
2295
-4847
-6714
-2802
-306
-109
2332
3245
1914
-1967
-7509
-8485
-3535
4926
10245
8974
3955
-2006
-5126
-4028
-3363
-3737
-2463
-4195
-6947
-7620
-8944
-7366
-2053
3974
7874
6929
2038
2740
17726
28326
20564
9511
660
-4846
-3736
-4880
-8419
-4620
-53
-2664
-8549
-15324
-15136
-3861
10134
13148
4400
-3964
-7743
-4801
386
1762
2419
2945
2692
412
-5734
-8381
-3841
4039
10684
9466
2631
-3323
-5832
-4804
-2825
-3102
-3792
-4877
-8974
-11226
-10858
-8654
-4000
2344
6581
5020
1671
1310
14523
29851
26469
15293
5333
-2745
-5004
-5930
-8039
-4042
1593
-985
-7401
-14764
-17906
-9242
5904
14107
9704
319
-7238
-7329
-1154
2248
4388
5458
2953
739
-3773
-8438
-7245
-1209
6891
10765
7923
1926
-3538
-5383
-2728
-771
-960
-2211
-6825
-10013
-10833
-10716
-8513
-3290
2094
2812
843
631
13865
29572
26849
14986
5467
64
-1032
-1149
-3764
-2479
1492
-1305
-7994
-15179
-17462
-9171
4506
10973
5011
-4333
-8669
-5969
-245
2320
3465
3628
1670
591
-2693
-6530
-5056
1392
8567
9985
5975
352
-3632
-3619
-861
-25
-456
-1389
-6147
-9386
-9335
-8683
-5854
-677
1472
-624
-3507
1615
18215
26087
19540
10163
3607
1214
732
-1035
-2061
2919
4751
-758
-9437
-15728
-13099
-2217
9553
9369
89
-7701
-8896
-3678
1053
3189
4436
3100
-342
-4226
-8831
-9621
-4307
2891
6865
4926
418
-2675
-4568
-3005
-32
1325
2569
-335
-5448
-8504
-9052
-6356
-1472
2048
509
-5068
-2839
12419
18996
14224
7968
657
-1091
-221
-1676
-2552
2267
6125
3230
-4180
-10847
-9760
-1905
8901
10394
768
-7575
-9450
-5530
-1019
1585
3097
3680
3861
647
-4806
-5520
-1268
5052
9007
6117
1147
-1459
-3332
-3563
-3650
-4476
-3091
-2966
-4874
-7222
-8792
-5689
363
5327
5040
-1564
3160
20076
22405
13502
5092
-2318
-2980
-2069
-6256
-7636
-2266
662
-119
-5408
-10826
-8102
2007
13262
12154
2058
-6167
-7518
-2130
628
1021
805
-717
-94
-1701
-7408
-8747
-2833
5662
9767
5552
-665
-3388
-2082
1001
-970
-4735
-5061
-5402
-5967
-7313
-9165
-5110
2957
7700
5352
647
10869
23585
20833
11943
1313
-3473
-1435
-1661
-4961
-4832
-1812
-936
-3529
-9515
-9974
-3062
9183
15648
6898
-3903
-8371
-4827
1613
2577
-954
-4130
-3613
-2171
-4767
-7805
-6049
1893
11136
10618
3221
-1400
-1765
2004
4856
112
-6068
-7690
-8992
-9619
-10996
-11338
-6783
-486
1534
-745
9836
24003
22070
14073
6060
-741
-981
750
-1929
-1734
-314
-3334
-7691
-13493
-14626
-8099
4817
13891
7942
-3161
-8836
-5621
2467
7072
6050
1174
-2007
-2470
-5056
-8382
-7733
-2093
6364
9822
5361
-381
-3537
-1092
4567
4871
649
-2762
-5764
-6723
-6912
-7803
-5528
-1551
235
-1584
7518
22452
19891
10161
3177
-2062
-1854
-45
-2273
-1601
2170
-223
-5362
-11482
-12950
-5890
5380
14019
9439
-1446
-7666
-6198
-28
3812
5551
3142
-1016
-2630
-5896
-9514
-8282
-3354
2913
6874
4688
872
-1773
-1438
2948
4803
3068
254
-4400
-7156
-7617
-6879
-3901
-2102
-1151
-2930
3806
20993
22842
12232
4031
-1357
-2278
-102
-1374
-1549
3087
2782
-2780
-10850
-13885
-7789
2247
11080
7983
-2735
-9604
-8837
-1923
2827
4671
3767
319
-1108
-3816
-7997
-7827
-3223
2718
5948
3657
-31
-3611
-5217
-194
3851
2951
1314
-2768
-6915
-7349
-6015
-2359
1759
3282
-655
1557
19203
24590
13974
5432
-1308
-3147
-605
-2272
-4649
-198
1662
-2096
-8922
-13405
-8147
2811
13953
12599
255
-8592
-10363
-4376
2049
4349
4089
-10
-3016
-5344
-9183
-9410
-4717
1997
6424
5001
1016
-2493
-5387
-2371
2015
2243
2114
-1506
-6832
-8815
-8583
-4270
1024
4127
1782
973
16674
26426
17426
7182
-615
-3386
-169
-314
-3624
-819
1197
-1560
-7474
-13362
-10643
-1262
11586
14726
3774
-6724
-11677
-7524
282
3408
3782
205
-3003
-5387
-9982
-11311
-6704
1475
8355
8758
3707
-703
-4623
-3360
1973
2494
1994
-1077
-6732
-9328
-10718
-7859
-2382
1891
3472
1105
12029
26062
20937
10646
3760
-263
1657
3545
-676
-1154
529
-2394
-7442
-13330
-11595
-3726
8095
14875
6489
-3819
-8758
-6505
1866
6531
6674
3180
-1204
-3729
-7824
-10751
-9439
-3332
4013
6730
3119
-1752
-5691
-5393
1221
3263
2166
795
-3748
-6734
-8578
-7634
-3364
152
1547
554
10797
24231
19385
8204
786
-3199
-1163
2381
1233
2843
4808
-32
-6362
-12918
-12238
-4670
5975
12698
5297
-5675
-11414
-9892
-1978
3827
5750
3654
-492
-2871
-6770
-9857
-8628
-3939
2084
4696
2096
-1562
-5114
-6428
-1452
1420
1271
771
-3234
-5401
-5563
-4030
-122
2322
2350
284
9841
24739
21577
10136
886
-5252
-3715
-272
-1269
854
4643
2252
-2999
-10497
-11815
-4344
6810
14669
8052
-3786
-10963
-10930
-3517
1821
4576
4271
289
-1651
-5001
-8756
-7904
-3494
2690
6142
3835
-1001
-6117
-8427
-3552
181
-298
-1013
-4798
-7040
-6881
-5269
-78
4417
6040
2580
6974
21943
23348
13441
3851
-3846
-4698
-1654
-2037
-1291
2846
2977
-387
-7516
-10911
-5855
3634
14112
11623
-388
-9092
-11513
-5925
125
2981
3309
1133
110
-1881
-5022
-5478
-2079
4217
8502
7169
2650
-3774
-9172
-6674
-2327
-2267
-3058
-6578
-9472
-8722
-7786
-3191
2443
6048
6001
5062
16763
26414
19672
9189
140
-4840
-3072
-2219
-4429
-1950
1203
-378
-5697
-11006
-9417
-2368
8989
13937
4091
-6475
-11260
-9929
-3659
292
1468
202
-1648
-2221
-4595
-7020
-5074
853
7465
9443
5305
24
-5618
-6813
-2522
-2016
-3595
-5090
-8774
-9797
-8862
-7405
-2674
1760
4672
3214
9007
25236
25440
13907
4643
-3388
-3695
135
-967
-884
2809
1825
-3035
-9007
-9573
-3655
5246
14841
10649
-2698
-10431
-12303
-6872
-421
1285
851
-1247
-1683
-3014
-6657
-5650
-570
6540
11973
8584
1654
-4173
-7242
-3185
-249
-2874
-4812
-7398
-9895
-8738
-8413
-5661
-288
4336
5295
3334
15711
26775
19356
9877
475
-6040
-2905
302
-430
1984
3352
60
-5081
-9208
-6489
299
10901
15546
3962
-7504
-12397
-10581
-2220
1561
1522
29
-1316
-696
-4279
-7775
-4600
2124
9744
12130
6515
-272
-5564
-5213
-648
-1973
-5116
-6346
-8984
-8906
-8359
-8147
-4063
1416
5796
2486
7629
23861
22926
12966
3863
-5963
-6381
-1618
-1975
-923
2329
975
-2440
-8338
-9271
-3924
5316
16807
12456
-1394
-9757
-13052
-7033
-794
446
50
-2392
-1547
-3152
-8681
-8640
-3300
4949
12209
10524
3492
-3203
-6360
-1647
480
-2475
-3902
-7049
-8374
-7411
-9090
-7287
-2538
3630
5061
1860
14894
24640
16233
8583
-347
-5767
-1088
1129
-384
1870
2081
-312
-4458
-8284
-5330
-249
10865
16264
4302
-6031
-11306
-9647
-1307
1809
1974
-590
-2033
-1240
-5482
-7974
-4300
1436
9220
12144
5532
-1619
-6002
-4051
848
-1131
-4087
-6427
-9228
-7717
-7945
-8286
-4180
311
3652
1127
9093
23265
18724
9161
876
-7086
-5203
-481
-679
1407
3119
537
-2903
-8276
-7095
-1127
7500
16546
9176
-3313
-9505
-11224
-4172
1140
1979
382
-2438
-1316
-3499
-7540
-5805
-793
6543
12260
8463
933
-4226
-4797
64
897
-1565
-2797
-6066
-6499
-5789
-7716
-4226
707
4497
3160
4245
19607
22942
12626
3529
-6111
-7806
-2636
-1083
-502
2257
1397
-1362
-6293
-8308
-3155
4182
14802
14451
1245
-7651
-12113
-8283
-93
2586
2353
-1637
-3258
-3959
-8250
-8249
-3519
3110
9712
9268
1661
-4772
-7429
-3486
712
-471
-1260
-4064
-6820
-6088
-7300
-6186
-807
3604
4584
1080
10753
23857
17976
7815
-2261
-9138
-6021
-2110
-2298
-890
447
-1574
-4941
-9185
-6669
-79
9315
16812
7915
-3999
-10116
-10716
-2187
3224
3513
711
-3122
-2600
-5188
-8546
-6123
-178
7344
10884
5732
-1471
-5223
-4479
317
730
-1315
-2119
-5403
-5540
-5118
-6592
-2772
2897
5595
1345
6298
22852
22207
12070
2571
-6912
-6420
-1604
-1224
-836
644
-1698
-5082
-9708
-9691
-3757
4586
15220
11752
-691
-7663
-10913
-4552
3279
4901
3792
-860
-1978
-3437
-8004
-7210
-2998
3797
9996
7561
160
-5406
-6834
-2095
792
-352
-191
-2977
-4857
-3527
-5719
-4482
1101
5273
4211
1200
14731
24779
16186
6505
-3942
-8534
-3767
-1163
-2481
-1337
-1283
-3889
-7372
-10403
-6574
-552
9766
15238
4305
-5213
-10281
-9252
159
4130
3772
604
-2580
-2178
-5748
-8482
-5703
-264
6697
8715
2845
-3798
-7094
-4805
716
643
-389
-1183
-5113
-4795
-3923
-4615
-1148
3145
4937
753
6715
22819
20910
10547
1577
-6750
-5312
-134
-276
-513
880
-1692
-5827
-10675
-9780
-3990
3907
13782
8559
-3315
-8739
-11270
-3668
4478
5416
4076
-338
-1104
-2161
-6309
-5620
-1557
4265
8549
4969
-2690
-7637
-8176
-2845
314
-1091
-973
-3564
-5703
-3730
-3951
-2173
2510
5768
2844
852
16636
25348
15539
5478
-5192
-8549
-2452
35
-1055
849
1148
-2010
-7697
-11081
-6991
-778
10263
13839
1824
-7229
-12264
-10034
378
3994
4061
1655
-1714
-767
-3866
-7110
-4419
364
7046
7947
980
-5406
-8543
-5391
-33
-323
-1422
-2015
-5428
-4288
-3032
-3868
380
4175
5394
550
6016
23388
22307
11647
2781
-6112
-5336
-415
-1078
-304
2465
1404
-2433
-9376
-9800
-4728
2719
14030
9547
-3080
-9394
-13191
-5062
3757
4616
5076
1599
308
-273
-5853
-6111
-1574
3971
9777
6413
-2583
-8070
-8994
-4448
-1414
-2642
-2656
-4667
-6687
-3974
-3719
-2179
1414
4419
4494
-305
12304
25272
17098
8366
-915
-7317
-2937
-1036
-2629
900
3003
607
-5818
-12333
-9168
-3740
6007
13533
3274
-6626
-12025
-11774
-671
3864
4118
3221
-699
-424
-3081
-7256
-4480
-467
5049
8540
1683
-5824
-8810
-7124
-1716
-1247
-3108
-2705
-4775
-4716
-1807
-2552
-738
1609
3890
1164
1965
20343
24346
13112
5106
-4582
-5142
936
1
-143
3836
3578
77
-7485
-10783
-5359
731
12073
11656
-3335
-10640
-14346
-8393
3211
4656
4757
2187
-554
252
-4372
-6128
-1409
3266
9383
8199
-1463
-6894
-7754
-4351
364
-1339
-3220
-3537
-6385
-4436
-2868
-3367
200
3546
3986
-518
9310
24888
18921
9383
918
-7153
-3254
313
-1799
1405
4502
1929
-3724
-11150
-9684
-3787
4970
14756
5625
-7354
-12208
-13317
-3292
3859
4001
3847
-259
-1028
-2133
-6686
-4278
625
5768
10063
3874
-4968
-7902
-7498
-2870
-588
-3476
-4076
-5857
-6870
-2832
-2923
-2119
1209
3200
952
509
17274
24492
14184
6774
-2755
-6541
-1546
-1213
-418
4851
5233
1020
-7393
-12003
-6188
-12
11167
13891
-1504
-10653
-14243
-11278
-111
2750
3245
2167
-1333
-783
-4470
-6694
-1268
3323
8650
9144
-83
-5744
-6349
-4453
225
-891
-3962
-3849
-6620
-4723
-1112
-2541
108
2691
3103
-203
6004
23209
21261
10885
3519
-5432
-4518
-898
-1966
1569
5659
3474
-2202
-10568
-10454
-3659
3717
14534
8977
-5670
-10316
-12697
-6120
2221
1989
2603
87
-2351
-2794
-6804
-5437
-332
3620
8265
4624
-3716
-6359
-6384
-2529
1197
-1734
-3193
-3874
-6252
-2540
-1164
-1750
1191
2229
1544
-1177
11276
24671
16355
7544
-1009
-7510
-3515
-1773
-2062
2797
4893
1621
-5318
-11901
-7396
-460
8865
16404
3857
-7832
-10359
-10925
-859
4121
3062
3537
-1011
-2346
-3882
-6817
-2472
2415
6459
9321
2534
-4921
-6691
-6724
-1858
273
-2955
-2852
-4796
-5585
-1246
-2590
-1755
1112
1534
505
2620
18414
22069
11290
4713
-3475
-5354
-1139
-1344
7
4351
3190
-1929
-9378
-11330
-4207
2295
12041
11826
-2948
-8777
-10097
-6443
3231
3729
3451
1899
-3073
-3069
-5131
-5798
-916
2495
6158
5484
-2070
-6494
-7379
-5268
-54
-197
-2831
-3263
-5827
-3744
-1062
-3151
-662
629
636
-1272
4795
21360
18781
8980
2959
-5331
-4384
-1317
-1932
1312
4914
2507
-3402
-10984
-9627
-1908
4710
14752
8824
-5768
-8357
-10044
-3101
5450
3774
4853
1049
-3355
-2401
-5878
-5180
185
3512
7343
5019
-2856
-5713
-6423
-3613
1103
-1196
-3401
-4251
-5787
-1915
-1476
-3226
404
1366
1110
315
10324
22688
16337
8458
616
-5955
-3161
-1642
-1055
2613
3747
335
-5536
-11488
-7706
-545
6774
13871
4164
-6606
-8419
-8798
-32
4134
2124
2927
-1789
-3965
-3690
-6648
-3900
864
3712
6567
2322
-3994
-5171
-5090
-748
1556
-2745
-4245
-5197
-5011
-830
-1781
-2475
513
805
166
-502
12001
23069
15870
8922
40
-6218
-3558
-2666
-916
3486
4155
928
-5090
-10542
-6638
-184
8943
14901
3049
-6232
-8260
-8211
990
3091
1854
2926
-2288
-2719
-3128
-6835
-3586
876
4297
6431
1165
-5108
-6762
-5937
-381
516
-4090
-4403
-5253
-3892
-854
-3400
-2682
1150
1679
-78
-1627
11399
21917
15648
8811
-1444
-6993
-4441
-3827
-1797
2170
3159
881
-5272
-11001
-7241
-765
9306
14721
3347
-4788
-7576
-6874
1829
3109
2092
1732
-1786
-525
-2058
-5998
-3915
610
5601
7542
1743
-4261
-5950
-4266
1221
366
-4225
-4248
-4386
-2353
-585
-3493
-2658
515
2113
-338
-3793
10817
22974
17451
10733
-675
-7094
-4843
-4413
-2503
1264
2474
1155
-5447
-12149
-8993
-3126
8578
15516
3659
-4492
-7654
-7837
886
2136
1360
2080
-532
668
-1286
-6045
-4575
851
5721
7565
1924
-4462
-5150
-3306
1555
87
-4469
-3487
-3428
-2620
-1834
-4615
-3201
1381
2889
206
-3771
9993
25263
21052
12703
1082
-7046
-5539
-4389
-3526
489
2781
1194
-4712
-12269
-10966
-4581
6507
15040
5724
-3655
-7181
-8362
-525
2072
323
1239
-478
-450
-1731
-7688
-7715
-687
4856
7535
3535
-2623
-3144
-1847
860
-755
-5416
-4184
-2751
-2802
-2038
-4255
-4091
134
2002
-666
-5319
7652
25873
23184
14057
2734
-7502
-6747
-4573
-4153
39
2878
1710
-3482
-12371
-12922
-6605
3988
14981
8963
-1955
-6789
-10097
-3331
1610
-291
1892
1424
446
-495
-7300
-8229
-481
5650
9178
6362
-415
-2161
-1979
-762
-1333
-5485
-4190
-1613
-3251
-2902
-3582
-4479
504
3123
294
-4840
-699
20041
27964
18423
7892
-4930
-8671
-4422
-4655
-2960
1951
3020
1028
-8402
-15198
-8946
-541
13184
17570
4079
-4147
-8991
-8021
-308
-398
1118
3304
518
-187
-5697
-10073
-2464
4653
7709
9021
3180
-1360
-1998
-4070
-3931
-5474
-5539
-1521
-3257
-5364
-5062
-6527
-2109
2516
1383
-1297
-1580
14923
29003
21560
10491
-1706
-9187
-5993
-5595
-5604
-109
2914
2220
-5435
-14417
-10965
-3491
9332
19255
8643
-2891
-7597
-9520
-3326
-226
743
3531
1018
-1389
-5479
-11135
-5818
3569
7388
10298
7283
876
-854
-3809
-5010
-5194
-6082
-2963
-3159
-6047
-6997
-7682
-3813
1399
1811
1358
-2393
6083
27034
27072
15660
5165
-6782
-7550
-5217
-6736
-2897
2037
2585
-2639
-12971
-14173
-7022
3933
18440
15643
1187
-4636
-8645
-6631
-401
-115
2475
2738
-1276
-4068
-9481
-8591
1192
6738
9887
10174
3785
388
-2394
-5150
-4724
-6006
-4321
-2219
-5547
-7855
-8267
-6754
-1216
1987
2277
-1335
-1135
18343
31118
22280
11290
-1051
-8162
-5650
-6287
-5654
-236
2283
766
-8492
-16440
-11491
-1931
12245
19420
6787
-3724
-7982
-10158
-3102
44
264
3497
937
-3021
-6704
-9614
-3546
4801
8618
10969
7760
2513
161
-3372
-4931
-5052
-5140
-2439
-3188
-7999
-9146
-7297
-2959
2896
3497
1265
-3011
2107
23827
30602
19646
9422
-3057
-8531
-6482
-7852
-5120
1466
3388
-123
-11155
-16588
-8701
1988
16091
18889
4226
-4268
-8957
-10060
-2350
-437
802
3441
-401
-4136
-7374
-8484
-1270
5903
8928
11033
6536
1249
-1540
-6523
-6926
-5093
-3466
-1888
-6250
-10491
-9399
-6029
-638
3512
2404
839
-3344
1497
23483
29758
19749
10099
-3747
-10085
-8992
-9874
-4805
1933
2887
-804
-11943
-16923
-9382
628
16073
19669
4507
-4142
-10702
-12529
-2473
866
2255
4178
-285
-3806
-7367
-8230
-1520
5229
10010
12767
8967
2028
-3835
-7799
-5992
-2336
-2182
-3378
-8099
-11289
-7934
-3936
-149
3135
3228
2616
-860
2482
21776
30180
22191
11525
-3497
-12014
-10259
-8186
-3812
2343
3174
-641
-9778
-14794
-8426
1491
16091
19939
5453
-5171
-12216
-12555
-2320
1335
2388
3092
-1604
-3795
-5127
-7361
-2674
5263
10520
13433
9023
791
-5038
-7199
-4793
-3522
-4211
-5977
-9750
-10207
-7730
-5431
-1668
3022
4910
3809
-1510
-2250
16344
32291
27377
13992
-2646
-12608
-10077
-7590
-5263
106
2645
1422
-6440
-14551
-12283
-2632
13310
22020
9535
-4712
-10953
-12733
-4394
2037
1980
1644
-1120
-2893
-4750
-8210
-5392
4687
11816
13149
10012
1294
-4713
-5131
-5107
-4347
-5078
-6735
-8354
-10373
-9283
-6404
-2705
3578
5693
3014
599
-3800
7696
29932
28508
15484
3034
-10503
-10894
-8022
-8002
-1621
2914
3387
-1393
-12757
-14193
-5820
6873
20464
15198
-624
-8195
-12798
-8411
1018
2080
1637
30
-3027
-3737
-6287
-6361
1386
8930
11755
11612
4778
-4038
-5443
-4576
-4643
-4116
-6377
-9194
-9976
-8571
-5575
-2373
1884
5485
3949
2044
-675
-1504
18073
32603
22829
11420
-2918
-14099
-11070
-8556
-5400
2207
3696
1747
-6433
-16803
-12301
-1122
14002
23227
8803
-5504
-10532
-13563
-4033
3479
917
567
-635
-2162
-3445
-6600
-3271
5882
12657
15312
9307
-1737
-5918
-4912
-4134
-4133
-6365
-9015
-9274
-7888
-6048
-4000
-703
4159
7188
5209
1057
-4461
2913
25703
31498
19597
5608
-10025
-14903
-10095
-7912
-3072
3824
5004
772
-10312
-15743
-8268
4156
20978
21514
3111
-7717
-13228
-11755
-1322
1380
-458
-227
-1312
-2313
-4584
-6712
-1623
7857
14617
14268
5404
-4308
-7629
-6101
-4911
-6020
-8210
-9668
-8733
-6397
-5519
-3578
769
5492
7135
3804
-1721
-5308
7877
28414
27757
14225
-18
-13507
-14985
-10073
-7662
-1205
4733
4307
-1212
-12794
-16198
-6339
9085
23992
17987
-866
-10307
-15159
-9947
395
173
-701
1608
1183
-266
-4301
-6999
-198
10950
17458
14342
2577
-7127
-8269
-5742
-4733
-5982
-7685
-7396
-5366
-4289
-4900
-3015
1857
7366
9141
4477
-2056
-6215
7358
28387
26952
14305
-51
-14232
-13882
-9126
-7707
605
7364
5651
-918
-13113
-15847
-5256
9097
23194
16625
-2665
-11165
-15744
-10782
-332
459
1915
5017
2463
-1331
-6229
-8251
768
12157
16894
13236
807
-9441
-10014
-6811
-4908
-5003
-5878
-5291
-4022
-5001
-6016
-3185
2566
9115
9470
1974
-4724
-7762
5864
28477
27759
13871
-518
-14586
-13192
-7666
-6289
1892
6908
5048
-563
-14214
-18009
-6189
8022
21247
17054
-2342
-12569
-15833
-9931
2159
3827
4535
6540
2207
-1957
-6513
-9474
-1054
11072
14755
11002
-374
-11710
-10865
-6072
-3815
-1666
-2871
-4267
-4338
-6793
-7523
-3861
1101
7065
7398
-236
-3845
-6963
2438
26410
27736
15048
4002
-10399
-11902
-7287
-7158
-94
5720
4243
-475
-13938
-18895
-7936
3818
18445
19100
893
-8019
-11534
-9568
2275
4469
3721
5990
1699
-3189
-7080
-9309
-2943
8838
14672
12008
3109
-7974
-9505
-4440
-1381
666
-1065
-4214
-5142
-7385
-8721
-5651
-1451
4524
8129
1950
-2151
-5328
-3836
19132
31635
21487
10167
-5263
-13247
-9334
-9254
-5002
2795
2911
804
-9363
-19508
-11945
-527
13845
23012
9031
-4056
-9399
-11399
-831
4531
2497
3716
359
-4195
-6972
-10531
-6265
5670
13437
13784
7838
-2863
-7360
-2997
-73
450
-1556
-6240
-7983
-8932
-10501
-8602
-3102
3807
9410
6335
-33
-2913
-5023
11965
31991
26330
15088
1255
-12803
-12446
-12015
-9863
-134
3061
2743
-4010
-18064
-15679
-3884
8825
23824
16537
-516
-6372
-10830
-5692
1690
275
1671
843
-3328
-5147
-9166
-8280
1992
11435
14759
11995
3609
-3581
-3513
-1980
-2565
-3677
-6515
-8742
-9209
-10040
-10100
-5486
1355
7132
8244
3118
243
-3718
3859
26898
30274
18575
5874
-11312
-16874
-14566
-12766
-3679
3338
3547
-118
-12535
-16408
-5879
4603
19292
21649
5421
-4069
-10160
-11523
-3567
-1101
19
2162
-1021
-4149
-7364
-8584
-1314
8875
15324
16347
9570
-1167
-6457
-6325
-5516
-4434
-5217
-7977
-8449
-9111
-10751
-7516
189
7598
12468
9229
3064
-827
-2720
14249
30905
24158
12115
-4810
-18604
-16965
-14384
-8553
1892
4301
3201
-4572
-16229
-11733
-700
12182
25206
15821
-675
-8449
-14934
-9636
-1291
-23
2844
2053
-1676
-3354
-7035
-4420
6823
15386
18695
13955
1912
-7601
-9683
-7336
-5321
-4369
-5323
-7310
-8293
-9858
-9551
-3318
5773
12784
12852
5899
254
-5775
-412
21990
28087
17025
3683
-13649
-19087
-14147
-11270
-3179
3961
4075
940
-10197
-15347
-6402
3565
17117
21087
5711
-5708
-11768
-13484
-3974
1579
2157
3813
805
-2158
-3744
-5231
106
9256
14916
14569
6592
-4436
-10762
-10683
-7408
-4447
-3808
-5989
-8232
-9647
-9357
-4521
2828
9944
13480
9494
3046
-1989
-6157
5758
25663
25453
13351
-1630
-15794
-16210
-12239
-8614
-140
3622
3144
-1183
-11436
-11515
-3266
6440
19486
17013
2098
-5854
-11645
-9689
-393
2673
3749
2756
-785
-2178
-4638
-4521
1924
9640
13971
11369
3050
-6732
-11914
-9629
-5570
-3484
-4006
-7177
-9094
-9292
-8061
-2069
5145
9715
11390
6268
-132
-4384
-5946
9919
27157
22876
10393
-5077
-17531
-16379
-12556
-7484
912
3307
2376
-2979
-12157
-10032
-1186
9877
20935
15325
1773
-5818
-10374
-6632
789
2957
3860
2402
-915
-3282
-5877
-4302
3042
10438
13574
10731
2694
-6743
-10366
-6971
-3769
-2681
-3562
-7294
-9269
-9008
-6900
-743
5742
9975
10905
6028
362
-4356
-5577
10446
26531
21591
8925
-5857
-17256
-15893
-12291
-7972
144
3777
3824
-1568
-11182
-9533
-208
10790
20986
15489
1176
-7394
-11637
-8467
-1128
1851
1613
-299
-2650
-4726
-5851
-2568
4542
11660
14035
9935
2026
-7275
-9366
-5366
-4113
-2811
-3618
-8310
-9363
-8693
-7385
-711
6176
9332
10597
5749
-678
-5024
-5486
11447
26971
21379
9736
-5795
-18732
-17088
-13614
-8579
1311
5095
4614
-1351
-10257
-7134
1638
12259
22000
14431
103
-7927
-12737
-8150
39
1203
-191
-2131
-4184
-4800
-5010
-1454
5367
10609
12595
9277
1891
-5429
-8206
-6114
-4425
-3910
-5104
-9130
-10436
-9257
-6875
-894
4749
7590
9242
5840
412
-3685
-5546
9436
25454
21131
10511
-4986
-18753
-16632
-12951
-8534
1374
4649
4750
1710
-6618
-5552
1282
10484
21465
15943
2098
-6405
-12310
-7905
-984
-1151
-1633
-3440
-4039
-1188
-1432
-146
4359
8368
12338
10242
4285
-2173
-7428
-5700
-4408
-5434
-5676
-9250
-10472
-8067
-6145
-1629
3934
7029
9263
8022
3568
-803
-6092
2660
20827
22172
12738
-1280
-16661
-18032
-13703
-10101
-1568
4695
7225
5940
-2495
-6365
-2460
5741
18213
18654
6174
-4687
-13026
-12517
-5685
-3475
-2905
-2824
-2410
-209
-550
-678
1753
5191
10968
12772
8556
1940
-5684
-7474
-6490
-7657
-8124
-10001
-11177
-8808
-6197
-3125
2147
6860
10571
12315
7470
844
-5404
-5919
10159
23140
18460
6629
-8735
-19132
-17698
-13001
-5522
5134
10222
10611
4854
-5926
-6852
-10
9895
18603
11825
-1665
-10889
-15868
-11998
-6983
-5433
-2961
-857
1375
1979
317
564
3002
8273
13142
11745
6399
-2302
-9569
-10175
-11073
-11119
-8796
-10104
-9787
-6565
-4651
6
5766
9892
13331
11128
4281
-2279
-8583
-2127
16918
23455
15084
1208
-15213
-20264
-13879
-6981
3106
11394
13260
11577
1290
-7421
-4743
1956
13094
17370
5070
-7370
-14909
-17124
-11299
-6537
-2949
1489
4240
6158
4317
430
1067
5898
11992
14489
9756
752
-8728
-13685
-13817
-12913
-9914
-7857
-8011
-5266
-3748
-2715
2699
7955
12592
14110
8908
1828
-5488
-10261
-811
16040
19695
10070
-4549
-16621
-16546
-9529
-2972
5158
10764
12313
9474
-865
-7649
-6164
-584
10235
12008
45
-9203
-14399
-14829
-8617
-3345
365
4141
7560
8833
5661
1483
1332
6154
11080
10617
5254
-3265
-11669
-14243
-13468
-11926
-8231
-6244
-4658
-2807
-2931
-80
4770
9222
13868
13937
8344
1362
-5874
-11008
-3692
12469
17479
9868
-1612
-12042
-13479
-8526
-3501
3866
11010
13063
8844
-2909
-11877
-10795
-3300
8996
11868
734
-8670
-14892
-16086
-8989
-2232
2642
7842
10751
9056
3525
-1514
-1257
3876
8915
9260
3338
-5715
-13417
-16400
-14822
-12117
-8141
-3888
-1744
-938
-506
822
4288
10230
15162
15541
10797
2168
-6248
-13227
-11040
5630
16992
13929
5996
-4900
-11946
-9693
-5349
2085
11573
14300
10829
514
-11247
-12763
-6763
4045
12244
5898
-4936
-11683
-15285
-10036
-1008
5523
10949
12331
9612
4472
-961
-2400
585
5412
7669
4387
-3729
-12953
-17567
-16524
-12442
-6192
-743
741
1018
619
-284
2971
9160
14825
17105
13100
3529
-7710
-15730
-17454
-5406
13332
18843
12467
1247
-10218
-11660
-6117
453
9372
13974
11360
3409
-9126
-15364
-12398
-4393
7241
9525
-95
-8686
-13912
-12419
-2338
7142
12494
13839
10884
5548
-700
-5238
-5184
-270
4741
5008
-62
-9996
-17886
-16872
-12149
-6009
1673
4542
4723
4585
1594
1337
5094
9302
13895
12605
4159
-6169
-15954
-20834
-15415
1785
19281
22333
12940
183
-9180
-9620
-3981
3300
10313
11635
6462
-3951
-15874
-18796
-12735
-1084
11097
10858
1213
-7343
-12213
-7337
4022
12087
14593
11333
5087
-1622
-8071
-10425
-7001
-653
5026
4998
-2627
-11422
-14498
-11410
-4838
2485
7232
6816
4534
2222
-1502
-1286
3828
9247
12439
8636
-1513
-11804
-17140
-16590
-7865
11344
25579
23510
12560
-1785
-11846
-10600
-4453
2975
9850
9053
2451
-7705
-17004
-15810
-7124
7280
19340
13952
1170
-7771
-11909
-4324
6854
10899
10496
5048
-2483
-8301
-12891
-12250
-5747
3039
9137
7008
-1544
-9667
-11997
-7786
-887
4912
6618
3526
-637
-4995
-7599
-4007
3115
9707
12294
6353
-3831
-11663
-14029
-10748
-3406
11639
23909
20663
9990
-2896
-12842
-10855
-4305
2206
8732
7852
2599
-3828
-10998
-10120
-2464
9030
18653
12912
198
-7719
-12054
-6222
3954
5899
3955
-148
-5556
-8133
-9415
-7356
-229
7281
11266
8564
219
-7116
-9314
-6252
-1024
1850
881
-2450
-5417
-6892
-6460
-2232
4175
8930
10277
5841
-1292
-6540
-9208
-8025
-6372
551
14200
18676
12521
2479
-8463
-11435
-6996
-1275
5474
8861
7307
3223
-4437
-9080
-6010
1990
12470
13587
2582
-7700
-13855
-12526
-3673
1535
1942
626
-1920
-2730
-3368
-3462
277
5698
10681
11471
5634
-1685
-6741
-7266
-4610
-3915
-4626
-5818
-6953
-5379
-2697
31
3547
6860
9601
9468
4369
-1046
-4530
-6521
-6307
-5501
1287
12158
14849
9734
1427
-6030
-6389
-2375
2492
8244
10821
9609
5020
-3554
-8076
-6091
-552
7033
6167
-3478
-11177
-14335
-11553
-5116
-423
2559
3577
3246
2912
1091
326
3379
8254
11206
8961
2554
-5391
-10986
-11929
-11460
-9789
-6715
-5040
-2916
-177
753
2206
5510
8777
10701
9611
5296
-109
-5749
-9164
-10664
-10426
-897
11849
15404
11643
3251
-4500
-4157
682
5811
10673
12060
9138
1241
-9391
-13913
-11699
-5327
2010
1102
-6081
-11130
-12381
-8424
-1447
4148
8204
9776
8773
6503
3205
1517
2268
3692
4477
1206
-5462
-11265
-14309
-13703
-10756
-7019
-3079
-745
1115
3322
4153
5660
8435
10576
10674
6538
386
-4826
-9496
-11821
-12221
-12145
-3478
11664
18784
17089
10088
1374
-707
2420
5769
8657
8031
4246
-2156
-11587
-16986
-16265
-10696
-520
4376
910
-3196
-5993
-5004
955
6856
10530
11798
10618
7708
2989
-1814
-4843
-5455
-3868
-2859
-3361
-5650
-8281
-8163
-6556
-4038
-1161
181
2367
5902
7215
6675
5363
3574
2842
1411
-1715
-4543
-6736
-7460
-7072
-8703
-7574
4192
17219
21076
18140
9378
437
-1673
-1262
-19
1890
575
-2110
-6512
-12382
-14491
-12927
-5524
5258
8746
5545
113
-4955
-3019
4446
9895
10739
7846
4026
273
-4329
-8297
-9449
-6168
-731
2651
1988
-2943
-6718
-6246
-4330
-1049
1678
2625
4684
5383
2419
-663
-2585
-2100
1272
2666
1062
-1949
-6304
-8558
-8985
-9930
-3119
12800
23654
23783
15140
1296
-7763
-8706
-5603
-735
2163
2305
-37
-7329
-14897
-16694
-11291
1741
12698
12863
6451
-1671
-5734
-2081
3739
6482
6445
4977
2344
-1520
-5815
-8845
-7735
-1988
3604
5486
3110
-1322
-3513
-3740
-3014
-1191
16
1361
2203
731
-1563
-2769
-2052
306
2466
2245
385
-1712
-3383
-4184
-5307
-6213
-1102
12270
22090
19910
10271
-1341
-8449
-8207
-4843
-748
2287
2839
1118
-5191
-12811
-14127
-8072
4623
15380
13802
4551
-4955
-9335
-5132
1726
5144
5398
4074
2060
-1551
-7003
-10035
-6789
1652
9703
11284
5966
-2420
-8193
-8981
-7398
-4771
-2284
-380
981
-788
-4399
-5744
-3927
1547
7986
9634
6642
1294
-3988
-6466
-7691
-8097
-4712
6151
18240
19314
11090
168
-8673
-8844
-3269
1689
5569
6741
4256
-1685
-9393
-11926
-7227
2837
13515
13791
4079
-5527
-10582
-8059
-452
4437
5877
5550
3828
1132
-3094
-6401
-5350
985
8254
9656
4368
-4308
-10893
-11607
-9406
-6452
-2767
-268
1144
918
-1959
-3454
-996
4078
9510
10551
6290
984
-3807
-6737
-7775
-9182
-9394
-2976
9798
16553
12504
4567
-3583
-6182
-1956
1427
3674
5605
4425
883
-5370
-10779
-9396
-2367
7786
12879
6075
-3453
-8629
-8752
-2079
4102
5265
5554
4136
1290
-1450
-4852
-5777
-1218
5171
7289
3944
-3205
-10172
-12182
-9683
-5579
-1401
1155
1627
1456
257
-836
537
3700
8053
10409
7650
2711
-2693
-6809
-7266
-7063
-7339
-6091
1138
12082
15368
11114
4527
-2027
-3505
-1812
-220
3015
4965
3974
644
-5909
-9452
-6968
-782
7581
8254
451
-5047
-7699
-6332
-583
1939
2202
2882
2533
2201
-27
-3337
-3247
-451
2504
3133
-279
-5869
-9479
-9318
-7276
-4359
-922
958
1807
2103
651
20
1762
5075
8696
8826
5387
1123
-3294
-5867
-6981
-7632
-7147
-6179
1143
12938
16046
12594
7702
961
-1826
-968
520
4521
7556
6950
2856
-5068
-9964
-8638
-3079
5832
7592
444
-4938
-8792
-9235
-3914
91
3155
6077
5781
3968
-49
-4763
-4852
-1355
2215
3041
-799
-6475
-9565
-9362
-7204
-3789
-552
819
1248
1260
294
-167
1298
4863
8230
8139
4324
-1111
-5793
-7865
-7781
-7084
-6293
-6710
-2711
8591
14764
13479
10162
3431
-406
1028
1772
3649
5948
5340
2536
-3906
-10053
-10873
-7394
584
5177
737
-4197
-7941
-8782
-1882
4484
6264
6978
5403
2830
-132
-3821
-4516
-2090
1115
2770
367
-4481
-7865
-7897
-5062
-706
2353
2691
2743
2815
2100
2166
2705
3876
6211
6562
3512
-843
-4943
-7034
-6602
-5062
-3328
-4259
-4970
2948
12615
15138
13864
8122
930
-546
205
887
2914
3177
1098
-2832
-8535
-12144
-11427
-5236
3210
4127
-874
-4883
-7678
-5041
1538
4284
4382
4029
2449
104
-3174
-6112
-6246
-2861
1765
2999
-90
-4306
-6792
-5248
-998
2652
4573
4059
2425
1157
5
70
1663
3717
5475
5049
2140
-1272
-3861
-3991
-2463
-2272
-3468
-5069
-2118
8185
15856
15551
11148
4003
-1063
-1593
-1411
162
2477
2293
-102
-5038
-10100
-10916
-7391
39
5131
1720
-3699
-6427
-6194
-1982
1444
1781
1616
1219
678
-1022
-3685
-4486
-2870
711
3476
2728
155
-2444
-2973
-1260
-223
589
635
-834
-1097
-1266
-1822
-554
1303
3399
5020
3612
1489
360
-1180
-1558
-1389
-2152
-2895
-4572
-1968
8445
15267
13520
8589
1800
-2745
-2425
-1141
822
2618
2310
1068
-2987
-8278
-9471
-6839
-912
3882
1389
-3843
-7069
-7680
-4163
8
1195
1288
1839
2568
2258
508
-819
-129
2345
4631
4347
909
-3187
-4591
-3880
-2850
-1670
-2032
-3111
-2535
-1748
-1059
86
1915
5146
7581
7080
4606
1777
-6
-412
-954
-2436
-4399
-6807
-6477
1144
9758
10633
7200
3209
-547
-952
671
1898
3708
5213
4322
-342
-6756
-9913
-8491
-3145
2385
1493
-3740
-7237
-7606
-4384
441
3432
4388
4794
4949
4097
2325
754
337
1306
2135
1382
-649
-3464
-5061
-5176
-5784
-5478
-4100
-3546
-2065
462
2014
3444
4999
6310
7456
7277
5842
3812
887
-1508
-3546
-6761
-9057
-9909
-10323
-5449
4856
10792
10373
7940
3490
135
776
2727
5194
7073
5315
-431
-8014
-12826
-12403
-8023
-1432
2016
-947
-5114
-6649
-5580
-1227
3659
6037
7340
7500
5211
2201
-505
-2493
-1619
813
1771
1292
-1187
-4706
-6304
-6794
-6058
-3382
-1163
1180
3974
4672
4510
5129
5718
7070
7710
5671
2909
-87
-2934
-4649
-6764
-9209
-10668
-11725
-9713
-615
10124
14650
13831
9725
4002
1411
2173
3950
6086
5887
2213
-3848
-10490
-13468
-11474
-6072
518
2300
-1685
-5511
-7326
-5731
-255
4197
6897
9043
8335
5406
1652
-2571
-4063
-1785
1319
2960
918
-4509
-8875
-10120
-8162
-3029
2002
4631
5361
4405
2945
2310
2804
4643
6701
6831
4464
-63
-5326
-8676
-9970
-10287
-9130
-7797
-6901
-2345
6274
12922
14527
12826
8978
4865
3187
3227
2890
2117
711
-2585
-6895
-9601
-10187
-8659
-4509
-1240
-1933
-3884
-4088
-1791
2426
6293
7966
7937
7200
5791
3226
153
-2013
-2750
-2389
-2191
-2832
-4372
-5721
-4864
-3027
-1441
408
1468
2005
3026
3776
4160
4318
4318
4155
2794
378
-2109
-4788
-6589
-7193
-8281
-8998
-8016
-6283
-3696
2001
10251
15564
15089
11163
5276
270
-452
1075
1876
1337
-981
-4973
-9253
-11550
-11022
-7668
-1784
2430
1630
-1419
-3125
-1836
2661
7291
9093
8311
6108
3286
105
-2841
-4277
-3682
-2073
-1104
-1733
-3490
-4676
-3875
-1784
588
2407
2788
2747
2970
2776
2149
1633
1367
1010
309
-984
-2795
-4516
-4932
-4033
-3123
-2256
-1543
-1169
-577
2218
8393
13121
12418
8670
3681
-762
-1984
-1268
-210
878
695
-1403
-5203
-8898
-9729
-6838
-1264
3186
2777
-425
-2319
-1778
855
3621
4418
3920
3345
2259
357
-1640
-2828
-2233
-549
532
725
89
-964
-1366
-1479
-1803
-1792
-1469
-720
414
614
-239
-617
-386
468
1978
2483
1718
750
-48
-713
-1684
-2827
-3356
-3472
-3582
-1365
3959
7887
7491
4824
1925
-89
-81
1328
2563
2858
1694
-1473
-5866
-9210
-9486
-6528
-1809
1184
-213
-3086
-3938
-2782
255
3828
5603
5879
5630
4534
2649
570
-865
-565
1049
1982
1329
-940
-3774
-5190
-5051
-3918
-2345
-1263
-379
565
979
1139
1839
3182
4654
5231
4366
2362
-161
-1748
-2151
-2672
-3566
-4451
-5330
-5430
-2153
4364
8874
8938
6846
3788
1022
413
1222
1927
2342
1616
-1473
-5884
-9157
-10056
-7943
-3395
-337
-678
-1930
-2316
-1062
1853
4770
6099
6080
5676
4677
2702
83
-2168
-2568
-1139
-62
-903
-3023
-4951
-5581
-4533
-2862
-1537
-475
725
2255
3289
3364
3130
3180
3627
3964
3289
1286
-980
-2230
-2740
-3289
-4044
-4767
-4960
-4057
-419
5282
8331
7457
5351
3011
1429
1744
2623
3099
2988
1601
-1420
-5367
-7943
-7975
-5595
-1494
673
-622
-2276
-2701
-1101
2406
5389
6600
6422
5395
3648
1195
-1078
-2059
-1479
-248
-53
-1698
-4513
-6418
-5976
-4027
-2091
-1057
-996
-1007
-349
664
1316
1877
3119
4343
4358
2894
11
-2499
-2949
-2765
-2958
-3773
-5311
-6434
-5140
-526
4628
6973
6550
4923
2980
1987
2364
2865
3408
3762
2126
-1755
-5959
-8489
-8373
-5489
-1771
-343
-1027
-1438
-736
1159
3701
5728
6791
6849
6110
4559
1955
-962
-2570
-2160
-827
-392
-1602
-3581
-5293
-5852
-4874
-3305
-1799
-308
1273
2852
3601
3557
3636
3804
3940
3790
2389
78
-1672
-2558
-3379
-4506
-5819
-6549
-6146
-4206
444
5606
7525
6724
4954
2932
1957
2309
2864
2957
2054
145
-2600
-5396
-6609
-6447
-4777
-1668
43
-393
-1097
-1104
96
2275
4333
5434
5379
4798
3772
1601
-926
-2064
-1645
-660
-199
-1603
-4215
-5785
-5694
-4234
-2279
-966
131
1542
2794
3397
3116
2804
3176
3521
3493
2529
439
-1354
-2584
-3895
-5197
-6409
-6974
-6217
-3339
1376
5132
5892
4991
4083
3446
3818
4813
5130
4791
3708
1137
-2524
-5797
-7706
-7679
-5707
-3440
-2935
-3908
-4281
-3004
-327
2733
4892
5708
6041
5959
4748
2703
484
-653
-298
1
-869
-2982
-5419
-6228
-5194
-3691
-2197
-1010
-94
1527
3312
4077
4139
4210
4656
5056
4236
1804
-1215
-3541
-4673
-5337
-6124
-6527
-6415
-5608
-2486
2453
5931
6952
6864
6311
5684
5515
5263
4423
3526
2196
-738
-4619
-7643
-8959
-7969
-4789
-2271
-2087
-2413
-2022
-596
1942
4322
5652
6306
6500
5672
3295
195
-2196
-2939
-2157
-1599
-2767
-4789
-6280
-6744
-5697
-3595
-1614
226
2094
3469
4076
3653
2795
2668
3217
3462
2551
326
-2239
-3959
-4797
-5031
-4938
-4662
-4083
-2266
1543
5090
6327
6155
5518
4639
4043
3532
2857
2646
2510
1112
-1851
-4949
-6606
-6234
-3890
-1526
-1221
-1978
-2178
-1269
670
2510
3742
4773
5593
5682
4252
1679
-593
-1615
-1261
-722
-1363
-2865
-4192
-4600
-4135
-3311
-2252
-927
553
2032
3135
3075
2390
2653
3496
4051
3925
2267
-570
-3119
-4602
-5334
-5763
-5690
-5335
-4574
-1888
1633
3236
3382
3536
3582
3612
3766
3527
3094
3006
2387
276
-2582
-4944
-5949
-5022
-3206
-2531
-3066
-3455
-2580
-623
1339
2866
3925
4836
5615
5356
3795
1653
-76
-889
-1209
-1722
-2808
-4079
-4753
-4913
-4818
-4130
-2719
-743
1408
3295
4574
4748
4098
3670
3309
2688
1878
415
-1365
-2764
-3746
-4267
-4312
-4351
-4080
-1961
1826
4680
5444
5063
4194
3330
3013
2915
2696
2727
2675
1471
-1100
-4021
-5913
-5666
-3624
-2016
-1996
-2649
-2937
-2050
-216
1253
2064
2790
3676
4324
3834
2180
296
-830
-776
-375
-853
-2217
-3360
-3730
-3684
-3204
-2249
-1112
150
1503
2526
2684
2339
2446
2942
3200
3084
2095
179
-1710
-3081
-3760
-3803
-3564
-3343
-2680
-596
1705
2628
2772
2757
2820
3232
3574
3402
3021
2515
1422
-324
-2238
-3828
-4534
-3941
-2932
-3056
-4024
-4519
-3998
-2212
169
1945
2927
3523
4031
4153
3409
2262
1341
881
735
176
-1076
-2540
-3593
-3861
-3600
-2990
-2028
-904
354
1494
2069
2238
2534
3149
3789
3782
2732
959
-867
-2203
-2961
-3506
-3780
-3696
-3422
-2001
551
2360
2976
3071
2901
2978
3439
3707
3592
3245
2402
812
-1148
-2930
-4139
-4235
-3378
-2937
-3385
-3877
-3815
-2658
-643
1149
2351
2862
2859
2834
2524
1757
988
413
32
-313
-1018
-1927
-2669
-3045
-3008
-2831
-2430
-1653
-687
292
1289
2043
2295
2607
2929
2745
2220
1359
380
-325
-953
-1734
-2551
-3058
-3095
-2319
-369
1718
2840
3132
2861
2210
1865
2151
2567
3009
2950
1742
-39
-1660
-2630
-2765
-2227
-1675
-1928
-2693
-3207
-3198
-2567
-1368
8
1353
2475
3141
3308
2910
2043
1304
1055
917
581
-244
-1407
-2440
-3282
-3686
-3581
-3093
-2250
-1258
-258
634
1451
2227
2914
3461
3549
2977
2042
1140
261
-755
-1767
-2552
-3001
-2695
-1271
396
1266
1379
1116
943
1281
2052
2782
3238
3190
2374
989
-618
-2003
-2774
-3031
-3177
-3641
-4403
-4949
-4772
-3636
-1914
-126
1570
2819
3347
3532
3402
2812
2265
1880
1358
667
-368
-1717
-2913
-3546
-3581
-3283
-2656
-1733
-718
362
1369
2233
3075
3807
4004
3520
2611
1418
360
-335
-1138
-2095
-2808
-3122
-2576
-853
866
1635
1756
1629
1522
1677
2145
2511
2718
2593
1691
82
-1643
-2747
-3088
-2829
-2523
-2850
-3475
-3691
-3257
-2198
-806
481
1451
2172
2532
2280
1701
1155
882
1010
1123
781
-208
-1588
-2740
-3222
-2965
-2320
-1555
-964
-569
-174
131
667
1638
2700
3437
3508
2956
2080
1196
544
8
-557
-997
-1138
-606
651
1528
1251
532
64
96
649
1255
1548
1576
1503
1100
243
-652
-1180
-1280
-1200
-1434
-2327
-3366
-3913
-3650
-2800
-1806
-785
65
978
1989
2503
2456
2344
2397
2429
2022
885
-771
-2318
-3185
-3278
-3012
-2663
-2221
-1746
-1067
-391
130
933
2093
3345
4115
3923
2999
1911
1052
406
-206
-882
-1568
-1795
-1043
79
485
116
-453
-594
-100
720
1446
1853
1976
1686
1036
113
-836
-1250
-1103
-1057
-1832
-3173
-4244
-4338
-3359
-1915
-609
316
1127
1919
2506
2786
2726
2527
2390
2093
1148
-430
-2025
-2935
-2971
-2571
-2131
-1783
-1417
-952
-413
144
631
1357
2407
3342
3541
2767
1615
638
78
-72
-293
-812
-1133
-633
307
602
173
-470
-944
-752
-44
479
760
897
742
429
-167
-882
-1156
-936
-606
-833
-1772
-2754
-3067
-2404
-1149
11
669
972
1242
1438
1551
1584
1599
1723
1795
1471
521
-829
-1970
-2410
-2146
-1477
-801
-283
106
383
556
673
1058
1658
2245
2663
2633
2193
1474
678
80
-218
-295
-176
454
958
643
-15
-688
-1221
-1259
-964
-629
-325
-241
-353
-738
-1324
-1616
-1418
-837
-321
-476
-1237
-2012
-2393
-2108
-1301
-491
138
567
803
897
966
1155
1471
1912
2151
1783
837
-279
-1071
-1481
-1539
-1288
-949
-592
-327
-173
-45
185
600
1191
1709
1851
1710
1608
1536
1250
760
292
7
178
863
1137
555
-218
-782
-990
-814
-605
-580
-431
-160
-122
-402
-899
-1242
-1081
-576
-275
-582
-1288
-1828
-1881
-1549
-1174
-891
-641
-198
354
759
990
1124
1464
1851
1909
1478
511
-478
-996
-1128
-1201
-1317
-1349
-1260
-935
-502
-229
-34
398
954
1391
1632
1443
1050
853
768
726
613
384
474
861
906
586
124
-259
-189
119
393
488
287
-85
-472
-920
-1231
-1162
-842
-401
-172
-427
-904
-1210
-1226
-944
-503
-219
-53
178
420
673
911
1131
1386
1521
1438
1121
488
-116
-455
-645
-702
-777
-925
-1001
-926
-678
-354
-4
322
583
755
786
735
558
366
345
466
608
684
668
511
269
125
108
94
44
32
77
68
-109
-404
-745
-1024
-1005
-763
-586
-645
-858
-989
-979
-829
-578
-371
-236
-76
54
125
169
300
625
1010
1243
1175
779
244
-166
-365
-361
-287
-302
-380
-557
-790
-937
-922
-652
-180
305
602
671
582
477
432
392
477
658
849
1005
923
581
138
-177
-255
-147
0
72
18
-141
-353
-570
-685
-651
-481
-265
-144
-202
-366
-460
-410
-293
-178
-109
-91
-121
-128
-114
-121
-64
45
198
347
414
387
296
210
143
120
114
39
-101
-285
-481
-617
-635
-520
-281
39
333
483
500
488
454
479
613
763
830
817
731
534
262
-59
-266
-224
-29
190
218
-54
-489
-749
-704
-464
-137
60
39
-80
-216
-343
-449
-432
-202
103
282
197
-87
-318
-381
-224
52
184
191
178
176
178
161
161
217
319
373
238
-79
-381
-516
-516
-396
-255
-226
-232
-196
-112
46
211
374
666
928
924
738
470
227
197
340
389
247
28
-139
-246
-356
-494
-676
-789
-740
-605
-556
-611
-682
-710
-576
-348
-155
43
265
470
601
551
386
236
194
266
321
278
153
-15
-79
-11
47
92
112
96
88
41
-74
-230
-326
-283
-230
-239
-281
-367
-376
-258
-80
103
267
382
429
430
386
356
354
337
345
327
194
-5
-167
-249
-234
-192
-229
-386
-602
-718
-699
-580
-472
-409
-309
-200
-106
-55
-71
-56
45
214
354
376
308
233
164
120
80
50
115
271
416
442
325
167
78
120
232
303
341
348
317
227
51
-112
-197
-133
45
176
145
-19
-127
-147
-152
-103
-9
114
195
250
251
168
106
96
175
247
222
68
-184
-405
-547
-567
-526
-481
-445
-420
-411
-378
-301
-203
-22
167
311
359
309
231
166
160
187
217
209
143
73
-19
-91
-108
-84
19
129
192
208
188
135
95
60
6
-16
-51
-124
-197
-287
-341
-346
-292
-192
-94
-32
-4
86
220
355
445
429
354
266
200
94
-118
-371
-629
-807
-878
-869
-797
-700
-534
-343
-180
-45
46
163
325
500
597
587
519
388
242
97
-28
-99
-98
-35
8
-18
-88
-135
-103
31
213
347
390
332
244
169
109
63
26
-15
-79
-162
-279
-356
-313
-167
59
206
263
279
285
320
349
392
397
372
270
69
-175
-445
-606
-622
-568
-488
-446
-425
-380
-267
-115
52
240
428
595
673
619
486
366
270
169
41
-86
-176
-249
-303
-320
-319
-308
-241
-90
67
212
302
331
350
351
325
254
134
6
-102
-175
-233
-281
-314
-356
-363
-296
-208
-149
-73
36
131
202
232
205
166
114
56
-33
-150
-258
-353
-381
-402
-431
-408
-314
-165
-13
152
264
326
390
446
493
498
474
403
277
134
-4
-119
-216
-253
-211
-169
-118
-73
-27
40
107
176
238
253
223
160
86
-6
-106
-202
-293
-329
-324
-320
-344
-351
-310
-220
-92
9
70
107
144
189
198
158
92
39
-5
-39
-91
-173
-261
-336
-349
-316
-255
-173
-59
69
154
194
204
201
225
298
339
310
232
121
37
-10
-34
-39
2
67
99
73
20
-22
10
70
114
142
118
53
-31
-97
-169
-198
-180
-154
-108
-111
-140
-159
-135
-39
53
121
152
153
146
125
97
62
30
7
-25
-67
-122
-193
-253
-289
-278
-215
-94
32
130
210
250
232
217
227
242
291
330
330
270
142
22
-69
-126
-122
-84
-17
19
-2
-34
-66
-53
18
110
182
184
139
51
-26
-75
-111
-116
-121
-130
-172
-230
-276
-316
-299
-228
-122
-31
15
35
38
61
90
110
104
89
60
-5
-71
-147
-199
-195
-128
-40
4
40
78
120
149
153
142
142
158
165
157
110
65
26
-18
-59
-100
-110
-97
-59
-51
-81
-127
-167
-144
-89
-38
9
51
54
22
-38
-121
-168
-168
-154
-117
-118
-159
-196
-221
-232
-219
-159
-107
-51
18
69
93
100
111
119
125
133
141
146
137
117
97
96
121
156
192
217
229
219
206
186
172
171
179
183
153
92
29
-20
-48
-42
-26
-14
2
-18
-47
-69
-97
-75
-25
31
67
53
-1
-60
-102
-135
-133
-119
-107
-117
-133
-163
-204
-220
-201
-143
-75
-27
-34
-58
-92
-102
-59
-3
60
104
138
147
120
78
51
48
49
66
67
48
34
18
18
31
58
108
163
189
194
175
116
75
49
22
4
-15
-36
-60
-77
-100
-115
-97
-67
-35
-9
14
1
-38
-58
-70
-90
-94
-94
-96
-87
-104
-123
-140
-149
-146
-116
-64
-37
-27
-17
-6
13
43
69
96
130
145
124
86
53
23
19
33
32
19
-10
-27
-34
-20
11
50
89
102
100
85
45
17
-1
-14
-8
-13
-26
-43
-66
-95
-123
-122
-101
-74
-65
-72
-74
-71
-58
-36
-15
0
9
20
15
3
-22
-42
-37
-34
-33
-35
-30
-23
-4
38
68
89
108
133
162
182
177
137
105
82
64
50
34
0
-21
-28
-40
-35
-16
8
29
39
57
74
67
50
36
43
42
34
12
-15
-38
-69
-79
-81
-71
-47
-31
-11
-13
-15
-23
-26
-15
-18
-4
-15
-29
-29
-26
-8
-17
-42
-62
-81
-75
-79
-64
-45
-27
9
39
57
56
66
85
101
106
78
44
17
11
15
5
10
