-15
-18
-18
-9
7
23
30
28
23
14
1
-8
-16
-18
-6
17
34
27
10
-5
-17
-30
-36
-32
-25
-23
-13
1
6
3
3
-10
-33
-48
-59
-56
-58
-63
-58
-57
-57
-44
-32
-23
-13
-5
0
5
3
-12
-19
-24
-29
-24
-11
-7
-8
-3
0
-1
-8
-21
-30
-35
-42
-41
-22
-4
15
32
49
61
70
83
84
69
57
50
43
39
47
56
52
42
41
38
25
14
7
-6
-8
-8
-3
0
-8
-6
-5
-7
-10
-15
-10
-7
-9
-8
-3
-1
-5
-2
16
27
32
36
25
9
-3
-5
-10
-15
-7
-1
4
13
17
15
20
25
26
24
17
10
-6
-19
-25
-33
-42
-41
-31
-27
-21
-15
-14
-25
-38
-46
-50
-42
-26
-21
-31
-25
-3
16
30
34
31
22
8
-8
-24
-26
-26
-23
-17
-12
0
13
12
7
9
6
10
23
31
27
24
29
43
46
37
32
25
5
-9
-9
-14
-14
-15
-8
-8
-24
-38
-38
-33
-29
-28
-24
-21
-18
-17
-17
-14
-8
-6
0
8
4
6
8
11
14
17
16
16
9
-2
-5
-6
-4
-6
-8
2
3
9
15
14
20
9
-7
-25
-27
-11
16
38
47
41
27
25
11
-12
-24
-17
-9
-4
14
22
15
7
7
12
10
10
4
-3
-11
-21
-26
-29
-19
-8
5
14
20
22
15
12
8
-3
-16
-30
-38
-40
-39
-32
-18
-10
-1
-8
-18
-12
-12
-8
-4
-1
-8
-9
1
18
19
16
17
10
8
1
-10
-10
-5
-7
-2
2
3
12
21
25
33
41
37
29
34
48
44
39
30
18
13
12
15
15
7
1
-3
-15
-26
-27
-26
-24
-14
-16
-26
-28
-27
-17
0
8
12
25
25
12
-7
-26
-29
-20
-8
-3
-2
3
7
13
21
21
22
13
-10
-22
-29
-28
-21
-9
-1
9
24
25
18
5
-14
-37
-41
-28
-14
-13
-16
-5
6
5
-3
-6
-4
-12
-22
-21
-13
-1
1
0
11
24
25
12
7
7
5
-1
-22
-34
-37
-49
-56
-62
-55
-37
-16
-1
7
-3
-21
-20
-10
-1
9
20
32
38
44
53
55
45
24
6
11
15
6
1
-3
-8
2
23
30
31
39
32
17
11
-4
-24
-27
-25
-29
-34
-18
4
5
6
12
19
25
22
17
4
-8
-13
-11
-7
-6
-3
1
10
24
26
29
40
30
9
-6
-14
-21
-28
-26
-17
-8
-3
6
26
43
54
43
28
15
8
20
36
44
47
48
47
47
46
56
68
49
29
8
-13
-21
-30
-35
-56
-64
-57
-61
-59
-61
-61
-71
-80
-81
-81
-62
-39
-32
-24
-12
-21
-26
-14
-3
8
4
0
-4
6
16
12
1
-8
-9
0
9
3
-24
-51
-63
-62
-48
-45
-49
-50
-45
-42
-31
-7
2
6
12
17
17
16
29
29
24
42
47
39
58
71
58
64
83
72
48
44
59
61
61
58
42
22
36
59
53
15
-26
-41
-35
-17
3
7
-5
0
6
1
-11
-33
-56
-55
-15
9
-12
-22
-40
-74
-61
-40
-43
-41
-30
-22
-33
-44
-45
-56
-65
-57
-44
-35
-26
-23
-19
-15
-13
-14
-10
14
47
84
98
92
74
48
37
54
74
87
80
68
61
63
74
70
51
44
45
25
0
-22
-47
-71
-89
-79
-67
-66
-66
-43
-6
-1
-22
3
57
55
31
26
12
13
65
86
40
-18
-22
2
-14
-44
-45
-3
57
32
-57
-66
13
36
-35
-73
-56
-29
27
64
15
-26
11
48
24
-13
-23
-31
-39
-38
-57
-60
-38
-20
1
27
10
-24
-7
-20
-43
-17
-10
-48
-74
-63
-44
-33
-54
-94
-83
-28
-2
-29
-75
-126
-126
-58
-20
-52
-53
-5
21
37
76
76
31
28
75
86
83
87
60
41
57
82
37
-18
-9
1
7
17
-72
-135
23
136
-36
-152
-63
-79
-151
-79
22
9
73
171
75
-56
-26
-11
-31
61
98
0
-40
30
52
36
23
-7
-28
20
73
24
-51
-45
-15
-5
22
27
49
128
186
84
-32
48
176
138
82
138
138
113
167
208
177
191
195
147
145
156
24
53
301
269
-82
-111
165
241
87
-23
-80
-25
109
118
-75
-183
-32
37
6
-86
-130
-38
73
-18
-162
-191
-170
-250
-293
-207
-136
-179
-251
-270
-300
-328
-380
-366
-326
-356
-349
-204
-181
-298
-260
-156
-151
-158
-85
-89
-154
-52
81
9
-61
8
14
-30
-25
32
155
215
-5
-193
25
242
158
78
63
-9
175
434
284
36
286
543
435
352
325
163
254
548
424
114
143
108
-93
6
157
-42
-271
-201
-172
-178
-63
-90
-320
-290
-59
-51
-189
-280
-250
-115
-27
-101
-199
-224
-156
-17
101
-20
-194
-126
35
37
-129
-335
-375
34
383
-168
-723
-14
719
334
-74
273
392
342
712
690
100
296
991
784
380
583
504
185
426
549
180
179
359
-10
-211
7
-175
-561
-497
-410
-550
-428
-401
-713
-688
-423
-449
-456
-324
-526
-759
-390
-32
-275
-497
-429
-306
-116
78
-84
-431
-228
233
299
82
-62
-297
-183
827
1136
-306
-948
679
1450
238
-242
501
345
271
1017
717
-235
415
1146
425
253
733
183
-129
657
472
-439
-163
219
-442
-436
117
-320
-729
-282
-404
-899
-576
-435
-903
-867
-594
-896
-893
-427
-520
-790
-386
-65
-385
-471
-185
-161
-43
165
13
-249
183
574
238
53
408
119
-233
1125
1776
-455
-1610
1018
2338
396
-268
921
507
501
1838
1109
-717
408
1793
637
286
1005
-3
-565
950
770
-796
-292
470
-660
-638
304
-585
-1400
-563
-504
-1202
-638
-544
-1500
-1300
-475
-786
-943
-548
-958
-1324
-407
-59
-754
-776
-277
-319
-119
395
70
-313
369
806
299
218
586
167
288
1925
1821
-642
-760
2199
2557
214
2
1199
677
905
2105
1009
-491
1048
2012
534
358
1158
71
-372
1116
705
-936
-397
215
-934
-883
-10
-830
-1555
-762
-706
-1188
-617
-691
-1681
-1442
-572
-720
-863
-781
-1258
-1154
-104
-1
-794
-826
-341
-271
-65
62
-469
-637
95
394
-24
-52
134
-158
196
1749
1616
-740
-1021
1889
2642
385
39
1375
894
888
2311
1535
-177
1158
2392
871
465
1377
313
-464
995
669
-1191
-755
-13
-1224
-1323
-418
-1285
-2133
-1333
-1261
-1720
-1071
-1151
-2138
-1606
-481
-895
-1376
-1106
-1263
-1116
-46
-71
-915
-809
-221
-212
75
253
-386
-558
396
684
130
-60
84
-254
208
1856
1384
-1072
-758
2490
2686
175
221
1848
1450
1818
3024
1666
147
2225
3213
1194
1019
1894
581
327
2075
1142
-965
-291
324
-930
-691
-51
-1403
-1987
-863
-1159
-1788
-886
-983
-2090
-1469
-168
-402
-712
-488
-950
-761
494
453
-711
-620
236
359
399
297
-556
-612
422
610
-115
-127
-77
-605
452
1612
-428
-2434
15
2291
290
-1197
414
657
20
1297
1574
-258
170
2112
1245
231
1159
814
-480
521
1139
-580
-1277
-374
-815
-1379
-855
-1271
-2117
-1550
-1119
-1875
-1794
-1296
-1796
-2060
-1250
-824
-974
-836
-766
-967
-102
853
394
-251
508
1265
1040
875
827
503
731
1371
1127
360
421
467
131
1492
2476
142
-1458
1469
3500
1042
-537
978
1027
626
2086
1955
-276
499
2480
1305
241
1274
825
-360
850
1171
-853
-1167
-323
-1267
-1632
-728
-1333
-2436
-1633
-1313
-2111
-1459
-910
-2103
-2409
-949
-580
-1243
-1066
-1083
-1279
-321
388
-467
-1021
-166
491
232
152
-60
-216
384
906
626
304
302
-84
885
2485
1063
-1628
112
3398
2328
-258
670
1756
1243
1881
2273
496
63
2131
1875
223
517
942
-276
-164
655
-153
-1019
-581
-771
-1221
-730
-767
-1614
-1819
-1416
-1571
-1490
-1279
-1585
-1827
-1290
-591
-277
-489
-1036
-1099
-268
315
27
-494
-689
-204
461
442
-373
-466
205
471
371
413
159
-208
1189
2639
900
-1339
621
3363
2245
219
1100
1795
1371
2098
2388
1067
1088
2617
1836
621
1076
1097
93
342
450
-575
-941
-788
-1619
-1794
-954
-1526
-2630
-2270
-1716
-2164
-2050
-1555
-1933
-2213
-1711
-1251
-925
-767
-1256
-1494
-549
116
-327
-725
-462
-20
345
501
-66
-330
385
957
630
223
206
168
1207
2201
568
-1333
627
3059
1819
-9
1085
1780
1197
1796
1993
719
682
2132
1686
908
1192
849
75
777
740
-645
-780
-248
-1225
-1575
-512
-1050
-2278
-1930
-1233
-1667
-1782
-1594
-1939
-1950
-1305
-1003
-1073
-1075
-1231
-1201
-289
237
-347
-594
47
670
552
515
499
614
1181
1586
1037
457
605
1277
2142
1906
94
-236
2233
2911
770
173
1693
1482
1084
1874
1379
296
1401
1949
621
560
1030
-361
-748
770
-109
-1873
-1355
-835
-2000
-1769
-1265
-2514
-2896
-1819
-1934
-2393
-1690
-1600
-2334
-2021
-1194
-1246
-1142
-1107
-1251
-823
118
2
-643
-535
213
792
757
168
114
809
1225
1138
992
893
829
2203
3110
1325
-209
1813
3703
2099
593
1677
2028
1313
1975
2129
753
894
2158
1238
439
1209
611
-913
-95
622
-883
-1597
-1015
-1266
-1263
-799
-1982
-2910
-1579
-956
-2143
-2154
-1528
-1871
-1682
-1067
-1207
-1173
-691
-1255
-1507
-262
54
-1052
-999
-238
-316
-181
81
-617
-509
860
674
-326
162
875
896
1432
1178
-200
523
2713
1983
178
1255
2518
1576
1236
1944
1379
1041
1799
1154
-115
435
614
-780
-963
-103
-842
-2002
-1759
-1513
-1715
-1652
-2020
-2706
-2141
-1343
-1791
-2123
-1463
-1015
-1000
-798
-650
-342
269
305
-34
325
847
735
587
930
1301
1326
1193
1273
1617
1845
1776
1496
935
1627
3098
2042
-654
441
3721
2729
-314
380
1975
1525
1764
1888
-26
-13
2427
1856
-257
202
587
-720
-468
-24
-1587
-2019
-1111
-2082
-2794
-1643
-2003
-3636
-3093
-2140
-2806
-2605
-1964
-2757
-2664
-1184
-1232
-2162
-1432
-538
-711
-357
124
-388
-572
425
1170
1021
864
850
843
1325
2071
2022
1167
1225
2246
2005
687
935
2240
1923
806
1081
1373
1053
1340
1579
493
71
1058
1000
-22
61
156
-588
-509
-113
-1114
-1829
-1153
-1334
-2230
-1986
-1460
-1880
-2085
-1803
-1850
-1606
-1015
-1313
-1615
-878
-408
-769
-705
-323
-248
68
547
400
167
562
818
760
1243
1642
1277
1035
1557
1856
1829
2079
2137
1410
835
1360
2181
2150
1267
604
813
1547
1633
938
305
320
540
686
217
-639
-1197
-1023
-893
-1561
-2384
-2613
-2444
-2580
-2787
-2839
-2774
-2616
-2495
-2453
-2205
-1860
-1660
-1572
-1242
-663
-358
-309
-390
-320
308
860
690
419
769
1267
1556
1852
1855
1753
2161
2511
2303
2052
2220
2538
2659
2339
1662
1694
2483
2573
1758
1412
1638
1594
1450
1227
688
549
831
617
22
-403
-919
-1489
-1551
-1680
-2470
-3101
-2981
-2874
-3293
-3765
-3732
-3366
-3021
-3073
-3142
-2600
-1860
-1569
-1710
-1538
-749
56
-59
-505
-105
791
984
691
961
1328
1395
1718
2133
2010
1942
2337
2485
2206
2554
3365
2996
1550
1315
2914
3544
1918
612
1155
1630
1335
1120
688
-24
185
560
15
-485
-773
-1610
-1996
-1355
-1730
-2934
-3360
-3354
-3418
-3069
-3456
-4635
-4351
-3143
-3258
-3618
-2900
-2436
-2325
-1632
-1184
-1257
-587
13
-131
283
1126
1010
937
1794
2241
2149
2459
2610
2334
2844
3421
3082
2562
3497
4490
3300
1460
2179
4142
3715
1846
1744
2204
1875
2206
2125
564
28
1331
885
-512
-596
-549
-1338
-1332
-1427
-2677
-3057
-2429
-2909
-3461
-2976
-3422
-4168
-3401
-2637
-3159
-3087
-2623
-2730
-2296
-1481
-1564
-1611
-970
-810
-695
245
702
209
409
1316
1730
1678
1988
2178
2203
2553
3131
2960
2583
3506
4138
2493
1233
3026
4170
2354
1333
2283
1789
1305
2034
1139
-976
92
1473
-296
-1446
-796
-1580
-2350
-1261
-1837
-3799
-3561
-2817
-3706
-3480
-2906
-4232
-4873
-3294
-2825
-3731
-3267
-2651
-2819
-1971
-1012
-1554
-1487
-101
258
153
1031
1310
701
1291
2610
2678
2127
2550
3061
3120
3203
3328
2856
3086
4527
4244
2027
2137
4452
4134
1778
1668
2507
1564
1484
1918
319
-983
619
771
-1246
-1437
-962
-2377
-2549
-1424
-2550
-4074
-3269
-2953
-3837
-3304
-3146
-4511
-4464
-3063
-3180
-3596
-2943
-2856
-2859
-1758
-1190
-1429
-898
-495
-622
306
1424
807
294
1437
2503
2459
2470
2514
2633
3368
3998
3584
2949
3927
4927
3407
1589
3340
5332
3629
1398
2338
2693
1633
1932
1828
-76
63
1701
319
-1504
-861
-1054
-2450
-1706
-1553
-3566
-3924
-2715
-3437
-3825
-2662
-3329
-4709
-3898
-2979
-3380
-3091
-2720
-3140
-2458
-1147
-1365
-1585
-856
-790
-704
565
968
22
226
1233
1695
1815
1956
1587
1739
2584
2892
2272
2044
3419
4381
2633
931
3036
4932
2965
1335
2784
2708
1694
2325
1811
-289
668
2369
281
-1265
-250
-964
-2260
-874
-953
-3357
-3306
-2153
-3442
-3850
-2721
-3468
-4462
-3644
-3549
-4010
-2877
-2488
-3401
-2484
-986
-1400
-1468
-526
-652
-696
782
1052
-34
288
1380
1876
2126
2204
1533
1625
2768
2883
2209
2018
3261
4321
2876
987
2671
5002
3391
1218
2481
3067
2125
2634
2280
140
609
2582
933
-861
-73
-594
-1971
-770
-682
-3090
-3233
-1854
-3147
-3993
-2903
-3357
-4241
-3437
-3276
-4029
-2995
-2332
-3483
-3112
-1549
-1517
-1843
-1446
-1319
-874
667
719
-154
390
1346
1537
1744
1814
1483
1892
3000
2947
2515
2389
3043
4439
3809
1374
1813
4701
4190
1437
1866
3174
2181
2206
2374
705
95
1959
1476
-420
-299
-610
-1918
-1137
-563
-2756
-3517
-2250
-2942
-3939
-2868
-3292
-4553
-3615
-2881
-4003
-3681
-2394
-3215
-3607
-2211
-1508
-1809
-1630
-1576
-1249
174
561
-354
-182
817
1198
1769
1861
1244
1446
2765
2887
2686
2861
2815
3791
4406
2209
865
3900
5280
2194
1005
3100
2577
1688
2443
1660
-71
1389
2244
-118
-854
-219
-1275
-1576
-453
-1966
-3631
-2633
-2596
-4160
-3304
-2598
-4085
-4074
-2773
-3305
-3673
-2235
-2415
-3281
-2182
-1154
-1643
-1531
-932
-854
-218
557
43
-142
789
1366
1962
2226
1814
1715
2674
2892
2466
2751
2910
3675
4759
3193
891
2927
5412
3058
799
2777
3195
1791
2196
1951
-215
376
2189
415
-1182
-519
-1068
-2003
-1044
-1683
-3384
-2810
-2234
-3860
-3701
-2589
-3805
-4252
-2775
-2986
-4031
-2666
-2212
-3481
-2833
-1338
-1700
-1848
-1087
-1161
-909
474
549
-166
395
1056
1284
1808
1741
1343
1945
2792
2564
2749
2688
2571
4074
4204
1322
1314
5162
4996
1421
1634
3306
1870
2065
3022
939
-436
2040
1815
-917
-901
-509
-2022
-1817
-1233
-3318
-4013
-2780
-3644
-4820
-3329
-3336
-4726
-3977
-3061
-3993
-3348
-1797
-2662
-3240
-1597
-722
-1001
-413
-90
-126
756
1555
924
733
1382
1634
1845
1964
1987
2045
2367
2462
2423
2481
2015
2785
4110
2776
581
2405
4750
2975
854
2133
2548
1662
2502
2270
120
357
2040
367
-1058
-457
-1141
-2531
-1501
-1666
-3551
-3622
-3113
-4345
-4176
-2825
-3781
-4427
-3285
-3280
-4062
-2702
-1995
-2982
-2522
-892
-927
-1002
-75
103
169
1443
1987
1105
1017
1676
2036
2279
2552
2229
2021
2442
2652
2431
2376
2084
2753
3972
2710
310
1743
4397
2891
666
1756
2341
1692
2251
1769
-108
564
2195
414
-912
-345
-1097
-2162
-1289
-1832
-3341
-2913
-2919
-4424
-3773
-2611
-4020
-4513
-3215
-3250
-3472
-2235
-2422
-3449
-2189
-764
-1402
-1247
-350
-644
-465
1206
1318
409
771
1764
1785
2174
2543
1940
1722
2683
3070
2642
2422
2065
3116
4245
2302
-102
2258
4362
2008
43
1550
1640
1142
1841
718
-1189
235
1474
-599
-1212
-539
-1430
-1927
-1102
-2226
-3349
-2719
-3220
-4347
-2939
-2379
-4193
-4244
-3082
-3477
-3355
-2245
-2884
-3363
-1675
-838
-1484
-862
-93
-125
711
1934
1336
815
1660
2284
2447
3127
2975
2159
2588
3789
3708
3324
3164
2636
3953
5497
3154
482
3295
5445
2541
652
2454
2175
1451
2153
873
-1153
454
1319
-1273
-1825
-742
-1881
-3004
-2247
-3058
-4316
-3948
-4238
-5066
-4026
-3673
-5287
-5330
-3826
-3577
-3585
-2831
-3014
-3035
-1515
-787
-1247
-728
130
121
609
1721
1795
1287
1698
2354
2508
2792
2864
2515
2485
3190
3467
3128
2451
1989
3175
4377
2363
254
2282
4150
2330
945
1830
1686
1554
1929
595
-725
640
952
-878
-1229
-947
-2166
-2560
-1773
-2518
-3299
-3189
-3881
-4376
-3094
-2913
-4400
-4318
-3304
-3322
-2969
-2239
-2698
-2514
-928
-450
-994
-168
769
806
1169
2022
1931
1717
2219
2520
2516
3029
3010
2085
2246
3225
3078
2305
2197
1938
2393
3442
2192
-42
1243
3416
2026
96
881
1282
772
1127
673
-609
-175
508
-757
-1341
-814
-1433
-2439
-2234
-2277
-2912
-3328
-3741
-3886
-3271
-3183
-4235
-4571
-3815
-3203
-3023
-3026
-3081
-2455
-1273
-761
-1033
-560
143
410
862
1648
1940
2063
2370
2698
3060
3650
3415
2471
2763
3812
3552
2710
2388
1947
2624
3919
2394
-185
1436
3772
2163
-16
768
1110
812
1408
858
-694
-138
733
-627
-1205
-610
-1343
-2497
-1887
-1752
-2519
-3042
-3401
-3760
-3030
-2355
-3433
-4304
-3584
-2678
-2650
-2660
-2836
-2497
-1302
-436
-828
-694
117
378
570
1491
2125
1941
1722
1876
2591
3376
3019
2151
2506
3340
3144
2634
2393
1920
2578
3781
2203
-314
1113
3393
2278
297
504
601
623
1248
538
-892
-321
418
-799
-1333
-924
-1683
-2610
-2158
-2196
-2867
-3153
-3605
-4062
-3203
-2576
-3729
-4430
-3566
-2869
-2792
-2551
-2519
-2327
-1395
-771
-931
-536
249
386
527
1395
1875
1534
1370
1787
2400
2850
2681
2167
2256
2910
3346
3012
2537
2263
2844
3601
2673
914
1345
3059
3001
1514
842
1153
1602
1821
1035
113
195
560
105
-210
-342
-1029
-1781
-1746
-1736
-2117
-2780
-3608
-3752
-3058
-2820
-3777
-4449
-3991
-3339
-3217
-3157
-3021
-2599
-1789
-1299
-1347
-909
-152
-47
-59
746
1411
1290
1175
1462
1814
2263
2429
1775
1518
2058
2570
2126
1662
1509
1793
2762
2873
1023
148
1882
2910
1750
633
1145
1602
1806
1574
911
344
794
903
346
-100
-421
-1139
-1398
-944
-1047
-2045
-3125
-3137
-2561
-2076
-2638
-3421
-3239
-2528
-2349
-2445
-2397
-1995
-1381
-965
-951
-541
256
201
-26
937
1818
1595
1433
1682
2048
2673
3238
2500
1968
2605
3187
2702
2214
1884
1522
2228
2844
1309
-303
802
2116
1146
-483
-386
-110
34
159
-411
-1161
-905
-491
-920
-1215
-1232
-1977
-2539
-1879
-1573
-2407
-3316
-3380
-2975
-2450
-2556
-3441
-3698
-2930
-2414
-2606
-2703
-2268
-1699
-1363
-1239
-788
-159
-146
-124
861
1769
1912
1942
2144
2384
2951
3529
2954
2409
3049
3671
3263
2767
2630
2174
2485
3574
2768
399
529
2511
2373
541
244
772
788
1070
915
-115
-519
57
-221
-700
-672
-1240
-2230
-1880
-1277
-1957
-2983
-3307
-3202
-2926
-2590
-3143
-3637
-2908
-2181
-2252
-2304
-1889
-1521
-1393
-1160
-615
-97
-34
-141
349
982
1152
1122
1155
1280
1883
2429
2051
1441
1800
2382
2219
1914
1746
1331
1412
2585
2227
48
-44
2119
2435
754
329
942
868
1321
1599
640
-51
697
767
216
184
-250
-1318
-1201
-388
-1027
-2129
-2540
-2590
-2423
-1998
-2651
-3613
-3176
-2288
-2389
-2597
-2184
-1763
-1541
-1334
-1002
-485
-56
27
387
1114
1543
1579
1493
1497
2074
2778
2572
1758
1865
2651
2568
1752
1399
1133
773
1795
2445
488
-1120
542
1914
559
-557
129
278
354
951
495
-563
-109
659
73
-352
-492
-1316
-1718
-1031
-1286
-2213
-2577
-2735
-2835
-2259
-2271
-3279
-3376
-2513
-2196
-2479
-2257
-1922
-1630
-1218
-864
-554
-73
278
463
901
1461
1671
1502
1460
1793
2390
2503
1890
1676
2310
2498
2044
1715
1516
922
1288
2537
1876
-263
-32
2003
1797
203
147
689
617
1026
944
-204
-500
500
143
-774
-720
-981
-1967
-1920
-1448
-2013
-2786
-2984
-2940
-2540
-2053
-2623
-3194
-2462
-1433
-1285
-1239
-888
-493
-48
394
649
1020
1504
1582
1568
2019
2416
2356
2264
2201
2347
2639
2515
2051
1997
2134
1811
1499
1496
1105
541
1250
1910
654
-737
277
1607
825
-383
-141
399
623
806
145
-734
-528
24
-563
-983
-1120
-1833
-2434
-1888
-1700
-2718
-3417
-3212
-2910
-2641
-2626
-3249
-3392
-2418
-1894
-2238
-1979
-1240
-952
-779
-348
-61
313
826
908
873
1457
1985
1807
1545
1804
2206
2121
1912
1573
1537
1664
1749
1412
983
791
589
1133
1752
732
-717
256
1601
814
-455
47
470
139
218
100
-712
-586
18
-663
-1301
-1188
-1525
-2063
-1422
-1437
-2536
-2749
-2121
-2080
-2095
-1854
-2137
-2117
-1302
-997
-1226
-758
-98
46
207
685
1121
1504
1559
1465
1732
2417
2659
2273
2071
2230
2437
2448
2252
1792
1772
1998
1865
1347
1197
791
418
1250
1757
91
-1122
506
1457
124
-645
162
-27
-134
402
-117
-1143
-448
-45
-1075
-1257
-996
-1808
-2013
-1113
-1662
-2592
-2322
-2091
-2462
-2116
-1963
-2660
-2475
-1537
-1497
-1686
-1083
-631
-747
-627
-168
240
628
792
637
844
1581
1793
1495
1419
1585
1795
1980
1853
1474
1642
1957
1660
1139
1177
942
569
1320
1851
368
-921
422
1452
329
-460
66
-97
-211
338
-47
-827
-393
-203
-709
-552
-557
-1421
-1512
-723
-1133
-1853
-1685
-1582
-1879
-1582
-1392
-1848
-1684
-1002
-924
-1137
-893
-741
-687
-373
-57
145
418
372
199
681
1367
1332
1142
1248
1460
1816
1947
1494
914
1206
1549
1295
709
523
336
113
842
1363
-95
-1476
-127
1108
284
-675
-339
-447
-393
163
-45
-861
-594
-193
-486
-382
-399
-1126
-1310
-574
-923
-1436
-1321
-1370
-1628
-1024
-730
-1433
-1455
-645
-555
-698
-213
13
-177
-54
417
822
1085
874
775
1149
1700
1750
1418
1167
1459
1854
1701
1339
1138
1269
1437
1265
768
555
447
-64
244
1056
115
-1574
-830
753
307
-689
-402
-398
-299
561
360
-756
-627
111
-122
95
-9
-1084
-1286
-169
-356
-1180
-931
-978
-1613
-1227
-744
-1491
-1837
-1262
-1032
-1050
-678
-551
-590
-214
197
481
719
717
626
1031
1576
1643
1262
1014
1335
1642
1473
997
687
741
887
617
258
101
13
-426
-141
638
-124
-1657
-1189
474
382
-628
-765
-640
-393
526
409
-602
-679
27
65
40
-118
-886
-998
-234
-289
-920
-1037
-1209
-1408
-1140
-1046
-1751
-2116
-1623
-1310
-1333
-1215
-1065
-1043
-856
-478
3
413
478
490
746
1308
1627
1506
1319
1557
2017
2072
1683
1330
1297
1469
1327
954
663
628
189
-28
811
932
-792
-1416
401
1128
-124
-830
-174
-32
476
881
262
-501
278
1093
864
447
-27
-248
27
369
-206
-817
-731
-666
-759
-698
-1044
-1621
-1403
-901
-1028
-1157
-851
-766
-909
-586
-45
166
233
360
405
526
956
1219
975
844
1167
1194
923
914
946
729
590
198
-270
-89
72
-524
-302
488
-385
-1760
-805
554
-66
-929
-501
-216
-67
655
391
-437
-159
905
785
352
54
-187
-242
63
-205
-802
-854
-896
-1128
-1006
-917
-1446
-1526
-1065
-784
-814
-614
-597
-547
-150
66
290
636
867
654
789
1343
1533
1240
1112
1244
1057
1042
1155
857
370
434
452
149
-127
-403
-947
-718
434
130
-1700
-1809
155
589
-719
-1013
-224
118
418
448
-137
-292
679
842
329
176
78
-161
-21
19
-572
-797
-873
-1247
-1192
-674
-919
-1491
-1212
-746
-822
-723
-387
-277
-298
21
549
829
764
602
796
1176
1382
1229
875
780
1020
1188
1143
882
465
251
410
500
-4
-481
-463
-428
-95
191
-678
-1731
-635
840
133
-892
-163
516
431
724
813
207
210
954
927
621
471
287
-49
55
116
-257
-640
-800
-769
-536
-505
-1039
-1275
-931
-497
-386
-441
-518
-364
-93
259
578
529
392
426
655
871
824
538
183
273
492
352
17
-272
-455
-386
-211
-372
-835
-848
-752
-704
-121
30
-1145
-1472
349
1065
-198
-603
340
582
747
1192
769
-61
698
1497
1014
481
466
171
-18
375
145
-569
-881
-841
-933
-705
-848
-1620
-1788
-1040
-734
-905
-692
-554
-534
-304
208
334
169
99
238
602
983
890
380
309
645
766
478
160
-120
20
331
167
-324
-456
-299
-431
-132
650
269
-997
-448
1166
1030
-73
243
982
987
1434
1774
930
477
1282
1468
948
759
466
-41
138
333
-266
-950
-1136
-1157
-847
-510
-1093
-1890
-1641
-951
-907
-1138
-1248
-1224
-824
-160
-2
-234
-209
-85
76
516
693
259
-97
185
505
222
-88
-201
-271
-181
63
-141
-723
-756
-394
-502
-254
483
-266
-1626
-698
1139
720
-418
100
791
869
1577
1775
953
980
1988
1871
1288
1277
1011
544
1043
1276
332
-348
-234
-128
80
225
-670
-1319
-598
4
-503
-887
-840
-786
-475
-29
-164
-509
-460
-350
-242
-30
-112
-641
-944
-618
-225
-369
-783
-931
-784
-549
-308
-484
-741
-565
-329
-547
-315
574
220
-1023
-455
1317
1216
137
411
1101
1011
1236
1537
982
672
1505
1724
962
674
670
376
430
636
37
-592
-533
-384
-306
-222
-730
-1388
-1031
-372
-538
-896
-725
-616
-577
-243
-161
-430
-443
-223
-218
-221
-171
-491
-824
-595
-285
-353
-711
-994
-908
-632
-444
-590
-761
-662
-367
-424
-252
554
418
-660
-160
1635
1630
358
456
1302
1341
1477
1664
1024
688
1557
1855
1069
694
713
428
501
881
375
-409
-332
15
-148
-242
-343
-789
-763
-309
-358
-650
-556
-512
-528
-343
-191
-313
-460
-343
-319
-352
-324
-419
-671
-619
-290
-333
-679
-648
-447
-499
-415
-231
-314
-507
-290
-47
-166
242
855
301
-313
887
1823
961
505
1412
1651
1330
1679
1548
883
1208
1912
1435
896
856
442
202
708
415
-653
-853
-512
-643
-723
-734
-1371
-1713
-1063
-757
-1144
-1281
-1300
-1316
-1052
-824
-1053
-1217
-1077
-1011
-1027
-769
-733
-1158
-1184
-714
-625
-929
-887
-736
-849
-631
-45
-31
-388
-244
253
307
507
1104
833
70
843
2238
1864
898
1322
1982
1877
2153
2262
1629
1548
2311
2357
1729
1378
1160
1108
1483
1390
462
-21
289
244
-108
-221
-656
-1280
-1256
-954
-1171
-1625
-1893
-1876
-1622
-1519
-1772
-2020
-2044
-2069
-1910
-1623
-1808
-2143
-1864
-1303
-1184
-1394
-1343
-1246
-1164
-862
-521
-470
-525
-287
-37
79
420
1021
1087
509
721
2010
2446
1791
1643
2181
2394
2665
2982
2529
2000
2581
3119
2541
1997
1850
1576
1668
2073
1435
317
241
682
374
-86
-370
-991
-1329
-993
-845
-1278
-1853
-2256
-2057
-1548
-1534
-2093
-2488
-2355
-1841
-1392
-1640
-2224
-2199
-1564
-1136
-1084
-1169
-1245
-1072
-545
-180
-302
-523
-564
-278
207
330
68
296
762
557
403
1182
1615
1079
959
1630
1907
1861
2006
1809
1558
2044
2535
2105
1606
1645
1755
1689
1515
922
433
506
608
274
-178
-540
-888
-1106
-1146
-1197
-1617
-2109
-2140
-1901
-1963
-2201
-2367
-2493
-2253
-1804
-1835
-2191
-1992
-1471
-1360
-1287
-959
-848
-894
-571
-68
32
-22
137
286
610
1087
1065
659
1023
2007
1934
965
1057
2241
2689
2067
1733
2007
2327
2602
2504
1937
1638
2000
2198
1940
1460
960
798
931
771
137
-369
-570
-851
-1178
-1278
-1496
-2014
-2355
-2359
-2337
-2454
-2567
-2769
-2800
-2384
-2144
-2326
-2281
-1996
-1887
-1655
-1214
-1128
-1220
-929
-449
-186
-72
13
83
267
548
737
660
549
846
1196
1058
885
1325
1958
1767
1152
1484
2556
2754
2157
2062
2526
2924
3189
3018
2277
2089
2801
3089
2263
1388
1201
1258
1119
736
-15
-817
-1105
-1109
-1402
-1985
-2474
-2821
-3072
-3138
-3033
-3212
-3610
-3596
-3203
-2893
-2789
-2627
-2566
-2408
-1903
-1431
-1336
-1279
-940
-649
-283
125
179
26
215
681
842
718
684
839
961
1139
1200
925
787
1393
1921
1410
849
1563
2522
2334
1856
2038
2335
2554
2817
2445
1849
2012
2424
2135
1577
1149
842
755
627
63
-659
-973
-1145
-1590
-1987
-2133
-2384
-2861
-3169
-3127
-3024
-2985
-3115
-3231
-3061
-2659
-2277
-2103
-2025
-1748
-1259
-781
-412
-183
-99
2
241
598
895
825
705
841
1157
1277
1236
1213
1290
1449
1534
1453
1451
2011
2410
1928
1378
2059
2856
2518
1788
1990
2604
2691
2498
2182
2019
2045
2142
1605
937
591
506
154
-297
-767
-1284
-1763
-1987
-2118
-2536
-2960
-3311
-3358
-3132
-3097
-3373
-3501
-3214
-2921
-2675
-2376
-2258
-2224
-1926
-1327
-965
-764
-493
-273
-168
73
464
589
531
507
573
846
1086
985
852
1085
1427
1431
1402
1565
1580
1588
2016
2182
1492
1178
2193
2829
1996
1251
1683
2137
2016
1992
1603
921
922
1492
1198
406
-19
-337
-671
-635
-874
-1788
-2332
-2207
-2214
-2497
-2608
-2721
-2677
-2419
-2316
-2415
-2257
-1848
-1841
-1980
-1653
-1127
-952
-987
-767
-416
36
427
498
461
842
1359
1357
1161
1208
1448
1651
1676
1360
1168
1426
1691
1447
1176
1230
1273
1119
1286
1695
1398
655
661
1378
1391
803
523
610
710
939
834
188
-70
383
536
133
-184
-511
-826
-674
-613
-1321
-1922
-1757
-1519
-1726
-2002
-2185
-2287
-2175
-1953
-1865
-1831
-1670
-1633
-1637
-1388
-1078
-970
-991
-978
-780
-334
-88
-165
-78
248
385
446
788
954
845
912
1256
1392
1274
1235
1253
1387
1522
1522
1398
1465
1450
1352
1695
2005
1268
527
1262
1953
1193
357
601
801
740
893
640
-159
-217
510
565
-109
-600
-689
-702
-573
-816
-1481
-1845
-1658
-1681
-1778
-1729
-1773
-2020
-1960
-1521
-1376
-1540
-1607
-1350
-1170
-1024
-831
-679
-603
-340
-28
141
254
398
438
573
826
955
955
972
1015
1083
1274
1302
1043
774
933
1115
1059
819
761
708
724
620
724
1011
702
-74
-21
925
1085
363
-90
220
580
863
628
72
-253
235
646
461
-111
-502
-397
-99
-67
-610
-1007
-1070
-995
-1093
-1131
-1354
-1717
-1813
-1536
-1260
-1376
-1683
-1806
-1474
-991
-737
-762
-954
-943
-546
-45
190
87
-47
203
720
1035
1106
863
690
879
1216
1099
735
640
624
558
394
457
453
335
407
661
508
78
569
1169
552
-380
340
1269
870
183
380
685
883
1343
1133
411
371
1054
986
485
141
-61
-254
-147
-252
-771
-1130
-1218
-1202
-1196
-1199
-1472
-1743
-1767
-1599
-1485
-1527
-1696
-1735
-1404
-991
-884
-951
-781
-490
-292
1
247
230
153
446
721
816
842
852
881
969
1132
1130
1045
980
1062
1055
934
927
1125
1023
858
798
725
557
898
1383
877
-71
237
1417
1433
562
312
680
888
1064
877
331
-35
294
342
40
-278
-607
-867
-837
-664
-992
-1390
-1665
-1772
-1727
-1569
-1743
-2144
-2220
-2014
-1849
-1854
-1798
-1680
-1546
-1404
-1207
-972
-833
-764
-636
-280
30
158
82
75
303
663
783
494
423
725
930
837
811
941
1134
1286
1293
1047
965
1222
1299
1012
883
919
584
656
1373
1284
31
-179
1092
1448
502
2
267
316
629
811
156
-612
-187
474
298
-306
-597
-561
-312
-141
-505
-1029
-1101
-833
-800
-845
-822
-938
-1085
-871
-576
-409
-440
-537
-476
-139
157
252
246
283
448
654
825
857
756
729
892
996
939
758
692
741
763
629
465
318
206
207
194
-139
-500
-482
-326
-418
-535
-666
-937
-995
-438
12
-676
-1579
-1204
-138
-85
-757
-1091
-895
-505
-69
-149
-635
-799
-289
-9
-96
-239
-427
-605
-372
11
-148
-525
-526
-282
-167
-12
-47
-264
-260
59
191
139
181
317
339
471
822
1024
949
886
1092
1202
1172
1103
977
810
852
958
871
668
506
475
647
760
427
-21
21
282
112
-284
-431
-430
-477
-360
-376
-642
-826
-735
-702
-375
-94
-683
-1312
-602
233
-213
-891
-783
-549
-307
120
-93
-747
-627
204
327
-33
-346
-330
-37
397
217
-296
-283
41
118
64
108
-103
-258
-51
261
178
-56
-62
132
288
372
377
228
102
119
293
338
174
-75
-175
-28
193
258
38
-181
-137
103
182
11
-125
-170
-128
3
113
6
-97
-73
135
337
245
94
113
172
144
502
767
190
-438
162
1044
860
226
178
385
621
1000
900
305
75
589
838
629
297
146
117
276
247
-46
-329
-451
-482
-537
-534
-664
-842
-925
-872
-871
-914
-1009
-1112
-1050
-888
-791
-1017
-1131
-966
-733
-668
-653
-518
-476
-450
-321
-141
-192
-280
-180
144
402
371
243
252
396
529
636
605
387
368
622
770
536
475
533
457
313
497
1000
889
179
-96
706
1138
660
0
-8
289
778
838
183
-370
-60
509
364
2
-454
-467
-235
-2
-270
-629
-707
-625
-436
-315
-426
-736
-836
-778
-574
-393
-496
-805
-807
-403
-90
-95
-329
-423
-89
292
338
240
233
169
281
574
739
529
368
518
819
1002
886
619
576
893
1014
819
690
735
608
467
447
332
155
132
16
-414
-503
-62
112
-487
-1152
-919
-338
-265
-820
-1130
-948
-623
-504
-555
-661
-677
-404
-141
-72
-219
-185
-54
-57
-167
-91
-31
-60
-97
-26
123
140
136
143
145
78
65
79
144
266
279
103
84
367
461
340
345
500
457
326
351
429
417
305
135
39
160
251
70
-240
-378
-281
-205
-360
-647
-747
-662
-768
-940
-943
-884
-959
-1037
-1089
-1066
-759
-617
-1026
-1332
-724
-175
-347
-652
-453
-53
363
468
284
346
738
1121
1078
895
796
1012
1361
1526
1333
1151
1282
1499
1536
1401
1204
1042
1095
1193
1139
995
755
529
562
692
488
30
-170
-26
49
-105
-250
-397
-619
-674
-578
-687
-948
-1030
-1065
-1129
-1053
-991
-1158
-1275
-1187
-1159
-1267
-1304
-1181
-1105
-1175
-1279
-1191
-945
-693
-680
-791
-779
-568
-195
-26
-255
-464
31
669
743
539
643
845
1041
1292
1316
1125
1196
1534
1637
1499
1447
1522
1516
1550
1542
1406
1230
1176
1096
894
666
513
414
264
114
-54
-264
-439
-495
-567
-765
-945
-1100
-1205
-1223
-1293
-1418
-1450
-1406
-1415
-1402
-1344
-1338
-1360
-1292
-1216
-1129
-1054
-1004
-921
-741
-609
-545
-483
-351
-196
-105
-129
-174
29
350
469
336
307
498
849
1114
1009
800
1013
1424
1526
1325
1245
1360
1539
1656
1512
1316
1310
1422
1307
1041
843
762
643
575
416
91
-110
-147
-276
-537
-722
-912
-1107
-1227
-1225
-1254
-1417
-1548
-1546
-1513
-1529
-1515
-1518
-1547
-1478
-1371
-1315
-1273
-1209
-1159
-1075
-893
-716
-607
-528
-372
-138
43
197
375
511
613
763
904
1014
1130
1204
1223
1283
1473
1556
1526
1455
1457
1477
1605
1743
1551
1215
1204
1497
1496
1256
1021
969
942
963
789
512
384
369
293
74
-137
-352
-453
-496
-553
-772
-937
-1030
-1085
-1092
-1040
-1161
-1393
-1390
-1269
-1227
-1318
-1409
-1425
-1254
-1067
-1090
-1211
-1179
-989
-815
-744
-735
-707
-609
-496
-439
-334
-231
-202
-101
116
307
387
437
507
593
663
748
788
784
866
984
979
894
967
1049
948
819
839
846
822
877
790
522
450
595
567
320
250
326
248
142
93
-11
-163
-153
-167
-348
-419
-337
-411
-550
-592
-660
-784
-742
-650
-741
-797
-702
-653
-673
-634
-639
-740
-787
-608
-438
-462
-454
-351
-326
-271
-150
-140
-159
-61
18
-2
39
133
136
123
203
301
343
393
438
442
493
578
579
515
550
629
593
535
534
519
471
428
365
267
255
390
461
280
104
155
209
147
55
-54
-87
27
178
110
-64
-110
-50
-13
19
-27
-174
-229
-120
-71
-179
-252
-271
-291
-261
-166
-183
-321
-384
-298
-224
-203
-205
-233
-198
-100
-28
-81
-192
-235
-189
-59
70
86
40
65
143
217
220
176
166
210
255
285
261
181
93
50
78
135
127
92
78
64
83
143
88
-82
-139
-63
-56
-121
-117
-192
-340
-295
-92
-121
-316
-353
-252
-239
-205
-143
-228
-314
-213
-71
-80
-139
-145
-124
-59
7
-17
-68
-66
20
40
7
-15
-31
-4
35
41
-16
-33
-14
-43
-81
-74
-12
16
2
-19
-65
-112
-112
-98
-86
-98
-77
-61
-65
-56
-29
-53
-105
-96
-87
-90
-69
-55
-40
27
89
68
35
70
85
75
71
49
32
70
155
235
249
222
258
357
428
450
421
398
426
505
531
495
469
485
575
649
647
577
548
600
630
584
489
407
378
344
315
250
126
39
12
35
10
-63
-148
-244
-321
-383
-434
-530
-634
-673
-685
-711
-757
-818
-885
-924
-871
-825
-844
-844
-815
-812
-786
-739
-758
-774
-727
-669
-627
-576
-509
-452
-428
-335
-227
-141
-54
38
122
215
321
421
472
491
575
700
781
810
829
838
901
975
1012
997
979
982
974
971
937
854
799
772
715
621
523
425
357
303
228
122
-3
-85
-170
-279
-363
-477
-593
-687
-738
-795
-862
-935
-1024
-1077
-1090
-1079
-1074
-1117
-1116
-1052
-993
-926
-911
-899
-886
-780
-640
-537
-480
-437
-302
-163
-74
-9
70
149
238
380
497
570
694
761
809
878
957
1014
1071
1139
1150
1161
1219
1271
1243
1189
1193
1215
1183
1110
997
858
764
728
651
563
465
371
257
110
-28
-146
-257
-371
-472
-562
-661
-789
-908
-965
-1011
-1070
-1104
-1165
-1228
-1261
-1250
-1268
-1308
-1327
-1302
-1276
-1268
-1209
-1102
-1010
-920
-798
-716
-659
-578
-433
-281
-118
18
102
213
355
501
614
686
758
844
928
1042
1123
1186
1235
1289
1332
1335
1359
1331
1280
1228
1151
1102
1059
961
810
720
662
570
481
359
249
126
27
-71
-212
-302
-357
-435
-526
-599
-704
-810
-851
-885
-968
-1049
-1082
-1061
-1079
-1081
-1065
-1096
-1106
-1054
-992
-979
-962
-886
-785
-679
-577
-487
-421
-319
-157
-30
58
121
194
253
354
452
536
593
634
697
764
828
868
859
820
838
866
837
763
725
698
688
658
591
528
473
444
384
309
239
179
94
18
-51
-112
-157
-208
-237
-299
-338
-375
-399
-398
-395
-408
-402
-394
-397
-428
-439
-437
-438
-429
-420
-394
-383
-358
-327
-283
-264
-246
-219
-199
-185
-177
-137
-80
-55
-10
52
109
167
204
222
209
212
242
287
313
299
287
256
214
184
169
160
144
118
98
106
83
36
40
24
1
-9
-9
-12
-13
26
87
98
96
141
193
218
220
215
197
194
197
222
205
194
220
251
234
204
186
159
165
169
134
66
57
37
9
16
-10
-37
-52
-101
-146
-170
-209
-242
-283
-314
-346
-370
-425
-457
-484
-529
-553
-552
-538
-518
-484
-464
-487
-510
-505
-497
-448
-416
-389
-362
-312
-258
-216
-212
-185
-149
-114
-62
-27
4
63
146
211
286
361
416
477
541
567
594
631
677
695
689
695
739
778
776
757
732
718
684
624
569
513
473
425
356
275
218
159
87
11
-58
-128
-189
-251
-321
-381
-442
-483
-559
-611
-656
-708
-748
-761
-755
-742
-743
-740
-746
-752
-731
-712
-669
-633
-600
-558
-474
-399
-342
-286
-224
-150
-86
-14
63
125
170
249
333
404
467
536
587
643
700
760
809
834
834
843
875
903
907
898
861
830
812
762
686
598
530
458
387
296
205
113
36
-12
-70
-145
-227
-298
-370
-428
-494
-554
-621
-689
-736
-762
-791
-838
-874
-889
-886
-902
-900
-856
-818
-809
-785
-753
-732
-698
-642
-562
-481
-404
-336
-269
-203
-119
-19
67
146
217
283
361
422
465
531
600
648
693
731
757
778
796
833
837
830
821
788
767
752
741
711
665
621
580
535
478
411
336
255
175
114
38
-19
-99
-168
-233
-302
-358
-423
-476
-528
-564
-591
-607
-631
-666
-683
-668
-648
-633
-633
-645
-647
-632
-597
-560
-538
-517
-466
-416
-373
-346
-342
-326
-297
-265
-231
-191
-128
-62
-5
48
92
140
190
232
278
323
370
412
430
457
493
509
521
533
556
559
556
557
529
492
478
468
448
429
407
396
373
336
311
291
260
244
206
163
123
99
83
68
47
11
-23
-56
-91
-117
-129
-170
-219
-259
-277
-295
-300
-303
-328
-359
-370
-361
-348
-322
-316
-307
-301
-295
-287
-285
-287
-278
-267
-264
-233
-213
-231
-233
-217
-209
-199
-184
-168
-156
-135
-111
-77
-48
-15
30
56
65
79
96
123
144
146
141
150
174
200
211
202
180
168
167
165
179
164
135
151
169
168
161
148
139
126
142
154
123
95
104
122
109
86
49
15
-4
-21
-25
-36
-39
-60
-90
-102
-104
-98
-98
-96
-95
-84
-87
-85
-81
-75
-62
-62
-52
-42
-38
-43
-40
-39
-49
-57
-69
-77
-73
-54
-20
-10
3
23
34
36
34
24
21
24
20
40
65
84
108
108
118
133
145
158
145
122
96
92
67
39
22
8
-4
-40
-57
-77
-99
-122
-137
-161
-150
-126
-122
-101
-92
-75
-45
-20
-23
-44
-42
-26
-6
18
24
19
11
5
7
22
14
7
3
-2
4
10
12
-17
-36
-51
-51
-13
13
37
57
83
90
90
100
87
82
80
89
109
115
102
86
83
76
75
73
67
69
58
37
14
-6
-13
-24
-48
-54
-38
-39
-53
-61
-70
-82
-92
-100
-103
-96
-84
-92
-100
-99
-104
-102
-98
-103
-100
-86
-62
-54
-66
-74
-60
-45
-48
-47
-53
-57
-48
-31
-29
-40
-46
-54
-58
-38
-17
-12
-20
-22
-9
-7
-10
-13
-7
4
23
39
37
40
56
65
86
114
134
134
130
132
130
132
127
135
141
138
134
126
118
101
88
80
70
77
87
83
57
35
21
4
-20
-44
-66
-69
-74
-77
-66
-56
-42
-27
-16
2
18
5
-17
-28
-26
-16
-1
-7
-25
-47
-67
-72
-58
-54
-54
-62
-92
-105
-103
-93
-83
-64
-51
-44
-30
-25
-15
-5
10
27
41
66
74
74
75
68
62
69
84
101
123
145
145
125
79
32
10
-4
-9
-17
-29
-34
-34
-48
-64
-60
-53
-56
-49
-47
-55
-68
-92
-108
-110
-91
-78
-60
-43
-25
-12
0
-8
-15
-16
-22
-19
-26
-40
-39
-32
-35
-36
-38
-46
-39
-29
-33
-31
-22
-13
-11
-10
-21
-18
5
24
37
36
30
30
40
52
65
71
83
93
89
83
82
80
74
72
71
84
95
100
79
42
10
-8
-25
-27
-26
-24
-18
-19
-21
-36
-42
-48
-44
-31
-9
10
10
-3
-22
-36
-47
-33
-13
-7
-15
-17
-23
-34
-37
-35
-26
-18
-19
-13
-8
-19
-31
-51
-55
-38
-21
0
16
21
18
36
37
25
15
11
17
22
37
44
32
15
8
16
31
32
26
35
42
52
60
61
55
55
55
43
38
33
32
23
1
-10
9
31
32
18
7
-6
-23
-33
-38
-46
-56
-46
-41
-41
-36
-22
-8
-2
9
13
4
-6
-7
-7
-14
-26
-34
-34
-36
-38
-33
-28
-21
-20
-9
-6
-3
1
2
-5
-15
-18
-28
-34
-46
-41
-30
-18
-22
-31
-40
-35
-26
-27
-33
-33
-26
-20
-25
-43
-52
-65
-70
-67
-53
-35
-18
-19
-35
-42
-39
-32
-22
-8
8
29
41
46
46
37
30
27
34
41
52
60
68
76
71
77
80
79
83
79
73
58
51
44
37
47
52
52
54
50
53
60
68
73
77
78
77
68
33
10
0
-17
-41
-49
-53
-68
-77
-89
-98
-107
-116
-113
-101
-90
-82
-67
-61
-61
-49
-39
-17
11
31
53
61
47
36
29
31
48
55
58
60
56
44
31
10
1
-13
-26
-26
-29
-18
0
15
21
34
46
50
49
46
51
37
20
15
13
5
-12
-12
-12
-12
-18
-42
-47
-54
-57
-70
-92
-94
-102
-99
-95
-92
-86
-78
-69
-59
-46
-38
-31
-24
-11
3
-3
-7
1
1
9
15
21
12
2
5
-1
10
5
-2
-1
1
9
18
31
50
60
57
49
46
45
34
23
21
23
36
46
43
43
33
31
25
7
13
11
8
-2
-24
-29
-21
-18
-29
-39
-30
-7
3
1
3
-1
0
4
14
22
20
26
29
44
50
47
36
24
21
15
20
28
34
37
43
43
41
31
22
15
3
-5
-10
-9
1
-3
-10
-22
-36
-37
-38
-34
-34
-22
-5
2
2
0
-1
-13
-13
-13
-23
-30
-33
-29
-28
-25
-21
-25
-30
-45
-53
-60
-54
-45
-46
-39
-38
-39
-48
-39
-22
-7
7
14
23
28
20
15
19
20
21
20
17
9
4
11
13
8
6
11
21
14
16
29
30
24
13
6
12
17
28
39
36
29
19
13
23
34
34
30
24
17
7
-16
-27
-25
-17
-10
5
15
22
20
4
-15
-13
-10
-10
-4
-1
4
7
5
3
-7
-15
-27
-43
-47
-45
-48
-56
-52
-31
-8
2
2
-13
-26
-26
-30
-27
-30
-16
0
9
30
44
33
14
-1
-2
-5
-15
-18
-19
-23
-32
-22
-15
-16
-8
0
-2
-9
-7
-2
3
3
7
10
13
14
17
20
20
19
28
36
37
47
48
29
16
10
14
26
29
29
25
25
39
46
42
35
24
22
27
35
38
28
28
29
39
53
42
30
19
9
0
-9
-18
-28
-44
-42
-38
-34
-30
-28
-22
-20
-20
-25
-27
-31
-44
-39
-29
-26
-11
-6
-10
-20
-21
-11
-4
-16
-26
-39
-46
-36
-34
-29
-28
-26
-14
-10
-15
-20
-31
-41
-49
-48
-46
-50
-45
-43
-30
-16
-6
2
8
9
19
23
27
41
44
43
35
33
29
24
21
22
30
48
61
66
56
42
33
17
-2
-14
-12
-5
7
13
14
6
1
4
12
17
7
-2
-3
-10
-9
-14
-15
-16
-20
-20
-14
-14
-15
-11
1
9
7
4
-5
-10
-6
5
5
3
4
-4
-8
-7
-3
1
-1
0
5
11
20
24
34
38
38
27
11
7
-6
-6
-10
-19
-14
-3
14
10
9
8
-4
-5
-4
-5
-14
-19
-17
-11
-9
4
