33
6
20
35
16
24
33
21
31
24
-13
2
4
-32
-42
-61
-40
14
-3
-27
5
-5
-2
55
54
19
52
29
-15
25
13
-19
-7
-37
-57
-18
-35
-76
-54
-64
-97
-76
-67
-68
-43
-54
-76
-37
-41
-61
-11
8
-7
26
20
-33
-28
-18
-30
-19
-29
-60
-49
-32
-44
-34
-26
-74
-95
-83
-60
-45
-51
-57
-49
-47
-38
1
23
25
33
26
23
45
41
37
55
28
-2
11
14
22
47
48
34
56
56
41
61
69
38
28
41
21
6
20
17
19
57
61
72
88
79
55
56
63
47
60
74
66
79
78
42
25
16
9
1
-19
-26
-22
-40
-57
-55
-78
-94
-78
-81
-88
-79
-92
-109
-70
-24
-29
-15
-1
-22
-34
-23
-27
-35
-29
-48
-56
-42
-35
-17
5
16
34
56
51
42
19
-33
-45
-15
-11
14
56
43
40
56
19
-4
36
40
40
52
26
-5
-9
-19
-46
-42
-32
-45
-42
-6
1
-15
11
18
10
23
18
19
23
18
8
0
27
33
4
-5
-20
-42
-14
18
6
24
65
59
62
73
42
41
82
59
43
65
32
29
74
42
21
53
46
37
40
-4
-22
-15
-49
-37
-15
-54
-42
-12
-80
-115
-73
-83
-93
-69
-81
-86
-65
-72
-73
-62
-94
-99
-79
-74
-76
-59
-30
-23
-8
15
18
7
34
50
34
45
60
25
6
18
8
-3
29
42
33
52
36
-5
-34
-43
-65
-55
-34
-29
3
40
48
36
38
17
-3
12
25
25
26
38
16
-23
-4
7
-29
-4
36
-6
-20
44
30
-3
15
-12
-29
8
34
35
62
66
45
62
81
64
68
82
52
17
52
64
0
-8
1
-48
-67
-38
-42
-53
-47
-37
-27
-20
-19
-15
-21
-22
-28
-29
-28
-58
-70
-23
-7
-11
62
70
37
55
57
21
24
35
0
-21
-42
-41
-11
-26
-22
24
15
23
38
-13
-52
-22
-23
-22
29
31
38
55
28
12
35
63
90
85
47
24
9
-13
12
30
13
23
13
-9
-22
-84
-136
-106
-142
-178
-87
-112
-161
-77
-64
-116
-50
0
-67
-17
54
48
130
191
168
216
201
111
117
120
8
-6
23
-80
-129
-123
-184
-258
-273
-283
-306
-293
-238
-217
-252
-219
-162
-176
-155
-83
-71
-58
11
34
40
68
130
192
225
253
296
346
323
285
311
312
265
301
320
213
178
227
144
10
17
-6
-98
-40
26
0
-11
-2
-32
-107
-144
-128
-116
-137
-91
-9
-57
-83
-21
-17
-61
-19
56
50
44
107
136
106
91
121
104
-18
-45
-55
-153
-206
-172
-162
-194
-156
-100
-141
-111
-63
-80
-67
-27
35
67
75
48
88
71
-35
-27
-36
-118
-90
-45
-115
-89
31
16
58
221
252
233
329
357
306
281
263
221
175
149
136
134
140
150
204
225
217
303
324
325
254
166
31
-162
-323
-600
-909
-1114
-1311
-1490
-1576
-1551
-1516
-1399
-1116
-831
-483
-91
376
875
1210
1592
1983
2138
2142
2190
2077
1716
1428
1089
640
245
-48
-385
-755
-985
-1121
-1267
-1370
-1389
-1277
-1233
-1172
-930
-778
-765
-609
-418
-514
-587
-477
-488
-633
-570
-440
-464
-373
-178
-123
-145
-166
-129
-157
-167
-92
52
123
253
570
712
763
952
1238
1410
1509
1800
2044
2067
2072
2222
2187
1844
1785
1672
1182
740
546
135
-436
-698
-994
-1371
-1515
-1509
-1571
-1623
-1556
-1431
-1274
-1162
-1016
-717
-507
-494
-316
-163
-280
-316
-289
-467
-648
-690
-864
-1201
-1301
-1265
-1319
-1241
-1052
-687
-325
54
453
836
1205
1507
1796
1960
2070
2157
2173
2102
1759
1495
1277
859
391
-33
-306
-512
-718
-998
-1150
-970
-888
-1062
-1030
-718
-652
-657
-386
-189
-171
-31
210
183
14
-47
-38
-181
-507
-667
-691
-904
-1128
-1135
-1024
-1113
-908
-468
-290
24
621
1225
1465
1825
2379
2616
2824
3015
3133
2955
2535
2344
2027
1474
819
355
-107
-757
-1234
-1674
-1947
-2072
-2254
-2423
-2478
-2329
-2252
-2168
-1948
-1751
-1669
-1675
-1663
-1595
-1654
-1781
-1766
-1714
-1738
-1854
-1660
-1327
-1138
-959
-440
409
844
1182
1841
2609
3067
3180
3565
3780
3667
3538
3268
2731
2059
1729
1261
428
-305
-620
-749
-1134
-1520
-1509
-1326
-1235
-1202
-1140
-897
-572
-470
-584
-695
-679
-742
-961
-1135
-1389
-1680
-1794
-1770
-1896
-1982
-1509
-943
-502
-183
534
1652
2224
2674
3407
4121
4425
4580
4659
4341
4089
3823
3281
2426
1535
974
232
-693
-1453
-1847
-2051
-2325
-2552
-2589
-2299
-1906
-1707
-1591
-1304
-946
-900
-1146
-1218
-1261
-1630
-2036
-2336
-2620
-3001
-3244
-3244
-3459
-3423
-2789
-2146
-1820
-1259
62
1133
1927
2846
3792
4555
5071
5608
5784
5546
5253
5004
4284
2983
2154
1614
579
-694
-1484
-1837
-2384
-2895
-3181
-3203
-2904
-2633
-2537
-2260
-1682
-1348
-1275
-1191
-1291
-1464
-1619
-1816
-2077
-2459
-2670
-2645
-2830
-2903
-2502
-1845
-1318
-604
590
1572
2519
3610
4630
5240
5592
6203
6244
5662
5144
4740
3969
2557
1563
776
-392
-1582
-2359
-2733
-3313
-3662
-3698
-3627
-3278
-2877
-2469
-2045
-1505
-1127
-972
-870
-795
-849
-1098
-1412
-1709
-2041
-2314
-2418
-2442
-2244
-1943
-1523
-908
177
1293
2113
3233
4467
5406
5999
6527
6979
6779
6233
5750
5124
3737
2257
1449
392
-1070
-2319
-2901
-3442
-4161
-4407
-4364
-4162
-3881
-3536
-3119
-2715
-2328
-2168
-1976
-1844
-1885
-2039
-2306
-2386
-2488
-2743
-2733
-2503
-2153
-1772
-1084
-134
820
2078
3133
4137
5232
6322
6946
6946
7259
7317
6730
5772
4832
3924
2433
1072
-48
-1222
-2466
-3356
-3765
-4288
-4642
-4672
-4496
-4119
-3776
-3399
-2959
-2581
-2282
-2103
-2147
-2246
-2255
-2402
-2600
-2585
-2514
-2646
-2248
-1424
-915
-332
688
2159
3263
4126
5128
6248
7067
7159
7215
7066
6570
5924
5042
3885
2395
1248
139
-1221
-2474
-3464
-3955
-4371
-4692
-4853
-4782
-4384
-4119
-3905
-3660
-3327
-3058
-3045
-3095
-3091
-3070
-3103
-3081
-3097
-3042
-2813
-2175
-1473
-835
-30
1193
2735
3781
4699
5859
7048
7727
7943
8156
7921
7388
6730
5782
4324
2757
1729
584
-1020
-2484
-3237
-3641
-4369
-4904
-4946
-4734
-4537
-4389
-4094
-3822
-3612
-3594
-3657
-3631
-3652
-3947
-4119
-3936
-3682
-3623
-3246
-2151
-1159
-424
514
2357
4185
5092
5972
7570
8908
9055
8999
9132
8809
7881
6801
5596
3809
2189
1089
-382
-2270
-3647
-4052
-4631
-5601
-5985
-5770
-5392
-5357
-5251
-4950
-4565
-4150
-4093
-4183
-4123
-3925
-3927
-3921
-3677
-3461
-3189
-2214
-971
-97
720
2386
4459
5727
6518
7886
9430
9877
9847
10256
10152
9138
8194
7452
5623
3387
2170
1019
-1065
-3194
-4047
-4520
-5711
-6907
-7056
-6607
-6700
-6983
-6708
-6295
-5958
-5683
-5388
-5130
-4979
-4788
-4522
-4138
-3931
-3752
-2814
-1503
-755
-275
1159
3378
4543
5108
6508
8337
9149
9084
9606
9952
9345
8537
8092
6992
4904
3645
2816
924
-1594
-2971
-3328
-4490
-6097
-6814
-6669
-6859
-7535
-7640
-7339
-7172
-7208
-7096
-6831
-6475
-6043
-5545
-4833
-4196
-3715
-2722
-1041
143
877
2396
4818
6433
7029
8064
9822
10850
10571
10557
10793
10030
8919
8304
7102
4611
2824
2209
740
-1787
-3428
-3620
-4347
-5952
-6919
-6855
-6848
-7460
-7587
-7281
-7057
-6942
-6789
-6451
-6146
-5777
-5350
-4849
-4102
-3495
-2455
-674
629
1364
2644
5112
6882
7422
8337
10105
11314
11043
10902
11245
10555
9252
8548
7555
5129
3067
2319
1013
-1541
-3565
-3918
-4437
-5993
-7189
-7138
-6973
-7667
-8184
-7945
-7480
-7492
-7588
-7367
-7051
-6689
-6325
-5660
-4953
-4644
-3729
-1834
-297
317
1456
4157
6222
6841
7538
9372
10833
10713
10633
11042
10615
9301
8476
7673
5415
3271
2516
1372
-1152
-3324
-3748
-4209
-5847
-7201
-7229
-6879
-7562
-8289
-8152
-7808
-7747
-7784
-7559
-7263
-6969
-6505
-5743
-4939
-4577
-3767
-1791
-129
489
1412
3965
6245
6988
7707
9516
11173
11264
11161
11708
11426
10070
9184
8587
6522
4164
3239
2223
-263
-2588
-3116
-3592
-5328
-7069
-7303
-6848
-7573
-8430
-8403
-8105
-8119
-8144
-7878
-7728
-7443
-6782
-5836
-4920
-4484
-3512
-1480
230
1100
2174
4744
7166
8037
8557
10021
11704
11892
11470
11574
11256
9963
8757
7918
5907
3554
2481
1416
-858
-3176
-3802
-4124
-5675
-7256
-7480
-7022
-7490
-8233
-8272
-8042
-8202
-8417
-8212
-7962
-7767
-7323
-6661
-5896
-5330
-4242
-2182
-310
753
1980
4689
7251
8301
9008
10622
12268
12426
11967
11841
11397
10163
8887
7821
5707
3335
2182
1158
-1097
-3360
-3717
-3708
-4899
-6238
-6233
-5516
-5953
-6724
-6643
-6269
-6496
-6996
-7124
-7237
-7402
-7311
-6966
-6560
-6386
-5735
-3916
-2035
-1064
-36
2700
5648
7025
7980
9946
12040
12559
12324
12609
12391
10986
9489
8345
6111
3400
1901
565
-1903
-4443
-5205
-5388
-6690
-8152
-8258
-7451
-7535
-7950
-7688
-7109
-6899
-6959
-6746
-6598
-6559
-6381
-6073
-5690
-5554
-5063
-3426
-1605
-610
398
3064
6013
7490
8359
10148
12353
13066
12847
13069
12997
11901
10562
9452
7304
4628
3083
1762
-762
-3493
-4487
-4876
-6205
-7662
-8016
-7441
-7503
-7860
-7711
-7296
-7046
-6992
-6756
-6685
-6679
-6337
-5833
-5305
-5019
-4504
-2869
-823
412
1190
3325
6258
7941
8728
10138
12088
12951
12748
12609
12268
11167
9794
8612
6406
3460
1776
680
-1611
-4456
-5724
-6034
-7134
-8435
-8756
-8140
-8022
-8283
-8042
-7520
-7146
-7026
-6728
-6482
-6409
-6125
-5638
-4994
-4672
-4338
-2853
-864
314
931
2881
5912
7654
8316
9536
11641
12832
12635
12588
12413
11393
9903
8711
6760
3797
1878
729
-1314
-4047
-5553
-5790
-6668
-8042
-8587
-8004
-7671
-7861
-7518
-7025
-6668
-6420
-6128
-5926
-5985
-5901
-5554
-4971
-4708
-4604
-3278
-1204
122
810
2322
5204
7389
8437
9578
11770
13579
13633
13474
13435
12737
11227
9845
8010
5049
2693
1141
-1118
-4204
-6434
-7233
-8208
-9830
-10810
-10370
-9886
-10101
-9844
-9100
-8346
-7807
-7184
-6646
-6296
-5655
-4818
-4058
-3696
-3483
-2375
-518
792
1534
2840
5541
7822
8875
9776
11687
13604
13804
13612
13718
13256
12028
10805
9268
6637
4138
2448
428
-2582
-5348
-6500
-7358
-9003
-10468
-10641
-10368
-10727
-10730
-10227
-9624
-9012
-8280
-7574
-7160
-6578
-5734
-4823
-4177
-3925
-2771
-638
838
1566
2628
5152
7556
8760
9394
10831
12885
13425
12974
12841
12560
11491
10200
8733
6218
3767
2275
591
-2000
-4558
-5710
-6335
-7630
-9157
-9657
-9185
-9235
-9323
-8984
-8466
-7765
-7010
-6436
-6349
-6003
-5098
-4252
-3686
-3488
-2618
-681
810
1528
2411
4728
7284
8635
9262
10592
12642
13431
13029
12819
12453
11476
10230
8746
6291
3650
2007
450
-2051
-5050
-6528
-6985
-8147
-9835
-10662
-10274
-10181
-10337
-10247
-9917
-9244
-8532
-8050
-7813
-7264
-6264
-5331
-4471
-4039
-3255
-1282
554
1599
2463
4501
7257
9010
9540
10296
12276
13465
13112
12788
12516
11590
10222
8880
6748
4136
2430
1022
-1112
-3840
-5424
-5701
-6474
-8134
-9204
-8717
-8383
-8791
-9046
-8989
-8485
-7943
-7586
-7456
-7230
-6493
-5526
-4689
-4270
-3661
-1916
104
1389
2395
4275
7187
9275
9995
10773
12710
14082
13613
13030
12683
11710
10165
8495
6295
3557
1459
-40
-1934
-4732
-6767
-7023
-7480
-9003
-10011
-9568
-8995
-9274
-9467
-9232
-8667
-7965
-7569
-7270
-6914
-6291
-5385
-4551
-4022
-3610
-1959
417
1826
2691
4164
7120
9516
10397
11124
12910
14549
14256
13558
13360
12602
11011
9434
7677
4765
2167
812
-792
-3703
-6325
-6776
-7002
-8616
-10145
-9884
-8936
-9039
-9360
-9173
-8422
-7815
-7714
-7378
-6822
-6226
-5557
-4723
-4146
-3887
-2699
-541
1113
1921
2976
5736
8485
9445
9661
11495
13768
13768
12926
12790
12205
10559
9043
7607
4902
2147
665
-853
-3655
-6566
-7429
-7535
-8964
-10753
-10639
-9528
-9607
-9939
-9555
-8810
-8126
-7621
-7106
-6698
-6148
-5390
-4626
-3962
-3730
-2875
-703
1259
2072
2853
5462
8342
9487
9775
11376
13731
14140
13330
13297
13097
11557
9854
8530
6074
2981
1218
-29
-2664
-5911
-7024
-6940
-8330
-10349
-10560
-9604
-9503
-9755
-9423
-8390
-7244
-6745
-6271
-5552
-4956
-4382
-3491
-2693
-2651
-2182
-453
1353
2301
2793
4594
7510
9055
9050
10071
12402
13062
12168
12104
11979
10567
9025
7767
5492
2518
665
-470
-2637
-5882
-7575
-7444
-8309
-10513
-11357
-10381
-10110
-10561
-10313
-9382
-8339
-7630
-6863
-6037
-5265
-4364
-3440
-2510
-1940
-1479
13
2203
3397
3836
5709
8894
10745
10985
11803
13969
15118
14332
13458
13090
12132
10285
8527
6210
2921
516
-672
-2759
-6299
-8176
-8111
-9017
-11013
-11855
-11039
-10570
-10694
-10478
-9715
-8538
-7867
-7507
-6639
-5701
-5067
-4236
-3253
-3023
-2622
-876
1069
2138
2629
4176
7253
9254
9419
10051
12321
13705
13019
12338
12258
11488
9776
8441
6546
3417
1207
78
-2093
-5481
-7570
-7986
-8829
-10821
-12131
-11231
-10424
-10893
-10732
-9483
-8418
-7994
-7391
-6400
-5447
-4654
-3739
-2537
-2036
-1581
189
2435
3684
3950
5751
9156
10991
10890
11596
13791
14640
13673
12785
12263
11294
9549
7961
5802
2869
912
-302
-2625
-5928
-7569
-7584
-8468
-10494
-11507
-10620
-10352
-11031
-10872
-9849
-8902
-8351
-7628
-6634
-5689
-4907
-3852
-2460
-2128
-1736
279
2396
3417
3963
6184
9461
11161
11203
12224
14528
15049
13955
13172
12456
11134
9284
7455
4716
1603
-367
-1640
-4015
-7328
-8595
-8570
-9785
-11497
-11617
-10407
-10362
-10926
-10426
-9179
-8459
-8351
-7581
-6446
-5739
-5202
-4090
-2745
-2327
-1448
811
2832
3625
4434
7109
9868
10957
11151
12478
14438
14501
13570
13030
12275
10839
9354
7566
4571
1845
318
-1271
-4224
-7171
-7994
-8284
-10149
-12109
-11726
-10642
-11347
-12152
-11264
-9678
-9095
-8956
-7840
-6376
-5629
-5039
-3554
-2310
-1857
-291
2444
4325
4791
6261
9253
11255
11461
11909
13778
14851
14220
13531
12905
11632
9977
8549
6326
3136
910
-299
-2311
-5547
-7565
-7798
-8647
-11043
-12463
-11687
-11107
-11929
-12279
-11042
-9840
-9597
-9331
-8187
-6884
-6254
-5314
-3738
-2709
-1803
163
2691
4040
4880
7236
10046
11542
11845
13025
14732
15031
14393
13690
12878
11255
9626
8028
5402
2658
1080
-309
-3348
-6351
-7399
-7912
-9459
-11452
-11941
-11212
-11148
-11853
-11659
-10284
-9398
-9162
-8473
-7222
-6059
-5210
-4180
-3163
-2064
-353
1755
3423
4254
6061
8823
10684
11320
12306
13982
14634
14436
14120
13490
12446
11030
9506
7367
4833
2827
1292
-1096
-4210
-6110
-7019
-8538
-10742
-11946
-11860
-11971
-12630
-12861
-12227
-11292
-10382
-9720
-9093
-7906
-6460
-5091
-4246
-3391
-1542
722
2287
3234
5056
7655
9833
10749
11538
13291
14267
14027
13749
13236
12163
10933
9708
7637
5184
3384
1906
-255
-3164
-4976
-5828
-7322
-9534
-10831
-10934
-11374
-12200
-12449
-11873
-11440
-11031
-10083
-9090
-8175
-7193
-5647
-4258
-3577
-2016
645
2897
3668
5076
7961
10297
11340
11865
13295
14585
14518
13983
13382
12565
11161
9840
8132
5517
3544
2323
425
-2744
-5039
-5704
-6945
-9393
-11323
-11546
-11593
-12608
-13271
-12793
-12063
-11904
-11385
-10124
-8847
-7779
-6436
-4664
-3251
-1829
295
2650
3910
4889
7369
10073
11248
11564
12798
14157
14259
13679
13172
12671
11549
10157
8613
6462
4335
2639
795
-1904
-4278
-5307
-6294
-8328
-10305
-10826
-10733
-11319
-12114
-11984
-11029
-10419
-10261
-9678
-8289
-6950
-5928
-4842
-3548
-1677
302
1961
3277
4766
6943
9040
10230
10515
11481
12966
13297
12839
12311
11837
10938
9774
8255
6240
4720
3357
1480
-913
-2883
-4024
-5408
-7366
-9319
-10345
-10829
-11789
-12735
-12845
-12296
-11835
-11585
-11043
-9741
-8060
-6822
-5728
-4244
-2169
186
2136
3391
4872
7268
9449
10561
11004
11954
13259
13487
12713
11905
11590
10874
9522
7732
5743
4385
3232
1474
-751
-2381
-3279
-4518
-6406
-8148
-8945
-9390
-10559
-11860
-12160
-11712
-11524
-11744
-11533
-10429
-8815
-7537
-6724
-5370
-3074
-754
1029
2478
4384
6748
8850
10166
10783
11717
12704
13072
12622
11644
11049
10541
9461
7208
5125
4498
3598
1497
-971
-2120
-2399
-3777
-6007
-7565
-8151
-8922
-10096
-11027
-11567
-11503
-11324
-11358
-11187
-10366
-8808
-7188
-6282
-5262
-2796
-55
1466
2517
4731
7454
9319
10231
11135
12506
13258
13126
12881
12312
11314
10359
9532
7509
5145
4243
3692
1618
-1222
-2249
-2279
-3728
-6053
-7357
-7656
-8510
-10007
-10863
-11076
-11284
-11530
-11384
-10970
-10498
-9206
-7504
-6524
-5436
-3052
69
2143
3135
5239
8184
10092
10465
11103
12594
13174
12616
11685
10987
10007
8732
7606
5798
3865
2866
2091
442
-1568
-2366
-2555
-3929
-5946
-6867
-6972
-8032
-9540
-10180
-10381
-10747
-11239
-11187
-10613
-10217
-9305
-7872
-6783
-5442
-3230
-618
1182
2575
4707
7420
9541
9950
10544
11953
12675
12438
11505
10593
9930
9348
7691
5263
4096
3559
2299
293
-1055
-1245
-1790
-3411
-5028
-5652
-6211
-7532
-8746
-9460
-9988
-10371
-10628
-10846
-10851
-10202
-8864
-7805
-6868
-4988
-2525
-255
1251
3168
5689
7757
8835
9598
10958
11773
11806
11566
10930
10140
9120
8406
6956
4694
3582
3263
1925
-556
-1539
-1432
-2494
-4104
-5089
-5324
-5824
-7108
-8161
-8668
-9171
-9829
-10225
-10247
-10091
-9461
-8221
-7247
-6187
-4164
-1613
333
1681
3925
6625
8723
9537
10214
11645
12253
12019
11330
10427
9624
9103
7875
5362
3821
3271
2097
159
-1563
-2002
-2419
-3918
-5439
-5924
-6096
-7121
-8123
-8592
-8868
-9246
-9627
-9433
-9324
-9261
-8173
-6913
-6354
-4979
-2511
-260
1162
2786
5006
7080
8293
9002
10075
10784
11071
11203
10318
9020
8422
8089
6569
4170
2922
2902
2006
-490
-1818
-1316
-2018
-3991
-5052
-5205
-5773
-7046
-8071
-8306
-8523
-9313
-9522
-8843
-8722
-8654
-7459
-6133
-5078
-3655
-1480
709
2034
3683
5939
7856
8586
9130
10082
10344
10256
9708
8667
7585
6778
6039
4218
2320
1739
1275
-414
-1999
-2137
-2215
-3065
-4068
-4563
-4606
-5439
-6544
-6699
-6759
-7580
-8004
-7597
-7415
-7444
-7013
-6297
-5304
-3972
-2523
-708
548
2070
4246
5848
6883
7869
8950
9262
9328
9567
9013
7823
6907
6645
5400
3238
2492
2514
1190
-1119
-1822
-1289
-2100
-4146
-4993
-4284
-4762
-6524
-7021
-6520
-6896
-8006
-8012
-7067
-6839
-6904
-6043
-4673
-3649
-2356
-264
1279
2262
3921
5984
7352
7877
8711
9640
9618
9094
8684
7929
6654
5869
4995
3199
1741
1460
1075
-635
-2213
-2308
-2026
-3382
-5111
-4940
-4406
-5501
-6846
-6700
-6189
-6713
-7404
-7069
-6290
-6099
-5895
-4935
-3550
-2223
-879
649
1956
3532
5122
6608
7557
7943
8469
8766
8869
8530
7542
6206
5511
5048
3155
1417
1172
1082
-347
-2357
-2795
-2224
-3034
-5151
-5721
-4986
-5710
-7042
-7168
-6776
-6997
-7669
-7499
-6414
-5935
-5900
-4912
-3368
-2079
-784
1121
2599
3724
5152
6774
7940
8261
8854
9254
9012
8448
7526
6429
5278
4472
3111
1087
40
0
-678
-2639
-3547
-2946
-2994
-4291
-5498
-5110
-4555
-5560
-6629
-6437
-6051
-6612
-6996
-6224
-5287
-4987
-4643
-3490
-1801
-359
1030
2469
3809
5370
6790
8091
9018
9498
9503
9335
9266
8195
6446
5170
4745
3565
1194
-78
-83
-498
-2238
-3577
-3364
-3027
-3895
-5068
-4876
-4489
-5306
-6183
-6325
-6345
-6871
-7195
-6849
-6318
-5882
-5217
-4318
-3207
-1636
66
1453
2693
4548
6255
7472
8366
9201
9740
9451
9159
8666
7328
5695
4769
4075
2105
58
-477
-564
-1944
-3832
-3928
-3317
-3977
-5280
-5509
-5029
-5466
-6450
-6820
-6427
-6448
-6869
-6751
-5873
-5119
-4649
-3749
-2411
-800
769
2363
3707
5399
7290
8683
9559
10139
10621
10571
10186
9398
7902
6163
4744
3751
1803
-710
-1790
-1906
-2891
-4773
-5285
-4667
-4862
-5919
-6338
-5708
-5654
-6462
-6871
-6577
-6474
-6829
-6781
-6232
-5811
-5153
-4179
-3200
-1755
45
1962
3402
4819
6589
8171
9242
9638
10243
10496
10028
9449
8242
6520
4857
3795
2204
-269
-1793
-2303
-3047
-4718
-5659
-5058
-4873
-5758
-6370
-5847
-5635
-6361
-6710
-6538
-6421
-6716
-6781
-5957
-5142
-4801
-4050
-2621
-956
673
2524
4180
5649
7573
9305
10550
11178
11521
11658
11245
10558
9155
7214
5267
3768
2190
-291
-2159
-2780
-3365
-5044
-6272
-5664
-5163
-5828
-6494
-6050
-5471
-5948
-6418
-6156
-5874
-6122
-6292
-5740
-5159
-4987
-4445
-3312
-1946
-509
1285
3202
4601
6274
8211
9796
10537
10917
11428
11171
10510
9645
8172
6160
4500
3307
947
-1483
-2740
-3531
-4844
-6543
-6945
-6599
-6896
-7816
-7909
-6997
-7007
-7728
-7523
-6810
-6810
-7056
-6581
-5617
-4955
-4500
-3698
-2049
-176
1300
3173
5081
7088
8913
10606
11911
12366
12640
12454
12106
11340
9635
7595
5936
4632
2164
-650
-2053
-2724
-4079
-5998
-6603
-6250
-6475
-7453
-7879
-7198
-7173
-7908
-8008
-7578
-7412
-7558
-7328
-6487
-5666
-5023
-4111
-2803
-1154
504
2335
4041
6080
8266
9923
11307
12171
12706
12664
12169
11743
10527
8409
6169
4899
3208
124
-2000
-2846
-3922
-5987
-7262
-7115
-7270
-8334
-9262
-8770
-8304
-9029
-9377
-8611
-8162
-8381
-8012
-6783
-5747
-5335
-4652
-3252
-1275
262
1764
3792
5720
7559
9315
10961
11912
12670
13191
12843
12521
11716
9849
7660
6232
4903
2332
-84
-1408
-2500
-4388
-6034
-6239
-6297
-7146
-8029
-7848
-7455
-8086
-8811
-8588
-8075
-8249
-8453
-7615
-6415
-5940
-5351
-4065
-2295
-406
1277
2925
4692
7156
9299
10793
12013
13071
13775
13468
13077
12436
10842
8758
7002
5547
3213
707
-854
-1909
-3684
-5917
-6469
-6227
-7222
-8595
-8699
-7934
-8148
-9011
-8961
-8029
-7869
-8447
-7853
-6428
-5690
-5170
-4161
-2707
-991
560
2240
3760
5678
7814
9465
10726
11715
12504
12577
12312
11635
10225
8616
6813
5109
3042
408
-1610
-2566
-3958
-6144
-7022
-6777
-7300
-8532
-8908
-8295
-8225
-8949
-9112
-8394
-8178
-8691
-8546
-7482
-6649
-6167
-5273
-3729
-1873
-347
1434
3445
5581
7872
9833
11341
12519
13544
13768
13403
12943
11884
10186
8116
6533
4643
1899
-83
-1135
-2446
-4591
-5898
-5964
-6499
-7695
-8467
-8036
-7911
-8868
-9265
-8479
-7879
-8242
-8204
-7071
-5942
-5399
-4749
-3388
-1584
-233
1119
2833
4702
6774
8621
9936
11114
12328
12734
12507
12440
11612
10041
8406
6902
5172
2666
450
-698
-1776
-3882
-5477
-5652
-6064
-7138
-8079
-7963
-7611
-8218
-9013
-8687
-7906
-8224
-8622
-7586
-6347
-6084
-5606
-4360
-2649
-1171
77
1577
3510
5800
7541
9070
10524
11728
12395
12240
12231
11896
10658
8824
7378
6152
3730
1256
-162
-1334
-3167
-5052
-5611
-5691
-6559
-7791
-7913
-7330
-7948
-8868
-8569
-7903
-8042
-8278
-7496
-6176
-5451
-5127
-4108
-2297
-655
651
2256
4007
6162
8004
9247
10388
11418
12133
12131
12058
11843
10881
9067
7198
6009
3875
1049
-531
-1517
-3391
-5659
-6463
-6547
-7498
-8839
-9281
-8785
-8970
-9743
-9497
-8540
-8362
-8788
-8362
-6912
-6122
-6001
-5230
-3596
-1805
-431
1120
2787
4945
7082
8522
9846
11126
12153
12278
11959
11799
11012
9423
7570
6395
4622
1907
313
-463
-1923
-4081
-5091
-5013
-5470
-6861
-7867
-7400
-7339
-8594
-9116
-8262
-7881
-8559
-8616
-7325
-6051
-5523
-4959
-3412
-1301
303
1758
3270
5162
7287
8857
9909
11125
12509
12698
12198
12213
11576
9968
8396
7336
5704
3243
1397
334
-983
-3434
-5233
-5333
-5899
-7709
-8881
-8587
-8497
-9362
-9957
-9331
-8555
-8773
-8860
-7655
-6181
-5632
-5135
-3830
-1921
-128
1340
2739
4674
6951
8565
9682
10875
12098
12542
12240
11990
11235
9649
7848
6517
4947
2314
264
-456
-1288
-3369
-5105
-5181
-5334
-6717
-8159
-8189
-7909
-8964
-10112
-9751
-8912
-8988
-9140
-7982
-6332
-5529
-4855
-3448
-1508
148
1607
3071
4625
6543
8144
9201
10148
11336
11814
11407
11332
11005
9603
7760
6670
5525
3220
1033
36
-723
-2793
-4929
-5176
-5247
-6672
-8205
-8260
-8011
-8901
-9904
-9869
-9155
-9325
-9746
-8914
-7418
-6620
-6180
-4863
-2693
-627
1000
2553
4421
6691
8510
9633
10687
11834
12426
12254
12038
11578
10358
8592
7231
6028
3951
1622
346
-420
-2156
-4171
-4795
-4772
-5839
-7538
-8103
-7797
-8378
-9609
-9892
-9215
-9238
-9834
-9335
-7713
-6623
-6194
-5063
-2801
-618
957
2467
4309
6754
8603
9618
10588
11858
12628
12272
11917
11626
10659
8899
7348
6214
4262
1936
490
-448
-2232
-4240
-4896
-4963
-5875
-7271
-7611
-7324
-7818
-8874
-9161
-8465
-8575
-9348
-8884
-7256
-6399
-6284
-5226
-3028
-801
676
2079
4163
6716
8564
9511
10419
11691
12436
12057
11560
11211
10269
8507
6978
5880
4045
1794
437
-481
-2043
-3835
-4554
-4795
-5854
-7266
-7765
-7590
-8308
-9564
-9816
-9073
-8957
-9637
-9405
-7818
-6379
-6046
-5498
-3382
-878
688
1954
3785
6378
8424
9213
9888
11325
12307
11748
11017
10699
9813
7926
6208
4986
2918
550
-682
-1452
-2949
-4540
-5099
-5127
-5853
-7248
-7637
-7160
-7774
-9013
-9272
-8620
-8562
-9322
-9448
-8208
-6866
-6526
-6056
-4185
-1527
259
1415
3264
6008
8176
9246
10158
11596
12794
12599
11969
11809
11197
9369
7695
6464
4483
2391
1127
-20
-1695
-3412
-4040
-4327
-5564
-6916
-7276
-7028
-7793
-9158
-9506
-8829
-8565
-9350
-9397
-7943
-6468
-6080
-5842
-4026
-1137
820
1754
3371
6341
8673
9562
10269
11640
13035
12977
12109
11710
11273
9597
7774
6625
4771
2401
901
-152
-1848
-3524
-4214
-4526
-5348
-6706
-7191
-6730
-7327
-8669
-9069
-8458
-8302
-9131
-9484
-8289
-6873
-6663
-6467
-4735
-2119
-273
777
2348
5206
7745
8635
9218
10720
12030
11786
10970
10684
10371
8887
7120
5951
4288
2143
729
-228
-1908
-3740
-4378
-4611
-5833
-7240
-7585
-7240
-7783
-9021
-9458
-8806
-8556
-9478
-9679
-8363
-7063
-6633
-6349
-4899
-2218
-176
708
2073
4927
7589
8609
9010
10325
12047
12149
11216
10890
10597
9251
7595
6308
4686
2923
1689
612
-1000
-2624
-3235
-3625
-4844
-6242
-6694
-6434
-6870
-8078
-8606
-8050
-7794
-8548
-9011
-8055
-6709
-6352
-6262
-4746
-2139
-186
825
2050
4689
7410
8412
8773
10370
11971
11799
11194
11107
10667
9348
7810
6443
4779
2810
1380
311
-1482
-3370
-3947
-4155
-5389
-6879
-7236
-6868
-7463
-8803
-9208
-8415
-8138
-8894
-8975
-7786
-6577
-6112
-5648
-4115
-1758
119
1117
2318
4916
7337
8091
8428
9902
11516
11297
10386
10192
9918
8620
7070
6039
4767
3092
1897
959
-523
-2189
-2933
-3200
-4357
-6021
-6672
-6294
-6810
-8369
-9016
-8372
-8119
-9101
-9683
-8678
-7186
-6651
-6716
-5454
-2790
-734
207
1433
4200
6982
7975
8291
9774
11687
11758
10822
10698
10692
9536
7950
6891
5522
3724
2389
1372
-170
-2023
-2890
-3121
-4179
-5899
-6592
-6160
-6580
-8034
-8678
-7939
-7480
-8269
-8736
-7573
-6099
-5735
-5636
-4333
-1968
-7
799
1558
4091
6761
7365
7418
8937
10618
10356
9371
9138
8993
7912
6259
4947
3763
2283
957
-29
-1376
-2997
-3728
-4001
-5024
-6327
-6826
-6533
-6811
-8110
-9022
-8427
-7825
-8651
-9270
-8295
-6766
-6120
-6075
-4816
-2157
-73
712
1623
4156
6775
7642
7726
9084
11037
11086
10091
9966
9945
8757
7253
6155
4747
3103
1899
921
-428
-1926
-2629
-2765
-3590
-5147
-5827
-5290
-5594
-7160
-8023
-7178
-6612
-7474
-8096
-7159
-5611
-5152
-5252
-4111
-1623
269
929
1777
4280
7002
7813
7756
9096
10923
10807
9859
9625
9415
8218
6736
5657
4278
2630
1441
445
-1023
-2712
-3511
-3692
-4704
-6250
-6820
-6250
-6421
-7716
-8437
-7729
-7080
-7781
-8457
-7550
-5918
-5316
-5442
-4420
-1998
8
727
1406
3747
6400
7239
7243
8404
10126
10295
9423
9093
9087
8209
6647
5499
4345
2666
1243
417
-831
-2648
-3568
-3548
-4270
-5853
-6602
-5997
-5966
-7374
-8370
-7549
-6571
-7380
-8303
-7209
-5457
-5044
-5383
-4536
-2108
-71
722
1471
3810
6485
7395
7533
8643
10333
10547
9582
9193
9065
8057
6397
5145
3838
2103
918
122
-1161
-2847
-3684
-3666
-4235
-5627
-6423
-5891
-5709
-7064
-8192
-7511
-6562
-7192
-8113
-7136
-5297
-4713
-5115
-4342
-1838
146
715
1299
3476
6227
7291
7313
8331
10247
10697
9629
9262
9405
8712
7190
5957
4909
3321
1786
809
-288
-2104
-3393
-3550
-4099
-5647
-6906
-6656
-6298
-7483
-8919
-8515
-7294
-7665
-8731
-8034
-6032
-5100
-5292
-4594
-2161
201
1103
1641
3769
6672
7908
7881
8719
10487
11045
10084
9474
9530
8813
6958
5547
4585
2894
1187
282
-623
-2288
-3670
-3903
-4034
-5283
-6693
-6588
-5945
-6815
-8289
-8108
-6855
-6833
-7944
-7670
-5735
-4508
-4730
-4406
-2122
355
1309
1622
3292
6147
7660
7698
8283
9925
10720
9726
9028
8968
8177
6489
5160
4368
2866
1194
227
-433
-1826
-3539
-4013
-3883
-4826
-6468
-6744
-5928
-6521
-8231
-8457
-7105
-6867
-8084
-8124
-6298
-4855
-4929
-4731
-2701
-125
1024
1421
2964
5696
7372
7505
7945
9467
10522
9740
8916
9022
8491
6802
5457
4838
3440
1436
270
-208
-1364
-3229
-3894
-3704
-4586
-6262
-6998
-6387
-6611
-8153
-8777
-7684
-7032
-8197
-8774
-7237
-5604
-5367
-5390
-3749
-1098
252
780
2202
4898
7047
7639
8236
9750
10997
10606
9978
10164
9768
8194
6575
5973
5028
2946
1290
742
-90
-2094
-3396
-3513
-4084
-5709
-6930
-6616
-6632
-8126
-9101
-8290
-7537
-8346
-8952
-7548
-5698
-5280
-5287
-3871
-1202
421
965
2120
4510
6747
7302
7610
8927
10357
10219
9270
9318
9090
7568
5830
5171
4416
2312
579
30
-582
-2259
-3859
-4008
-4171
-5567
-6846
-6669
-6329
-7541
-8673
-8128
-7065
-7264
-8111
-7187
-5069
-4307
-4581
-3548
-886
1072
1922
3039
5009
7211
8153
8556
9610
10867
11044
10293
10319
10202
8786
6868
5863
5237
3244
1066
291
24
-1507
-3458
-3819
-3712
-4963
-6569
-6754
-6347
-7276
-8762
-8679
-7612
-7732
-8721
-8307
-6471
-5723
-6035
-5362
-3282
-1393
-657
407
2301
4422
5615
6289
7519
8795
9460
9100
9095
9376
8536
6943
5866
5458
3899
1649
549
134
-1126
-3110
-3878
-3800
-4816
-6537
-7257
-6870
-7352
-8754
-9200
-8249
-7720
-8419
-8350
-6738
-5392
-5307
-4885
-2911
-643
483
1412
3126
5292
6874
7752
8837
10075
10820
10685
10429
10593
9858
8197
6847
6295
5041
2612
1083
641
-391
-2551
-3915
-3918
-4560
-6192
-7204
-7008
-7098
-8273
-8837
-8062
-7393
-7788
-7942
-6489
-4890
-4488
-4204
-2714
-525
717
1576
3137
5011
6628
7563
8575
9728
10524
10645
10264
10317
9893
8498
7004
6306
5512
3343
1412
686
-34
-1791
-3556
-3957
-4336
-5659
-7094
-7431
-7316
-8311
-9438
-9338
-8692
-8788
-9202
-8436
-6797
-6024
-5811
-4727
-2686
-1046
-35
1557
3362
5026
6331
7482
8715
9646
10279
10406
10555
10368
9289
7934
7055
6377
4462
2312
1439
789
-833
-2832
-3648
-3980
-5117
-6558
-7301
-7315
-7935
-9023
-9302
-8863
-8632
-9057
-8869
-7566
-6505
-6034
-5233
-3538
-1769
-412
1118
2799
4588
6324
7743
8837
9705
10535
10874
10856
10712
9841
8499
7411
6716
5235
2934
1533
1003
-115
-2198
-3526
-3785
-4470
-5861
-6879
-6878
-7029
-8040
-8732
-8322
-7796
-8084
-8274
-7254
-5954
-5467
-4991
-3738
-2138
-783
584
2060
3473
5108
6762
8071
8926
9664
10214
10375
10414
9760
8639
7599
6918
5770
3580
1922
1212
261
-1723
-3409
-3739
-4159
-5437
-6809
-7202
-7130
-7846
-8755
-8871
-8355
-8388
-8696
-7983
-6821
-6071
-5472
-4394
-2848
-1385
149
1805
3221
4848
6647
8128
9060
9724
10548
10831
10847
10499
9424
8265
7416
6474
4460
2377
1466
748
-996
-2978
-3682
-3897
-4855
-6171
-6832
-6679
-6918
-7769
-8115
-7560
-7161
-7422
-7230
-6080
-5179
-4773
-3994
-2705
-1199
155
1521
2698
4095
5890
7225
8143
8826
9514
9897
9824
9520
8684
7564
6525
5690
4115
1866
540
-112
-1390
-3345
-4514
-4688
-5183
-6263
-7309
-7202
-6885
-7705
-8410
-8159
-7661
-7805
-8116
-7555
-6611
-6016
-5456
-4420
-2870
-1381
110
1562
2859
4771
6679
7968
8793
9773
10744
10907
10772
10107
9179
8346
7566
6311
4264
2671
1795
706
-1242
-3087
-3757
-4220
-5282
-6512
-6991
-6851
-7289
-8065
-8176
-7598
-7479
-7725
-7294
-6277
-5477
-5027
-4332
-3185
-1586
-45
1260
2470
4098
6144
7632
8416
9122
10068
10445
10216
9722
8854
7780
6762
5643
3817
2067
1055
100
-1527
-3269
-3930
-4182
-4968
-6040
-6654
-6347
-6542
-7544
-8005
-7558
-7195
-7507
-7431
-6732
-5786
-5019
-4512
-3585
-2027
-469
969
2234
3726
5888
7709
8595
9240
10448
11216
11040
10861
10303
9292
8121
6883
5118
3095
1627
344
-1126
-2832
-4129
-4675
-5169
-6282
-7278
-7276
-7228
-7810
-8399
-8181
-7578
-7471
-7601
-7254
-6192
-5402
-4924
-4150
-2710
-1055
384
1603
2759
4940
7014
8081
8854
9917
11030
11086
10736
9963
8977
7916
6577
5200
3233
1466
237
-933
-2649
-4264
-4856
-5286
-6214
-7265
-7481
-7331
-7566
-8036
-8111
-7523
-7061
-7095
-6954
-5999
-5141
-4708
-4281
-3467
-1833
-172
1041
1950
3784
6084
7339
8293
9291
10565
10949
10720
10411
9605
8576
7046
5820
4168
2269
802
-365
-1564
-3274
-4219
-4513
-5073
-6022
-6744
-6379
-6263
-6854
-7409
-7043
-6343
-6432
-6653
-6220
-5309
-4711
-4319
-3734
-2426
-757
472
1420
2741
5020
6856
7779
8616
9781
10765
10618
10372
9753
8708
7421
6083
4573
2556
891
-154
-1064
-2848
-4356
-4460
-4644
-5702
-6703
-6526
-6143
-6565
-7190
-7292
-6500
-6091
-6544
-6634
-5629
-4752
-4522
-4148
-3223
-1512
-50
863
1871
3903
6165
7389
8244
9317
10507
10906
10635
10193
9424
8383
7021
5757
3920
1807
669
-265
-1849
-3538
-4110
-4286
-5133
-6250
-6769
-6388
-6339
-7055
-7571
-7151
-6569
-6739
-7044
-6637
-5704
-5135
-4837
-4307
-2968
-1261
4
985
2431
4853
6776
7725
8732
10013
10853
10736
10411
9596
8365
7057
5733
4122
1891
251
-625
-1870
-3635
-4723
-4618
-4913
-5977
-6613
-6278
-5969
-6456
-7004
-6936
-6194
-6028
-6355
-6245
-5458
-4673
-4393
-3987
-3035
-1435
-150
857
2243
4244
6346
7622
8605
9689
10614
10848
10571
10144
9198
8059
6895
5481
3507
1583
632
-375
-2160
-3715
-3931
-3950
-4824
-5683
-5913
-5655
-5815
-6394
-6815
-6488
-5855
-6003
-6264
-5776
-4888
-4589
-4441
-3741
-2409
-874
170
1233
2867
5017
6636
7405
8255
9355
10159
9925
9383
8675
7587
6398
5022
3195
974
-391
-1300
-2652
-4106
-4858
-4778
-5000
-5698
-6118
-5812
-5504
-5881
-6213
-6071
-5531
-5447
-5877
-5895
-5211
-4485
-4385
-4184
-3335
-1895
-606
425
1531
3225
5299
6755
7704
8739
9998
10494
10178
9588
8770
7992
6746
5146
3296
1679
731
-328
-1776
-2980
-3205
-3319
-4109
-4861
-5108
-4980
-5193
-5842
-6268
-6025
-5587
-5835
-6072
-5687
-4901
-4487
-4329
-3692
-2489
-976
246
1354
2768
4907
6831
7857
8708
9904
10983
10841
10160
9284
8309
7064
5287
3345
1408
108
-919
-2297
-3719
-4562
-4703
-5033
-5656
-6076
-6078
-5977
-6354
-6786
-6857
-6514
-6364
-6621
-6654
-5981
-5163
-4906
-4630
-3714
-2183
-832
254
1458
3250
5500
6982
7871
9006
10273
10841
10492
9816
8752
7528
6010
4262
2249
235
-1028
-2176
-3453
-4522
-4889
-4786
-5166
-5742
-5952
-5670
-5542
-6023
-6275
-5981
-5501
-5490
-5645
-5202
-4270
-3604
-3384
-2945
-1884
-437
685
1629
2852
4884
6738
7645
8425
9542
10693
10742
10242
9634
8708
7618
6200
4516
2526
901
-93
-1273
-2522
-3516
-3988
-4168
-4716
-5305
-5446
-5278
-5588
-6120
-6116
-5807
-5638
-5848
-5932
-5410
-4528
-4049
-3880
-3229
-1782
-254
788
1780
3282
5467
7060
7724
8422
9542
10255
9786
9235
8612
7483
6040
4496
2755
965
-242
-1361
-2643
-3780
-4444
-4559
-4910
-5680
-6300
-6346
-6302
-6756
-7251
-7234
-6908
-6922
-6949
-6671
-6052
-5260
-4729
-4325
-3340
-1564
-108
1014
2257
4316
6684
7820
8321
9341
10447
10378
9720
9077
7931
6700
5349
3841
2155
538
-512
-1521
-2717
-3948
-4341
-4167
-4618
-5304
-5420
-5094
-5306
-5901
-6084
-5847
-5636
-5721
-5694
-5224
-4333
-3644
-3387
-2894
-1517
236
1424
2315
3629
5914
7796
8520
9282
10406
11132
10717
9994
9211
8104
6605
4801
3111
1261
-141
-1021
-2297
-3746
-4622
-4765
-4853
-5460
-6170
-6129
-5766
-6232
-6763
-6655
-6512
-6508
-6584
-6575
-5944
-5052
-4768
-4485
-3389
-1617
-65
991
2061
4013
6478
7890
8457
9285
10514
10942
10155
9443
8642
7340
5983
4513
2609
694
-598
-1487
-2520
-3927
-4811
-4624
-4818
-5758
-6038
-5722
-5723
-6136
-6462
-6239
-5744
-5812
-6050
-5658
-4804
-4117
-3832
-3425
-2197
-480
724
1766
3010
4920
7119
8238
8802
9767
10733
10655
9855
9055
7967
6604
4960
3467
1849
-51
-1097
-1830
-3157
-4418
-4782
-4863
-5420
-6197
-6690
-6419
-6407
-7170
-7298
-6715
-6479
-6547
-6289
-5791
-4992
-4195
-3841
-3126
-1655
75
1346
2455
4003
6042
7870
8743
9431
10450
11260
10906
10000
9260
7926
6227
4641
3050
1017
-746
-1616
-2507
-3823
-4870
-4877
-4724
-5501
-6316
-6128
-5910
-6473
-6945
-6831
-6514
-6328
-6401
-6188
-5369
-4515
-3968
-3345
-2512
-1149
563
1735
2831
4311
6228
7756
8588
9253
9901
10506
10021
9186
8530
7360
5908
4452
3084
1364
-26
-856
-1910
-3162
-4073
-4172
-4467
-5284
-5832
-5843
-5802
-6406
-6866
-6726
-6389
-6334
-6367
-6023
-5416
-4635
-4041
-3423
-2599
-1243
434
1731
3042
4614
6551
8112
8999
9714
10445
11003
10398
9321
8499
7351
5713
3981
2458
644
-800
-1630
-2778
-4028
-4720
-4854
-5296
-5953
-6262
-6181
-6234
-6693
-6853
-6859
-6799
-6711
-6723
-6497
-5895
-5069
-4329
-3437
-2358
-816
1058
2466
3654
5234
7212
8467
9038
9691
10378
10648
9976
9148
8243
6840
5259
3990
2571
595
-781
-1661
-2747
-3939
-4836
-5098
-5432
-6209
-6808
-6649
-6546
-7119
-7337
-7096
-6776
-6554
-6364
-6013
-5346
-4523
-3801
-2966
-1978
-396
1267
2562
4028
5668
7513
8856
9532
10078
10650
10882
10255
9395
8291
6956
5645
4321
2732
791
-499
-1247
-2473
-4007
-4701
-4699
-5185
-6010
-6389
-6187
-6034
-6521
-6996
-6829
-6543
-6535
-6568
-6370
-5671
-4808
-4174
-3440
-2346
-802
844
2343
3576
5039
6961
8312
9052
9466
9877
10183
9816
9020
7705
6483
5502
4272
2409
393
-561
-1196
-2538
-4297
-5061
-4927
-5470
-6662
-7170
-6698
-6694
-7332
-7571
-7058
-6497
-6317
-6058
-5627
-4785
-3690
-2877
-2172
-1121
543
2192
3527
4653
5810
7560
8951
9456
9459
9702
10126
9703
8616
7356
6446
5446
3976
2251
579
-223
-936
-2355
-3903
-4480
-4464
-5206
-6276
-6718
-6439
-6504
-7198
-7494
-7128
-6527
-6346
-6383
-5890
-4887
-3860
-3157
-2406
-1253
477
2232
3437
4436
5513
7078
8334
8624
8477
8715
9224
8743
7532
6323
5572
4819
3429
1784
256
-676
-1404
-2636
-4223
-4999
-4994
-5668
-6725
-7239
-7085
-7087
-7561
-7823
-7573
-6971
-6655
-6508
-6065
-5124
-3908
-3029
-2152
-1052
429
2166
3439
4485
5627
7286
8710
9135
9275
9703
10389
9921
8723
7820
7016
6027
4451
2848
1477
385
-714
-2057
-3292
-4331
-4755
-5352
-6445
-7115
-7265
-7166
-7409
-7691
-7624
-6976
-6250
-6162
-5708
-4607
-3341
-2496
-1839
-756
766
2463
3465
4338
5564
7036
8237
8500
8499
8730
9209
8798
7631
6882
6186
5324
4012
2671
1323
-52
-940
-1944
-3183
-4515
-5006
-5256
-6259
-7087
-7357
-6950
-7020
-7606
-7594
-6745
-5834
-5936
-5683
-4646
-3386
-2421
-1894
-670
780
2123
3183
4214
5420
6307
7473
8023
8237
8441
8620
8768
7951
7173
6546
5817
4599
3198
2032
540
-585
-1607
-3028
-4378
-5153
-5396
-6227
-7154
-7559
-7417
-7208
-7719
-7797
-7346
-6621
-6360
-6109
-5017
-4026
-3164
-2428
-1271
5
1104
2274
3294
4580
5545
6529
7523
7927
8160
8336
8678
8159
7391
7002
6284
5270
3983
3047
1819
533
-493
-1645
-2958
-4220
-4720
-5283
-6254
-7077
-7212
-6907
-7122
-7427
-7103
-6256
-5711
-5467
-4718
-3662
-2615
-1865
-1108
77
1242
2277
3334
4459
5297
5902
6857
7497
7682
7744
7880
7777
7315
6919
6101
4961
3830
2963
1788
101
-1110
-1945
-3019
-4559
-5601
-5754
-6403
-7586
-8143
-7670
-7460
-7934
-8019
-7361
-6197
-5622
-5413
-4352
-2763
-1704
-1018
148
1327
2143
3104
4080
4997
5571
6133
7080
7809
8014
7859
8057
8162
7696
6839
5786
5053
4152
3074
1654
142
-688
-1400
-2924
-4581
-4855
-5090
-6323
-7231
-7267
-6957
-7090
-7498
-7339
-6356
-5535
-5359
-4686
-3239
-1916
-1209
-416
911
2021
2705
3643
4653
5276
5566
6189
7049
7333
7120
7134
7654
7348
6473
5871
5137
4242
3218
1998
432
-728
-1401
-2567
-4128
-5184
-5390
-5725
-6670
-7481
-7435
-6989
-7397
-7927
-7206
-6157
-5845
-5486
-4350
-3069
-2092
-1296
-382
940
1877
2292
3205
4410
4754
4681
5644
6661
6605
6297
6737
7234
6696
6029
5523
4673
3764
2910
1573
-133
-1067
-1561
-2784
-4365
-5192
-5237
-5684
-6884
-7417
-6895
-6821
-7375
-7343
-6491
-5649
-5265
-4659
-3281
-1992
-1303
-506
836
1784
2100
2874
4100
4847
4822
5151
6434
7254
6961
6836
7601
7921
7164
6545
5979
5060
4065
3001
1490
-47
-809
-1472
-2709
-4108
-4675
-4776
-5682
-6778
-6852
-6414
-6527
-6914
-6566
-5611
-4838
-4397
-3768
-2599
-1563
-982
-303
721
1500
1721
2422
3510
3961
3811
4366
5546
6080
6195
6374
6808
6987
6630
6064
5425
4771
3840
2664
1232
-34
-685
-1677
-3404
-4703
-4776
-5022
-6362
-7311
-6870
-6313
-6812
-7058
-6353
-5461
-4939
-4645
-3746
-2413
-1632
-1253
-326
855
1306
1532
2418
3398
3687
3601
4357
5487
5737
5674
6040
6618
6549
6035
5417
4802
4286
3314
2014
810
43
-734
-2017
-3234
-3963
-4363
-5067
-6005
-6422
-6247
-6060
-6337
-6194
-5347
-4635
-4203
-3513
-2471
-1752
-1053
-370
87
807
1129
1168
1842
2682
2728
2661
3662
4480
4658
4840
5231
5812
5861
5444
4997
4653
3982
2994
2148
961
-101
-768
-1708
-2977
-3947
-4249
-4877
-5761
-6095
-6021
-5856
-5990
-6029
-5522
-4562
-4050
-3890
-2983
-1935
-1374
-892
-240
349
748
1370
2098
2858
3453
3669
4513
5677
6135
6036
6482
7301
7333
6831
6226
5668
5040
4201
2991
1449
531
53
-1200
-2854
-3653
-3930
-4737
-5767
-6210
-5885
-5582
-5824
-5767
-4868
-3962
-3682
-3284
-2427
-1677
-1275
-1105
-795
-303
-98
-1
595
1376
1709
2006
3047
4094
4545
4763
5293
6111
6252
5718
5193
5029
4540
3486
2461
1407
454
-382
-1561
-2976
-3761
-3915
-4676
-5640
-5814
-5557
-5510
-5630
-5440
-4866
-3949
-3436
-3260
-2576
-1633
-1137
-1066
-582
119
259
367
1072
1920
2194
2318
3345
4693
5288
5284
5882
6951
7060
6488
5955
5601
5066
4045
2731
1373
510
-429
-1912
-3266
-4119
-4581
-5323
-6117
-6382
-6102
-5880
-6201
-6125
-5356
-4599
-4308
-4013
-3210
-2371
-1890
-1759
-1264
-628
-493
-181
614
1421
1700
1988
3233
4514
4869
5003
5875
6850
6911
6574
6328
6164
5591
4543
3459
2330
1265
233
-960
-2333
-3181
-3467
-4182
-5102
-5475
-5168
-4997
-5381
-5524
-5005
-4087
-3716
-3743
-3230
-2377
-1948
-2037
-1650
-967
-887
-766
13
1004
1526
1912
3228
4882
5685
6104
7116
8204
8359
8044
7703
7344
6624
5321
3925
2656
1490
157
-1322
-2744
-3571
-3959
-4875
-5961
-6310
-6072
-6184
-6747
-6818
-6130
-5496
-5552
-5458
-4487
-3543
-3279
-3124
-2372
-1569
-1505
-1465
-464
753
1211
1543
2878
4691
5567
5886
7020
8378
8493
8003
7940
7856
7140
5951
4833
3781
2485
1050
-234
-1358
-2425
-3293
-3967
-4811
-5500
-5575
-5632
-5974
-5924
-5352
-4878
-4747
-4610
-3911
-3090
-2947
-2845
-2280
-1914
-1955
-1746
-941
72
876
1513
2757
4471
5437
6038
7087
8115
8374
8107
7779
7160
6270
5114
3960
2688
1171
-74
-1134
-2389
-3666
-4394
-4819
-5588
-6332
-6560
-6523
-6643
-6791
-6575
-6167
-5794
-5542
-5145
-4587
-4211
-3894
-3291
-2635
-2375
-2102
-1287
-245
636
1366
2426
4058
5377
6197
7159
8354
9164
9230
9201
9086
8468
7421
6280
5066
3567
2155
783
-725
-1987
-2925
-3751
-4618
-5284
-5679
-5932
-6122
-6337
-6198
-5952
-5762
-5490
-5137
-4721
-4363
-3816
-3267
-2842
-2389
-1783
-939
33
1020
1971
3070
4455
5644
6522
7407
8316
9005
9146
8935
8558
7991
6990
5819
4927
3617
1891
616
-407
-1805
-3149
-4012
-4750
-5353
-6015
-6608
-6480
-6224
-6468
-6667
-6288
-5824
-5575
-5277
-4981
-4408
-3667
-3242
-2881
-2174
-1335
-641
299
1416
2325
3428
4970
6343
7248
8188
9197
9671
9631
9481
8956
8047
7025
5748
4131
2284
708
-526
-1909
-3490
-4791
-5290
-5757
-6762
-7415
-7366
-7143
-7441
-7799
-7550
-6926
-6488
-6459
-6071
-5107
-4190
-3754
-3282
-2130
-994
-348
422
1609
2947
3866
4770
6153
7333
8019
8651
9400
9542
9291
9061
8297
7228
6195
4887
3074
1464
424
-1033
-2884
-4344
-5137
-5783
-6844
-7768
-7936
-7628
-7760
-8331
-8254
-7519
-7051
-7098
-6720
-5562
-4584
-4041
-3546
-2590
-1249
-288
297
1364
2989
4183
4966
6472
8063
8879
9529
10333
10878
10788
10558
10058
9128
8027
6706
5036
3025
1382
45
-1668
-3519
-4920
-5552
-6249
-7438
-8064
-7972
-7934
-8226
-8290
-7836
-7178
-6667
-6407
-5750
-4738
-4012
-3259
-2297
-1259
-188
598
1492
2808
4029
4747
5720
7357
8531
9130
9651
10373
10886
10515
9882
9171
8192
6857
5245
3290
1257
-153
-1719
-3680
-5360
-6419
-7093
-8170
-9324
-9786
-9647
-9639
-9821
-9467
-8606
-7645
-7052
-6446
-5226
-3967
-2962
-2104
-1158
-5
984
1517
2235
3684
4863
5357
6137
7585
8593
8778
9181
9989
10357
9947
9237
8387
7461
6358
4730
2804
1066
-508
-2034
-3681
-5462
-6593
-7074
-7947
-9091
-9361
-8986
-8937
-9013
-8670
-7929
-7104
-6495
-5825
-4775
-3534
-2536
-1940
-1199
-156
667
1094
1903
3292
4318
4712
5395
6921
8100
8396
8780
9695
10212
9779
9002
8171
7259
6020
4245
2230
564
-851
-2570
-4535
-6254
-7219
-7825
-8889
-9708
-9533
-8997
-8902
-8860
-8102
-7097
-6209
-5369
-4361
-3141
-1980
-1084
-507
319
1394
2023
2218
3021
4415
5139
5339
6075
7422
8436
8655
8834
9609
10086
9457
8606
7997
7013
5599
3948
1930
88
-1320
-2908
-4853
-6435
-7111
-7633
-8575
-9250
-9149
-8653
-8424
-8092
-7200
-6270
-5355
-4448
-3492
-2386
-1299
-502
179
1138
1942
2429
2773
3340
4232
4777
4981
5518
6569
7277
7372
7546
8012
8298
7750
7000
6554
5657
4148
2554
987
-844
-2556
-3946
-5351
-6685
-7687
-8123
-8432
-8925
-9073
-8497
-7745
-7192
-6628
-5891
-4705
-3613
-3036
-2363
-1098
-28
438
1081
1977
2686
2923
3160
4221
5160
5341
5583
6650
7885
7953
7611
7967
8544
8019
6878
6201
5158
3493
1741
106
-1732
-3791
-5319
-6569
-7970
-9159
-9547
-9597
-9855
-9761
-9079
-7979
-7085
-6475
-5464
-4094
-3034
-2429
-1600
-466
547
1231
1596
2222
3066
3363
3399
4147
5172
5514
5661
6328
7287
7753
7623
7561
7856
7824
6820
5628
4732
3585
1923
203
-1384
-2886
-4103
-5373
-6752
-7633
-7892
-8044
-8275
-8146
-7440
-6467
-5687
-5143
-4398
-3251
-2119
-1477
-967
-60
955
1640
1861
2169
2817
3285
3323
3450
4216
4811
4765
4864
5767
6601
6492
6266
6602
6897
6211
5013
4236
3537
2164
428
-878
-2129
-3633
-4730
-5559
-6487
-7045
-6988
-6853
-6892
-6870
-6385
-5379
-4727
-4572
-4006
-2824
-1912
-1534
-1094
-290
562
957
1391
2243
2784
2933
3217
3821
4330
4413
4404
4789
5653
5945
5546
5571
5867
5528
4485
3776
3276
2096
734
-153
-1024
-2443
-3744
-4245
-4617
-5531
-6312
-6119
-5706
-5810
-5809
-5130
-4283
-4063
-4006
-3298
-2238
-1817
-1852
-1245
-145
475
512
837
1707
2343
2415
2381
2781
3289
3338
3294
3531
4086
4278
3904
3928
4305
4138
3340
2929
2704
1868
866
121
-677
-1790
-2636
-3210
-3935
-4745
-5266
-5266
-5232
-5386
-5446
-4967
-4365
-4292
-4043
-3304
-2517
-2091
-1555
-709
102
906
1405
1935
2729
3164
2966
2775
3089
3265
2969
2662
2641
3144
3419
3144
3148
3569
3847
3544
3435
3460
2826
2000
1593
1050
-174
-1203
-1580
-1916
-2652
-3633
-3800
-3468
-3902
-4619
-4465
-3657
-3370
-3356
-3039
-2248
-1324
-1084
-876
-40
960
1404
1674
2201
2465
2455
2123
1787
1879
1932
1657
1365
1629
2090
2289
2454
2748
3389
3817
3858
3716
3439
3061
2491
1753
669
-395
-1117
-1836
-2912
-4115
-4662
-4848
-5407
-5983
-6066
-5620
-5233
-4901
-4430
-3704
-2688
-1928
-1226
-392
593
1373
1600
1862
2290
2335
1909
1577
1798
1980
1801
1591
1838
2729
3190
3176
3570
4473
4995
4770
4654
4577
4043
3156
2378
1489
7
-1357
-2225
-3172
-4540
-5607
-5820
-6065
-6580
-6809
-6244
-5418
-5130
-4760
-3781
-2314
-1321
-883
-295
475
1187
1288
990
917
1079
1007
359
73
658
1139
1070
1006
2023
3127
3432
3680
4461
5558
5764
5500
5372
5261
4750
3623
2608
1514
229
-1069
-2416
-3604
-4790
-5393
-5492
-5863
-6267
-6048
-5042
-4306
-3818
-3086
-1990
-790
-287
-39
422
1105
1227
740
735
1009
748
-75
-357
260
771
692
686
1526
2876
3462
3467
4123
5343
5700
5287
5324
5311
4727
3806
2987
1999
537
-908
-1977
-2882
-4411
-5748
-5857
-5927
-6623
-6971
-6121
-5019
-4548
-4129
-3180
-1724
-972
-934
-365
774
1424
1236
1235
1686
1976
1595
1045
1153
1781
2170
2057
2274
2947
3622
3884
3831
4168
5012
5496
5174
4816
4565
4009
3112
2012
762
-532
-1548
-2533
-3924
-5294
-5906
-5874
-6142
-6551
-6228
-5219
-4359
-4047
-3529
-2445
-1363
-1022
-1020
-335
583
785
388
556
1166
1067
514
388
865
1310
1236
1061
1493
2249
2603
2670
3160
3901
4320
4345
4436
4566
4019
3073
2431
1745
278
-1518
-2525
-3106
-4424
-5893
-6068
-5543
-5891
-6279
-5466
-4243
-3523
-3157
-2339
-1159
-475
-428
-241
560
915
569
339
634
974
625
267
326
469
535
493
684
1143
1690
2455
3265
3994
4584
5369
6009
6024
5922
5475
4750
3789
2623
1144
-726
-2151
-3308
-4410
-5342
-5849
-5804
-5653
-5275
-4623
-3804
-3062
-2315
-1414
-668
-187
74
466
925
1140
1029
901
1035
1082
961
723
644
610
418
605
993
1159
1168
1850
2933
3260
3465
4138
5033
5193
4796
4631
4283
3435
2105
751
-688
-2084
-3072
-3925
-4879
-5734
-5797
-5362
-5260
-5261
-4602
-3429
-2601
-2282
-1952
-1161
-407
-462
-674
-298
165
49
-220
15
388
433
157
217
577
695
895
1427
2086
2391
2909
3693
4091
4412
4802
5160
5129
4766
4123
3290
2513
1514
151
-1447
-2564
-3125
-4047
-5190
-5677
-5199
-4831
-5044
-4923
-4101
-3160
-2865
-2713
-2085
-1462
-1401
-1566
-1288
-891
-763
-759
-553
-165
198
543
717
869
966
1257
1841
2085
2104
2488
3605
4287
4262
4640
5363
5762
5331
4929
4714
3941
2763
1611
543
-909
-2198
-2978
-3867
-4683
-4980
-4749
-4657
-4847
-4647
-3945
-3331
-3423
-3486
-2960
-2358
-2260
-2518
-2342
-1638
-999
-878
-636
180
966
1281
1367
1731
2112
2242
2377
2627
2917
3087
3529
4090
4416
4646
4952
5327
5243
4936
4600
3960
3034
2058
975
-508
-1689
-2308
-3173
-4247
-4803
-4567
-4507
-4821
-4754
-4138
-3534
-3403
-3070
-2435
-1956
-1679
-1403
-837
-248
87
282
675
1338
1709
1673
1645
1927
2098
1631
1417
1783
1990
1882
1898
2520
3001
3055
3073
3330
3520
3049
2602
2247
1576
706
-211
-1145
-2064
-2652
-3326
-4161
-4639
-4715
-4691
-4929
-4974
-4370
-3703
-3439
-3158
-2468
-1719
-1254
-862
-266
529
1203
1539
1728
2046
2380
2292
2006
2045
2062
1656
1176
1069
1098
858
517
624
1065
1157
1078
1452
1979
2028
1952
2104
2086
1680
1098
571
-122
-945
-1556
-2156
-2861
-3458
-3685
-3861
-4117
-3986
-3461
-2789
-2361
-1892
-1092
-356
296
756
1151
1613
2101
2421
2378
2436
2502
2353
2033
1660
1410
991
528
253
-16
-311
-541
-415
-225
-153
171
693
1272
1587
1934
2254
2223
2081
1820
1474
686
-214
-736
-1341
-2212
-3027
-3252
-3249
-3408
-3289
-2843
-2252
-1714
-1167
-597
-48
664
1189
1377
1459
1582
1606
1290
900
638
397
-12
-531
-944
-1313
-1710
-1884
-1900
-1901
-1807
-1394
-577
16
628
1572
2665
3470
3846
4323
4659
4618
4189
3642
2954
1897
1037
241
-750
-1658
-2172
-2270
-2443
-2537
-2332
-1810
-1292
-932
-445
12
331
365
223
86
-90
-327
-794
-1173
-1361
-1577
-2004
-2540
-2814
-2881
-3004
-3139
-2847
-2359
-2002
-1702
-992
125
1088
1877
2765
3802
4460
4757
4935
4841
4576
4050
3131
2005
984
223
-626
-1585
-2298
-2478
-2331
-2445
-2515
-2111
-1554
-1201
-1116
-920
-589
-423
-576
-852
-899
-971
-1235
-1573
-1690
-1535
-1608
-1900
-2085
-1929
-1643
-1679
-1606
-1105
-446
33
468
1420
2432
3192
3902
4695
5484
5754
5823
5805
5517
4906
3982
3090
2027
930
-90
-1106
-2067
-2806
-2990
-3206
-3528
-3659
-3487
-3137
-3009
-2851
-2689
-2538
-2429
-2471
-2452
-2552
-2597
-2481
-2367
-2195
-2019
-1653
-1219
-891
-548
-170
296
743
1300
1735
2092
2547
3163
3792
4147
4620
5166
5635
5727
5612
5472
5048
4373
3538
2626
1531
303
-631
-1455
-2389
-3253
-3724
-3782
-3944
-4100
-4038
-3645
-3286
-3160
-2920
-2577
-2188
-1983
-1890
-1766
-1587
-1356
-1097
-763
-464
-92
341
757
1073
1241
1398
1418
1385
1415
1389
1451
1491
1778
2145
2300
2527
2911
3393
3398
3218
3094
2752
2144
1319
535
-429
-1468
-2342
-3124
-3734
-4297
-4573
-4568
-4467
-4213
-3964
-3545
-3013
-2471
-2031
-1731
-1425
-1150
-1034
-985
-675
-376
-314
-59
532
1033
1171
1304
1672
1928
1833
1545
1538
1589
1494
1471
1481
1664
1842
2114
2555
3078
3503
3706
3927
3901
3533
2987
2285
1416
340
-594
-1418
-2299
-3088
-3573
-3563
-3416
-3363
-3160
-2589
-1890
-1393
-1028
-708
-354
-137
-179
-289
-312
-274
-325
-366
-239
-62
106
94
39
129
69
-165
-431
-550
-486
-469
-524
-478
-73
450
826
1324
1944
2595
3058
3341
3450
3227
2922
2517
1959
1076
83
-542
-1071
-1656
-2143
-2195
-2093
-2054
-1817
-1444
-954
-727
-690
-506
-379
-457
-825
-1182
-1395
-1560
-1700
-1886
-1791
-1552
-1414
-1278
-949
-488
-309
-245
-139
-49
76
154
341
535
691
1079
1604
2167
2569
3057
3684
4138
4312
4160
3982
3709
3191
2326
1299
649
121
-639
-1378
-1664
-1556
-1637
-1764
-1663
-1426
-1392
-1626
-1767
-1945
-2300
-2809
-3243
-3454
-3657
-3878
-3897
-3561
-3066
-2653
-2197
-1515
-733
-235
64
519
917
926
911
1149
1298
1259
1293
1668
2090
2316
2674
3240
3703
3948
4213
4309
4114
3825
3491
2997
2256
1625
1132
569
-21
-391
-613
-987
-1370
-1588
-1756
-2116
-2593
-2960
-3251
-3564
-3911
-4228
-4397
-4359
-4069
-3667
-3272
-2666
-1798
-979
-339
307
911
1283
1438
1448
1335
1214
1122
970
768
687
946
1254
1450
1813
2429
2977
3275
3604
3855
3881
3801
3649
3277
2549
1882
1412
800
-118
-977
-1403
-1779
-2458
-3129
-3412
-3507
-3797
-4231
-4452
-4286
-4081
-4028
-3811
-3262
-2472
-1755
-1065
-248
650
1448
2061
2605
2943
3101
3127
3022
2640
2041
1672
1486
1132
709
662
1037
1227
1272
1710
2468
2992
3133
3369
3597
3488
3128
2665
2013
1140
316
-534
-1567
-2651
-3434
-3926
-4495
-5096
-5442
-5424
-5300
-5278
-5172
-4810
-4230
-3807
-3487
-2912
-2071
-1279
-799
-190
719
1536
2039
2476
3003
3294
3306
3245
3190
2960
2442
2055
1839
1490
1080
980
1240
1319
1393
1814
2392
2753
2830
3059
3267
3090
2604
2028
1371
490
-380
-1236
-2163
-3006
-3613
-4014
-4398
-4617
-4556
-4388
-4223
-4039
-3788
-3488
-3077
-2623
-2243
-1819
-1255
-555
165
874
1665
2515
3240
3723
4047
4228
4165
3820
3266
2553
1695
909
294
-364
-1027
-1339
-1139
-802
-532
-66
716
1461
1950
2413
2734
2704
2384
1988
1439
476
-538
-1270
-1989
-2815
-3472
-3734
-3846
-3963
-3936
-3661
-3298
-3051
-2720
-2188
-1608
-1120
-639
-26
639
1341
2068
2745
3370
3899
4234
4356
4326
4118
3654
2924
2068
1177
239
-763
-1620
-2181
-2570
-2815
-2723
-2151
-1517
-928
-203
646
1401
1858
2223
2448
2467
2234
1791
1213
471
-245
-930
-1574
-2194
-2647
-2788
-2853
-2848
-2717
-2366
-1880
-1524
-1229
-807
-251
94
280
537
784
989
1047
1031
1030
993
815
590
431
198
-188
-675
-1097
-1427
-1814
-2262
-2497
-2336
-2163
-2105
-1748
-984
-277
293
1062
1981
2731
3156
3516
3826
3829
3558
3173
2657
1968
1403
923
259
-351
-620
-651
-784
-938
-804
-467
-279
-406
-479
-433
-589
-934
-1286
-1478
-1668
-1910
-2030
-1959
-1813
-1684
-1419
-992
-583
-355
-212
-5
147
126
12
-123
-151
-153
-186
-119
206
736
1144
1543
2174
2900
3401
3620
3858
4116
4090
3701
3177
2623
1922
1229
620
-20
-654
-1154
-1509
-1863
-2232
-2539
-2755
-2985
-3339
-3677
-3928
-4155
-4387
-4519
-4465
-4240
-3869
-3353
-2667
-1858
-1010
-168
720
1558
2196
2630
2894
3064
3014
2702
2273
1898
1614
1293
1030
924
1049
1259
1405
1710
2155
2514
2626
2671
2726
2654
2427
2023
1592
1073
501
-35
-649
-1306
-1890
-2322
-2762
-3238
-3576
-3784
-3897
-4015
-4020
-3812
-3431
-2977
-2568
-1967
-1177
-350
429
1168
1998
2805
3436
3806
4072
4219
4039
3576
2938
2324
1670
867
47
-563
-903
-1255
-1582
-1572
-1223
-804
-402
193
917
1552
1958
2214
2398
2373
2114
1659
1058
366
-373
-1148
-2031
-2890
-3568
-4071
-4480
-4788
-4856
-4738
-4456
-4064
-3638
-3101
-2428
-1646
-899
-153
649
1422
2055
2516
2868
3112
3198
3063
2787
2459
1951
1278
620
12
-556
-1054
-1459
-1627
-1505
-1245
-885
-354
288
909
1589
2282
2849
3247
3535
3719
3656
3302
2827
2346
1768
1029
282
-389
-1039
-1671
-2235
-2640
-2878
-3013
-3070
-2945
-2593
-2170
-1813
-1425
-892
-358
121
565
967
1267
1390
1466
1488
1361
1080
736
405
37
-382
-764
-1050
-1258
-1411
-1484
-1418
-1150
-763
-379
25
558
1130
1539
1919
2382
2802
3040
3182
3299
3212
2862
2374
1831
1151
301
-559
-1332
-2037
-2731
-3236
-3516
-3709
-3820
-3769
-3510
-3143
-2784
-2439
-2025
-1534
-1071
-617
-209
139
473
720
864
963
1037
1041
990
908
877
860
715
451
204
81
-47
-212
-236
-138
22
164
413
772
1057
1357
1772
2184
2395
2494
2532
2419
2171
1825
1396
849
220
-415
-1035
-1627
-2193
-2647
-2893
-3004
-3050
-3045
-2921
-2682
-2461
-2235
-1935
-1526
-1087
-689
-231
312
844
1280
1625
1954
2171
2254
2237
2103
1872
1535
1128
714
322
-48
-390
-646
-734
-738
-716
-604
-316
34
305
617
983
1270
1454
1683
1924
1958
1854
1805
1729
1440
1016
668
337
-126
-643
-1052
-1357
-1717
-2044
-2199
-2158
-2046
-1930
-1726
-1388
-970
-635
-341
61
470
788
993
1168
1280
1184
960
730
477
109
-302
-672
-1031
-1331
-1541
-1700
-1779
-1729
-1566
-1350
-1087
-702
-227
217
614
1032
1465
1816
2089
2325
2419
2346
2190
1905
1502
1055
644
196
-360
-919
-1342
-1618
-1857
-1999
-1994
-1891
-1682
-1382
-1030
-656
-221
210
543
800
998
1127
1111
978
804
585
280
-31
-301
-550
-800
-986
-1108
-1200
-1269
-1337
-1391
-1338
-1149
-933
-726
-449
-2
463
870
1369
1919
2360
2649
2918
3147
3187
3069
2855
2478
1912
1253
551
-153
-882
-1503
-1954
-2324
-2603
-2759
-2751
-2633
-2444
-2220
-1998
-1717
-1441
-1228
-1044
-834
-636
-530
-450
-414
-379
-375
-400
-391
-392
-417
-468
-481
-481
-433
-318
-166
32
269
552
864
1256
1730
2193
2611
3073
3533
3836
3978
4078
4074
3767
3280
2801
2169
1315
429
-305
-988
-1749
-2368
-2694
-2847
-3003
-3035
-2814
-2469
-2155
-1871
-1460
-1016
-701
-447
-159
109
244
235
257
291
220
112
67
63
23
-55
-110
-130
-126
-104
-76
-71
-76
23
205
340
494
755
1042
1296
1575
1902
2167
2278
2282
2169
1882
1438
988
469
-212
-927
-1538
-2088
-2663
-3170
-3445
-3499
-3502
-3489
-3316
-2960
-2601
-2260
-1849
-1367
-943
-617
-321
-27
187
317
407
499
585
600
626
685
740
778
809
873
915
905
887
813
747
775
854
938
1109
1374
1645
1885
2121
2344
2458
2488
2512
2420
2123
1722
1329
854
253
-261
-623
-1014
-1481
-1856
-2029
-2132
-2239
-2233
-2084
-1914
-1829
-1710
-1540
-1379
-1232
-1125
-1019
-892
-737
-561
-385
-200
-20
87
154
249
366
450
479
463
423
381
320
237
174
168
218
332
498
751
1062
1353
1648
1951
2187
2335
2414
2415
2334
2161
1944
1667
1252
776
387
-33
-546
-1074
-1509
-1837
-2139
-2428
-2620
-2690
-2710
-2708
-2665
-2492
-2215
-1912
-1656
-1387
-1027
-626
-295
3
347
648
885
1032
1125
1204
1235
1220
1206
1184
1104
981
891
841
795
738
726
828
958
1070
1219
1442
1627
1736
1811
1859
1834
1680
1488
1267
914
426
-74
-505
-958
-1481
-1990
-2416
-2738
-3067
-3358
-3494
-3531
-3495
-3424
-3225
-2918
-2582
-2224
-1835
-1384
-928
-530
-167
225
579
822
981
1086
1141
1141
1109
1089
1068
990
896
831
832
889
914
980
1173
1383
1530
1681
1901
2096
2176
2175
2112
1986
1744
1438
1168
852
454
25
-408
-867
-1329
-1688
-1932
-2097
-2237
-2343
-2321
-2212
-2040
-1842
-1570
-1241
-955
-701
-444
-154
82
258
451
616
740
801
808
781
711
606
446
332
237
101
-52
-145
-96
-24
11
124
388
755
1073
1406
1818
2169
2378
2517
2660
2686
2516
2282
2014
1631
1115
591
110
-406
-956
-1450
-1826
-2135
-2412
-2639
-2774
-2777
-2743
-2683
-2525
-2264
-1967
-1684
-1359
-984
-634
-328
-78
164
402
566
674
737
732
675
587
479
359
205
73
2
0
42
91
201
425
725
1010
1304
1639
1938
2108
2225
2293
2195
1959
1634
1282
829
282
-260
-795
-1339
-1893
-2385
-2759
-3054
-3291
-3430
-3436
-3340
-3187
-2933
-2615
-2236
-1822
-1379
-874
-395
51
457
770
993
1163
1281
1348
1367
1347
1303
1241
1181
1147
1156
1178
1257
1380
1523
1669
1837
2071
2287
2418
2492
2602
2680
2643
2489
2269
1961
1511
1005
471
-80
-660
-1269
-1841
-2355
-2811
-3201
-3467
-3612
-3692
-3681
-3542
-3290
-2978
-2634
-2236
-1808
-1371
-915
-466
-26
400
737
999
1209
1364
1447
1485
1499
1427
1310
1175
1026
867
702
574
462
417
439
457
487
582
741
898
1065
1260
1468
1601
1670
1679
1588
1431
1240
994
675
336
-6
-358
-727
-1098
-1445
-1732
-1926
-2054
-2111
-2048
-1843
-1631
-1441
-1176
-851
-520
-217
68
326
535
671
736
735
668
538
391
266
124
-14
-156
-309
-456
-598
-712
-767
-726
-591
-413
-205
39
308
582
876
1189
1476
1719
1907
2054
2092
1989
1798
1499
1096
624
145
-329
-832
-1359
-1855
-2247
-2560
-2821
-2967
-2958
-2851
-2707
-2489
-2204
-1883
-1518
-1151
-766
-373
-28
278
522
694
786
794
775
739
728
701
650
603
523
482
462
477
580
760
967
1173
1444
1739
2019
2302
2630
2952
3186
3324
3362
3268
3012
2644
2209
1682
1033
346
-360
-1089
-1806
-2467
-3016
-3442
-3735
-3916
-3989
-3942
-3802
-3590
-3322
-2981
-2588
-2208
-1813
-1414
-1004
-630
-298
24
283
502
688
856
990
1089
1152
1171
1205
1239
1227
1217
1255
1287
1304
1366
1522
1707
1867
2010
2165
2313
2371
2382
2333
2181
1936
1612
1219
725
159
-438
-1049
-1619
-2144
-2604
-2964
-3213
-3374
-3467
-3426
-3277
-3055
-2731
-2339
-1883
-1406
-959
-531
-102
313
666
974
1216
1399
1532
1603
1630
1609
1547
1440
1313
1217
1127
1059
1016
1022
1076
1107
1176
1327
1510
1647
1741
1824
1897
1875
1761
1620
1430
1140
743
303
-200
-739
-1280
-1820
-2325
-2784
-3155
-3442
-3630
-3741
-3748
-3611
-3398
-3100
-2702
-2246
-1745
-1238
-761
-329
77
437
726
956
1122
1213
1215
1171
1091
968
810
679
585
500
452
441
458
515
619
768
936
1125
1349
1563
1740
1880
1972
1996
1957
1880
1740
1530
1258
927
547
130
-291
-699
-1105
-1491
-1833
-2135
-2379
-2569
-2678
-2685
-2601
-2454
-2269
-2012
-1707
-1382
-1038
-692
-331
-10
259
499
708
853
909
952
980
980
994
1030
1076
1112
1160
1215
1278
1397
1552
1698
1806
1917
2024
2062
2044
1990
1886
1703
1455
1151
814
478
123
-277
-720
-1138
-1514
-1877
-2206
-2511
-2734
-2857
-2904
-2869
-2790
-2660
-2470
-2229
-1938
-1617
-1275
-909
-540
-191
146
446
694
876
1002
1076
1097
1106
1090
1033
977
945
938
919
888
900
965
1039
1113
1228
1328
1422
1484
1524
1536
1511
1455
1376
1286
1136
933
668
390
102
-218
-537
-856
-1165
-1448
-1728
-1954
-2118
-2260
-2354
-2370
-2306
-2206
-2085
-1938
-1742
-1525
-1303
-1041
-756
-480
-264
-90
57
164
238
297
349
397
449
474
521
584
617
651
685
750
866
988
1091
1205
1321
1407
1479
1539
1598
1622
1588
1527
1435
1288
1076
849
625
382
114
-179
-442
-709
-1032
-1347
-1604
-1804
-1979
-2106
-2125
-2093
-2065
-2004
-1893
-1736
-1570
-1403
-1211
-1000
-822
-628
-414
-216
-30
134
306
474
606
701
806
951
1089
1206
1354
1516
1626
1702
1777
1839
1893
1946
1999
2038
2053
2004
1916
1786
1602
1372
1115
845
537
210
-167
-529
-866
-1231
-1558
-1828
-2046
-2225
-2363
-2443
-2442
-2394
-2315
-2175
-1977
-1755
-1510
-1235
-955
-664
-405
-188
21
196
342
468
582
683
786
871
937
982
1009
1035
1090
1157
1212
1292
1358
1406
1460
1494
1466
1432
1424
1399
1347
1252
1104
902
679
445
179
-148
-506
-825
-1139
-1444
-1736
-1991
-2201
-2346
-2448
-2509
-2493
-2428
-2302
-2182
-2016
-1786
-1523
-1233
-932
-604
-305
-44
199
416
599
771
926
1057
1135
1171
1182
1202
1205
1202
1219
1247
1284
1285
1295
1342
1375
1388
1403
1397
1369
1310
1212
1068
912
726
516
301
57
-218
-542
-864
-1166
-1457
-1714
-1925
-2090
-2190
-2230
-2212
-2131
-2037
-1911
-1692
-1421
-1153
-902
-643
-371
-116
110
300
442
562
657
715
758
747
670
584
525
460
379
316
275
278
333
429
566
714
857
1048
1278
1462
1601
1695
1759
1800
1802
1733
1623
1485
1297
1053
768
456
124
-194
-502
-817
-1110
-1350
-1540
-1677
-1771
-1794
-1777
-1718
-1581
-1403
-1177
-943
-717
-495
-313
-154
-1
119
204
256
251
230
190
112
44
-17
-59
-64
-39
13
92
202
340
496
656
828
999
1158
1309
1452
1551
1588
1606
1596
1517
1355
1156
932
661
352
9
-337
-678
-1015
-1357
-1657
-1905
-2103
-2245
-2333
-2360
-2333
-2257
-2147
-2017
-1869
-1711
-1556
-1369
-1181
-999
-840
-712
-593
-504
-410
-314
-226
-130
-8
143
310
489
667
826
995
1199
1440
1688
1909
2125
2306
2451
2560
2608
2607
2533
2430
2265
2014
1711
1342
934
530
140
-269
-641
-971
-1277
-1545
-1789
-1990
-2124
-2177
-2158
-2091
-1965
-1796
-1621
-1428
-1211
-973
-754
-543
-345
-191
-76
18
86
115
144
181
224
278
359
416
466
528
587
691
828
1013
1219
1401
1565
1700
1809
1921
2011
2027
2006
1924
1762
1530
1266
993
684
375
47
-302
-656
-1000
-1327
-1607
-1851
-2069
-2211
-2303
-2335
-2295
-2212
-2090
-1944
-1762
-1546
-1293
-1033
-790
-568
-381
-223
-76
55
156
244
305
351
393
438
491
551
631
712
816
930
1040
1142
1247
1350
1434
1485
1503
1499
1437
1343
1230
1067
878
683
470
234
-10
-260
-482
-700
-925
-1116
-1272
-1411
-1526
-1603
-1625
-1608
-1549
-1461
-1357
-1225
-1098
-962
-805
-660
-548
-465
-386
-327
-277
-245
-240
-245
-241
-227
-216
-167
-92
4
121
262
464
675
902
1160
1396
1614
1802
1970
2097
2164
2217
2203
2135
2025
1867
1658
1373
1061
735
392
51
-286
-616
-934
-1215
-1420
-1582
-1707
-1769
-1794
-1780
-1718
-1627
-1518
-1401
-1253
-1085
-908
-735
-586
-451
-329
-238
-188
-172
-169
-159
-172
-189
-188
-177
-136
-65
19
124
254
433
616
790
974
1181
1355
1494
1626
1713
1756
1749
1699
1593
1445
1267
1070
827
548
294
21
-255
-525
-781
-1015
-1208
-1371
-1531
-1643
-1697
-1694
-1643
-1536
-1403
-1285
-1153
-995
-851
-704
-529
-394
-294
-186
-105
-52
11
72
137
200
261
332
403
466
535
618
702
808
911
993
1064
1128
1172
1194
1178
1139
1099
1008
910
811
691
540
382
246
96
-40
-168
-271
-395
-519
-604
-681
-749
-786
-798
-777
-723
-670
-610
-560
-520
-478
-432
-406
-370
-368
-410
-427
-432
-454
-472
-474
-484
-508
-521
-508
-464
-411
-332
-230
-119
29
171
331
516
674
829
939
997
1013
1001
979
929
854
767
663
517
341
155
-56
-265
-450
-613
-743
-855
-937
-989
-1023
-1039
-1022
-978
-919
-831
-698
-548
-417
-289
-197
-124
-26
66
136
177
193
178
139
113
101
83
72
92
130
186
261
340
417
509
629
762
887
978
1066
1133
1191
1234
1264
1278
1233
1152
1026
900
781
651
535
415
298
146
-16
-157
-282
-356
-406
-443
-482
-502
-492
-478
-472
-481
-476
-469
-456
-452
-482
-525
-588
-669
-749
-826
-882
-939
-977
-998
-993
-984
-965
-911
-837
-716
-572
-420
-264
-99
50
174
288
390
472
549
609
626
629
636
609
555
497
433
357
288
230
153
51
-41
-111
-162
-184
-176
-149
-103
-59
-25
8
45
82
114
117
103
100
87
72
45
21
-10
-50
-117
-179
-219
-239
-221
-174
-121
-53
25
99
175
245
316
406
505
572
628
687
733
754
729
687
649
592
541
469
380
286
173
69
-57
-171
-256
-308
-352
-388
-419
-448
-469
-484
-472
-460
-424
-372
-325
-318
-331
-358
-404
-453
-499
-519
-535
-543
-551
-563
-574
-582
-565
-518
-448
-365
-269
-170
-59
56
163
276
393
517
621
702
767
816
842
844
831
794
729
637
511
394
268
132
19
-66
-147
-228
-304
-346
-371
-415
-449
-454
-424
-378
-334
-294
-243
-209
-184
-149
-127
-124
-137
-168
-207
-246
-287
-310
-292
-277
-278
-275
-257
-201
-159
-126
-62
19
125
230
373
519
610
686
752
815
865
914
945
927
884
803
699
598
485
372
261
155
49
-70
-192
-305
-398
-462
-506
-550
-562
-549
-523
-477
-432
-378
-343
-298
-229
-179
-149
-157
-166
-176
-186
-188
-200
-195
-166
-107
-76
-74
-67
-63
-42
-9
33
70
95
141
176
222
242
251
296
327
333
311
266
206
149
108
70
27
-29
-75
-127
-161
-207
-278
-334
-371
-386
-390
-394
-417
-433
-435
-433
-423
-390
-332
-275
-236
-223
-224
-213
-210
-214
-195
-149
-100
-47
0
62
115
165
225
281
335
353
390
410
406
431
459
492
509
510
487
465
433
387
334
292
274
257
254
237
217
186
152
126
105
91
54
50
40
27
23
22
25
12
20
37
68
69
22
-29
-75
-107
-147
-155
-162
-164
-164
-194
-213
-240
-258
-260
-218
-163
-127
-119
-118
-106
-110
-95
-68
-76
-89
-104
-118
-110
-110
-105
-107
-101
-117
-153
-192
-224
-245
-250
-224
-211
-204
-199
-186
-153
-118
-92
-74
-46
-24
-21
-26
-22
-10
-2
4
5
-14
-38
-51
-57
-45
-40
-24
2
4
-4
-20
-15
-4
5
26
50
80
116
151
186
224
236
246
254
253
268
284
280
258
247
240
227
215
194
175
153
108
68
47
32
35
58
73
83
101
126
153
172
164
151
142
141
165
175
165
143
107
70
47
34
18
2
-9
-32
-49
-68
-98
-130
-164
-183
-204
-223
-238
-243
-224
-202
-182
-185
-204
-214
-217
-219
-228
-240
-272
-301
-321
-340
-357
-359
-353
-353
-344
-304
-266
-232
-181
-137
-100
-74
-62
-33
5
55
97
138
169
199
257
313
349
344
344
339
329
323
314
310
301
287
266
247
232
210
185
170
170
166
161
149
121
95
67
51
40
17
-5
-31
-77
-125
-154
-169
-174
-171
-176
-191
-209
-217
-225
-216
-213
-203
-191
-178
-160
-149
-119
-81
-49
-43
-44
-24
-14
-9
0
9
27
57
85
97
127
145
143
142
125
96
82
88
94
108
139
141
131
108
69
54
53
54
59
46
14
-13
-31
-49
-52
-55
-82
-115
-125
-129
-139
-127
-130
-148
-163
-177
-173
-162
-160
-154
-124
-95
-72
-38
-14
-12
-15
-13
-16
-17
-19
-10
5
20
36
57
79
88
97
98
110
134
146
151
153
168
182
179
160
139
126
127
140
138
131
134
137
131
113
90
68
29
0
-17
-32
-35
-57
-83
-84
-84
-82
-84
-88
-87
-83
-70
-80
-93
-105
-119
-135
-150
-164
-183
-187
-180
-161
-152
-153
-139
-121
-109
-89
-80
-88
-90
-93
-70
-27
-10
7
30
47
69
80
82
83
66
65
80
82
92
106
106
113
112
122
135
141
125
112
120
122
130
130
116
85
73
77
94
110
116
123
106
75
51
21
-17
-46
-75
-84
-95
-114
-105
-109
-120
-140
-165
-184
-204
-188
-157
-156
-168
-180
-180
-167
-139
-113
-104
-92
-78
-54
-22
-2
12
21
27
38
69
88
108
135
143
172
181
170
167
173
182
181
193
205
201
195
198
199
206
188
148
110
78
59
47
49
26
5
0
-19
-52
-74
-84
-84
-76
-80
-94
-115
-137
-159
-185
-196
-196
-195
-185
-177
-169
-179
-181
-181
-167
-139
-125
-121
-108
-99
-112
-110
-86
-47
-16
14
31
27
33
68
97
116
124
