38
18
75
111
52
71
124
114
32
15
17
-67
-135
-127
-123
-193
-201
-163
-187
-235
-211
-175
-216
-280
-288
-337
-448
-463
-425
-438
-445
-344
-241
-222
-231
-160
-136
-185
-122
-33
-59
-105
-79
-57
-31
-6
71
117
98
146
194
178
178
243
289
269
282
335
316
280
285
306
259
177
167
176
137
116
155
161
122
113
142
152
120
113
121
75
23
-23
-49
-79
-80
-45
-47
-54
-69
-98
-147
-177
-182
-204
-249
-238
-214
-244
-303
-334
-337
-357
-378
-334
-256
-213
-175
-107
-77
-107
-119
-132
-152
-141
-60
-23
-19
11
54
79
67
103
136
172
206
234
248
229
225
249
265
263
264
262
251
246
262
275
263
257
250
191
137
89
52
7
-54
-73
-71
-84
-118
-117
-113
-128
-132
-124
-146
-185
-183
-143
-146
-158
-134
-101
-82
-55
-43
-84
-103
-120
-120
-117
-133
-138
-117
-106
-100
-76
-50
-39
-19
32
59
81
133
194
241
249
271
298
277
256
220
203
165
106
89
102
82
35
37
41
16
-18
1
17
2
-11
-22
-34
-46
-67
-69
-53
-72
-91
-72
-48
-49
-42
-36
-31
-44
-26
16
27
32
42
71
75
61
58
25
0
-30
-61
-92
-126
-139
-139
-139
-168
-169
-187
-236
-264
-291
-321
-348
-319
-250
-180
-112
-49
10
58
83
104
112
110
125
147
145
174
201
208
230
211
179
103
44
26
-5
-18
-13
-7
-17
-17
-37
-79
-97
-92
-71
-55
-42
-17
2
-18
-29
-13
-8
-15
3
59
86
77
110
154
159
158
163
164
140
126
135
100
58
46
16
-19
-40
-52
-72
-102
-94
-95
-129
-147
-142
-128
-123
-107
-81
-89
-80
-27
18
46
86
122
143
186
228
253
260
275
260
213
164
113
78
78
77
31
-4
-35
-91
-156
-177
-198
-244
-254
-255
-275
-308
-336
-319
-268
-249
-212
-132
-92
-60
-28
0
19
41
96
129
166
221
232
226
256
308
324
311
302
286
223
137
94
45
-15
-36
-40
-57
-94
-131
-182
-245
-280
-293
-306
-281
-260
-243
-208
-223
-237
-230
-222
-186
-119
-51
3
40
79
110
119
115
137
172
190
223
254
265
254
227
230
228
175
143
111
79
90
121
123
101
115
92
41
10
2
-17
-68
-83
-71
-88
-110
-106
-117
-152
-161
-149
-171
-191
-173
-167
-170
-172
-176
-183
-178
-156
-108
-56
-27
12
23
12
1
-33
-68
-72
-31
-10
-1
26
38
80
127
136
160
181
162
148
140
105
95
102
113
132
122
96
77
65
38
30
28
13
8
-15
-46
-85
-91
-75
-90
-106
-130
-137
-129
-122
-126
-126
-110
-102
-102
-81
-63
-67
-77
-57
-14
7
34
118
204
214
235
261
254
263
259
267
248
224
226
225
224
181
140
107
81
75
58
32
6
-22
-66
-111
-137
-141
-172
-166
-151
-159
-187
-217
-208
-234
-244
-209
-189
-168
-159
-162
-188
-212
-185
-162
-138
-139
-102
-84
-89
-33
9
0
-36
-21
5
-24
-22
11
33
56
67
118
140
118
102
129
132
104
117
137
149
156
199
214
188
160
144
118
79
53
43
21
-5
-18
-11
1
-19
-4
26
5
-17
-2
-8
-38
-40
-32
-65
-71
-53
-70
-82
-84
-81
-109
-139
-137
-138
-166
-154
-111
-110
-120
-77
-34
-38
-56
-75
-77
-80
-70
-58
-48
-73
-62
4
33
37
77
87
55
92
127
107
97
98
83
63
30
27
49
47
74
101
105
107
134
131
79
42
-10
-66
-86
-72
-68
-98
-70
-20
11
34
52
83
96
100
108
134
164
174
203
252
263
266
272
285
289
270
247
258
246
188
197
186
120
66
26
-42
-97
-122
-160
-214
-265
-310
-341
-383
-406
-419
-455
-471
-467
-434
-440
-440
-372
-333
-350
-324
-280
-261
-215
-184
-167
-124
-83
-67
-65
-31
5
1
22
76
147
167
163
194
250
280
271
275
294
312
334
358
361
337
308
279
265
231
153
134
132
125
107
89
83
72
62
34
21
-12
-36
-36
-49
-80
-97
-86
-106
-144
-172
-207
-218
-225
-240
-222
-178
-140
-119
-66
-6
10
-6
-6
8
12
14
4
-2
-3
-14
-31
-26
-3
22
33
11
9
28
46
28
17
34
48
33
6
21
14
-18
-33
-42
-46
-48
-60
-32
-7
-25
-24
-1
-8
-48
-55
-63
-66
-78
-79
-16
24
31
41
71
118
127
125
109
110
150
145
133
136
157
144
115
119
102
80
97
141
171
161
132
127
140
116
83
59
35
39
10
-20
-39
-65
-94
-123
-122
-122
-141
-174
-206
-243
-273
-296
-322
-329
-321
-340
-349
-333
-302
-255
-234
-199
-166
-105
-40
-20
14
67
112
153
177
219
265
274
285
310
308
281
269
282
288
244
207
191
163
107
53
21
9
3
-12
-49
-85
-108
-138
-162
-165
-166
-180
-197
-174
-153
-152
-123
-105
-89
-95
-108
-88
-49
-40
-37
1
34
45
50
43
48
45
28
37
28
22
53
60
36
38
26
-10
10
67
56
28
33
67
73
44
32
24
5
7
29
29
27
42
52
11
4
27
22
7
23
47
27
-18
-48
-82
-112
-104
-96
-79
-63
-70
-81
-65
-52
-62
-58
-55
-39
-38
-53
-24
-2
-4
30
62
76
87
92
117
134
131
133
176
217
237
253
247
224
189
141
114
104
76
44
29
3
-34
-69
-88
-106
-149
-163
-147
-180
-217
-201
-195
-200
-170
-143
-117
-87
-67
-29
-27
-27
9
33
13
10
27
15
41
74
68
75
103
77
39
43
37
20
12
5
21
0
-23
9
-20
-82
-85
-72
-80
-86
-81
-92
-105
-128
-123
-109
-136
-113
-67
-71
-82
-79
-94
-94
-63
-41
-34
-38
-17
1
-20
-15
20
14
7
35
44
41
42
61
86
80
77
120
149
147
172
199
194
180
178
166
164
142
122
85
74
79
58
25
-5
-4
-38
-71
-59
-40
-68
-78
-51
-42
-68
-95
-87
-55
-36
-16
-10
-31
-16
-4
-10
-1
42
43
5
13
42
42
12
22
43
30
21
40
11
-56
-52
-36
-54
-52
-25
-11
-25
-31
-6
-40
-101
-77
-28
-35
-38
-27
-14
-3
-5
0
11
-3
4
9
-31
-28
-7
-22
-26
36
54
35
56
106
110
57
25
41
49
-4
-4
45
36
1
11
10
-35
-50
-36
-15
-21
-14
-4
-26
-43
-35
-21
-39
-49
-17
-19
-65
-71
-25
-7
-49
-56
-29
-35
-53
-33
-10
-16
-3
19
37
36
30
37
24
17
18
-27
-69
-61
-38
-42
-38
-8
14
0
-23
-14
-22
-61
-38
9
22
33
43
65
77
81
109
141
134
119
136
127
92
86
111
117
95
75
79
73
46
44
50
9
-53
-62
-67
-110
-138
-144
-145
-173
-182
-181
-179
-158
-143
-131
-134
-131
-120
-128
-107
-87
-81
-98
-105
-72
-45
-31
-2
35
44
40
60
40
5
11
8
14
7
3
23
55
70
77
104
104
95
79
66
70
67
74
97
116
121
134
151
157
178
202
214
224
240
238
242
257
276
283
279
301
303
274
232
211
174
105
74
44
-1
-40
-60
-85
-156
-221
-271
-327
-372
-393
-409
-450
-482
-487
-508
-509
-478
-451
-439
-444
-422
-367
-329
-273
-205
-147
-91
-39
13
52
88
133
187
228
246
251
258
277
278
268
267
256
231
196
153
106
51
31
14
-8
-9
0
-8
-39
-64
-104
-149
-134
-81
-48
-36
-21
17
35
56
99
133
142
137
152
152
144
167
207
223
224
214
189
164
135
104
57
7
-12
-38
-65
-109
-153
-163
-197
-241
-279
-303
-303
-312
-337
-327
-290
-259
-230
-199
-171
-139
-111
-89
-43
13
53
87
138
172
214
245
271
327
351
359
376
397
394
379
392
416
403
346
298
282
237
177
117
60
19
-35
-94
-137
-167
-220
-257
-259
-258
-264
-288
-282
-241
-220
-217
-210
-195
-197
-200
-210
-182
-124
-112
-120
-124
-135
-157
-144
-105
-69
-34
-35
-48
-33
-41
-55
-45
-9
28
36
22
15
0
-55
-100
-120
-109
-110
-99
-48
-32
-37
-10
23
62
114
194
268
305
363
397
402
396
408
419
408
391
388
372
307
258
226
185
154
106
24
-31
-106
-178
-222
-248
-280
-335
-379
-398
-401
-428
-455
-462
-469
-519
-557
-550
-532
-482
-452
-429
-413
-413
-347
-238
-156
-98
-31
45
120
193
218
212
252
296
331
373
410
423
421
391
408
433
408
402
410
398
358
345
371
362
310
281
255
189
115
105
97
41
-6
-7
2
-1
-31
-37
-22
-38
-46
-70
-112
-116
-109
-125
-132
-109
-74
-57
-69
-89
-118
-158
-186
-186
-164
-143
-119
-96
-82
-85
-110
-123
-120
-101
-91
-116
-131
-131
-145
-194
-216
-206
-202
-173
-156
-167
-191
-218
-224
-208
-205
-165
-85
-34
-11
22
46
79
121
176
221
237
252
258
269
283
290
279
299
345
390
377
379
407
388
345
305
283
251
205
193
183
128
100
101
65
-45
-132
-165
-204
-274
-324
-343
-394
-449
-469
-449
-452
-450
-394
-347
-331
-300
-276
-268
-244
-253
-274
-268
-244
-208
-170
-107
-45
-34
-40
-30
-2
-17
-47
-9
41
56
72
127
153
142
147
190
222
216
245
261
241
255
297
293
264
252
244
200
162
154
160
118
64
64
39
5
36
99
77
42
64
63
19
-14
-31
-91
-118
-86
-67
-55
-40
-10
-38
-101
-97
-54
-31
-16
20
30
-1
2
55
98
88
110
156
156
143
128
124
124
113
79
22
-22
-19
5
10
33
66
61
43
51
68
21
-38
-36
-52
-91
-104
-76
-55
-69
-76
-81
-100
-110
-94
-82
-129
-165
-141
-107
-123
-109
-81
-95
-126
-130
-116
-155
-151
-98
-86
-144
-183
-167
-178
-218
-208
-186
-179
-163
-154
-146
-163
-165
-164
-178
-167
-148
-113
-62
16
76
65
64
104
114
65
48
116
163
166
187
236
251
244
250
266
264
278
305
310
288
267
260
251
249
227
218
202
211
230
233
248
277
292
260
238
224
187
113
60
24
-6
-59
-104
-128
-161
-218
-287
-320
-354
-394
-405
-386
-383
-378
-387
-378
-379
-394
-394
-407
-398
-398
-384
-359
-323
-276
-252
-242
-220
-182
-156
-129
-55
31
100
159
205
252
276
290
277
246
234
247
284
308
312
329
353
381
405
407
410
417
438
420
374
336
328
322
277
249
239
237
211
196
172
107
42
4
-8
-56
-141
-187
-222
-258
-282
-291
-268
-244
-208
-178
-188
-217
-222
-226
-269
-276
-267
-297
-326
-330
-323
-333
-329
-295
-258
-220
-212
-210
-211
-219
-201
-186
-177
-161
-87
-43
-30
15
48
71
69
114
178
178
155
154
181
169
146
155
173
194
205
225
217
206
187
171
179
164
123
67
18
16
18
-16
-32
-9
-23
-60
-76
-68
-67
-77
-37
10
34
31
31
42
30
10
15
35
41
34
21
23
31
34
14
-12
-11
17
22
-2
-6
-23
-46
-63
-58
-79
-85
-76
-84
-76
-104
-122
-131
-153
-160
-171
-170
-157
-131
-120
-129
-127
-104
-77
-66
-54
-34
4
31
71
139
156
165
178
168
161
167
196
244
284
308
336
373
376
366
351
325
318
329
325
296
285
269
237
192
149
112
84
78
75
81
43
4
4
-19
-46
-74
-92
-121
-134
-140
-151
-162
-168
-177
-198
-193
-194
-207
-238
-283
-323
-353
-370
-356
-336
-326
-316
-313
-309
-338
-382
-410
-403
-396
-390
-371
-354
-336
-334
-300
-258
-223
-192
-155
-126
-134
-129
-123
-91
-51
15
83
127
167
194
219
219
215
234
257
304
363
439
491
502
498
503
509
471
452
452
459
467
494
501
448
407
370
335
289
240
188
127
70
6
-43
-91
-155
-196
-226
-257
-308
-357
-391
-421
-475
-522
-516
-506
-508
-498
-477
-458
-448
-456
-447
-408
-364
-319
-259
-205
-182
-154
-97
-58
-23
-17
-12
38
96
155
210
250
281
321
332
361
399
416
442
458
459
456
464
483
493
501
506
479
440
399
357
312
252
208
199
191
158
111
65
14
-53
-99
-120
-144
-183
-212
-203
-192
-217
-236
-240
-259
-295
-325
-347
-359
-351
-348
-324
-307
-299
-295
-301
-285
-272
-260
-244
-215
-197
-196
-208
-201
-180
-165
-130
-99
-70
-49
-29
-9
-4
30
47
64
94
131
196
238
253
267
276
269
268
281
252
227
247
251
252
238
227
234
236
214
150
93
50
21
-7
-26
-32
-47
-90
-128
-136
-154
-192
-225
-252
-269
-291
-299
-275
-255
-244
-226
-187
-169
-172
-162
-151
-157
-166
-142
-115
-80
-52
-32
-4
-1
9
42
81
121
134
150
165
169
194
207
217
221
239
267
249
226
226
227
222
196
178
162
148
126
103
98
74
56
55
56
37
10
-3
2
9
8
1
-1
-36
-74
-117
-156
-178
-209
-226
-219
-185
-160
-131
-97
-86
-100
-130
-132
-128
-144
-144
-110
-78
-64
-58
-26
5
1
10
31
32
13
-3
-5
-5
-7
23
65
95
133
160
186
194
178
164
139
139
132
132
143
152
178
181
184
184
163
120
86
63
30
14
5
-4
-16
-26
-32
-49
-77
-107
-113
-124
-126
-127
-135
-145
-163
-167
-189
-229
-238
-221
-197
-209
-223
-223
-227
-237
-238
-214
-201
-203
-200
-185
-179
-161
-131
-90
-47
-31
-22
-22
-4
5
-8
-10
2
34
69
91
119
137
144
170
177
182
188
215
232
197
184
161
148
161
161
161
129
88
91
104
104
98
114
113
78
27
5
13
33
57
73
81
65
41
20
20
18
-1
-13
4
0
-15
-25
7
49
47
78
119
153
175
186
224
245
247
237
197
174
163
125
84
45
20
-2
-37
-75
-125
-167
-217
-255
-280
-311
-340
-335
-315
-315
-330
-379
-404
-409
-431
-421
-393
-378
-371
-363
-327
-258
-212
-168
-104
-71
-41
2
54
112
160
218
265
312
350
361
371
379
391
380
357
350
332
314
307
284
268
253
221
188
140
101
53
12
-12
-43
-57
-65
-75
-94
-108
-123
-151
-167
-176
-175
-179
-187
-159
-113
-70
-35
-8
11
1
-12
-14
-29
-49
-45
-52
-51
-46
-66
-82
-99
-84
-51
-67
-97
-127
-145
-131
-116
-116
-124
-136
-151
-161
-173
-156
-138
-134
-140
-153
-161
-173
-135
-87
-37
20
50
70
92
148
214
257
301
314
298
294
332
378
398
400
388
381
369
356
362
362
329
277
215
166
140
115
103
75
20
-17
-56
-116
-197
-271
-329
-368
-373
-412
-427
-414
-428
-443
-446
-414
-356
-301
-283
-258
-240
-238
-238
-245
-217
-186
-177
-163
-120
-79
-32
72
142
188
223
232
243
225
229
282
328
414
481
493
512
527
552
524
493
467
361
312
275
213
192
159
131
119
61
4
-38
-64
-89
-180
-262
-338
-357
-345
-389
-407
-430
-458
-437
-426
-405
-389
-389
-335
-322
-304
-232
-175
-66
11
75
159
191
217
232
231
219
206
207
168
92
45
11
-18
-89
-175
-215
-255
-256
-280
-317
-311
-356
-384
-387
-437
-431
-426
-404
-326
-301
-230
-158
-94
51
144
201
274
289
307
334
440
544
566
601
613
640
621
585
571
508
437
362
281
213
110
-4
-24
-20
8
-3
-49
-69
-102
-178
-257
-256
-262
-320
-373
-424
-423
-370
-321
-200
-32
113
243
321
335
390
428
473
539
503
447
377
345
385
405
387
348
301
243
181
161
120
-17
-185
-311
-391
-449
-498
-537
-568
-618
-557
-434
-308
-235
-287
-356
-426
-444
-454
-433
-321
-249
-173
-135
-91
-15
-4
-11
-17
4
29
17
-16
-101
-170
-191
-205
-175
-192
-156
-50
51
163
219
212
183
138
102
85
87
132
155
207
240
365
510
560
572
498
399
260
164
91
38
17
5
62
156
227
249
213
150
80
-72
-216
-311
-351
-365
-416
-388
-321
-263
-149
-49
21
54
-3
-99
-251
-380
-409
-344
-250
-205
-142
-53
-2
49
12
-55
-58
-84
-126
-140
-148
-147
-122
-63
9
54
154
153
140
170
172
218
148
57
85
132
215
349
437
513
556
602
613
563
494
356
251
127
75
78
13
-24
-93
-136
-139
-136
-132
-153
-178
-235
-287
-323
-323
-339
-341
-302
-273
-236
-255
-273
-302
-300
-288
-313
-279
-214
-183
-120
-82
-53
-30
-106
-112
-72
17
105
165
214
206
238
284
307
330
333
282
205
126
89
62
43
78
137
199
221
289
348
289
204
143
131
110
104
151
206
275
278
287
313
287
202
133
68
-17
-99
-208
-253
-277
-330
-362
-361
-374
-388
-411
-429
-425
-456
-470
-474
-530
-583
-588
-594
-539
-443
-344
-194
-85
-21
59
62
35
46
57
97
137
179
253
302
315
336
364
331
300
270
205
158
41
-5
-27
-64
-39
-16
19
56
92
73
73
31
-25
-63
-84
-14
65
122
192
251
279
305
327
354
363
357
355
350
276
198
146
120
145
164
181
194
190
137
40
-55
-92
-136
-257
-346
-405
-470
-511
-524
-493
-440
-438
-439
-394
-369
-331
-297
-333
-312
-258
-207
-166
-150
-113
-77
-13
73
161
218
252
240
208
159
103
94
125
168
230
274
277
322
348
319
273
255
259
221
158
126
184
237
228
273
329
320
302
279
254
168
57
32
-1
-51
-48
-63
-69
-59
-79
-77
-62
-57
-104
-215
-320
-422
-478
-482
-451
-373
-310
-299
-258
-184
-173
-158
-137
-180
-235
-266
-280
-355
-461
-469
-432
-383
-327
-246
-161
-89
-64
-41
-7
-33
-31
7
50
87
162
265
338
447
581
657
675
709
677
623
583
509
454
389
302
213
132
18
-24
22
13
-63
-106
-142
-190
-276
-351
-387
-416
-382
-324
-237
-127
-26
-24
11
107
86
46
34
29
44
25
28
145
197
170
169
153
146
100
34
11
-85
-167
-240
-411
-464
-423
-381
-285
-194
-120
-71
-114
-195
-254
-273
-281
-274
-212
-107
-18
82
201
283
371
438
483
464
381
321
218
194
240
225
265
343
371
315
223
158
97
31
-18
-44
-65
-117
-245
-322
-291
-323
-303
-175
-72
-10
-30
-63
-50
-53
-51
-17
-5
42
64
17
47
95
117
170
198
276
322
299
273
203
171
95
-30
-68
-139
-259
-334
-371
-390
-406
-433
-409
-352
-336
-312
-302
-298
-303
-332
-281
-209
-186
-150
-124
-26
130
243
346
418
471
460
380
394
440
321
219
200
208
189
104
144
196
114
63
46
-9
-20
-124
-291
-344
-399
-392
-357
-361
-290
-234
-173
-123
-136
-143
-108
-51
11
79
154
206
201
160
65
-6
12
24
108
224
216
132
46
-22
-96
-149
-121
-100
-38
133
205
116
-73
-330
-431
-394
-375
-219
-94
-17
95
174
311
473
527
434
315
160
32
17
19
76
172
248
310
302
295
287
264
279
245
161
91
-4
-81
-36
37
8
-43
-27
14
126
213
183
90
-80
-187
-279
-465
-443
-198
-98
-84
-65
-170
-232
-104
265
533
184
-165
-157
-327
-448
-406
-310
5
174
266
451
343
184
115
-88
-187
-298
-599
-766
-773
-711
-701
-667
-314
65
249
307
180
50
-83
-161
-16
39
48
237
448
468
321
151
96
191
307
315
266
249
179
60
-4
6
139
251
234
236
216
142
100
46
-56
-309
-718
-977
-1088
-1023
-761
-572
-310
20
257
362
310
258
200
42
-209
-494
-577
-434
-263
-50
118
219
491
848
896
508
-78
-634
-1007
-1112
-1061
-775
-283
105
283
356
317
174
26
74
164
93
81
315
557
398
108
51
-3
-114
42
216
124
168
484
551
29
-538
-742
-767
-83
2296
5103
5749
4592
2957
548
-2106
-4246
-5100
-3976
-1935
585
3248
4390
4016
2968
1111
-1181
-2669
-3052
-3099
-2596
-1306
-7
602
395
410
762
561
429
491
320
-1
-809
-2058
-3391
-4025
-3484
-2671
-1854
-580
996
2175
2313
1624
187
-1823
-3543
-4868
-4825
-821
6306
11376
11623
8616
3404
-3083
-8488
-11262
-10233
-5856
32
6888
11743
11703
8920
4641
-953
-5928
-8886
-8934
-6293
-1939
3012
6501
7343
6048
3886
1269
-1688
-3436
-3490
-2404
-440
936
477
-1639
-4070
-5327
-5616
-5136
-3217
80
3678
6455
7306
5269
1366
-2722
-6387
-8580
-9112
-8225
-5357
-1549
1807
4320
5605
5774
4866
2664
-100
-2457
-4267
-3960
716
6438
8288
7407
5275
1785
-2006
-5754
-7207
-4877
-1294
2748
6579
8073
7252
5152
2240
-1817
-5954
-8286
-8574
-6528
-3190
78
3337
5268
5599
5177
3425
928
-1141
-2171
-1673
-1023
-2158
-4060
-4909
-4996
-4698
-3902
-1831
1943
5562
7656
8026
6259
3161
-337
-3921
-6681
-7751
-7110
-5198
-2254
599
2552
4179
5170
4914
3578
1192
-1618
-2863
-382
5245
9340
8533
4974
1264
-3198
-8113
-10650
-9199
-4516
1790
7690
11448
11908
9512
6010
1044
-5545
-10496
-11619
-10233
-7293
-2690
1918
4919
6477
6746
5560
2507
-1013
-2001
-818
23
-325
-1898
-4608
-7111
-8029
-7816
-6411
-2912
2108
7063
9483
8567
6084
2077
-3052
-6894
-9043
-10030
-9056
-5905
-2022
1033
3053
4564
5426
5190
3793
944
-2260
-663
7572
12701
8652
3500
-62
-5709
-11053
-13623
-11377
-5086
1638
9934
16256
15188
11106
7486
1992
-5804
-11581
-12528
-11267
-8647
-4152
418
3471
4841
6496
7722
5518
2539
1844
2394
2622
906
-2589
-6689
-9684
-9821
-8740
-7132
-3191
2564
7815
10423
10140
7487
2344
-3206
-6994
-9205
-10142
-9484
-6704
-2925
-75
2406
5011
6551
6674
4996
1346
-902
2963
10243
12229
8082
3632
-729
-6928
-13067
-14867
-10724
-4300
3118
11769
16477
15362
12192
7838
1194
-6516
-11631
-12433
-11091
-9081
-5594
-1354
1419
3420
5438
5274
3345
2397
2687
2686
985
-1791
-4396
-6985
-8719
-8746
-7637
-4958
-393
4214
7607
9681
9659
7294
3350
-1476
-5853
-8441
-8963
-7430
-4924
-2872
-343
3013
5478
6370
5367
3001
3005
7549
11814
10782
6229
1148
-4123
-9538
-14398
-15590
-11305
-4228
3792
10951
13862
12734
9874
5580
-110
-5593
-9017
-9668
-7610
-4660
-2926
-1747
-351
1623
3963
4323
3287
3368
3827
3442
1579
-1348
-3974
-6391
-7883
-7601
-6112
-3434
144
3921
6852
7597
6033
3041
-541
-4658
-8572
-10627
-10405
-7852
-4065
-1391
537
2851
4527
4486
3020
2111
4114
8746
12169
10954
5841
-580
-6800
-11882
-14581
-13034
-6818
1829
10331
15935
16603
13222
7716
1457
-4586
-9378
-10921
-8630
-4289
-124
2530
3615
3571
3182
2342
505
-1014
-892
375
929
-33
-1676
-3531
-4872
-5081
-4555
-3421
-1299
2020
5420
7081
6278
3584
487
-2776
-6793
-10324
-11734
-10243
-6115
-1190
2681
5163
6290
6044
4857
3131
2500
4918
8255
8841
6512
1744
-4544
-9570
-12214
-11748
-7379
-859
6163
12288
14980
13200
8297
2276
-3547
-7838
-9621
-9062
-5968
-1247
2747
4796
5186
5044
4318
2403
266
-1429
-2340
-2222
-2524
-3753
-4959
-5555
-4635
-2440
-354
1566
3436
4777
5281
4348
1931
-1123
-3893
-6174
-8311
-9587
-8908
-5998
-1433
2999
6155
7977
7872
5988
3762
2523
3173
4975
5774
4799
2040
-2628
-7502
-10463
-10475
-7348
-2158
4191
10067
12916
12076
8110
2067
-4350
-9147
-11114
-10561
-7825
-3638
854
4299
5470
5085
4380
2853
-27
-2959
-4770
-5472
-5145
-4651
-4520
-3866
-2665
-1076
726
1944
2990
4095
4382
3653
2161
-80
-3113
-6152
-8379
-9517
-8862
-6332
-2441
2080
5675
7874
8866
8046
6411
5741
6308
6761
5506
3059
8
-3946
-7567
-9669
-8741
-4066
2103
8258
13061
14622
12862
8200
1661
-4884
-9980
-12021
-10792
-7433
-3082
1244
5266
7736
7555
5939
3723
816
-1986
-4039
-5031
-5549
-6561
-7058
-6340
-4673
-2055
417
2494
4726
6136
6088
4715
2453
-194
-3162
-6092
-8594
-10275
-10143
-7647
-3620
969
5399
8534
9669
9475
9090
8898
8077
5992
3136
-115
-4078
-8182
-10446
-10500
-8189
-2978
3391
8947
12403
13060
11110
6706
662
-5270
-9547
-11170
-9918
-6861
-3419
-2
3341
5418
5487
4715
3351
1316
-969
-3337
-4823
-5880
-7397
-8272
-7531
-5424
-2751
-67
2777
4968
5929
6009
4622
1882
-1305
-4314
-7049
-9343
-10330
-9459
-7219
-4204
-539
3560
7409
10136
12142
13858
14025
11864
7586
1801
-4193
-9340
-12894
-13866
-11166
-5557
757
7279
13125
16034
15060
10848
5066
-1007
-6401
-9588
-10008
-7989
-4498
-1499
178
1200
1696
2116
2961
3540
3457
2605
857
-1685
-5057
-8165
-9133
-7969
-5591
-2354
1639
5219
6984
7061
5566
2705
-530
-3551
-6016
-7632
-8225
-7660
-6417
-4792
-2569
445
3087
5091
8105
11740
14208
14977
13435
8687
1611
-6036
-12340
-15749
-15464
-10866
-3177
4681
11087
15250
15986
12898
7306
1114
-4477
-8316
-9546
-8450
-6442
-4493
-2318
-184
1215
2074
2829
3347
3192
2150
302
-2169
-4887
-7092
-7881
-7147
-5364
-2206
1576
4788
6881
7040
5511
3043
-158
-3709
-6566
-7950
-7771
-6264
-4202
-2296
-380
1564
2826
3626
5313
7985
10551
11890
11113
8170
3438
-2684
-8937
-13203
-13992
-11108
-5699
839
6961
10940
11854
10047
6441
1820
-2911
-6131
-6918
-6043
-4723
-3164
-1251
264
1271
2060
2678
3135
2980
1965
192
-2368
-4682
-5713
-5717
-4861
-3056
-517
2085
4088
5135
4955
3662
1251
-2286
-5779
-8342
-9733
-9246
-7052
-4212
-1380
1271
3394
4301
4580
5915
7880
8902
9321
8803
6074
1674
-3418
-7589
-9310
-8733
-5698
-788
4078
7811
10018
9780
6776
2639
-1133
-4289
-6235
-6374
-5193
-3240
-776
1333
2277
2502
2395
2072
1088
-753
-2448
-3912
-5181
-5685
-5299
-4132
-1991
1085
4365
6669
7668
7351
5690
2906
-1005
-5028
-8262
-10223
-10123
-8540
-6076
-2718
633
3369
5188
6329
8020
9936
10942
10616
8354
4090
-1414
-6902
-10783
-12085
-10298
-5476
879
7113
11529
12822
11237
7185
1678
-3563
-7251
-8749
-8249
-6122
-2938
525
3534
5543
6322
5762
4060
1534
-1347
-4328
-7102
-8914
-9489
-8974
-7326
-4523
-937
2996
6680
9115
9831
8872
6050
1398
-4245
-9411
-12912
-14009
-12719
-9535
-5268
-945
3137
6436
8625
10704
12774
13634
12689
9323
4090
-2008
-8822
-13956
-15357
-13228
-7878
-535
6734
12238
15001
14642
10839
4740
-1627
-7041
-10556
-11906
-10839
-7413
-3028
1349
5407
8002
8563
7586
5196
1280
-3186
-6885
-9349
-10374
-10053
-8612
-6039
-2733
1162
5508
8981
11172
12044
10739
6966
1213
-5019
-10221
-13583
-14584
-13074
-9298
-4055
1849
7016
10239
12604
14701
15079
13399
9709
4096
-1972
-7786
-12585
-14777
-13634
-8861
-1711
5084
10266
13350
13608
10986
6407
1185
-3755
-7404
-9051
-9156
-7964
-5395
-1827
2070
5321
7460
8120
7073
4418
729
-3180
-7228
-10455
-11658
-11194
-9114
-5891
-2169
2138
5942
8511
9668
8998
6616
2802
-1779
-6192
-9842
-11758
-11738
-10017
-6653
-2439
2068
6490
10833
15067
17891
17920
14672
8947
2069
-6002
-13331
-16903
-16526
-12119
-4784
2861
9553
13801
14683
12340
7091
975
-4051
-7390
-9123
-9509
-8165
-5849
-3145
132
3006
5125
6471
6544
5192
2734
-506
-4290
-7350
-9010
-9977
-9721
-7783
-4520
-183
3788
6578
8330
8405
6610
3123
-1517
-5908
-9000
-10455
-10446
-9292
-6792
-3207
653
4258
7831
11836
15072
16023
14512
10338
4060
-3274
-10236
-14449
-15254
-12567
-6513
905
7762
12283
13811
12786
8890
3605
-1193
-4921
-6983
-7570
-6554
-4439
-2239
201
2605
4378
5202
5165
4617
3207
888
-1792
-4322
-6297
-7803
-8280
-7229
-4971
-1730
1802
4746
6758
7091
5575
2478
-1513
-5100
-8091
-10048
-10191
-8766
-6100
-2850
404
3554
6481
9917
13179
14631
13897
10480
5215
-1166
-8260
-13309
-15091
-13301
-7801
-1111
5236
10352
12917
12846
9738
4543
-901
-5344
-7824
-8709
-7929
-5636
-2689
694
3621
5365
6074
5837
4702
2790
397
-2416
-4931
-6469
-7276
-7030
-5604
-3331
-257
2923
5173
6378
6262
4699
2021
-1252
-4492
-7180
-8687
-8857
-8086
-6205
-3355
-26
3205
6052
9764
13545
15191
14459
11419
6231
-638
-8018
-13269
-15381
-14084
-9210
-2362
4950
10760
13892
14174
10822
5307
-496
-6000
-9808
-11336
-10830
-8500
-5294
-1506
2181
4670
5888
5923
4855
2843
-129
-3116
-5483
-7177
-7903
-7801
-6428
-3699
-293
3188
5951
7482
7498
5693
2465
-1648
-5524
-8061
-9356
-9294
-7988
-5775
-2630
569
3348
5776
8851
12833
15514
15861
13801
9225
3000
-4474
-11614
-15661
-15895
-12069
-4832
3189
10019
14638
16090
13850
8090
1262
-4836
-9330
-11301
-11153
-8957
-5490
-1782
1699
4414
5820
5863
4993
3331
751
-1912
-4396
-6553
-7537
-7446
-6199
-4029
-1365
1971
5064
7238
8287
7323
4739
973
-3243
-6815
-9724
-11218
-10470
-8179
-4977
-1331
2154
4879
7128
10420
13501
14328
13436
10576
5475
-1335
-9149
-15081
-17441
-15992
-10539
-2804
5296
12074
16319
17009
13176
6817
203
-5836
-9858
-11394
-10319
-7142
-3178
980
4588
6777
7562
7178
5782
3129
-252
-3370
-6310
-8489
-9226
-8716
-6846
-3796
-19
3690
6308
7742
7854
6287
3229
-799
-5009
-8438
-10730
-11510
-10600
-8326
-4861
-815
2914
6005
9422
13083
15149
14976
12464
7689
1406
-5985
-12756
-16552
-16644
-12813
-5847
2335
9788
15107
17438
15773
10504
3656
-2934
-8005
-11036
-11614
-9626
-5933
-1571
2666
5923
7570
7852
7063
4817
1424
-2199
-5519
-8169
-9670
-9626
-8105
-5583
-2109
1827
4931
6565
6912
6007
3533
-185
-4066
-7077
-9139
-10111
-9479
-7810
-5442
-2540
556
3629
6576
10288
14110
16097
15492
12066
6523
-706
-8764
-14955
-17708
-16037
-10055
-2000
6338
13174
17139
17549
13542
6859
-147
-6256
-10339
-12040
-10924
-7826
-3770
727
4628
7203
8012
7486
6127
3333
-379
-3799
-6569
-8355
-9136
-8541
-6531
-3469
335
4198
7170
8531
8279
6501
3027
-1398
-5526
-8572
-10043
-9661
-7715
-5025
-1943
1103
3532
5211
6780
9323
11863
12862
12361
9530
4124
-2705
-10217
-15746
-17858
-16364
-10498
-2692
5119
11906
15637
15425
11189
4574
-2204
-8254
-12184
-13030
-11158
-7184
-2060
2975
7005
9339
9641
8359
5927
2571
-1041
-4264
-6527
-7749
-7861
-6827
-4936
-2114
1214
4229
6416
7428
7022
5012
1624
-2503
-6577
-9433
-10728
-10516
-8581
-5659
-2212
1627
4976
7269
9292
11848
13704
13850
12388
8693
3012
-3482
-9933
-14345
-15399
-12859
-7014
372
7304
12461
14804
13553
8834
2395
-4004
-9556
-12929
-13427
-11236
-7220
-2324
2563
6245
8188
7966
6214
3517
84
-3190
-5750
-7370
-7930
-7453
-6045
-3861
-917
2622
5594
7422
7966
6987
4562
735
-3558
-7449
-10029
-10758
-9841
-7595
-4692
-1221
2515
5646
7377
8721
10983
12823
12976
11399
7953
3193
-2339
-8397
-12458
-13352
-11376
-6098
805
7023
11874
14128
12892
8759
2823
-3215
-8163
-11117
-11553
-9483
-5477
-727
3528
6386
7641
7162
5292
2407
-1042
-3787
-5824
-7168
-7605
-7484
-6639
-4754
-1891
1418
4660
7253
8409
7861
5560
1414
-3687
-8535
-11908
-12733
-11441
-8690
-4635
58
4309
7287
8878
8828
8349
8970
9194
8475
7136
4201
222
-3935
-8062
-10326
-10182
-7538
-1816
4496
9438
12769
13511
11162
6000
-456
-6279
-10443
-11953
-10445
-6739
-2077
2467
6128
8168
8028
5949
2845
-409
-3647
-5923
-7110
-7761
-7625
-6863
-5314
-3039
-201
2980
5857
7900
8450
7175
3920
-1119
-6616
-11201
-13973
-14399
-12532
-8591
-3366
1839
6247
9178
9780
8368
6848
6089
5168
4002
2974
1324
-756
-2889
-5489
-7146
-6867
-4389
281
4838
8208
10750
11050
8601
4172
-1371
-6171
-8776
-8943
-6857
-3580
123
4014
6672
7297
6400
4385
1767
-1053
-3654
-5486
-6432
-6584
-6228
-5374
-3913
-1528
1285
3602
5579
6691
6318
4605
1359
-2723
-6580
-9899
-11574
-11276
-9389
-5691
-1008
3320
6772
8904
9040
7285
5406
4582
4092
3500
3012
2227
1241
-801
-3973
-5452
-5275
-3720
-37
3682
6654
8899
9020
7049
3439
-997
-4252
-5545
-5433
-4232
-1873
992
3188
4216
4096
3148
1650
92
-1489
-3246
-4510
-5053
-5101
-4729
-4452
-3501
-1333
634
2298
3849
4645
4320
2872
84
-3574
-6941
-9380
-10527
-10310
-8673
-5468
-1174
2610
5336
6908
6828
5183
3147
2494
2715
3259
4447
4951
4298
2271
-1194
-3890
-5263
-5426
-3162
171
3401
6254
7389
6635
4255
845
-2039
-3824
-4665
-4258
-2875
-1229
204
1184
1727
1583
877
376
2
-1052
-2376
-3422
-4111
-4178
-3835
-3146
-1791
18
1623
2846
3329
3186
2402
832
-1239
-3476
-5235
-6216
-6328
-5500
-3699
-1187
1246
3131
4383
4542
3781
2028
699
1852
4247
6128
7080
6641
5275
2446
-2273
-6344
-8374
-7934
-5050
-1065
3095
6697
8843
9135
6982
3328
-145
-2858
-4419
-5243
-5151
-3749
-1810
-223
1029
1814
2049
2195
2063
1296
52
-1354
-2449
-2964
-3327
-3325
-2581
-1393
-166
999
1883
2323
2349
1831
632
-1231
-3062
-4438
-5613
-6188
-5531
-3963
-1813
466
2428
3648
3576
2733
2623
3592
5001
6604
7155
5832
3803
669
-3971
-7776
-9263
-7697
-4032
141
4964
8988
10733
10212
7275
2984
-1482
-5200
-6859
-7323
-6951
-5053
-2504
7
2047
2942
3042
2769
2020
839
-770
-2430
-3613
-4150
-4186
-3866
-3164
-2153
-1042
79
913
1512
2125
2478
2107
536
-1633
-3819
-5985
-7255
-7174
-5986
-3298
240
3360
5465
6111
5174
3562
3131
3958
4796
5166
4710
3784
2023
-1997
-6028
-7382
-6627
-3968
-56
3801
7434
9674
9528
7007
2664
-1512
-4405
-6090
-6896
-6665
-4682
-1802
522
2110
2887
2848
2554
2034
1117
163
-775
-1752
-2349
-2826
-3346
-3426
-3156
-2601
-1637
-344
1260
2871
3879
4153
3227
705
-2548
-5688
-7922
-8903
-8552
-6266
-2384
1868
5343
7144
7074
5333
3455
3214
4079
4952
5229
4836
4135
1842
-2453
-5644
-6355
-5223
-2456
949
4500
7389
8506
7950
5385
1520
-1877
-4126
-5264
-6127
-6265
-4522
-2181
-416
1003
1908
2246
2445
2372
1483
118
-1242
-2530
-3490
-4493
-5340
-5203
-4374
-2988
-992
1008
2964
4947
5942
5041
2368
-1261
-5007
-8251
-10143
-10264
-8429
-4473
417
5030
8274
9016
7729
5319
3449
3225
3702
4144
4312
4002
2653
-715
-4869
-7548
-7830
-5749
-2452
1379
5423
8714
10208
8961
5280
775
-3286
-6265
-8036
-8607
-7671
-5031
-1483
1353
3105
4025
4076
3591
2450
723
-839
-2267
-3584
-4226
-4448
-4443
-3928
-2883
-1299
494
2212
3658
4394
4111
2247
-950
-4474
-7495
-9207
-9314
-7851
-4632
-219
4127
7521
9259
8763
6526
3429
1022
1007
2392
3577
4529
4945
4201
1419
-2876
-5883
-6468
-4985
-2017
1779
5796
8993
10476
9401
5627
763
-3299
-6075
-8079
-8978
-7769
-4675
-1114
1396
2842
3622
3250
2172
860
-836
-2207
-3004
-3408
-3541
-3732
-3771
-3278
-2523
-1783
-784
495
1914
3019
3031
1694
-511
-2877
-4947
-6576
-7158
-5862
-3135
324
3842
6560
8388
8509
6571
3542
57
-1487
-60
1633
3042
4557
5221
4624
1730
-2027
-3888
-4178
-3053
-522
2416
5363
7495
8101
6444
2403
-1782
-4869
-7327
-9011
-9076
-6894
-3469
-394
1635
2918
3550
3199
2093
477
-1150
-1907
-2189
-2835
-3649
-4080
-3913
-3514
-3213
-2635
-1108
1149
3281
4149
3304
1559
-586
-2836
-4749
-5972
-5429
-3018
5
3066
5325
6275
6345
5053
2114
-1633
-4861
-4463
-384
3429
6207
8411
9362
8226
3236
-3117
-6679
-8050
-7335
-4523
-985
2988
6557
8640
8048
4238
-141
-3234
-5876
-8139
-8921
-7064
-3324
45
2222
3975
4968
4703
3685
1692
-364
-1448
-2268
-3117
-4063
-4582
-4238
-3707
-3164
-2263
-449
2092
4094
4848
3964
2162
325
-1817
-3710
-4784
-4638
-3132
-1234
504
1937
2693
2951
2524
911
-1249
-2650
-1281
2913
6622
8628
9625
9104
6521
1014
-5809
-9811
-10600
-9125
-5541
-1226
3710
8683
11454
11022
7370
2522
-1343
-5014
-8550
-10307
-9023
-4997
-835
1874
4144
5857
6128
4999
2579
170
-1290
-2473
-3616
-4785
-5557
-5479
-4806
-3802
-2733
-854
2041
4447
5188
4453
2657
341
-2223
-4919
-6717
-7069
-6121
-4089
-1567
931
2889
4147
4876
4548
3118
1044
-258
1932
5655
6978
7180
6979
5169
1341
-4820
-9538
-10240
-8991
-5624
-657
4163
8935
12395
12981
9874
3990
-1136
-5072
-9051
-11623
-11193
-7721
-3039
711
3477
5557
6343
5801
4064
1322
-1014
-2115
-2941
-4076
-4988
-4923
-4278
-3917
-3174
-1307
1192
3340
4421
4583
3618
1323
-1369
-3933
-6259
-7409
-6660
-4414
-1688
1232
4185
6009
6485
5882
3907
1022
-1699
-1842
1482
4338
5020
5420
4898
2455
-2347
-7950
-10420
-9764
-6935
-2169
2717
7737
12229
13866
11845
6344
38
-5069
-9836
-13532
-14569
-12020
-6668
-1403
2430
5340
7158
7714
6885
4610
2078
350
-1027
-2553
-4458
-5878
-5721
-5067
-4519
-2989
-147
3035
5644
7116
7077
5325
2274
-1003
-3895
-6166
-6994
-5615
-2787
347
3574
6265
7182
6566
5188
2541
-1205
-4110
-3323
813
3784
4747
5762
5861
3627
-1627
-7165
-8933
-7953
-5109
-725
3794
8918
13013
13615
10441
3791
-3015
-8231
-13017
-16086
-16045
-12149
-5504
628
5323
8940
10849
10694
8313
4314
271
-3054
-5727
-7925
-9610
-9949
-8398
-6040
-3860
-1255
2225
5779
8017
8155
6987
4656
832
-3135
-6231
-8159
-8366
-6766
-3429
529
3947
6657
7725
6897
4580
1058
-2632
-5596
-5153
-684
3080
4954
6932
7776
5815
542
-5123
-7003
-6428
-4661
-822
3938
8599
11896
12332
9094
2677
-3591
-8048
-11866
-14175
-12898
-7970
-1800
3293
7128
9671
10128
8395
5194
1217
-2781
-5598
-6971
-8107
-9055
-8418
-6171
-3808
-1992
300
3364
5769
6740
6293
4599
1836
-1927
-5498
-7816
-9039
-8433
-5673
-1884
1904
5037
7084
7565
6491
3922
281
-3073
-5206
-4132
295
4193
6879
9262
10060
8471
3467
-2745
-5862
-6688
-6037
-3296
628
5781
10194
11304
9454
5050
-48
-4475
-8979
-12017
-11752
-8229
-2907
1857
5533
8290
9209
7906
4824
909
-2716
-5206
-6330
-6596
-6579
-5756
-3691
-1774
-953
-181
1288
2953
3777
3138
2049
726
-1697
-4033
-5597
-6667
-6464
-4797
-2038
678
2692
4598
5798
5256
2955
-228
-3104
-5459
-5741
-2046
2815
6244
9189
10791
9402
4478
-2494
-7146
-8921
-9071
-6167
-973
4781
9780
12010
10991
6829
708
-5080
-10042
-13384
-13173
-9398
-4016
1278
5728
8844
9798
8351
5487
2393
-523
-2669
-3444
-3670
-3934
-4101
-4127
-4062
-4117
-3611
-1953
333
2801
4271
4382
3747
1983
-478
-2996
-5456
-6747
-6384
-4846
-2375
311
3014
5451
6223
4993
2301
-912
-3860
-6118
-4889
264
5073
8257
10672
10905
7717
1558
-4928
-8497
-9563
-8812
-4930
862
6280
10129
11330
9616
5232
-400
-5364
-9376
-11398
-10043
-6350
-1804
2593
5895
8106
8618
6880
4629
2552
73
-1678
-2816
-4467
-6094
-7116
-7327
-6708
-5353
-2986
363
3732
6153
7134
6514
4130
585
-2806
-5815
-7930
-8079
-6344
-3386
191
3627
6204
7349
6441
3917
816
-2336
-4959
-5288
-1669
3567
7430
9810
10572
9053
4462
-2435
-7568
-9540
-9425
-6719
-2206
3063
7883
10251
10033
7109
1889
-3081
-7285
-10753
-11622
-9490
-5461
-928
2638
5446
7518
7506
5971
4080
1637
-942
-3001
-4940
-6926
-8378
-8440
-7257
-5609
-3198
-45
3223
5956
6946
6315
4542
1425
-2059
-4847
-6919
-7826
-6663
-4013
-640
2998
6009
7850
8065
6348
3332
-305
-3880
-6328
-5507
-733
3929
6806
9451
10212
7894
2826
-3523
-7413
-8812
-8740
-5810
-1239
3525
7874
9855
9132
5727
769
-3681
-8138
-11295
-11066
-8525
-4797
-808
2618
5640
7328
7014
5732
3793
1112
-1231
-3102
-5384
-7170
-7378
-6618
-5391
-3607
-1059
1915
4438
6072
6574
5701
3445
427
-2329
-4749
-6585
-6616
-4753
-1818
1598
4798
7152
8005
6804
3941
374
-3040
-5803
-6798
-3463
2800
7530
10869
13008
11933
7715
529
-6686
-10406
-12017
-10928
-6341
-602
5489
10092
11454
9769
4885
-946
-6147
-11047
-13305
-11971
-8876
-4529
251
4202
7280
8461
7562
5924
3154
-331
-2605
-4467
-6555
-7613
-7452
-6330
-4898
-3210
-356
2867
5416
7276
7765
6471
3683
40
-3248
-5999
-7908
-7442
-4969
-1699
2069
5425
7479
7976
6419
3394
2
-3195
-5276
-5149
-1618
4157
8748
11135
11882
10117
5194
-2092
-8568
-11641
-12106
-10219
-5487
726
6311
9745
10430
7764
2126
-3706
-8498
-12278
-13530
-11754
-7571
-2212
2477
6233
8889
9270
7695
5100
1539
-2012
-4625
-6691
-8097
-8336
-7127
-4919
-2751
-441
2128
4109
5558
6210
5348
3391
809
-1714
-3600
-5197
-5781
-4659
-2728
-253
2462
4814
6490
6769
5596
3396
359
-2278
-3875
-4516
-1830
3600
7737
10231
11114
9659
6111
-640
-7677
-10798
-11595
-10055
-5433
196
5932
9938
10815
8952
4164
-1624
-6605
-10428
-11733
-10533
-7060
-1869
2787
6303
8789
9263
7966
5556
2020
-1489
-3895
-5717
-6974
-6987
-6132
-4694
-3103
-1915
-391
1433
2935
4252
4731
4108
2957
1086
-1153
-3390
-5271
-5515
-4423
-2772
-269
2418
4761
6337
6127
4331
1750
-926
-3122
-4994
-4488
341
5465
7975
9528
9793
7545
2230
-4700
-8956
-10402
-10260
-7080
-2008
2961
7151
9656
9363
5488
149
-4182
-7781
-10300
-10461
-7969
-3882
269
3926
6929
8356
7903
6129
3241
-194
-2910
-4869
-6628
-7622
-7351
-6074
-4689
-3444
-1607
871
3402
5285
6372
6539
5222
2829
-357
-3967
-6712
-7863
-7320
-5226
-2015
1542
4709
6769
6742
4590
1664
-1540
-4539
-6728
-7197
-3199
3424
7697
10000
11162
10024
6014
-1207
-7970
-10930
-11320
-9396
-5140
487
6533
10741
12039
10427
6135
1331
-2984
-6943
-9215
-8959
-6137
-1817
2164
5334
7743
8728
7815
5353
1987
-1261
-3780
-5728
-6932
-7284
-6707
-5194
-3715
-2244
0
2412
4293
5568
5907
4974
3005
240
-2717
-5490
-7538
-7595
-5751
-3247
-355
2827
5679
7112
6130
3702
1060
-1638
-3809
-5491
-4980
-219
5058
7899
9289
8896
6644
1726
-5507
-10147
-11196
-10293
-6428
-737
5427
10778
13210
12591
8577
2336
-3254
-8039
-11448
-12080
-10145
-5787
-664
3530
7015
8892
8527
6895
3891
147
-2852
-5313
-7269
-8221
-7996
-6605
-5121
-3720
-1411
1463
3992
5606
6183
5885
4357
1948
-692
-3617
-5623
-5976
-5225
-3624
-1456
1001
3303
4801
5065
3935
2023
-86
-2265
-4170
-5524
-4064
659
4571
6462
7759
7677
5326
628
-4733
-7487
-7685
-6333
-2588
2144
6243
9507
10512
8505
4067
-1086
-5137
-7996
-9530
-8869
-5918
-1721
2371
5485
7402
7948
6949
4562
1116
-2522
-5278
-7174
-8395
-8423
-7056
-4872
-2753
-731
1485
3653
5114
5679
5696
4644
2654
651
-1851
-4544
-6142
-6226
-4921
-3156
-1169
1427
3724
4921
4780
3164
920
-1328
-3400
-5006
-5979
-4232
945
5579
7937
9391
9476
7496
2876
-3076
-6705
-7781
-7144
-4098
-69
3985
7700
9407
8813
5758
1361
-2138
-5150
-7651
-8346
-7121
-4037
-248
2839
5347
7011
6983
5160
1990
-1484
-4269
-6242
-7375
-7431
-6149
-3953
-1955
-203
1637
3271
4436
4761
4392
3648
2206
462
-1433
-3538
-4911
-5301
-4958
-4073
-2696
-330
2281
4337
5384
4897
3576
1630
-1007
-3575
-5898
-6481
-2974
1964
5410
8059
9439
9401
6338
3
-5045
-7299
-7260
-5133
-1907
1600
5140
7088
7103
4876
768
-2701
-5249
-7019
-8562
-8371
-5599
-1863
1350
4149
6220
7127
6184
2807
-499
-3752
-5895
-6698
-7036
-5855
-3299
-1629
-339
1393
2292
3470
4340
3970
3601
2775
1163
-214
-2059
-4438
-5876
-5614
-4569
-3057
-535
2095
4702
6706
6614
5171
2338
-1260
-4021
-6406
-8119
-7004
-1944
4150
8117
10268
11513
10425
5788
-1113
-6828
-9069
-9178
-7442
-3328
1699
6181
9118
9487
7166
2740
-1654
-4896
-7667
-8763
-7408
-3908
471
3731
5827
6999
6557
4175
1273
-1555
-3940
-4624
-4296
-3350
-1777
-257
470
528
201
80
595
1268
2117
3152
3387
2662
1420
-940
-3896
-5855
-6340
-5956
-4319
-1571
1836
4974
6345
5995
4100
656
-3278
-6559
-9013
-9871
-6764
-139
6169
10190
12395
12625
9687
3572
-3581
-8297
-10053
-9855
-6694
-1669
3061
7262
9565
8806
5804
1562
-2537
-5409
-7308
-7871
-6271
-3270
194
2846
4032
4445
3997
2322
-75
-2182
-3271
-3659
-3716
-3125
-2298
-2035
-2165
-2045
-1826
-1413
-167
1919
3933
4924
4744
3694
1172
-2483
-5406
-6694
-6536
-5140
-2424
1194
4600
6624
6816
5018
2171
-1048
-4311
-6480
-7545
-6776
-2551
3635
8865
12189
13358
12439
8974
2527
-4304
-8527
-10221
-9317
-6102
-1744
3177
7306
9609
9466
6619
2597
-1208
-4593
-7493
-9156
-8012
-4830
-1492
1578
4122
5881
6042
4479
2269
-246
-2350
-3701
-4532
-4581
-4359
-4141
-3484
-2667
-1756
-452
1020
2642
4014
4377
3680
2260
104
-2441
-4544
-5762
-5990
-5166
-3263
-632
1834
3696
4368
3847
2410
-31
-2707
-4861
-6222
-6109
-3776
1056
6417
9792
11516
11550
9242
4387
-2262
-7228
-9147
-9320
-7155
-3030
1772
6648
9623
10236
8679
4686
283
-3533
-7002
-8841
-8379
-5593
-1522
1856
4509
6453
6887
5926
3762
965
-1291
-2823
-3813
-4356
-4578
-4219
-3513
-2808
-2043
-1070
493
2286
3700
4785
4668
3319
1376
-1510
-4493
-6683
-7855
-7325
-5357
-2491
803
3687
5463
5659
4264
1489
-1655
-4303
-6094
-6578
-5286
-1155
4660
9158
11665
12264
10685
6509
-126
-6231
-9500
-10494
-8915
-4896
66
5188
9024
10566
9525
5478
680
-3298
-7075
-9812
-10219
-7840
-3921
-265
2745
5363
6963
6596
4750
2290
-398
-2655
-4112
-5241
-6099
-5875
-4453
-2772
-1539
-371
1696
4060
5350
5630
5285
4209
1844
-1413
-4406
-6736
-7904
-7579
-5595
-2562
247
2918
5155
5829
4873
2782
217
-2193
-4352
-5602
-5370
-3808
-5
5209
8705
10219
10378
8403
4492
-1110
-6125
-8095
-8089
-6200
-2415
1728
5849
8963
9699
8122
4466
392
-2972
-6374
-8612
-8308
-5971
-2401
975
3705
6073
6955
6077
4008
1072
-2079
-4290
-5455
-6266
-6318
-4957
-2869
-1265
-25
1250
2606
3676
3738
3194
2426
872
-1054
-2830
-4686
-5969
-5903
-4845
-3240
-1294
942
3481
5430
5778
4954
3371
1048
-1302
-3437
-5057
-5479
-4040
51
4985
8291
10313
10877
9111
4842
-949
-5539
-8078
-9069
-7477
-4042
-2
4287
7247
8367
7289
4086
761
-2929
-6817
-8828
-8425
-5972
-2695
493
3309
5175
5495
4133
1724
-854
-2957
-4250
-4869
-4782
-3938
-2564
-1095
-350
-187
170
554
936
1278
1267
1443
1313
462
-859
-2589
-3860
-4349
-4232
-3361
-1737
461
2519
3977
4638
4034
2509
488
-1706
-3385
-4123
-3880
-2420
959
5119
7858
9191
9280
7265
3570
-1199
-5668
-7979
-8335
-6639
-3013
973
4897
8176
9589
8561
5596
1905
-1926
-5358
-7528
-7710
-5843
-2824
447
3420
5423
6043
5207
3450
1293
-754
-2135
-3353
-4230
-4326
-4102
-3444
-2572
-1880
-806
540
1856
2715
2868
2795
2201
707
-1430
-3645
-5118
-5737
-5586
-4236
-2033
386
2608
4181
4663
3997
2579
613
-1409
-2969
-3764
-3550
-2881
-1289
1901
5073
6834
7398
6606
4631
1602
-2276
-5001
-5970
-5395
-3111
-149
3030
6087
7769
7693
5812
2736
-512
-3579
-6039
-7245
-6628
-4416
-1254
1916
4242
5705
6113
5090
3102
619
-1790
-3765
-5396
-6057
-5844
-5169
-3662
-1875
-483
599
1577
2312
2226
1524
813
-16
-1182
-2488
-3550
-4207
-4410
-4006
-2831
-1316
241
1807
2660
2791
2545
1778
475
-1027
-2362
-3224
-3517
-3466
-2465
318
3733
6031
7173
7552
6618
3955
79
-3324
-5091
-5562
-4433
-1756
1453
4677
7217
7971
6657
4082
939
-2196
-4530
-5497
-4564
-2230
464
3193
5264
5892
5227
3478
894
-1842
-4002
-5048
-4795
-3886
-2867
-1718
-721
-172
-345
-913
-1135
-886
-229
357
690
1014
943
25
-1477
-2904
-3866
-4131
-3748
-2633
-876
1192
3089
4182
4264
3406
1942
170
-1787
-3697
-4873
-4781
-3329
-344
3339
6177
7911
8175
6574
3748
-145
-3762
-5471
-5632
-4145
-1171
2029
4995
6608
6291
4929
2238
-942
-3378
-4872
-4570
-3211
-1399
1197
3026
3590
3511
2397
611
-1045
-2225
-2732
-2820
-2612
-2135
-1853
-2186
-2626
-2732
-2825
-2928
-2447
-1359
-41
1245
1851
1965
1810
998
-389
-1893
-2871
-3189
-2973
-2288
-718
1364
2894
3762
3790
2910
1300
-485
-2047
-3393
-3956
-3326
-2026
-13
3038
5795
6982
7197
6383
4328
1391
-2153
-4086
-4020
-3664
-2361
-38
2188
4194
4909
4368
3453
1519
-355
-1587
-2775
-2765
-1871
-801
467
1153
1515
1672
998
182
-412
-1176
-1651
-2135
-2960
-3556
-3984
-4514
-4960
-4719
-3497
-1827
-322
1260
2966
3647
3022
2215
969
-1180
-3008
-3845
-3747
-3169
-2195
-401
1803
3308
3691
3549
2716
1233
-192
-1465
-2521
-2893
-2352
-1358
-544
870
3784
5879
6188
6333
5746
3981
1382
-1497
-2856
-3160
-3231
-1772
337
2116
3842
4726
4533
3520
1735
-20
-1375
-2675
-3313
-3078
-2408
-1346
-432
135
844
1340
1016
349
-377
-1328
-2260
-3232
-3975
-4144
-4088
-3615
-2473
-1203
-15
1189
2355
3152
3005
2177
1490
472
-994
-2125
-2897
-3068
-2706
-2071
-932
545
1752
2626
3085
2902
2271
1333
142
-1266
-2276
-2662
-2705
-2282
-1346
921
4013
5686
6406
6515
5296
3217
3
-2739
-3858
-4580
-4086
-2203
-132
2150
3672
4260
4389
2687
689
-481
-2243
-3565
-3831
-3386
-2219
-1072
-150
683
977
690
151
-839
-1977
-2539
-2799
-3113
-3232
-3006
-2574
-2213
-1721
-794
121
983
1948
2341
2082
1493
803
-172
-1647
-2647
-2772
-2407
-1645
-592
800
2164
2814
3086
2966
2131
1091
157
-822
-1774
-2246
-2040
-1357
-491
625
2761
5335
6485
6517
5831
4267
2142
-905
-3122
-3453
-3259
-1778
403
2114
4034
4839
4493
3774
1713
-266
-1414
-2750
-3488
-3563
-3094
-2000
-1215
-611
166
652
695
382
-141
-1007
-1858
-2431
-3069
-3619
-3994
-3829
-3189
-2586
-1652
-358
874
1915
2421
2367
1693
567
-517
-1584
-2420
-2813
-2358
-1277
-313
1001
2397
2924
3079
2843
2188
1384
218
-630
-1185
-1755
-1908
-1612
-1254
-608
1346
3897
5259
5656
5633
4882
3389
657
-1879
-2694
-3052
-2442
-1045
31
1604
2645
2844
2814
1615
440
-187
-1304
-2272
-3144
-3512
-2869
-2349
-1799
-670
383
971
1202
949
275
-736
-1995
-2999
-3695
-4280
-4372
-3870
-2913
-1520
-208
1063
2237
2569
2566
2142
1008
-194
-1320
-2131
-2401
-2384
-1884
-846
391
1822
2989
3360
3159
2605
1584
226
-1066
-2214
-2875
-2756
-2269
-1293
-348
839
3615
5971
6335
6222
5656
4122
1706
-1497
-3325
-3503
-3665
-2639
-631
1025
2842
4095
4389
4021
2208
203
-1378
-3522
-5012
-5092
-4369
-2666
-641
1145
2754
3273
2819
1947
432
-1331
-2803
-3828
-4243
-4179
-3708
-2695
-1414
-364
412
1171
1782
2043
1996
1576
939
69
-1061
-2069
-2732
-3066
-2827
-2000
-731
1044
2628
3694
4158
3899
2971
1337
-406
-1732
-2801
-3187
-2579
-1463
-97
1378
3620
6195
6974
6238
5314
3805
1696
-1142
-3532
-3702
-3202
-2297
-303
1348
2727
3561
3327
2746
901
-1423
-2520
-3710
-4889
-5066
-4400
-2868
-1366
-265
782
1234
925
536
-136
-1478
-2656
-3113
-3150
-3264
-3179
-2398
-1643
-1179
-297
832
1763
2315
2647
2819
2122
711
-616
-1921
-2951
-3101
-2560
-1320
267
1709
3284
4018
3621
3072
1846
75
-1338
-2483
-3263
-3378
-2748
-1388
54
1018
2099
4074
5725
5623
4717
3687
2432
795
-1559
-2735
-2046
-1292
-48
1534
2559
3527
3593
2895
2247
459
-1230
-1745
-2632
-3455
-3571
-3138
-1933
-938
-364
576
1239
1354
1169
356
-743
-1576
-2316
-2996
-3535
-3531
-2927
-2265
-1388
-211
918
1933
2658
2795
2096
869
-247
-1387
-2599
-3204
-2864
-2014
-937
189
1436
2401
2472
2152
1502
313
-872
-1730
-2240
-2532
-2380
-1463
-542
153
894
1574
3005
4328
4068
3753
3300
2105
951
-1076
-2381
-1817
-1438
-370
1398
2270
3396
3947
3298
2610
789
-897
-1337
-2530
-3453
-3213
-2745
-1610
-588
170
1367
1935
1875
1679
711
-697
-1720
-2398
-2896
-3194
-2857
-1767
-644
279
1090
1747
2097
1913
1396
628
-271
-1123
-1910
-2409
-2497
-2297
-1666
-640
481
1545
2118
2135
2010
1268
8
-1008
-1585
-1793
-1812
-1440
-456
496
908
1226
1822
2976
3534
2824
2259
1766
940
-178
-1815
-2436
-1882
-1625
-912
38
571
1361
1551
1183
619
-740
-1394
-1605
-2395
-2681
-2609
-2062
-944
-349
244
1056
1306
1478
1186
278
-483
-1279
-1743
-1787
-1823
-1491
-861
-137
524
748
732
855
964
713
117
-295
-352
-556
-747
-672
-366
158
499
781
1280
1460
1372
1281
887
437
3
-477
-581
-623
-733
-203
359
563
947
1291
2278
3005
2382
2161
2050
1347
608
-696
-1245
-644
-542
99
928
1070
1658
1707
1186
816
-358
-1150
-1336
-2229
-2610
-2491
-2146
-835
18
530
1492
1860
1798
1226
64
-669
-1305
-2015
-2229
-2282
-2177
-1678
-1229
-930
-537
-100
343
722
719
376
14
-437
-1062
-1579
-1892
-1926
-1536
-1137
-610
127
412
436
449
331
126
-262
-438
-345
-358
-225
91
426
673
804
1587
2651
2645
2272
2271
2046
1482
223
-835
-548
-274
16
753
1303
2038
2219
1716
1298
150
-1149
-1805
-2490
-2831
-2846
-2471
-1189
12
747
1456
1827
1782
1317
433
-499
-1465
-2234
-2428
-2239
-1791
-1199
-488
354
837
1081
1213
1013
645
92
-336
-677
-1022
-1027
-946
-737
-429
-229
181
628
659
485
250
-201
-538
-776
-1147
-1202
-970
-670
-38
566
1074
1534
1664
1738
1640
1186
744
469
335
310
174
252
845
1318
1758
2249
2226
1961
1371
534
-178
-1149
-1898
-1970
-1707
-1330
-890
-266
427
861
927
765
447
-9
-467
-913
-1341
-1700
-1849
-1668
-1324
-830
-347
-29
390
753
797
440
-176
-532
-760
-1135
-1258
-1033
-523
176
590
734
940
836
399
-159
-837
-1083
-1199
-1465
-1156
-610
-123
420
818
1209
1281
856
524
240
-165
-460
-369
311
1005
1462
2012
2306
2271
1957
1176
646
423
115
-33
-105
29
347
317
89
-69
-170
-369
-702
-804
-758
-639
-342
-103
-52
-193
-417
-591
-1049
-1609
-1758
-1698
-1514
-1354
-1184
-697
-386
-473
-529
-662
-821
-761
-647
-396
-29
256
589
846
669
243
-131
-454
-712
-917
-912
-524
-83
269
712
1063
1173
1061
697
380
197
-60
-4
202
359
989
1632
1838
1869
1543
1218
983
282
-212
-154
40
454
798
951
1289
1323
920
456
-101
-475
-679
-911
-765
-483
-397
-112
267
375
177
-94
-220
-319
-612
-880
-878
-766
-741
-828
-898
-992
-1061
-1064
-974
-741
-541
-321
-76
31
153
124
-111
-227
-448
-634
-590
-539
-398
-195
88
497
722
810
981
1000
829
647
505
474
481
452
507
571
515
586
830
822
655
612
589
660
619
462
633
793
698
609
430
379
363
-6
-296
-451
-764
-894
-930
-1009
-846
-658
-354
96
119
-53
-151
-467
-843
-1260
-1628
-1742
-1871
-1974
-1852
-1658
-1417
-1156
-914
-588
-322
-226
-228
-289
-351
-435
-573
-715
-698
-535
-344
-86
161
387
727
943
1011
1106
1097
1101
1139
1082
1117
1038
884
1014
1147
1168
1184
1397
1691
1611
1419
1354
1315
1157
788
702
801
675
651
575
358
310
80
-170
-330
-622
-624
-613
-825
-754
-602
-389
-209
-346
-283
-244
-545
-853
-1348
-1702
-1707
-1871
-1865
-1538
-1206
-825
-568
-453
-360
-535
-749
-771
-925
-1053
-942
-669
-363
-241
-107
227
360
248
246
213
224
379
428
453
587
813
1009
1042
1060
1233
1291
1233
1235
1195
1120
1128
1268
1325
1159
1061
1198
1312
1078
763
848
936
803
678
456
309
169
-199
-425
-669
-847
-679
-649
-694
-620
-653
-584
-610
-891
-1003
-1096
-1186
-1241
-1441
-1427
-1260
-1208
-1159
-1102
-973
-953
-1111
-1126
-1089
-1178
-1150
-1019
-911
-747
-445
-10
311
302
231
305
266
89
-77
-157
-20
213
321
495
790
1017
1181
1186
1163
1189
962
795
887
848
833
888
969
1141
1066
1056
1247
1144
975
921
780
580
235
-30
-37
-150
-210
-123
-113
19
87
-14
-177
-371
-405
-500
-774
-905
-926
-1040
-1140
-1172
-1134
-1158
-1200
-1022
-878
-852
-808
-663
-518
-614
-703
-649
-665
-717
-714
-594
-350
-211
-109
113
252
302
276
215
223
158
150
336
517
647
814
1048
1242
1218
1054
1005
1070
997
900
1091
1222
1186
1128
1036
1069
965
813
991
1081
1021
1058
905
766
585
163
83
8
-251
-203
-238
-211
-63
-270
-296
-297
-646
-839
-1061
-1284
-1294
-1457
-1511
-1359
-1393
-1284
-1104
-1089
-1024
-1096
-1171
-1158
-1321
-1394
-1259
-1159
-1072
-975
-802
-508
-306
-151
30
167
215
162
46
-22
-66
-113
-37
112
311
475
726
1011
1159
1205
1205
1225
1301
1176
918
866
770
646
654
733
939
1141
1242
1478
1537
1285
985
524
61
-283
-631
-664
-396
-189
139
394
462
481
158
-318
-660
-1096
-1456
-1515
-1461
-1247
-992
-790
-498
-363
-464
-532
-649
-853
-1000
-1055
-1005
-949
-860
-691
-556
-443
-329
-193
-7
128
238
386
375
259
174
50
-70
-128
-35
232
505
815
1141
1346
1472
1441
1181
871
537
259
135
38
285
661
843
1182
1495
1590
1450
1017
678
335
-239
-531
-559
-496
-260
-60
214
480
435
328
121
-264
-549
-780
-958
-980
-993
-956
-872
-898
-883
-898
-944
-814
-704
-636
-498
-350
-243
-283
-446
-577
-728
-925
-1001
-937
-721
-391
-69
274
492
540
556
437
228
21
-224
-287
-195
-26
324
673
953
1149
1113
1002
863
572
356
235
211
402
569
841
1149
1194
1208
1063
702
468
222
20
-1
-38
78
197
136
240
239
46
-71
-269
-397
-477
-663
-639
-539
-608
-626
-731
-936
-1075
-1261
-1344
-1361
-1354
-1068
-736
-522
-338
-334
-410
-580
-915
-1163
-1311
-1317
-1005
-621
-207
210
486
698
668
432
246
5
-205
-209
-176
54
426
706
1088
1339
1357
1383
1182
850
606
372
306
361
482
784
1036
1191
1351
1309
1181
974
644
436
207
15
13
-31
-45
8
15
93
85
2
56
42
-24
-125
-390
-565
-699
-894
-964
-1038
-1028
-805
-645
-472
-281
-246
-202
-233
-370
-396
-471
-555
-491
-502
-497
-457
-424
-244
-155
-108
66
182
284
375
382
405
364
286
331
323
326
393
429
514
563
537
540
533
555
575
553
623
619
546
483
323
189
61
-78
-62
-52
-68
-44
-85
-64
-106
-241
-295
-416
-539
-573
-644
-645
-580
-611
-608
-659
-765
-727
-773
-825
-790
-866
-821
-698
-683
-561
-470
-439
-306
-268
-224
-121
-138
-100
-84
-135
-111
-142
-104
31
132
342
619
787
974
1067
1008
914
674
469
341
186
188
285
436
723
955
1133
1245
1150
1062
866
499
236
-45
-260
-254
-219
-35
256
424
625
673
530
381
44
-318
-571
-833
-940
-937
-954
-806
-610
-471
-337
-334
-327
-327
-517
-734
-920
-1103
-1152
-1167
-1105
-856
-608
-361
-85
109
226
252
184
138
23
-160
-248
-269
-256
-132
114
441
734
948
1158
1256
1168
975
774
543
344
242
249
407
587
826
1100
1271
1311
1226
997
713
419
89
-157
-307
-336
-201
-41
172
407
495
522
403
124
-180
-523
-793
-931
-1028
-1017
-860
-719
-558
-434
-387
-344
-422
-529
-631
-768
-825
-851
-889
-863
-852
-798
-634
-531
-381
-224
-188
-77
3
10
31
-49
-102
-96
-169
-172
-92
3
203
394
558
730
771
751
656
446
292
178
100
134
210
349
520
642
753
818
791
720
561
332
101
-152
-348
-422
-435
-332
-164
-11
168
230
178
90
-83
-324
-562
-783
-880
-881
-878
-727
-506
-325
-117
35
80
29
-121
-275
-416
-570
-632
-564
-449
-280
-70
143
326
409
428
434
377
297
237
185
152
145
199
309
424
533
626
671
676
643
562
465
398
357
362
359
339
354
369
380
362
353
383
384
339
271
183
73
-26
-112
-155
-188
-247
-250
-266
-316
-368
-433
-488
-535
-583
-607
-629
-645
-616
-602
-602
-557
-483
-427
-408
-417
-384
-366
-380
-386
-370
-331
-286
-198
-99
-60
-22
57
118
169
200
234
263
276
309
336
338
343
381
394
397
445
496
523
516
508
484
433
396
382
365
337
335
322
273
236
202
188
164
125
62
-3
-73
-128
-162
-231
-245
-252
-282
-304
-337
-343
-375
-471
-528
-519
-533
-552
-500
-418
-352
-310
-256
-206
-234
-289
-302
-308
-340
-339
-305
-251
-188
-115
-22
37
71
113
148
144
141
138
108
107
143
203
224
231
297
375
439
489
537
549
487
411
343
271
181
115
101
96
117
188
254
336
377
392
400
306
165
46
-86
-211
-295
-357
-334
-247
-178
-86
7
60
81
41
-12
-81
-217
-333
-374
-421
-441
-417
-359
-261
-194
-138
-74
-40
-39
-66
-121
-178
-241
-303
-308
-292
-240
-146
-84
-14
67
122
146
136
118
101
62
32
4
-20
4
47
92
160
218
262
314
331
324
326
287
232
180
132
110
112
139
188
232
254
259
219
164
121
92
70
66
70
71
69
51
32
3
-29
-63
-91
-126
-137
-136
-152
-143
-129
-126
-124
-122
-115
-107
-124
-144
-149
-172
-206
-220
-240
-253
-238
-240
-221
-194
-198
-208
-204
-210
-204
-199
-214
-204
-233
-261
-245
-219
-189
-168
-133
-91
-62
-57
-34
-22
-17
7
20
45
68
96
127
145
155
162
165
178
220
258
285
310
333
355
348
323
322
319
307
311
310
310
324
318
304
302
290
275
253
226
183
145
118
88
83
79
51
29
14
-18
-61
-98
-129
-152
-171
-179
-196
-212
-223
-233
-245
-242
-237
-262
-273
-273
-283
-310
-333
-350
-360
-371
-389
-376
-322
-272
-218
-136
-82
-48
-32
-29
-36
-85
-114
-114
-112
-81
-16
50
124
189
252
284
280
283
279
253
210
183
170
173
179
208
254
313
364
409
430
405
368
314
265
205
126
47
-7
-31
-24
5
32
62
58
21
-42
-109
-185
-265
-328
-367
-369
-370
-350
-346
-330
-302
-293
-295
-313
-327
-353
-390
-429
-438
-439
-430
-378
-314
-233
-154
-85
-33
-12
-13
-20
-21
-11
5
11
39
88
162
245
303
354
400
424
429
413
375
333
313
308
286
281
311
356
403
452
492
489
439
389
333
253
166
92
47
23
8
22
34
18
14
-9
-38
-93
-167
-226
-282
-319
-335
-345
-353
-342
-344
-340
-327
-326
-319
-306
-295
-299
-305
-301
-299
-310
-318
-288
-240
-209
-156
-105
-56
-17
0
26
40
39
51
95
123
124
137
155
173
194
227
274
299
314
339
349
334
311
290
281
277
273
280
295
297
296
288
262
214
168
134
98
68
31
-2
-45
-83
-105
-136
-165
-183
-193
-209
-243
-265
-270
-294
-314
-311
-314
-327
-325
-326
-314
-304
-299
-284
-276
-270
-263
-249
-235
-222
-206
-179
-151
-130
-121
-104
-70
-40
-3
42
83
122
151
170
191
205
206
213
234
255
277
304
330
343
351
360
352
344
341
316
293
275
269
262
256
256
243
221
198
185
164
133
85
35
-11
-50
-83
-100
-108
-125
-140
-169
-192
-211
-229
-248
-260
-280
-305
-320
-323
-338
-360
-359
-355
-355
-341
-321
-314
-295
-283
-267
-245
-233
-221
-196
-181
-176
-148
-119
-106
-82
-33
18
59
89
123
159
176
184
194
221
239
253
283
308
333
340
357
360
340
320
304
304
293
289
306
321
327
326
317
305
268
214
165
132
107
80
63
56
60
54
41
8
-31
-69
-115
-160
-177
-176
-193
-208
-214
-215
-233
-254
-267
-282
-306
-311
-305
-315
-316
-307
-300
-295
-297
-289
-268
-256
-249
-228
-199
-171
-149
-117
-87
-64
-45
-40
-26
-6
-12
3
30
56
84
96
118
134
125
106
122
143
151
161
189
218
211
211
218
208
185
177
172
161
140
116
127
125
100
103
117
106
90
68
40
12
-14
-27
-26
-29
-33
-42
-38
-20
-20
-18
-17
-30
-47
-67
-87
-95
-86
-67
-59
-55
-41
-42
-48
-47
-43
-37
-48
-57
-54
-55
-62
-56
-33
-28
-15
7
9
4
-2
-2
2
8
11
24
43
59
66
54
57
46
43
65
84
97
90
87
77
52
18
0
-6
-8
-19
-18
-3
-11
-32
-46
-38
-49
-48
-48
-52
-70
-95
-93
-88
-71
-51
-24
3
10
6
-7
-7
-10
-1
6
9
29
31
20
1
-9
-3
8
27
50
66
63
49
38
35
35
20
19
22
26
22
22
28
27
14
4
22
20
13
12
3
-5
-14
-14
1
6
-4
6
4
-17
-31
-29
-27
-52
-58
-64
-77
-78
-68
-60
-67
-79
-81
-71
-72
-71
-75
-82
-86
-82
-80
-86
-77
-65
-71
-76
-75
-67
-60
-39
-25
-24
-20
-22
-1
11
1
6
16
22
31
43
52
73
81
97
131
144
141
146
148
145
145
138
130
131
136
129
128
137
129
117
122
119
100
71
38
25
18
0
0
-10
-30
-30
-33
-35
-41
-40
-27
-16
-21
-25
-18
-33
-53
-62
-61
-65
-54
-49
-54
-50
-54
-59
-68
-75
-79
-81
-87
-96
-91
-87
-85
-66
-78
-71
-77
-84
-86
-98
-84
-73
-56
-46
-2
24
47
49
45
52
38
33
49
67
57
64
65
69
75
76
95
101
103
94
81
66
47
34
31
43
37
42
41
26
33
31
23
3
-9
-19
-29
-30
-31
-30
-55
-70
-82
-91
-93
-97
-92
-101
-102
-101
-98
-90
-91
-96
-89
-74
-76
-72
-64
-53
-34
-34
-25
-13
-3
11
21
34
48
51
66
82
80
68
69
71
66
76
71
71
66
63
60
62
55
47
48
42
47
41
41
56
58
47
37
40
47
47
20
9
2
-9
-11
-8
0
5
-6
-33
-30
-40
-49
-43
-46
-54
-73
-89
-99
-96
-99
-87
-61
-40
-40
-47
-16
9
8
-5
-1
3
3
16
14
19
24
43
55
65
66
55
62
54
34
30
34
20
21
31
48
55
63
73
70
79
63
54
59
46
40
37
37
36
28
11
-2
-10
-20
-31
-33
-33
-32
-28
-43
-49
-52
-44
-24
-21
-22
-27
-29
-43
-70
-90
-106
-120
-128
-115
-102
-103
-89
-70
-63
-66
-62
-52
-53
-47
-51
-61
-63
-58
-41
-24
-7
2
13
32
27
28
36
44
54
63
80
86
93
84
82
80
60
54
50
56
48
22
23
23
16
14
16
21
18
25
28
35
37
30
21
7
-16
-27
-27
-35
-26
-27
-25
-18
-10
0
11
18
26
26
5
2
8
8
-13
-4
2
-1
3
-3
-8
-17
-15
-11
1
-10
-28
-38
-49
-60
-60
-53
-35
-29
-20
4
23
19
-2
-6
-6
9
15
23
38
34
52
64
63
50
33
43
49
41
43
44
37
25
20
24
21
7
4
21
36
33
35
32
25
17
1
-5
-14
-33
-30
-24
-20
-22
-28
-30
-27
-30
-41
-26
-27
-22
-14
-21
-22
-33
-44
-57
-55
-51
-38
-23
-25
-22
-21
-7
-2
0
5
-13
-18
-12
-34
-40
-32
-18
-10
-12
-7
-5
-11
-20
-21
-14
-20
-38
-47
-44
-35
-26
-6
9
11
18
25
33
21
9
14
27
39
47
53
61
50
35
36
43
56
53
44
33
18
11
10
7
8
2
-8
-6
-5
-4
-19
-18
-4
-4
-8
-16
-6
-10
-26
-28
-23
-14
-26
-34
-15
-6
-4
-1
7
12
16
6
-8
-9
-15
-13
-6
3
7
1
-20
-36
-28
-21
-12
3
22
36
31
21
22
22
16
21
26
31
27
14
14
5
9
18
24
35
58
74
63
60
44
40
40
30
34
37
33
15
12
18
6
1
8
2
-4
-6
-3
-9
-25
-33
-32
-40
-69
-95
-94
-98
-106
-91
-78
-49
-19
-6
-7
-12
-15
-21
-28
-32
-27
-12
2
9
19
25
13
4
4
3
12
6
7
21
26
32
30
35
33
32
32
16
0
-18
-31
-32
-22
-19
-27
-26
-26
-38
-47
-45
-42
-49
-52
-40
-23
-13
-3
14
28
33
31
28
16
8
4
-1
-3
-13
-6
-8
-12
-11
-1
8
4
13
11
2
-6
-7
2
0
6
29
50
60
64
66
65
51
44
39
23
13
15
22
31
35
28
19
18
15
2
-15
-20
-24
-21
-17
-32
-39
-45
-46
-34
-31
-38
-35
-19
-8
9
16
16
20
16
26
33
32
28
27
26
16
9
-1
-11
-24
-32
-40
-28
-5
0
3
0
1
-6
-9
-15
-24
-20
-12
3
20
37
46
61
58
56
49
35
31
21
10
9
14
4
-2
5
8
5
5
5
-5
-2
-4
-20
-26
-24
-32
-32
-28
-25
-21
-33
-51
-57
-52
-47
-42
-34
-17
-8
-11
-15
-20
-22
-38
-60
-46
-23
-12
5
9
5
-1
-11
-14
-8
-9
-10
-5
-4
-4
12
24
28
35
27
23
25
13
6
-4
-26
-30
-19
-14
-9
4
-11
-25
-25
-27
-13
-3
0
12
22
15
6
10
11
6
3
6
14
17
17
12
14
19
25
22
12
0
-10
1
6
3
8
16
18
27
37
35
31
20
16
20
16
23
45
52
49
49
41
43
37
17
19
29
22
6
-1
5
1
-2
-7
-11
-17
-19
-19
-25
-29
-36
-35
-32
-20
-19
-19
-14
-3
5
-7
-10
-5
0
-12
-9
6
6
5
5
14
12
-10
-14
1
6
-13
-21
-20
-25
-27
-19
-1
4
6
8
-1
8
8
-9
-8
-7
-9
5
9
-3
-23
-32
-24
-25
-29
-27
-5
0
-9
-7
-16
-25
-18
-7
-2
-2
-6
0
2
3
9
10
4
2
16
19
8
3
0
-7
-1
16
19
17
13
2
-11
-18
-21
-30
-36
-33
-33
-40
-50
-58
-52
-48
-52
-47
-33
-26
-34
-27
-15
-4
15
22
19
14
3
8
16
24
35
43
46
48
55
50
37
27
13
4
22
34
36
40
53
63
56
44
48
46
31
29
40
46
51
57
51
42
38
23
8
-7
-11
-16
-30
-31
-26
-19
-19
-20
-27
-41
-43
-43
-44
-51
-61
-48
-33
-18
-11
-7
-5
-8
6
11
19
28
23
23
32
37
23
21
40
45
45
29
18
16
4
-7
-4
12
7
-3
-1
-5
-24
-42
-45
-48
-37
-26
-32
-22
-9
-18
-31
-33
-34
-38
-40
-46
-43
-44
-47
-37
-33
-39
-43
-32
-25
-20
-12
-12
-10
-1
7
5
7
19
27
38
46
47
46
47
41
30
21
16
21
30
35
24
11
-16
-35
-27
-29
-34
-33
-27
-18
-25
-25
-16
-9
-5
9
2
-14
-23
-19
7
21
16
9
14
2
-4
-2
-16
-18
-9
-14
-12
12
19
14
14
-5
-10
-6
-11
-1
6
13
17
27
33
38
32
24
29
38
58
66
67
71
71
59
51
54
36
16
-7
-20
-29
-40
-34
-25
-34
-47
-40
-33
-22
-1
10
6
-3
-9
-6
9
11
4
-3
-7
-5
-11
-11
-7
1
4
-1
11
22
29
30
24
9
1
2
25
56
59
53
50
42
33
31
21
2
-3
-8
-16
-36
-47
-48
-60
-59
-57
-64
-60
-47
-38
-33
-29
-43
-49
-45
-48
-52
-46
-50
-45
-36
-44
-34
-26
-30
-22
-11
-15
-21
-27
-36
-39
-51
-47
-31
-11
13
24
26
20
28
25
11
7
7
14
18
30
27
38
52
58
75
71
65
47
42
41
38
40
38
37
20
8
2
5
2
-15
0
-3
-7
2
3
8
5
12
17
23
32
34
24
6
0
-12
-8
-6
-7
0
-4
-6
-7
-2
0
-4
-10
-19
-25
-26
-23
-17
-15
-5
12
20
18
9
5
-2
-17
-17
-7
2
-5
-17
-17
-19
-27
-17
-3
1
9
10
12
1
-20
-28
-22
-16
-19
-10
9
21
22
28
38
31
37
39
15
4
-1
-4
-3
10
20
26
21
9
13
4
-10
-12
-12
-8
-13
-3
10
9
-2
-11
-10
-17
-20
-20
-16
-19
-20
-20
-18
-12
-12
-14
-25
-34
-28
-20
-10
-4
-5
-1
7
9
-13
-36
-55
-72
-72
-46
-25
-26
-9
21
37
36
44
50
50
46
45
48
41
29
26
22
5
-4
4
19
35
41
40
48
53
49
35
20
9
4
-4
-11
1
10
-5
-13
-16
-43
-69
-64
-52
-58
-67
-70
-58
-54
-67
-71
-66
-59
-40
-28
-20
-19
-20
-16
-13
-21
-33
-28
-14
5
12
5
12
22
30
40
41
38
28
26
48
65
79
88
84
72
65
63
61
65
65
60
58
45
43
46
38
32
24
13
9
-2
-12
-2
-16
-36
-33
-38
-42
-39
-41
-32
-36
-52
-55
-42
-27
-14
-18
-35
-30
-22
-6
4
-1
10
14
10
10
-6
-21
-33
-34
-33
-28
-22
-12
-3
7
21
22
25
35
46
43
40
38
33
30
10
-2
5
5
12
20
14
22
27
36
30
9
8
15
10
-8
-19
-18
-24
-42
-48
-51
-58
-64
-53
-36
-36
-46
-52
-59
-69
-72
-62
-49
-46
-38
-30
-37
-45
-51
-45
-23
-21
-42
-51
-39
-24
-22
-17
-5
20
28
15
8
1
-12
-10
12
18
19
21
42
61
66
70
78
89
86
80
75
80
97
99
101
98
83
65
47
34
32
31
29
39
59
71
64
51
27
12
8
-12
-17
-14
-15
-23
-38
-43
-42
-57
-60
-39
-32
-38
-37
-38
-38
-42
-48
-43
-52
-67
-70
-75
-75
-63
-55
-56
-59
-54
-44
-43
-43
-30
-20
-21
-19
-10
-13
-17
-14
3
29
48
59
64
69
68
59
46
41
38
35
49
57
44
35
34
44
50
48
47
39
37
24
7
-2
2
2
-4
-1
-3
-6
-10
-26
-23
-22
-29
-21
-16
-19
-30
-17
-1
10
11
0
3
0
-17
-25
-27
-33
-40
-44
-46
-48
-55
-63
-57
-29
-17
-33
-38
-46
-51
-42
-42
-31
-16
-2
1
4
17
31
35
33
29
12
-9
-18
-21
-26
-11
11
28
44
48
48
48
40
24
21
10
-7
-17
-12
2
8
9
5
4
4
1
3
15
20
11
7
6
4
16
22
20
15
5
3
12
9
19
42
48
48
44
35
22
13
22
31
23
19
8
12
26
12
3
19
15
-2
-13
-26
-40
-55
-74
-81
-74
-77
-67
-44
-12
7
21
29
27
20
5
13
28
29
23
12
-1
-3
-10
-1
7
7
24
40
41
31
11
2
6
-4
-8
-12
-18
-22
-7
17
21
26
26
25
17
-6
-28
-37
-38
-30
-26
-34
-46
-47
-39
-32
-13
4
12
16
11
7
6
-15
-26
-33
-46
-56
-59
-46
-29
-28
-26
-14
-13
-12
-9
-9
-11
-10
-13
-17
-11
-7
-13
-11
0
7
14
11
14
6
-6
-6
-7
-10
0
2
1
19
30
35
41
47
62
75
69
59
56
57
51
43
38
44
44
38
30
32
35
25
15
6
-12
-31
-28
-29
-35
-28
-25
-24
-17
-20
-21
-17
-21
-26
-31
-35
-31
-35
-42
-41
-37
-33
-36
-38
-35
-30
-23
-29
-24
-15
-24
-30
-23
-26
-23
-5
11
35
39
25
31
45
40
36
48
60
56
44
58
78
93
95
85
85
76
58
56
58
45
30
27
29
36
37
21
3
0
-3
-17
-21
-14
-17
-31
-49
-61
-51
-40
-42
-49
-55
-80
-110
-107
-102
-108
-106
-92
-91
-98
-95
-90
-73
-64
-72
-60
-45
-30
-11
-2
8
10
13
24
37
34
26
30
43
40
44
58
59
59
58
52
52
44
45
60
60
49
37
29
26
10
5
20
29
28
38
47
33
24
25
29
20
-1
-1
18
24
17
12
17
13
10
19
16
2
-3
0
-6
-19
-33
-38
-39
-47
-50
-52
-57
-74
-79
-62
-55
-61
-56
-52
-62
-54
-41
-36
-46
-51
-35
-25
-26
-17
-2
-4
-10
-15
-22
-19
-20
-24
-10
7
22
39
51
66
81
80
72
60
47
41
43
44
50
56
63
73
71
75
82
77
63
52
42
36
34
35
57
68
51
44
51
46
28
16
12
7
-3
-3
0
5
-10
-35
-37
-35
-43
-52
-52
-51
-51
-54
-66
-77
-96
-101
-90
-83
-83
-87
-91
-94
-92
-82
-70
-64
-63
-53
-44
-48
-49
-35
-30
-23
2
25
51
53
44
53
59
45
33
27
11
5
-4
1
25
38
47
56
62
54
37
27
24
30
34
36
33
34
34
25
35
45
36
34
41
30
16
20
14
11
23
16
-7
-31
-50
-50
-49
-51
-38
-36
-53
-62
-51
-30
-23
-22
-17
-25
-42
-47
-37
-35
-41
-47
-34
-1
5
2
7
15
16
9
9
24
28
14
7
12
2
-8
4
22
30
23
19
22
35
34
37
37
22
23
38
42
46
58
60
58
58
55
37
6
-10
-5
11
13
4
-3
1
15
20
10
4
-5
-4
4
-4
-19
-24
-14
-11
-17
-16
-13
-10
-10
-11
-15
-36
-50
-41
-32
-25
-15
-3
10
25
23
9
3
-4
-11
-13
-24
-36
-23
-3
5
0
-4
-13
-22
-24
-31
-38
-50
-58
-56
-51
-54
-62
-59
-42
-27
-31
-22
-12
-10
-14
-19
-6
2
2
4
16
39
54
61
70
62
37
22
27
27
15
5
8
24
38
39
44
47
19
0
1
-15
-17
-3
10
20
18
8
-10
-25
-31
-31
-20
-15
-10
5
15
10
-2
-3
1
-3
-1
-4
-4
12
18
26
24
17
17
7
-2
-2
3
1
15
24
11
-3
-18
-9
-4
-3
6
4
6
9
6
-1
-5
-1
10
26
33
40
26
6
-3
0
4
-5
-12
-15
-19
-33
-43
-38
-20
-14
-18
-18
-22
-19
-17
-18
-15
-26
-45
-42
-29
-4
12
19
13
4
5
-6
-13
-8
8
8
5
15
24
40
33
23
40
53
40
38
48
36
31
26
21
21
9
8
9
5
-17
-34
-31
-27
-24
-19
-15
-21
-17
-13
-20
-17
-32
-30
-25
-17
-7
-4
4
5
21
20
7
1
0
5
1
-4
-16
-23
-28
-32
-19
-3
4
14
26
20
-3
-21
-34
-41
-47
-36
-9
5
2
-1
-11
-22
-16
-7
0
3
6
2
-5
1
8
20
31
35
36
38
37
37
29
4
-5
14
29
39
45
42
26
-2
-24
-39
-46
-42
-33
-34
-44
-47
-44
-23
-13
-21
-22
-21
-13
-8
1
18
12
1
6
1
-9
-14
-22
-17
-2
5
20
37
27
13
9
13
12
9
20
32
29
31
38
29
8
-6
5
12
-2
3
16
28
40
46
48
47
46
45
38
15
6
20
32
32
12
0
-7
-21
-36
-45
-36
-31
-20
-3
5
3
5
13
16
8
-24
-40
-32
-30
-13
1
-2
-4
-6
-15
-20
-17
-21
-15
-11
-11
3
5
-10
-19
-20
-24
-35
-55
-49
-26
-16
-7
0
-2
-6
-5
-1
-4
-15
-20
-18
-9
0
-3
1
13
2
-4
6
-3
-20
-32
-25
-14
-5
2
-4
-10
-9
-8
0
18
29
37
22
0
-5
-4
-16
-13
-4
-5
-22
-36
-35
-36
-26
-11
11
32
38
38
30
23
8
8
18
18
29
36
43
50
56
46
45
42
19
8
11
18
17
23
43
46
30
20
15
9
-19
-37
-37
-45
-30
-5
-13
-32
-46
-44
-38
-40
-39
-34
-34
-41
-33
-16
-3
8
23
36
35
29
24
25
21
31
54
63
66
53
49
47
30
28
33
20
18
37
43
8
-30
-35
-34
-48
-52
-38
-26
-27
-30
-24
-19
-31
-38
-26
-24
-37
-46
-43
-35
-46
-61
-51
-34
-32
-31
-31
-23
-4
18
36
46
45
36
28
13
-2
-1
13
26
38
42
33
21
6
-13
-22
-24
-29
-32
-34
-25
-11
5
14
25
34
44
49
33
13
25
38
25
25
23
22
27
28
33
24
-9
-37
-43
-44
-48
-34
-16
-2
-4
-5
-2
-26
-50
-52
-53
-49
-43
-49
-51
-48
-38
-34
-50
-63
-51
-28
-6
15
20
24
19
7
19
35
35
29
43
60
56
34
10
-4
-11
-11
2
12
12
19
34
35
24
4
-12
-5
11
10
14
26
41
61
69
67
60
42
25
21
28
25
15
14
22
22
16
11
4
-1
-8
-5
5
2
-9
-17
-10
-16
-29
-32
-30
-16
6
25
26
14
4
-14
-37
-53
-52
-43
-40
-36
-34
-24
-22
-11
-9
-22
-17
-16
-31
-44
-31
-14
-6
3
9
16
9
-3
3
17
19
17
18
23
29
28
21
22
17
13
8
5
5
-9
-25
-17
9
4
-6
-18
-33
-34
-38
-34
-30
-25
-22
-19
-22
-21
-19
-21
-13
0
20
26
20
21
21
22
7
3
9
5
7
2
2
14
11
15
15
-3
-13
-13
-9
-5
-12
-35
-32
-32
-63
-78
-82
-70
-42
-23
9
40
54
58
62
63
51
41
20
8
14
16
8
14
30
37
34
34
41
52
48
40
40
25
2
-11
-7
11
21
7
10
6
-5
-2
-8
3
16
-2
-13
-4
2
-6
-16
-15
-7
-12
-20
-5
1
-8
-9
-4
-13
-27
-33
-38
-38
-40
-49
-38
-18
-6
-8
-11
-3
7
16
14
8
-7
-13
-11
2
14
26
51
53
37
39
47
44
40
27
19
30
32
36
37
31
19
7
-7
-21
-24
-30
-44
-45
-35
-24
-2
19
19
4
15
9
-22
-44
-54
-57
-56
-48
-40
-28
-26
-30
-40
-54
-60
-49
-42
-36
-33
-32
-30
-34
-32
-23
-13
-25
-28
-24
-19
0
6
14
14
19
41
51
43
42
48
48
48
36
37
40
41
42
38
23
5
0
0
7
23
37
48
63
57
47
48
41
32
29
30
38
34
18
18
2
-24
-29
-26
-32
-39
-39
-35
-46
-55
-56
-45
-29
-28
-31
-35
-37
-40
-42
-54
-58
-55
-58
-40
-11
7
23
24
17
14
0
-9
-5
3
10
16
35
38
18
1
6
13
13
4
10
23
14
1
2
10
14
18
20
30
21
7
15
25
28
30
38
48
57
57
56
61
45
17
15
15
18
30
42
41
37
41
38
24
0
-4
2
-10
-29
-27
-13
-18
-23
-18
-13
-17
-22
-32
-36
-45
-53
-44
-37
-44
-54
-53
-60
-76
-78
-79
-83
-88
-80
-69
-68
-61
-50
-51
-52
-41
-28
-21
-17
-9
7
5
-4
5
14
10
6
13
35
45
45
64
65
40
21
26
41
47
42
45
53
45
40
36
24
28
47
57
55
56
50
30
9
14
18
-9
-16
2
19
14
-9
-10
0
-20
-31
-19
-24
-42
-52
-57
-60
-51
-24
10
19
12
15
18
4
-13
-22
-31
-25
-15
-1
6
0
-10
-14
-18
-20
-18
-23
-18
5
16
15
13
9
13
15
6
2
-1
-5
3
15
20
33
49
54
55
50
46
45
23
14
34
43
35
44
58
47
15
9
19
20
10
2
7
2
-14
-24
-25
-38
-35
-16
-18
-31
-25
-6
0
-7
-5
2
-2
0
-8
-14
-18
-12
-5
-10
-18
-10
4
-5
-14
6
7
-23
-40
-37
-42
-71
-88
-88
-82
-61
-35
-12
-25
-45
-36
-23
-28
-34
-24
-16
-16
-10
-13
-28
-34
-25
-21
-24
-12
18
31
30
56
72
50
22
21
31
13
0
24
17
-14
-15
6
-1
-5
11
19
12
-10
-2
12
-4
-10
4
-2
-14
-5
9
4
4
12
26
35
47
62
59
45
55
75
72
57
60
73
51
40
56
55
41
46
47
26
16
18
5
-21
-40
-30
-22
-36
-29
-5
-13
-34
-27
-9
-32
-50
-32
-15
-22
-35
-30
-32
-55
-67
-56
-44
-29
-11
4
0
5
18
16
-7
-19
-15
-12
-17
-20
-14
-13
-12
2
10
-1
2
23
36
40
30
23
20
14
5
0
-3
-3
2
0
13
30
31
26
26
22
7
12
16
5
-8
-9
1
4
-10
-21
-12
-5
-10
-17
-17
-21
-24
-24
-21
-17
-14
-17
-28
-26
-42
-51
-44
-40
-20
-11
-28
-20
-7
-17
-12
-3
-6
-7
-11
-15
-21
-43
-51
-49
-39
-17
3
17
31
39
22
14
15
1
3
-1
-5
20
33
34
45
45
43
46
32
12
-5
-4
12
12
-4
-1
22
26
25
26
24
16
12
15
15
12
17
29
14
-5
-11
-18
-14
-9
-3
9
22
32
54
56
35
40
40
17
5
10
1
-7
6
12
5
9
10
22
23
16
21
16
5
-12
-8
7
-9
-31
-27
-33
-39
-35
-37
-33
-19
-11
1
0
-6
-12
-23
-23
-33
-40
-42
-27
-10
-2
0
-4
-6
-15
-7
11
12
7
17
31
18
-11
-32
-37
-46
-42
-18
