12
15
20
16
1
-18
-37
-56
-64
-74
-62
-43
-32
-22
-8
-7
-5
-2
-5
3
0
3
7
5
3
11
34
53
59
61
61
52
35
22
15
17
12
-2
-8
-11
-2
2
0
0
-4
7
16
31
44
52
58
47
40
44
44
32
17
1
-6
-1
0
1
3
-8
-24
-37
-43
-44
-51
-54
-50
-46
-42
-41
-40
-37
-32
-29
-24
-10
7
18
15
4
-11
-29
-38
-41
-46
-43
-36
-31
-30
-30
-26
-18
-16
-23
-32
-40
-43
-41
-36
-36
-38
-40
-37
-28
-17
-2
6
3
2
-3
9
30
37
32
28
31
26
36
49
47
40
30
36
46
57
60
54
52
42
45
46
43
41
41
40
30
30
33
36
34
21
7
1
1
12
21
27
21
15
22
24
23
20
15
1
-10
-9
-1
7
10
2
-15
-25
-21
-16
-13
-6
-15
-23
-29
-34
-33
-25
-16
-21
-29
-30
-33
-23
-16
-25
-30
-29
-29
-31
-39
-49
-56
-58
-50
-46
-49
-47
-36
-24
-15
-10
-9
-1
2
0
6
4
6
10
20
23
15
7
5
13
14
12
17
22
18
21
31
27
18
11
21
31
34
45
55
53
44
42
50
44
33
28
17
7
6
15
11
4
4
3
5
0
-9
-13
-14
-21
-27
-19
-3
-7
-23
-33
-30
-31
-30
-25
-25
-32
-28
-14
1
-9
-28
-29
-23
-24
-28
-22
-18
-13
-10
-18
-19
-22
-21
-5
6
10
4
4
5
-3
-12
-17
-1
11
22
31
22
22
18
6
-3
-13
-20
-20
-14
-14
-36
-44
-20
-9
-16
-25
-29
-21
-17
-5
24
40
39
40
60
62
62
71
81
74
51
43
41
37
26
14
-8
-19
-22
-16
-3
6
3
-5
-1
4
-1
-15
-14
4
1
-12
-2
24
42
43
52
66
71
57
43
40
32
30
20
-3
-42
-67
-71
-76
-83
-89
-93
-93
-79
-60
-37
-17
10
39
50
42
23
10
8
14
12
1
-1
8
9
-11
-38
-50
-53
-52
-62
-83
-93
-91
-82
-69
-76
-76
-49
-16
12
36
47
49
58
67
79
91
85
72
64
49
31
3
-8
-17
-30
-28
-25
-21
-16
-14
-14
-2
12
28
44
52
60
67
74
79
78
79
70
67
62
40
25
11
0
-26
-51
-75
-100
-117
-128
-130
-126
-96
-65
-49
-24
-1
13
3
-4
4
-2
-2
12
24
19
13
15
17
11
1
6
11
0
-12
7
19
7
1
3
11
7
4
24
42
38
22
25
29
14
2
10
9
-13
-14
8
19
-2
-7
15
30
21
-3
-12
-20
-39
-44
-26
-1
35
61
81
92
80
74
69
70
59
31
18
46
79
95
110
105
105
85
42
5
-29
-50
-62
-61
-63
-44
-49
-71
-60
-69
-82
-98
-132
-146
-165
-180
-166
-143
-125
-103
-27
49
70
102
185
231
201
151
151
141
59
-1
-14
-54
-105
-156
-185
-196
-230
-251
-243
-218
-221
-258
-234
-173
-151
-132
-87
-45
-8
81
228
311
337
362
338
336
330
298
301
311
238
104
48
16
-49
-179
-307
-339
-372
-409
-400
-375
-353
-309
-217
-128
-92
-74
-31
67
181
202
250
410
548
596
581
523
339
89
-141
-402
-652
-859
-971
-1033
-1149
-1045
-800
-583
-334
3
312
571
785
966
1073
994
914
958
924
836
709
593
671
687
485
313
239
105
-115
-507
-988
-1319
-1553
-1772
-1894
-1767
-1230
-485
12
655
1784
2648
2876
2976
3251
3273
2550
1515
861
195
-876
-1704
-2012
-2176
-2414
-2557
-2235
-1773
-1797
-1922
-1626
-1217
-1198
-1447
-1200
-587
-415
-364
261
1142
1672
1812
2163
2740
2545
1773
1288
735
-389
-1654
-2637
-3185
-3737
-4420
-4466
-3851
-3204
-2470
-1351
465
2262
2990
3826
5610
6698
6173
5436
5596
5610
4017
2162
1666
1019
-698
-1927
-2144
-2289
-3039
-3750
-3258
-2639
-3264
-3815
-3286
-2520
-2497
-2934
-2386
-822
8
301
1592
3225
4099
4405
4822
5394
4939
3545
2970
2675
991
-1019
-2114
-2668
-3467
-4871
-5438
-4645
-4403
-4712
-4115
-3047
-2284
-2183
-2057
-1022
-403
-875
-670
338
1184
2331
3190
3770
5340
6843
7258
7020
6436
6106
4954
2141
79
-1236
-3718
-5881
-6706
-7059
-7080
-7112
-6363
-4337
-3002
-2436
-1188
121
969
1209
818
1207
1934
1740
1879
2796
3473
3951
4359
4880
5395
4760
3817
3394
2186
57
-1955
-3608
-5054
-6538
-7878
-7992
-7284
-6668
-5770
-4328
-2468
-843
135
1304
2607
2722
2805
4555
5756
5194
5165
6874
8593
7916
6397
7113
7467
4875
2336
1056
-806
-3599
-6022
-6788
-6860
-8127
-8672
-6823
-5121
-4617
-3847
-1924
631
1615
1078
1858
3381
3291
2591
2685
3235
3495
2972
3077
4100
3564
2155
2124
1744
-80
-2280
-4106
-4978
-6236
-8546
-9292
-8404
-8047
-7688
-6511
-4427
-2188
-1217
-191
1908
2777
2553
4391
6505
6127
5563
7061
9456
9223
6792
6945
8111
5602
2393
1059
-360
-2682
-5297
-6544
-6438
-7599
-8734
-7223
-5257
-4631
-4396
-3069
-123
1597
722
1043
3193
3959
3444
3485
4501
5346
4537
4316
5544
4676
2585
2102
1445
-669
-3323
-5211
-5524
-6554
-8702
-8947
-7566
-6560
-5996
-5119
-2886
-469
-24
490
2501
3207
2851
4651
6688
6558
6365
8004
9968
8977
6466
6716
6627
2781
-96
-1097
-3308
-6088
-7862
-8153
-7939
-9043
-8987
-6425
-4757
-4325
-3490
-1875
318
1147
315
1326
3384
3588
3358
4180
5476
5886
5138
5483
6061
4246
2363
1800
281
-2549
-5184
-6361
-6910
-8340
-9463
-8764
-7453
-6366
-5396
-4108
-1652
283
762
1855
3549
4330
5715
7129
7426
8482
9816
10608
10796
9546
8817
8261
4929
1746
91
-2904
-5962
-7777
-8928
-9100
-9783
-9927
-7451
-5424
-4925
-3324
-1106
664
1865
1949
2595
3946
3989
3845
4647
4823
4765
5018
4849
4662
3694
2014
1036
-447
-3437
-6086
-7369
-8457
-9946
-10973
-10496
-8887
-7593
-6571
-4335
-1627
-52
1231
2903
4022
4894
6691
7644
7371
8008
9452
9933
8611
7080
7018
5970
2379
-213
-1677
-4279
-6835
-8433
-8999
-8762
-9219
-8883
-6076
-3854
-3311
-2150
237
2492
2936
2244
3244
4951
4499
3881
4883
5458
5137
5052
5299
5132
3764
2071
999
-507
-3107
-5706
-7214
-7864
-8663
-9630
-9329
-7401
-5621
-4844
-3206
-342
1331
1806
3065
4588
5419
6553
7364
7535
8279
9222
9592
8669
7081
6308
4692
1222
-1457
-3609
-6651
-8935
-10085
-10594
-10346
-10027
-9132
-6726
-4445
-3162
-1813
-39
2029
3030
2526
3100
4577
4610
4377
5047
5568
5673
5679
5774
5428
3975
2549
1478
-572
-3185
-5231
-6782
-7837
-8516
-9139
-8772
-7318
-5956
-4803
-3237
-966
1109
2102
3145
4818
6460
8045
8659
8932
10254
11192
10641
9302
8143
6781
3645
-77
-2212
-4516
-8001
-10244
-10680
-10745
-10908
-10416
-8344
-5624
-4132
-3055
-1033
1211
2576
2853
3218
4375
5012
4790
5313
6185
6062
5595
5851
5815
4093
2004
807
-848
-3711
-6715
-8249
-9069
-10643
-11362
-10576
-9277
-7614
-6024
-4161
-1429
645
1825
3265
4642
5676
7308
8742
9072
9901
11322
11980
11313
9910
9022
7199
2945
-729
-3104
-6703
-10461
-12481
-13012
-12908
-12860
-11698
-8340
-5138
-3449
-1516
947
3040
4048
3895
4340
5237
4838
4238
4864
5557
5370
5248
5770
5542
3923
2194
585
-1673
-4845
-7627
-9124
-10596
-11926
-11719
-10552
-8837
-6521
-4331
-1619
1609
3773
5146
6679
7880
8965
10188
10551
10777
11742
12324
12003
10715
9112
7918
4897
343
-2338
-4914
-8980
-11979
-13279
-13452
-13218
-12940
-10655
-6921
-4698
-2920
-208
2150
3607
4184
4453
5353
5731
4980
4963
5637
5640
5295
5060
4693
3780
1984
29
-1779
-4331
-7018
-8660
-9909
-11222
-11631
-10832
-9304
-7439
-5649
-3596
-875
1515
3002
4354
5770
7093
8808
9913
10186
11333
12662
12688
11510
9926
8618
6090
1612
-2023
-4620
-8329
-11732
-13245
-13594
-13360
-12876
-11086
-7661
-4918
-3062
-565
1986
3594
4250
4249
4627
5328
4996
4502
5023
5543
5838
6033
5513
4759
3780
2032
-223
-3010
-5653
-7563
-9585
-11245
-11366
-10581
-9674
-8135
-5778
-3338
-1162
999
3121
4761
5754
7218
9592
10569
10249
11309
12987
12982
11205
9472
8671
6121
1047
-2717
-4863
-8338
-12258
-14034
-13787
-13504
-13559
-11610
-7543
-4767
-3583
-1277
1915
3746
3941
3965
4846
5707
5164
4353
5010
6092
6132
5377
4893
4715
3297
651
-1578
-3619
-6292
-8652
-10100
-11050
-11488
-11012
-9651
-7666
-5603
-3660
-1316
997
2661
3996
5301
7405
9750
10285
10733
13071
14718
13890
12325
11766
10825
6878
1911
-775
-3603
-8335
-11858
-12789
-12838
-13394
-13277
-10462
-6788
-5137
-3753
-548
2544
3483
3116
3672
5170
5229
4047
4086
5153
5718
5423
4931
4953
4446
2558
642
-1221
-3841
-6434
-8432
-9706
-10557
-11188
-10722
-9077
-7545
-6096
-4020
-1754
66
1370
2705
4873
7546
8949
9530
11367
13570
14100
12987
12111
11689
8854
4022
628
-2031
-6167
-10296
-12316
-12610
-13100
-13662
-11994
-8590
-6260
-5008
-3008
-110
2115
2370
2224
3569
4556
3937
3690
4714
5905
6201
5755
5797
5744
4088
2006
38
-2414
-4762
-6856
-8479
-9245
-9747
-9712
-8722
-7341
-5729
-4185
-2808
-1073
520
1245
2268
4910
7377
8013
9285
12207
14174
13682
12476
12720
12000
7646
3238
838
-2625
-7311
-10684
-11836
-12077
-13218
-13321
-10384
-7522
-6526
-5121
-2216
770
1850
1401
2471
4524
4512
3684
4442
5968
6776
6332
5876
6341
5541
3369
1749
-362
-3139
-5330
-7185
-8311
-8855
-9330
-8761
-7293
-5925
-4470
-2927
-1302
353
1139
1679
3829
6424
7103
7700
10080
12483
12725
11350
11275
11451
8249
3879
1621
-755
-5031
-9220
-10996
-11097
-12487
-13812
-11791
-8539
-7284
-6813
-4705
-1435
358
311
1447
3708
4047
3339
4261
5897
6508
6288
6238
6625
5554
2957
1301
-398
-3264
-5627
-7332
-8549
-9252
-9852
-9066
-7224
-6055
-4581
-2378
-677
355
925
1802
4126
6280
6666
7696
10347
12403
12695
11833
11870
11986
8705
4394
2405
-136
-4333
-7917
-9679
-9774
-10549
-11611
-9814
-7052
-6210
-5595
-3634
-997
530
207
656
2727
3314
2522
3313
5118
5980
5758
5447
5741
4882
2323
783
-536
-3458
-6032
-7505
-8657
-9507
-10139
-9506
-7414
-6026
-4808
-2564
-631
663
1516
2250
4518
6890
6923
7334
9839
11768
11492
10099
10327
11052
7835
3314
1529
-624
-4658
-7957
-9279
-9234
-10095
-11206
-9239
-6420
-5732
-5200
-3442
-1015
457
132
755
2895
3456
3057
4184
5727
6319
6209
6040
6217
4945
2187
731
-635
-3632
-6062
-7339
-8048
-8412
-9137
-8675
-6745
-5761
-4716
-2593
-856
492
1290
2416
5612
7883
7529
8658
11540
12855
11792
10109
10512
10280
5584
1320
301
-2203
-6423
-8952
-9235
-8680
-9548
-9998
-7187
-4806
-5031
-4573
-2429
-371
-113
-1087
-61
1997
1585
1068
3155
5061
5286
5158
5570
6000
4290
1571
705
-897
-4437
-6466
-7316
-8579
-9556
-9972
-8799
-6774
-6171
-4991
-2410
-716
224
868
2280
5728
7715
7141
8770
12125
13217
11903
10685
11524
10847
5944
2548
2021
-883
-5183
-7270
-7255
-7220
-8572
-8547
-5470
-3562
-4036
-3666
-1960
-741
-1287
-2272
-1264
32
-549
-224
2109
3518
3697
4285
5291
5302
3249
1358
873
-1421
-4999
-6390
-6798
-7822
-8664
-8574
-7112
-5761
-5377
-3965
-2057
-1298
-831
-127
1668
4801
6173
6314
8795
11843
12630
11532
10770
11408
9564
4459
1556
516
-2710
-6383
-7925
-7465
-6829
-7571
-6983
-3882
-2196
-2586
-2246
-699
493
-467
-1942
-864
297
-708
-382
2081
3512
3801
4512
5687
5793
3690
2101
1693
-819
-3897
-4927
-5723
-6879
-7482
-7266
-5910
-4984
-4769
-3293
-1637
-1021
-636
-256
1647
4790
5420
5424
8544
11728
11936
10420
10242
11198
8346
2740
508
-506
-4157
-7441
-8280
-7591
-7185
-7683
-6118
-2755
-1680
-2072
-1292
-24
188
-1286
-2372
-1311
-1072
-2347
-1369
1010
1869
2467
3820
5011
4573
2250
1245
928
-2282
-5310
-5564
-6092
-7417
-7946
-7240
-5409
-4416
-3926
-1720
283
534
599
1136
3009
5278
5084
5193
8329
10827
10637
9466
9624
10405
7547
2863
1273
-168
-4007
-6678
-6949
-6399
-6334
-6461
-4572
-1907
-1246
-1053
85
827
459
-736
-1350
-881
-1303
-2244
-1374
123
599
1250
2329
3017
2493
1036
672
63
-2577
-4365
-4540
-5443
-6475
-6397
-5325
-4067
-3607
-2624
-609
388
588
1134
1862
3636
5371
5242
5967
8624
10273
9737
8413
8612
8823
5547
1774
540
-1463
-4980
-7169
-7414
-6817
-6655
-6147
-3726
-1160
-214
317
1257
2048
1788
288
-803
-675
-889
-1504
-1067
-55
1015
2062
2626
2819
2372
1367
308
-1498
-3594
-4771
-5686
-6662
-6866
-6225
-5331
-4418
-3039
-1148
153
699
1265
1923
3015
4755
5415
5091
6319
8713
9410
7865
7019
7758
6227
2051
-438
-1598
-4345
-7486
-8711
-8018
-7458
-7531
-5686
-2284
-418
389
1894
3410
3476
1897
798
988
102
-1539
-1451
-540
-429
-322
650
1747
1492
176
-298
-748
-2774
-4737
-5246
-5367
-5935
-6090
-4779
-3068
-2296
-1350
633
2236
2447
2295
3108
4983
6354
6109
6325
8360
9795
8968
7353
7209
7089
3809
-137
-1561
-3056
-6192
-8537
-8454
-7207
-7064
-6607
-3582
-506
525
1368
3168
4714
4400
2940
2922
3165
1378
-266
-71
402
51
-322
372
923
-532
-2122
-2268
-3220
-5434
-6837
-6884
-6802
-7564
-7600
-5747
-4282
-3778
-2271
-14
1361
1671
1816
3021
5376
6651
6285
7135
9557
10916
9731
7797
7883
7178
2898
-706
-1901
-4003
-7105
-8874
-8394
-7302
-7433
-6442
-3102
-599
249
1268
3007
4290
3660
2407
2757
2870
1574
1103
1636
1706
1372
1407
1874
1304
-525
-1289
-1617
-3534
-5615
-6383
-6305
-6547
-7062
-6220
-4527
-3805
-3159
-1463
271
1221
1553
2161
4115
6573
6954
6605
8459
10758
10682
8522
7438
7956
5467
584
-1454
-2347
-5330
-8318
-9121
-8136
-7833
-8411
-6468
-3104
-1963
-1657
58
2212
2813
1595
1379
2671
2173
725
1204
2052
1732
1329
1822
2416
1111
-1076
-1493
-2069
-4658
-6654
-6593
-6173
-6845
-7333
-5784
-3787
-3459
-2967
-773
1142
1286
1011
2177
4835
6568
6195
7061
9994
11553
10528
8783
8923
8857
4820
751
-136
-2005
-5527
-7587
-7616
-6896
-7352
-7161
-4018
-1552
-1309
-304
1697
2811
2441
1489
1859
2706
1621
756
1947
2439
2034
2300
2636
2802
1451
-492
-692
-2250
-5392
-6440
-6682
-7562
-8252
-8227
-6601
-5182
-5096
-3626
-1242
-247
33
375
1750
4639
5840
5323
7168
10066
10964
9751
8357
9120
8191
3180
87
-713
-3748
-7109
-8413
-7974
-7320
-7860
-6763
-3342
-1641
-1542
-324
1517
2427
1729
720
1503
1914
206
82
1905
2554
2505
2890
3865
3962
1733
494
627
-1503
-4193
-5146
-5565
-6275
-7190
-6829
-5040
-4262
-4057
-2475
-457
355
117
472
2909
5675
5390
4682
7129
9761
9572
7689
7536
8683
5987
1323
73
-793
-4179
-6881
-7149
-6241
-6310
-6792
-4606
-1626
-1079
-1010
545
2196
2204
876
571
1661
1178
-417
106
1242
960
754
1573
2586
1957
81
-250
-327
-2565
-4561
-4707
-4873
-5674
-6125
-5361
-4008
-3712
-3584
-1981
-289
-172
-552
355
3076
5079
4354
4795
8161
9990
8447
6793
7609
7696
3592
-278
-600
-1883
-5354
-6992
-5920
-4874
-5247
-4614
-1521
735
512
573
2169
3142
1926
378
711
1248
-170
-1135
324
1286
562
674
1873
2050
393
-828
-316
-1070
-3694
-4658
-4159
-4813
-5847
-5692
-4314
-3182
-3455
-3121
-1142
-71
-580
-724
969
4020
4873
3848
5764
9034
9204
7158
6388
7582
6225
1520
-549
-369
-2918
-6102
-6337
-4947
-4680
-5354
-3837
-651
247
-503
375
2212
2259
634
-59
889
772
-1093
-1107
646
671
-28
820
2110
1834
165
-195
573
-841
-3053
-2956
-2444
-3371
-4150
-3616
-2306
-1889
-2398
-1488
105
123
-520
-422
1331
3788
3545
2788
5422
8051
7611
5810
5617
6803
4404
-295
-1232
-1393
-4620
-7080
-6564
-5131
-5025
-5330
-3056
-131
191
-196
980
2372
1749
-249
-879
-193
-926
-2611
-2280
-666
-725
-1175
193
1469
792
-396
-38
572
-1154
-2953
-2028
-1586
-2774
-2690
-1616
-552
-95
-434
527
1921
1474
821
982
2482
4480
3582
2976
6034
8057
6710
4938
5369
6240
3064
-1089
-1199
-1521
-4604
-6230
-5168
-3656
-3326
-3020
-472
2092
2071
1498
2331
2997
1678
-489
-1133
-827
-2025
-3556
-2841
-1665
-2172
-2124
-609
-73
-1065
-1899
-1413
-1414
-3528
-4386
-2780
-2666
-3434
-2626
-1400
-274
-89
-364
1100
1928
694
143
465
1804
3385
2505
2669
5908
7423
6331
5113
5394
5724
2421
-1348
-1420
-2317
-5474
-6563
-5538
-4235
-3558
-2704
163
2730
2775
2721
3796
4159
2674
485
-300
-253
-1539
-2886
-2085
-1008
-1488
-1340
274
764
-458
-1122
-333
-512
-2807
-3595
-2040
-2080
-3163
-2420
-939
87
98
-71
1495
2168
822
390
814
2139
3382
2186
2376
5361
6437
5375
4496
4881
5043
1736
-1777
-1921
-3028
-5788
-6523
-5690
-4554
-3957
-3327
-739
1548
1489
1356
2155
2438
1241
-807
-1613
-1429
-2684
-3941
-2998
-2162
-2409
-1647
-347
-61
-561
-685
88
-243
-2094
-2174
-925
-1358
-1943
-1075
19
854
938
1100
2490
2769
1673
1549
1896
2673
3671
3206
3310
5037
6002
5800
4572
3838
4307
2368
-1037
-1889
-2442
-4292
-5504
-5530
-4190
-2989
-2701
-790
1903
2561
2349
2834
3472
3081
1107
-501
-607
-1417
-2923
-3076
-2682
-2504
-1957
-1391
-921
-766
-1085
-916
-1174
-2569
-2826
-2275
-2736
-2785
-2078
-1573
-643
90
559
1756
2165
1672
1815
1712
1932
3128
2934
2529
3907
5171
5486
4500
3215
3682
2641
-1035
-2733
-3079
-4410
-5715
-6430
-5176
-3226
-3049
-1715
1302
2590
2523
2661
3057
3006
1199
-687
-725
-1216
-2779
-3101
-2414
-1964
-1446
-766
-145
122
-254
-356
-282
-1370
-2556
-2651
-2784
-2880
-2505
-2233
-1289
-79
371
1306
2176
1951
2132
2071
1823
3376
4082
2965
3582
5561
6612
5659
3888
4715
5047
1168
-1548
-1292
-2374
-4734
-6177
-5291
-3457
-3627
-3147
-19
1890
1699
1710
2485
3126
1697
-700
-788
-572
-2405
-3180
-2030
-1407
-1397
-1094
-49
837
-15
-688
-29
-693
-2246
-2652
-2785
-2743
-2608
-2992
-2235
-605
-160
165
1033
1577
1824
1209
842
2632
3691
2563
2789
4841
6346
5543
3383
3878
4699
1153
-2181
-2110
-2614
-4828
-6528
-5619
-3490
-3707
-3785
-743
1769
1657
1309
2262
3325
1939
-732
-956
-385
-1889
-3061
-2014
-753
-875
-799
775
1775
1049
582
1063
781
-984
-2189
-1832
-2099
-2870
-2814
-2351
-1064
-168
-400
622
1918
1761
1492
1505
2597
4010
3109
2807
4990
6106
5366
4181
4226
5015
2509
-1286
-1547
-1696
-4334
-6078
-5660
-4311
-4010
-4471
-2411
518
630
146
1115
1924
1253
-548
-1047
-400
-1520
-2890
-1925
-603
-782
-714
860
2136
1666
606
797
1063
-958
-2912
-2692
-2745
-3633
-4260
-4318
-2797
-1772
-2484
-1378
582
618
548
865
1772
3722
4081
3599
4968
6450
7106
6415
4849
5566
5265
1160
-948
-946
-2754
-4651
-5740
-5191
-3734
-4359
-3724
-563
632
476
905
1509
2282
1236
-972
-709
-430
-1751
-1784
-1150
-560
282
1184
2541
2843
2206
2603
2530
584
-1407
-2130
-2557
-3819
-4856
-4765
-4090
-3105
-2797
-2334
-464
459
322
890
1504
2367
3395
3642
4366
5403
6119
7100
6615
5338
5181
3589
1027
-144
-1774
-3566
-4507
-5209
-4547
-3967
-4243
-2745
-964
-698
-290
-23
-110
283
-437
-1793
-1690
-2005
-2206
-1226
-1298
-267
1683
1962
2762
3025
2495
2922
1490
-511
-1190
-2727
-3961
-4856
-5802
-5196
-4768
-4291
-2777
-1907
-871
459
1018
1326
1414
2937
5019
4120
3560
6202
7981
6657
4850
5612
6477
3153
-269
38
-586
-3521
-5282
-4807
-3589
-4383
-5120
-2410
-140
-1112
-2002
-492
925
-443
-2345
-1917
-867
-1499
-2436
-991
895
830
1888
3699
3683
3806
3479
2528
2052
-399
-2266
-2073
-3897
-5133
-4746
-5229
-4027
-3088
-3365
-1220
185
49
1151
1281
1977
4682
4765
3963
5738
7405
8088
7080
5616
6958
6025
1610
445
50
-2705
-4625
-5716
-5608
-5163
-6369
-5411
-2810
-2806
-3134
-2344
-1507
-811
-1818
-2934
-1751
-1166
-1779
-932
575
1561
2516
3644
4919
5119
4081
3554
2881
688
-1614
-2836
-3835
-5029
-5916
-6216
-5562
-4259
-3492
-2612
-998
48
790
1325
1405
2902
4818
4805
4935
6632
8508
8874
7236
6860
7787
5612
2271
1113
12
-2222
-4692
-5730
-5053
-5511
-6392
-4950
-3208
-3091
-3430
-2824
-1333
-1282
-2800
-2692
-1289
-1173
-1370
-259
1439
2466
2951
4225
5407
4819
3839
3524
2539
84
-2420
-3612
-4500
-5965
-7014
-6848
-5878
-5141
-4564
-2960
-1183
-272
573
1145
1334
2501
4132
4569
4655
6155
8483
8895
7326
7329
8004
5716
2471
914
-326
-2618
-5489
-6585
-5937
-6599
-7278
-5866
-4314
-3819
-3940
-3189
-1201
-1044
-2319
-1581
-279
-403
-297
906
2446
3354
3686
4956
5937
4869
4066
3808
2092
-344
-2468
-3699
-4403
-6016
-6918
-5955
-5141
-4503
-3475
-2199
-315
827
1151
2031
2410
3153
5168
5603
5427
7254
9310
9635
8297
7658
8383
6337
2287
631
-689
-3678
-6275
-7431
-7361
-7858
-8873
-7507
-5363
-5026
-4718
-3339
-1773
-1344
-2195
-1749
-117
-53
-18
1585
3028
3970
4722
5467
6107
5218
3882
3405
1707
-1072
-3039
-4245
-5126
-6312
-7125
-6283
-5098
-4459
-3577
-2080
-348
381
557
1587
2175
2570
4515
5758
5751
7090
9458
10659
9464
8337
9128
7532
3228
833
-758
-3363
-6136
-8246
-8335
-8295
-9232
-8221
-6325
-5545
-4937
-4280
-2737
-1203
-1814
-1909
-196
468
455
1315
2590
3916
4402
4578
5424
4985
3584
2935
1394
-1122
-2985
-4470
-5676
-6758
-7565
-7097
-6067
-5192
-3964
-2448
-805
427
911
1713
2420
2820
4644
6363
6360
7074
9363
11135
10634
9206
9382
8756
5182
1882
-156
-2713
-5765
-8287
-8994
-8899
-9399
-8910
-7160
-5649
-4645
-3950
-2437
-394
-267
-713
579
1893
2036
2050
3109
4756
4921
4497
5242
5261
3878
2539
1141
-703
-2946
-4946
-5835
-6495
-7397
-7415
-6509
-5317
-4248
-3436
-1908
-9
527
852
2129
2751
3521
5604
6988
7469
8601
10674
11993
10273
8438
8830
6977
2554
-497
-2572
-4901
-7729
-10024
-10072
-9919
-10311
-9071
-7035
-5462
-4416
-3381
-926
1007
262
375
2362
2875
2170
2524
4216
5200
4345
4374
5854
5388
3438
2461
1567
-340
-2825
-4710
-5599
-6662
-7848
-7875
-6922
-5959
-5213
-3862
-1628
-271
-16
1095
2538
2773
3832
6356
7299
7081
8674
11366
11359
8664
8075
8707
5526
733
-1712
-3263
-6090
-9627
-11065
-10331
-10445
-10591
-8772
-6226
-4395
-3525
-1909
1028
1981
1032
1973
3789
3535
2547
3179
4758
4789
3648
4190
5226
4089
2299
1232
143
-1662
-4210
-5958
-6531
-7467
-8355
-7934
-6676
-5642
-4860
-3127
-726
473
1103
2870
4288
4060
5071
7806
8428
7720
9237
11552
10959
8401
7866
7866
4452
-49
-2355
-4085
-6913
-9992
-11252
-10469
-10040
-9938
-8051
-4837
-2554
-1769
-166
2764
3568
2107
2417
3991
3363
1894
2291
3473
3384
2615
3199
4245
3501
2098
1311
-22
-1892
-3983
-6055
-7081
-7878
-8867
-8662
-7593
-6406
-4804
-2968
-798
1078
2062
3601
4760
4296
5505
7954
7818
7233
8622
10445
10547
8278
7139
7550
4925
733
-1937
-4342
-6612
-9202
-11270
-10544
-9480
-9330
-7560
-4419
-1721
-584
359
3098
4416
2717
2427
3683
2963
1510
1547
2517
3058
2466
2288
3343
3371
1904
396
-934
-2291
-4551
-7195
-7984
-7993
-9070
-9145
-7218
-5530
-4561
-2678
69
1818
2275
3395
4948
4557
4280
6520
7769
6952
7420
9526
10737
9145
6852
6873
5884
1334
-2949
-5027
-6621
-9443
-12245
-11649
-9415
-9043
-8040
-4241
-657
251
842
3519
5353
3879
2558
3486
3621
1927
976
1995
3172
2809
2201
3190
4035
2673
642
-464
-1466
-3778
-6589
-7747
-7750
-8495
-8849
-7247
-5224
-4202
-2772
-85
1888
2326
2924
4183
4436
3698
4722
7063
7326
6702
8153
10531
10525
7757
6335
6549
3486
-1839
-4829
-6066
-8267
-11482
-12389
-9946
-8280
-8029
-5491
-1403
751
880
1837
4080
4168
2074
1692
2612
1838
383
537
2072
2906
2180
2301
3843
3757
1791
326
-540
-2027
-4568
-6746
-7084
-7231
-8120
-7573
-5428
-3802
-2700
-715
1660
2774
2873
3728
4959
4557
3862
5590
7491
6941
6652
8599
10388
8896
5678
5215
5125
826
-4098
-5834
-6752
-9037
-11331
-10512
-7813
-7124
-6349
-2805
388
1006
1078
2584
3952
2540
496
1035
1814
408
-707
488
2082
2038
1612
2571
3437
2249
428
-259
-1168
-3490
-5653
-6345
-6573
-7307
-7505
-6019
-4032
-3149
-2047
314
1948
2334
2881
3785
4404
3929
3686
5678
6902
5700
5862
7897
8732
6668
3897
4198
3805
-1217
-5089
-5287
-6086
-8538
-10182
-8477
-5627
-5443
-4763
-1282
1102
974
811
2306
3626
1962
1
964
1640
-15
-857
535
1969
1705
1209
2329
3178
1750
190
1
-772
-2927
-4826
-5162
-4940
-5631
-5782
-4070
-2335
-1803
-830
1475
2972
2716
2930
4166
4545
3538
3321
5457
6574
5004
4934
7127
7847
5501
2964
3449
2979
-1610
-4806
-4674
-5386
-7644
-8810
-6982
-4835
-5026
-4213
-1218
544
296
112
1259
1986
434
-979
-119
645
-257
-620
977
2603
2489
2154
3266
4012
2574
992
804
-52
-2442
-4201
-4428
-4650
-5568
-5777
-4363
-2978
-2756
-2024
178
1808
1791
1949
3148
4048
3265
2283
3991
5838
4526
3636
5579
7175
5563
2813
3347
4089
253
-3209
-3163
-3716
-5992
-7830
-7052
-5147
-5546
-5727
-3352
-1477
-1347
-1602
-685
1041
471
-1206
-160
1356
615
-127
1051
2885
3066
2477
3423
4204
3120
2077
1621
456
-1443
-3057
-3731
-4322
-5393
-5875
-5135
-3893
-3085
-2519
-908
1108
1757
2008
3019
3858
3572
2580
3056
4855
4591
3464
4664
6669
6657
4636
4095
5404
3464
-542
-1668
-2102
-4189
-6573
-7367
-6069
-5916
-6850
-5287
-2899
-2036
-1999
-1552
182
875
-591
-632
730
618
-109
379
1833
2679
2578
3252
4375
3956
2902
2472
1733
-45
-2082
-3366
-4172
-5223
-6058
-5785
-4667
-3561
-2636
-1205
673
1893
2367
2819
3288
3258
2237
1179
2233
3767
2984
2396
4562
6976
6403
4418
5268
6330
3209
-236
-1123
-2252
-4814
-7227
-7275
-6160
-6721
-6569
-4145
-2055
-1346
-1447
-425
1600
1054
-689
150
1487
814
-1
1256
3345
3451
2981
4401
5252
4083
2899
2088
643
-1681
-3787
-4841
-5814
-7054
-7415
-6352
-4842
-4025
-2979
-736
1334
1994
1956
2575
3287
2643
1488
1272
2678
3787
2794
3001
5911
7529
5991
4444
5517
5588
1420
-1977
-2317
-3876
-7054
-9013
-8349
-7187
-7807
-7386
-4674
-2437
-1788
-1524
35
1826
1053
-234
1212
2648
1708
1200
2912
4538
4251
3962
5307
5699
3859
2507
1889
297
-2088
-4110
-4805
-5111
-6117
-6283
-4750
-3096
-2502
-1784
488
2420
2071
1616
2790
3168
1890
1165
1410
2623
3619
2828
3158
5527
6768
5965
4492
4954
5239
1534
-1613
-2103
-3944
-6521
-8159
-8125
-7027
-7213
-6607
-4040
-2235
-1283
-577
532
2299
2011
606
1419
2121
1102
859
1748
2573
2616
2487
3368
3458
2247
1774
1000
-605
-1917
-3383
-4344
-4693
-5494
-5693
-4575
-3135
-2314
-1702
233
2279
2279
2189
3358
3491
2411
1825
1162
997
2214
2280
1699
3117
5242
5905
4463
4152
5760
3935
89
-1238
-2413
-4669
-6825
-7967
-7156
-6519
-6322
-4541
-2177
-154
889
1479
3339
4178
2547
1945
2625
1642
36
-84
703
819
303
1054
2270
1988
1647
1585
843
-189
-1682
-3059
-3732
-4654
-5455
-5179
-4152
-3229
-2723
-1298
700
1292
1325
1986
2264
1420
401
-102
-848
-763
488
458
787
3285
5393
5648
4828
5580
6523
3653
508
-433
-2165
-4483
-6526
-7142
-5883
-5412
-4798
-2376
124
1695
1924
2414
3921
3303
964
106
32
-969
-2188
-2159
-864
114
741
2144
3453
3813
3895
3446
2331
1001
-779
-2510
-3549
-4455
-5102
-4822
-3756
-2613
-1770
-510
918
1430
1325
1182
702
-179
-846
-1529
-2298
-1158
857
1017
1889
4797
7221
7514
6406
7266
7861
4136
659
-393
-2218
-4728
-6992
-7149
-5388
-5099
-4632
-2080
303
1339
1260
1714
2882
1656
-1013
-1294
-789
-1996
-2962
-1868
188
1353
1884
3632
5593
5512
4666
4073
2857
971
-1625
-3841
-4583
-5454
-6778
-6578
-5056
-3964
-3300
-2056
-380
265
-315
-434
-225
-1078
-1895
-2027
-2230
-951
1376
2095
3258
6163
8603
9299
8249
8305
8531
5044
1428
-50
-2468
-5099
-6857
-7158
-5911
-5745
-5271
-2841
-1020
-192
-1
159
1138
482
-1600
-1762
-1090
-1430
-1466
-304
1746
3562
4703
6062
6961
6674
6012
4760
2778
597
-1926
-4173
-5473
-6468
-7276
-7133
-5830
-4409
-3761
-2565
-846
-417
-627
-488
-676
-1427
-1928
-1644
-1578
-1394
1165
3589
4141
6171
9151
10384
9701
8371
8073
6317
1984
-930
-2799
-5111
-6693
-8030
-7892
-6270
-5735
-4914
-2764
-754
-235
-935
-140
1176
-152
-1688
-667
556
598
1186
2889
4837
5988
6338
6785
6814
5735
4130
2161
202
-1869
-4575
-6195
-6293
-7105
-7959
-6845
-4854
-4106
-3960
-2346
-691
-832
-1106
-574
-187
-281
-370
192
715
1760
4383
5703
6055
8025
9543
9646
8535
6895
6226
4006
349
-1797
-3883
-5659
-6662
-7897
-7384
-6194
-5946
-4587
-2658
-1501
-1122
-793
563
1144
-12
-37
1268
1506
1311
1951
3049
4046
4411
4429
4415
3865
2888
1518
-309
-1972
-3637
-5233
-5966
-6650
-7422
-6954
-5501
-4517
-4054
-2545
-670
-263
-94
830
1051
562
503
897
974
488
1424
3749
4403
4512
6120
7820
8674
7339
5528
5905
4595
835
-1553
-2907
-4184
-6199
-7976
-6599
-5338
-5837
-4136
-1392
-146
220
745
2514
3331
1631
1198
2343
2057
1253
1054
1771
3067
2815
2210
2984
2926
1599
338
-673
-1621
-3407
-5118
-5461
-6029
-6929
-6661
-5598
-4556
-3849
-2794
-1020
41
365
892
1337
1650
1400
673
856
1147
987
2225
3884
4404
4980
6548
8590
8336
6068
6160
6259
2871
-471
-2246
-3497
-5032
-7361
-7453
-5823
-5601
-4703
-2688
-918
519
605
1323
2988
2003
441
957
1349
730
-182
70
1778
2046
1271
2071
2790
2215
1294
379
-228
-1577
-3735
-4611
-4781
-5708
-6388
-5741
-4416
-3926
-3562
-1763
-268
-261
-7
836
1068
436
-55
365
803
502
1225
3705
5080
4956
6261
9014
9937
7867
6638
7445
5513
711
-2108
-2771
-4375
-7548
-8972
-7296
-6347
-6559
-5050
-2234
-162
102
352
2313
2841
819
136
1222
1160
-382
-900
896
2208
1482
1794
3755
4267
3046
2014
1696
697
-1733
-3665
-4274
-5268
-6880
-7312
-6032
-5105
-5063
-3718
-1334
-164
-159
564
1921
1929
985
850
1507
1671
947
1889
4849
5931
5644
7284
9736
9697
6997
5862
6251
3079
-1815
-3832
-4786
-7106
-9676
-9813
-7620
-6439
-6000
-3687
-505
1312
1518
2069
3761
3567
1251
589
1218
346
-1161
-907
1155
2180
1529
2441
4483
4480
3128
2254
1693
199
-2557
-4610
-5434
-6620
-7941
-8097
-7016
-5845
-5186
-3610
-979
473
988
2194
3485
3675
2935
2690
3499
3289
1884
2828
5427
5708
4951
6374
8770
8257
5273
4530
4532
996
-3137
-5017
-6339
-8149
-10044
-9892
-7707
-6474
-5495
-3040
-4
2051
2086
2372
4185
3718
1113
429
938
121
-1369
-1210
793
1768
1489
2591
4139
4123
3049
1832
999
-617
-3702
-5812
-6356
-7424
-8961
-8865
-6784
-5113
-4416
-2278
936
2607
3322
4623
5698
5571
4824
4275
4126
3674
2468
2410
4221
4886
3998
4670
6821
7082
4457
2942
3547
1438
-3024
-5170
-5607
-6990
-8960
-9083
-6858
-5127
-4296
-2294
723
2913
2983
2635
3789
3896
1362
-487
-177
-473
-2218
-2448
-464
837
942
1898
3531
3934
2792
1524
609
-1064
-3652
-5874
-6984
-7605
-8389
-8334
-6380
-4113
-2687
-635
2153
4015
4852
5599
6053
5464
4127
2767
1591
698
-377
-1308
-176
1646
1677
2079
4376
6176
5370
3465
3551
3393
-23
-3134
-3859
-4625
-6025
-6930
-6049
-3796
-2326
-1366
517
2894
3982
3303
3115
3588
2037
-507
-1141
-1208
-2430
-3055
-1907
-367
469
1289
2564
3541
3483
2524
1344
326
-1262
-3619
-5081
-5139
-5302
-5765
-4670
-2155
-657
217
2292
4294
4683
4289
4121
3606
1900
-86
-1459
-2462
-3161
-3982
-4109
-1755
603
894
2089
5086
6874
5919
4420
4635
3955
559
-1928
-2543
-3390
-4631
-5464
-4413
-2302
-1701
-1297
661
2375
2072
780
861
1206
-860
-2952
-2773
-2656
-3408
-3445
-2082
-12
1168
1777
3285
4606
4448
3527
2781
2301
726
-1714
-2434
-2252
-3398
-4214
-2979
-1313
-1166
-1072
841
2360
1860
1343
1434
1055
-174
-1821
-2712
-2733
-2952
-3495
-2861
-269
1977
2555
4134
7181
8667
7836
6820
6836
5670
2158
-684
-1790
-3265
-5227
-6206
-5427
-4034
-3697
-3214
-1397
78
-167
-1133
-1128
-1024
-2704
-4418
-4075
-3487
-3778
-3140
-934
1411
2927
4254
6064
7345
7055
6225
5568
4221
1879
-575
-2192
-3313
-4848
-5943
-5422
-4447
-4156
-3542
-1823
-334
-281
-499
98
332
-759
-1883
-1931
-1680
-1633
-1275
-436
1551
4281
5712
6611
8362
9740
9681
8130
6447
5415
2863
-560
-2535
-4145
-5553
-6343
-6645
-5665
-4483
-3865
-2840
-1650
-758
-796
-1511
-1260
-1088
-2252
-2661
-1729
-911
-121
1170
2897
4473
5378
6001
6301
5759
4655
3088
1048
-785
-2665
-4681
-6012
-6595
-6904
-7037
-6413
-5100
-4226
-3477
-2024
-694
-123
100
612
1043
723
396
572
909
1304
1469
1836
3423
5228
5591
5725
6834
7669
6977
5188
4091
3449
957
-1893
-3070
-4162
-5333
-6054
-6148
-5050
-4145
-3692
-2451
-1083
-137
207
278
1071
1225
301
407
1058
943
1014
1784
2587
3055
3294
3490
3368
2728
1934
827
-705
-1989
-3192
-4666
-5455
-5402
-5553
-5428
-4484
-3423
-2420
-1358
-312
551
1014
1410
1766
1594
1362
1154
708
713
879
695
820
1734
3098
3641
3662
4662
5666
5242
4064
3424
3123
1561
-679
-1769
-2312
-3121
-4023
-4235
-3326
-2547
-2269
-1454
-231
594
611
394
742
730
-268
-868
-697
-898
-1309
-1246
-713
-30
311
464
932
1253
971
384
-129
-580
-1471
-2571
-3136
-3313
-3768
-3975
-3360
-2762
-2424
-1672
-635
318
843
1051
1722
2204
1944
1604
1447
1628
1447
713
850
1549
2040
2526
2902
3740
4909
5247
4979
4574
4192
3448
1819
270
-750
-1938
-3094
-3762
-3919
-3805
-3695
-3272
-2541
-1877
-1522
-1483
-1258
-1064
-1459
-1921
-2029
-2073
-2140
-1833
-1136
-390
353
1217
2131
2672
2747
2667
2447
1908
884
-309
-1043
-1583
-2513
-3189
-3037
-2641
-2383
-1914
-1041
-220
362
909
1220
1259
1285
1165
663
261
266
235
330
712
1359
2563
3563
4025
4813
5643
5832
5203
4281
3790
2658
600
-852
-1836
-2993
-4106
-4877
-4659
-4096
-4082
-3765
-2733
-1824
-1648
-1770
-1148
-563
-1173
-1551
-934
-660
-886
-576
341
1118
1339
1672
2439
2720
2282
1667
1147
664
-365
-1684
-2247
-2375
-2879
-3371
-3032
-2099
-1605
-1362
-514
407
770
782
995
1402
1188
663
738
987
816
624
1060
1824
2198
2718
3601
4190
4499
4787
4882
4388
3449
2618
1523
-1
-1256
-2469
-3555
-4191
-4726
-4810
-4509
-4187
-3601
-2859
-1928
-1190
-1037
-656
-212
-395
-699
-1029
-1218
-986
-990
-1077
-514
330
834
955
1191
1763
1847
1299
997
800
351
-82
-607
-1017
-993
-985
-1099
-1018
-635
-244
-133
-1
200
189
207
309
126
-33
253
547
518
775
1377
1776
2332
3073
3482
3706
3897
3989
3618
2748
2166
1438
21
-1073
-1784
-2602
-3227
-3613
-3473
-2935
-2716
-2375
-1630
-846
-389
-515
-522
-106
-234
-830
-1017
-834
-592
-528
-404
265
1035
1418
1774
2261
2540
2437
2175
1807
1150
320
-471
-1234
-2002
-2663
-3108
-3436
-3581
-3511
-3407
-3016
-2369
-2010
-1576
-724
-62
247
573
1087
1491
1531
1782
2297
2414
2719
3392
3595
3604
3874
4068
3844
3140
2476
2016
1040
-258
-1300
-2057
-2483
-2929
-3357
-3136
-2610
-2378
-2058
-1352
-700
-468
-310
46
175
-19
-133
-76
92
297
437
710
1226
1668
1793
1858
2052
1987
1508
891
302
-392
-1284
-2093
-2738
-3252
-3546
-3674
-3560
-3212
-2730
-2110
-1355
-619
-26
566
1207
1685
1846
1906
2009
1993
1839
1681
1516
1481
1809
2100
2000
2006
2365
2555
2145
1486
1211
886
-42
-1049
-1743
-2211
-2622
-3045
-3196
-2937
-2501
-2100
-1791
-1319
-829
-627
-369
-39
-110
-463
-575
-486
-525
-573
-349
131
573
906
1286
1617
1844
1888
1658
1222
695
168
-482
-1180
-1752
-2152
-2303
-2341
-2202
-1766
-1226
-608
42
593
1068
1449
1754
1956
1937
1801
1644
1501
1418
1244
1038
1134
1557
1926
1995
2249
2883
3260
3080
2792
2749
2422
1505
624
-106
-825
-1452
-2083
-2484
-2587
-2668
-2619
-2455
-2251
-2034
-1994
-1959
-1833
-1903
-1998
-2045
-2106
-1938
-1756
-1625
-1119
-382
171
640
1199
1626
1691
1463
1172
791
137
-645
-1365
-1983
-2351
-2532
-2612
-2406
-1909
-1354
-724
-41
451
843
1267
1583
1635
1511
1519
1575
1408
1354
1536
1657
1931
2528
3086
3460
3902
4372
4508
4137
3637
3198
2370
1078
-206
-1236
-2098
-3082
-3981
-4216
-4177
-4257
-4068
-3484
-2861
-2469
-2088
-1478
-1033
-993
-972
-828
-720
-682
-678
-534
-139
241
418
660
1067
1290
1222
1052
811
381
-223
-805
-1415
-2057
-2471
-2630
-2655
-2441
-1949
-1255
-446
325
1033
1784
2465
2913
3139
3202
3152
2942
2602
2384
2319
2219
2186
2453
2770
2886
3003
3274
3383
2949
2261
1683
879
-382
-1695
-2652
-3350
-4066
-4635
-4570
-4062
-3668
-3143
-2269
-1415
-882
-579
-222
-4
-277
-626
-720
-860
-1138
-1257
-941
-467
-128
307
940
1480
1734
1768
1637
1248
579
-243
-1065
-1854
-2597
-3055
-3126
-2937
-2552
-1911
-968
9
813
1585
2259
2614
2712
2682
2527
2232
1873
1622
1450
1323
1391
1673
2083
2451
2687
2931
3133
3057
2620
1943
1187
311
-830
-1938
-2731
-3286
-3625
-3828
-3736
-3234
-2747
-2401
-1962
-1400
-1046
-1149
-1242
-1149
-1340
-1703
-1731
-1464
-1177
-909
-374
413
1056
1593
2143
2460
2447
2176
1736
1194
409
-422
-1025
-1626
-2154
-2307
-2161
-1843
-1431
-898
-127
516
890
1332
1704
1908
2005
1905
1780
1653
1415
1224
1079
1035
1161
1326
1607
1934
2069
2174
2252
2163
1865
1321
718
51
-846
-1758
-2474
-2976
-3376
-3694
-3642
-3300
-3010
-2647
-2098
-1558
-1212
-1039
-853
-695
-667
-710
-705
-555
-270
-41
305
869
1373
1768
2072
2311
2378
2099
1677
1290
722
-1
-629
-1141
-1491
-1627
-1560
-1233
-834
-366
289
865
1308
1637
1771
1808
1652
1289
1019
780
477
286
258
460
785
1024
1432
1982
2298
2482
2529
2397
2039
1302
446
-282
-1085
-1954
-2604
-2877
-2908
-2960
-2788
-2221
-1691
-1374
-1046
-731
-617
-751
-1003
-1219
-1487
-1828
-2034
-1997
-1737
-1370
-956
-327
431
989
1310
1568
1740
1582
1122
659
190
-462
-1071
-1420
-1581
-1662
-1631
-1276
-731
-273
232
824
1274
1523
1608
1606
1495
1212
1003
953
875
857
1004
1296
1656
1834
2035
2435
2615
2502
2310
2136
1807
1119
374
-128
-690
-1408
-1966
-2222
-2284
-2380
-2399
-2148
-1853
-1723
-1631
-1498
-1369
-1460
-1660
-1661
-1657
-1722
-1674
-1448
-1084
-680
-303
224
784
1168
1466
1656
1727
1672
1466
1201
866
437
71
-213
-409
-475
-426
-207
114
377
653
1004
1261
1339
1342
1378
1348
1155
1029
1020
950
883
870
950
1055
1029
980
1020
989
795
564
361
141
-219
-693
-1057
-1361
-1733
-2022
-2194
-2281
-2282
-2310
-2246
-2049
-1948
-1870
-1726
-1534
-1358
-1309
-1240
-1040
-936
-864
-650
-368
-56
167
446
791
996
1137
1260
1329
1335
1214
1045
924
771
675
668
607
577
588
592
667
736
802
917
1024
1112
1204
1235
1257
1248
1127
995
880
772
611
452
402
286
65
46
104
29
-55
-79
-24
-48
-233
-368
-511
-796
-1058
-1285
-1416
-1468
-1644
-1724
-1622
-1550
-1489
-1389
-1215
-1028
-1008
-950
-821
-876
-964
-957
-922
-801
-616
-403
-93
218
520
888
1209
1434
1589
1681
1729
1598
1330
1153
982
662
363
200
72
-46
-106
-58
10
24
113
230
268
260
218
175
96
-7
-116
-214
-253
-259
-266
-179
15
157
228
334
456
495
388
216
71
-170
-455
-705
-935
-1105
-1216
-1324
-1371
-1331
-1254
-1132
-1047
-955
-838
-796
-713
-639
-647
-573
-435
-264
-28
233
547
896
1204
1526
1792
1952
2080
2077
1917
1741
1525
1250
959
673
450
261
125
28
-55
-90
-87
-60
-48
45
158
167
161
136
126
84
23
-20
-81
-77
-65
-63
24
143
209
239
291
338
271
166
128
9
-194
-392
-615
-794
-922
-1077
-1155
-1141
-1188
-1259
-1277
-1215
-1208
-1265
-1180
-1011
-925
-822
-598
-350
-174
40
323
584
783
948
1093
1185
1203
1122
947
739
535
256
-6
-166
-373
-569
-666
-725
-754
-795
-699
-479
-377
-244
-67
9
49
64
115
156
139
169
240
280
326
397
475
621
702
764
920
1007
1023
1027
929
785
652
438
204
-85
-393
-561
-721
-912
-945
-972
-1017
-1029
-1031
-908
-842
-811
-675
-574
-427
-265
-163
34
222
350
527
661
767
860
817
808
751
599
559
401
208
50
-187
-304
-419
-592
-618
-671
-719
-646
-614
-504
-359
-305
-154
-30
69
248
320
405
459
409
474
503
480
555
599
716
858
886
998
1086
1123
1159
1071
940
805
595
345
96
-150
-321
-485
-638
-705
-721
-747
-760
-689
-572
-453
-371
-311
-212
-158
-129
-93
-81
-10
20
-9
32
43
17
53
90
125
80
-34
-123
-238
-391
-548
-722
-823
-865
-980
-1018
-954
-874
-735
-596
-414
-184
-22
137
292
341
364
378
323
277
277
289
278
307
417
557
668
792
955
1031
1026
991
890
747
550
314
105
-110
-337
-538
-678
-728
-778
-830
-822
-801
-757
-715
-673
-605
-569
-542
-483
-428
-360
-263
-174
-48
79
175
288
312
298
279
196
86
-56
-210
-325
-457
-560
-558
-546
-476
-339
-181
27
219
415
626
799
920
1006
1029
990
940
854
761
700
637
588
561
590
663
729
762
777
774
703
571
369
138
-113
-410
-696
-947
-1170
-1304
-1401
-1413
-1326
-1189
-972
-752
-534
-300
-130
-10
88
97
94
110
78
70
74
108
162
151
206
300
350
425
447
437
440
362
263
203
123
75
14
-34
5
-2
3
92
137
141
141
116
88
-4
-96
-147
-248
-330
-362
-381
-337
-277
-185
-57
28
120
177
215
254
193
79
-15
-165
-335
-478
-591
-656
-742
-786
-732
-639
-536
-417
-251
-92
16
73
89
85
55
-10
-36
-79
-154
-149
-135
-58
77
172
301
423
502
598
601
576
561
470
387
301
160
75
1
-69
-61
-55
-5
51
112
235
297
342
430
453
449
423
339
308
277
243
248
217
246
292
303
370
402
365
300
182
90
-22
-184
-292
-428
-567
-634
-720
-772
-773
-787
-742
-696
-642
-567
-588
-604
-569
-588
-590
-588
-566
-521
-506
-418
-306
-175
3
150
298
441
520
568
596
590
553
479
437
391
287
254
237
223
275
325
431
531
604
717
760
763
787
761
716
658
534
422
323
195
106
28
-43
-87
-171
-203
-204
-273
-319
-384
-454
-485
-563
-613
-635
-711
-756
-776
-813
-806
-786
-779
-738
-737
-696
-605
-566
-481
-428
-386
-240
-144
-53
74
129
209
284
315
375
391
384
402
374
335
304
253
248
254
243
314
378
419
485
532
600
642
632
656
644
597
553
487
418
322
213
150
78
9
-39
-80
-76
-79
-88
-53
-22
4
22
-14
-42
-82
-170
-245
-319
-419
-535
-648
-720
-793
-881
-925
-938
-920
-861
-781
-696
-593
-491
-391
-294
-194
-99
-14
66
146
181
189
198
191
183
155
155
176
168
189
237
282
360
434
477
549
600
630
673
681
694
647
556
516
461
405
372
336
326
331
334
395
431
428
413
337
287
224
92
-8
-125
-272
-388
-520
-600
-631
-699
-704
-688
-699
-629
-585
-551
-463
-444
-401
-352
-357
-304
-267
-236
-150
-124
-73
-3
-31
-12
7
-9
42
53
52
91
74
100
151
157
217
229
222
290
294
309
340
312
335
322
263
255
210
171
194
164
166
171
116
135
157
153
165
143
140
131
27
-48
-103
-202
-283
-394
-495
-556
-651
-714
-733
-777
-776
-734
-708
-616
-525
-450
-319
-259
-218
-132
-133
-91
-32
-24
55
84
85
145
169
207
276
288
335
378
362
407
437
463
536
548
564
581
557
568
572
582
629
640
652
674
658
661
657
625
612
560
506
463
374
294
210
85
-7
-112
-246
-360
-472
-562
-633
-712
-758
-801
-867
-902
-903
-892
-886
-862
-815
-773
-736
-693
-653
-629
-581
-561
-560
-527
-525
-498
-452
-425
-349
-271
-203
-110
-56
4
116
195
283
381
425
497
565
595
647
662
678
724
719
719
727
692
690
681
654
672
647
625
620
565
524
478
415
389
329
251
207
152
101
52
-28
-78
-135
-215
-251
-296
-318
-321
-359
-370
-376
-402
-386
-392
-398
-384
-399
-372
-351
-383
-411
-440
-473
-488
-512
-508
-479
-477
-433
-366
-319
-238
-148
-72
10
51
88
140
136
146
173
179
199
197
180
200
190
163
180
177
181
171
132
131
121
109
116
104
94
97
72
80
80
48
43
17
-22
-56
-121
-163
-181
-227
-253
-256
-282
-282
-265
-243
-195
-167
-127
-72
-42
20
81
117
154
179
178
173
157
146
142
123
138
173
189
239
312
372
453
506
543
570
579
586
568
530
504
474
431
397
344
294
239
173
129
73
0
-37
-65
-113
-160
-218
-278
-331
-376
-399
-420
-444
-463
-491
-522
-544
-574
-586
-601
-634
-666
-692
-713
-718
-695
-648
-601
-560
-496
-422
-360
-293
-222
-156
-100
-71
-59
-50
-43
-28
-5
32
93
182
270
341
409
472
543
601
639
677
689
681
653
625
602
586
572
555
534
508
473
445
427
403
378
342
301
266
224
178
135
78
12
-49
-98
-122
-138
-156
-175
-203
-224
-247
-287
-332
-368
-396
-437
-465
-475
-483
-486
-482
-469
-443
-420
-401
-381
-348
-317
-299
-286
-271
-277
-287
-285
-274
-242
-201
-159
-111
-62
-4
62
124
174
202
218
228
242
242
244
249
252
270
287
301
316
331
346
350
354
347
331
318
306
275
247
234
222
210
187
154
122
103
84
73
52
24
3
-20
-41
-60
-85
-111
-131
-137
-135
-127
-122
-129
-137
-147
-167
-197
-211
-213
-220
-236
-260
-271
-281
-283
-268
-239
-221
-211
-193
-170
-159
-146
-118
-84
-59
-29
-14
-6
16
40
78
104
114
123
129
130
154
183
193
192
172
140
111
92
95
96
96
111
102
89
87
95
109
115
112
111
99
85
77
68
63
54
40
34
8
-2
-13
-25
-21
-34
-52
-55
-50
-51
-40
-31
-19
-19
-29
-21
-26
-47
-69
-88
-92
-104
-119
-111
-111
-114
-108
-102
-85
-65
-65
-61
-54
-53
-43
-40
-53
-37
-24
-6
23
41
59
61
64
79
89
89
85
79
70
44
18
12
-6
-28
-31
-28
-18
-5
3
12
14
0
-5
-5
-9
-16
-42
-62
-68
-78
-74
-68
-64
-47
-39
-20
-1
9
30
48
54
52
49
30
12
6
-4
1
10
19
34
31
32
37
37
49
63
72
82
93
100
97
91
98
109
117
124
123
117
103
85
63
46
32
9
-13
-51
-65
-64
-72
-71
-79
-94
-110
-108
-102
-93
-78
-71
-69
-74
-71
-90
-112
-118
-126
-130
-123
-111
-85
-52
-31
-5
7
8
7
23
35
28
27
34
32
28
15
5
0
9
20
17
37
49
44
35
25
30
23
16
38
49
56
57
64
67
71
75
81
78
77
77
63
37
12
-25
-52
-57
-61
-69
-69
-59
-50
-42
-29
-10
-11
-29
-48
-43
-54
-74
-67
-63
-64
-62
-59
-56
-46
-30
-10
16
34
33
32
26
39
47
47
63
75
77
62
42
26
0
-13
-19
-24
-20
-32
-34
-45
-43
-31
-27
-9
-1
0
3
10
10
22
27
27
14
-5
-10
-22
-27
-18
-18
-21
-6
-2
1
12
13
10
-9
-15
-19
-34
-34
-42
-43
-30
-17
-4
10
24
26
20
16
20
20
25
33
40
51
63
66
64
52
44
30
17
26
25
22
23
24
11
6
-3
-12
-29
-48
-51
-52
-56
-36
-1
13
23
21
28
29
12
3
11
0
-10
-5
-9
-16
-9
5
6
15
11
5
9
16
13
5
7
-3
-32
-53
-63
-69
-75
-84
-91
-96
-93
-81
-66
-47
-47
-34
1
26
45
52
56
55
42
34
46
56
72
86
74
51
33
22
1
-25
-30
-38
-44
-33
-8
15
27
44
49
59
58
57
53
41
41
30
13
2
2
16
31
21
-1
-15
-32
-47
-57
-65
-71
-70
-60
-46
-42
-52
-69
-89
-97
-90
-91
-94
-98
-96
-89
-68
-30
-8
5
40
75
85
86
86
91
87
75
74
62
46
32
18
17
17
22
22
21
22
21
19
26
36
35
45
50
57
78
88
90
79
63
53
49
48
44
33
16
-7
-32
-58
-72
-74
-70
-54
-39
-22
-11
-7
-6
-4
-6
-7
-25
-34
-32
-39
-40
-44
-50
-58
-66
-79
-89
-85
-85
-89
-79
-56
-42
-31
-17
-3
-3
-4
-7
1
8
12
11
6
21
45
55
56
54
37
41
38
24
16
6
12
23
31
33
22
17
20
16
23
14
0
-10
-19
-13
-14
-11
2
6
13
11
10
11
10
-6
-18
-19
-27
-27
-21
-20
-8
4
3
-4
-16
-25
-28
-23
-16
-10
-2
22
37
41
43
34
31
13
-4
-8
-18
-15
-3
-1
3
6
3
12
39
53
52
46
36
28
26
18
12
14
13
18
18
15
17
18
24
32
26
27
21
18
15
14
19
6
-7
-15
-26
