0
12
14
20
21
9
7
5
-1
11
24
29
31
30
23
16
15
20
26
31
29
34
25
22
17
12
17
11
17
16
9
12
15
24
30
27
24
25
34
45
41
27
9
-2
-11
-14
-21
-33
-28
-17
-10
-11
-4
2
-1
2
0
0
-1
-2
1
-2
-3
-2
-4
-3
-7
-10
-6
1
11
20
14
-2
-5
0
-4
-4
-7
-12
-7
0
6
0
1
0
-4
-11
-25
-31
-35
-39
-46
-46
-45
-52
-54
-39
-19
6
12
15
20
24
32
28
17
11
11
3
-3
0
-3
-2
-4
-7
1
2
-10
-37
-62
-73
-75
-72
-57
-34
-23
-28
-32
-28
-24
-27
-29
-28
-22
-12
4
17
28
33
29
31
43
39
32
14
1
7
17
16
12
7
-14
-15
0
6
8
7
0
5
15
7
3
5
-2
2
12
30
44
42
40
41
46
41
25
21
28
39
43
38
27
20
16
9
13
13
6
-9
-22
-29
-18
-7
-2
7
12
2
-6
1
-1
-12
-16
-16
-10
-8
-11
-1
15
30
26
25
24
15
19
16
6
-5
-7
-4
-4
-2
10
15
17
18
28
23
15
15
11
12
5
8
9
16
17
-2
-18
-23
-30
-39
-40
-45
-53
-55
-37
-23
-19
-15
-17
-23
-29
-28
-31
-37
-32
-39
-50
-43
-23
-5
6
8
6
-3
-10
-9
-1
-2
-18
-23
-23
-8
3
8
13
14
23
28
41
47
36
31
30
20
3
-11
-10
-9
-15
-16
-17
-17
-21
-19
-13
-8
-13
-28
-26
-10
-3
-7
3
11
3
1
-10
-13
-17
-20
-9
-16
-40
-55
-55
-43
-20
1
18
27
10
-19
-35
-51
-51
-37
-20
-4
-5
-9
0
15
31
59
77
73
59
47
53
54
53
69
84
78
52
33
40
67
73
71
46
7
-19
-25
-8
39
73
87
95
69
31
18
28
47
44
25
-5
-40
-51
-18
11
36
20
-37
-59
-66
-62
-55
-39
-19
-29
-64
-88
-88
-57
-27
18
67
49
16
-13
-50
-28
18
56
60
21
-17
-52
-72
-36
8
15
20
-19
-70
-94
-110
-73
-25
6
39
48
31
-10
-24
18
44
59
39
-42
-88
-106
-91
-32
15
39
33
-21
-63
-84
-89
-39
12
26
-30
-116
-166
-151
-89
-40
26
54
23
8
-15
-35
-18
-2
62
106
66
15
-46
-64
22
108
130
120
72
10
-21
-5
32
64
79
58
39
3
-53
-7
61
109
119
40
-49
-75
-23
41
51
6
-22
-45
-81
-56
-35
-17
39
66
51
-24
-94
-101
-34
60
108
90
-1
-71
-88
-46
13
28
48
76
60
4
-70
-92
-29
68
148
124
33
-22
-48
-61
-68
-30
50
75
40
-10
-55
-26
52
90
85
0
-47
-18
26
113
143
136
107
-10
-75
-62
-1
131
180
123
40
-136
-263
-205
-111
-2
88
120
56
-74
-124
-97
-25
127
206
78
-150
-300
-325
-286
-148
-3
18
-9
-59
-131
-166
-120
17
101
35
-122
-212
-168
-111
-4
149
198
120
41
-5
33
134
217
316
288
100
-24
-162
-196
-41
100
207
173
-2
-160
-205
-200
-23
235
363
282
5
-183
-194
-47
187
271
176
112
-31
-179
-178
-4
192
332
288
-62
-411
-561
-481
-217
8
22
-41
-57
-167
-332
-352
-308
-99
160
96
-276
-542
-584
-398
1
140
-29
-211
-342
-305
-268
-243
25
252
346
262
-168
-462
-470
-255
254
390
117
-102
-206
-68
210
385
442
471
435
258
-21
-103
212
614
786
603
244
87
200
450
686
701
745
715
571
637
599
517
447
568
841
764
505
132
-115
-81
-1
226
306
58
-82
-245
-458
-461
-309
-36
126
24
-221
-485
-624
-506
-128
-5
139
-18
-783
-1048
-1093
-563
246
454
651
501
-98
-599
-764
-298
198
216
-90
-760
-1578
-1515
114
671
-282
-1225
-1708
-931
-499
-188
143
-88
-192
-1206
-2092
-2194
-1250
611
1902
1635
-337
-1647
-1989
-93
4631
5640
3351
1109
-1577
-1867
-1188
-1102
215
1160
931
-66
-2296
-3165
-1031
1652
4128
3907
443
-1716
-1514
273
1500
578
56
-247
-950
-713
-1349
-1254
66
-98
308
-888
-2089
-526
468
1690
1082
-651
-1656
-2352
-1083
811
239
192
3522
4023
2054
-32
-2041
-692
584
359
-559
-1693
-1610
-1603
-1228
-564
-495
765
2912
2762
898
-987
-1388
775
2730
2362
685
-1650
-2556
-2049
-2505
-2318
-1659
-182
1566
1282
186
-846
-656
890
1547
407
-1027
-1264
-877
-870
-660
889
3133
6411
7550
4476
808
-1608
-1336
843
1934
1554
310
-1121
-1834
-2530
-2193
-348
1498
3311
3020
66
-2434
-2745
-662
1281
1296
39
-1918
-2266
-1106
-482
-24
96
-186
-10
-638
-1215
-981
-1104
-848
-1624
-3518
-4892
-5063
-3593
-2292
-2046
-1813
-594
-989
-221
4763
9056
10432
6827
1319
-1927
-3786
-3379
-1723
-351
-301
-1093
-3227
-4347
-2651
-374
4105
6790
4863
1658
-1914
-2250
-306
1051
2184
994
-1493
-2558
-3521
-3334
-1046
1745
4301
5424
4904
3225
713
-1014
182
-104
-1978
-2378
-4039
-4378
-4579
-4987
-2702
-542
2240
3551
2168
-286
-2524
-4370
-5161
-5109
4095
22348
19330
3641
-5003
-12917
-7610
1772
1963
5026
5620
-444
-4122
-8158
-8394
177
8549
14515
6800
-10748
-16157
-11661
-525
9261
6910
510
-4377
-4922
-1246
-269
1767
5586
7990
8047
3939
-1930
-5797
-3849
97
406
-4715
-9671
-9799
-5744
771
4552
4118
4576
6928
5050
1235
-1271
-5634
-4627
-6552
-5201
20516
24316
3370
-4868
-14958
-11492
3181
4265
6587
9189
4393
-1514
-7671
-9640
-2058
6621
16358
11741
-11170
-21553
-18254
-4333
11966
11582
4413
-3264
-5810
1859
2509
1597
5300
4596
7282
4879
-4553
-10726
-12865
-5343
-94
-4028
-8539
-9082
-4464
1998
6806
4405
3426
6130
3799
442
-5164
-12759
-7984
20311
31697
11464
-5481
-19561
-18488
-1694
3836
5513
7899
3458
-2767
-7728
-11262
-4606
7819
19677
18142
-3844
-19696
-19689
-8279
9032
12912
4957
-3060
-7866
-4243
-1364
-396
6385
10342
11500
9314
902
-6222
-9380
-6771
-2941
-5014
-9332
-10896
-9404
-3325
3195
3966
5487
8886
8773
5220
1429
-4200
-7094
-8970
-6727
20633
28700
5593
-5035
-16252
-15925
-97
2814
5440
9926
5974
-384
-7125
-9788
-2892
4346
15720
14148
-9302
-20916
-18985
-6716
10205
9688
3067
-1739
-5093
2262
3527
2070
9542
9097
9979
7807
-5009
-12058
-15067
-9338
-2831
-6695
-10026
-8791
-5317
2705
9234
9540
10314
9666
4465
51
-3287
-8254
-7499
-4510
11141
29105
12454
-7060
-13347
-14359
-127
7684
5933
7532
4775
-1071
-3886
-8642
-4783
4608
10210
13639
-3079
-20409
-19964
-12251
7295
16082
5597
-1518
-7318
-5603
5054
7214
9983
10970
7874
7755
-1958
-12247
-15625
-13370
-4565
-2994
-8572
-12202
-11571
-4796
6610
13463
13035
10277
6420
702
-4703
-10041
-10877
-7579
4200
29115
24037
-3424
-14240
-19606
-9811
6577
8045
9368
10070
2193
-5277
-10878
-10431
1410
10784
17437
6694
-18991
-23723
-16087
-888
14428
9232
3174
-137
-2191
6111
4992
3473
8213
6089
6763
-826
-13394
-14770
-12267
-4193
-401
-6250
-8506
-6627
-2330
5103
7709
5324
5549
5884
5775
3499
-1791
-7303
-3150
13004
16055
5807
-3433
-12367
-11335
-2361
1996
4514
7017
5388
2464
-1444
-5063
-3651
2453
10968
9927
-2843
-12770
-15294
-8088
4795
6756
394
-5138
-6451
1413
9087
10517
9314
7051
5964
2756
-3968
-11232
-14223
-9358
-3580
-4269
-8210
-10123
-7419
-35
6949
8917
7215
4997
3280
792
-1409
-6433
-4845
20475
31951
11917
-4979
-18411
-20844
-4949
2238
3121
6971
3228
-1825
-5788
-9293
-1103
8264
17786
19794
-2711
-18953
-19429
-12795
5969
12249
3583
-4364
-11420
-6473
1783
5551
13909
14492
10035
6607
-4528
-11939
-12078
-9694
-3470
-3191
-8856
-11121
-10924
-4662
4372
7304
9743
11024
6285
657
-4275
-6421
-2916
-2883
7720
29022
19503
-2492
-11640
-19488
-11250
3311
4976
7028
6348
-1968
-6272
-8207
-2945
7040
11383
16003
3660
-17621
-19724
-14517
-340
13425
8100
219
-8144
-10255
2206
7689
12016
16124
8161
3401
-3333
-12577
-12973
-11432
-5573
-671
-5904
-10282
-11326
-8592
2659
9993
10957
12385
6581
-558
-3440
-5984
-7617
-2376
21677
31579
10216
-7261
-18940
-21482
-5403
4359
6911
10682
3909
-5153
-9040
-9379
1466
12140
19229
16799
-6231
-19890
-17795
-10030
8399
13669
3911
-3144
-9733
-5480
2520
4904
12943
14121
8172
2916
-7517
-12266
-10314
-6819
-1621
-3821
-9829
-10972
-10439
-4372
5134
7746
9531
9522
2799
-1627
-3732
-6355
-4869
15055
32622
18111
-440
-14388
-23979
-11703
-124
2947
8647
5853
-1878
-7125
-11129
-2078
10468
17636
20808
1722
-18338
-19416
-14791
3139
15345
6898
-1591
-10619
-10392
1426
5144
10187
13621
8206
4976
-3117
-10881
-9442
-6649
-1946
-939
-8550
-12745
-11260
-7156
2306
7998
8880
9751
5924
-169
-3738
-5876
-4096
16424
32612
16767
-2928
-16165
-22198
-9845
10
1596
5753
3799
-2424
-6747
-10947
-3182
10672
20424
21852
830
-20083
-22239
-15457
3044
12304
3064
-2609
-8649
-8395
1393
3967
9469
15990
13443
8196
-2703
-11860
-10174
-4595
-599
-2631
-10792
-14241
-11125
-5860
2854
6409
5524
8708
7936
943
-2586
-5263
-1524
22095
31737
12394
-5997
-21138
-23034
-6860
452
2164
5800
1387
-3505
-6873
-8833
1654
13494
22598
20817
-4235
-20882
-20691
-13288
6515
11904
1251
-4871
-11348
-7556
1793
4465
12312
16594
13652
9757
-2442
-11199
-8645
-3842
432
-2361
-11289
-14026
-11694
-5180
4163
5773
5873
8585
6420
1695
-2086
-6421
2594
26991
29584
9545
-8743
-23645
-21366
-5782
1326
4838
6463
415
-5989
-10247
-8346
3800
15817
25250
18255
-7512
-21162
-21280
-10824
8539
10024
96
-6477
-11661
-6807
-512
3126
11492
14735
14044
9293
-4047
-11680
-9835
-4239
801
-3419
-11405
-13624
-12094
-4260
3744
3831
4984
7810
4822
478
-4233
-7525
10323
31990
23921
5173
-12400
-24972
-16394
-3741
1010
5912
5235
-1214
-6685
-11298
-6597
6270
19508
27080
11454
-11146
-19525
-19124
-3130
11188
5953
-1953
-8684
-10415
-3561
-297
4678
12005
12921
12680
5721
-5830
-8397
-5985
-1336
533
-6523
-11175
-11415
-9054
-488
3382
2751
5238
5444
2224
-856
-5464
2789
26759
30088
13006
-3559
-19964
-20437
-8369
-2538
2710
5680
1007
-4920
-10788
-10458
-171
12744
25846
20530
-2433
-14779
-18575
-10561
6808
8328
394
-6886
-12239
-8041
-3518
367
9451
12433
11666
9133
-1760
-8113
-5710
-2267
1292
-2114
-9395
-11239
-10684
-4678
1799
1995
3790
5002
1690
-465
-4742
-1907
21678
32504
17737
2242
-14529
-20579
-9696
-3098
1264
4576
1441
-2769
-8986
-10785
-2729
6101
20069
23747
3634
-10358
-15269
-12609
3766
9107
3139
-3764
-12119
-9457
-4330
-2454
6271
10832
10940
10885
1829
-6689
-6915
-3367
1471
200
-6555
-10059
-11005
-6331
1474
2560
2630
4078
698
-1611
-4150
-5083
14782
32607
22876
6297
-11055
-21111
-12552
-3154
2389
5170
1280
-3248
-8765
-12285
-5391
3518
15130
22655
7100
-9430
-14572
-13978
1170
10720
5149
-1326
-9909
-10622
-4214
-3140
2618
8807
8791
9818
4156
-5542
-7929
-4909
1218
2801
-3436
-7953
-9860
-6998
1240
3678
2030
3021
534
-3296
-4848
-6014
10258
30826
24888
9298
-6910
-19901
-13180
-3107
2460
7361
3510
-3082
-8616
-12894
-6906
2426
12809
21720
8734
-9229
-14178
-14117
-402
12226
7957
545
-8246
-11018
-4210
-1460
2259
7767
7656
8067
4559
-4263
-7608
-5562
-15
3748
-1193
-6786
-8637
-6581
1394
5607
3628
3363
1218
-3847
-6342
-7642
5024
27461
27200
11151
-5078
-19359
-16045
-4521
2370
8329
5943
-1715
-7481
-12546
-8430
1375
10782
20432
11588
-8367
-16142
-15862
-3530
11515
11315
3664
-6708
-11557
-5440
-862
2876
7712
6660
5498
3462
-4626
-9170
-6994
-2488
1769
200
-5123
-8183
-6648
18
5354
5403
4666
2252
-3293
-6942
-9324
906
23919
27036
11702
-3858
-18235
-16886
-5312
1671
8401
8733
1514
-5340
-12097
-10306
-262
9769
20535
13993
-7565
-17548
-18550
-7459
10189
12698
6733
-2696
-10226
-5862
-986
3169
10034
9424
6343
3471
-5341
-11109
-9139
-4308
407
144
-3905
-7233
-6577
103
5937
6452
6412
4808
-1191
-6096
-9835
-1795
21161
26001
11774
-2520
-17951
-18374
-6790
-150
7499
9501
3159
-2793
-10849
-11016
-980
8791
20739
16597
-5566
-17356
-20147
-11166
6865
11145
7080
-513
-8680
-5435
-1267
1998
10027
11076
8347
5486
-4051
-10481
-9315
-5485
-956
-1274
-4574
-6656
-6498
-432
5431
5741
6169
5508
363
-4553
-8866
-2382
19718
26448
12772
-1905
-17392
-19461
-7989
-1207
5725
9060
3672
-1899
-8950
-10651
-2057
7769
20383
19234
-1840
-15435
-20324
-13764
4601
10339
6595
139
-8011
-5479
-1060
1618
9135
11219
9157
6805
-2261
-10129
-10030
-6268
-1716
-1489
-5413
-7809
-7468
-2000
5351
6515
5510
4822
-65
-4402
-7830
-1881
19971
26391
12626
-1129
-17192
-20910
-9924
-2949
4673
8909
3879
-1799
-8972
-10647
-1833
7797
19732
19037
-1004
-13664
-18780
-14429
2524
8108
5224
39
-8376
-5764
-964
1051
8867
11718
9550
7569
-1017
-9575
-9508
-5449
-2262
-2409
-5440
-8174
-8032
-2635
4763
7126
6353
5838
799
-4768
-7862
-3159
18836
29791
15861
479
-14947
-20832
-10204
-2501
3439
8033
3935
-1556
-8104
-11481
-4041
5760
18284
21115
2484
-12157
-17379
-14361
2034
9659
5910
-97
-9019
-7582
-1011
1026
7411
11305
9721
8729
1551
-8496
-10768
-6262
-1855
-1428
-4050
-8059
-9563
-4125
3101
6066
6274
5970
2194
-3110
-6612
-3983
15348
29460
19255
3810
-12093
-21056
-12898
-4186
2423
7318
3675
-1842
-7849
-11818
-5737
3601
15655
20999
5216
-10348
-16494
-15085
237
9593
6644
834
-8763
-9369
-2790
-81
6162
10685
9644
9176
2975
-6753
-10510
-7268
-1762
-636
-3391
-6962
-9468
-5025
2789
5543
5447
5079
1431
-2657
-6069
-6486
10451
27908
21602
7513
-7980
-19864
-14139
-5278
1412
7570
4712
-1223
-7464
-12940
-8309
958
13086
21930
9557
-8022
-16002
-16857
-3212
9424
8753
3548
-6027
-9590
-4350
-1540
3948
9703
9750
9827
5000
-5475
-10934
-8634
-2992
-5
-1673
-5054
-7829
-5615
1271
5451
5653
5369
2563
-2400
-5443
-7607
3320
24427
25111
11226
-2410
-16975
-16202
-6207
-704
6498
7559
1310
-4448
-11767
-11621
-2274
9128
21175
15511
-4332
-15022
-18375
-9238
7084
10137
5668
-1969
-8511
-5804
-2808
1047
7980
9741
9943
7603
-2829
-11183
-10231
-5167
-867
-654
-4699
-8021
-6366
-334
4647
5694
5256
3903
-1063
-5433
-8262
-3847
17673
29331
17670
3028
-13184
-19456
-8958
-1239
4541
8412
3474
-2505
-9554
-13893
-6561
4337
17607
21970
3444
-13328
-18651
-15075
2650
12370
7820
1463
-6222
-6538
-2345
-989
4820
9148
9636
10517
2391
-9269
-11242
-7132
-1861
1060
-2501
-7550
-7874
-2846
3389
5446
4605
4232
1083
-3399
-7037
-9230
6442
27440
23928
10000
-5480
-19810
-14669
-4218
1016
7222
5642
-917
-7130
-14308
-11411
-1092
11063
22979
12551
-8670
-17062
-19013
-6189
10647
9754
3309
-3915
-8143
-3737
-1441
2133
8693
9789
11043
7259
-5253
-10984
-8240
-3229
2026
345
-6526
-9323
-6302
480
5212
5017
4337
2732
-1790
-5023
-8753
-2332
20599
28729
16707
1974
-15532
-19165
-7737
-506
5910
7920
1662
-4520
-12026
-13996
-4731
6486
20090
20778
68
-14331
-18893
-13628
5099
12520
6615
-580
-8030
-7473
-3126
75
7005
10804
11166
9841
-511
-10343
-10524
-5945
997
3464
-3030
-9387
-9747
-4421
2665
5479
5231
4706
629
-3974
-7354
-8849
8105
29035
25994
11735
-6122
-20529
-14981
-4342
2903
9396
6200
-1466
-9078
-15653
-10674
541
13825
24108
11410
-8622
-17218
-18988
-4927
11032
10655
4287
-4375
-9217
-6102
-3047
2493
9449
11729
12062
5666
-6362
-11492
-9077
-2405
4030
1155
-6492
-10018
-7998
-1263
3648
4153
4191
2663
-1644
-5183
-9498
-3486
19581
30515
20403
4358
-14723
-20539
-10123
-1609
5719
8396
1825
-5672
-13206
-14695
-5530
6576
20622
20535
384
-13728
-19020
-13917
4329
11663
6713
-255
-8355
-8336
-3982
-1242
5542
10982
12238
10777
1030
-9296
-11046
-6463
1633
3854
-2792
-8585
-9889
-4863
2115
4146
4239
4089
1187
-2399
-7086
-9665
6276
28032
27982
13856
-4534
-19460
-15984
-5198
2612
8355
5555
-2260
-9532
-14584
-9949
1258
14284
23084
11542
-8021
-17348
-18709
-5136
11008
10874
3884
-5155
-10588
-6525
-2041
2704
9091
11457
11182
5842
-4637
-10811
-9181
-1892
3914
570
-6695
-10614
-8589
-1262
4130
5110
4380
2466
-907
-4262
-8537
-5410
15822
30991
22985
7198
-11052
-20495
-11736
-1119
6012
8717
2127
-6214
-12363
-13776
-5265
6847
18275
19869
3243
-12733
-18899
-15141
2392
13455
9494
979
-9052
-10887
-4690
441
6653
10952
10514
8255
1204
-7851
-10823
-5809
2086
3779
-2065
-9062
-11326
-5914
1759
5192
4456
2614
613
-2263
-5060
-8004
1217
23030
28587
16290
318
-16793
-18957
-7441
1132
7432
6465
-2441
-9213
-13484
-10858
3
11117
20049
14698
-4140
-15940
-19372
-10135
8181
12988
6852
-2985
-11947
-9349
-2793
2593
9442
11532
9771
5997
-2922
-10226
-9005
-2210
3408
2043
-5069
-10754
-9837
-2602
4216
5916
4491
2816
268
-2722
-6187
-6970
8205
27152
25782
11972
-5883
-20148
-15975
-4289
3550
7939
3501
-4660
-10100
-12565
-6887
3181
13288
19650
9197
-8498
-17773
-18227
-4303
11104
11720
4407
-5757
-10842
-5724
431
5921
10663
11008
9247
3920
-5214
-10313
-7287
-638
2737
-440
-6834
-10327
-6888
312
4567
4939
3425
2008
-69
-3411
-7043
-4692
12164
27091
22554
7815
-9983
-20190
-12782
-2099
4341
6975
1249
-5435
-9056
-10449
-4283
5137
14644
18456
5881
-10333
-17689
-14974
252
11697
9110
893
-7804
-9126
-3118
1657
6086
9066
9159
8256
2217
-6368
-9609
-6613
-1167
877
-3042
-8307
-9464
-4514
1777
4224
3920
2734
2111
648
-3190
-6793
-2688
14048
26059
19578
4228
-12525
-19270
-10561
-1503
3895
5347
-95
-4797
-7971
-9206
-3584
4963
14377
16508
3263
-11273
-17210
-12827
2013
10909
7165
-871
-7479
-6596
-1075
2960
6574
8548
9110
7844
1271
-6265
-9076
-6599
-1928
-792
-4299
-8009
-7757
-2852
1679
3465
3474
2281
2289
817
-2645
-4847
-2049
12424
24298
18594
4270
-11008
-17286
-9878
-1860
2938
4488
855
-2490
-5655
-8045
-3693
4071
12640
15783
4532
-9594
-15569
-12576
42
9104
6092
-530
-5862
-6114
-1207
2415
5121
8090
9213
8033
2654
-5184
-9276
-7380
-3088
-1012
-3084
-6530
-6784
-3139
1305
3970
3891
3273
3378
1305
-1502
-3672
-1960
11174
22843
18358
4712
-10141
-17036
-11278
-3724
1224
4138
2266
-1346
-5369
-8749
-5355
2622
11449
16036
6521
-7705
-14365
-12937
-1749
7392
5618
755
-4088
-5557
-1910
1127
3973
7800
9183
7882
2662
-5134
-9365
-8267
-4451
-1766
-2900
-5930
-6921
-4142
449
3318
3775
3581
3706
2073
-878
-3089
-3193
6903
20868
20178
7854
-5969
-15301
-12819
-5666
-493
4688
4988
1085
-3699
-9249
-7644
327
9040
16414
10455
-4808
-13784
-15288
-6018
5974
7099
3379
-1861
-6303
-4103
-460
2470
7553
10221
8538
3497
-4173
-9396
-8941
-5085
-1078
-1097
-5149
-7231
-5675
-1515
2857
3863
4003
4648
2596
-586
-2868
-5197
1378
16674
21246
12564
-882
-13569
-15594
-9319
-2226
4877
6594
2878
-2496
-9439
-10479
-2850
6806
16171
15149
898
-11809
-16601
-10276
2915
8930
6955
805
-6462
-6863
-2608
1621
7853
11449
9429
4535
-2791
-8853
-9205
-4942
-363
143
-3630
-7164
-7033
-2954
2111
4665
5794
6482
4643
938
-2055
-4608
-2556
10017
20645
16923
4569
-9522
-16816
-12704
-4376
3296
6755
3977
-1595
-8364
-11576
-5418
4398
13665
17874
7192
-8505
-15429
-12996
-1728
8814
9587
2933
-5772
-9114
-5256
936
7275
10967
9476
5240
-684
-6687
-8484
-5223
-1271
-272
-2338
-6764
-8926
-5675
-984
3182
6222
6676
5445
1892
-2694
-4710
-5393
873
15171
19732
10895
-2177
-14747
-16535
-8390
-876
5167
6132
744
-5202
-10085
-8262
1278
10145
16759
13522
-1661
-12256
-14452
-8463
4764
10434
5970
-1877
-9641
-9217
-1769
4377
8933
9931
6163
2154
-2419
-6038
-5316
-3108
-1294
-1358
-4733
-7958
-7700
-4057
1676
6385
7862
7135
4207
-553
-2946
-3605
-3528
5425
17032
16337
6663
-6402
-15576
-12681
-5279
1457
5786
2892
-2213
-6551
-8606
-2465
5686
10953
14642
7913
-5402
-12278
-12472
-4211
6083
7061
1887
-5822
-9693
-4604
1520
6239
9336
7500
5004
2179
-2377
-4513
-4509
-3315
-1516
-2639
-5908
-8011
-6755
-1845
3673
6994
7759
6078
2229
-1103
-2368
-4210
-2945
8033
17528
13748
2443
-10040
-16057
-10582
-2399
3252
5090
1646
-2425
-5002
-4485
1110
6691
11609
13863
4536
-7472
-11737
-10097
-1201
6276
4321
-1479
-7344
-8029
-2502
2517
6048
8066
7108
5081
1727
-3116
-6143
-5965
-3770
-2310
-3482
-6071
-7130
-4612
-100
4462
7244
7125
4923
1463
-2087
-4103
-5462
-2823
8810
16774
11310
94
-11352
-15192
-8849
-1845
3300
4737
1541
-981
-3117
-3532
1311
6613
11679
13133
3461
-7282
-11451
-10332
-1734
4871
3643
-566
-6198
-6851
-1913
2257
6622
8966
7516
5469
911
-4781
-7546
-6957
-3623
-1335
-2206
-4577
-6735
-4753
459
4715
7165
7317
4759
700
-2869
-4377
-4770
-2566
7271
15006
10304
539
-9310
-13894
-8401
-1627
2931
5177
2936
-118
-2856
-3820
628
5779
9674
11684
3871
-7036
-11788
-11754
-4328
3885
4410
259
-5485
-7164
-2623
2795
7851
10225
7826
4551
310
-4933
-7393
-6062
-2667
-474
-1575
-4702
-6905
-4700
388
5036
7938
7451
3850
105
-2069
-2867
-3627
-3181
4655
12974
10761
2729
-6833
-12373
-7865
-1170
3343
5743
3439
60
-1907
-2314
1176
5040
8582
11694
5018
-6103
-12075
-13405
-5422
4451
5062
914
-4561
-6892
-2260
3728
8190
9557
6123
2775
27
-3921
-5730
-5445
-3627
-1405
-2143
-4583
-6745
-5937
-1058
3961
6580
6196
3114
86
-1222
-2301
-4114
-5382
-177
9765
12139
5798
-3731
-10961
-9212
-3037
1419
4247
3353
752
-200
-989
-142
2721
5943
9911
6781
-4057
-11684
-13455
-7238
2530
5137
1606
-3611
-5805
-1485
4561
7806
7660
4856
2592
1829
-518
-4016
-5560
-4339
-1913
-1329
-3789
-6687
-6345
-2124
3251
6396
5994
3801
1370
159
-645
-3229
-6075
-2301
8597
14321
9862
-333
-10107
-11411
-5692
-136
3732
5080
3748
1763
-427
-2030
-570
3553
8976
8635
-1131
-10667
-14635
-10678
-256
5109
2869
-1665
-4314
-1369
3625
6327
6915
5597
4626
4104
1037
-3125
-5577
-4956
-2765
-2427
-4713
-7749
-7791
-3586
1685
5330
5653
3640
1903
842
-556
-2555
-5546
-4306
6589
15206
12213
2850
-8091
-12422
-7909
-1990
4042
7048
5321
3297
-151
-3516
-1805
2165
8062
10790
1979
-8901
-14407
-12858
-2605
4561
3989
1073
-2885
-2285
2465
5300
7144
6969
5220
5106
3028
-1617
-5483
-6642
-4838
-3983
-5372
-7486
-8554
-5438
330
4283
5087
3959
2346
1482
841
-1113
-3921
-5021
2248
13311
14220
6121
-5071
-13629
-11050
-2792
3563
7783
6717
2875
-273
-4125
-3546
1126
5311
9812
5559
-6536
-13506
-14840
-7757
2763
4752
2346
-1377
-3238
1334
5374
6542
7398
6397
5535
4725
5
-5617
-7832
-6900
-4631
-4424
-7004
-8844
-7012
-1516
3579
5429
5254
4163
3094
2585
881
-2180
-4971
-2684
7975
14828
9594
-1185
-11141
-12172
-3994
2856
6564
6963
3441
1289
-805
-3056
-941
2024
5988
7426
-1546
-11110
-14560
-11809
-1425
4709
3466
1300
-1717
-92
4686
6581
7651
7296
5934
4859
1155
-4334
-8032
-8266
-6136
-4928
-6034
-7928
-7812
-3873
1692
5625
6821
6093
5196
4126
2198
-491
-3572
-5385
533
10983
12308
4549
-5362
-11656
-8198
-745
3893
6498
5794
4046
2335
-1970
-3858
-2026
1224
7033
5225
-5460
-12294
-14206
-8805
1921
5945
4562
1695
-99
3292
6171
6554
6979
5606
4205
2562
-2344
-7575
-9482
-8421
-6480
-5548
-6754
-8260
-6137
-690
4612
7925
7754
6185
5027
2996
524
-2593
-6225
-6714
1306
10837
9830
1572
-7111
-10817
-5468
1473
5578
7712
6216
3534
-597
-5802
-6008
-2595
2558
7971
3559
-7148
-12947
-13204
-5079
5200
7802
6866
3909
1882
4068
4882
4668
5377
4616
2929
217
-4761
-9307
-9727
-7496
-5094
-3950
-5235
-5724
-2552
2746
7135
8385
7263
6009
3913
1629
-462
-4224
-8056
-6725
2801
10713
8311
674
-7019
-8312
-2039
3082
6025
6707
3801
761
-3443
-7113
-5756
-2042
4001
7370
227
-8375
-12251
-10896
-855
7618
8580
6979
2781
581
2357
3356
3789
3621
2098
-34
-3060
-6636
-9262
-8829
-6442
-4076
-2420
-2849
-3038
-460
3540
7353
8304
6741
5625
3213
369
-1977
-6004
-9543
-7543
2350
11171
10213
3601
-3525
-5810
-1591
2553
5107
6266
4468
1162
-4014
-8063
-6662
-2186
4722
8391
1885
-6204
-9820
-7841
1401
8468
9086
7164
3425
1427
1129
288
538
659
384
-487
-3218
-6413
-8606
-7796
-4375
-1288
-749
-2302
-2546
-187
3327
6542
6891
5015
3298
610
-1856
-3624
-7002
-9931
-7512
2705
12141
11731
5558
-2029
-6032
-2669
1486
3870
5148
3235
-235
-4756
-8674
-7579
-2940
4076
8893
4129
-3679
-7897
-7800
-701
6765
8883
7669
3159
-1251
-3006
-3311
-1893
-194
464
-86
-2108
-4587
-6012
-5210
-2927
-605
-24
-1111
-1365
97
2823
5407
5452
3480
1803
136
-1080
-2393
-5318
-8285
-7723
1518
12626
14015
8918
1018
-5314
-3912
-528
2296
5253
4142
841
-3748
-8713
-7892
-2671
5128
11759
7536
-1730
-7543
-9279
-2698
5745
8264
6985
1366
-4009
-4737
-4439
-2755
-294
626
993
27
-2298
-4591
-5104
-2943
-396
619
-201
-1689
-1367
853
2497
2606
1758
1140
1353
1398
-433
-4396
-8338
-8684
308
13274
16684
10727
816
-7468
-6866
-2007
2036
5316
4297
826
-3207
-7600
-6766
-1375
6070
12575
9270
50
-6738
-10173
-5103
3683
6604
5696
1151
-4363
-5374
-4504
-2271
970
2278
2748
2060
-756
-3830
-4782
-2962
-651
339
-633
-2972
-3731
-1881
220
1405
2005
2258
2814
2721
504
-3508
-7246
-8357
-2183
9979
15313
10479
2063
-6094
-7820
-3635
245
3827
4835
2228
-1157
-5363
-6322
-2340
3530
10629
10837
2199
-5960
-11189
-9406
-768
4570
5707
3341
-2180
-4419
-4408
-3711
114
3461
4918
4797
1146
-3333
-5339
-4005
-1329
-291
-894
-2754
-4165
-2945
-984
160
1798
3782
5472
5459
2432
-2359
-6554
-8337
-5740
4266
14125
13770
6986
-1876
-8384
-6685
-1960
2335
6074
5149
1537
-2995
-6613
-4294
1037
6752
10821
6343
-3508
-10775
-13053
-6827
3016
7633
6739
1057
-4407
-5281
-3921
-64
4195
5434
5096
2946
-1345
-5312
-5522
-2837
-466
983
-714
-4486
-5831
-4537
-1486
2534
5669
7421
6802
3053
-2004
-6608
-8625
-7518
-1883
9184
15401
11270
3032
-5780
-8919
-4300
885
4997
6549
3737
-355
-4615
-6140
-2708
2205
7804
9518
1736
-7470
-11766
-9940
-948
6460
7097
3392
-2322
-4701
-3152
-685
2812
4887
4377
3043
-22
-4043
-5537
-3489
-939
-23
-1243
-5031
-7472
-5800
-2132
2406
6214
7626
7076
3770
-1319
-5208
-7114
-6544
-4287
1184
9869
12426
7378
876
-5498
-6528
-1746
1788
4214
5018
1854
-2028
-5354
-5937
-2347
2440
8101
8300
-668
-8547
-11370
-8672
138
6173
5953
2660
-1989
-3969
-2954
-997
2212
4362
4722
3948
832
-2851
-4374
-3620
-1893
-931
-2435
-5254
-5689
-3451
401
4869
7855
8535
6558
2436
-1628
-4089
-4652
-3905
-3433
201
7943
10401
6692
1695
-4186
-4812
-473
2247
4362
3952
402
-2209
-4638
-4725
-1319
2307
6953
6195
-2899
-9887
-12326
-8534
1874
7602
6420
2216
-3466
-4717
-2073
606
3587
4527
3936
3252
-34
-4210
-6246
-5320
-2055
-183
-1805
-4792
-5854
-2835
2256
6341
8323
7090
4264
1443
-1214
-2702
-3876
-4505
-5053
-2837
4971
9573
7905
4645
-666
-3326
-1625
-772
1367
3832
3037
1361
-1718
-4793
-4014
-836
3886
4959
-1474
-7174
-8962
-6534
1370
5959
4678
2308
-803
-1843
-620
246
1886
3234
3557
2871
-417
-4422
-6223
-5427
-3320
-1365
-1738
-3947
-4337
-2193
1278
4915
6274
5953
5255
2941
-212
-3101
-5693
-6662
-7171
-5024
4107
11179
10627
6479
-815
-5178
-3409
-762
3341
6505
4939
1761
-3258
-7645
-6567
-2822
2966
6878
2425
-5059
-9633
-8737
-950
5745
6411
4209
186
-2520
-2410
-1550
1089
4127
5038
3996
346
-4162
-6436
-5223
-2026
63
-153
-2551
-4192
-2783
572
4799
7162
6936
5713
2752
-1179
-3972
-5864
-6317
-5879
-5663
29
8559
10475
8184
3382
-2515
-2859
-516
1994
5518
5249
1947
-2091
-7284
-8300
-4594
645
6035
4338
-2948
-7166
-7969
-3081
4598
6488
4606
1343
-1576
-1176
-171
906
2836
3514
3118
1431
-2095
-5220
-5606
-3234
-747
-189
-1320
-2729
-2544
-206
2933
4850
4902
4381
2595
-709
-3494
-5733
-6777
-6148
-6187
-3508
5091
11595
11832
7888
1142
-2940
-2317
8
3310
5026
3364
-462
-5885
-9386
-7894
-2757
3930
6980
2643
-4248
-8276
-6634
418
6111
6609
3862
-12
-2151
-1738
-770
556
2637
3532
2057
-1134
-5264
-7297
-4868
-859
1358
1008
-2034
-4300
-3160
-116
3510
5337
4852
2955
-443
-3455
-4935
-5041
-3629
-2360
-2847
-476
6918
11739
11070
6946
1126
-2272
-2145
-89
2383
2401
36
-3135
-7018
-8226
-4957
-218
4646
5629
485
-4202
-4962
-2360
2728
5247
4060
1831
-298
-937
-912
-415
1075
2178
2547
1444
-1342
-3537
-3966
-2585
-297
619
-339
-1958
-3160
-2189
383
2151
3035
3118
1679
-493
-2288
-3441
-3941
-3628
-2989
-3661
-1744
6285
12180
11810
8305
1819
-2995
-3005
-1530
387
1048
-846
-3742
-6726
-7090
-3922
78
4458
5841
2123
-1214
-2829
-2622
1150
4112
4353
3379
581
-1796
-2071
-855
1503
2827
2513
1015
-1291
-2803
-2830
-1381
181
666
-435
-3373
-5198
-3898
-676
2775
4163
3074
661
-1858
-2896
-2554
-2167
-2291
-2924
-4613
-3212
4805
12051
13058
9290
1942
-4181
-5391
-4018
-1175
1336
658
-2104
-5273
-6488
-4099
-388
4190
6620
3351
-1122
-3999
-4577
-1036
2768
3721
2573
-211
-2259
-1855
-616
806
2047
1439
183
-211
-894
-1262
-529
-322
-548
-1441
-3672
-4490
-2860
-321
2249
3106
2071
473
-967
-939
-543
-1154
-1363
-1924
-3438
-3331
1759
9288
12196
9898
4459
-2406
-5859
-5208
-2642
1013
2746
1371
-1539
-4508
-4832
-2325
2010
6365
5746
1171
-2658
-4787
-3316
781
3170
3317
1603
-755
-1581
-1303
-409
939
1677
1603
1412
331
-1622
-2117
-1588
-1498
-1739
-2796
-4151
-3512
-1332
227
1083
1155
901
1039
1043
715
68
-748
-1662
-3260
-5514
-3228
5621
12433
12954
7988
-763
-6178
-5532
-1865
2580
4433
2785
-84
-3522
-5466
-4703
-2220
2833
6567
4896
830
-3755
-5925
-2439
2241
4373
3834
873
-1536
-2028
-1664
-341
904
1333
1843
1553
-645
-2862
-3568
-3544
-2784
-2392
-3725
-4406
-3111
-1047
983
2021
1801
1252
1038
1071
625
-911
-2604
-3888
-5583
-5523
449
9014
13059
11467
5397
-1798
-4941
-4385
-1768
1873
3178
1421
-2137
-6025
-7176
-4944
177
6255
7284
3146
-1518
-5163
-4447
571
4125
4685
2977
322
-937
-1291
-1131
-63
827
1791
3012
2144
-815
-3132
-4316
-3973
-2279
-1963
-2561
-1931
-1054
-212
1154
1722
1632
1898
2077
1657
-27
-2262
-3997
-5349
-5869
-3839
3382
12012
14588
10511
2331
-5475
-7726
-5072
-223
3894
3840
451
-4021
-7610
-7238
-3158
3027
8495
8126
3042
-2675
-6399
-4336
1396
5250
5779
2662
-1729
-3788
-4041
-2872
-277
1793
3168
3682
1504
-2218
-4646
-5014
-3299
-1089
-854
-1765
-2181
-2113
-844
1157
2470
3508
3761
2814
1373
-975
-2945
-3292
-3263
-3165
-1096
5266
11921
12580
7963
1042
-4883
-6003
-3326
103
2433
2124
-305
-3829
-6457
-5461
-1357
4847
9666
7825
1629
-4131
-6761
-3761
1657
4153
3201
-119
-3322
-4545
-4744
-3157
-269
1977
3932
3776
-140
-4445
-6334
-6048
-4080
-2409
-2540
-2897
-2923
-2238
-334
1336
2679
3780
3314
2104
915
-629
-1507
-2316
-3312
-3622
-2026
4572
11954
12507
7708
847
-4881
-5367
-2523
812
3223
2649
196
-2720
-4696
-3474
111
5137
9020
6859
676
-4794
-7237
-4175
1499
4232
3339
-145
-3588
-4274
-2941
-460
1724
2833
3513
2467
-731
-4125
-5921
-5392
-3251
-1628
-1569
-2259
-2615
-1543
366
1639
2712
3594
3642
3436
2542
359
-1813
-3234
-4072
-4370
-3190
2534
9787
11471
7735
1327
-4287
-4944
-2331
931
3444
2949
777
-1857
-4493
-4116
-1118
3277
7561
6082
-46
-5396
-7962
-4924
888
3360
2684
102
-2527
-2833
-1876
-526
1059
1972
2590
2232
-101
-3243
-5210
-4906
-3294
-1595
-826
-1222
-1354
-496
1019
2516
3639
4594
4706
4128
3106
605
-2343
-4181
-5349
-5823
-4595
886
8767
11901
8973
2989
-2792
-4684
-3069
-206
2668
3563
1996
-1377
-4889
-5355
-2738
1689
6455
6124
246
-5595
-8878
-6883
-1085
2749
3538
1575
-1074
-1927
-2118
-1580
-139
1054
2240
2494
-148
-4371
-7132
-6834
-3647
-98
1592
954
-636
-1024
19
1855
4108
5453
5095
4067
1908
-1392
-3783
-5108
-5298
-4382
-3636
-541
6153
10750
10369
6355
561
-2858
-2559
-475
2594
4518
3417
506
-3005
-4918
-3795
-570
3822
5457
2162
-2622
-6662
-6923
-2296
1986
3728
3277
693
-1169
-1623
-1731
-1055
-276
200
386
-825
-3560
-5910
-6099
-3850
-849
1042
1294
107
-906
-251
1504
3300
4516
4038
2243
534
-1133
-2812
-4139
-4600
-4438
-4130
-2219
3254
9746
12219
9701
4179
-1281
-3298
-1923
1243
4487
4815
1893
-2400
-6263
-6985
-3701
1509
5391
4656
2
-4661
-6545
-4064
880
4073
4846
3479
459
-2152
-3940
-4445
-2587
456
2603
2426
-623
-4157
-4846
-2691
504
2904
2950
1289
-172
-673
-486
-97
690
1949
2395
1593
4
-2441
-4469
-4746
-3947
-2759
-1833
316
5818
10281
9714
5992
968
-2311
-2009
-316
1724
2530
737
-2100
-5077
-6544
-4968
-1490
2644
4577
2227
-1813
-4880
-5040
-1770
1487
2858
2566
126
-2439
-3670
-3897
-2475
-246
1490
2294
1554
-373
-2101
-2610
-1612
235
1793
1874
129
-1715
-2074
-1109
856
3208
4226
3354
1846
-25
-1936
-2825
-2850
-2418
-1899
-1733
54
5005
9267
9610
6907
2595
-870
-1972
-1229
605
1723
1116
-786
-3589
-5309
-4422
-1583
2220
3912
1471
-2298
-4872
-5010
-2371
670
2515
2624
846
-1120
-2422
-2815
-1499
633
1955
1995
744
-1505
-3043
-2946
-2231
-802
360
27
-586
-771
-596
263
1548
2968
3761
3084
1629
-339
-2617
-3672
-3646
-2999
-1620
-956
1017
6426
10202
9462
6296
1791
-1341
-1599
-528
1343
2267
763
-1943
-5225
-6703
-4806
-1563
2361
4188
1460
-1950
-3787
-3699
-518
2968
4191
3410
777
-1888
-3429
-3687
-1751
694
2045
2085
60
-2822
-4321
-3907
-2250
-14
1742
1756
665
-511
-1183
-501
1001
2339
2813
1762
-222
-2066
-3170
-3196
-2446
-1820
-1106
-948
-363
3897
8677
10025
8393
4044
-470
-2705
-3092
-2008
-693
-541
-1637
-3717
-5112
-4311
-2103
1485
4350
3347
452
-2550
-4301
-2718
138
1646
1268
-639
-2203
-2559
-2118
-843
266
697
1136
1054
276
-553
-793
-230
634
1646
1666
297
-988
-1770
-1569
-332
772
1343
1254
724
344
349
301
145
-13
-276
-933
-1615
574
5522
9094
8961
4938
-583
-4091
-4718
-2989
-209
1441
1207
-516
-2848
-3848
-2738
92
3353
3956
958
-3166
-5817
-5425
-2427
1018
2532
1501
-242
-1581
-1936
-921
284
1153
1891
2074
1323
-110
-1400
-1996
-1699
-559
378
-7
-914
-1584
-1814
-1014
51
1299
2781
3815
4276
3397
1345
-827
-2437
-2820
-2465
-2482
-2223
382
4836
7621
6747
2963
-1276
-3159
-2272
-79
1861
2210
800
-1173
-2694
-3381
-2604
-323
1868
1799
-638
-3700
-5096
-3706
-934
1799
2722
1445
131
-391
-214
305
427
527
643
538
216
-889
-2117
-2047
-1367
-482
100
-1020
-2473
-3001
-2256
32
2419
3864
4299
3570
2195
849
-553
-1710
-2241
-2870
-3186
-3464
-3976
-1480
4026
7913
7739
4169
-258
-2487
-1968
229
2600
3250
2377
545
-1999
-3504
-3682
-2316
187
1153
-209
-2687
-4451
-3643
-814
2290
3888
3196
1798
475
-663
-982
-885
-437
507
1108
710
-850
-2402
-2616
-2010
-980
-64
-641
-1651
-1900
-1277
661
2774
3959
4196
3535
2359
1283
344
-746
-1658
-2511
-3636
-4551
-5044
-3230
1908
6758
7898
5784
2640
438
608
2339
4035
4545
2911
-363
-4144
-6704
-6692
-4554
-1403
459
-520
-2906
-4411
-3854
-1212
2127
4052
3929
2141
9
-1247
-1744
-1322
-349
583
1118
726
-510
-2199
-3106
-2650
-1431
-127
640
489
45
306
1234
2814
4673
5645
5403
3595
714
-1697
-3058
-3423
-3463
-4209
-5371
-5925
-5373
-1469
5460
10720
12156
9938
5189
1226
-171
471
1995
1927
-648
-4312
-7906
-9183
-7323
-3882
279
2472
1260
-1188
-3263
-3362
-691
2524
4412
4397
2604
530
-1145
-2242
-2112
-1118
196
1120
551
-1291
-2913
-3111
-1806
313
1794
1983
1424
642
247
622
1525
2544
3131
2324
272
-2025
-3549
-3764
-3759
-4213
-4885
-5350
-4503
-2078
2554
8564
11835
10647
6546
1677
-1448
-1829
-584
626
134
-2167
-5086
-7158
-6797
-4382
-1148
1810
2346
236
-2310
-3483
-2105
1221
4214
5502
4585
2178
-113
-2094
-2932
-2037
-413
1247
1808
712
-1236
-2486
-1767
250
2140
3101
2630
1359
255
-265
309
1812
3043
3297
2027
-125
-1753
-2638
-2643
-2525
-2873
-3272
-3750
-3574
-1817
1714
6937
10997
10839
7307
2496
-1327
-2251
-1188
55
205
-1358
-3748
-5966
-6627
-5365
-3233
-375
1684
1048
-676
-1827
-1827
240
3141
4745
4380
2323
-246
-2320
-3138
-2487
-1282
-152
198
-460
-1199
-1476
-993
416
1728
1985
1104
-257
-900
-771
-54
1152
1566
1294
758
-427
-1554
-2290
-2449
-2004
-1956
-2454
-2703
-2428
-1321
649
3988
8103
9389
7262
4088
462
-1965
-2215
-1628
-608
-99
-1158
-3287
-5559
-6492
-5037
-1988
1204
2584
1638
105
-947
-451
1932
3857
4189
3282
1104
-1039
-2267
-2869
-2231
-744
479
1180
940
18
-702
-636
174
786
537
-241
-723
-794
-930
-646
97
919
1416
917
-225
-1236
-1535
-831
-140
-416
-1339
-2630
-3505
-3005
-1363
2440
7505
9467
7868
4231
-196
-2116
-1303
-15
910
107
-2432
-5012
-6740
-6443
-3959
-655
2356
3207
1941
460
-243
1049
3742
5478
5248
3123
291
-1686
-2651
-2755
-1804
-654
255
985
629
-735
-1773
-1498
-354
738
958
129
-697
-1361
-1894
-1364
-282
541
1203
1227
564
-332
-1183
-1513
-1758
-2467
-3190
-3853
-3847
-2497
-50
4010
8304
9611
7823
4736
1538
-282
-652
-789
-897
-1410
-2651
-4154
-5505
-5671
-4134
-1294
1943
3514
2892
1529
451
593
1892
2862
2996
1840
-549
-2436
-3310
-3120
-1719
-143
1020
1550
1009
-122
-714
-699
-508
-156
-112
-479
-946
-957
-404
359
1396
2039
2062
1772
1034
16
-950
-1677
-2382
-2999
-3440
-3832
-3697
-2858
-1202
2027
6332
8945
8535
6149
2734
-235
-1877
-2382
-2037
-1743
-2331
-3741
-5238
-5615
-4271
-1674
1301
2714
1888
883
471
947
2392
3250
3420
2907
1311
-394
-1862
-3063
-2951
-1885
-772
106
75
-661
-1407
-1803
-1590
-763
236
883
910
621
461
489
1061
2073
2770
2910
2177
376
-1751
-3295
-4091
-4118
-3702
-3303
-2579
-1613
-837
941
4832
8862
10356
9197
6078
1969
-1214
-2581
-2427
-1687
-1726
-2712
-4086
-4844
-4184
-2238
777
3481
4216
3464
2324
1594
1791
2177
2026
1100
-553
-1886
-2574
-2918
-2804
-2631
-2211
-1136
-361
-484
-1040
-1158
-647
-192
71
-44
-369
-243
142
345
546
880
1295
1528
938
-618
-2564
-3847
-4070
-3847
-3647
-3581
-3220
-2046
-447
1111
3442
7031
9832
9638
7066
3310
-307
-2047
-2145
-1909
-1787
-2306
-3246
-3747
-3557
-2439
-396
2146
4194
4467
3390
2349
1552
1439
1941
1786
879
-267
-1810
-3089
-3688
-3619
-2496
-856
603
1330
766
-447
-1197
-1226
-721
-145
60
55
39
-48
-48
21
412
1005
1076
542
-778
-2494
-3782
-4291
-4010
-3411
-2637
-1553
-248
923
1619
3032
5987
8496
8568
6270
2284
-1748
-4146
-4498
-3351
-2202
-1922
-2520
-3270
-3316
-2597
-787
1942
4069
4524
3542
1637
-96
-593
-194
428
718
211
-794
-1879
-2591
-2407
-1218
650
2313
2921
2132
436
-708
-678
34
1090
1739
1523
913
184
-513
-694
-468
-101
296
77
-860
-1994
-2935
-3002
-2435
-1850
-1139
-270
610
1128
1139
1570
3850
7144
8664
7247
3712
-383
-3117
-3733
-2915
-1782
-1177
-1300
-1859
-2272
-2148
-1247
501
2470
3348
2427
606
-1039
-1798
-1417
-774
-715
-1042
-1556
-2226
-2556
-2319
-1541
-229
1066
1799
1497
0
-1476
-1991
-1849
-1301
-869
-958
-980
-902
-856
-675
-451
118
739
927
684
-333
-1634
-2215
-2086
-1395
-266
616
1053
1144
836
642
1980
5560
8850
8939
5987
1532
-2263
-3820
-3237
-1315
502
1067
387
-1175
-2536
-2572
-1169
1354
3483
3308
1216
-1317
-2787
-2264
-675
915
1647
1160
199
-1087
-2198
-2170
-1262
-83
746
789
-191
-1661
-2542
-2196
-967
147
455
-111
-801
-1325
-1635
-1222
-323
572
717
-227
-1345
-2301
-2576
-1828
-727
358
830
469
117
-54
-129
290
1652
4681
7419
7031
4385
1102
-1666
-2351
-1505
-81
1449
1606
356
-1721
-3773
-4067
-2406
530
3301
3480
1580
-580
-1935
-1213
597
1834
2293
1556
294
-814
-1913
-1937
-1169
-302
733
896
-9
-1232
-2130
-1805
-689
192
503
54
-508
-750
-887
-447
478
1238
1602
1263
630
-47
-571
-411
17
305
29
-962
-1685
-1770
-1472
-789
545
3183
5751
5747
3665
907
-1575
-2324
-1745
-759
45
-274
-1508
-2998
-4216
-4258
-2949
-504
2189
3006
1742
-60
-1216
-720
818
1963
2142
960
-561
-1570
-2323
-2103
-1226
-338
838
1359
775
-333
-1455
-1415
-336
426
451
-408
-1242
-1014
-357
547
1465
1545
1154
562
59
52
97
220
294
-97
-902
-1954
-2457
-1789
-654
279
1253
3367
5812
6203
4848
2756
522
-535
-692
-600
-430
-1156
-2286
-3236
-3966
-3522
-2089
-22
2166
2424
948
-621
-1564
-802
884
1824
1877
944
-298
-1197
-2053
-2271
-1799
-1125
-34
803
644
-162
-1107
-1507
-876
266
1082
1265
1002
494
-36
-168
254
955
1457
1368
789
-58
-876
-1480
-1872
-1730
-1244
-1048
-1150
-1204
-1094
-620
263
2492
5891
7582
6816
4593
1344
-990
-1659
-1371
-178
281
-874
-2766
-4833
-5492
-4028
-1293
2063
3739
2731
902
-793
-1095
230
1236
1648
1252
-49
-1196
-2334
-2825
-2175
-1173
203
1360
1515
737
-613
-1438
-1196
-252
848
993
386
-205
-708
-850
-587
-49
613
918
684
1
-1119
-2173
-2735
-2524
-1617
-1109
-1133
-1254
-1441
-822
145
1326
4296
7383
7931
6224
2812
-892
-2856
-3131
-2147
-776
-593
-1575
-2870
-3647
-3045
-1438
906
3251
3712
2557
941
-539
-684
146
707
1066
708
-278
-1008
-1801
-2202
-1727
-821
424
1362
1329
330
-955
-1314
-595
656
1579
1275
157
-704
-1090
-1020
-376
437
928
1129
644
-577
-1470
-1866
-1708
-925
-400
-382
-462
-365
143
778
1022
1237
2687
4916
5464
3709
1120
-1375
-2607
-2123
-1116
-208
-105
-944
-1745
-2162
-1927
-963
493
2104
2449
1363
97
-1056
-1162
-190
427
659
414
-132
-433
-929
-1303
-1140
-654
217
1016
1295
881
-186
-831
-643
43
744
631
-13
-454
-616
-439
-55
147
214
305
168
-405
-875
-1102
-1230
-1067
-969
-955
-643
-245
223
745
716
440
1337
3594
4864
3975
1909
-607
-2267
-2380
-1744
-660
123
-325
-1242
-2052
-2552
-2274
-1106
630
1710
1430
514
-803
-1486
-950
-424
263
734
578
912
882
85
-434
-799
-445
565
1296
1187
-28
-1077
-1314
-1025
-85
408
119
142
140
-92
84
123
77
553
794
451
-121
-732
-1062
-1031
-786
-651
-791
-717
-396
-130
73
-26
518
3062
5417
5370
3796
1301
-962
-1570
-1171
-253
672
539
-245
-1396
-2688
-3245
-2783
-1012
910
1253
498
-890
-1926
-1365
-211
679
967
632
704
747
252
-265
-860
-844
-42
667
915
37
-1247
-1692
-1486
-494
492
585
496
207
-460
-618
-381
-58
752
1530
1622
1148
429
-238
-669
-598
-264
-68
83
138
64
-56
-229
-84
1717
4131
4635
3621
1700
-594
-1698
-1722
-1032
70
135
-718
-1973
-3377
-3801
-3172
-1616
384
1015
525
-185
-919
-586
484
1251
1891
1942
1612
1311
388
-549
-973
-1035
-489
217
345
-284
-1307
-1930
-1987
-1359
-319
298
782
1115
823
534
347
44
208
779
937
472
-301
-1284
-2061
-2328
-2193
-1739
-1120
-445
28
287
303
215
1630
4102
5041
4703
3321
912
-633
-1163
-1068
-401
-405
-1077
-2006
-3082
-3571
-3376
-2259
-398
853
1314
1313
723
608
1136
1510
1957
2020
1512
1123
446
-491
-1204
-1772
-1698
-1069
-492
-478
-993
-1254
-1120
-462
665
1379
1762
1969
1602
1147
729
257
168
411
458
50
-757
-1541
-2037
-2151
-1852
-1376
-822
-1
487
464
443
272
1443
3805
4695
4216
2743
281
-1326
-2096
-2300
-1605
-1227
-1179
-1396
-2324
-2980
-2931
-1763
451
1991
2489
2350
1507
1010
1083
1052
1137
880
431
264
-376
-1284
-1973
-2338
-1775
-865
-332
-312
-836
-918
-410
273
1022
1237
1215
1384
1339
1057
572
-10
-300
-341
-445
-874
-1429
-1711
-1739
-1537
-1206
-1077
-776
-50
593
1132
1314
1340
2587
3999
4045
3242
1447
-524
-1497
-2002
-1857
-1233
-1212
-1330
-1656
-2293
-2381
-1974
-774
920
1613
1546
1061
295
274
492
359
163
-99
70
463
340
-255
-1017
-1317
-1053
-502
56
87
75
360
573
737
552
196
445
1086
1512
1393
644
-197
-733
-899
-930
-1190
-1287
-1101
-975
-899
-1060
-1238
-738
-15
591
1102
1224
1875
2972
3009
2244
1053
-356
-925
-904
-735
-321
-280
-627
-976
-1515
-1800
-1474
-643
574
1256
1018
532
-1
-169
70
176
190
70
-8
125
198
151
-131
-358
-209
-150
16
118
-161
16
195
73
214
153
248
720
768
791
752
514
486
290
-17
-282
-561
-594
-573
-641
-769
-939
-826
-704
-601
-225
305
1482
2882
2976
2032
728
-562
-882
-653
-423
-88
-239
-743
-1288
-2089
-2421
-1937
-956
337
939
401
-353
-879
-775
30
662
859
716
322
-18
-273
-349
-139
247
661
705
301
-325
-912
-1026
-761
-401
-154
-332
-508
-372
-117
457
967
1135
1154
842
397
68
-244
-378
-334
-325
-514
-886
-1251
-1399
-1057
-177
974
2200
2896
2480
1543
661
153
379
827
995
783
-51
-1081
-1883
-2305
-1870
-876
215
962
693
-71
-664
-828
-213
655
1214
1267
726
7
-646
-985
-798
-242
544
1040
848
194
-623
-1128
-1091
-708
-124
273
245
143
9
-81
226
605
830
888
564
24
-405
-677
-751
-696
-697
-891
-1223
-1400
-1252
-427
1070
2163
2284
1659
579
-136
-253
38
682
1076
873
163
-1011
-1944
-2177
-1698
-406
780
996
531
-263
-907
-856
-318
277
651
662
424
-9
-428
-691
-624
-3
690
1152
1224
714
118
-273
-363
-177
-138
-176
-237
-453
-527
-533
-477
-127
340
809
1119
986
512
4
-311
-379
-406
-403
-399
-459
-300
-28
118
328
442
624
975
1003
848
654
310
113
-19
-349
-640
-850
-970
-922
-867
-866
-695
-309
130
396
340
52
-184
-222
-161
-109
-236
-385
-302
-136
5
142
232
410
728
900
771
434
46
-114
-52
-12
-166
-578
-891
-924
-827
-539
-139
261
675
792
433
11
-311
-223
711
1626
1668
940
-295
-1328
-1500
-999
-183
670
985
670
-2
-903
-1439
-1150
-251
810
1283
823
-49
-900
-1214
-736
69
909
1433
1267
725
-58
-790
-891
-492
103
660
607
29
-504
-932
-934
-381
266
850
1176
1035
601
41
-324
-305
-119
129
221
-10
-343
-644
-735
-475
-70
358
634
677
628
573
620
670
541
272
-61
-388
-641
-803
-843
-765
-642
-515
-482
-512
-388
-150
199
528
530
353
185
38
21
42
-11
-81
-169
-284
-458
-653
-761
-674
-448
-220
-179
-271
-362
-328
4
411
686
817
743
570
421
254
165
222
279
209
-75
-578
-1001
-1091
-790
-65
730
1193
1273
1016
700
530
533
719
949
955
635
-37
-924
-1514
-1641
-1337
-674
-165
-43
-163
-406
-483
-273
164
663
1025
1122
873
360
-202
-476
-379
-116
168
156
-231
-646
-985
-1163
-999
-625
-209
131
216
124
-9
15
388
825
1103
1164
813
302
-79
-375
-484
-482
-537
-562
-698
-880
-840
-636
-149
498
947
1204
1278
1099
839
629
440
313
165
-101
-484
-937
-1300
-1421
-1290
-964
-529
-125
184
383
485
614
782
944
1069
1005
758
438
78
-204
-322
-373
-383
-398
-450
-465
-416
-331
-225
-92
43
169
274
345
397
425
483
547
489
352
183
-39
-38
135
159
71
-148
-403
-560
-660
-653
-485
-235
13
176
132
48
8
11
159
230
81
-121
-358
-567
-705
-778
-745
-583
-290
-50
74
118
98
121
234
429
584
560
446
246
-34
-231
-376
-443
-333
-228
-198
-200
-248
-232
-110
40
240
420
491
538
486
330
234
148
155
301
364
351
267
78
-102
-219
-208
-92
5
46
7
-123
-222
-231
-165
-8
165
265
273
155
-22
-135
-197
-205
-129
-103
-138
-208
-345
-440
-442
-354
-176
29
154
161
93
15
44
171
309
417
379
234
74
-102
-127
-30
33
112
98
-36
-154
-246
-194
54
339
533
551
375
141
-52
-110
6
153
250
225
26
-225
-431
-547
-462
-220
-33
29
-24
-165
-296
-272
-92
116
325
398
313
143
-67
-203
-215
-87
50
91
20
-190
-410
-513
-472
-275
-28
142
198
154
50
10
74
223
415
514
469
253
-48
-277
-390
-368
-231
-116
-68
-78
-193
-247
-173
-32
224
450
553
537
388
189
62
23
67
148
149
51
-147
-365
-473
-447
-282
-80
51
97
35
-64
-90
-57
65
207
274
297
172
24
-71
-165
-137
-88
-95
-129
-240
-375
-414
-412
-292
-66
71
152
163
106
101
188
303
356
343
268
125
0
-55
-95
-119
-96
-112
-148
-187
-222
-192
-97
40
131
165
143
55
7
-8
-29
1
35
26
0
-66
-144
-145
-94
10
148
184
122
33
-34
-47
-9
49
73
57
48
24
-25
-30
-17
34
115
94
44
-25
-127
-140
-107
-73
-19
36
83
108
78
45
45
110
243
313
298
229
96
2
-46
-73
-30
37
76
78
9
-79
-121
-115
-46
21
48
40
-27
-63
-88
-129
-103
-55
-38
-29
-59
-132
-165
-159
-109
-5
58
69
63
27
-31
-76
-108
-93
-25
12
26
7
-50
-64
-48
-23
25
26
-41
-79
-104
-142
-103
-46
1
47
59
30
-21
-30
-31
-2
88
112
64
22
-35
-87
-40
16
25
56
40
-33
-70
-91
-106
-48
40
91
94
67
18
-43
-52
-40
-26
21
34
21
11
-16
-27
-1
43
67
87
108
76
45
34
19
45
85
89
75
60
18
4
4
-37
-18
27
35
47
36
-12
-61
-54
-24
5
55
49
10
20
26
33
76
70
39
35
-27
-88
-72
-92
-117
-44
-37
-80
-35
-43
-88
-27
15
-8
54
60
-20
2
10
-31
40
107
43
32
28
-87
-113
-72
-87
-27
52
29
22
31
-15
-11
75
112
116
158
125
26
4
6
-21
9
54
31
34
27
-55
-65
-6
6
33
67
23
-34
-54
-104
-130
-88
-71
-62
-20
-43
-59
-38
-58
-46
-9
-19
-11
-8
-46
-37
-9
-4
21
36
-4
-11
-23
-73
-79
-49
-44
-65
-46
-42
-61
-16
15
20
67
78
49
37
16
-13
-9
29
67
69
70
46
6
23
25
10
24
36
47
48
6
-25
-53
-69
-39
-22
-11
-11
-50
-77
-62
-55
-36
-19
-21
7
21
9
17
12
12
45
67
73
85
90
61
31
36
19
-8
2
-14
-36
-22
-9
17
71
117
130
124
91
46
19
4
-4
-2
-17
-41
-52
-56
-51
-19
17
15
27
35
-33
-77
-90
-133
-126
-70
-74
-102
-78
-79
-91
-50
-23
-19
13
28
8
3
13
18
32
55
63
59
54
47
66
86
86
87
89
66
49
42
14
13
23
11
5
16
16
19
43
39
29
44
52
55
44
15
-17
-31
-42
-43
-51
-61
-45
-42
-48
-42
-41
-47
-32
-20
-22
-46
-56
-58
-79
-63
-39
-64
-77
-62
-68
-70
-49
-39
-29
-9
-1
-12
-12
-7
-22
-15
11
-1
-11
18
29
7
18
22
-5
-4
14
28
41
40
21
7
4
0
-3
7
27
43
49
67
69
47
35
31
30
29
38
35
20
0
-24
-43
-48
-45
-60
-82
-89
-105
-104
-76
-40
-3
16
24
21
16
26
40
41
36
39
28
10
20
8
-15
-1
16
31
62
78
61
62
75
52
32
37
41
52
73
62
34
37
33
12
8
7
-9
-11
-14
-9
1
10
22
14
7
-3
-27
-32
-28
-16
-8
2
3
2
-7
-25
-40
-46
-40
-41
-42
-39
-38
-42
-34
-24
-19
-6
-3
-2
0
-15
-15
-2
15
38
41
15
5
-3
-13
-5
4
3
21
27
-2
-4
-13
-39
-36
-33
-55
-63
-42
-35
-18
4
2
9
21
16
2
-1
-5
-18
-17
-21
-32
-38
-30
-38
-54
-50
-63
-59
-35
-24
-4
17
11
-10
-12
-20
-16
5
18
33
33
17
8
17
25
34
39
37
45
50
54
52
49
51
45
33
27
18
12
13
6
6
9
0
-4
7
16
18
25
28
26
25
18
6
-15
-19
-21
-38
-34
-38
-38
-18
-5
-15
-31
-43
-46
-35
-21
-21
-15
1
3
10
23
18
2
9
6
-5
3
-7
-9
-3
-16
-15
-2
6
25
59
64
72
96
87
70
71
47
18
9
-15
-23
-22
-23
-20
-18
-19
-15
14
23
25
47
43
25
29
20
9
24
25
11
12
-6
-31
-34
-41
-56
-41
-25
-22
-21
-34
-56
-64
-46
-36
-19
-5
-1
-3
-6
-17
-31
-27
-23
-25
-27
-44
-52
-43
-44
-40
-14
6
13
25
27
20
13
10
3
9
16
-6
-19
-26
-47
-48
-44
-61
-56
-22
-10
7
24
8
0
1
-16
-14
15
9
9
25
23
22
19
23
18
16
22
13
2
1
-2
-2
22
36
39
45
50
45
30
33
23
1
-6
-11
-9
5
13
12
24
25
16
15
12
1
-10
-6
0
-1
-4
-11
-13
-7
7
27
32
15
-7
-18
-34
-36
-33
-30
-19
-18
-13
-9
1
11
14
28
44
48
35
16
-3
-19
-21
-11
-2
1
15
12
5
6
9
8
9
8
6
18
14
6
11
-2
-7
6
16
19
22
15
11
14
10
14
26
25
20
18
11
6
-1
-5
-9
-10
-8
1
7
9
18
24
23
9
-12
-29
-48
-50
-47
-48
-50
-45
-32
-23
-27
-34
-32
-37
-31
-30
-36
-32
-34
-34
-29
-28
-28
-14
-4
2
20
20
24
31
24
18
10
-4
-21
-18
-3
-2
-9
-10
-15
-22
-25
-40
-53
-50
-48
-47
-28
-9
-9
-3
5
8
14
15
10
4
18
16
15
27
25
25
21
22
14
4
-2
1
5
3
2
-2
6
9
6
22
45
56
50
38
25
22
37
42
40
39
26
16
10
6
6
3
-1
-7
-1
8
-2
-10
-12
-11
-13
-13
-9
-4
8
15
16
15
25
28
30
30
20
13
23
30
34
44
47
48
34
12
4
5
7
17
21
19
9
-4
-25
-40
-30
-20
-9
-2
-10
-19
-16
0
7
2
-4
-9
-18
-8
1
-7
-5
1
-10
-22
-22
-26
-40
-35
-22
-32
-28
-28
-36
-36
-39
-38
-34
-34
-46
-57
-59
-61
-52
-37
-27
-19
-26
-37
-32
-25
-30
-38
-42
-36
-16
8
16
17
22
33
44
53
48
31
26
17
19
27
27
21
18
3
-13
-10
-11
-4
-1
-12
-15
-14
-4
10
30
37
16
9
13
10
5
-3
-3
-7
2
26
31
27
28
19
4
-2
-13
-18
3
13
6
5
16
14
16
25
14
3
12
12
-5
-9
-7
-10
8
31
43
51
57
53
42
22
-7
-10
1
3
0
-10
-25
-30
-17
-3
9
17
19
25
19
8
10
9
11
13
26
26
11
3
-5
-2
11
13
10
2
-4
-10
-12
-15
-11
-5
1
