15
10
4
-12
-19
-22
-28
-22
-19
-18
-10
-10
-13
-9
-3
1
2
5
15
11
10
15
8
12
17
26
31
22
11
4
9
9
15
25
28
26
21
12
-4
-4
1
3
9
8
2
-4
-5
-4
-7
-13
-13
-14
-19
-29
-39
-45
-37
-16
-4
9
12
7
12
15
15
14
7
5
2
-8
-15
-11
-9
-1
11
14
5
-11
-24
-28
-25
-20
-17
-6
3
4
5
3
-3
-2
0
-6
4
15
4
-7
-17
-21
-17
-18
-29
-34
-30
-30
-32
-27
-21
-15
-8
4
22
33
35
33
30
29
22
21
15
15
21
16
5
-1
1
7
13
19
22
23
15
1
-8
-20
-21
-27
-25
-7
-3
5
10
13
12
8
5
-1
-12
-13
-13
-17
-11
-13
-16
-19
-12
3
7
12
4
-2
-7
-12
-16
-22
-29
-22
-17
-3
18
33
54
63
57
50
35
17
22
29
27
14
15
22
26
32
19
3
-5
-14
-19
-27
-35
-42
-49
-41
-25
-15
-17
-19
-21
-20
-12
2
10
2
5
10
27
25
11
13
11
14
21
21
9
12
14
8
4
3
2
-13
-12
-13
-22
-21
-14
-17
-25
-23
-20
-18
-25
-23
-20
-27
-25
-24
-13
3
13
21
25
35
44
32
20
9
7
-2
-23
-41
-41
-32
-29
-23
-11
-5
1
19
23
18
9
-6
-10
-14
-16
-12
-7
1
3
-4
-5
-7
-15
-15
-12
-7
-4
3
6
4
-2
-5
-6
-11
1
11
27
40
41
36
32
30
29
36
44
40
21
10
12
-6
-30
-28
-25
-27
-15
-15
-20
-25
-20
-4
8
10
13
3
-11
-11
4
19
30
25
19
10
3
6
6
13
12
0
-12
-17
-15
-11
-7
-3
6
8
0
-4
-6
-13
-12
8
21
31
45
50
48
41
25
1
-15
-5
13
11
0
-5
-9
-3
-6
-29
-36
-33
-38
-49
-50
-46
-45
-36
-22
-12
-9
-5
2
-5
-6
8
17
20
10
7
2
-4
-6
-12
-15
-11
-4
6
27
30
7
-14
-11
-1
2
12
16
6
-2
0
-3
-8
-4
-11
-24
-33
-25
-15
-7
-3
6
10
13
28
31
20
18
16
14
24
36
44
45
47
39
23
14
17
21
17
28
44
51
56
59
60
42
20
0
-9
-13
-22
-33
-39
-49
-40
-10
6
-6
-22
-34
-47
-70
-82
-79
-79
-86
-100
-95
-78
-55
-29
-9
-7
-5
0
-1
-6
-9
1
26
37
37
53
66
68
61
48
28
7
4
20
37
38
38
47
48
52
44
39
35
24
20
19
18
15
19
31
31
12
-7
-1
-1
-6
-17
-36
-41
-49
-55
-58
-69
-81
-82
-78
-70
-63
-40
-8
-5
-16
-11
5
0
-16
-13
5
13
16
36
62
64
47
31
33
42
36
27
24
21
15
18
31
47
56
59
62
51
50
56
47
39
36
20
6
5
2
5
-7
-31
-41
-45
-61
-85
-114
-131
-129
-107
-85
-70
-59
-56
-52
-45
-48
-51
-44
-34
-21
-10
-14
-12
-15
-19
-1
15
12
-2
-3
10
23
47
58
65
68
63
62
57
58
53
44
44
32
27
23
7
2
0
-17
-26
-30
-34
-33
-42
-35
-27
-31
-22
-13
-22
-35
-38
-39
-31
-13
-3
2
22
52
68
76
88
79
73
76
70
59
54
60
57
51
49
58
67
86
102
99
105
101
94
91
77
64
48
27
10
-15
-41
-54
-67
-74
-80
-98
-124
-146
-158
-163
-170
-197
-212
-212
-227
-234
-220
-203
-204
-204
-182
-156
-132
-124
-115
-107
-96
-84
-81
-59
-30
-11
3
13
29
60
85
110
146
188
218
239
269
305
326
336
342
347
352
351
341
331
336
346
337
317
303
282
242
210
191
164
118
42
-21
-72
-128
-182
-239
-302
-354
-381
-406
-433
-444
-452
-442
-433
-420
-416
-426
-419
-406
-376
-324
-259
-200
-138
-64
8
87
157
208
267
327
370
409
474
543
572
595
620
615
587
558
523
471
417
342
266
199
127
55
-31
-134
-248
-363
-474
-570
-667
-776
-878
-960
-1027
-1082
-1123
-1141
-1151
-1155
-1136
-1092
-1039
-972
-874
-758
-650
-544
-389
-235
-87
76
248
430
594
766
936
1107
1270
1422
1577
1700
1778
1827
1854
1858
1835
1783
1690
1597
1490
1349
1190
1011
832
622
374
134
-100
-343
-597
-844
-1067
-1307
-1542
-1734
-1891
-2037
-2160
-2243
-2279
-2265
-2215
-2140
-2006
-1846
-1680
-1476
-1251
-1004
-749
-481
-201
81
352
614
883
1149
1402
1650
1892
2107
2276
2405
2512
2570
2599
2593
2526
2432
2289
2122
1924
1687
1417
1129
853
544
233
-63
-355
-667
-969
-1265
-1575
-1864
-2135
-2384
-2596
-2756
-2865
-2941
-2950
-2894
-2796
-2656
-2477
-2269
-2029
-1775
-1513
-1234
-955
-662
-369
-63
242
541
855
1164
1450
1725
2014
2275
2483
2650
2794
2880
2866
2791
2695
2552
2339
2108
1873
1594
1292
994
711
407
71
-253
-546
-836
-1159
-1468
-1760
-2047
-2308
-2527
-2690
-2818
-2897
-2909
-2864
-2772
-2630
-2433
-2187
-1927
-1650
-1346
-1018
-689
-373
-40
312
637
923
1224
1540
1826
2085
2346
2606
2817
2947
3047
3139
3179
3114
3008
2882
2669
2401
2100
1791
1451
1110
802
495
184
-178
-539
-887
-1256
-1623
-1967
-2286
-2592
-2859
-3076
-3229
-3335
-3389
-3361
-3284
-3167
-2997
-2757
-2480
-2186
-1911
-1626
-1302
-993
-682
-357
-33
294
631
987
1339
1638
1913
2232
2542
2775
2990
3202
3366
3394
3337
3296
3181
2941
2648
2410
2181
1852
1503
1249
986
640
288
7
-279
-662
-1048
-1356
-1651
-2013
-2361
-2613
-2822
-3054
-3202
-3189
-3116
-3058
-2925
-2683
-2420
-2179
-1931
-1597
-1267
-1036
-813
-514
-191
68
328
675
1042
1337
1613
1982
2344
2566
2757
2975
3110
3056
2932
2868
2714
2426
2160
1990
1774
1458
1219
1065
837
507
202
-28
-329
-736
-1139
-1499
-1919
-2397
-2777
-3030
-3282
-3535
-3636
-3550
-3447
-3389
-3168
-2842
-2594
-2372
-2073
-1705
-1437
-1237
-921
-564
-318
-100
237
687
1066
1369
1826
2352
2700
2935
3268
3621
3747
3663
3642
3670
3477
3147
2955
2848
2543
2116
1860
1699
1387
987
730
521
84
-453
-869
-1241
-1720
-2254
-2655
-2921
-3214
-3491
-3568
-3503
-3495
-3483
-3266
-2941
-2699
-2510
-2222
-1874
-1664
-1532
-1292
-1006
-814
-617
-275
134
477
834
1311
1826
2221
2562
2955
3264
3373
3366
3389
3335
3103
2832
2653
2419
2078
1768
1584
1369
1041
794
647
411
31
-298
-578
-983
-1483
-1907
-2220
-2543
-2886
-3047
-3036
-3043
-3018
-2839
-2541
-2313
-2173
-1914
-1567
-1350
-1252
-1075
-827
-687
-611
-376
-44
221
461
876
1408
1763
2030
2407
2842
3057
3028
3062
3123
2970
2691
2486
2332
2003
1614
1398
1281
1079
800
660
580
312
-52
-364
-695
-1156
-1628
-1976
-2309
-2675
-2934
-3006
-3029
-3071
-2980
-2757
-2503
-2245
-1941
-1554
-1258
-1110
-960
-773
-674
-655
-538
-309
-87
117
444
917
1304
1587
1964
2398
2681
2794
2907
3041
2960
2691
2424
2177
1801
1319
1057
928
700
425
276
286
131
-181
-391
-604
-978
-1444
-1754
-1980
-2334
-2674
-2838
-2868
-2934
-2952
-2688
-2330
-2044
-1755
-1392
-1054
-907
-793
-591
-458
-476
-468
-283
-69
48
286
749
1250
1583
1900
2398
2820
2987
3071
3219
3249
3015
2698
2476
2194
1749
1359
1188
1037
771
588
547
470
257
39
-158
-456
-831
-1196
-1570
-1966
-2328
-2563
-2685
-2796
-2782
-2569
-2253
-1940
-1608
-1209
-895
-762
-681
-500
-365
-416
-483
-387
-286
-254
-143
184
639
996
1359
1880
2397
2676
2832
3033
3143
2962
2636
2383
2123
1644
1139
913
748
441
180
107
37
-169
-408
-596
-865
-1288
-1714
-2053
-2465
-2894
-3119
-3192
-3204
-3163
-2933
-2590
-2281
-1922
-1462
-1011
-718
-515
-258
-40
-14
-60
-1
95
92
118
386
834
1189
1502
2011
2531
2793
2877
3018
3087
2869
2505
2237
1975
1513
1043
778
591
316
63
-30
-99
-275
-450
-601
-816
-1153
-1542
-1868
-2254
-2674
-2917
-3023
-3067
-3023
-2818
-2460
-2118
-1771
-1305
-842
-527
-321
-86
118
139
76
123
277
359
454
784
1248
1631
1990
2457
2932
3228
3381
3555
3625
3362
2947
2643
2277
1710
1189
866
585
237
-33
-140
-273
-506
-710
-876
-1124
-1450
-1744
-1998
-2287
-2610
-2853
-2976
-3050
-3046
-2863
-2533
-2167
-1819
-1412
-980
-687
-542
-409
-279
-249
-269
-223
-112
-8
161
532
978
1381
1803
2355
2874
3180
3416
3629
3654
3436
3094
2752
2285
1743
1305
926
538
206
66
-14
-187
-394
-542
-703
-1000
-1389
-1737
-2078
-2460
-2829
-3088
-3195
-3212
-3137
-2885
-2458
-2074
-1749
-1340
-906
-640
-493
-314
-163
-178
-242
-137
-35
19
286
811
1295
1656
2181
2810
3193
3318
3485
3570
3319
2920
2628
2259
1593
913
509
207
-191
-493
-615
-726
-837
-936
-1075
-1279
-1536
-1872
-2310
-2699
-3015
-3322
-3536
-3565
-3462
-3241
-2860
-2397
-1962
-1487
-942
-508
-248
-37
197
277
170
171
322
407
540
984
1548
1982
2391
3042
3664
3903
4065
4268
4209
3776
3284
2930
2396
1668
1133
763
339
-74
-236
-229
-338
-502
-608
-731
-990
-1367
-1759
-2118
-2493
-2904
-3153
-3136
-3095
-3075
-2811
-2350
-1962
-1614
-1145
-686
-463
-379
-236
-166
-328
-393
-188
-77
-45
355
1067
1598
1964
2651
3491
3845
3886
4127
4258
3843
3191
2749
2254
1371
518
43
-321
-817
-1133
-1153
-1146
-1189
-1222
-1246
-1357
-1629
-1941
-2200
-2542
-2946
-3213
-3271
-3259
-3194
-2892
-2351
-1855
-1461
-902
-289
15
114
284
342
134
-89
-108
-122
-198
77
652
1140
1583
2354
3325
3896
4227
4696
4939
4643
4099
3730
3189
2193
1309
749
156
-566
-1018
-1137
-1286
-1534
-1669
-1754
-1983
-2370
-2781
-3141
-3528
-3973
-4338
-4451
-4363
-4204
-3940
-3411
-2667
-2005
-1401
-673
-7
411
679
902
1003
920
769
629
619
839
1190
1620
2170
2938
3714
4184
4556
4959
5101
4851
4439
4036
3331
2358
1568
957
266
-437
-818
-970
-1153
-1337
-1390
-1372
-1531
-1850
-2163
-2561
-3082
-3611
-4018
-4215
-4261
-4178
-3906
-3430
-2836
-2195
-1474
-765
-186
289
561
626
597
543
484
305
286
591
928
1299
1907
2779
3489
3932
4557
5137
5211
4899
4638
4356
3504
2510
1819
1103
224
-470
-740
-1024
-1420
-1567
-1610
-1738
-1935
-2109
-2333
-2784
-3197
-3606
-4018
-4288
-4449
-4422
-4167
-3699
-3113
-2522
-1903
-1268
-673
-157
166
444
652
733
721
742
1076
1474
1790
2234
2969
3735
4171
4644
5345
5727
5634
5378
5107
4456
3389
2490
1677
692
-295
-994
-1464
-1945
-2263
-2388
-2539
-2670
-2770
-2879
-3047
-3274
-3550
-3915
-4192
-4333
-4387
-4357
-4164
-3763
-3332
-2824
-2233
-1675
-1194
-789
-441
-223
-80
19
-15
160
593
906
1235
1903
2864
3534
3972
4742
5488
5693
5554
5584
5489
4760
4003
3481
2761
1795
990
566
33
-593
-961
-1275
-1665
-2064
-2354
-2723
-3212
-3568
-3906
-4257
-4541
-4699
-4668
-4588
-4330
-3846
-3315
-2806
-2235
-1486
-835
-434
-70
363
649
614
737
1296
1695
1777
2182
3104
3760
3920
4410
5188
5509
5312
5263
5384
4831
3859
3310
2884
2040
1113
681
360
-296
-820
-1023
-1202
-1585
-1922
-2095
-2462
-3049
-3601
-3958
-4306
-4747
-4907
-4763
-4529
-4304
-3938
-3338
-2803
-2271
-1640
-1131
-803
-577
-380
-426
-449
-89
233
438
917
1895
2746
3148
3786
4645
5105
5133
5211
5385
4993
4252
3813
3356
2528
1632
1152
766
96
-488
-787
-1028
-1408
-1795
-1966
-2173
-2625
-3119
-3457
-3792
-4271
-4601
-4591
-4364
-4128
-3807
-3226
-2586
-2045
-1544
-1026
-576
-239
-14
-37
71
396
545
598
976
1826
2465
2816
3581
4459
4788
4730
4884
5013
4474
3797
3344
2746
1891
1104
619
46
-575
-904
-1063
-1204
-1514
-1775
-1892
-2080
-2416
-2848
-3075
-3332
-3793
-4149
-4183
-4023
-3995
-3877
-3401
-2834
-2380
-1961
-1414
-909
-617
-380
-130
333
730
820
1119
1820
2624
3018
3431
4350
5013
5108
5119
5434
5427
4693
4049
3679
3077
2188
1499
1060
489
-36
-383
-708
-1043
-1459
-1786
-2025
-2233
-2461
-2711
-2771
-2937
-3201
-3239
-3072
-3009
-3115
-3018
-2699
-2463
-2346
-2090
-1673
-1399
-1187
-863
-452
15
289
573
1117
1862
2441
2666
3159
3811
4045
3976
4031
4238
4025
3536
3241
2872
2282
1614
1122
686
146
-327
-744
-1067
-1399
-1728
-1987
-2240
-2457
-2670
-2761
-2700
-2823
-3029
-3025
-2871
-2867
-2988
-2820
-2492
-2366
-2346
-2108
-1839
-1826
-1879
-1670
-1052
-550
-338
91
980
1851
2109
2435
3305
3865
3795
3732
4030
3867
3130
2823
2865
2594
1991
1769
1779
1297
770
469
84
-501
-1063
-1305
-1607
-2117
-2563
-2856
-2897
-2912
-2947
-2798
-2498
-2206
-2061
-1904
-1642
-1447
-1431
-1389
-1194
-1033
-1016
-1003
-615
23
365
740
1598
2557
2870
3006
3722
4245
4050
3702
3814
3697
2796
2035
1871
1550
817
461
614
472
30
-179
-232
-573
-1153
-1461
-1655
-1993
-2441
-2754
-2812
-2887
-2899
-2751
-2467
-2010
-1568
-1237
-916
-641
-572
-698
-712
-655
-730
-880
-597
110
432
595
1266
2287
2793
2971
3708
4373
4248
3794
3735
3609
2715
1848
1504
1082
338
-133
-223
-543
-938
-1128
-1251
-1462
-1820
-2103
-2388
-2684
-3072
-3547
-3737
-3729
-3750
-3742
-3475
-2953
-2629
-2383
-1850
-1310
-994
-880
-644
-352
-301
-429
-278
313
626
698
1262
2412
3065
3214
4038
5011
5105
4610
4571
4655
3768
2784
2420
1945
1174
631
424
-42
-537
-627
-618
-823
-1173
-1414
-1653
-2089
-2594
-2976
-3154
-3184
-3226
-3220
-2980
-2563
-2263
-2002
-1568
-1070
-828
-771
-552
-371
-270
-270
-124
398
681
864
1435
2303
2813
2893
3536
4335
4364
4031
4051
4061
3244
2388
2099
1579
659
-32
-423
-992
-1553
-1744
-1936
-2228
-2482
-2679
-2802
-2971
-3190
-3415
-3473
-3420
-3408
-3326
-3021
-2604
-2332
-1984
-1434
-1035
-800
-497
-117
126
217
271
588
1157
1355
1447
2115
3115
3443
3461
4242
5008
4903
4531
4779
4956
4209
3551
3311
2730
1731
1063
716
-59
-794
-1127
-1517
-2079
-2631
-2903
-3075
-3369
-3658
-3874
-3876
-3931
-3980
-3821
-3543
-3248
-3095
-2852
-2348
-1959
-1801
-1415
-897
-585
-450
-312
292
1032
1256
1417
2275
3298
3425
3558
4480
5107
4875
4612
5002
4888
3811
3130
2867
2143
987
374
109
-678
-1473
-1897
-2205
-2765
-3484
-3712
-3759
-4093
-4445
-4401
-4094
-4164
-4236
-3792
-3267
-3106
-2897
-2210
-1569
-1398
-1283
-726
-205
-131
-87
370
1168
1567
1567
2129
3337
4036
3935
4439
5607
5888
5381
5436
5871
5285
4134
3687
3378
2393
1312
903
574
-276
-1068
-1410
-1692
-2299
-3013
-3241
-3227
-3689
-4279
-4215
-3927
-4188
-4359
-3743
-3067
-3063
-2914
-1982
-1262
-1377
-1358
-688
-236
-492
-686
13
806
696
430
1301
2619
2706
2547
3706
5028
4899
4410
5013
5317
4317
3493
3451
3032
1845
945
690
104
-855
-1475
-1679
-2028
-2713
-3179
-3217
-3409
-4131
-4545
-4318
-4322
-4731
-4688
-3985
-3575
-3674
-3287
-2348
-1835
-1812
-1380
-538
-191
-445
-282
611
1076
884
1233
2670
3632
3456
3962
5337
5776
5191
5366
6093
5617
4492
4049
3809
2723
1441
926
466
-402
-1190
-1575
-1840
-2370
-2903
-3152
-3252
-3677
-4221
-4215
-3992
-4212
-4515
-4086
-3476
-3457
-3249
-2313
-1496
-1421
-1203
-343
202
103
152
915
1483
1344
1457
2401
3296
3289
3503
4601
5289
4975
4923
5636
5674
4793
4256
4091
3389
2168
1360
945
247
-601
-1174
-1482
-1908
-2530
-2943
-3169
-3621
-4244
-4547
-4495
-4649
-5003
-4870
-4395
-4241
-4185
-3626
-2812
-2437
-2210
-1518
-783
-628
-645
-52
683
759
720
1534
2612
2813
2927
3935
4868
4772
4633
5286
5475
4639
4007
3879
3299
2090
1253
859
207
-673
-1305
-1542
-1897
-2501
-2893
-2969
-3234
-3854
-4158
-4117
-4369
-4785
-4653
-4150
-3997
-3973
-3381
-2535
-2178
-1904
-1155
-410
-201
-133
481
1227
1437
1524
2235
3225
3459
3522
4441
5364
5311
5113
5703
5924
5146
4604
4622
4188
3034
2154
1701
1019
151
-580
-1028
-1380
-1890
-2403
-2663
-2875
-3385
-3790
-3783
-3994
-4597
-4746
-4258
-4191
-4447
-3950
-3065
-2761
-2644
-1964
-1291
-1180
-978
-154
569
703
960
1872
2835
3018
3176
4246
5204
5060
4804
5391
5577
4571
3699
3567
3174
2094
1238
850
305
-403
-983
-1412
-1817
-2194
-2490
-2797
-3173
-3663
-3985
-3985
-4165
-4619
-4619
-4040
-3867
-4116
-3681
-2754
-2427
-2348
-1609
-812
-728
-679
96
865
906
1111
2300
3439
3504
3650
4840
5795
5435
5057
5740
5955
4884
3961
3862
3374
2047
1140
780
133
-629
-1125
-1409
-1877
-2409
-2665
-2874
-3306
-3912
-4189
-4177
-4466
-4910
-4908
-4426
-4222
-4376
-3906
-3036
-2716
-2533
-1730
-933
-913
-750
297
1080
1025
1293
2571
3641
3544
3761
5091
5929
5476
5193
5825
5743
4532
3753
3748
3235
1940
1132
912
423
-253
-665
-872
-1188
-1585
-1841
-2107
-2633
-3228
-3446
-3491
-3912
-4354
-4202
-3857
-4000
-4152
-3548
-2842
-2769
-2503
-1571
-982
-1204
-1032
89
631
362
848
2297
3158
3002
3469
4836
5387
4924
5044
5849
5639
4456
3890
3713
2809
1559
920
578
-103
-825
-1207
-1529
-1993
-2342
-2506
-2747
-3206
-3553
-3590
-3751
-4256
-4532
-4135
-3618
-3668
-3611
-2784
-2050
-2036
-1835
-900
-314
-562
-286
720
993
564
1005
2417
2835
2426
3209
4658
4803
4084
4377
5085
4490
3370
3022
2878
1916
810
460
94
-696
-1344
-1538
-1753
-2307
-2641
-2661
-2808
-3275
-3605
-3413
-3350
-3752
-3886
-3293
-2792
-2875
-2607
-1711
-1163
-1158
-789
-73
-53
-494
-67
768
672
329
1157
2481
2622
2445
3465
4648
4650
4279
4830
5318
4526
3598
3489
3342
2319
1331
1077
674
-110
-638
-745
-998
-1517
-1814
-1877
-2193
-2796
-3104
-3107
-3331
-3718
-3735
-3360
-3118
-3036
-2549
-1825
-1512
-1391
-763
-43
-27
-113
546
1173
975
931
1893
2773
2615
2659
3674
4355
3951
3652
4123
4123
3244
2621
2469
1912
860
131
-194
-775
-1555
-1919
-1994
-2379
-2970
-3252
-3364
-3731
-4192
-4387
-4555
-4923
-5134
-4886
-4457
-4167
-3731
-2953
-2221
-1850
-1344
-408
260
317
613
1511
1961
1747
2120
3279
3768
3506
4000
5074
5237
4665
4736
5148
4580
3568
3198
3048
2257
1195
713
472
-116
-869
-1229
-1319
-1715
-2168
-2315
-2381
-2747
-3179
-3229
-3289
-3647
-3784
-3429
-3093
-3112
-2911
-2167
-1576
-1407
-1030
-291
136
180
666
1447
1686
1670
2388
3359
3453
3416
4229
5042
4820
4325
4565
4680
3902
3024
2776
2502
1506
546
200
-38
-684
-1513
-1910
-2150
-2722
-3299
-3537
-3728
-4226
-4510
-4403
-4538
-4813
-4587
-3946
-3667
-3666
-3092
-2177
-1694
-1467
-958
-358
-93
352
1223
1761
1830
2232
3167
3636
3500
3913
4743
4783
4165
4053
4314
3852
2923
2396
2228
1647
656
22
-253
-685
-1427
-1976
-2203
-2545
-2994
-3261
-3353
-3652
-3981
-3902
-3734
-3794
-3835
-3443
-2894
-2594
-2165
-1391
-709
-362
42
620
853
894
1315
1840
2019
2201
2947
3661
3745
3919
4689
5282
5013
4631
4681
4428
3552
2718
2349
1901
958
45
-336
-550
-1224
-2034
-2278
-2367
-2941
-3646
-3896
-4044
-4475
-4745
-4716
-4696
-4709
-4346
-3668
-3198
-2777
-2076
-1346
-808
-358
141
417
582
1079
1590
1846
2030
2689
3544
3867
4107
4710
5123
4939
4664
4673
4333
3507
2753
2253
1788
1038
257
-269
-534
-901
-1610
-2191
-2478
-2849
-3538
-4141
-4468
-4861
-5228
-5318
-5241
-5180
-4910
-4242
-3634
-3129
-2375
-1492
-856
-423
125
522
708
1107
1646
1941
2128
2718
3514
3909
4176
4754
5234
5127
4881
4947
4701
3883
3151
2744
2249
1490
816
468
371
240
-158
-559
-771
-1021
-1522
-2100
-2519
-2977
-3443
-3739
-3868
-3864
-3828
-3556
-3081
-2569
-1937
-1416
-1031
-634
-236
-15
-59
228
794
1142
1349
1836
2670
3051
3118
3630
4113
3955
3491
3456
3301
2463
1679
1317
961
224
-433
-702
-787
-948
-1382
-1735
-1858
-2069
-2629
-3212
-3480
-3838
-4334
-4559
-4562
-4626
-4549
-4075
-3606
-3263
-2568
-1722
-1223
-785
-159
376
478
722
1377
1817
2042
2490
3299
3853
4030
4474
4987
4901
4417
4237
4200
3436
2369
1825
1576
935
-15
-395
-308
-423
-868
-1194
-1210
-1408
-1911
-2429
-2748
-3053
-3513
-3810
-3886
-3919
-3878
-3547
-2993
-2605
-2149
-1489
-989
-628
-179
323
465
568
1094
1579
1839
2292
3228
3992
4237
4715
5427
5603
5112
4847
4841
4160
3011
2151
1690
985
-52
-699
-907
-1077
-1488
-1949
-2098
-2238
-2600
-3107
-3401
-3500
-3871
-4235
-4267
-4197
-4161
-3888
-3242
-2661
-2205
-1544
-851
-297
131
473
692
920
1379
1742
1839
2170
2840
3290
3416
3771
4264
4336
4011
3737
3618
2987
2020
1333
818
183
-669
-1258
-1493
-1629
-1872
-2194
-2254
-2286
-2490
-2848
-3172
-3291
-3478
-3709
-3735
-3580
-3401
-3183
-2707
-2168
-1727
-1202
-690
-189
288
744
1049
1260
1745
2225
2508
2792
3314
3875
4038
4261
4720
4799
4375
3996
3841
3260
2315
1561
1084
548
-184
-792
-1095
-1275
-1702
-2254
-2512
-2649
-3026
-3548
-3812
-3820
-3985
-4243
-4207
-4024
-3872
-3650
-3259
-2730
-2142
-1413
-740
-222
366
1070
1542
1708
2077
2606
2932
3124
3528
4004
4084
4186
4553
4674
4399
4126
4132
3773
2931
2215
1689
1035
107
-711
-1178
-1506
-1929
-2514
-2835
-2893
-3157
-3676
-4072
-4108
-4224
-4583
-4745
-4575
-4317
-4111
-3747
-3214
-2623
-1984
-1363
-785
-176
509
1049
1453
1999
2528
2940
3309
3854
4384
4569
4863
5294
5397
5067
4717
4635
4146
3102
2249
1680
1055
138
-672
-1070
-1328
-1684
-2175
-2529
-2654
-2716
-3019
-3403
-3495
-3517
-3723
-3912
-3839
-3604
-3399
-3087
-2669
-2181
-1557
-991
-538
-96
344
796
1167
1556
1992
2391
2813
3299
3741
3953
4193
4655
4847
4571
4223
4170
3897
3022
2149
1518
894
-35
-1010
-1722
-2209
-2665
-3295
-3740
-3784
-3760
-3988
-4305
-4215
-4025
-4212
-4451
-4385
-4109
-3963
-3688
-3159
-2565
-1882
-1213
-612
-98
418
912
1288
1751
2263
2640
3052
3634
4300
4642
4898
5414
5754
5620
5311
5315
5068
4178
3238
2543
1800
677
-442
-1207
-1770
-2303
-2902
-3368
-3610
-3719
-3940
-4372
-4539
-4488
-4538
-4700
-4703
-4451
-4261
-3964
-3482
-2967
-2313
-1599
-981
-437
126
731
1172
1638
2278
2824
3245
3812
4640
5036
5051
5398
5780
5681
5268
5173
5092
4377
3512
2867
2230
1285
232
-481
-1003
-1516
-2169
-2751
-2962
-3117
-3497
-4041
-4237
-4184
-4359
-4599
-4604
-4338
-4098
-3794
-3242
-2648
-2062
-1499
-942
-450
-87
265
500
829
1291
1656
1996
2456
3068
3403
3608
4103
4524
4548
4333
4298
4252
3653
2852
2227
1713
970
100
-498
-880
-1142
-1572
-2187
-2421
-2427
-2726
-3349
-3683
-3637
-3943
-4443
-4581
-4349
-4155
-3906
-3280
-2618
-1930
-1184
-573
-34
484
981
1226
1462
1912
2218
2467
2934
3562
3876
4031
4617
5127
5092
4838
4850
4728
3948
3161
2590
1946
1084
101
-717
-1388
-1870
-2318
-2941
-3359
-3449
-3599
-4098
-4520
-4538
-4726
-5165
-5384
-5161
-4814
-4579
-4146
-3460
-2640
-1873
-1251
-622
21
647
1089
1474
2071
2524
2823
3308
3989
4335
4339
4715
5212
5161
4723
4555
4496
3830
2966
2424
1882
1092
258
-326
-780
-1133
-1497
-1935
-2269
-2436
-2568
-2995
-3382
-3398
-3462
-3759
-3981
-3834
-3572
-3454
-3180
-2669
-1993
-1305
-775
-254
277
703
883
1046
1510
1898
2086
2359
3035
3697
3946
4446
5117
5380
5183
5003
4933
4328
3388
2587
1896
1113
171
-582
-1098
-1520
-1991
-2569
-2933
-3195
-3543
-4070
-4494
-4575
-4730
-4985
-5091
-4922
-4648
-4312
-3795
-3172
-2426
-1611
-837
-125
477
1078
1473
1692
2070
2371
2581
2829
3307
3772
3944
4273
4714
4837
4572
4330
4209
3647
2840
2143
1524
880
68
-588
-1031
-1344
-1708
-2202
-2488
-2571
-2729
-3202
-3681
-3756
-3902
-4280
-4524
-4371
-4036
-3891
-3545
-2983
-2312
-1657
-1124
-472
138
683
1108
1440
1899
2256
2530
2871
3359
3762
3905
4270
4703
4737
4491
4294
4202
3635
2751
2003
1333
622
-224
-918
-1473
-1801
-1992
-2389
-2673
-2694
-2758
-3165
-3660
-3852
-4057
-4454
-4779
-4726
-4381
-4068
-3688
-3019
-2194
-1382
-823
-254
499
1233
1739
1990
2523
2958
3195
3432
3878
4402
4474
4772
5287
5442
5210
4879
4778
4208
3234
2427
1668
879
-95
-808
-1410
-1895
-2187
-2670
-3036
-3251
-3387
-3700
-4212
-4298
-4279
-4483
-4732
-4743
-4341
-4008
-3624
-3047
-2325
-1496
-841
-179
446
1052
1449
1612
2126
2543
2771
3090
3625
4242
4415
4710
5250
5421
5183
4916
4861
4331
3331
2495
1730
896
-105
-916
-1523
-2017
-2403
-2951
-3355
-3575
-3769
-4143
-4614
-4698
-4737
-4904
-5047
-4997
-4661
-4317
-3865
-3309
-2599
-1765
-1071
-400
306
1043
1587
1929
2494
2974
3276
3590
4194
4897
5104
5348
5828
6097
5978
5592
5315
4781
3737
2737
1873
1024
-20
-987
-1698
-2269
-2747
-3353
-3826
-4013
-4176
-4646
-5212
-5463
-5645
-5967
-6234
-6249
-5871
-5444
-4986
-4306
-3444
-2469
-1731
-992
-93
642
1079
1341
1972
2708
3151
3613
4289
5091
5521
5921
6455
6721
6664
6392
6202
5709
4792
3919
3060
2248
1375
535
-131
-662
-1058
-1651
-2218
-2523
-2773
-3209
-3906
-4238
-4360
-4803
-5253
-5401
-5148
-4839
-4597
-4132
-3272
-2332
-1715
-1171
-478
211
627
850
1292
1822
2100
2416
3077
3893
4286
4546
5089
5515
5437
5030
4826
4501
3687
2780
1977
1285
498
-412
-1085
-1515
-1831
-2303
-2755
-2920
-2939
-3231
-3857
-4186
-4262
-4554
-5027
-5247
-5031
-4785
-4633
-4257
-3473
-2631
-2119
-1507
-722
-85
351
629
1216
1973
2460
2845
3475
4405
4909
5068
5602
6142
6066
5579
5367
5208
4453
3472
2717
2145
1393
569
-73
-537
-751
-1191
-1751
-2034
-2156
-2507
-3174
-3569
-3731
-4090
-4589
-4865
-4708
-4516
-4402
-4083
-3464
-2792
-2350
-1886
-1281
-707
-392
-279
71
663
1057
1283
1795
2752
3419
3664
4229
4992
5251
4916
4796
4869
4350
3474
2844
2312
1536
640
-108
-683
-990
-1345
-1890
-2222
-2214
-2358
-3083
-3629
-3689
-3998
-4586
-4982
-4940
-4831
-4830
-4458
-3719
-2927
-2327
-1785
-1100
-397
167
373
583
1179
1678
1872
2236
3144
3928
4120
4526
5314
5776
5530
5329
5536
5121
4155
3365
2710
1872
892
146
-409
-748
-1029
-1514
-1832
-1812
-1863
-2394
-2876
-2865
-3103
-3727
-4105
-4026
-3906
-3838
-3515
-2968
-2309
-1711
-1258
-880
-427
10
169
153
525
1081
1193
1211
1916
2897
3240
3473
4280
4996
4821
4459
4573
4373
3509
2643
2041
1403
557
-311
-1044
-1488
-1679
-2146
-2730
-2761
-2660
-3178
-3812
-3834
-3765
-4227
-4623
-4467
-4218
-4153
-3860
-3220
-2566
-1922
-1237
-648
-104
506
939
988
1237
1909
2270
2196
2570
3567
4017
3916
4383
5205
5235
4634
4566
4661
3907
2858
2191
1716
970
-18
-675
-926
-1124
-1617
-2206
-2344
-2342
-2818
-3515
-3730
-3777
-4253
-4766
-4733
-4539
-4603
-4431
-3913
-3412
-2882
-2211
-1570
-1044
-436
262
578
767
1433
2091
2220
2486
3570
4398
4295
4471
5402
5801
5265
4974
5162
4740
3634
2749
2257
1599
547
-393
-833
-1000
-1454
-2142
-2421
-2330
-2645
-3407
-3869
-3985
-4286
-4653
-4631
-4442
-4417
-4184
-3669
-3234
-2749
-1964
-1203
-770
-338
359
864
835
1141
1949
2274
2132
2754
4024
4409
4351
5141
5973
5708
5049
5029
4878
3835
2704
2052
1488
562
-439
-1134
-1451
-1719
-2258
-2736
-2705
-2668
-3140
-3606
-3646
-3811
-4271
-4491
-4444
-4367
-4188
-3708
-3227
-2841
-2078
-1176
-771
-486
246
972
873
772
1527
2170
1946
1971
3234
4138
3894
4163
5330
5718
5000
4831
5244
4712
3455
2628
2173
1283
104
-668
-1062
-1448
-2027
-2555
-2781
-2885
-3273
-3761
-3906
-4048
-4405
-4557
-4514
-4661
-4740
-4247
-3682
-3494
-2901
-1758
-1110
-1032
-502
515
846
534
1057
2128
2299
1968
2702
3950
4038
3878
4837
5780
5389
4780
5120
5049
3841
2818
2486
2001
878
-123
-643
-1071
-1714
-2483
-2856
-2970
-3417
-4006
-4198
-4226
-4603
-4950
-4831
-4813
-4996
-4632
-3876
-3590
-3354
-2327
-1313
-1127
-834
259
1115
909
894
1930
2605
2289
2437
3783
4536
4077
4366
5586
5892
5096
5090
5737
5165
3964
3481
3355
2467
1188
536
179
-401
-1140
-1614
-1883
-2320
-2845
-3207
-3431
-3874
-4261
-4223
-4258
-4639
-4618
-3953
-3540
-3586
-3109
-2010
-1511
-1567
-1018
58
406
119
722
1841
1997
1654
2430
3784
3750
3262
4064
5039
4653
3949
4389
4640
3568
2523
2320
2037
999
78
-252
-609
-1364
-2097
-2400
-2686
-3174
-3508
-3577
-3887
-4439
-4506
-4364
-4685
-5043
-4608
-3933
-3880
-3680
-2640
-1660
-1541
-1359
-353
559
523
556
1693
2546
2283
2366
3606
4408
3947
4122
5382
5831
5097
4959
5505
4993
3699
3023
2780
1981
841
256
15
-436
-1050
-1393
-1576
-2031
-2516
-2766
-3080
-3760
-4226
-4238
-4426
-4912
-4809
-4083
-3826
-3907
-3332
-2180
-1605
-1619
-985
174
649
320
634
1828
2146
1552
1845
3216
3634
3082
3638
4896
4981
4246
4414
4786
3928
2763
2310
1988
978
-80
-541
-894
-1512
-2130
-2400
-2661
-2979
-3155
-3192
-3344
-3673
-3716
-3700
-4000
-4301
-4143
-3752
-3641
-3417
-2568
-1657
-1271
-943
-121
674
804
689
1378
2347
2286
1976
2818
4021
4051
3816
4743
5754
5479
4907
5326
5545
4610
3799
3682
3354
2227
1236
822
260
-537
-1238
-1761
-2321
-2822
-3102
-3379
-3846
-4168
-4064
-4102
-4495
-4631
-4250
-3999
-4133
-3943
-3163
-2442
-2275
-1949
-1092
-335
-273
-221
783
1621
1465
1473
2531
3401
3064
3036
3990
4451
3802
3469
4033
3878
2823
2241
2171
1709
761
223
3
-463
-1040
-1451
-1808
-2298
-2662
-2958
-3445
-3918
-4072
-4056
-4277
-4524
-4218
-3573
-3248
-3039
-2367
-1348
-822
-840
-398
484
910
625
852
1982
2400
1986
2319
3678
4197
3616
4023
5234
5297
4332
4287
4849
4112
2904
2596
2612
1888
789
432
228
-439
-1133
-1563
-1828
-2265
-2676
-2932
-3229
-3609
-3920
-3998
-4138
-4386
-4304
-3919
-3665
-3589
-3053
-2054
-1564
-1460
-792
276
626
213
659
1763
1793
1220
1810
3161
3108
2444
3302
4431
4000
3117
3624
4160
3134
2122
2245
2255
1214
277
159
-82
-775
-1207
-1311
-1720
-2276
-2504
-2626
-3110
-3605
-3553
-3431
-3823
-4150
-3754
-3257
-3348
-3363
-2536
-1500
-1306
-1246
-380
633
777
633
1687
2795
2521
2207
3247
4338
3821
3446
4499
5094
4257
3690
4394
4363
3054
2296
2371
1937
670
-73
-98
-437
-1190
-1717
-1773
-2065
-2659
-2972
-3132
-3447
-3895
-3955
-3813
-3990
-4039
-3634
-3212
-3201
-3056
-2256
-1602
-1568
-1288
-324
382
177
270
1394
2011
1525
1528
2792
3459
2870
3087
4273
4590
3804
3725
4515
4152
2953
2566
2679
2014
761
269
149
-572
-1442
-1729
-1861
-2482
-2997
-2978
-3058
-3559
-3854
-3590
-3524
-4014
-4143
-3561
-3169
-3313
-3083
-2011
-1242
-1255
-846
294
935
552
790
1990
2290
1719
2028
3346
3575
2843
3365
4570
4450
3498
3680
4310
3587
2410
2200
2287
1308
94
-77
-227
-1109
-1932
-1972
-2028
-2698
-3037
-2874
-3001
-3550
-3746
-3474
-3533
-3938
-3827
-3184
-2935
-3137
-2714
-1625
-1169
-1227
-563
613
977
611
1286
2577
2684
2129
2688
4009
3908
3197
3844
4878
4598
3804
4282
4842
3937
2935
2961
2892
1677
598
548
254
-758
-1521
-1574
-1858
-2677
-3011
-2975
-3279
-3852
-4039
-3895
-4093
-4411
-4190
-3596
-3486
-3640
-2992
-1901
-1561
-1556
-690
454
511
173
956
2026
1809
1252
1992
3070
2733
2151
3025
4059
3527
2781
3476
3888
2761
1838
2132
2093
864
120
335
18
-992
-1473
-1308
-1672
-2438
-2664
-2617
-2882
-3400
-3479
-3216
-3465
-3917
-3653
-2896
-2807
-3137
-2442
-1256
-1037
-1135
-197
975
982
760
1708
2691
2405
1978
2895
3927
3433
2991
4011
4833
4079
3465
4242
4427
3225
2473
2667
2256
909
233
192
-471
-1450
-1827
-1867
-2390
-3009
-3205
-3281
-3570
-4021
-4070
-3823
-4015
-4377
-4035
-3294
-3249
-3328
-2378
-1358
-1354
-1255
-107
823
508
432
1541
2240
1711
1589
2768
3476
2851
2685
3779
4336
3514
3218
4049
3979
2766
2276
2558
2015
845
483
433
-332
-1159
-1241
-1304
-1992
-2516
-2496
-2518
-2987
-3374
-3187
-3000
-3369
-3575
-2912
-2307
-2526
-2466
-1403
-653
-852
-596
581
1185
777
927
2079
2545
1972
2096
3285
3674
2926
3026
4166
4308
3220
3020
3752
3315
2019
1716
1929
1074
-181
-420
-425
-1225
-2067
-2102
-2153
-2872
-3374
-3260
-3303
-3914
-4240
-3825
-3659
-4153
-4254
-3453
-2971
-3288
-2984
-1783
-1154
-1392
-921
394
876
408
612
1737
2082
1473
1698
2919
3227
2545
2890
4157
4226
3229
3282
4056
3453
2132
1974
2209
1318
186
41
-14
-797
-1456
-1369
-1503
-2228
-2520
-2287
-2488
-3126
-3189
-2713
-2721
-3267
-3139
-2234
-1951
-2205
-1736
-567
-61
-309
188
1243
1438
904
1188
2246
2259
1505
1851
3067
3139
2377
2898
4051
3797
2777
2955
3610
2875
1736
1655
1739
924
68
25
-139
-888
-1402
-1368
-1571
-2190
-2433
-2315
-2553
-3152
-3370
-3115
-3211
-3718
-3666
-3000
-2829
-3128
-2693
-1639
-1298
-1481
-863
94
295
49
534
1513
1593
1170
1589
2674
2930
2435
2879
3876
3797
3110
3325
3914
3311
2412
2356
2299
1444
623
469
43
-766
-1243
-1410
-1855
-2512
-2735
-2695
-3073
-3620
-3680
-3417
-3467
-3730
-3491
-2858
-2664
-2722
-2127
-1195
-879
-854
-117
757
927
766
1141
1976
2143
1870
2206
3095
3310
2860
3207
3982
3794
3123
3246
3598
2949
2099
1958
1698
909
290
36
-422
-1070
-1443
-1653
-2131
-2582
-2679
-2793
-3108
-3453
-3481
-3337
-3428
-3644
-3489
-2936
-2713
-2724
-2217
-1388
-1044
-1001
-426
305
525
516
802
1450
1724
1640
1965
2681
3006
2768
3056
3767
3805
3334
3345
3688
3261
2511
2236
2024
1465
799
376
-63
-588
-917
-1154
-1495
-1893
-2117
-2284
-2562
-2904
-3041
-2958
-3054
-3218
-3076
-2581
-2283
-2339
-2070
-1303
-715
-590
-272
397
803
777
931
1568
1926
1816
1955
2664
3163
2917
3008
3637
3787
3349
3154
3331
2907
2076
1656
1361
845
233
-205
-636
-1123
-1508
-1859
-2206
-2596
-2807
-2861
-3005
-3249
-3444
-3428
-3381
-3472
-3429
-3000
-2574
-2545
-2389
-1685
-1082
-1000
-823
-122
389
343
385
914
1333
1287
1424
1990
2484
2563
2710
3300
3695
3595
3549
3766
3659
3101
2673
2337
1758
1032
495
25
-548
-976
-1241
-1654
-2202
-2379
-2373
-2687
-3052
-2991
-2726
-2841
-3072
-2905
-2396
-2049
-2114
-1905
-1124
-559
-623
-526
169
619
438
389
863
1238
1056
912
1277
1792
1884
1850
2270
2702
2701
2553
2706
2812
2475
2061
1895
1706
1248
822
420
-124
-531
-730
-1041
-1562
-1836
-1890
-2223
-2596
-2779
-2895
-2966
-3016
-3052
-2873
-2451
-2238
-2144
-1667
-942
-519
-320
166
706
928
995
1248
1741
2054
2128
2270
2728
3174
3128
3118
3542
3855
3611
3400
3565
3342
2637
2062
1792
1386
706
88
-427
-903
-1358
-1815
-2311
-2692
-2832
-3005
-3321
-3588
-3609
-3484
-3529
-3690
-3560
-3071
-2869
-3042
-2745
-1936
-1427
-1392
-1012
-174
338
340
491
1213
1746
1669
1603
2172
2809
2680
2567
3118
3519
3171
2859
3145
3062
2341
1811
1582
1155
500
53
-265
-681
-1112
-1453
-1733
-2006
-2133
-2284
-2526
-2760
-2908
-2780
-2671
-2764
-2783
-2377
-1962
-2001
-1785
-1078
-573
-559
-365
236
581
580
590
904
1378
1480
1416
1747
2393
2563
2334
2711
3352
3241
2785
2990
3187
2667
2147
1975
1712
1064
508
151
-349
-798
-1101
-1405
-1784
-2033
-2171
-2365
-2541
-2669
-2585
-2455
-2499
-2609
-2469
-2092
-2094
-2161
-1666
-1068
-1032
-1128
-664
-126
-16
-124
186
837
1073
1006
1247
1935
2324
2167
2454
3209
3510
3269
3317
3642
3444
2991
2729
2557
2126
1506
968
470
36
-496
-974
-1292
-1645
-2023
-2282
-2280
-2453
-2834
-2886
-2757
-2906
-3094
-2739
-2311
-2296
-2159
-1621
-1158
-1059
-782
-282
-22
37
49
325
758
845
743
1030
1598
1660
1478
1921
2567
2544
2267
2576
2843
2403
1896
1759
1618
1032
432
112
-270
-785
-1206
-1403
-1633
-1882
-1939
-1913
-2099
-2365
-2290
-2158
-2283
-2423
-2247
-1930
-1990
-2082
-1694
-1195
-1088
-1029
-540
-45
115
90
223
648
908
804
783
1282
1737
1641
1796
2504
2960
2820
2811
3188
3151
2703
2464
2394
2009
1408
1005
619
109
-396
-638
-746
-1006
-1290
-1486
-1591
-1796
-2046
-2080
-2089
-2343
-2509
-2199
-1936
-2103
-2071
-1580
-1131
-1095
-1004
-516
-49
92
-20
101
642
850
487
461
1286
1833
1624
1918
2760
3063
2787
2913
3286
3025
2502
2282
2120
1480
798
412
-99
-606
-1012
-1320
-1560
-1779
-1895
-2012
-2147
-2309
-2386
-2387
-2504
-2741
-2696
-2211
-2068
-2286
-2031
-1355
-1017
-1077
-726
33
443
350
189
473
849
825
636
910
1706
1921
1710
2176
2918
3008
2718
2910
3206
2870
2300
2003
1759
1208
619
177
-221
-564
-856
-1016
-1199
-1392
-1428
-1372
-1481
-1732
-1715
-1625
-1813
-2121
-1995
-1616
-1716
-1872
-1411
-799
-726
-791
-487
-98
-38
-268
-322
-44
101
-131
-287
151
778
762
761
1500
2182
2195
2132
2530
2704
2397
2074
1850
1487
912
477
153
-273
-681
-882
-984
-1226
-1420
-1419
-1371
-1633
-1968
-1932
-1923
-2295
-2688
-2517
-2221
-2326
-2230
-1583
-968
-791
-594
-86
262
235
88
135
469
577
298
240
900
1634
1699
1849
2692
3416
3327
3203
3619
3750
3267
2783
2507
2077
1478
957
435
-46
-321
-406
-680
-1016
-954
-865
-1093
-1546
-1795
-1800
-2094
-2609
-2835
-2570
-2399
-2628
-2560
-1999
-1490
-1367
-1217
-701
-240
-205
-375
-293
136
323
78
133
790
1356
1304
1505
2447
3162
3139
3129
3527
3575
3025
2421
2024
1630
1031
446
-5
-279
-452
-684
-934
-1162
-1234
-1219
-1317
-1538
-1688
-1729
-1981
-2479
-2748
-2570
-2474
-2571
-2368
-1847
-1468
-1359
-1191
-783
-474
-477
-549
-452
-186
-162
-287
-23
677
1181
1273
1809
2771
3302
3309
3464
3933
3852
3252
2767
2384
1851
1113
471
-61
-501
-788
-991
-1154
-1324
-1413
-1469
-1622
-1916
-2100
-2084
-2198
-2471
-2612
-2448
-2392
-2498
-2248
-1722
-1357
-1229
-1027
-660
-470
-527
-613
-583
-353
-227
-325
-223
480
1274
1549
1953
2845
3553
3693
3808
4282
4378
3909
3454
3130
2612
1839
1266
789
295
-42
-249
-445
-697
-841
-938
-1173
-1545
-1901
-2187
-2520
-2900
-3140
-3129
-3071
-3163
-3071
-2520
-1965
-1698
-1411
-852
-350
-317
-494
-447
-199
-162
-347
-233
370
919
1058
1437
2351
3089
3279
3450
3887
3977
3529
3048
2798
2417
1709
1032
461
16
-303
-554
-726
-754
-684
-779
-1046
-1268
-1401
-1541
-1791
-2070
-2282
-2397
-2506
-2618
-2594
-2312
-1970
-1772
-1544
-1220
-947
-963
-1014
-841
-530
-319
-320
-55
638
1305
1593
2006
2909
3594
3767
3945
4361
4485
4046
3604
3294
2757
2019
1411
963
459
-70
-468
-744
-1043
-1331
-1528
-1724
-2006
-2337
-2585
-2833
-3162
-3363
-3361
-3314
-3366
-3289
-2926
-2622
-2504
-2312
-1814
-1350
-1235
-1229
-1112
-828
-580
-506
-247
430
1152
1506
1929
2720
3393
3694
3929
4321
4456
4220
3873
3519
3119
2598
2010
1367
882
571
100
-437
-767
-878
-1069
-1460
-1757
-1905
-2084
-2356
-2553
-2599
-2594
-2619
-2662
-2540
-2288
-2085
-1883
-1715
-1567
-1416
-1285
-1233
-1281
-1138
-784
-580
-469
-8
876
1523
1712
2236
3242
3883
3849
3941
4499
4660
4189
3731
3517
3174
2493
1843
1396
999
518
-31
-458
-768
-1091
-1515
-2005
-2400
-2711
-3079
-3507
-3792
-3849
-3788
-3737
-3706
-3478
-2980
-2539
-2356
-2067
-1531
-1154
-1020
-901
-636
-186
176
375
704
1388
2108
2449
2830
3561
4141
4196
4174
4502
4618
4216
3745
3446
3098
2490
1903
1422
960
592
263
-199
-577
-711
-982
-1509
-1867
-1973
-2217
-2674
-3020
-3161
-3282
-3450
-3455
-3222
-3056
-2905
-2620
-2314
-2109
-1890
-1578
-1343
-1258
-1081
-595
-232
-116
325
1148
1691
1919
2555
3418
3726
3678
3949
4289
4036
3511
3200
2929
2420
1767
1219
786
415
-88
-678
-1074
-1230
-1475
-2020
-2447
-2565
-2740
-3154
-3496
-3535
-3521
-3590
-3615
-3464
-3110
-2767
-2465
-2113
-1744
-1378
-1033
-772
-655
-435
57
464
593
941
1781
2403
2513
2944
3861
4380
4255
4321
4749
4757
4194
3635
3342
2920
2278
1611
1028
669
309
-245
-785
-1027
-1194
-1713
-2208
-2387
-2606
-2971
-3218
-3277
-3369
-3464
-3413
-3282
-3073
-2747
-2379
-2031
-1670
-1295
-943
-623
-367
-210
122
670
941
1048
1593
2452
2821
2909
3622
4489
4577
4339
4623
4818
4255
3652
3312
2858
2181
1540
959
343
-137
-577
-1048
-1397
-1650
-2017
-2460
-2715
-2934
-3304
-3612
-3802
-3972
-4038
-3870
-3741
-3738
-3455
-2910
-2612
-2482
-2042
-1427
-1035
-769
-460
-72
437
798
957
1390
2246
2803
2897
3361
4240
4657
4533
4667
4928
4605
4029
3602
3086
2322
1652
1054
212
-468
-818
-1336
-2025
-2404
-2545
-2963
-3368
-3432
-3584
-3882
-3977
-3946
-4009
-3901
-3598
-3378
-3163
-2775
-2245
-1779
-1397
-1016
-620
-191
103
239
589
1181
1480
1498
1943
2829
3283
3297
3742
4506
4724
4500
4563
4782
4504
3925
3493
3090
2484
1744
1091
514
7
-605
-1254
-1560
-1793
-2289
-2730
-2832
-3048
-3536
-3691
-3581
-3765
-4063
-3900
-3521
-3476
-3330
-2696
-2100
-1854
-1651
-1163
-629
-316
-87
267
835
1284
1383
1515
2159
2854
3021
3219
3851
4316
4193
4048
4297
4312
3862
3353
2952
2581
2031
1388
713
150
-255
-823
-1512
-1887
-2008
-2387
-2931
-3245
-3383
-3566
-3815
-4034
-4185
-4138
-3898
-3705
-3442
-2897
-2260
-1802
-1434
-928
-382
117
492
676
998
1640
2058
1994
2134
2966
3635
3437
3490
4371
4942
4552
4161
4424
4395
3603
2818
2447
2034
1243
365
-276
-647
-1051
-1690
-2210
-2448
-2695
-3079
-3392
-3617
-3853
-3926
-3909
-4104
-4329
-4055
-3633
-3654
-3611
-2900
-2096
-1848
-1614
-898
-146
175
311
598
1139
1742
1973
1969
2383
3227
3624
3425
3716
4584
4857
4371
4209
4439
4093
3251
2538
2024
1376
565
-235
-886
-1238
-1533
-2114
-2640
-2698
-2663
-3026
-3519
-3689
-3682
-3744
-3943
-4079
-3872
-3394
-3132
-3161
-2796
-1944
-1250
-1053
-808
-103
499
629
694
963
1343
1652
1715
1734
2147
2909
3247
3148
3597
4431
4644
4250
4191
4547
4339
3609
3063
2731
2241
1445
655
39
-374
-834
-1535
-2057
-2198
-2383
-2860
-3276
-3435
-3590
-3786
-3896
-4034
-4044
-3718
-3350
-3234
-3017
-2274
-1644
-1480
-1111
-315
333
461
562
889
1223
1555
1739
1852
2198
2885
3206
3028
3368
4098
4280
3815
3678
3900
3597
2911
2332
1942
1446
771
53
-569
-828
-1094
-1729
-2325
-2573
-2677
-3104
-3553
-3652
-3615
-3685
-3909
-4000
-3747
-3304
-3179
-3163
-2619
-1701
-1320
-1366
-775
69
388
380
721
1210
1332
1566
1892
2039
2221
2791
3381
3334
3508
4135
4402
4029
3672
3912
3760
3015
2328
1913
1583
860
81
-503
-843
-1173
-1799
-2262
-2355
-2330
-2745
-3211
-3189
-3065
-3138
-3402
-3432
-3215
-3042
-2975
-2937
-2622
-2153
-1870
-1707
-1341
-906
-757
-682
-442
-170
-59
289
829
1099
1390
2006
2739
2942
3039
3709
4272
4185
3819
3959
4107
3588
2875
2381
2128
1475
553
-145
-531
-831
-1532
-2125
-2244
-2307
-2682
-3149
-3193
-3078
-3077
-3103
-3047
-2832
-2577
-2317
-2212
-1942
-1369
-938
-769
-507
60
439
553
722
1023
1293
1383
1578
1852
2082
2366
2696
2951
2952
3149
3538
3569
3368
3298
3407
3098
2452
1997
1738
1364
606
-128
-553
-794
-1348
-2111
-2420
-2448
-2638
-3056
-3191
-3004
-2919
-2914
-2929
-2773
-2485
-2284
-2261
-2250
-1895
-1555
-1501
-1376
-918
-545
-562
-392
111
429
414
529
1014
1371
1471
1731
2254
2604
2683
2994
3312
3317
3193
3267
3310
2907
2466
2190
1900
1288
529
-51
-548
-1051
-1638
-2007
-2205
-2436
-2623
-2739
-2743
-2737
-2565
-2391
-2447
-2394
-2216
-2013
-1964
-1943
-1655
-1393
-1207
-1105
-880
-543
-380
-163
98
378
478
610
1047
1241
1181
1367
1987
2290
2170
2535
3173
3299
2914
2800
3029
2842
2245
1744
1483
1099
392
-325
-802
-1070
-1502
-1975
-2204
-2226
-2218
-2382
-2455
-2300
-2024
-1921
-2012
-1927
-1681
-1472
-1536
-1577
-1294
-964
-845
-756
-344
66
249
434
710
968
974
1004
1244
1424
1324
1294
1826
2193
2038
2214
2920
3303
2913
2788
3200
3152
2525
1964
1785
1465
706
-64
-549
-888
-1437
-1964
-2182
-2225
-2357
-2579
-2496
-2350
-2369
-2279
-2128
-2135
-2246
-2061
-1857
-1952
-1865
-1431
-1013
-886
-610
-27
295
322
462
819
942
645
637
989
1020
760
945
1614
1784
1614
2035
2731
2906
2659
2788
3112
2825
2071
1589
1418
823
-149
-657
-710
-1074
-1734
-1999
-1867
-1924
-2186
-2296
-2220
-2222
-2288
-2256
-2299
-2424
-2316
-2051
-2091
-2168
-1693
-1020
-860
-895
-325
440
613
527
825
1359
1328
915
1077
1462
1225
821
1243
1925
1816
1706
2389
2992
2702
2353
2721
2852
2188
1511
1412
1239
444
-236
-369
-513
-1063
-1554
-1596
-1600
-1915
-2219
-2121
-2076
-2414
-2632
-2522
-2532
-2822
-2780
-2424
-2449
-2517
-2010
-1394
-1236
-1051
-330
282
259
297
844
1280
1110
891
1298
1693
1359
1105
1659
2181
1887
1773
2500
2971
2635
2455
2983
3068
2314
1845
1886
1596
707
151
149
-98
-631
-834
-668
-762
-1064
-1064
-929
-1133
-1481
-1420
-1326
-1727
-2069
-1850
-1585
-1807
-1910
-1411
-1034
-1138
-1061
-473
-57
-204
-178
317
532
193
70
550
790
409
317
998
1489
1178
1204
2035
2452
2111
2043
2592
2616
1890
1480
1515
1209
372
-159
-222
-504
-1112
-1438
-1376
-1575
-2021
-2135
-1972
-2086
-2460
-2499
-2312
-2477
-2661
-2427
-2122
-2152
-2091
-1482
-927
-899
-752
-88
446
414
282
674
1106
961
712
906
1273
1189
993
1257
1702
1806
1694
2082
2630
2693
2549
2677
2894
2566
1980
1702
1415
741
20
-251
-457
-979
-1374
-1432
-1486
-1801
-1991
-1897
-1819
-1969
-2049
-1820
-1722
-1861
-1857
-1506
-1202
-1232
-1175
-833
-547
-570
-554
-228
-6
-109
-196
64
219
-24
-187
52
356
280
197
616
1262
1555
1620
2124
2807
3025
2941
3071
3298
3044
2604
2322
1975
1443
861
357
-220
-762
-1049
-1362
-1748
-1965
-1964
-2038
-2245
-2315
-2269
-2250
-2320
-2342
-2233
-1972
-1714
-1596
-1368
-976
-637
-380
-117
162
393
572
627
643
748
767
563
322
427
609
485
506
1019
1570
1673
1875
2476
2788
2641
2575
2774
2664
2211
1890
1589
1100
547
97
-354
-794
-1025
-1251
-1506
-1654
-1736
-1832
-1903
-1970
-2160
-2258
-2267
-2398
-2593
-2517
-2245
-2222
-2233
-1887
-1346
-1127
-1089
-670
-190
-12
-23
89
364
455
424
362
437
766
991
1033
1297
1952
2336
2355
2740
3281
3326
3071
3053
3041
2663
2281
1955
1465
925
487
4
-498
-645
-791
-1222
-1450
-1356
-1401
-1694
-1760
-1747
-1948
-2130
-2190
-2283
-2446
-2442
-2367
-2374
-2197
-1894
-1748
-1616
-1243
-825
-580
-310
38
321
535
702
805
815
898
1157
1287
1254
1450
1861
1967
1805
2036
2476
2455
2119
2111
2326
2118
1618
1292
1092
797
360
-107
-379
-465
-757
-1129
-1112
-983
-1145
-1413
-1388
-1246
-1433
-1614
-1621
-1728
-1859
-1842
-1846
-2000
-2031
-1847
-1662
-1515
-1300
-964
-530
-176
18
248
665
919
814
683
828
1096
1103
961
1062
1567
1924
1834
2014
2623
2964
2786
2782
3186
3158
2669
2328
2127
1677
976
422
-64
-543
-919
-1307
-1647
-1899
-2119
-2169
-2023
-2052
-2245
-2173
-2030
-2269
-2625
-2496
-2223
-2395
-2495
-2098
-1631
-1460
-1289
-810
-242
213
463
611
853
1057
1021
734
448
351
392
257
15
148
770
1217
1196
1503
2287
2709
2611
2665
2953
2858
2419
2007
1636
1271
746
93
-404
-633
-768
-1044
-1328
-1288
-1004
-998
-1276
-1412
-1369
-1427
-1827
-2208
-2305
-2299
-2399
-2642
-2625
-2170
-1674
-1438
-1183
-621
-39
274
429
647
841
849
804
738
579
446
561
571
336
520
1169
1411
1285
1853
2853
3064
2671
2762
3220
3051
2342
1880
1834
1624
962
304
58
44
-312
-919
-1164
-1074
-1316
-1963
-2263
-2269
-2562
-2974
-3128
-3110
-3171
-3040
-2739
-2545
-2231
-1669
-1148
-767
-282
298
742
872
885
1023
1121
1007
727
545
548
412
197
271
509
609
823
1374
1761
1923
2282
2756
2942
2853
2962
3087
2729
2254
2058
1918
1446
845
514
377
6
-645
-1050
-1175
-1552
-2211
-2557
-2549
-2781
-3177
-3192
-3066
-3157
-3114
-2779
-2512
-2342
-2006
-1600
-1315
-931
-404
75
334
447
707
998
980
716
676
827
586
176
278
581
426
240
698
1295
1301
1258
1873
2436
2279
2083
2444
2617
2087
1541
1464
1373
799
259
75
-115
-475
-887
-1098
-1167
-1339
-1581
-1672
-1586
-1571
-1600
-1491
-1411
-1510
-1408
-1068
-1043
-1155
-848
-490
-517
-540
-199
139
176
139
266
399
213
-92
-185
-137
-262
-533
-430
-15
110
22
355
1050
1298
1226
1699
2414
2484
2280
2569
2881
2576
2138
2046
1857
1254
692
395
-29
-586
-1014
-1326
-1702
-2063
-2256
-2389
-2539
-2637
-2602
-2431
-2279
-2144
-1858
-1425
-1166
-1092
-750
-274
-123
-125
148
473
437
422
648
693
543
563
684
511
316
359
261
20
-3
71
-23
64
489
657
698
1201
1755
1790
1845
2403
2746
2504
2339
2342
2067
1636
1205
649
145
-164
-646
-1286
-1590
-1567
-1739
-2004
-1875
-1627
-1562
-1532
-1427
-1320
-1304
-1281
-1390
-1529
-1498
-1428
-1477
-1540
-1343
-1047
-938
-869
-596
-235
-54
-29
82
187
138
38
-98
-296
-302
-120
-111
-133
300
943
1198
1480
2329
3052
3116
3191
3618
3660
3221
2898
2693
2333
1814
1295
829
518
242
-210
-525
-422
-448
-810
-943
-762
-806
-1075
-1220
-1314
-1524
-1739
-1947
-2270
-2426
-2369
-2438
-2623
-2562
-2284
-2045
-1800
-1470
-1087
-711
-415
-291
-148
44
6
-231
-423
-483
-435
-362
-293
8
662
1293
1563
1946
2787
3424
3489
3536
3877
4004
3615
3044
2607
2216
1627
905
303
-117
-517
-1094
-1577
-1689
-1735
-1969
-2230
-2206
-2092
-2165
-2308
-2480
-2614
-2691
-2849
-3125
-3203
-2987
-2847
-2755
-2347
-1623
-1000
-539
83
782
1277
1528
1602
1597
1510
1375
1229
1051
960
928
952
1106
1290
1490
1866
2281
2518
2866
3413
3698
3542
3475
3667
3502
2919
2536
2328
1848
1143
552
75
-401
-840
-1238
-1504
-1662
-1878
-2213
-2453
-2534
-2782
-3079
-3144
-3241
-3457
-3549
-3579
-3628
-3473
-3036
-2549
-2083
-1490
-835
-320
164
640
960
1227
1492
1580
1511
1480
1462
1225
1016
984
820
703
827
932
1002
1343
1878
2078
2045
2376
2808
2759
2483
2476
2358
1758
1148
818
469
-94
-626
-930
-1191
-1541
-1876
-2130
-2237
-2291
-2389
-2563
-2741
-2863
-2937
-3023
-3054
-2970
-2840
-2660
-2493
-2287
-1869
-1322
-858
-478
29
752
1255
1431
1700
2167
2439
2318
2134
2019
1812
1443
1067
817
653
493
378
364
493
737
1043
1380
1639
1866
2163
2274
2100
1979
2045
1949
1452
1005
836
519
-65
-521
-713
-986
-1401
-1707
-1820
-1993
-2262
-2363
-2308
-2264
-2264
-2104
-1880
-1809
-1675
-1396
-1136
-1000
-729
-216
145
282
581
1102
1421
1395
1435
1758
1888
1600
1435
1552
1421
928
587
499
347
-1
-279
-322
-201
-134
-235
-116
362
623
474
679
1221
1245
941
1065
1300
1024
636
555
380
-45
-400
-633
-953
-1228
-1452
-1761
-1961
-1941
-1908
-2026
-2043
-1951
-1873
-1757
-1684
-1639
-1438
-1107
-996
-1023
-668
-181
-40
52
455
913
1093
1183
1383
1602
1696
1606
1446
1349
1183
859
556
293
-3
-253
-425
-613
-702
-559
-396
-290
24
546
898
1084
1440
1718
1683
1601
1603
1577
1398
1142
905
679
335
-102
-400
-517
-737
-1052
-1099
-1012
-1112
-1231
-1114
-1004
-1118
-1185
-1165
-1206
-1261
-1189
-1089
-1086
-1027
-826
-677
-598
-381
-110
125
379
634
845
961
916
813
708
515
222
-74
-311
-549
-767
-888
-969
-965
-790
-596
-471
-216
271
664
894
1272
1723
1923
1852
1853
1975
1874
1620
1470
1373
1185
986
905
798
589
429
390
279
69
-73
-202
-460
-772
-1016
-1252
-1542
-1844
-2038
-2048
-1919
-1824
-1707
-1408
-1054
-828
-611
-206
116
223
408
718
789
562
438
411
187
-112
-225
-300
-518
-622
-527
-484
-455
-211
59
124
276
686
984
901
968
1352
1470
1259
1288
1571
1524
1247
1226
1391
1354
1137
997
923
759
389
-142
-585
-880
-1285
-1814
-2174
-2426
-2761
-2951
-2896
-2846
-2864
-2671
-2309
-2099
-1789
-1268
-855
-597
-255
146
398
554
680
803
920
944
819
774
909
892
692
702
929
941
788
838
987
973
954
1051
1143
1226
1353
1434
1431
1545
1708
1740
1727
1815
1915
1836
1703
1546
1309
982
565
123
-244
-493
-862
-1326
-1608
-1812
-2111
-2303
-2309
-2356
-2407
-2310
-2161
-2116
-2018
-1705
-1497
-1490
-1329
-1044
-880
-809
-621
-349
-162
-108
-72
68
287
404
409
567
768
760
649
748
854
764
725
836
894
887
1082
1280
1278
1376
1654
1716
1521
1530
1747
1687
1388
1236
1250
1082
676
327
135
-46
-389
-736
-890
-932
-1131
-1380
-1389
-1319
-1473
-1668
-1629
-1518
-1462
-1427
-1281
-1151
-1094
-975
-864
-801
-719
-545
-431
-440
-361
-149
-17
3
86
229
321
362
454
588
707
798
879
919
938
953
902
809
692
602
625
711
660
493
471
545
415
277
387
516
361
116
197
325
170
-27
-18
-40
-280
-510
-616
-743
-906
-997
-1059
-1095
-1077
-996
-939
-907
-839
-761
-684
-647
-633
-560
-462
-497
-560
-423
-207
-205
-251
-61
232
313
344
583
925
1099
1127
1215
1267
1261
1169
1036
908
806
631
355
172
73
-69
-219
-255
-222
-182
-89
74
109
158
391
509
462
553
786
763
519
472
595
553
421
392
465
493
450
386
357
307
157
-19
-154
-276
-523
-787
-991
-1197
-1413
-1510
-1522
-1536
-1534
-1433
-1273
-1134
-872
-543
-338
-228
-99
87
232
266
275
270
207
59
-108
-253
-362
-442
-513
-546
-575
-588
-584
-507
-308
-118
-22
145
402
580
675
851
1098
1224
1305
1486
1627
1663
1728
1781
1719
1561
1378
1213
969
672
372
71
-252
-598
-909
-1197
-1476
-1745
-1931
-2025
-2068
-2072
-1967
-1774
-1568
-1319
-1048
-814
-624
-416
-186
59
231
312
380
440
447
413
410
414
324
168
87
30
-35
-60
-33
0
16
-23
-5
117
246
353
471
695
948
1107
1295
1625
1855
1929
2045
2221
2282
2206
2151
2053
1816
1560
1270
896
557
269
-82
-485
-778
-1015
-1294
-1525
-1687
-1848
-1978
-2009
-1994
-1988
-1916
-1795
-1729
-1658
-1507
-1371
-1293
-1186
-986
-797
-638
-456
-325
-202
-48
23
47
99
164
171
113
80
14
-116
-213
-233
-266
-323
-313
-242
-141
15
202
437
715
978
1194
1390
1616
1724
1739
1779
1814
1726
1556
1467
1358
1137
878
654
412
174
-22
-224
-378
-512
-684
-870
-976
-1011
-1096
-1178
-1193
-1228
-1280
-1278
-1217
-1123
-1010
-830
-633
-490
-310
-119
11
115
175
209
215
190
153
96
26
-65
-211
-327
-359
-407
-456
-460
-386
-281
-149
62
322
602
793
882
1016
1233
1401
1471
1585
1746
1781
1763
1776
1736
1581
1392
1197
961
748
511
222
-98
-403
-672
-1001
-1309
-1528
-1709
-1852
-1976
-2062
-2090
-2021
-1932
-1883
-1776
-1574
-1364
-1205
-999
-759
-578
-430
-272
-152
-56
24
101
132
125
97
88
91
107
123
105
110
137
170
231
332
443
571
732
901
1035
1182
1340
1483
1607
1773
1894
1888
1889
1971
2023
1966
1925
1884
1733
1520
1324
1118
893
627
289
-51
-349
-630
-975
-1319
-1589
-1844
-2098
-2280
-2364
-2457
-2520
-2474
-2353
-2214
-2041
-1850
-1704
-1531
-1264
-1004
-836
-667
-438
-198
-40
50
145
262
340
371
397
435
467
479
509
558
581
539
491
514
563
587
576
612
686
730
760
804
889
974
1055
1124
1193
1235
1214
1169
1122
1075
1020
925
763
596
415
182
-69
-342
-543
-720
-915
-1061
-1155
-1224
-1300
-1355
-1349
-1241
-1121
-1031
-933
-816
-708
-641
-564
-489
-422
-369
-326
-279
-211
-166
-166
-138
-94
-92
-93
-76
-84
-105
-115
-74
-67
-112
-107
-63
-35
-9
37
138
262
330
418
545
712
874
1042
1238
1434
1604
1697
1761
1828
1841
1738
1639
1537
1338
1107
909
692
416
206
54
-138
-378
-591
-755
-959
-1169
-1329
-1461
-1573
-1667
-1728
-1749
-1733
-1710
-1678
-1626
-1533
-1434
-1341
-1166
-962
-789
-600
-382
-201
-55
69
191
317
403
444
446
432
406
382
354
342
352
341
343
383
450
522
580
673
807
907
1013
1134
1196
1236
1308
1355
1308
1223
1181
1105
939
755
563
374
153
-60
-224
-400
-622
-850
-1077
-1292
-1504
-1733
-1951
-2047
-2061
-2112
-2110
-2006
-1853
-1693
-1481
-1226
-976
-724
-427
-123
151
444
696
913
1100
1243
1376
1496
1578
1634
1650
1601
1541
1453
1336
1224
1102
986
856
728
600
474
402
359
291
217
156
105
70
81
137
174
188
184
199
217
181
118
33
-76
-192
-287
-422
-593
-753
-924
-1100
-1254
-1371
-1485
-1616
-1742
-1835
-1884
-1875
-1824
-1729
-1616
-1492
-1349
-1184
-937
-663
-430
-197
74
362
619
821
1005
1158
1287
1346
1365
1381
1394
1360
1261
1161
1019
885
781
663
534
403
300
194
56
-48
-100
-107
-83
-20
83
201
315
405
518
658
787
907
1024
1121
1143
1096
1022
959
832
653
480
287
87
-130
-328
-520
-700
-858
-993
-1108
-1221
-1308
-1379
-1400
-1413
-1394
-1330
-1278
-1239
-1192
-1084
-966
-856
-721
-543
-377
-248
-114
18
91
111
157
183
176
153
111
71
18
-45
-105
-130
-134
-119
-64
15
99
172
324
514
662
851
1078
1247
1326
1408
1508
1556
1540
1509
1483
1413
1297
1139
969
777
557
352
156
-57
-307
-549
-767
-980
-1197
-1390
-1522
-1622
-1714
-1751
-1758
-1790
-1800
-1734
-1617
-1483
-1338
-1153
-948
-790
-632
-460
-315
-188
-58
72
164
251
369
461
515
566
595
628
647
662
709
763
785
843
937
991
1007
1034
1123
1201
1233
1257
1317
1376
1394
1407
1413
1408
1344
1232
1138
1021
872
710
561
419
211
-30
-246
-462
-695
-901
-1072
-1211
-1339
-1439
-1515
-1592
-1673
-1753
-1786
-1793
-1797
-1763
-1662
-1539
-1420
-1283
-1114
-956
-811
-627
-448
-290
-129
31
184
302
390
454
504
554
560
539
534
491
466
464
442
395
344
330
330
348
376
411
471
497
510
559
616
682
702
714
742
739
763
822
858
809
773
764
724
650
564
475
355
246
136
6
-128
-276
-440
-601
-735
-855
-939
-992
-1053
-1097
-1121
-1121
-1099
-1061
-972
-878
-775
-631
-480
-347
-224
-113
-33
59
157
256
328
349
370
388
389
377
368
352
335
333
331
338
335
344
341
332
342
340
350
360
392
433
449
446
445
428
420
443
451
422
363
291
222
135
22
-100
-260
-406
-549
-706
-810
-906
-1033
-1132
-1196
-1262
-1318
-1328
-1326
-1290
-1254
-1192
-1106
-1033
-898
-754
-600
-438
-268
-50
152
342
555
752
890
983
1080
1172
1251
1293
1305
1302
1284
1272
1266
1237
1199
1167
1121
1042
965
930
878
833
793
752
708
632
580
529
471
414
333
236
128
49
-56
-182
-288
-378
-458
-551
-686
-849
-1005
-1130
-1233
-1326
-1399
-1450
-1474
-1507
-1515
-1503
-1485
-1448
-1397
-1303
-1179
-1043
-893
-745
-589
-421
-255
-86
58
188
292
398
487
551
605
625
638
649
645
630
602
560
527
481
436
398
364
352
342
336
318
301
296
302
316
317
320
310
291
300
329
364
390
386
373
346
332
289
194
113
8
-112
-209
-310
-402
-488
-569
-614
-668
-718
-741
-739
-734
-719
-686
-652
-588
-503
-388
-282
-187
-64
60
174
278
381
477
541
605
668
716
760
786
811
791
760
754
717
680
669
640
599
575
555
504
448
404
345
276
217
158
81
23
-1
-29
-53
-52
-60
-61
-88
-119
-129
-166
-213
-292
-376
-463
-565
-655
-758
-854
-938
-1008
-1045
-1052
-1050
-1062
-1063
-1042
-1023
-991
-959
-919
-851
-779
-710
-625
-502
-369
-225
-86
40
141
237
329
377
423
467
498
524
574
631
700
756
778
761
729
681
596
537
507
489
474
480
502
518
548
546
543
544
550
578
597
596
573
579
573
548
514
459
410
344
256
160
91
2
-94
-180
-287
-395
-482
-554
-646
-722
-802
-893
-948
-962
-953
-933
-879
-828
-782
-700
-631
-593
-558
-483
-391
-330
-250
-182
-116
-50
14
72
140
205
241
279
326
365
376
365
344
322
295
269
240
217
217
242
256
243
229
216
197
199
212
240
280
313
341
352
350
348
335
313
307
264
192
110
43
-12
-93
-165
-205
-261
-324
-360
-383
-435
-475
-466
-472
-506
-523
-518
-519
-486
-431
-371
-302
-239
-166
-100
-58
4
71
126
185
238
292
332
360
385
382
385
397
400
414
405
389
380
355
339
308
244
196
169
140
109
90
57
40
37
47
58
56
79
105
103
108
122
110
76
14
-49
-105
-139
-167
-204
-263
-320
-348
-388
-410
-420
-423
-411
-404
-395
-386
-385
-400
-437
-465
-474
-469
-462
-442
-375
-309
-232
-150
-68
7
56
108
132
147
172
190
204
236
277
317
355
380
386
404
435
452
457
439
399
356
314
274
255
251
232
218
202
158
135
118
84
64
44
4
-11
-32
-64
-92
-135
-178
-208
-225
-240
-266
-283
-289
-270
-261
-283
-297
-300
-310
-322
-314
-315
-279
-254
-253
-225
-192
-162
-125
-100
-50
30
89
159
224
246
277
318
352
379
390
386
386
400
404
402
423
451
464
461
453
441
424
376
336
313
269
211
143
80
31
-27
-89
-113
-144
-197
-215
-245
-292
-338
-376
-389
-417
-434
-419
-424
-437
-440
-436
-445
-468
-476
-474
-443
-396
-360
-326
-275
-244
-233
-209
-180
-165
-140
-137
-127
-93
-69
-38
-10
9
37
73
101
125
157
202
253
321
393
433
473
492
480
473
469
483
493
486
479
475
449
428
393
342
314
292
258
250
242
214
166
104
48
-6
-67
-124
-176
-229
-282
-318
-342
-382
-407
-416
-412
-400
-398
-387
-383
-392
-404
-408
-414
-426
-425
-393
-370
-336
-298
-286
-258
-244
-232
-196
-167
-139
-98
-50
3
50
75
95
124
141
159
180
225
266
295
320
316
339
370
381
403
425
454
470
481
512
517
502
468
420
359
302
262
219
191
160
127
89
47
17
-8
-57
-107
-145
-193
-224
-246
-272
-291
-305
-315
-315
-313
-306
-313
-318
-327
-329
-320
-328
-323
-305
-292
-284
-268
-218
-166
-143
-137
-143
-140
-128
-127
-108
-81
-67
-26
21
84
152
186
196
187
181
168
127
90
64
59
56
64
80
88
104
118
130
143
144
140
126
109
91
77
84
94
110
125
134
156
151
117
93
73
61
56
57
53
60
73
74
84
88
82
90
95
87
69
40
23
23
10
-1
-5
5
17
21
16
3
-32
-72
-101
-128
-148
-170
-177
-164
-145
-127
-108
-87
-79
-96
-117
-127
-147
-181
-214
-217
-222
-235
-232
-221
-201
-190
-177
-162
-156
-128
-100
-86
-78
-51
-39
-54
-52
-40
-37
-27
24
79
111
130
157
180
190
196
230
240
230
212
214
252
272
263
249
236
210
186
181
157
112
82
73
82
82
63
54
57
74
87
101
113
95
94
88
62
59
32
10
-5
-28
-65
-97
-102
-110
-110
-112
-112
-124
-155
-164
-167
-177
-171
-171
-166
-162
-171
-150
-135
-140
-129
-109
-116
-124
-124
-122
-128
-136
-136
-119
-92
-65
-51
-51
-29
6
32
31
28
21
-13
-45
-42
-13
6
21
61
102
131
171
185
191
211
218
212
220
212
197
214
229
240
243
230
218
195
160
147
133
96
47
15
-20
-67
-105
-119
-102
-110
-131
-143
-157
-177
-209
-222
-234
-253
-228
-186
-164
-148
-126
-84
-65
-81
-91
-110
-138
-166
-170
-158
-154
-145
-113
-68
-24
3
30
72
77
53
51
40
10
7
17
49
84
98
126
162
177
189
192
162
139
109
59
15
-2
-16
-17
17
60
101
117
113
106
89
64
24
-10
-59
-113
-107
-89
-75
-30
18
65
97
93
86
52
6
-40
-80
-114
-130
-103
-74
-37
9
29
53
87
90
80
49
6
-12
-19
-17
11
52
83
116
132
129
120
87
56
14
-50
-101
-133
-138
-116
-78
-39
-8
31
44
36
26
-17
-64
-93
-113
-131
-125
-96
-52
-1
34
72
78
57
34
0
-28
-52
-73
-67
-44
-25
-10
21
55
72
85
96
68
32
-1
-50
-90
-114
-112
-81
-46
0
35
66
89
106
99
59
44
33
14
-16
-42
-59
-77
-59
-25
-3
-7
-15
-2
-3
-26
-66
-82
-81
-81
-66
-17
25
52
88
119
130
113
72
16
-33
-77
-105
-92
-62
-41
-19
4
15
10
-8
-29
-55
-70
-91
-118
-139
-159
-138
-101
-70
-48
-29
-5
5
13
29
38
50
57
49
36
26
41
68
76
108
155
167
174
182
172
153
128
105
83
57
28
18
24
26
28
47
70
85
76
63
61
29
-10
-22
-25
-30
-24
-4
7
12
32
39
38
21
-14
-26
-35
-53
-79
-77
-67
-58
-44
-53
-52
-55
-60
-55
-53
-61
-74
-100
-137
-151
-145
-129
-98
-66
-32
16
66
100
119
125
121
126
123
84
61
46
21
6
7
-10
-12
-8
-30
-36
-43
-50
-44
-41
-81
-117
-127
-122
-109
-105
-91
-69
-64
-57
-52
-37
-18
-16
-7
-13
-24
-17
-13
-9
23
54
66
74
67
63
61
56
53
40
14
0
-7
6
18
23
27
3
-34
-63
-66
-55
-43
-19
-5
-5
1
7
20
34
40
33
28
35
49
66
74
81
80
69
55
36
30
23
11
