-26
-2
8
10
14
23
29
4
-8
-3
-12
-21
-9
20
20
11
20
21
5
-12
-2
13
5
-5
3
15
8
-2
-2
-2
-14
-25
-16
-1
-2
-6
1
10
7
-6
-13
-5
-3
-2
16
21
20
9
7
6
-6
-9
-6
4
11
6
6
16
23
9
6
-1
-15
-19
3
19
12
18
19
11
9
16
17
10
2
3
16
14
5
-3
-6
7
16
17
26
32
24
27
22
14
11
6
16
33
38
24
21
35
33
16
16
24
21
3
-9
-15
-25
-23
-12
-1
-8
-24
-13
14
3
-16
-1
20
9
-21
-34
-34
-39
-44
-32
-31
-40
-40
-33
-27
-39
-40
-26
-17
-17
-28
-19
-3
-2
-5
-4
3
-2
-2
2
-2
-9
-1
25
33
18
17
15
1
-13
-22
-18
-27
-25
1
16
17
22
38
45
30
24
28
32
19
8
16
15
-5
-4
10
1
-17
-15
0
2
-1
12
25
21
-5
-13
-12
-19
-21
-19
-5
-13
-24
-14
-11
-26
-34
-12
-4
-29
-37
-15
-10
-30
-33
-17
-19
-43
-52
-27
-24
-45
-31
0
1
-16
-12
29
40
20
45
65
50
22
20
40
28
10
23
51
46
32
52
67
41
1
2
10
-12
-25
-10
-6
-35
-46
-23
-14
-36
-32
13
22
2
3
27
31
10
25
55
47
24
44
66
35
-2
2
24
16
-4
14
30
9
-10
6
20
2
1
27
30
-4
-21
-11
-18
-48
-64
-32
-19
-33
-21
4
1
-27
-28
-7
-11
-38
-31
-9
-21
-49
-39
-18
-35
-53
-26
4
-3
-18
4
14
-3
-2
17
32
23
14
25
23
4
3
20
19
3
6
20
9
-8
-2
20
16
-2
-3
-13
-40
-43
-14
8
-3
-13
-1
2
-15
-22
-9
-4
-12
0
32
31
2
2
21
12
-12
-18
-24
-53
-76
-63
-41
-38
-47
-27
-2
-10
-25
-19
-7
-21
-16
16
23
8
13
32
29
16
26
37
14
-12
-11
11
5
-16
4
34
25
11
26
29
12
5
28
45
9
-19
-11
3
-8
-11
37
71
57
47
59
56
26
12
11
13
17
22
36
27
14
30
50
46
30
27
18
13
16
34
44
28
36
35
7
-16
-17
-13
-29
-47
-35
-26
-49
-72
-65
-46
-46
-46
-24
-14
-37
-39
-29
-37
-56
-57
-33
-29
-48
-51
-27
-21
-45
-40
-8
-4
-14
-15
-5
-21
-42
-21
7
2
3
38
51
36
30
53
66
47
24
25
18
-3
4
25
20
4
15
22
1
-21
-13
15
13
0
7
16
-3
-20
-18
-30
-62
-56
-23
-9
-12
-24
-12
-2
-11
-8
2
-8
-17
-7
15
13
3
16
33
26
9
13
11
-13
-18
3
16
6
7
26
21
-8
-28
-16
-5
-21
-13
18
18
-5
5
29
23
5
2
6
-24
-48
-38
-14
6
11
26
40
25
1
7
18
10
25
52
58
44
34
39
28
-4
-11
3
2
-13
-2
13
5
-10
-28
-29
-38
-51
-36
-6
-7
-31
-29
-13
-13
-10
13
19
4
-8
6
21
27
24
19
15
9
30
58
54
31
27
22
-5
-12
3
11
7
1
0
2
-4
-3
11
7
-20
-26
0
5
0
2
12
12
-2
-7
-6
-15
-36
-33
-26
-31
-36
-34
-35
-38
-40
-37
-36
-47
-48
-35
-34
-45
-34
-15
-10
-18
-19
-8
-7
-9
8
25
21
1
0
13
4
1
22
41
34
20
29
42
35
33
39
34
15
6
26
27
0
-3
17
18
-3
-9
3
1
-24
-20
-1
-16
-42
-38
-19
-31
-40
-28
-25
-44
-52
-27
-8
-10
-14
9
11
1
14
48
63
37
30
39
29
-5
-21
2
8
-6
12
29
20
6
25
44
42
32
22
15
-13
-33
-26
-24
-36
-36
-8
20
27
20
28
28
3
-1
-3
-15
-22
-12
12
15
10
13
20
12
8
22
27
23
25
43
33
14
22
25
12
-7
10
30
9
-24
-30
-8
-13
-32
-22
-14
-27
-40
-23
2
-7
-21
-23
-27
-36
-46
-43
-37
-29
-17
12
29
29
37
39
35
20
10
2
-8
-5
1
1
-10
-16
-13
-15
-28
-28
-17
-25
-35
-23
-10
-5
-12
-11
-12
-26
-28
-12
2
7
3
7
11
5
4
12
21
18
7
6
17
19
9
17
26
20
23
21
8
-7
-7
-8
-9
-12
-28
-32
-35
-43
-44
-39
-33
-34
-41
-48
-53
-56
-46
-36
-26
-4
20
30
24
22
16
9
8
19
32
37
43
56
62
51
44
50
51
44
33
41
42
25
20
30
32
32
36
40
32
7
-9
-20
-35
-56
-68
-55
-33
-31
-23
-9
0
-8
-10
-18
-36
-44
-42
-34
-18
-7
1
17
10
5
17
18
24
39
45
34
18
16
14
11
9
19
28
20
11
22
30
21
3
-2
9
-3
-19
-16
3
9
5
9
16
14
7
10
-6
-32
-38
-33
-27
-23
0
29
37
31
32
26
5
-1
14
19
8
11
38
26
-6
5
23
5
-30
-26
-20
-40
-64
-61
-48
-66
-65
-44
-26
-24
-13
5
3
-4
-23
-35
-51
-67
-72
-71
-61
-42
-22
-27
-23
-5
-20
-32
-8
0
-25
-26
1
13
1
-1
23
30
14
21
34
14
-8
12
33
18
12
32
21
-22
-32
-20
-31
-54
-34
-13
-19
-7
28
29
2
17
48
32
12
38
53
42
44
82
92
47
38
64
67
40
49
70
51
43
61
62
26
19
51
36
-1
5
26
5
-11
15
32
7
0
29
27
-9
-25
-10
-31
-60
-43
-23
-31
-33
-8
-9
-24
-4
13
0
-8
1
-8
-31
-25
1
-8
-29
-3
21
-14
-39
-14
-9
-43
-51
-34
-42
-69
-44
9
-9
-40
-10
14
-13
-29
8
14
-23
-15
17
10
-17
-6
9
-7
-14
1
-11
-28
-6
13
-13
-31
-8
-2
-15
-15
14
15
-16
-4
16
-11
-30
2
31
11
-1
22
14
-22
-15
9
2
-23
-13
-1
-31
-48
-24
-10
-29
-17
12
0
-23
-5
24
5
-19
1
4
-23
-25
4
3
-25
-9
25
18
1
18
30
24
37
49
40
13
2
18
21
2
2
21
1
-5
22
23
-10
-25
-13
-16
-29
-10
20
9
1
18
44
40
26
36
53
63
68
70
58
48
39
42
43
28
16
2
9
19
-2
-17
0
3
-18
-34
-35
-46
-64
-45
-21
-19
-47
-49
-28
-33
-53
-29
5
-5
-19
-7
-2
-16
-19
7
23
9
18
55
53
26
33
49
47
44
57
64
53
41
42
32
9
-2
-3
-7
-24
-37
-30
-15
-18
-27
-17
-21
-29
-28
-32
-42
-50
-56
-44
-41
-52
-56
-51
-48
-60
-58
-38
-24
-28
-37
-37
-45
-50
-34
-12
-8
-4
8
7
-15
-31
-27
-21
-18
-4
10
8
5
23
39
28
4
5
22
28
23
26
26
9
9
28
31
20
7
13
13
-8
-31
-44
-32
-18
-20
-22
-9
-10
-23
-13
0
1
10
33
56
58
52
51
43
33
38
52
56
50
45
47
41
32
29
16
2
1
6
-1
-29
-32
-20
-15
-19
-5
14
7
8
11
7
1
-5
15
41
27
15
27
26
14
17
16
1
0
6
10
18
21
19
24
26
23
24
21
22
31
31
27
23
9
2
9
-2
-4
-3
-13
-11
-10
-14
-28
-43
-63
-70
-58
-52
-54
-49
-48
-58
-73
-69
-58
-72
-76
-57
-37
-44
-40
-11
-6
-22
-14
7
-6
-28
-10
18
7
-26
-26
-5
-13
-30
-9
6
-11
-14
20
37
12
9
27
21
11
16
27
30
19
28
29
8
-6
5
14
3
11
22
5
-9
-1
12
0
-5
11
17
6
5
21
18
10
13
3
-13
-1
21
28
29
38
42
16
-3
-3
-22
-48
-29
4
10
0
19
43
20
-15
-3
4
-28
-23
21
23
-8
-2
18
12
-15
-17
4
-3
-9
8
21
13
12
31
25
13
29
49
43
27
30
22
-10
-23
-4
0
-15
-14
-7
-16
-21
-13
0
1
-4
13
21
10
6
13
6
-3
2
3
-9
-11
-9
-21
-32
-28
-23
-28
-31
-22
-21
-33
-21
11
18
10
15
37
34
16
19
22
2
-9
4
18
24
25
28
19
11
21
28
14
1
15
10
-13
-20
-14
-22
-35
-20
-2
-14
-28
-18
-6
-27
-37
-25
-39
-68
-72
-61
-67
-79
-62
-36
-30
-19
5
12
-17
-31
-7
-14
-55
-43
-7
-28
-47
-10
24
-2
-17
20
26
-5
2
47
57
23
21
44
28
4
19
47
37
27
47
52
39
38
48
50
38
40
35
22
26
38
29
12
23
33
20
12
18
-7
-42
-30
6
-8
-44
-16
0
-43
-57
-14
-12
-55
-51
-2
1
-38
-31
7
-4
-19
20
41
11
8
30
13
-18
0
30
25
18
54
67
31
36
58
43
8
9
36
18
4
22
28
-1
-15
7
-3
-16
-3
3
-23
-30
-3
-11
-46
-44
-16
-23
-45
-25
-7
-33
-41
-13
-10
-39
-30
11
15
-10
1
19
-2
-18
-4
-9
-46
-36
5
7
-13
-8
3
-21
-34
-10
7
-12
-11
11
-7
-36
-23
3
-7
-19
-4
5
-11
-11
16
14
-2
-3
14
11
1
15
20
3
1
9
1
-21
-18
7
19
33
56
72
62
50
42
35
23
22
26
5
-12
-16
-5
-1
7
5
-10
-23
-24
-22
-30
-31
-30
-32
-35
-28
-27
-32
-35
-14
-3
-17
-20
-1
15
17
26
19
8
-3
-7
-18
-45
-56
-54
-50
-49
-42
-29
-31
-24
-7
2
16
12
15
16
12
24
39
48
44
53
53
41
49
58
56
47
52
58
58
60
55
41
31
28
22
14
15
20
30
31
26
23
5
-15
-7
-16
-41
-50
-39
-35
-51
-40
-19
-11
-16
-12
-7
-22
-32
-29
-35
-46
-37
-26
-23
-25
-26
-28
-35
-21
6
14
17
38
55
41
23
18
3
-18
-25
-18
-14
-6
14
20
19
21
36
38
10
5
18
4
-5
1
-8
-33
-41
-33
-30
-27
-12
7
-8
-20
-9
-8
-10
-4
6
-4
-21
-18
-10
-17
-28
-20
-7
-9
-5
13
12
-4
-7
-4
-20
-40
-27
-26
-33
-12
5
1
1
18
25
-1
-18
-10
-15
-38
-41
-20
-19
-29
9
45
34
30
37
39
26
29
44
40
21
20
28
7
2
25
23
10
12
11
-3
-21
-19
-11
-26
-20
-5
-13
-24
-8
15
1
-17
-7
-3
-12
2
24
27
16
32
52
49
49
56
46
17
-6
-3
-7
-26
-7
21
18
21
38
29
9
3
3
-5
-3
12
18
13
11
18
12
6
11
20
10
0
14
22
14
22
31
10
-9
9
17
-7
-30
-27
-28
-38
-31
-15
-16
-39
-44
-47
-54
-51
-48
-54
-56
-38
-20
-22
-23
-21
-26
-35
-49
-55
-64
-56
-35
-21
-27
-30
-15
-9
-3
6
9
-3
-4
23
45
40
44
55
56
43
45
47
40
37
40
44
40
35
52
60
47
37
27
4
-23
-31
-29
-35
-35
-30
-17
-7
-20
-24
-22
-39
-56
-52
-40
-36
-38
-35
-27
-41
-49
-41
-32
-28
-17
7
24
30
29
20
15
14
2
3
8
4
5
4
1
-1
4
10
17
12
9
20
28
26
24
32
38
35
36
49
57
42
42
55
37
-7
-23
-1
30
27
11
32
49
31
23
19
5
-28
-41
-17
-3
-19
-13
16
16
-1
0
18
14
5
14
16
11
18
34
54
63
51
39
26
11
-1
-19
-32
-24
-24
-42
-39
-28
-22
-26
-24
-9
-26
-61
-77
-72
-81
-107
-88
-40
-51
-73
-55
-21
-38
-65
-37
0
-5
-18
15
34
-4
-31
-6
8
-20
-24
8
16
4
15
30
21
-3
11
40
45
41
23
-10
-29
-17
-15
-13
3
12
12
24
60
50
17
31
65
62
21
11
18
4
-8
20
36
-6
-7
46
63
11
4
40
8
-33
-8
9
-33
-53
-27
-32
-66
-57
-38
-60
-78
-43
-41
-80
-54
-20
-51
-89
-46
-14
-66
-58
24
17
-52
-25
53
12
-33
50
87
-4
-15
89
83
0
51
136
90
32
104
148
47
18
131
131
23
72
178
95
0
97
140
1
-28
96
46
-109
-74
29
-66
-141
17
85
-68
-108
39
27
-121
-54
80
-33
-148
-1
71
-94
-113
57
30
-98
18
154
30
-41
121
150
-41
-54
103
4
-172
-60
43
-132
-186
40
64
-166
-140
57
-41
-213
-49
84
-133
-230
-1
24
-222
-163
86
7
-158
13
162
-39
-125
107
159
-63
-15
213
119
-40
105
215
-4
-73
144
150
-59
0
186
34
-130
50
120
-134
-168
75
30
-187
-97
63
-105
-239
-35
37
-186
-188
58
21
-179
-40
153
-16
-120
96
139
-76
-80
123
70
-130
1
182
29
-81
157
251
25
28
232
150
-54
61
223
51
-73
120
192
-5
-8
174
95
-98
-18
84
-72
-161
-4
10
-193
-163
56
29
-126
-28
95
-63
-171
-40
-24
-189
-170
12
7
-100
-14
81
-16
-66
56
88
-31
-20
124
130
55
118
135
49
32
117
106
11
18
67
6
-45
43
49
-36
42
178
103
-20
30
76
-41
-105
-30
-37
-162
-151
31
72
-35
-13
92
41
-81
-71
-53
-141
-191
-107
-60
-107
-103
-28
20
11
3
10
6
-1
4
-1
4
6
-25
-52
-33
-28
-87
-114
-50
1
-4
-7
-7
-27
-49
-31
32
29
-14
-17
-37
-57
-57
-58
-51
-37
-15
10
19
40
66
56
60
83
31
-40
-31
30
0
-72
-36
41
-15
-66
55
118
25
-8
89
107
-18
-26
80
53
-58
-4
118
28
-62
-9
81
68
19
67
106
82
45
91
98
46
76
112
117
123
83
14
36
60
-45
-161
-126
-30
-82
-154
-44
20
-111
-99
83
66
-137
-114
40
-22
-187
-98
85
-2
-154
-15
149
-30
-126
68
100
-138
-151
59
29
-145
-89
88
44
-69
51
157
15
-68
58
52
-98
-38
113
83
24
135
179
100
94
147
72
-17
60
119
8
-50
83
68
-19
110
235
108
-34
65
90
-96
-147
6
-30
-204
-130
68
1
-135
27
141
-32
-140
13
-10
-217
-167
48
5
-210
-131
20
-118
-273
-179
-95
-231
-242
-38
-3
-137
-145
-27
-12
-80
-89
-87
-118
-107
-78
-91
-67
-2
-8
-19
122
210
95
46
202
256
84
77
254
217
45
132
333
229
90
207
293
90
-57
93
90
-100
-103
60
22
-89
21
119
24
-47
45
34
-89
-68
11
-51
-116
-21
5
-86
-79
12
-41
-198
-124
-13
-142
-216
-81
-54
-178
-137
39
-6
-152
-80
42
-32
-135
-13
106
47
32
140
105
-50
-32
59
-1
-44
68
132
78
115
218
149
25
73
118
-3
-60
69
110
-18
-25
81
36
-80
-12
31
-113
-201
-118
-79
-156
-111
12
-21
-79
49
155
80
43
140
126
10
63
188
138
82
225
318
192
164
271
190
-28
-39
10
-194
-302
-93
63
-65
-75
170
148
-128
-141
-4
-194
-384
-165
13
-119
-143
121
168
-70
-73
116
18
-192
-60
83
-63
-153
15
58
-104
-67
78
-18
-173
-54
28
-141
-191
-39
-92
-283
-143
57
-93
-242
-76
5
-222
-231
-11
-95
-343
-201
39
-118
-188
116
268
32
-32
188
111
-195
-115
168
17
-168
85
251
12
-47
238
253
24
108
356
277
101
229
325
109
2
191
206
48
136
302
187
75
206
183
-37
-67
60
-48
-181
28
141
-89
-175
40
8
-204
-78
158
-8
-225
18
165
-121
-240
12
16
-277
-215
57
-44
-277
-63
190
-19
-138
104
139
-208
-278
-40
-91
-238
-75
147
1
-137
42
105
-44
-20
148
43
-99
56
174
46
9
164
124
-3
155
397
323
155
292
362
173
137
350
379
149
147
248
122
-55
-19
33
-135
-232
-144
-141
-286
-322
-287
-390
-457
-371
-345
-422
-383
-314
-402
-456
-336
-227
-281
-203
-44
-105
-204
-96
44
-95
-155
50
125
-3
13
216
180
-12
60
238
202
129
294
404
262
157
243
274
173
169
172
50
-9
62
97
7
-23
14
-11
2
112
129
-15
-59
30
1
-61
76
185
88
16
124
142
-2
24
87
-12
-164
-135
-75
-218
-275
-175
-128
-197
-145
-15
-70
-157
-89
-82
-220
-211
-56
-57
-112
34
165
70
53
226
197
-6
-32
106
12
-111
78
261
116
-52
141
206
14
67
315
285
76
188
398
254
78
214
272
57
21
243
229
-8
-5
123
-44
-272
-164
-33
-179
-238
-75
-34
-162
-110
30
-107
-263
-180
-118
-323
-328
-66
-47
-189
-105
97
-40
-227
-46
83
-139
-313
-133
-36
-187
-86
186
208
21
66
184
1
-108
26
77
-155
-225
-6
16
-67
75
225
86
-16
184
248
35
-32
141
149
40
239
439
239
54
207
264
-41
-165
26
4
-208
-100
212
110
-164
-79
31
-215
-413
-213
-81
-228
-205
54
84
-111
-97
-36
-245
-439
-343
-233
-257
-156
82
109
-17
65
83
-154
-282
-196
-205
-351
-225
38
36
-22
171
307
118
37
232
268
73
94
289
264
124
251
378
162
-30
72
122
-44
-68
108
108
9
113
240
182
152
276
219
6
8
84
-50
-155
16
134
75
127
287
235
-41
-123
-39
-127
-191
-30
85
-16
-59
78
77
-78
-90
15
-43
-155
-62
27
-54
-112
-36
-2
-21
56
120
87
94
164
150
20
-53
-62
-174
-230
-92
24
-65
-69
126
114
-56
-45
98
63
-44
37
80
-111
-312
-317
-306
-358
-234
1
109
126
150
121
6
-74
-112
-240
-362
-260
-103
-70
-10
106
119
-19
-71
-27
-121
-241
-143
10
-66
-150
-50
-53
-190
-191
-23
68
25
112
226
106
-86
-116
-84
-122
-102
37
173
252
355
446
411
296
231
153
35
-33
-48
-46
-24
81
212
253
202
127
5
-165
-310
-305
-264
-258
-191
-65
-1
27
78
112
135
57
-32
-31
-41
-143
-242
-227
-118
-70
-79
-57
-61
-179
-205
-47
-15
-113
-96
12
26
-72
-117
-117
-192
-265
-148
77
207
283
400
474
419
337
250
134
54
31
104
301
521
661
586
496
513
443
370
372
435
373
246
338
418
285
166
189
197
124
168
320
312
135
-63
-257
-510
-703
-695
-614
-478
-245
74
361
370
52
-523
-1237
-1721
-1843
-1688
-1316
-809
-209
277
371
240
-13
-577
-1077
-1241
-1187
-873
-450
-109
145
389
512
247
-355
-843
-806
-493
19
799
1314
1408
1184
875
553
125
-202
-276
-53
383
1005
1413
1295
970
584
182
-85
-99
83
157
149
396
800
856
549
233
-101
-449
-518
-296
-43
77
203
291
201
8
-240
-469
-606
-557
-337
-125
-44
-145
-315
-371
-400
-521
-768
-957
-840
-543
-284
-151
-85
-65
-271
-393
-118
171
245
142
69
65
-108
-161
55
215
343
454
460
455
310
170
308
422
264
86
204
308
38
-213
-174
-57
-127
-143
110
282
239
195
280
271
89
34
210
318
308
429
671
773
622
415
196
-53
-181
26
320
289
39
-112
-146
-197
-270
-371
-329
-264
-338
-389
-448
-360
-151
-52
61
175
196
205
213
241
257
148
117
192
140
87
59
9
-53
-119
11
28
-133
-75
-116
-280
-393
-302
-41
-14
-214
-385
-511
-702
-634
-228
165
461
466
142
-278
-708
-930
-1021
-1003
-669
-93
434
643
442
-177
-720
-1151
-1448
-1298
-929
-345
235
706
996
853
319
-414
-792
-590
-102
464
742
587
172
-388
-772
-1071
-1597
-2049
-2063
-943
2613
7420
9848
8576
4529
-590
-5013
-7901
-8103
-5770
-3009
20
3481
6109
7558
6681
3040
-1088
-4286
-5657
-4633
-2920
-1376
386
1769
2559
2494
1501
368
-698
-1266
-710
215
376
-152
-1026
-2029
-2465
-2465
-2363
-1452
253
2021
3228
3357
2650
1376
-367
-2010
-3000
-3474
-3204
-2107
-991
83
1051
1518
1720
1124
635
3328
7476
8665
7136
4074
169
-3582
-6788
-7087
-5294
-3958
-1306
2545
5948
8434
8011
4583
780
-2781
-5508
-5984
-5543
-4727
-3030
-1309
536
1635
1310
827
212
-394
106
873
848
582
-516
-2341
-3762
-5072
-5426
-4073
-1719
995
3386
4837
4899
3596
1205
-1032
-2338
-3128
-3027
-2489
-1741
-400
534
842
1101
897
182
-783
-2051
15
6726
11139
10929
7875
2475
-2982
-8470
-11055
-8280
-5002
-1688
3185
7043
9990
10978
6872
528
-4903
-9047
-9582
-7829
-5958
-2685
342
2374
3954
3180
1177
-381
-1752
-1136
1008
1714
1405
459
-1699
-3465
-4636
-5890
-5624
-3425
-70
3894
6574
7217
6205
3329
-517
-3807
-6012
-6432
-4907
-2998
-541
2436
3788
3739
2877
1196
-346
-1994
-3951
-2340
4960
10869
11868
10089
5343
-31
-5964
-10180
-8221
-5323
-2627
2644
7009
10016
11411
7692
1488
-3397
-7910
-9623
-8327
-6823
-3321
589
3339
5901
5639
3252
1319
-700
-1492
90
1008
667
-182
-2666
-4569
-5555
-7040
-6461
-3356
344
4055
6582
7461
6811
3369
-1315
-4379
-6601
-7637
-6385
-4486
-2317
234
2229
3636
3776
2315
987
-383
-2430
-3860
-2827
2734
9290
11674
10371
6503
969
-5065
-9063
-8126
-5208
-2698
1308
5900
9196
10369
7446
1968
-2961
-7523
-9673
-8689
-6711
-3469
381
3944
6368
5429
2431
373
-1305
-2655
-2101
-1351
-1229
-1056
-1625
-2341
-3428
-5069
-5109
-2873
62
2681
4646
5367
4829
2621
-426
-2571
-4504
-5456
-4508
-3126
-1470
573
1792
2314
2615
1925
927
-183
-1957
-3331
-1466
4709
10159
10884
8211
4035
-1185
-7047
-9520
-7554
-4952
-1773
3036
7840
11016
11363
7555
1502
-4130
-8744
-10415
-9556
-7732
-4320
-227
3358
5646
5488
3540
1887
493
-81
722
368
-713
-1528
-3048
-4298
-5144
-5815
-4440
-1099
2042
4809
6726
6669
5294
2645
-288
-2632
-5179
-6291
-5250
-3886
-2020
309
1586
2463
3094
2918
2569
1087
-1428
-747
4305
8843
9787
7344
3352
-1099
-6697
-9365
-7532
-4817
-1314
3159
7539
10721
11238
8189
2594
-3379
-8388
-10631
-10683
-9403
-5990
-1696
2227
4603
4860
3674
1637
-205
-935
-459
-297
-990
-1606
-2767
-4425
-5965
-6821
-5992
-3488
-143
3307
6312
7513
6166
3081
-232
-2581
-4409
-5358
-4828
-3717
-2102
-47
1672
2158
1718
1181
1123
870
-342
1239
6743
11140
11283
8113
4037
-792
-6770
-9829
-8154
-5090
-1836
2197
6629
10355
10974
7580
2579
-2268
-6291
-8450
-9007
-8170
-5745
-2564
878
3270
3212
1867
584
-139
316
1266
1532
1423
320
-2181
-4588
-6864
-8234
-7265
-4443
-445
3199
5478
6757
6117
3199
-373
-3321
-5412
-5792
-4795
-3593
-1731
-44
1192
2046
1594
799
361
-698
-716
3485
9009
11824
10965
6772
2231
-3142
-9061
-10736
-8810
-4795
548
4863
8872
12305
11983
7710
2437
-2605
-6108
-7735
-8148
-6522
-4287
-2381
213
2032
2240
1741
615
138
1393
2481
2813
2890
1135
-1823
-4774
-7299
-7980
-6904
-4072
421
4334
6395
7193
6242
3430
125
-2544
-3916
-4254
-4238
-3505
-1957
-803
54
819
1269
1643
1145
-305
401
5543
10818
11853
9409
5152
324
-5608
-10450
-10814
-8540
-4926
-504
4004
8191
10211
8618
4051
-847
-4754
-7312
-8037
-7595
-5996
-3630
-1236
1056
2019
1492
585
-71
-30
821
1661
1707
700
-1448
-3989
-5822
-6862
-6575
-4441
-1080
2631
5213
6086
5912
4703
2017
-687
-2144
-2710
-2822
-3087
-3111
-2503
-2194
-1803
-699
316
898
340
289
4444
10277
12449
10398
5935
1187
-3993
-9282
-10697
-8945
-5637
-638
4208
8645
11660
11275
7655
2632
-2491
-5951
-7250
-7560
-6540
-4423
-1795
773
2449
3085
2630
1376
773
1999
2782
1700
16
-2125
-4148
-5563
-6336
-5726
-4052
-1707
1454
4291
5353
4778
3175
1291
-223
-1528
-2037
-1787
-1647
-1531
-1601
-1874
-1665
-1064
-212
729
817
2475
7760
12469
12807
8816
3307
-1398
-6509
-10175
-9972
-7689
-4118
92
4066
7416
8846
7312
3823
-373
-4079
-5920
-6587
-6382
-5090
-3474
-1328
688
1374
1657
1469
887
1152
1672
1339
61
-1595
-3048
-3878
-4102
-3953
-2971
-1738
-99
2107
3150
3126
2256
674
-489
-1286
-1744
-1594
-1178
-535
202
-8
-495
-421
-388
-92
-376
-894
1808
7655
12324
12468
8270
3229
-958
-5588
-8281
-7552
-5229
-1917
1487
4620
7053
7478
5365
1706
-2195
-5292
-6466
-6637
-5897
-4020
-2127
-557
314
744
879
345
-232
92
666
-66
-1450
-3055
-4556
-5087
-4785
-3401
-1623
148
2294
4214
4946
4087
2046
-282
-2132
-3093
-3046
-2455
-1662
-689
330
823
526
204
340
-6
-1086
-172
5034
11353
13604
11123
6415
1678
-3288
-7364
-7994
-6102
-2963
1043
4642
7394
8756
7306
3439
-1160
-4836
-6489
-6747
-6089
-4450
-2477
-762
631
1253
1190
938
372
243
508
-192
-1327
-2723
-4678
-6341
-7164
-6441
-4312
-1312
2240
5245
6402
5856
4253
1433
-1315
-3337
-4388
-3944
-2447
-195
1640
2763
3113
2857
2451
1231
-851
-1528
2226
8177
11709
10741
6491
1793
-3442
-7378
-8083
-6587
-3180
431
3758
6627
7697
6178
2108
-2532
-6177
-7781
-7804
-6920
-4698
-2094
197
1598
1908
1856
1445
952
1056
1612
1344
-24
-1601
-3260
-4823
-5961
-6168
-4965
-2483
1086
4977
7126
6699
4838
2244
-502
-2968
-4973
-5812
-5007
-2971
-117
2465
3566
3721
3043
1026
-1985
-3125
602
6221
9183
8642
5750
1784
-3612
-8053
-8841
-7136
-3385
1294
5151
7846
8680
6586
2144
-3093
-7532
-9126
-8424
-6579
-3551
-444
2367
3897
3521
2555
1011
-859
-1501
-543
280
-173
-1326
-2751
-3962
-5063
-5670
-4671
-2454
571
4000
6707
7585
6479
3999
888
-1951
-4455
-5832
-5331
-3563
-455
2856
5173
6589
6276
3498
-539
-1674
1696
6207
8186
6828
4723
1970
-2338
-5364
-6186
-4769
-1416
2259
5799
8029
8116
5889
1434
-4326
-9037
-10824
-10386
-8218
-5159
-1479
2362
4422
4772
4049
2106
-222
-1212
-1185
-1409
-1844
-2116
-2105
-2754
-3877
-4256
-3852
-2793
-897
1555
3680
4557
4260
3392
1647
-918
-3869
-6280
-6975
-5972
-3160
445
3448
5949
7105
5256
1617
797
3616
6598
6863
4363
1949
-854
-4007
-5324
-5396
-3448
191
3946
7499
9639
9210
5984
1334
-3913
-8227
-10220
-10446
-8780
-5779
-2005
1698
3877
4763
4614
3137
1135
163
-555
-2396
-4262
-5382
-5324
-4901
-4975
-4391
-3028
-1228
738
2290
3235
3254
2379
1541
767
-720
-2692
-4480
-5586
-5304
-3477
-964
2003
4760
6501
5824
3018
2884
5783
8067
7707
4426
1244
-1525
-4811
-5610
-4427
-2103
1765
5208
8188
10412
9985
6967
2294
-3247
-7354
-9372
-10179
-9270
-6820
-3472
354
3074
4502
4972
3822
2340
1473
408
-1716
-4043
-5296
-5576
-5002
-4234
-2925
-878
820
2476
3723
3663
2735
1502
592
-103
-1189
-2582
-3831
-4491
-4345
-3092
-1417
624
2770
3499
2519
1305
3065
6871
9106
8416
5039
1250
-2877
-6967
-8306
-7215
-4258
-122
3955
7669
9802
9334
6254
1665
-3317
-6930
-8166
-8369
-7447
-5427
-2811
43
2065
3370
4007
3695
3141
3048
2371
388
-1876
-3956
-5354
-5860
-6081
-4995
-2473
224
2936
4870
5182
4112
2525
901
-463
-1944
-3628
-3920
-3641
-3214
-2086
-827
1180
3060
3198
1565
1164
4203
7687
9091
7453
4073
318
-4743
-8185
-8411
-6789
-3208
1050
5218
8830
10193
8758
5234
612
-4051
-6914
-8025
-7839
-6477
-4983
-2888
-1061
-167
721
1187
1304
1861
2737
2490
682
-1501
-3419
-5012
-6664
-7455
-6269
-3780
-713
2389
4990
6183
5459
3810
2036
294
-1784
-3713
-4350
-4136
-3185
-1810
-289
1917
4058
4628
2957
2109
4974
8711
10030
8547
5511
1873
-3000
-7132
-8100
-6770
-3569
821
5060
8606
10440
9316
5698
853
-3992
-6856
-8194
-8513
-7012
-4981
-2812
-608
579
1068
694
71
644
1887
2367
1441
-15
-1746
-3388
-5048
-6865
-7207
-5884
-3259
411
3500
5102
5634
5229
4120
2221
-613
-3308
-4928
-5468
-4693
-3206
-1730
371
2451
3628
3045
1530
3371
7395
9708
9809
7583
4424
2
-5221
-7780
-7933
-6146
-2274
2407
6900
10141
10965
8630
4351
-978
-5587
-7848
-8882
-8325
-6650
-4676
-1968
97
925
962
198
-96
905
1448
914
45
-1358
-2666
-3965
-5562
-6324
-6142
-4754
-1843
1129
3372
5084
5643
5352
4332
1823
-1042
-3370
-5000
-4919
-3816
-2768
-935
1412
3224
3626
1854
1491
5203
8823
10034
8770
5541
2250
-2432
-6921
-8281
-7894
-4973
-489
3593
7935
10168
9327
6743
2394
-2223
-5558
-8067
-8895
-7677
-5698
-3119
-943
189
1069
966
146
379
902
796
756
9
-1572
-3547
-5895
-7113
-7116
-6257
-3416
322
3198
5331
6391
5967
4493
1973
-795
-2832
-4446
-4800
-3460
-1892
-441
1365
3083
3947
3231
976
413
3867
7946
9900
9075
6082
2869
-1803
-6429
-7684
-6796
-3842
681
4772
8553
10937
10264
7051
2443
-2431
-5997
-8248
-9342
-8368
-6130
-3304
-660
785
1582
1751
1221
756
855
1010
752
124
-1372
-3357
-5308
-7020
-7440
-6361
-3699
-39
3301
5652
6601
6279
4207
1103
-2084
-4832
-5812
-5246
-3532
-1198
566
1995
3385
4036
3265
832
-408
2504
6891
9325
8970
6471
3184
-1737
-6856
-9006
-8642
-5801
-1363
2996
7542
10513
10248
7504
2905
-2177
-6199
-9024
-9887
-8861
-6928
-3695
-402
1818
3094
2717
1590
745
149
-123
-407
-1306
-2734
-4105
-5604
-6602
-6442
-4908
-1715
1637
4579
6623
6582
4851
1946
-1346
-4115
-5479
-5314
-4156
-1841
431
1993
3293
3756
3519
2265
-30
-1168
1378
6153
9384
9560
6990
3928
-292
-5520
-7758
-7941
-6022
-1836
2236
6851
10233
10624
8330
3751
-1309
-5574
-8099
-9041
-8382
-6192
-3172
428
2917
4160
3954
2167
824
99
-290
-670
-1419
-2302
-3455
-4557
-5523
-5798
-4661
-2122
1107
3655
5236
5410
3955
1242
-2068
-4465
-5539
-4949
-3042
-886
1589
3365
4087
4238
3250
1786
308
-1561
-2099
1053
6119
9222
9375
7617
5111
1145
-4130
-7001
-6846
-4747
-935
2728
6031
8727
8930
6275
1981
-2954
-6893
-8610
-9151
-7844
-4958
-2113
1002
2867
3011
2099
232
-1040
-1448
-1895
-2404
-2614
-3017
-3665
-4082
-4606
-4432
-2881
-453
2404
4308
4729
4028
2114
-696
-3307
-4666
-4588
-3160
-1221
646
2231
2906
2841
2097
754
-332
-856
-1433
-1781
90
3574
6352
7542
6345
4271
1154
-3278
-5349
-5146
-3521
-773
1384
3881
6720
7652
5863
2279
-1733
-4530
-5563
-5982
-5455
-3829
-1640
1368
3532
3782
3075
1890
622
-348
-1452
-2692
-3135
-3034
-2846
-2464
-2732
-2752
-1566
-72
1392
2032
1740
1305
486
-771
-2037
-2782
-2559
-1236
474
1344
1652
1621
968
465
122
-228
-469
-1213
-1773
-138
3359
6517
8259
8108
6513
3905
-623
-4223
-4985
-4808
-3118
-873
1461
4726
6265
5405
3550
766
-2010
-3908
-5379
-5722
-4483
-2795
-432
1622
1998
1927
1029
-481
-947
-1261
-1387
-940
-491
-43
-49
-586
-1329
-1755
-1898
-1443
-352
270
886
1535
978
-237
-1144
-1329
-681
-428
-793
-859
-595
-345
-269
-561
-1041
-893
-597
-1086
-1752
-468
3439
7383
9287
8555
6187
2508
-2353
-5219
-6089
-6170
-4396
-1734
1834
5461
6843
6280
4134
869
-2292
-4688
-6349
-6627
-5305
-2987
4
1691
1596
1109
11
-1002
-1306
-1396
-931
-261
207
339
-618
-2531
-4163
-4577
-3884
-2630
-1102
924
2926
3762
3771
3373
2309
879
-210
-758
-1079
-976
-625
-304
233
531
762
869
249
-687
-421
2620
6622
8960
8867
6798
3584
-1131
-5487
-7422
-7588
-5928
-2813
952
4847
7528
7618
5451
2180
-1797
-5084
-7217
-8332
-7453
-5342
-2835
-258
1418
2189
2099
1469
1042
1197
1637
1934
2266
1656
84
-1736
-3845
-4962
-4787
-3624
-1156
1683
3988
5186
4934
3437
1033
-1345
-2790
-3114
-3012
-2869
-2126
-729
775
1358
1201
1173
1122
598
-435
509
4041
7256
9026
8355
5517
1713
-3296
-6830
-7520
-6802
-4284
-799
2579
6214
8366
7510
4741
672
-3455
-6032
-7883
-8770
-7633
-5250
-2221
392
1439
1466
985
-31
-471
147
434
596
504
-623
-2125
-4243
-6209
-6356
-4936
-2423
1095
4387
6567
7274
6113
4171
1837
-916
-2637
-3139
-3133
-2446
-1097
637
2289
3121
3110
2965
2237
231
-1231
670
4728
7306
7425
5561
2758
-1368
-6094
-7891
-7506
-5813
-2171
1441
4845
7471
7352
5319
2066
-2351
-6051
-8166
-9124
-8145
-5729
-2953
5
1887
2751
2973
1955
1129
1306
1381
1241
887
-203
-1739
-3435
-5125
-5819
-5038
-3281
-527
2621
5263
7054
6770
4710
1997
-1227
-3830
-5206
-5618
-4699
-2679
-192
2543
4356
4399
3753
2692
1468
117
-1469
-66
3756
6457
7538
5978
3072
-325
-4377
-5913
-5600
-4510
-1501
1522
4494
7410
7784
5804
2518
-1641
-4966
-7107
-8467
-7819
-5632
-2868
434
2472
3006
3042
2098
1096
739
202
-434
-1045
-1861
-2761
-3728
-4799
-5157
-4146
-2012
1063
3923
5728
6491
5560
3332
713
-2447
-5115
-5925
-5211
-3251
-928
899
2762
3946
3940
3637
2582
928
-633
-2349
-1791
2024
5607
6966
5663
2983
471
-2990
-5683
-5864
-4926
-2545
487
3049
5635
6647
5306
2707
-981
-4695
-7100
-8346
-7818
-5605
-2958
290
2762
3531
3904
3351
1926
758
-240
-931
-1275
-1862
-2724
-3644
-4424
-4232
-2872
-902
1697
4007
5363
6141
5400
3127
144
-3212
-5500
-6012
-5284
-3475
-1106
935
2800
4234
4433
3675
2130
614
-572
-2632
-3185
-225
3501
5902
6003
4500
2573
-786
-3840
-4410
-3890
-2301
136
2185
4743
6541
5685
3411
-95
-3880
-6088
-7444
-7309
-5433
-3139
25
2861
3797
3935
3438
2138
998
-224
-1614
-2435
-3152
-3836
-3938
-3931
-3450
-2105
-376
1842
3766
4676
5103
4625
2855
658
-1792
-4182
-5219
-4778
-3070
-630
1314
2955
4367
4905
4520
3264
1378
-453
-2453
-3821
-1858
2204
5232
6365
5373
3667
1267
-2112
-3868
-3886
-2978
-1126
895
3281
5483
5823
4059
1106
-2630
-5944
-7598
-7900
-6919
-4903
-2283
446
2133
2768
2653
1766
555
-540
-1397
-2125
-2742
-3387
-3741
-3735
-3704
-3243
-2134
-285
1817
3192
3663
3214
2176
769
-1063
-3005
-4186
-3732
-2351
-485
1485
2739
3994
4767
4404
3744
2298
387
-1404
-3519
-3277
759
4910
7601
8308
6650
4715
1266
-2695
-3964
-4436
-3404
-821
1202
4244
6707
6502
4727
1154
-3162
-6159
-7971
-8543
-7365
-5232
-2159
1369
3432
4345
4161
2579
1217
130
-1496
-2960
-3883
-4356
-4260
-4367
-4446
-3418
-1812
306
2491
3247
3244
3015
1896
226
-2077
-4403
-4914
-3959
-2392
-417
761
1452
2455
2814
2371
1230
-602
-1610
-2160
-3054
-748
4170
7466
9270
8482
6056
3412
-1326
-4124
-4420
-4410
-1492
1751
4647
8395
9294
7430
3941
-1523
-6318
-8982
-10257
-9188
-6160
-2726
1614
4813
5655
5983
4620
2036
288
-1581
-3310
-4071
-4559
-4370
-3901
-4194
-3733
-2225
-754
1262
2796
3130
3479
3317
2381
701
-1823
-3604
-3814
-3194
-2271
-1107
-185
862
2171
2582
2002
795
-517
-1071
-1826
-2949
-1163
3121
6459
8118
7198
4722
1746
-2308
-4172
-3951
-3443
-888
2119
5168
8113
7730
4886
922
-3878
-7312
-9203
-9548
-7499
-4058
-57
3774
5835
6091
5241
3281
1022
-782
-2295
-3578
-4270
-4367
-4253
-4385
-4574
-3630
-1868
-92
1787
3069
3279
2658
1689
340
-1861
-4282
-5699
-5266
-3879
-2439
-667
992
2597
3802
3954
3388
1943
377
-183
-897
-2377
-1197
3291
7147
9082
8149
5714
3361
-574
-2607
-2833
-3350
-1331
1205
3753
6097
5419
3426
549
-3334
-6504
-8096
-8036
-6474
-3271
216
3188
4824
4853
4592
2975
507
-1377
-3092
-4190
-4569
-4549
-4323
-3839
-3006
-1625
125
1206
2289
3359
3370
2886
1656
-171
-1979
-3831
-4808
-4397
-3337
-2031
-306
1228
2460
3565
3341
2295
1261
-206
-1196
-2207
-3583
-2138
2512
6814
9170
8806
6495
4102
600
-2081
-2864
-3762
-2296
827
3282
5655
5826
4092
1620
-2092
-5214
-6969
-7489
-6131
-3113
167
2885
4593
4838
4326
2403
-512
-2190
-3095
-3866
-3968
-3508
-2885
-2497
-2173
-1418
-630
-585
-653
20
507
321
19
-553
-1482
-2454
-3368
-3537
-3038
-2662
-1463
352
1877
3297
3592
2901
1928
205
-1284
-2231
-3765
-3632
711
6201
9694
10174
7874
5454
2113
-1746
-3630
-4999
-4240
-1106
1700
4497
5837
4850
2396
-1107
-4438
-6720
-7441
-6738
-4417
-1020
1838
3890
4558
3924
2589
499
-1172
-1969
-2541
-2777
-2399
-1907
-1735
-1555
-1497
-1494
-1417
-1384
-538
897
1839
2461
2669
2162
965
-975
-2883
-3921
-3967
-3093
-1436
759
2840
4101
4181
3064
1097
-1361
-3582
-4892
-5769
-4628
763
6894
10142
10639
8678
6045
2259
-2789
-5237
-5634
-4479
-928
1878
4064
5867
5007
2891
103
-3622
-5956
-6414
-5581
-2952
-68
2047
4274
5196
4524
3417
1192
-824
-1885
-3110
-3614
-3544
-3438
-2960
-2701
-2766
-2737
-2344
-1674
-211
1911
3192
3725
3316
1911
229
-2182
-4302
-4848
-4116
-2317
-13
1948
3312
3786
2991
1537
-270
-2436
-3684
-3910
-3514
-572
4964
9437
10618
8974
6115
2843
-1573
-5250
-6254
-5288
-2484
1059
3655
5097
5281
3729
611
-3272
-6871
-8400
-7559
-5416
-2208
880
3125
4896
5523
4788
2741
-395
-2845
-3892
-4496
-4566
-3937
-2933
-1943
-1561
-1581
-1653
-1539
-742
795
2325
2999
2961
2433
833
-1365
-3371
-4626
-4399
-3363
-1552
893
2611
3704
4049
3254
1776
-369
-2221
-2645
-2727
-2208
1418
6590
9621
9660
7138
4555
1528
-2900
-5026
-5183
-3770
-252
2669
4793
5807
4975
2814
-683
-4483
-7083
-7458
-6153
-3466
-1
2386
4286
5432
5004
3282
79
-2849
-4043
-4443
-4595
-3930
-2709
-1664
-753
-799
-1459
-1861
-2199
-896
1155
2466
3754
4245
3753
2143
-586
-2936
-4207
-4393
-3521
-1559
644
2338
3766
4191
3503
1997
166
-949
-1590
-2247
-2956
-984
4151
7886
8751
7389
5409
3216
-1091
-4374
-4763
-4069
-1697
937
2566
3915
3798
2038
-439
-3737
-6223
-6235
-4978
-2936
-409
1228
2799
4094
3579
1783
-1007
-3471
-3966
-3873
-3910
-3260
-2090
-885
-120
-525
-2030
-2883
-2520
-1326
603
2097
3114
3679
2948
1401
-734
-3107
-4827
-5356
-4498
-2851
-712
1183
2620
3888
3687
2512
1094
-638
-1583
-2590
-4379
-4270
-165
4880
7530
7844
6748
5790
2906
-1608
-3052
-3274
-2514
67
1477
2970
4219
3674
2322
-429
-3367
-4413
-3739
-2388
-886
761
2253
3900
4169
2585
738
-1767
-3326
-3205
-3207
-2803
-1976
-1229
-508
-602
-1769
-2859
-2788
-1679
196
1752
2451
3110
2828
1414
-448
-2789
-4193
-4082
-3044
-1219
559
1962
3445
4803
5075
3787
1715
-191
-1476
-2539
-4192
-5295
-2604
3081
7259
8487
7453
5736
3457
-739
-3922
-5055
-5335
-3259
-568
1438
3339
3580
2194
-31
-2738
-4645
-4874
-4027
-2429
-47
1916
3450
4264
3252
1658
-10
-1743
-2421
-2233
-1779
-1165
-496
-268
-333
-967
-2350
-2779
-2268
-1086
712
1860
2962
3650
2990
1563
-491
-2413
-3525
-3810
-3379
-2264
-650
1027
2684
3559
3358
2168
108
-1676
-3309
-4879
-6307
-6299
-1656
4565
7875
8496
7128
5393
2312
-2499
-5321
-6237
-5334
-2323
400
2825
4732
5003
3686
1109
-2044
-4529
-5182
-4493
-2635
-76
1965
3908
4699
4103
3170
1019
-902
-1256
-1390
-1575
-1506
-1506
-1658
-1722
-2364
-2961
-2517
-1536
493
2380
3136
3821
3459
2080
666
-1314
-3007
-3577
-3720
-3172
-1875
-805
529
1995
2636
3143
2620
816
-328
-1656
-3248
-4285
-5208
-2721
3072
6646
7734
7170
5754
4360
198
-3476
-3911
-3867
-2110
-17
1284
3579
4277
2681
310
-2513
-4444
-4714
-4023
-2644
-284
1962
3899
5245
4613
3028
673
-1945
-2925
-3526
-4489
-4614
-3975
-2967
-1933
-1732
-1913
-1062
415
1961
3196
3460
3578
3474
2611
1602
-52
-2159
-2873
-2879
-2738
-1532
-167
1507
3353
4288
4702
3821
1527
-593
-2629
-4468
-5532
-6663
-5327
741
6060
8289
8567
6871
5973
2685
-2629
-4344
-5463
-4859
-2748
-2144
282
1825
1203
306
-1769
-3126
-3505
-3157
-1643
365
2118
3191
4343
4003
2213
314
-2298
-3449
-3462
-3937
-3533
-2687
-1623
-409
-96
-483
-446
259
1068
2148
2669
2715
3012
2215
874
-729
-2966
-3896
-3828
-3381
-1891
-286
1402
3151
3781
3138
1695
-640
-2859
-4113
-5343
-6000
-6074
-4075
2423
8072
9930
10133
8594
6850
2833
-2952
-5484
-6357
-5344
-2652
-1242
1134
3615
4014
3276
1197
-1136
-2268
-2495
-2019
-640
641
1605
2902
2933
1841
438
-1750
-2690
-2310
-2372
-1952
-1124
-642
211
376
-577
-754
-492
231
1733
2338
2766
3020
2007
715
-1027
-3126
-4153
-4037
-3273
-1745
175
1914
3476
3671
2579
1436
-871
-3627
-4991
-5399
-5126
-4484
-4142
-600
6595
10183
10160
9168
6680
4312
-1049
-6255
-6271
-6104
-4190
-889
580
3827
5826
4751
3082
82
-2360
-3144
-3297
-2621
-929
1019
2881
4443
4101
2515
499
-1996
-2859
-2882
-3239
-2716
-1776
-644
80
-728
-1625
-1629
-1187
-437
309
993
1153
659
-69
-1138
-2467
-3840
-4107
-3099
-1998
-728
389
1698
2848
2301
1010
-686
-2732
-4100
-4785
-4441
-3105
-2210
-566
4889
10079
10915
10022
7796
5562
1919
-4056
-5591
-5056
-4293
-1105
44
1977
4904
4252
3045
782
-2347
-3607
-4392
-3914
-2044
-597
1239
3610
4311
3183
1427
-998
-2450
-2419
-2487
-2124
-1415
-657
643
659
-1123
-2134
-2001
-1442
-224
639
1325
1962
1498
779
66
-1235
-2194
-2049
-1554
-943
-89
412
1119
1345
233
-773
-1982
-3146
-3315
-3162
-2512
-1408
-894
437
5008
8798
8883
7928
5961
3922
473
-4358
-5099
-4494
-3739
-1255
12
2365
4709
4189
2847
88
-2779
-4200
-4623
-3543
-1817
247
2411
3993
3961
1940
-240
-2045
-2787
-2204
-1622
-789
174
893
1163
-5
-1877
-2861
-2479
-1243
136
1568
2498
2770
2824
2002
547
-744
-1522
-1189
-1024
-1334
-904
-456
266
671
-346
-833
-745
-898
-731
-934
-1037
-606
-1075
-428
3310
6209
6862
6448
4998
3745
187
-4167
-5049
-5147
-4201
-2541
-1521
1037
3138
3444
2097
-829
-2955
-3873
-3698
-2858
-1946
-481
1136
2869
3287
1786
10
-1529
-1822
-1248
-1458
-1564
-842
-367
-629
-1772
-3095
-2900
-1829
-749
628
1642
2243
2725
2791
2095
688
-830
-1433
-1061
-1238
-2041
-2289
-1717
-674
-40
-89
61
403
431
431
76
-843
-1178
-828
-1003
-587
2695
6391
7697
7621
6144
3886
611
-3059
-3653
-3921
-4275
-2002
36
2388
4346
3221
1548
-299
-2300
-2836
-3022
-2861
-1166
943
2565
3567
3218
2277
1650
538
-412
-754
-1735
-2151
-1944
-2785
-3741
-4014
-3298
-1693
-455
558
1849
2628
2883
3049
2511
1009
-591
-1601
-2041
-2264
-2812
-3036
-2078
-872
187
973
1082
1340
1380
751
-185
-1460
-2173
-2142
-1865
-2126
-837
4247
8021
8725
8230
6238
4098
255
-3221
-3310
-3815
-3459
-1298
157
1990
2792
1670
515
-1107
-2896
-3180
-2618
-2100
-678
1216
2808
3931
3326
2074
959
-1227
-2789
-3349
-4401
-4757
-4112
-3563
-2682
-1759
-1309
-442
117
198
943
1128
838
1019
645
89
-341
-1377
-2059
-2267
-2869
-2686
-1617
-749
587
1598
1802
2192
1675
329
-825
-2352
-3242
-3079
-3242
-1384
3207
6716
8356
8134
6521
4495
395
-3151
-3873
-4411
-3876
-2112
-484
1892
3360
3180
2360
563
-1052
-1567
-1267
-679
-16
1214
2849
4229
3907
2431
1173
-585
-1577
-1684
-2242
-2176
-1879
-1682
-1348
-1781
-2139
-1683
-1118
-545
29
479
1082
1635
1654
1194
138
-974
-1578
-2218
-2783
-3070
-2506
-803
804
1898
2472
2336
1724
837
-531
-2012
-2854
-2784
-1361
-748
-1054
2157
6640
8719
8727
6301
4298
1992
-2085
-3671
-4466
-5145
-3319
-1616
614
3169
3125
2529
1619
-342
-1333
-2258
-3280
-2634
-1051
698
2044
2373
2512
2566
1444
-413
-1674
-2801
-3458
-3150
-3444
-3617
-2864
-2109
-963
-176
117
1031
1822
2148
2047
1285
236
-1006
-2287
-3015
-3250
-3413
-3009
-1814
-573
629
1536
1745
1506
978
513
-429
-2173
-3023
-2508
-1532
-645
-632
622
5056
8375
8585
7426
4704
2421
-398
-3877
-4264
-4635
-4193
-1097
257
1784
3436
2938
2318
396
-1726
-2351
-3230
-3072
-1097
1150
3014
4517
5009
4038
2333
-280
-2561
-3614
-5052
-5406
-4246
-3291
-1503
62
443
1125
1267
1133
1554
919
43
-223
-757
-810
-965
-1797
-2145
-2197
-2345
-2196
-1808
-985
410
1503
2017
2190
1516
456
-405
-1427
-1975
-1921
-1394
-400
226
2328
5876
7363
7277
6382
4537
2529
-685
-2937
-2862
-2885
-1607
213
1211
3331
4219
3064
1667
-398
-1631
-1908
-2190
-1234
550
2228
3635
4240
3342
1240
-1032
-3288
-4588
-5216
-5911
-4866
-3070
-2065
-622
104
134
365
-336
-747
-833
-1684
-1363
-314
27
146
-378
-980
-994
-1324
-1968
-1903
-1233
-65
1568
2362
2540
2451
1225
24
-960
-2708
-3625
-3228
-2193
-942
-757
982
5523
7864
7499
6394
4590
2991
-2
-2734
-2919
-3396
-3031
-1534
-752
660
1316
758
313
-527
-831
-235
473
1534
2726
3461
3741
3296
1685
-697
-2914
-4514
-4922
-4463
-4182
-3133
-1626
-764
83
-249
-1293
-1577
-2150
-2169
-1940
-1993
-890
125
566
697
-182
-1120
-1415
-1383
-1262
-870
-183
1039
2702
3234
3000
2473
1356
577
-406
-1523
-1878
-1856
-1249
-566
-748
1043
5264
7630
8036
7297
5751
4549
1304
-1487
-1995
-3498
-3365
-2413
-2009
293
1572
1876
2452
2163
2448
2491
1824
1678
1404
807
249
-589
-1995
-3243
-3977
-4383
-3778
-2980
-2617
-1231
85
141
-66
-1078
-2076
-2305
-2726
-2172
-1347
-1632
-1098
33
675
1048
229
-847
-661
-596
-959
-822
-783
-582
461
1312
1678
1541
653
590
562
-855
-1665
-1655
-1168
-36
-363
-930
1553
5416
7575
7517
6060
4802
3241
-323
-2955
-4187
-5100
-3767
-2095
-332
2541
4079
4858
5188
3953
2322
497
-1217
-2347
-3103
-3270
-2862
-2374
-1994
-1345
-1096
-1632
-1979
-2288
-2368
-1987
-1871
-1386
-898
-1310
-2110
-2611
-2553
-2632
-2689
-1812
-136
1526
2589
2957
2444
1613
1096
450
-613
-1697
-2076
-1346
-109
953
1476
1887
2700
2876
1834
25
-1854
-2510
-2151
-1957
-1813
-2105
-871
3973
7690
7546
6236
4785
4015
1864
-2223
-3664
-3581
-2984
-824
220
1458
3863
4894
4819
3435
735
-1146
-1982
-2538
-2576
-2789
-2942
-1659
-552
-631
-1101
-1993
-2275
-1469
-1180
-1381
-1315
-1534
-1357
-1374
-2611
-3367
-3423
-2864
-977
733
1865
3170
3918
3828
3076
1156
-882
-1695
-2121
-2101
-1667
-1083
714
2408
2877
3347
3071
2240
1351
-296
-1465
-2113
-2301
-1447
-581
51
308
1149
4603
7135
6394
5168
4094
3416
1344
-2249
-2815
-2295
-2173
-968
-796
573
2909
3211
3114
1592
-1030
-2213
-3135
-3643
-3880
-4097
-2564
-684
-51
-408
-1476
-2484
-3054
-3046
-3192
-4147
-4296
-3511
-2517
-1848
-2282
-2030
-841
-98
759
1373
1552
2265
2699
2235
1405
154
-884
-1014
-921
-705
-285
352
1789
2960
3138
3031
2614
1682
687
-351
-1433
-1744
-1371
-567
310
415
316
190
1594
4671
5448
5059
4993
4192
3189
310
-1875
-2170
-3352
-2869
-2083
-1659
817
2064
2596
2940
1098
-45
-884
-2400
-2829
-3148
-2755
-1429
-899
-511
-426
-1197
-1548
-1374
-1591
-2389
-2751
-2044
-1216
-684
-620
-390
293
310
351
821
1105
1605
1795
1588
1154
-307
-1413
-1422
-1571
-1655
-1170
-466
632
1839
2363
2555
2098
818
108
-595
-1715
-2150
-2103
-1235
159
586
1029
1715
1443
2579
5240
5840
5333
4675
3499
2572
-26
-2331
-2299
-3007
-2704
-1126
-203
1933
3468
3439
3037
905
-1478
-2733
-3941
-4452
-3987
-2906
-1075
358
671
401
-445
-1641
-2247
-2500
-3133
-3046
-2070
-1174
-223
-2
-323
-434
-974
-1172
-1030
-1302
-980
-424
-18
469
53
-312
-78
-225
-739
-1184
-898
-218
335
990
1358
1580
1777
1628
1227
480
118
459
797
1292
1643
1526
1629
1742
1451
2018
3679
4332
4168
4111
3326
2102
373
-1030
-1233
-2031
-2296
-1526
-1428
-467
534
89
-248
-746
-1368
-1599
-2327
-2975
-2981
-2742
-2020
-1480
-1430
-986
-642
-669
-333
-330
-819
-671
-354
-623
-1108
-1578
-1619
-1043
-582
-2
786
1441
2444
2811
2002
1073
-75
-877
-900
-1150
-1135
-558
88
751
1029
829
598
536
204
-143
-406
-910
-752
-268
-201
23
-21
-86
457
499
183
1283
3655
5014
5258
4789
3784
2947
755
-1052
-1274
-2021
-1500
-439
112
1882
2313
1464
913
-461
-1403
-2007
-2861
-2641
-1790
-815
387
1016
880
596
-348
-1833
-2792
-3790
-4309
-3728
-2947
-1785
-572
123
844
1183
935
588
309
377
487
870
1345
1488
1442
935
606
-13
-1193
-1617
-1548
-1135
-841
-830
51
956
1146
1015
484
161
-215
-922
-1081
-1397
-1585
-983
-919
-907
-975
-1198
1077
3839
4616
5068
4730
4614
4135
1237
-734
-2182
-3890
-3710
-3557
-2681
-641
581
2107
2935
2626
2438
1411
130
-940
-2058
-2415
-2431
-2366
-1966
-1877
-1813
-1575
-1586
-1306
-936
-663
-188
238
578
433
-98
-480
-668
-555
-291
217
806
1129
1403
1432
986
473
-136
-936
-1440
-1696
-1422
-413
729
1896
2809
3146
3184
2517
1157
-232
-1397
-2088
-2161
-1842
-1345
-790
-328
186
368
512
2570
4682
4768
4686
3717
2324
760
-2132
-3340
-4011
-4508
-2778
-1790
-246
2196
2920
3526
3084
1791
1173
-384
-1711
-2524
-3398
-2737
-1618
-870
-3
384
596
684
261
-89
-359
-419
-245
-210
-148
-461
-765
-631
-515
-1
439
348
693
734
192
-228
-1101
-1545
-1233
-1094
-638
-142
286
1405
1955
1461
1080
501
-149
-514
-1266
-1847
-1870
-1693
-1045
-628
-860
-706
-481
-700
-695
-824
-317
2408
4919
5468
5163
3994
2825
1070
-2194
-3865
-4211
-4103
-2465
-1370
348
2932
3707
3941
3099
1160
-174
-1937
-3231
-3468
-3370
-2397
-1104
-51
732
724
73
-362
-484
-1079
-1875
-2086
-1834
-1437
-1409
-1620
-1432
-1061
-496
224
464
846
1650
2030
2039
1428
565
301
94
-284
-612
-654
202
1619
2386
2259
1969
1614
1159
700
-392
-1412
-1533
-1100
-364
-134
-304
189
857
1197
1359
794
846
2821
4109
3854
3157
1898
1467
562
-1615
-2376
-2795
-2295
-703
-441
803
2207
2286
2651
1486
-119
-1093
-2567
-2929
-3010
-3134
-2086
-1093
-184
425
25
-362
-685
-904
-1119
-1610
-1696
-1546
-1302
-1263
-1552
-1373
-1023
-498
217
506
919
1423
1552
1264
301
-551
-888
-1419
-1836
-1744
-1230
-277
699
1268
1571
1760
1595
1365
890
-190
-973
-1205
-894
-125
91
38
637
1094
1150
764
13
1296
3608
4220
4491
3970
3022
2561
441
-1176
-2191
-3521
-2660
-1931
-961
1321
1965
2340
2339
1080
122
-1600
-3149
-3398
-3364
-2478
-1318
-548
160
304
19
-708
-1638
-2273
-2836
-2714
-2116
-1637
-1047
-734
-514
-415
-659
-635
-528
-276
308
781
1257
1502
1367
1133
528
-149
-614
-883
-464
468
1372
2209
2828
3058
2753
1794
580
-628
-1409
-1675
-1634
-1361
-1004
-215
761
1387
1692
1028
226
36
-238
864
2732
3373
3880
3926
3087
2099
-137
-1766
-1861
-2359
-1679
-935
-633
1442
2509
2177
1450
-233
-1226
-2282
-3463
-3379
-3022
-2011
-264
782
939
363
-597
-1562
-2521
-3381
-3838
-3298
-2356
-1554
-752
-344
51
301
48
84
-4
126
1196
1864
2076
2154
1893
1705
1023
-127
-664
-822
-534
291
997
1686
2263
2413
2113
1381
265
-518
-635
-746
-757
-550
-303
293
651
484
354
-101
-612
-353
1
1431
3664
4360
4793
4482
2817
1167
-1485
-3330
-3938
-4807
-3678
-2121
-978
1379
2580
2944
2649
948
30
-1045
-2536
-3261
-3806
-3381
-2395
-2007
-1720
-1779
-2020
-2082
-2200
-2152
-1990
-1543
-862
-462
-253
-277
-284
-177
-377
-431
-373
-131
623
1191
1618
1842
1467
1064
608
98
-292
-460
120
1130
2075
2807
3081
2927
2557
1999
1055
35
-701
-1025
-871
-776
-931
-808
-200
562
915
628
367
680
1023
2249
3990
4292
4309
3783
2275
747
-1946
-3618
-3621
-3818
-2527
-903
568
2795
3464
3158
2368
462
-975
-2455
-3823
-4054
-4099
-3515
-2448
-1694
-972
-757
-654
-406
-563
-600
-582
-508
-97
-30
-279
-626
-883
-629
-556
-712
-383
178
893
1513
1761
1753
1520
1492
1486
1129
889
950
1205
1407
1413
1165
663
228
-367
-1446
-2324
-2400
-2148
-1964
-1743
-1282
-595
-32
238
325
217
-27
-105
-124
-87
848
2610
3506
3473
3052
2099
1006
-1010
-2591
-2517
-2145
-984
188
1133
2710
3166
2656
1573
-248
-1399
-2188
-2885
-3226
-3304
-2409
-1114
-335
10
51
242
347
-3
-382
-794
-877
-543
-482
-499
-621
-649
-287
-91
-9
155
339
937
1575
1726
1745
1538
1276
1009
402
-114
-521
-550
37
392
321
61
-151
-344
-1002
-1849
-2468
-2465
-1699
-907
-230
420
935
1578
1797
1343
576
-320
-686
-618
-642
-17
1894
3576
4050
3729
2577
1495
423
-866
-1209
-1202
-632
682
1286
1899
2055
1031
166
-1047
-2276
-2852
-3370
-2940
-1969
-1308
-266
501
680
759
285
-250
-633
-1208
-1439
-1552
-1612
-1475
-1568
-1544
-1438
-1453
-1238
-901
-309
592
1250
1846
2312
2166
1636
751
-246
-1071
-1689
-1902
-1696
-1181
-337
568
1201
1621
1691
1497
1119
631
434
307
377
729
901
1103
1189
1252
1517
1315
815
593
498
813
2012
3165
3734
3811
3107
2091
455
-1553
-2418
-2687
-2592
-1604
-902
-205
780
775
172
-884
-2094
-2491
-2772
-2976
-2578
-2061
-1300
-425
-36
-148
-540
-1003
-1451
-1758
-2027
-2002
-1303
-363
522
1041
1017
999
857
412
-30
-574
-820
-409
-41
82
159
156
274
136
-312
-648
-950
-1017
-712
-433
-306
-12
407
537
485
158
-277
-191
90
347
690
848
1159
1413
1234
1119
608
141
313
509
819
1752
3233
4143
4230
3669
2415
1004
-690
-1969
-2263
-2410
-1739
-550
342
1503
1826
1331
785
-182
-1041
-1943
-2718
-2730
-2570
-2194
-1593
-1192
-857
-633
-525
-641
-748
-331
112
510
1021
1094
839
402
-304
-930
-1355
-1430
-1095
-675
-47
756
1181
1353
1424
1130
772
500
138
-188
-335
-199
173
394
452
548
452
315
220
-57
-104
-44
94
558
784
748
666
500
355
46
-378
-528
-287
222
1137
2410
3107
3172
2720
1576
291
-1487
-2964
-3288
-3237
-2527
-1485
-555
619
1185
1007
527
-509
-1403
-1960
-2572
-2667
-2493
-2148
-1334
-926
-809
-775
-791
-493
-374
-302
-51
269
867
1174
946
379
-457
-917
-1156
-1389
-1102
-419
554
1589
2132
2199
1902
1207
487
-178
-873
-984
-714
-315
556
1197
1534
1766
1625
1533
1260
834
636
441
465
589
487
283
64
-55
-85
-144
61
611
1562
3007
3846
3769
3567
2862
1509
-518
-2446
-3275
-3608
-3253
-2180
-1021
303
1358
1545
793
-534
-1806
-2820
-3535
-4042
-3927
-3156
-2118
-1147
-902
-938
-997
-1208
-1353
-1533
-1569
-1271
-617
47
332
173
-96
-237
-493
-784
-819
-412
409
1344
2164
2523
2399
2359
2081
1498
1021
622
772
1170
1393
1605
1669
1611
1473
1206
728
355
326
573
1072
1125
935
1122
1263
1257
827
125
-217
-181
22
158
264
606
1665
2563
2322
1771
906
-84
-878
-1971
-2598
-2690
-2294
-1112
-305
123
606
684
492
-210
-1238
-2105
-2826
-3110
-3177
-3075
-2515
-1884
-1477
-1220
-1172
-1134
-1112
-1138
-933
-940
-859
-541
-595
-621
-885
-1198
-1067
-818
-378
227
996
1870
2372
2315
2003
1544
861
164
-411
-674
-525
-238
334
937
1399
1855
2041
2082
1998
1596
1177
894
571
274
-95
-448
-532
-549
-399
-2
326
1022
2259
2967
3107
2746
1775
822
-597
-2053
-2704
-3050
-2548
-1507
-612
526
1177
1274
1054
282
-576
-1307
-1882
-2063
-1973
-1692
-1293
-1100
-1108
-1338
-1647
-1917
-2154
-1943
-1430
-829
4
727
1243
1352
918
444
-86
-619
-847
-837
-418
230
828
1457
1822
1873
1874
1753
1414
1105
1004
1125
1358
1454
1476
1546
1486
1356
1162
855
743
814
902
1023
1025
865
808
532
109
-239
-739
-866
-709
-462
278
1002
1425
1674
1424
857
-54
-1332
-2285
-2867
-3093
-2779
-2178
-1338
-390
208
369
143
-415
-1059
-1726
-2255
-2510
-2463
-2123
-1626
-1195
-1007
-928
-895
-978
-1131
-1238
-1182
-949
-714
-530
-466
-441
-369
-351
-323
-304
-160
187
526
905
1158
1276
1428
1272
1030
873
664
602
581
792
1183
1530
1974
2258
2342
2350
2129
1841
1567
1211
875
451
113
-93
-346
-321
-36
397
1231
2070
2531
2691
2440
1892
926
-503
-1791
-2677
-2997
-2841
-2468
-1698
-679
293
797
646
156
-597
-1376
-2041
-2584
-2759
-2547
-2049
-1467
-1091
-857
-716
-817
-951
-1110
-1321
-1330
-1314
-1207
-948
-740
-453
-165
107
444
675
820
865
810
688
393
133
38
92
350
679
1154
1747
2246
2544
2480
2164
1759
1288
865
558
535
866
1319
1810
2068
2042
1875
1350
727
271
-38
81
491
1086
1853
2246
2099
1436
418
-580
-1521
-2282
-2586
-2232
-1457
-744
-150
270
338
19
-787
-1789
-2552
-2938
-2843
-2556
-2152
-1401
-649
-305
-405
-894
-1392
-1761
-2105
-2248
-2218
-1962
-1426
-913
-536
-411
-447
-263
-52
71
242
437
670
832
837
590
128
-217
-355
-371
-215
149
810
1666
2310
2653
2558
2194
1820
1359
860
441
351
608
1052
1426
1496
1397
1259
1090
810
419
261
391
755
1248
1512
1483
1248
863
292
-510
-1290
-1631
-1516
-1171
-701
-303
-15
119
-59
-576
-1330
-1996
-2299
-2269
-1994
-1609
-1187
-711
-389
-362
-662
-1101
-1386
-1544
-1591
-1495
-1371
-1076
-650
-317
-132
-204
-246
-109
17
118
219
437
757
886
749
502
208
0
-22
101
371
771
1302
1843
2154
2160
1983
1763
1476
1175
843
624
734
876
975
965
815
757
623
464
427
445
775
1296
1629
1781
1641
1331
888
12
-871
-1496
-1827
-1714
-1400
-937
-392
-49
197
191
-229
-710
-1202
-1492
-1510
-1515
-1297
-1027
-831
-679
-880
-1204
-1507
-1801
-1869
-1779
-1582
-1223
-846
-478
-162
-67
-55
-133
-305
-411
-489
-471
-317
-148
3
111
149
212
297
363
477
696
1023
1305
1393
1366
1335
1204
950
666
398
322
414
587
831
953
1056
1113
996
863
632
486
541
591
661
708
714
677
485
149
-217
-544
-783
-861
-790
-643
-451
-289
-183
-195
-392
-665
-907
-1064
-1170
-1239
-1202
-1087
-948
-855
-897
-1063
-1263
-1394
-1396
-1334
-1146
-842
-510
-145
121
215
175
56
-55
-160
-251
-224
-103
99
301
386
445
520
569
639
690
790
1021
1227
1378
1437
1366
1256
1077
922
837
726
756
900
1040
1187
1147
1022
929
726
598
488
437
657
912
1187
1391
1300
1131
808
328
-168
-712
-1042
-1123
-1049
-836
-589
-345
-83
53
-49
-310
-644
-906
-1121
-1355
-1522
-1568
-1494
-1377
-1326
-1324
-1331
-1321
-1282
-1241
-1214
-1164
-1044
-851
-730
-688
-666
-633
-516
-439
-353
-253
-160
-3
93
115
77
27
88
174
259
392
561
788
988
1119
1199
1202
1177
1163
1160
1106
959
836
725
600
470
429
502
651
918
1190
1404
1519
1541
1468
1221
806
301
-156
-563
-839
-944
-884
-612
-244
113
335
406
351
138
-229
-665
-1073
-1427
-1667
-1732
-1670
-1482
-1217
-1000
-837
-757
-793
-936
-1137
-1310
-1451
-1558
-1498
-1341
-1152
-922
-701
-524
-357
-174
-72
-57
-74
-139
-226
-282
-341
-270
-28
313
691
1020
1333
1591
1748
1819
1782
1657
1539
1430
1262
1049
920
916
954
1047
1200
1390
1616
1816
1922
1945
1882
1738
1547
1280
908
497
181
-24
-174
-300
-331
-235
-86
32
102
133
89
-4
-212
-512
-825
-1143
-1371
-1524
-1662
-1700
-1646
-1538
-1431
-1394
-1323
-1214
-1152
-1099
-1136
-1211
-1308
-1438
-1494
-1518
-1486
-1349
-1178
-967
-798
-683
-566
-494
-432
-399
-384
-303
-185
-49
135
293
460
612
723
851
916
936
1023
1148
1235
1249
1243
1213
1140
1092
1023
976
1022
1148
1310
1484
1631
1710
1705
1609
1366
1019
672
392
159
-29
-91
-78
-32
60
117
135
100
-45
-199
-398
-634
-841
-1045
-1217
-1362
-1467
-1543
-1592
-1618
-1613
-1505
-1399
-1289
-1186
-1164
-1164
-1238
-1364
-1482
-1557
-1590
-1494
-1282
-1023
-716
-452
-243
-65
28
69
87
76
118
226
350
547
754
924
1061
1170
1259
1284
1318
1415
1533
1643
1750
1833
1849
1775
1636
1496
1381
1266
1192
1188
1231
1322
1395
1452
1384
1167
937
694
444
184
-12
-66
-63
-48
-34
-54
-111
-203
-377
-581
-772
-964
-1095
-1155
-1179
-1220
-1255
-1285
-1343
-1415
-1534
-1621
-1634
-1596
-1488
-1391
-1260
-1105
-972
-926
-956
-996
-1060
-1089
-1058
-988
-881
-723
-510
-308
-159
-26
100
205
277
338
379
440
528
622
737
840
903
962
1015
1059
1076
1095
1144
1224
1301
1321
1337
1318
1215
1103
986
947
949
954
1023
1046
1026
934
752
548
332
111
-108
-278
-397
-452
-476
-496
-521
-573
-628
-698
-816
-965
-1069
-1193
-1318
-1392
-1438
-1404
-1422
-1427
-1356
-1327
-1265
-1226
-1154
-1076
-1033
-974
-927
-887
-883
-857
-780
-650
-483
-299
-98
75
206
285
310
295
288
307
375
492
629
836
1031
1169
1271
1333
1389
1395
1375
1382
1405
1443
1454
1479
1484
1450
1404
1324
1256
1200
1125
1085
1050
983
926
855
773
641
412
192
10
-154
-262
-313
-341
-371
-437
-540
-661
-843
-1044
-1196
-1330
-1372
-1365
-1351
-1280
-1214
-1203
-1244
-1343
-1448
-1549
-1635
-1623
-1534
-1365
-1154
-947
-758
-632
-537
-465
-460
-459
-435
-381
-276
-148
-7
159
342
500
629
695
774
860
914
971
1027
1125
1180
1230
1258
1273
1290
1294
1326
1327
1331
1327
1307
1242
1119
984
857
771
689
623
590
594
589
530
429
268
62
-144
-345
-528
-673
-766
-809
-806
-803
-817
-879
-1005
-1155
-1324
-1475
-1598
-1650
-1603
-1530
-1431
-1331
-1266
-1222
-1223
-1258
-1304
-1318
-1287
-1209
-1074
-904
-712
-550
-442
-393
-391
-399
-391
-303
-160
4
226
467
659
781
873
911
935
950
964
1015
1075
1194
1310
1418
1516
1539
1514
1466
1402
1340
1295
1271
1291
1338
1365
1383
1326
1204
1064
900
743
591
471
405
360
307
256
178
78
-59
-224
-395
-572
-688
-759
-799
-812
-827
-841
-880
-935
-1030
-1149
-1252
-1334
-1363
-1350
-1303
-1243
-1155
-1047
-992
-976
-965
-944
-895
-851
-785
-682
-584
-478
-383
-292
-192
-96
2
108
233
336
400
494
574
627
693
769
870
935
982
1041
1074
1098
1100
1105
1116
1085
1063
1040
988
937
886
841
790
725
687
625
529
423
303
195
84
-32
-134
-220
-318
-410
-494
-602
-707
-791
-865
-902
-921
-943
-974
-1017
-1051
-1110
-1179
-1219
-1243
-1269
-1263
-1233
-1191
-1113
-1051
-968
-897
-864
-815
-794
-760
-694
-588
-457
-319
-181
-72
32
123
190
250
344
457
560
653
753
839
897
959
1012
1050
1077
1118
1189
1230
1256
1298
1320
1317
1278
1215
1125
1031
952
894
853
824
795
770
723
664
590
482
377
260
127
21
-45
-104
-189
-292
-358
-419
-535
-647
-710
-758
-814
-867
-909
-957
-1000
-1017
-1021
-1020
-1020
-1040
-1012
-974
-975
-964
-930
-863
-789
-723
-667
-631
-604
-572
-511
-444
-375
-299
-208
-86
14
109
204
307
394
458
529
604
672
728
804
859
889
915
935
950
970
986
1013
1036
1040
1019
962
903
841
774
713
660
606
557
498
437
388
322
259
207
146
47
-53
-148
-262
-370
-442
-499
-584
-635
-650
-688
-777
-838
-843
-869
-903
-930
-946
-964
-970
-954
-926
-928
-954
-949
-948
-931
-887
-831
-779
-708
-666
-644
-617
-573
-497
-436
-350
-247
-149
-91
-36
30
70
110
160
240
311
373
461
520
559
596
645
670
670
694
719
738
774
832
858
852
878
897
869
811
744
683
615
570
542
516
524
528
508
469
418
366
281
201
152
91
35
2
-8
-31
-87
-138
-186
-249
-311
-344
-385
-432
-429
-402
-376
-367
-355
-352
-381
-429
-460
-475
-507
-504
-454
-396
-327
-253
-206
-179
-183
-191
-185
-184
-173
-131
-74
-2
70
114
150
169
180
186
183
204
230
254
289
329
353
344
348
366
347
321
331
333
318
296
280
245
201
186
157
104
49
25
-4
-36
-35
-46
-80
-99
-116
-150
-194
-253
-307
-347
-373
-382
-378
-360
-325
-314
-317
-314
-326
-339
-361
-374
-357
-354
-356
-326
-299
-293
-281
-260
-254
-245
-213
-185
-167
-132
-84
-52
-24
2
19
28
38
62
78
102
135
151
175
196
227
269
279
282
291
299
305
294
281
289
295
299
314
321
314
310
292
268
254
237
225
208
201
179
147
128
127
123
104
111
118
114
95
69
33
1
-5
-5
-8
4
22
15
-15
-43
-65
-113
-126
-127
-154
-199
-216
-215
-233
-227
-231
-253
-295
-316
-314
-323
-321
-314
-289
-261
-251
-246
-243
-246
-242
-242
-242
-228
-201
-165
-130
-86
-30
-6
6
25
38
46
59
83
105
109
109
133
147
142
143
159
184
192
218
240
246
256
269
267
242
218
192
197
200
198
214
225
230
218
206
210
215
199
173
158
143
116
103
96
72
43
30
19
-20
-59
-72
-69
-69
-67
-68
-66
-76
-77
-87
-119
-152
-171
-163
-174
-194
-201
-207
-207
-188
-184
-191
-199
-193
-207
-249
-259
-247
-237
-211
-164
-137
-149
-151
-127
-133
-149
-149
-122
-116
-113
-78
-58
-54
-35
-6
1
0
27
51
55
46
58
73
72
123
170
164
139
151
177
159
140
173
190
173
193
214
189
156
147
154
118
100
123
121
103
110
125
104
87
99
95
39
19
42
12
-41
-45
-37
-72
-88
-43
-35
-70
-62
-35
-62
-93
-51
-11
-39
-50
-16
-34
-86
-62
-12
-23
-23
31
63
37
41
87
74
35
51
67
33
11
35
33
6
26
72
57
24
49
46
-10
-26
12
3
-36
-14
12
-21
-54
-32
-32
-89
-82
-36
-67
-100
-57
-33
-85
-100
-52
-63
-103
-90
-59
-78
-99
-56
-42
-90
-92
-70
-99
-138
-110
-71
-106
-108
-57
-70
-121
-93
-35
-67
-90
-30
-5
-56
-70
-13
-12
-59
-23
35
3
-9
55
87
43
39
94
78
47
81
113
70
57
119
112
92
142
203
197
171
211
205
142
139
176
152
104
125
156
136
118
147
134
79
64
65
19
-25
16
32
-16
-22
13
-9
-77
-76
-70
-128
-153
-131
-136
-177
-173
-137
-162
-185
-166
-152
-188
-198
-158
-166
-181
-151
-128
-150
-159
-135
-128
-131
-98
-52
-51
-49
-4
22
2
7
61
62
42
69
96
66
61
104
123
119
140
177
157
129
149
157
139
115
133
132
114
116
107
85
74
110
120
115
132
139
107
68
61
17
-32
-9
37
38
20
34
25
-19
-34
-22
-30
-81
-90
-69
-91
-106
-82
-59
-74
-61
-34
-63
-97
-101
-107
-128
-120
-83
-75
-81
-69
-67
-96
-121
-102
-102
-125
-97
-55
-60
-64
-32
-21
-62
-77
-55
-73
-95
-84
-65
-70
-86
-69
-47
-40
-16
45
66
54
75
84
78
72
94
121
119
122
121
99
79
84
91
77
61
75
65
42
40
31
17
8
22
39
49
71
72
46
36
21
-4
-40
-41
-13
-8
-4
17
13
-7
-12
-6
-7
-31
-37
-33
-46
-54
-38
-29
-39
-53
-36
-31
-51
-45
-37
-35
-27
-9
-9
-20
-16
-8
-8
16
36
38
41
48
59
64
81
109
128
107
111
120
86
63
78
83
53
37
49
37
7
11
23
19
-3
19
43
38
27
23
7
-27
-33
-36
-31
-38
-31
-29
-55
-51
-47
-57
-68
-71
-53
-62
-61
-44
-55
-73
-82
-59
-71
-81
-53
-42
-58
-86
-94
-97
-113
-120
-113
-95
-95
-93
-91
-110
-100
-93
-70
-52
-45
-31
-34
-25
-26
-19
-1
17
40
30
38
58
61
59
65
79
61
50
51
58
77
72
87
103
98
97
104
100
80
79
69
55
46
37
43
56
75
82
89
87
77
61
36
42
25
7
8
9
10
-3
24
54
39
7
-26
-35
-55
-57
-44
-43
-30
-25
-20
-36
-56
-56
-60
-56
-55
-44
-34
-50
-46
-50
-56
-58
-57
-34
-41
-40
-36
-30
-21
-37
-46
-59
-48
-15
-2
17
36
42
36
24
10
-7
-11
12
36
44
61
81
97
104
98
94
90
78
74
68
49
30
31
18
10
20
17
28
37
44
38
30
24
-17
-37
-44
-57
-59
-60
-42
-44
-58
-60
-75
-79
-102
-105
-88
-98
-82
-59
-50
-51
-36
-28
-44
-45
-43
-33
-15
-8
1
-1
6
13
21
40
48
52
47
37
22
12
12
7
18
17
6
27
34
28
25
36
41
21
-3
-9
-18
-30
-19
-25
-36
-34
-10
9
6
16
28
30
20
16
7
-8
-6
10
18
29
33
27
16
5
-1
-13
-17
-13
-3
-4
-1
9
6
-4
-1
12
13
-3
1
5
-13
-13
-21
-23
-34
-41
-41
-44
-37
-37
-27
-24
-16
-5
-10
-2
22
23
8
8
18
6
-3
12
36
23
7
29
41
25
13
23
34
28
36
55
73
71
70
72
49
54
55
54
39
33
37
23
21
19
4
-13
-18
-21
-26
-25
-11
-21
-26
-31
-44
-35
-37
-31
-24
-29
-28
-17
-10
-9
2
9
7
3
-1
-10
-32
-41
-32
-21
-25
-44
-39
-42
-67
-73
-60
-50
-53
-42
-20
-25
-21
-2
4
5
4
11
-3
-7
-1
7
13
1
7
6
4
20
27
19
8
7
24
17
13
18
10
-2
-10
-12
-20
-17
2
10
-8
-10
-6
-9
-15
-12
9
16
13
16
19
-1
-15
-11
-11
-18
-12
6
2
0
26
37
24
25
30
14
2
13
25
28
14
-2
-8
-13
-19
-20
-41
-44
-18
-5
2
5
10
9
1
-4
-4
-17
-26
10
25
17
32
46
30
23
29
38
18
8
40
22
-14
-14
7
11
-7
23
43
34
28
26
28
12
8
11
-7
-13
1
19
22
25
27
12
10
28
36
18
5
19
14
-1
10
13
1
-4
-5
-10
-28
-25
-10
-17
-26
-14
-8
-21
-29
-23
-34
-58
-43
-26
-30
-31
-21
-23
-33
-14
-1
-1
-9
-11
-4
-24
-37
-30
-43
-47
-32
-17
-23
-29
-31
-38
-28
-23
-10
-4
-13
-5
3
2
0
0
3
-8
-6
-6
-20
-24
-17
6
9
14
28
33
21
21
26
10
-5
2
17
25
22
27
38
33
19
-5
-3
0
-3
7
19
38
42
22
2
9
13
0
-1
7
8
-5
-25
-17
-16
-21
-28
-15
17
19
18
12
18
11
1
6
8
8
2
11
28
27
19
22
27
25
15
19
23
22
13
-1
-5
-14
-21
-22
-21
-10
-8
-10
-11
-1
5
-3
8
14
16
21
23
24
24
26
27
26
19
13
15
20
15
22
20
5
1
8
9
-3
-9
-15
-17
-20
-25
-17
-22
-28
-23
-12
-5
-2
10
1
-8
-12
-31
-45
-40
-29
-23
-24
-26
-31
-27
-23
-30
-28
-31
-38
-42
-40
-52
-60
-62
-47
-25
-15
2
11
18
14
13
13
9
7
7
16
26
24
22
27
24
20
14
17
23
28
28
23
18
4
8
21
34
39
26
14
23
26
11
1
5
7
-3
-11
-16
-38
-56
-34
-22
-26
-28
-29
-27
-38
-35
-19
-24
-29
-20
-18
-28
-36
-33
-26
-11
-4
-6
-1
19
40
46
45
31
36
50
45
60
55
43
56
53
33
14
3
5
-1
0
16
19
12
7
15
8
-9
-8
4
-5
-16
4
18
14
22
39
38
31
18
2
-5
-6
8
12
6
21
40
37
33
47
36
9
13
13
-16
-25
-19
-19
-32
-36
-33
-46
-62
-60
-50
-57
-55
-44
-30
-23
-22
-9
-8
-15
-22
-25
-27
-30
-19
-21
-14
-4
0
11
18
16
-4
-14
-22
-28
-32
-34
-12
3
4
17
37
54
50
37
34
23
5
9
16
21
16
8
0
-3
-5
-20
-20
-9
6
7
0
5
6
-3
-8
-9
-15
-31
-32
-19
-21
-21
-17
-7
-15
-28
-21
-22
-16
-12
-17
-20
-11
-11
-20
-16
-14
-5
3
0
-1
8
5
-1
1
-3
-4
-4
8
25
30
25
22
15
14
15
18
19
16
26
26
34
35
24
18
20
39
48
34
30
26
18
16
24
30
24
19
17
9
-15
-17
-12
-18
-10
5
17
23
28
29
21
7
-4
-14
-27
-32
-26
-19
-21
-33
-28
-20
-14
-5
15
17
23
38
30
19
12
2
-1
5
-2
-3
-16
-28
-16
-2
9
13
12
12
12
1
-1
8
4
7
-2
-28
-41
-46
-51
-47
-35
-36
-32
-29
-28
-25
-26
-18
-22
-31
-26
-4
10
7
17
35
40
37
31
24
15
3
2
6
2
-6
-5
1
3
9
11
18
17
5
-5
-11
-18
-32
-42
-43
-36
-44
-53
-43
-39
-40
-39
-38
-36
-37
-29
-22
-19
-16
-2
3
-10
-10
-12
-16
-14
-10
11
27
26
19
10
-1
-6
6
6
3
4
-9
3
23
35
33
33
39
46
52
57
62
56
39
26
18
22
26
34
50
53
61
61
52
50
47
43
39
37
33
31
33
25
12
9
2
9
8
0
14
14
3
2
1
0
-5
-13
-16
-22
-20
-17
-8
1
7
-6
-30
-42
-60
-84
-92
-77
-71
-49
-34
-35
-38
-33
-18
-8
-20
-38
-32
-32
-48
-43
-24
-16
-23
-21
5
13
-4
-9
6
5
0
10
29
40
33
31
33
29
21
23
15
7
-2
-11
-8
-5
1
5
-2
-7
-14
-25
-24
-18
-25
-29
-16
-8
-7
-12
-4
-1
4
19
13
17
15
14
9
-3
-4
-1
-4
-3
2
-13
-33
-31
-15
-2
1
1
12
1
-3
3
0
0
0
8
15
16
19
25
17
-7
-8
-4
-10
-5
8
8
12
20
11
-4
-4
3
9
16
27
33
27
21
30
27
9
8
8
-5
-15
-12
-14
-16
-6
11
18
18
18
12
8
9
3
2
10
27
45
52
40
24
7
3
8
16
22
17
8
-7
-23
-39
-42
-28
-17
5
24
11
12
18
10
1
-7
-13
-21
-18
-21
-35
-49
-67
-65
-64
-66
-55
-42
-34
-19
-4
17
29
49
58
48
44
46
43
36
40
29
25
29
27
29
21
22
13
-7
-25
-54
-62
-64
-69
-51
-41
-44
-36
-28
-19
-26
-25
-23
-19
-16
-21
-34
-38
-19
-3
-1
8
15
8
21
23
24
26
21
33
37
27
36
39
39
29
22
18
2
4
2
-6
-10
-14
-21
-31
-31
-34
-38
-22
-5
-17
-29
-17
-11
-20
-32
-20
10
20
20
18
2
-2
13
24
22
17
8
7
3
7
21
22
21
23
18
0
-13
-24
-41
-38
-18
2
14
22
27
18
-5
-15
-7
-2
-9
-5
6
1
-6
-14
-10
-11
-8
3
-1
-2
3
16
26
38
53
49
27
15
3
-22
-19
7
22
33
40
57
55
30
8
3
12
14
9
13
18
27
31
31
20
16
27
23
29
31
3
-9
8
22
32
31
27
17
-6
-31
-35
-33
-32
-22
-21
-41
-55
-51
-47
-52
-57
-46
-40
-40
-56
-77
-83
-74
-60
-57
-50
-29
-18
-13
-11
-16
-16
-16
-12
-5
-4
-7
-8
-10
-13
-20
-26
-17
16
43
43
37
23
11
-1
-4
-2
8
6
7
11
14
19
25
20
3
0
-1
1
-8
-10
-1
4
15
18
15
15
23
29
32
32
33
31
30
31
25
23
25
31
31
6
-4
12
30
35
29
22
20
14
15
19
12
1
-6
-14
-34
-45
-49
-49
-52
-57
-52
-51
-54
-45
-40
-34
-31
-38
-24
15
40
46
52
49
36
27
21
19
12
15
36
46
45
42
32
21
12
18
22
19
23
18
10
-14
-24
-27
-29
-17
-8
-11
-17
-13
-15
-3
5
5
2
12
30
27
14
13
24
26
18
27
37
27
14
14
19
9
7
12
2
-17
-27
-20
-31
-46
-54
-58
-62
-63
-60
-53
-34
-16
-18
-31
-36
-31
-34
-39
-34
-28
-31
-31
-15
-1
2
10
32
25
6
12
2
-7
-11
-21
-38
-46
-26
-6
0
4
6
-2
-8
-3
-14
-25
-14
11
16
4
10
17
25
20
28
38
21
20
37
36
27
27
35
38
29
14
13
15
13
13
4
4
7
9
18
28
33
28
26
28
16
-4
-26
-23
-12
-7
6
30
35
19
19
23
3
-15
-15
-8
-15
-28
-44
-44
-39
-30
-17
-16
-7
-1
-20
-38
-35
-28
-32
-33
-22
-21
-27
-23
-3
-6
-15
-8
4
13
27
45
49
44
39
48
50
41
41
31
21
19
16
11
-3
1
14
12
23
24
12
1
-1
-2
-4
2
14
32
35
30
28
28
26
29
31
12
9
10
-3
-8
-6
-10
-15
-20
-17
-9
-6
-8
-16
-33
-35
-33
-40
-41
-42
-38
-30
-30
-36
-46
-52
-50
-64
-75
-64
-55
-59
-50
-32
-24
-19
-20
0
20
14
4
5
9
12
10
19
29
15
-6
-7
-9
-25
-20
-5
-11
-6
-1
-8
-2
15
38
50
58
54
30
11
1
-2
-2
7
25
12
3
8
7
6
-4
-1
-1
0
1
-5
-2
-1
10
15
4
3
-9
-19
-32
-29
-18
-17
-2
14
30
39
53
61
59
58
53
57
58
48
44
35
30
32
31
35
46
56
43
15
-10
-38
-50
-58
-58
-39
-37
-30
-11
-7
-16
-10
-11
-16
-9
9
4
-11
-9
2
0
-9
-7
-7
0
16
21
4
-6
-6
-6
-17
-11
-1
0
8
6
4
9
1
-9
-14
-21
-25
-26
-30
-31
-18
6
23
29
27
9
-5
-5
8
17
11
3
-2
-9
-19
-19
-24
-21
-9
-17
-37
-35
-24
-28
-52
-49
-35
-37
-45
-45
-21
-17
-25
-11
11
23
29
26
5
-4
-13
-18
-9
-2
11
11
11
15
0
-9
-11
2
13
12
18
27
27
14
23
34
26
10
-6
-13
-26
-35
-24
-14
-19
-17
-3
13
24
22
22
21
7
-7
-2
13
16
20
22
18
13
5
8
9
4
7
19
30
34
41
48
48
53
49
41
34
22
4
-1
-9
-25
-28
-20
-18
-13
-13
-20
-24
-27
-31
-27
-16
-3
13
13
21
24
13
8
6
2
-3
-5
-3
7
12
14
17
15
23
19
2
-3
-6
-5
-12
-19
-34
-46
-46
-58
-48
-44
-43
-15
-1
-6
-9
-9
-3
5
10
26
29
23
23
16
0
-4
-5
-1
20
35
37
35
38
42
39
29
23
17
3
-6
-6
-13
-19
-11
-12
-23
-27
-29
-32
-25
-19
-12
-6
-14
-27
-38
-39
-41
-41
-48
-51
-56
-55
-44
-31
-11
3
13
22
26
27
20
11
5
6
2
1
-1
1
12
17
20
19
28
29
15
7
4
-5
-18
-17
-14
-2
11
25
26
10
2
-9
-28
-42
-41
-37
-31
-30
-31
-31
-18
5
14
15
10
7
-3
1
13
13
15
26
33
32
28
27
31
36
49
58
49
39
32
31
37
36
31
32
19
2
-1
-8
-16
-22
-25
-24
-32
-29
-14
0
10
23
33
38
46
39
20
4
-5
-7
-4
3
20
40
46
32
14
3
-3
-4
-2
2
-10
-23
-15
-3
-5
-24
-36
-26
-28
-28
-25
-26
-27
-29
-24
-30
-32
-29
-20
-5
-1
2
5
-6
-21
-33
-40
-31
-14
-2
-4
-12
-13
-11
-6
3
14
22
23
20
12
0
-5
-9
-1
10
23
33
42
45
30
9
-3
-2
-6
-20
-17
-6
-13
-22
-29
-35
-42
-55
-61
-62
-57
-52
-34
-10
-7
-15
-26
-30
-32
-43
-42
-29
-17
-7
15
42
67
63
58
50
36
19
3
4
-9
-22
-5
14
13
10
14
13
8
-5
-16
-22
-24
-10
0
0
-6
-7
12
27
28
19
27
38
35
30
30
37
48
58
72
73
60
56
56
54
50
46
49
53
51
46
27
15
4
-15
-23
-36
-47
-48
-42
-31
-30
-24
-19
-20
-11
-1
-4
9
24
26
26
23
26
20
1
-14
-21
-22
-21
-23
-32
-41
-31
-17
0
3
-5
-8
-15
-18
-23
-31
-38
-46
-55
-53
-47
-41
-43
-47
-49
-53
-49
-39
-36
-33
-24
-16
-17
-27
-21
-12
-10
-11
0
15
19
29
35
49
53
46
26
22
39
45
43
44
46
37
19
15
6
-2
-6
-12
-19
-36
-36
-20
-12
-12
-3
15
17
4
-8
-13
-6
1
8
15
19
15
23
22
10
4
-1
-6
-28
-55
-67
-61
-61
-56
-41
-31
-10
-5
-9
-9
-27
-32
-28
-17
-3
-4
2
15
9
-6
-4
-1
10
30
38
49
62
56
51
56
62
64
84
101
99
81
64
69
72
57
21
11
21
19
-6
-35
-39
-34
-32
-24
-12
-10
-6
6
-1
-12
-18
-16
1
4
-8
-17
-17
-18
-21
-23
-10
6
7
6
-4
-15
-22
-9
7
4
4
5
2
-8
-23
-32
-30
-15
-2
-3
-15
-20
-33
-45
-64
-70
-55
-31
-5
3
-1
-12
-24
-28
-34
-24
-19
-30
-21
-17
-6
-1
6
19
21
35
31
33
36
18
16
16
19
18
16
26
23
7
-11
-10
-14
-27
-26
-16
-4
-2
-8
-20
-25
-23
-20
-14
-4
11
4
-8
-15
-18
-11
-1
6
13
22
25
30
32
16
11
-3
-16
-5
-3
-13
-2
18
24
29
25
14
10
7
14
12
7
-8
-15
5
19
28
27
20
17
20
13
-5
-18
-24
-20
6
22
13
-3
-14
-24
-36
-31
-16
-5
13
25
14
-11
-31
-39
-24
-8
-5
2
4
6
5
0
-13
-18
-3
14
23
10
2
24
37
51
70
73
71
76
62
35
12
1
7
13
20
30
22
18
23
14
-2
-8
-21
-33
-38
-38
-42
-52
-44
-32
-33
-32
-41
-39
-31
-27
-12
7
14
16
14
-4
-24
-27
-11
3
2
-8
-10
-3
-1
-6
-28
-54
-68
-72
-68
-58
-53
-32
-7
-4
-5
6
10
2
3
7
13
10
0
0
11
14
12
13
8
3
2
-1
-10
0
19
28
21
26
37
35
35
33
30
32
21
10
17
32
38
25
13
20
15
-2
-2
12
7
-10
-16
-23
-38
-50
-44
-17
1
7
13
15
12
0
2
-5
-11
-15
-11
2
13
26
25
20
23
12
-8
-20
-26
-38
-37
-28
-35
-40
-53
-50
-48
-55
-47
-29
-8
21
35
40
42
40
29
10
9
17
29
42
58
69
60
64
75
69
51
37
32
19
10
26
35
25
23
13
-10
-23
-17
-5
-9
-25
-46
-61
-79
-87
-76
-74
-68
-54
-42
-37
-31
-21
-24
-21
-12
-4
5
17
51
60
37
25
30
22
6
12
22
21
14
15
16
8
1
1
7
6
10
16
5
3
1
-5
-15
-13
0
17
32
33
27
14
5
2
-14
-27
-32
-26
-15
-11
-6
-9
-7
-8
-15
-22
-29
-36
-55
-57
-55
-61
-63
-51
-31
-21
-20
-24
-24
-29
-30
-23
-20
-21
-9
13
19
17
19
31
34
25
34
38
34
27
26
39
46
45
44
40
27
12
2
-10
-5
-5
4
24
25
27
20
18
20
17
10
6
-3
-12
-6
6
16
14
19
27
21
13
10
8
-19
-31
-10
-2
-3
3
16
6
-17
-28
-34
-25
-11
3
23
23
19
14
3
-8
-14
-23
-29
-27
-30
-29
-16
-1
4
10
11
17
21
22
27
20
11
26
45
45
47
54
43
31
15
-17
-47
-53
-46
-41
-33
-21
-20
-35
-44
-49
-44
-43
-45
-35
-19
-10
-3
9
10
6
19
39
42
31
13
8
1
-20
-36
-33
-17
-16
-19
-6
7
0
-13
-12
-9
-11
-6
-2
12
13
5
18
20
14
6
13
26
20
2
-3
0
-3
-1
5
18
37
32
21
19
10
5
-5
5
16
5
8
12
8
-6
-23
-22
-25
-40
-39
-33
-36
-44
-43
-43
-41
-22
-14
-1
3
4
17
9
-1
-6
-9
-9
-11
-10
-8
-7
-4
9
16
21
30
39
39
23
8
2
7
10
-7
-15
-4
15
32
30
16
7
2
-4
-7
-11
-3
20
19
1
-11
-4
12
21
38
43
41
45
44
38
33
36
41
35
37
40
33
27
20
-6
-26
-29
-26
-22
-21
-22
-23
-17
-16
-25
-33
-44
-57
-53
-48
-52
-41
-21
-12
-7
-15
-18
-21
-26
-21
-14
-14
-4
0
-1
6
2
14
30
23
15
17
17
13
12
15
25
35
34
42
40
28
30
26
19
19
11
6
3
-5
-7
-16
-27
-27
-29
-27
-27
-25
-30
-41
-45
-48
-43
-39
-18
-3
-4
2
4
8
2
9
17
24
13
-7
-25
-45
-48
-34
-19
-10
-2
-11
-13
-13
-21
-38
-57
-61
-60
-53
-42
-32
-22
-21
-13
1
12
22
29
41
31
21
28
44
62
65
67
76
77
70
56
43
53
57
48
34
26
17
14
18
12
7
-1
-4
-9
-3
11
20
20
27
29
10
3
20
34
27
10
11
22
21
3
-8
-8
-16
-26
-33
-34
-27
-13
-13
-18
-7
-7
-16
-14
-3
-2
-23
-32
-26
-26
-27
-17
-16
-22
-20
-21
-16
-15
-23
-19
-25
-18
-1
14
22
15
5
-9
-11
-15
-11
-3
-4
5
12
-4
-20
-28
-30
-34
-34
-19
-4
-4
-1
16
18
15
19
19
4
-11
-12
-13
-19
-16
1
16
16
17
29
39
42
36
23
9
-7
-12
-6
10
22
28
20
2
-14
-25
-27
-27
-24
-22
-24
-17
-10
-3
-3
0
6
-2
-15
-21
-24
-38
-41
-41
-45
-44
-38
-30
-21
-13
-17
-18
-14
-8
3
11
18
23
18
13
20
22
11
9
26
33
21
26
36
37
34
43
59
56
42
43
49
42
25
11
4
-8
-19
-12
-3
-2
-4
-6
-2
2
1
-1
10
20
26
33
50
56
47
55
56
47
37
30
42
38
21
11
22
30
7
-11
-12
-24
-27
-21
-25
-33
