12
-1
-25
-46
-53
-48
-42
-22
-7
-10
-18
-20
-18
-17
-17
-19
-18
-29
-32
-26
-14
-9
-9
-8
-4
-4
3
10
0
-17
-34
-25
-8
-1
-5
-15
-21
-36
-48
-48
-43
-32
-30
-29
-18
-15
-21
-28
-29
-19
-13
5
21
39
51
46
47
43
46
47
42
34
19
10
12
16
9
-7
-25
-43
-42
-39
-31
-13
-6
-5
-5
-2
-2
-6
-11
3
12
6
2
-3
2
-1
-3
3
10
25
39
45
44
40
15
-14
-26
-30
-34
-33
-18
1
19
27
28
25
11
0
5
11
17
20
22
21
20
16
30
40
34
34
20
-2
-25
-37
-44
-61
-69
-58
-48
-40
-33
-11
5
-1
-3
-8
-15
-20
-26
-29
-23
-15
-12
-11
-7
3
0
8
18
11
2
-3
-10
-19
-19
-1
22
42
48
41
43
48
55
52
43
42
51
61
56
43
18
-3
-13
-19
-15
-16
-17
-17
-13
-16
-22
-12
0
1
-4
-1
-2
-4
-8
-11
-10
-4
7
17
34
40
44
43
40
35
23
15
-8
-24
-34
-43
-41
-39
-23
-7
-12
-12
-6
-6
-2
-2
-5
-13
-30
-38
-28
-30
-40
-40
-34
-35
-32
-14
5
7
2
2
1
4
7
5
-2
-15
-24
-33
-43
-47
-43
-36
-26
-9
1
11
21
20
7
-7
-18
-31
-38
-29
-16
3
16
26
41
46
41
36
38
25
13
11
3
-3
-9
-18
-22
-15
-10
-3
2
4
14
13
22
25
29
42
48
53
42
27
26
25
22
24
22
17
18
13
4
-5
-15
-16
-9
4
6
-3
-7
-15
-33
-37
-23
-10
-9
-11
-10
-8
-5
-12
-15
-17
-18
-19
-8
5
2
16
29
30
22
17
17
9
7
17
15
13
11
16
30
36
30
14
2
-1
-14
-19
-21
-22
-15
-6
-6
-21
-20
-23
-32
-29
-23
-12
-7
5
25
40
41
31
17
11
16
31
43
52
52
32
22
10
0
2
-7
-18
-27
-29
-39
-45
-42
-46
-55
-58
-50
-43
-38
-36
-37
-40
-38
-30
-23
-8
4
8
12
13
2
-7
-13
-20
-21
-19
-16
-16
-20
-32
-33
-16
-4
1
1
1
-9
-22
-16
-2
-4
-1
10
18
21
23
27
31
31
33
17
6
11
14
20
25
34
44
48
48
39
31
21
15
7
-7
-3
-1
-10
-19
-24
-30
-27
-18
-11
-6
-2
1
-2
5
6
0
5
9
16
21
21
16
18
22
21
35
56
64
64
59
46
29
20
11
3
6
11
4
-8
-15
-20
-19
-22
-13
-10
-3
4
2
4
3
-2
-15
-15
-23
-31
-23
-14
-15
-15
-13
-14
-5
0
7
9
-10
-23
-24
-19
-20
-34
-45
-48
-43
-37
-35
-22
-11
-3
9
11
-1
-5
-11
-17
-15
-4
9
25
44
50
34
10
-4
-15
-25
-24
-23
-23
-23
-17
-18
-22
-23
-19
1
24
33
25
5
-6
-12
-17
-20
-16
-1
13
19
24
21
15
9
-1
-3
0
-1
-1
2
-5
-16
-16
-10
0
20
43
61
57
43
43
39
38
42
26
9
-3
-13
-18
-30
-39
-36
-31
-16
-1
-3
-4
0
9
8
-2
-11
-23
-32
-35
-38
-29
-17
-6
5
13
19
9
5
12
16
10
3
-1
5
22
36
39
33
21
17
14
0
-9
-7
1
5
3
-1
-14
-20
-26
-25
-20
-28
-35
-29
-30
-42
-52
-47
-32
-12
12
24
29
41
42
31
15
-2
-4
8
22
34
44
49
47
40
29
33
41
42
46
37
28
23
20
17
21
32
29
14
-7
-17
-25
-20
-11
-7
0
6
-1
-10
-15
-21
-29
-40
-47
-54
-50
-49
-45
-44
-37
-27
-35
-38
-35
-24
-19
-37
-52
-54
-42
-27
-17
-2
10
12
4
1
1
-3
-6
-3
13
26
16
1
-1
-8
-12
-12
-20
-28
-19
-1
6
6
13
11
12
14
17
22
21
16
-2
-18
-22
-15
-8
7
26
45
57
61
64
46
28
27
20
22
28
37
44
49
52
53
49
39
19
5
-3
-10
-27
-39
-38
-37
-37
-33
-31
-41
-45
-57
-68
-73
-75
-71
-54
-34
-13
6
26
45
50
45
32
18
-3
-6
-4
5
13
19
39
46
35
27
24
8
-7
-21
-18
5
12
3
-6
-7
6
27
50
63
60
49
43
50
56
58
50
35
6
9
42
58
52
36
26
8
-17
-41
-50
-57
-77
-89
-93
-99
-111
-118
-116
-105
-94
-70
-35
-5
11
34
64
66
56
60
68
47
23
15
24
32
25
27
38
42
23
10
21
29
10
-9
-2
0
-18
-47
-75
-92
-109
-120
-131
-160
-178
-161
-153
-157
-153
-133
-106
-97
-98
-100
-94
-103
-140
-181
-200
-208
-212
-177
-102
-16
59
120
162
203
244
272
289
290
290
275
271
292
314
335
339
347
372
371
335
297
266
234
214
221
229
235
214
186
166
112
23
-53
-97
-147
-225
-299
-328
-327
-337
-352
-343
-324
-351
-391
-393
-387
-419
-477
-485
-447
-454
-465
-395
-288
-228
-170
-33
102
176
245
349
443
438
420
422
362
221
48
-105
-277
-478
-646
-782
-913
-1021
-1050
-978
-845
-672
-433
-133
198
525
883
1255
1574
1772
1947
2119
2175
2159
2124
2058
1890
1626
1366
1104
761
404
89
-210
-516
-834
-1093
-1347
-1624
-1855
-2023
-2183
-2329
-2392
-2348
-2230
-2080
-1852
-1514
-1130
-774
-375
84
538
863
1130
1402
1576
1576
1467
1358
1194
896
521
175
-192
-635
-1051
-1323
-1511
-1661
-1723
-1598
-1375
-1164
-872
-478
-45
334
716
1159
1531
1775
1948
2139
2261
2231
2168
2099
1961
1723
1470
1265
1017
740
448
176
-112
-435
-711
-938
-1153
-1368
-1538
-1644
-1694
-1695
-1639
-1526
-1370
-1186
-950
-688
-481
-282
-58
107
168
218
284
213
26
-148
-299
-500
-724
-823
-843
-888
-890
-753
-505
-251
15
347
689
991
1261
1461
1593
1649
1608
1546
1439
1289
1109
907
712
503
294
148
55
-23
-112
-208
-290
-397
-487
-520
-550
-638
-691
-681
-669
-666
-638
-547
-490
-486
-402
-224
-91
-57
36
233
286
189
165
203
131
-98
-246
-284
-402
-517
-546
-459
-337
-168
107
401
680
933
1176
1350
1462
1541
1564
1543
1442
1269
1056
809
472
114
-205
-494
-779
-1008
-1171
-1338
-1478
-1596
-1687
-1733
-1710
-1684
-1665
-1562
-1399
-1267
-1180
-1037
-834
-696
-602
-468
-314
-193
-134
-44
52
60
43
53
84
105
116
166
210
292
477
677
833
1071
1439
1755
1979
2267
2573
2702
2718
2754
2737
2525
2208
1900
1487
956
453
-12
-503
-910
-1221
-1514
-1744
-1880
-1971
-2030
-1968
-1819
-1677
-1529
-1342
-1133
-968
-808
-538
-403
-469
-467
-408
-493
-732
-805
-714
-816
-1062
-1142
-856
-605
-676
-576
-58
424
515
716
1304
1747
1760
1849
2335
2577
2311
2181
2300
2132
1633
1292
1082
608
-15
-411
-641
-1047
-1530
-1810
-1888
-2012
-2270
-2365
-2186
-1989
-1930
-1735
-1373
-1147
-1036
-853
-562
-346
-262
-80
160
219
165
221
281
188
153
419
735
734
807
1334
1911
1998
2008
2486
2919
2852
2655
2837
2976
2531
2058
1906
1721
1160
560
314
73
-434
-935
-1096
-1197
-1552
-1864
-1929
-1927
-2098
-2276
-2188
-2109
-2248
-2360
-2155
-1949
-2075
-2150
-1916
-1590
-1529
-1491
-1200
-931
-821
-699
-512
-519
-489
-137
185
198
360
957
1388
1419
1731
2455
2858
2780
2908
3480
3565
3046
2750
2789
2567
1855
1264
973
553
-154
-717
-915
-1188
-1648
-1892
-1834
-1928
-2252
-2316
-2000
-1845
-2040
-2001
-1636
-1526
-1693
-1656
-1367
-1311
-1496
-1504
-1320
-1221
-1220
-1140
-1013
-710
-144
192
322
800
1667
2100
1952
2301
3075
3281
2890
2946
3429
3189
2478
2225
2313
1902
1093
667
457
3
-556
-868
-1041
-1333
-1547
-1542
-1507
-1631
-1769
-1651
-1474
-1591
-1800
-1639
-1290
-1255
-1470
-1407
-990
-813
-1001
-971
-475
-160
-302
-305
197
795
846
687
1111
1903
2136
1932
2306
2984
2946
2483
2597
2973
2490
1738
1714
1715
907
-3
-152
-222
-926
-1688
-1821
-1806
-2226
-2539
-2397
-2225
-2322
-2387
-2107
-1785
-1742
-1802
-1633
-1402
-1436
-1586
-1529
-1313
-1350
-1562
-1400
-1028
-1015
-1220
-915
-75
376
309
701
1846
2620
2497
2618
3533
4097
3671
3407
3983
4037
3010
2329
2529
2325
1214
416
298
-46
-914
-1473
-1445
-1611
-2082
-2220
-1959
-1907
-2166
-2133
-1762
-1685
-1962
-1913
-1462
-1378
-1656
-1523
-975
-859
-1289
-1260
-603
-369
-840
-904
-88
559
386
317
1137
2059
2174
2133
2773
3504
3470
3171
3462
3695
2979
2157
2062
1891
921
-30
-294
-530
-1376
-2287
-2510
-2572
-3073
-3475
-3259
-2916
-2961
-2966
-2443
-1802
-1681
-1814
-1423
-818
-799
-1118
-969
-491
-638
-1126
-862
-263
-441
-883
-346
689
829
513
1170
2465
2813
2510
3112
4260
4467
3892
4025
4692
4307
3147
2690
2756
1994
649
66
76
-517
-1604
-1997
-1832
-2176
-2865
-2944
-2483
-2488
-2861
-2612
-1902
-1692
-1956
-1714
-1028
-865
-1209
-1092
-361
-194
-720
-632
112
110
-618
-381
663
733
112
631
1960
2081
1527
2154
3242
3086
2316
2674
3410
2767
1658
1671
1997
1060
-288
-560
-481
-1266
-2324
-2395
-2124
-2678
-3441
-3372
-2887
-3020
-3414
-3139
-2515
-2424
-2615
-2227
-1528
-1332
-1360
-854
-173
-243
-606
-180
419
27
-472
329
1265
978
712
1836
3040
2823
2649
3877
4924
4417
3827
4463
4754
3556
2402
2440
2340
1023
-114
-129
-197
-1167
-1926
-1689
-1557
-2175
-2691
-2511
-2461
-3003
-3321
-3016
-2848
-3176
-3205
-2693
-2451
-2603
-2266
-1388
-1070
-1302
-917
-92
-106
-663
-131
980
893
422
1354
2887
2985
2488
3396
4718
4492
3554
3850
4424
3528
2229
2076
2179
1103
-110
-104
79
-744
-1572
-1225
-844
-1561
-2252
-1892
-1598
-2375
-2995
-2527
-2232
-2812
-2936
-2083
-1660
-2125
-1974
-794
-319
-932
-894
96
170
-919
-928
314
523
-274
172
1818
2267
1750
2586
4267
4507
3697
3968
4767
4140
2695
2161
2172
1146
-464
-1004
-799
-1406
-2485
-2469
-1828
-2083
-2764
-2493
-1835
-2085
-2673
-2368
-1843
-2199
-2558
-1985
-1523
-2085
-2348
-1469
-870
-1413
-1682
-794
-273
-879
-880
243
710
260
585
1919
2519
2392
3086
4290
4480
4006
4280
4704
4088
3025
2518
2325
1560
394
-173
-224
-756
-1620
-1885
-1699
-1909
-2505
-2662
-2461
-2553
-2804
-2712
-2487
-2562
-2564
-2214
-1970
-2034
-1819
-1237
-933
-917
-639
-166
-214
-505
-65
439
118
-19
932
1767
1586
1785
3029
3810
3395
3335
4196
4233
3138
2507
2705
2391
1118
143
-5
-304
-1233
-1827
-1680
-1662
-2158
-2356
-1886
-1702
-2066
-2071
-1675
-1751
-2123
-1784
-1117
-1290
-1710
-1197
-503
-776
-1246
-809
-281
-733
-1007
-217
206
-215
104
1483
2079
1689
2204
3647
4029
3245
3389
4319
4057
2961
2712
3124
2529
1085
422
508
-50
-1272
-1772
-1533
-1724
-2397
-2586
-2340
-2454
-2799
-2769
-2606
-2838
-2997
-2557
-2112
-2097
-1853
-1083
-526
-526
-466
-91
-47
-309
-65
313
179
229
1113
1844
1693
1854
2864
3425
2907
2707
3334
3257
2214
1576
1768
1502
385
-312
-169
-310
-1218
-1772
-1591
-1585
-2107
-2409
-2235
-2279
-2667
-2822
-2628
-2626
-2822
-2637
-2162
-1970
-1916
-1377
-618
-291
-254
49
424
500
715
1143
1419
1650
2233
2882
3110
3381
3911
4095
3683
3377
3542
3253
2303
1566
1341
912
-74
-898
-1060
-1054
-1582
-2187
-2291
-2157
-2288
-2648
-2776
-2675
-2692
-2879
-3015
-3106
-3046
-2779
-2509
-2302
-2052
-1617
-951
-422
-307
-186
209
703
1159
1414
1745
2381
2944
3058
3076
3613
4200
4076
3664
3879
4224
3717
2920
2647
2610
2041
1045
251
-114
-315
-771
-1434
-1883
-1872
-1877
-2358
-2888
-3048
-3034
-3178
-3400
-3275
-2796
-2490
-2487
-2190
-1599
-1314
-1355
-1208
-841
-666
-556
-66
552
668
869
1839
2875
3053
3080
3931
4554
3964
3243
3607
3879
2798
1638
1540
1501
482
-661
-1022
-1106
-1517
-1900
-1948
-2046
-2284
-2413
-2559
-2968
-3281
-3106
-2842
-3010
-3207
-2694
-1956
-1873
-1974
-1470
-728
-474
-546
-441
-175
86
405
618
771
1349
2230
2612
2530
2988
3873
3984
3293
3072
3595
3539
2527
1681
1487
1174
274
-526
-752
-770
-1088
-1526
-1764
-1898
-2028
-2233
-2585
-2943
-3015
-2997
-3207
-3432
-3188
-2709
-2583
-2547
-2031
-1302
-1022
-968
-664
-309
-144
160
698
864
903
1610
2502
2572
2419
3233
4270
4209
3639
3988
4659
4147
3079
2755
2790
2142
1090
551
395
44
-413
-663
-900
-1186
-1284
-1384
-1813
-2239
-2153
-2012
-2438
-2960
-2729
-2148
-2114
-2301
-1946
-1265
-954
-958
-852
-724
-561
-13
403
279
569
1722
2550
2312
2370
3479
4052
3296
2796
3297
3215
2040
1221
1171
826
-99
-786
-1066
-1408
-1875
-2072
-2057
-2211
-2397
-2377
-2320
-2578
-2798
-2622
-2505
-2751
-2806
-2286
-1831
-1781
-1626
-1085
-538
-237
-46
109
257
650
1099
1042
953
1605
2472
2464
2192
2837
3693
3509
2851
3022
3342
2668
1758
1471
1263
398
-572
-936
-1103
-1528
-1935
-2013
-2050
-2212
-2376
-2420
-2495
-2773
-2917
-2798
-2758
-2924
-2809
-2251
-1816
-1648
-1295
-627
-41
228
367
557
985
1519
1596
1459
1989
2968
3214
2912
3314
4063
3948
3357
3470
3796
3088
1978
1479
1145
353
-506
-941
-1251
-1691
-2059
-2146
-2194
-2359
-2462
-2401
-2231
-2201
-2312
-2383
-2416
-2506
-2510
-2278
-2013
-1787
-1445
-934
-443
-49
289
480
782
1416
1849
1902
2292
3204
3706
3605
3975
4796
4860
4261
4245
4519
3689
2324
1711
1388
357
-917
-1580
-2057
-2793
-3404
-3622
-3831
-4079
-4021
-3853
-3830
-3851
-3653
-3324
-3161
-3105
-2821
-2213
-1763
-1641
-1285
-547
81
385
607
891
1264
1818
2270
2323
2481
3292
3932
3638
3540
4298
4617
3813
3256
3602
3319
2022
1134
930
379
-591
-1152
-1431
-1829
-2207
-2410
-2541
-2700
-2779
-2790
-2871
-3110
-3240
-3097
-2976
-3151
-3277
-2934
-2517
-2410
-2288
-1783
-1118
-627
-307
47
690
1572
2229
2537
2991
3886
4626
4717
4888
5488
5666
5038
4535
4548
4012
2769
1888
1492
688
-543
-1351
-1827
-2479
-3160
-3557
-3783
-4081
-4334
-4427
-4437
-4529
-4677
-4628
-4268
-4039
-4164
-4004
-3348
-2813
-2669
-2289
-1418
-683
-328
76
860
1828
2412
2676
3334
4408
5115
5178
5486
6281
6538
5988
5642
5794
5261
3939
2989
2518
1629
250
-733
-1161
-1636
-2413
-3016
-3163
-3092
-3149
-3344
-3272
-3100
-3218
-3401
-3234
-2949
-2991
-3040
-2770
-2417
-2201
-1886
-1275
-672
-347
-148
336
1222
1751
1652
1859
2780
3354
3035
3138
4069
4423
3685
3258
3787
3754
2689
2008
2093
1750
593
-248
-458
-802
-1468
-1917
-2110
-2369
-2599
-2788
-2867
-2797
-2762
-2784
-2677
-2526
-2523
-2452
-2201
-2091
-2191
-2101
-1788
-1626
-1550
-1269
-894
-432
152
575
932
1688
2596
2934
3031
3735
4424
4141
3701
4084
4272
3417
2631
2509
2137
1087
306
12
-517
-1288
-1803
-1947
-2156
-2497
-2824
-3082
-3240
-3416
-3676
-3910
-3880
-3733
-3632
-3423
-3050
-2682
-2339
-1762
-1107
-694
-349
321
1302
1905
2023
2441
3447
4245
4215
4339
5178
5580
4921
4410
4781
4607
3331
2309
2053
1465
161
-768
-1105
-1603
-2365
-2940
-3255
-3504
-3660
-3878
-4090
-4065
-3902
-3844
-3862
-3668
-3378
-3198
-2957
-2510
-2106
-1714
-1013
-306
-17
190
947
1952
2279
2303
3024
4099
4421
4092
4458
5254
5113
4280
4131
4538
3999
2831
2250
2141
1508
394
-172
-320
-820
-1471
-1667
-1678
-2031
-2420
-2532
-2569
-2819
-3048
-3062
-3134
-3288
-3278
-3075
-2928
-2877
-2707
-2249
-1672
-1299
-1090
-758
17
921
1239
1451
2367
3487
3797
3675
4282
5025
4692
3867
3860
4074
3216
1979
1478
1266
401
-643
-1104
-1330
-1784
-2432
-2840
-2920
-2948
-3063
-3222
-3229
-3217
-3342
-3526
-3556
-3436
-3307
-3159
-2982
-2680
-2341
-1978
-1484
-1059
-777
-350
496
1311
1608
1968
2953
3922
4042
4076
4899
5530
5082
4511
4733
4772
3755
2715
2333
1892
881
-99
-623
-1016
-1497
-2046
-2495
-2705
-2789
-3068
-3457
-3576
-3478
-3508
-3716
-3759
-3501
-3201
-3059
-3009
-2787
-2246
-1652
-1179
-779
-324
286
1106
1766
1968
2323
3311
4194
4200
4241
5037
5431
4792
4226
4438
4272
3100
2133
1895
1465
424
-423
-814
-1240
-1780
-2206
-2513
-2771
-2876
-2969
-3160
-3249
-3048
-2917
-3045
-3020
-2747
-2500
-2398
-2301
-2052
-1689
-1337
-1032
-823
-624
-133
641
1110
1301
1966
3061
3599
3487
3947
4967
5135
4429
4172
4463
3921
2590
1923
1862
1227
94
-451
-526
-937
-1611
-2034
-2156
-2285
-2471
-2653
-2803
-2834
-2756
-2823
-3032
-3068
-2941
-2813
-2701
-2580
-2358
-1957
-1509
-1269
-1134
-739
-47
557
792
1101
1880
2754
3124
3108
3605
4344
4296
3742
3778
4124
3465
2306
1884
1839
1031
-236
-804
-968
-1502
-2246
-2586
-2640
-2790
-2967
-3115
-3210
-3197
-3058
-2996
-3072
-3090
-2867
-2526
-2458
-2503
-2231
-1623
-1138
-985
-669
59
946
1586
1936
2475
3404
4182
4308
4349
4932
5299
4718
4022
4092
4037
2951
1844
1539
1266
317
-577
-870
-1092
-1617
-2179
-2436
-2559
-2676
-2865
-3092
-3143
-3017
-2962
-3088
-3066
-2880
-2712
-2557
-2382
-2193
-1923
-1412
-956
-835
-671
-55
803
1296
1454
2061
3164
3795
3673
3888
4810
5110
4356
3865
4212
3954
2575
1651
1626
1169
-129
-957
-1034
-1344
-2062
-2519
-2581
-2701
-2814
-2820
-2833
-2935
-2864
-2621
-2547
-2624
-2640
-2304
-1908
-1917
-2035
-1695
-1014
-706
-765
-374
567
1331
1541
1812
2726
3802
4158
4020
4432
5086
4899
4137
3884
4068
3502
2296
1625
1450
822
-261
-1002
-1338
-1722
-2265
-2624
-2777
-2915
-3063
-3279
-3402
-3413
-3382
-3395
-3449
-3413
-3294
-3048
-2810
-2637
-2448
-2082
-1490
-1117
-1008
-578
332
1086
1352
1904
3055
3928
3968
4001
4766
5235
4634
3933
3991
3911
2767
1571
1201
881
-169
-1182
-1498
-1715
-2288
-2828
-2903
-2847
-2901
-2925
-2839
-2687
-2495
-2309
-2294
-2250
-2067
-1813
-1646
-1714
-1667
-1385
-979
-725
-616
-308
286
1098
1704
2032
2682
3720
4430
4474
4748
5561
5762
5019
4451
4659
4302
2934
1875
1567
1040
-285
-1331
-1641
-1957
-2656
-3284
-3449
-3498
-3561
-3718
-3874
-3787
-3514
-3271
-3297
-3273
-2986
-2647
-2485
-2451
-2221
-1807
-1329
-1100
-1018
-589
210
949
1243
1633
2605
3578
3877
3841
4450
5256
5124
4417
4277
4565
3909
2597
1851
1602
875
-351
-1173
-1535
-1883
-2499
-3048
-3288
-3238
-3100
-3181
-3321
-3205
-2783
-2556
-2667
-2655
-2312
-1933
-1896
-1903
-1638
-1198
-861
-735
-432
148
957
1633
1976
2521
3517
4479
4710
4780
5424
5853
5367
4667
4566
4353
3212
1942
1288
764
-361
-1500
-2054
-2507
-3078
-3660
-4046
-4251
-4273
-4204
-4273
-4247
-3920
-3489
-3316
-3230
-2834
-2293
-1951
-1848
-1602
-1096
-615
-298
-128
237
904
1549
1847
2054
2748
3656
4119
4115
4433
5177
5266
4498
3985
4141
3804
2511
1474
1165
632
-505
-1412
-1779
-2122
-2700
-3180
-3297
-3286
-3338
-3497
-3551
-3399
-3146
-3029
-3145
-3041
-2749
-2492
-2441
-2415
-2058
-1607
-1198
-1023
-844
-310
472
1187
1456
1886
2917
3988
4375
4464
5252
6038
5840
5115
4947
5030
4122
2743
2003
1668
792
-485
-1288
-1681
-2119
-2792
-3310
-3543
-3655
-3811
-4107
-4208
-3924
-3435
-3253
-3264
-2938
-2358
-1963
-1934
-1822
-1328
-808
-611
-572
-219
443
1128
1685
2094
2709
3593
4414
4736
4898
5483
5890
5544
4847
4582
4384
3406
2260
1616
1170
175
-1043
-1680
-2008
-2408
-3078
-3540
-3581
-3516
-3602
-3966
-4095
-3918
-3745
-3842
-3937
-3751
-3475
-3183
-3052
-2871
-2402
-1763
-1301
-1072
-566
269
1108
1630
2099
2888
3844
4644
4942
5171
5729
5947
5452
4725
4388
3943
2771
1593
868
268
-773
-1864
-2402
-2715
-3116
-3623
-3804
-3665
-3552
-3566
-3575
-3307
-2868
-2556
-2479
-2329
-2014
-1613
-1279
-1219
-1100
-853
-531
-322
-281
26
596
1189
1639
2078
2701
3458
4210
4653
4976
5438
5658
5352
4844
4641
4182
3114
2096
1481
848
-295
-1276
-1694
-2024
-2604
-3190
-3490
-3619
-3765
-3971
-4084
-4060
-4005
-3970
-3929
-3826
-3668
-3352
-2983
-2813
-2639
-2197
-1614
-1302
-1042
-400
409
1087
1688
2498
3392
4082
4757
5356
5816
6018
5884
5511
5075
4712
3947
2853
1954
1267
414
-678
-1541
-2022
-2381
-2889
-3356
-3499
-3463
-3564
-3775
-3759
-3486
-3246
-3241
-3090
-2650
-2370
-2271
-2159
-1858
-1484
-1137
-736
-466
-179
314
884
1481
2040
2784
3664
4436
5002
5373
5845
6170
6035
5633
5298
4934
3909
2646
1737
1032
35
-1155
-1964
-2503
-3047
-3727
-4280
-4428
-4399
-4527
-4710
-4506
-4181
-4103
-4150
-3923
-3416
-3120
-2898
-2589
-2237
-1958
-1644
-1224
-890
-422
195
812
1354
1940
2740
3486
4165
4682
5095
5610
5911
5718
5166
4837
4502
3568
2526
1831
1197
191
-881
-1471
-1857
-2364
-3017
-3400
-3432
-3411
-3656
-3958
-3803
-3579
-3580
-3739
-3565
-3224
-3146
-3059
-2789
-2337
-1974
-1572
-1121
-771
-177
613
1408
2074
2715
3562
4359
5104
5705
6167
6624
6719
6434
5948
5571
5031
3814
2548
1603
777
-481
-1815
-2534
-2937
-3471
-4130
-4409
-4254
-4116
-4333
-4471
-4085
-3592
-3467
-3536
-3229
-2777
-2646
-2537
-2180
-1710
-1404
-1150
-863
-575
-131
336
800
1255
1821
2515
3077
3699
4265
4756
5236
5430
5221
4864
4777
4344
3209
2169
1552
921
-264
-1353
-1796
-2109
-2622
-3262
-3494
-3373
-3360
-3690
-3919
-3599
-3303
-3397
-3531
-3192
-2843
-2816
-2732
-2473
-2060
-1728
-1449
-1175
-802
-143
501
1073
1693
2453
3268
3942
4658
5259
5711
6064
6106
5804
5354
5168
4567
3410
2470
1902
1211
-37
-1002
-1378
-1707
-2304
-2918
-3092
-3102
-3223
-3552
-3681
-3400
-3312
-3524
-3661
-3361
-3141
-3277
-3246
-3081
-2783
-2418
-2074
-1832
-1574
-817
-38
509
1126
1966
2832
3492
4310
5021
5532
5909
6003
5733
5262
4948
4141
2871
1862
1186
350
-965
-1939
-2442
-2852
-3353
-3804
-3810
-3677
-3654
-3928
-3992
-3625
-3404
-3513
-3545
-3090
-2752
-2726
-2596
-2342
-1965
-1559
-1172
-898
-587
19
577
1083
1641
2311
2857
3391
4153
4659
5039
5397
5585
5346
4951
4862
4280
3158
2175
1687
1134
20
-850
-1244
-1448
-1880
-2404
-2497
-2342
-2380
-2783
-2855
-2542
-2506
-2846
-2988
-2648
-2569
-2729
-2743
-2486
-2135
-1878
-1451
-1142
-738
-167
323
941
1585
2253
2787
3394
4125
4493
4859
5294
5404
4995
4539
4372
3642
2506
1591
1002
221
-975
-1776
-2199
-2497
-3036
-3540
-3552
-3358
-3264
-3535
-3510
-3191
-3093
-3245
-3280
-3019
-2974
-3039
-3050
-2923
-2593
-2199
-1782
-1485
-969
-245
325
931
1739
2574
3157
3772
4523
4969
5265
5617
5794
5411
4904
4750
4147
3049
2047
1366
540
-664
-1546
-2013
-2397
-2966
-3446
-3514
-3398
-3391
-3549
-3418
-3138
-3098
-3255
-3269
-2975
-2805
-2732
-2620
-2367
-1947
-1537
-1129
-733
-115
489
856
1352
2065
2703
3058
3608
4335
4629
4754
5093
5305
4851
4281
4081
3466
2269
1243
704
-29
-1112
-1854
-2108
-2319
-2849
-3215
-3126
-2909
-2853
-2939
-2728
-2389
-2302
-2413
-2415
-2272
-2245
-2276
-2359
-2371
-2220
-2003
-1850
-1676
-1054
-334
191
836
1697
2382
2808
3590
4484
4842
4964
5426
5813
5444
4906
4884
4568
3554
2515
1914
1206
38
-952
-1602
-2145
-2800
-3361
-3561
-3596
-3687
-3872
-3803
-3537
-3512
-3643
-3647
-3410
-3266
-3202
-3051
-2841
-2511
-2162
-1752
-1406
-906
-228
330
1054
1992
2764
3261
3954
4867
5239
5161
5358
5573
5135
4427
4249
3993
3031
2015
1442
820
-300
-1277
-1797
-2149
-2741
-3377
-3513
-3387
-3329
-3512
-3486
-3151
-2993
-2972
-2980
-2809
-2647
-2549
-2406
-2325
-1998
-1549
-1199
-935
-541
123
601
1068
1774
2368
2726
3166
3895
4180
4043
4336
4698
4419
3761
3572
3475
2663
1624
1044
601
-347
-1356
-1878
-2068
-2429
-3065
-3317
-3077
-2949
-3223
-3306
-3000
-2925
-3101
-3079
-2715
-2508
-2482
-2242
-1996
-1759
-1483
-1114
-706
-367
27
390
898
1617
2155
2501
3044
3829
4172
4110
4437
4896
4677
4013
3749
3582
2746
1679
1036
595
-166
-1060
-1583
-1778
-2068
-2524
-2688
-2505
-2334
-2491
-2574
-2405
-2318
-2353
-2470
-2403
-2360
-2266
-2031
-1905
-1685
-1286
-775
-412
-94
422
809
1206
1807
2397
2811
3240
4000
4467
4469
4561
4886
4867
4162
3712
3547
2855
1725
929
663
-37
-1184
-1938
-2130
-2344
-3075
-3573
-3407
-3209
-3480
-3788
-3513
-3168
-3287
-3437
-3176
-2926
-2977
-2950
-2605
-2221
-1984
-1621
-1129
-702
-232
280
806
1438
2063
2486
2922
3627
4105
4122
4200
4526
4538
3934
3485
3491
3021
1898
999
640
183
-746
-1585
-1907
-2082
-2505
-2958
-3083
-2931
-2897
-3019
-3006
-2884
-2799
-2871
-2857
-2688
-2520
-2391
-2279
-1996
-1588
-1181
-870
-527
72
680
1055
1538
2241
2728
3018
3641
4361
4399
4180
4519
4776
4135
3330
3287
3143
2049
959
644
359
-634
-1618
-1847
-1948
-2553
-3111
-3075
-2836
-2968
-3271
-3171
-2869
-2797
-2934
-2878
-2583
-2373
-2263
-2108
-1838
-1397
-834
-365
53
613
1245
1613
1925
2599
3150
3331
3693
4339
4620
4398
4618
5130
4814
3954
3718
3756
2900
1570
893
668
-166
-1337
-1911
-2058
-2469
-3053
-3252
-3156
-3156
-3297
-3402
-3370
-3283
-3175
-3124
-3134
-3058
-2837
-2597
-2476
-2198
-1589
-1030
-752
-345
369
782
965
1565
2378
2704
2755
3279
3765
3460
3176
3582
3793
3140
2617
2838
2578
1442
618
548
150
-1018
-1851
-1918
-2048
-2671
-3120
-2995
-2781
-2840
-2996
-2938
-2839
-2876
-2996
-3063
-2964
-2800
-2580
-2486
-2380
-1851
-1167
-713
-326
366
1145
1504
1907
2688
3195
3331
3695
4372
4556
4266
4446
4818
4498
3811
3727
3747
2809
1687
1266
956
-10
-1117
-1505
-1598
-2072
-2703
-2924
-2825
-2829
-2992
-3037
-2874
-2775
-2807
-2777
-2632
-2519
-2384
-2206
-2022
-1693
-1222
-872
-607
-114
486
763
894
1436
2013
2117
2238
2830
3252
3006
3042
3687
3809
3118
2672
2828
2368
1182
422
206
-325
-1302
-1868
-1979
-2244
-2750
-2954
-2782
-2693
-2827
-2972
-2890
-2751
-2741
-2684
-2524
-2365
-2166
-1839
-1464
-1088
-493
225
714
1119
1727
2249
2399
2659
3233
3480
3387
3630
4144
4081
3755
4102
4511
4072
3450
3531
3434
2358
1295
935
564
-549
-1641
-1958
-2061
-2543
-3124
-3185
-2922
-2965
-3319
-3416
-3228
-3296
-3611
-3763
-3667
-3596
-3469
-3183
-2931
-2632
-2056
-1366
-959
-486
226
720
1014
1562
2175
2334
2461
3072
3453
3179
3204
3725
3750
3125
2937
3174
2685
1661
1113
988
304
-795
-1379
-1504
-1817
-2497
-2926
-2862
-2771
-3000
-3242
-3088
-2954
-2995
-3004
-2891
-2734
-2618
-2291
-1938
-1573
-942
-257
205
596
1232
1806
2000
2430
3193
3561
3557
3955
4621
4513
4177
4532
4831
4287
3579
3568
3308
2215
1258
895
465
-563
-1520
-1940
-2216
-2755
-3352
-3510
-3424
-3580
-3824
-3742
-3512
-3496
-3542
-3423
-3295
-3188
-2830
-2418
-2161
-1700
-1025
-540
-222
329
922
1090
1268
1953
2440
2328
2474
3284
3756
3504
3629
4337
4492
3887
3635
3879
3465
2472
1855
1586
980
-65
-825
-1148
-1480
-2017
-2528
-2701
-2654
-2736
-3064
-3235
-3143
-3092
-3253
-3385
-3173
-2791
-2564
-2466
-2043
-1250
-713
-475
45
818
1187
1132
1491
2104
2092
1875
2295
2853
2662
2394
2930
3397
2947
2483
2805
2817
1935
1157
949
674
-179
-968
-1239
-1411
-1800
-2241
-2431
-2465
-2457
-2546
-2693
-2672
-2489
-2432
-2651
-2733
-2398
-2017
-1934
-1843
-1260
-616
-401
-193
342
902
957
1044
1729
2158
1920
1934
2585
2829
2359
2524
3316
3311
2595
2525
3015
2591
1521
1103
1148
571
-510
-1080
-1138
-1403
-2063
-2507
-2484
-2461
-2712
-2950
-2893
-2773
-2807
-2897
-2817
-2601
-2380
-2155
-1936
-1527
-976
-503
-236
111
690
989
1069
1485
2118
2186
1976
2455
3164
3084
2844
3429
4035
3617
2998
3273
3355
2356
1400
1291
1225
360
-611
-897
-907
-1298
-1944
-2173
-1914
-1873
-2322
-2614
-2463
-2379
-2665
-2936
-2834
-2639
-2507
-2413
-2247
-1789
-1193
-750
-528
-149
381
601
750
1260
1739
1799
1975
2595
2947
2779
3015
3706
3776
3232
3228
3626
3149
2049
1445
1299
658
-504
-1222
-1340
-1543
-2223
-2833
-2831
-2595
-2796
-3281
-3318
-2981
-2893
-3072
-3101
-2810
-2412
-2151
-2000
-1662
-929
-269
5
325
976
1450
1432
1654
2260
2396
2137
2405
3023
2930
2548
2914
3324
2900
2351
2563
2696
1842
913
712
589
-215
-1169
-1432
-1368
-1783
-2433
-2568
-2291
-2365
-2790
-2854
-2560
-2402
-2462
-2514
-2388
-2163
-1951
-1848
-1782
-1357
-721
-459
-407
-6
580
714
689
1213
1800
1798
1832
2487
2915
2616
2676
3375
3569
3009
2818
3200
2884
1832
1194
1115
622
-456
-1099
-1207
-1490
-2185
-2654
-2589
-2580
-2900
-3114
-2940
-2829
-2949
-2977
-2817
-2613
-2370
-2097
-1823
-1379
-714
-126
170
570
1230
1642
1676
1986
2622
2811
2599
2898
3554
3513
3160
3489
4013
3657
2925
2997
3102
2180
1040
653
520
-314
-1319
-1624
-1641
-2043
-2613
-2790
-2679
-2693
-2901
-2921
-2701
-2550
-2516
-2492
-2388
-2174
-1868
-1632
-1503
-1118
-537
-193
-68
285
853
1055
1075
1527
1926
1809
1881
2586
2952
2561
2686
3497
3581
2800
2596
2991
2505
1310
747
768
223
-857
-1425
-1444
-1663
-2176
-2418
-2365
-2357
-2507
-2646
-2663
-2666
-2634
-2575
-2622
-2673
-2442
-2083
-2002
-1953
-1466
-875
-651
-436
180
579
452
716
1449
1675
1500
2049
3055
3148
2855
3477
4205
3775
3091
3441
3660
2602
1435
1192
964
-170
-1339
-1677
-1710
-2153
-2714
-2820
-2697
-2794
-3049
-3158
-3074
-2950
-2906
-2959
-3048
-2907
-2444
-2134
-2043
-1579
-775
-350
-232
242
876
977
958
1592
2163
2026
2108
3011
3530
3186
3390
4400
4630
3848
3711
4251
3805
2480
1789
1788
1191
-69
-850
-1008
-1294
-1893
-2294
-2314
-2262
-2358
-2483
-2509
-2450
-2321
-2340
-2611
-2716
-2381
-1998
-2044
-2034
-1281
-489
-413
-290
470
963
682
726
1498
1744
1185
1312
2255
2366
1842
2317
3288
3090
2282
2576
3158
2426
1304
1184
1388
563
-698
-999
-757
-1075
-1747
-1908
-1592
-1538
-1841
-1990
-1868
-1815
-1883
-2003
-2241
-2374
-2247
-2199
-2409
-2346
-1729
-1324
-1380
-1080
-332
-45
-240
237
1088
1099
947
1727
2687
2582
2347
3266
4033
3395
2699
3231
3445
2292
1240
1214
1113
-21
-1049
-1069
-987
-1440
-1871
-1790
-1653
-1907
-2225
-2321
-2382
-2465
-2480
-2589
-2827
-2812
-2462
-2304
-2356
-1985
-1315
-1122
-1143
-600
54
43
22
861
1568
1311
1283
2274
3022
2677
2809
4014
4445
3635
3403
4118
3837
2392
1629
1808
1271
-116
-845
-778
-1013
-1802
-2238
-2070
-1914
-2124
-2301
-2179
-2135
-2201
-2261
-2381
-2457
-2248
-1802
-1704
-1745
-1147
-357
-299
-452
181
923
729
533
1348
1861
1315
1275
2242
2560
1950
2160
3254
3414
2591
2606
3315
2876
1722
1352
1483
946
-243
-807
-672
-942
-1644
-2024
-1782
-1540
-1807
-2062
-1993
-1954
-2221
-2527
-2635
-2639
-2591
-2521
-2496
-2337
-1757
-1168
-1086
-845
-3
533
319
373
1196
1505
1087
1298
2236
2484
2022
2427
3395
3456
2878
3042
3531
3024
2000
1548
1553
950
-182
-750
-792
-1022
-1710
-2137
-1820
-1585
-1955
-2275
-2027
-1882
-2204
-2409
-2306
-2202
-2200
-2146
-2033
-1890
-1453
-1006
-880
-551
157
551
357
494
1233
1480
1169
1457
2255
2395
2025
2298
3059
3094
2520
2611
3014
2530
1571
1036
924
423
-603
-1262
-1279
-1416
-2140
-2579
-2315
-2110
-2388
-2522
-2132
-1994
-2212
-2214
-1995
-1913
-1902
-1677
-1509
-1424
-1047
-600
-532
-376
239
597
366
320
999
1401
1007
1027
1864
2323
1952
2040
3027
3412
2748
2547
3184
3059
1920
1308
1506
1202
48
-640
-455
-437
-1118
-1657
-1436
-1214
-1566
-2014
-1903
-1702
-1954
-2225
-2249
-2175
-2105
-2003
-1909
-1761
-1316
-773
-643
-601
-27
538
431
241
823
1479
1222
906
1615
2417
2231
2126
3122
3923
3372
2876
3584
3865
2765
1861
2062
1993
757
-249
-186
-150
-792
-1351
-1213
-991
-1345
-1854
-1932
-1847
-2080
-2511
-2773
-2797
-2840
-2895
-2888
-2854
-2565
-2048
-1785
-1822
-1440
-628
-388
-778
-498
522
731
207
556
1827
2281
1761
2168
3420
3556
2751
2912
3653
3168
2064
1788
1930
1210
18
-379
-472
-967
-1632
-1975
-1869
-1894
-2246
-2494
-2421
-2383
-2632
-2866
-2837
-2773
-2823
-2605
-2322
-2186
-1776
-1169
-877
-795
-241
347
239
19
637
1407
1119
811
1618
2510
2314
1995
2907
3886
3511
2925
3448
3893
2984
1907
1913
2131
1278
169
10
174
-320
-1105
-1112
-665
-918
-1546
-1505
-1248
-1617
-2067
-1898
-1737
-2126
-2258
-1842
-1769
-1956
-1572
-929
-894
-1030
-434
171
-58
-293
342
964
597
364
1299
2297
2044
1781
2909
3750
3029
2437
3233
3559
2255
1282
1670
1620
205
-725
-408
-465
-1451
-2056
-1743
-1579
-2093
-2388
-2060
-1937
-2251
-2327
-2130
-2247
-2446
-2195
-1908
-2141
-2113
-1276
-839
-1259
-1190
-190
180
-629
-698
680
1221
281
373
2114
2901
1994
2118
3917
4448
3205
3049
4279
4165
2627
2083
2554
1930
352
-120
121
-539
-1598
-1779
-1512
-1950
-2602
-2430
-2126
-2661
-3095
-2625
-2262
-2725
-2908
-2097
-1649
-2121
-2010
-946
-586
-1181
-938
105
103
-790
-573
688
711
-120
411
1922
2276
1579
2209
3774
3866
2909
3025
3945
3546
2282
2075
2484
1793
456
170
274
-416
-1324
-1527
-1573
-2214
-2681
-2576
-2684
-3290
-3469
-3093
-3175
-3705
-3654
-2857
-2598
-2874
-2335
-1253
-921
-1253
-734
386
529
-1
364
1571
1740
1175
1649
2813
3142
2624
3058
4208
4209
3417
3546
4371
3881
2600
2342
2572
1849
652
494
609
37
-562
-762
-899
-1271
-1554
-1790
-2108
-2431
-2583
-2673
-3109
-3367
-3134
-2771
-2865
-3102
-2470
-1593
-1452
-1638
-939
145
167
-214
287
1392
1548
1067
1631
2810
3117
2532
2867
4120
4329
3560
3432
4154
3800
2471
1874
1939
1372
86
-461
-629
-1160
-1637
-1873
-1913
-2037
-2040
-2050
-2287
-2546
-2673
-2677
-2983
-3292
-3211
-2928
-2931
-3322
-3123
-2378
-2146
-2364
-1947
-998
-787
-1163
-946
57
547
158
468
1593
2319
2110
2213
3465
4207
3891
3717
4352
4540
3630
2990
2807
2331
1357
612
157
-517
-971
-1347
-1872
-2177
-2195
-2172
-2444
-2626
-2355
-2044
-2073
-2382
-2365
-1916
-1690
-2147
-2267
-1499
-1075
-1408
-1484
-583
77
-230
-327
381
1180
1081
811
1392
2264
2565
2416
3001
3937
4122
3848
3842
4215
3973
3369
2986
2606
2148
1444
700
-177
-709
-808
-1412
-2252
-2472
-2106
-2300
-3112
-3181
-2509
-2406
-3150
-3305
-2555
-2301
-2856
-2985
-2076
-1466
-1729
-1682
-843
-156
-209
-137
341
646
767
934
1122
1297
1754
2114
2080
2304
2985
3491
3258
3087
3535
3586
2820
1967
1876
1802
867
-221
-551
-465
-1146
-2025
-2081
-1725
-1887
-2502
-2572
-2275
-2176
-2347
-2542
-2427
-2112
-1910
-2069
-2070
-1546
-1064
-1087
-1189
-715
-118
-20
-151
-72
401
776
505
239
809
1615
1613
1376
2097
3135
3131
2697
3131
3699
3239
2431
2180
2131
1425
439
-135
-440
-764
-1224
-1643
-1837
-1713
-1677
-1862
-1985
-1912
-1661
-1725
-2109
-2193
-1784
-1482
-1799
-1950
-1291
-642
-782
-979
-409
280
201
-271
-296
143
440
186
19
643
1514
1680
1501
2211
3362
3661
3274
3483
4220
4099
3141
2413
2237
1794
665
-411
-867
-1029
-1633
-2489
-2811
-2628
-2672
-3265
-3599
-3222
-2817
-3111
-3592
-3252
-2475
-2261
-2607
-2361
-1295
-661
-774
-611
326
1028
837
518
729
1174
1245
873
700
1252
1980
2001
1786
2375
3370
3646
3215
3311
3907
3754
2839
2157
2037
1667
734
-145
-549
-607
-954
-1605
-1933
-1819
-1661
-1864
-2129
-2053
-1715
-1687
-2119
-2265
-1861
-1541
-1919
-2225
-1613
-936
-1053
-1292
-722
48
31
-355
-223
345
612
350
192
755
1575
1803
1702
2269
3430
3928
3623
3640
4170
4183
3321
2492
2215
1872
825
-403
-1011
-1154
-1592
-2429
-2840
-2586
-2474
-2872
-3227
-3071
-2775
-2851
-3052
-3000
-2630
-2277
-2236
-2236
-1779
-1087
-867
-1003
-798
-231
-9
-322
-426
-90
134
28
-97
170
768
1233
1407
1648
2391
3224
3361
3197
3542
4043
3724
2940
2567
2446
1938
976
259
-31
-284
-832
-1491
-1615
-1379
-1564
-2071
-2072
-1650
-1674
-2034
-1985
-1599
-1484
-1567
-1373
-1041
-808
-676
-494
-191
36
79
66
146
144
-79
-189
3
56
-140
136
839
1128
1131
1640
2521
2782
2591
2808
3131
2887
2261
1785
1638
1313
583
-103
-519
-660
-988
-1635
-1909
-1731
-1771
-2182
-2416
-2200
-2022
-2228
-2382
-2207
-1978
-1888
-1926
-1837
-1495
-1269
-1286
-1199
-872
-572
-531
-484
-215
-75
140
662
918
1015
1564
2456
2858
2788
3391
4384
4475
3994
4124
4520
4095
3154
2583
2431
1898
822
2
-262
-444
-1114
-1862
-1950
-1780
-2068
-2563
-2636
-2448
-2475
-2689
-2804
-2764
-2607
-2453
-2555
-2602
-2220
-1866
-1956
-1967
-1550
-1149
-1165
-1233
-953
-712
-546
-131
245
485
957
1753
2282
2295
2715
3620
3942
3545
3517
4054
3794
2651
1932
2015
1703
454
-512
-631
-650
-1381
-2279
-2252
-1788
-1949
-2495
-2442
-1822
-1548
-1793
-1833
-1450
-1113
-1052
-1261
-1276
-889
-646
-958
-1333
-1031
-749
-1148
-1520
-1174
-719
-856
-746
-122
283
470
1033
1950
2252
2348
3161
3955
3928
3663
4092
4403
3733
2916
2719
2574
1540
396
19
-116
-792
-1825
-2112
-1845
-2059
-2726
-2797
-2271
-2082
-2257
-2308
-2002
-1734
-1559
-1504
-1629
-1425
-1073
-1099
-1374
-1149
-566
-635
-907
-512
61
26
-120
459
1063
1113
1263
1895
2374
2460
2922
3590
3768
3571
3789
4265
3886
3074
2710
2770
2225
895
127
55
-379
-1602
-2405
-2140
-2074
-2849
-3377
-2853
-2426
-2750
-2942
-2589
-2172
-2153
-2193
-2053
-1812
-1504
-1464
-1718
-1629
-1084
-1011
-1465
-1382
-727
-601
-1172
-1001
15
329
-26
355
1640
2231
1962
2472
3675
4048
3583
3788
4433
4092
3169
2755
2741
2027
903
400
139
-550
-1638
-2197
-2229
-2578
-3149
-3311
-3037
-2962
-3047
-2930
-2630
-2476
-2404
-2061
-1835
-1759
-1458
-1125
-938
-759
-445
-248
-181
70
432
516
347
678
1282
1321
1243
1941
2982
3092
2926
3797
4722
4472
3900
4307
4729
3889
2798
2525
2394
1372
52
-598
-860
-1480
-2512
-3083
-2992
-3029
-3513
-3786
-3405
-3014
-3081
-3215
-2965
-2627
-2481
-2413
-2395
-2126
-1667
-1475
-1481
-1241
-652
-294
-385
-232
319
567
344
492
1179
1471
1235
1640
2729
3112
2920
3465
4471
4618
4125
4330
4794
4277
3298
2839
2633
1830
669
-68
-409
-965
-1868
-2366
-2345
-2462
-2875
-2984
-2592
-2427
-2570
-2471
-2175
-2096
-2125
-1989
-1917
-1869
-1629
-1367
-1243
-1126
-878
-693
-685
-600
-389
-314
-440
-260
324
493
366
811
1793
2199
1989
2555
3650
3816
3169
3210
3862
3568
2338
1593
1634
1069
-375
-1395
-1457
-1589
-2586
-3379
-3237
-2961
-3227
-3505
-3120
-2575
-2394
-2445
-2210
-1722
-1497
-1479
-1409
-1127
-876
-913
-917
-642
-276
-162
-242
-46
444
724
534
534
1187
1691
1460
1450
2330
3070
2949
2966
3799
4375
3960
3640
4067
4106
3253
2398
2092
1661
485
-696
-1183
-1580
-2391
-3112
-3230
-3083
-3215
-3480
-3297
-2768
-2500
-2478
-2177
-1615
-1325
-1252
-935
-440
-243
-194
89
422
534
562
756
874
833
811
783
665
641
820
811
635
937
1589
1708
1548
2154
3127
3142
2593
2977
3689
3135
1941
1644
1785
801
-767
-1441
-1420
-1924
-3149
-3712
-3289
-3100
-3664
-3962
-3226
-2599
-2916
-3043
-2214
-1567
-1731
-1695
-1101
-667
-575
-414
-130
127
430
605
585
695
1039
1178
825
607
995
1301
893
591
1267
2083
1925
1612
2492
3531
3159
2545
3170
3747
2887
1743
1678
1706
666
-626
-1060
-1055
-1664
-2671
-2982
-2657
-2772
-3334
-3339
-2781
-2598
-2743
-2550
-2183
-2033
-1844
-1512
-1394
-1252
-738
-381
-434
-220
432
724
480
525
1026
1119
683
540
1034
1339
892
785
1674
2307
1895
1830
3018
3654
2838
2507
3383
3513
2231
1395
1585
1300
4
-1044
-1226
-1456
-2203
-2914
-3008
-2776
-2822
-3003
-2862
-2405
-2053
-1929
-1749
-1454
-1111
-799
-677
-604
-248
174
154
22
363
782
543
20
239
748
412
-321
-235
407
272
-386
-80
1060
1482
1101
1498
2722
3248
2887
3010
3806
3794
2934
2362
2237
1767
663
-282
-805
-1269
-1943
-2649
-2887
-2760
-2763
-2937
-2762
-2235
-1852
-1672
-1446
-1073
-721
-418
-239
-179
50
363
419
269
400
674
546
185
81
179
-16
-411
-603
-458
-276
-487
-577
-9
620
652
668
1528
2396
2339
2213
2798
3295
2792
2133
2032
1867
1085
102
-411
-751
-1336
-2049
-2469
-2525
-2685
-2893
-2824
-2656
-2594
-2450
-2163
-1994
-1879
-1509
-1090
-1018
-922
-454
-101
-114
15
532
833
617
498
823
979
531
89
200
502
294
-73
264
974
1174
1032
1441
2270
2556
2338
2513
2970
2864
2270
1898
1723
1213
396
-263
-764
-1288
-1832
-2290
-2526
-2588
-2559
-2529
-2446
-2192
-1765
-1446
-1413
-1254
-768
-345
-331
-316
238
722
542
368
863
1249
835
420
657
898
469
-43
-108
1
-14
-238
-271
149
725
919
942
1628
2531
2731
2539
2763
3146
2858
2187
1760
1512
965
151
-544
-993
-1214
-1674
-2298
-2401
-2143
-2131
-2394
-2238
-1731
-1556
-1610
-1402
-997
-876
-961
-948
-731
-542
-581
-618
-476
-321
-352
-415
-384
-359
-386
-494
-638
-732
-582
-219
-80
56
629
1465
1954
2081
2652
3430
3610
3332
3347
3654
3250
2340
1825
1667
1033
-48
-679
-946
-1292
-1847
-2221
-2229
-2093
-1956
-2015
-2109
-1876
-1462
-1383
-1598
-1473
-1059
-979
-1287
-1334
-946
-794
-1112
-1364
-1095
-804
-1101
-1433
-1208
-846
-897
-1044
-743
-215
204
458
808
1507
2323
2781
2877
3310
4079
4286
3835
3597
3752
3424
2468
1616
1237
898
82
-832
-1277
-1277
-1512
-2148
-2349
-1984
-1740
-1928
-2019
-1637
-1342
-1463
-1660
-1576
-1342
-1434
-1773
-1894
-1696
-1620
-1859
-1946
-1618
-1218
-1172
-1207
-902
-444
-171
-175
-62
278
589
858
1011
1227
1712
2272
2521
2597
3148
3785
3773
3469
3595
3864
3465
2741
2300
2075
1656
865
93
-333
-472
-893
-1547
-1746
-1532
-1635
-2144
-2244
-1968
-1927
-2180
-2386
-2257
-2058
-2164
-2505
-2495
-1894
-1509
-1638
-1476
-643
43
52
188
813
1281
1301
1184
1284
1442
1429
1270
1132
1197
1365
1467
1370
1299
1616
1995
1986
1818
2028
2348
2042
1374
1198
1319
782
-149
-591
-534
-736
-1462
-1807
-1525
-1432
-1849
-2218
-2037
-1838
-2157
-2632
-2698
-2487
-2494
-2728
-2871
-2524
-1957
-1789
-1707
-1182
-364
109
121
455
1169
1425
1104
1031
1444
1498
941
738
1118
1131
652
690
1224
1365
1289
1657
2134
2070
1940
2170
2134
1597
1160
1047
760
124
-427
-663
-874
-1292
-1627
-1523
-1385
-1589
-1725
-1561
-1484
-1748
-1895
-1892
-2100
-2235
-2046
-1941
-2010
-1681
-1094
-862
-661
88
877
1191
1484
2047
2409
2300
2128
2102
1917
1472
1135
1068
899
533
450
773
969
890
1248
2038
2289
2040
2214
2690
2589
2027
1765
1789
1411
636
85
-151
-323
-741
-1277
-1441
-1333
-1483
-1988
-2309
-2271
-2330
-2794
-3235
-3168
-2879
-2883
-3121
-2917
-2115
-1635
-1651
-1247
-256
428
475
721
1414
1666
1264
1028
1135
945
410
177
267
100
-163
103
586
609
726
1499
2217
2212
2143
2719
3076
2604
2039
2053
2142
1443
548
244
183
-346
-1237
-1518
-1313
-1534
-2101
-2328
-2127
-2086
-2343
-2615
-2631
-2372
-2222
-2299
-2236
-1651
-970
-807
-745
-102
756
1021
865
1054
1421
1299
694
229
229
-8
-645
-898
-601
-461
-645
-375
474
1040
1222
1906
2913
3281
3205
3511
4005
3806
3071
2727
2700
2062
869
99
-133
-719
-1882
-2533
-2335
-2502
-3322
-3638
-3269
-3280
-3717
-3726
-3319
-3128
-3013
-2573
-2174
-1816
-1156
-505
-141
262
934
1389
1309
1153
1249
1332
968
333
190
366
-154
-977
-812
-60
-76
-361
509
1836
2066
2063
3120
4211
4182
3906
4434
4872
4293
3444
3212
3028
2131
1013
460
185
-686
-1773
-2009
-1902
-2367
-2892
-2749
-2485
-2741
-2839
-2394
-2085
-2089
-1778
-1230
-988
-795
-346
36
66
68
383
583
384
217
322
250
-345
-724
-587
-696
-1331
-1498
-814
-589
-974
-678
411
911
569
988
2266
2749
2278
2335
3162
3190
2189
1654
1940
1722
513
-362
-412
-714
-1695
-2438
-2380
-2363
-2768
-2950
-2784
-2691
-2649
-2423
-2216
-2129
-1822
-1311
-1145
-1127
-700
-136
-25
-229
44
564
411
-80
66
640
492
-166
-147
331
133
-557
-447
441
535
-75
190
1184
1463
1053
1513
2714
3104
2772
2988
3683
3634
2960
2669
2720
2356
1550
1047
824
421
-178
-730
-1180
-1595
-1820
-1849
-1974
-2174
-2065
-1735
-1741
-1955
-1654
-1083
-1071
-1370
-1062
-463
-537
-941
-723
-268
-475
-880
-687
-280
-381
-650
-429
-143
-365
-741
-621
-157
-124
-365
-130
499
865
921
1367
2155
2585
2679
2976
3418
3432
3157
3003
2824
2349
1673
1032
357
-290
-839
-1474
-2080
-2412
-2485
-2595
-2762
-2628
-2189
-1853
-1828
-1724
-1208
-734
-776
-994
-704
-223
-345
-711
-518
-18
-4
-252
-134
187
229
6
-46
76
17
-220
-381
-281
-121
-249
-269
205
772
967
1204
2031
2862
3078
3139
3695
4161
3805
3273
3091
2832
2113
1205
520
-130
-897
-1648
-2255
-2654
-2873
-2925
-2911
-2822
-2604
-2360
-2243
-2188
-2005
-1736
-1723
-1967
-2018
-1848
-1805
-1994
-1938
-1448
-1165
-1213
-982
-438
-139
-219
-213
42
88
-200
-326
-172
-11
49
93
365
887
1412
1804
2294
3082
3789
4084
4255
4614
4772
4355
3746
3227
2717
1888
777
-93
-675
-1253
-2016
-2543
-2507
-2416
-2605
-2772
-2557
-2254
-2278
-2353
-2245
-2126
-2057
-2107
-2182
-2053
-1734
-1538
-1518
-1299
-767
-182
139
335
785
1389
1670
1507
1469
1782
1822
1362
1015
1218
1437
1101
845
1256
1847
2028
2123
2737
3460
3682
3682
3910
4026
3637
2987
2431
1897
1170
364
-403
-1113
-1655
-2175
-2708
-3016
-3124
-3157
-3289
-3448
-3439
-3281
-3198
-3366
-3451
-3207
-2969
-3137
-3229
-2754
-2246
-2150
-2003
-1334
-542
-202
-8
507
1109
1445
1456
1581
1879
1837
1488
1291
1334
1296
1137
1132
1308
1575
1838
2030
2257
2610
2923
2960
2928
3031
3008
2690
2243
1813
1354
757
57
-665
-1153
-1496
-2052
-2630
-2887
-2917
-3110
-3333
-3317
-3259
-3314
-3422
-3401
-3272
-3140
-2984
-2783
-2414
-1922
-1448
-996
-439
290
938
1350
1735
2218
2626
2683
2476
2422
2489
2158
1473
1023
954
776
300
61
361
762
941
1138
1661
2357
2725
2788
2919
3161
3164
2753
2187
1785
1401
692
-119
-685
-1053
-1568
-2248
-2639
-2713
-2925
-3251
-3345
-3211
-3025
-3000
-3029
-2831
-2540
-2368
-2311
-2129
-1679
-1243
-960
-593
-47
524
992
1284
1519
1829
2064
2035
1847
1752
1744
1555
1161
837
658
681
654
505
670
1155
1563
1713
2006
2640
2997
2813
2735
2924
2747
2137
1615
1322
922
195
-564
-1040
-1374
-1777
-2330
-2693
-2663
-2639
-2914
-3111
-2897
-2646
-2667
-2834
-2840
-2634
-2521
-2561
-2495
-2115
-1548
-1242
-1011
-404
373
888
1155
1581
2140
2422
2326
2162
2112
1998
1619
1078
671
425
122
-172
-304
-235
-30
127
356
693
1052
1432
1672
1860
2097
2169
1985
1742
1561
1269
808
298
-182
-661
-1098
-1454
-1816
-2068
-2203
-2433
-2722
-2858
-2915
-3039
-3127
-3045
-2872
-2690
-2430
-2101
-1671
-1129
-549
-7
605
1321
1829
2212
2657
3012
3091
2978
2882
2651
2185
1645
1201
804
342
-133
-451
-486
-470
-587
-443
47
457
634
926
1538
1994
2045
2041
2156
2164
1816
1332
973
688
185
-482
-926
-1250
-1733
-2321
-2682
-2779
-2939
-3157
-3203
-3052
-2876
-2748
-2586
-2321
-1889
-1391
-967
-509
93
756
1289
1686
2144
2603
2861
2844
2749
2719
2568
2168
1622
1199
833
278
-315
-714
-1011
-1392
-1661
-1607
-1391
-1197
-943
-480
0
355
755
1274
1662
1798
1914
2142
2158
1829
1460
1219
926
365
-174
-468
-791
-1286
-1709
-1798
-1847
-2068
-2178
-2030
-1869
-1864
-1726
-1368
-1067
-864
-599
-236
35
186
408
666
810
875
941
987
904
798
776
662
363
25
-159
-342
-649
-874
-940
-1013
-1195
-1276
-1143
-983
-926
-782
-317
185
446
686
1183
1624
1710
1751
1999
2126
1855
1531
1366
1135
708
261
-31
-273
-574
-820
-939
-911
-880
-887
-808
-680
-659
-690
-631
-631
-756
-849
-868
-963
-1135
-1126
-956
-857
-761
-548
-287
8
350
710
969
1165
1348
1400
1305
1133
884
554
172
-225
-574
-903
-1176
-1253
-1174
-1088
-923
-537
-61
363
795
1315
1744
1979
2167
2343
2383
2234
2077
1935
1722
1420
1093
842
602
329
21
-204
-344
-620
-984
-1279
-1537
-1802
-2043
-2258
-2411
-2475
-2423
-2339
-2220
-1867
-1339
-847
-401
122
693
1149
1428
1621
1845
1906
1676
1343
1047
711
208
-365
-817
-1152
-1446
-1686
-1783
-1662
-1388
-1128
-844
-342
250
673
1001
1465
1996
2223
2246
2364
2487
2411
2134
1900
1725
1464
1037
592
316
87
-281
-780
-1170
-1394
-1724
-2150
-2399
-2511
-2638
-2749
-2722
-2629
-2508
-2221
-1881
-1529
-1051
-473
16
423
887
1299
1533
1661
1716
1673
1554
1374
1082
721
389
19
-393
-705
-872
-993
-1129
-1136
-1051
-919
-700
-431
-145
249
677
963
1268
1683
1992
2063
2156
2359
2405
2258
2126
1992
1714
1330
888
410
-78
-602
-1225
-1797
-2189
-2576
-3047
-3384
-3508
-3571
-3580
-3463
-3225
-2882
-2392
-1824
-1269
-636
61
627
1095
1608
2073
2340
2486
2599
2630
2553
2386
2141
1850
1531
1179
806
551
392
127
-96
-128
-107
-132
-96
87
316
484
690
1000
1327
1558
1665
1818
2003
2038
1914
1819
1743
1510
1145
805
477
37
-434
-831
-1219
-1641
-2042
-2326
-2520
-2673
-2745
-2741
-2657
-2536
-2420
-2238
-2000
-1756
-1493
-1239
-1031
-800
-587
-428
-294
-131
20
14
-28
61
213
246
223
296
388
393
328
374
472
437
332
266
245
127
-69
-151
-115
-116
-208
-196
-29
68
134
350
645
832
945
1176
1403
1467
1454
1433
1347
1141
882
586
254
-57
-318
-517
-682
-789
-805
-800
-758
-672
-556
-378
-277
-228
-116
-7
13
-41
-41
24
15
-64
-36
129
214
224
351
569
754
860
956
1112
1223
1136
919
721
529
250
-149
-532
-831
-1098
-1379
-1597
-1616
-1497
-1373
-1182
-861
-470
-146
126
422
687
913
1079
1159
1181
1148
1028
835
641
498
330
140
3
-71
-138
-236
-371
-525
-652
-749
-889
-1025
-1100
-1174
-1281
-1378
-1376
-1307
-1211
-1042
-738
-337
45
438
854
1246
1585
1814
1989
2105
2098
1936
1663
1358
935
390
-133
-561
-1003
-1491
-1819
-1940
-2025
-2116
-2080
-1842
-1569
-1304
-945
-499
-80
249
569
970
1355
1603
1795
1998
2190
2274
2286
2313
2247
2031
1765
1504
1135
652
178
-280
-820
-1351
-1732
-2051
-2361
-2587
-2621
-2470
-2284
-2038
-1662
-1177
-664
-178
333
831
1202
1444
1596
1685
1658
1489
1238
953
636
275
-97
-449
-799
-1115
-1365
-1581
-1718
-1805
-1866
-1879
-1803
-1641
-1474
-1310
-1078
-765
-467
-171
238
757
1215
1586
2019
2495
2836
3011
3162
3262
3179
2901
2542
2174
1683
1010
342
-225
-788
-1386
-1866
-2143
-2374
-2593
-2677
-2630
-2521
-2374
-2160
-1926
-1658
-1355
-1054
-778
-542
-304
-44
193
376
600
865
1066
1155
1238
1417
1506
1372
1201
1112
962
652
307
50
-210
-524
-773
-900
-967
-1005
-957
-743
-431
-107
276
731
1203
1627
2025
2376
2580
2626
2586
2452
2176
1842
1504
1115
664
223
-165
-509
-833
-1094
-1261
-1417
-1599
-1750
-1829
-1881
-1952
-2021
-2046
-2046
-2071
-2054
-1936
-1780
-1650
-1467
-1132
-754
-447
-164
184
529
766
939
1105
1204
1219
1145
1045
942
781
566
343
185
59
-61
-124
-126
-105
-76
-50
-22
37
125
224
287
329
430
599
752
841
923
1047
1190
1318
1410
1475
1515
1464
1326
1188
1044
818
505
183
-138
-492
-867
-1219
-1558
-1861
-2105
-2306
-2441
-2460
-2374
-2291
-2185
-1952
-1614
-1318
-1066
-765
-444
-155
53
261
506
695
777
801
879
977
966
884
852
821
681
500
384
276
102
-118
-337
-547
-730
-850
-922
-930
-854
-750
-621
-389
-55
280
591
937
1304
1623
1874
2057
2210
2311
2270
2097
1898
1687
1372
934
511
150
-199
-515
-764
-941
-1072
-1154
-1190
-1189
-1102
-956
-835
-752
-645
-541
-519
-538
-510
-476
-501
-523
-478
-381
-315
-287
-212
-93
14
80
122
201
251
198
139
121
90
2
-101
-160
-204
-264
-314
-294
-163
3
146
287
492
749
964
1152
1366
1578
1711
1766
1788
1816
1787
1621
1403
1191
934
554
184
-92
-339
-635
-909
-1083
-1221
-1347
-1444
-1528
-1606
-1655
-1705
-1777
-1881
-1974
-2012
-2050
-2069
-1996
-1836
-1688
-1537
-1273
-922
-584
-273
71
428
717
943
1143
1297
1344
1286
1172
1007
781
545
328
94
-135
-302
-353
-358
-352
-253
-67
140
302
490
714
890
980
1029
1069
1008
872
758
651
494
280
83
-30
-134
-228
-203
-115
-66
-32
72
235
359
416
465
469
420
330
206
72
-65
-194
-299
-402
-491
-550
-570
-562
-553
-484
-351
-209
-112
-25
97
149
139
154
172
151
111
106
119
132
130
138
198
250
290
322
361
368
364
411
458
448
417
478
585
600
611
728
814
784
754
765
736
607
420
234
14
-294
-663
-1005
-1273
-1540
-1828
-2033
-2151
-2254
-2321
-2276
-2118
-1940
-1720
-1443
-1165
-894
-628
-381
-159
44
233
391
522
633
744
872
983
1073
1162
1282
1392
1441
1464
1499
1487
1388
1243
1074
855
596
305
27
-229
-474
-668
-834
-958
-1013
-997
-916
-803
-634
-430
-233
-48
167
399
557
651
720
779
806
785
763
736
689
624
554
552
550
534
579
634
639
591
553
487
334
144
-88
-365
-677
-983
-1257
-1532
-1818
-2070
-2219
-2274
-2298
-2253
-2105
-1929
-1761
-1538
-1262
-1010
-786
-565
-354
-183
-53
90
238
340
391
446
537
613
676
797
962
1079
1162
1314
1535
1706
1805
1934
2063
2113
2124
2140
2139
2092
1994
1848
1664
1444
1197
910
609
261
-109
-409
-682
-978
-1256
-1453
-1652
-1857
-1973
-1988
-1993
-2002
-1936
-1813
-1697
-1583
-1415
-1210
-1005
-815
-627
-437
-258
-84
101
273
382
436
491
554
592
628
660
651
607
571
551
531
481
431
427
414
373
321
330
389
406
403
394
369
337
314
299
246
165
79
3
-61
-123
-144
-173
-227
-264
-244
-166
-79
45
219
400
554
705
898
1076
1179
1258
1338
1371
1316
1221
1082
857
557
223
-112
-449
-835
-1259
-1645
-2000
-2348
-2630
-2805
-2873
-2921
-2934
-2846
-2700
-2500
-2251
-1937
-1579
-1223
-875
-547
-242
-1
196
395
568
690
789
888
985
1057
1119
1191
1266
1367
1496
1609
1681
1728
1767
1765
1698
1611
1557
1480
1338
1179
1028
873
699
526
388
268
122
-37
-173
-331
-514
-685
-822
-948
-1077
-1190
-1308
-1396
-1462
-1515
-1524
-1461
-1350
-1205
-1008
-789
-579
-362
-107
155
398
601
789
964
1100
1196
1252
1284
1304
1290
1225
1137
1030
891
754
645
556
459
364
285
235
171
77
2
-46
-97
-154
-173
-167
-168
-154
-131
-90
-53
-39
-34
-37
-45
-98
-159
-201
-242
-287
-321
-340
-379
-408
-389
-353
-326
-287
-233
-220
-253
-303
-342
-398
-520
-680
-816
-937
-1089
-1185
-1213
-1238
-1253
-1221
-1123
-991
-854
-679
-446
-202
26
243
461
629
742
842
904
917
916
941
965
945
917
926
936
900
852
824
778
673
530
391
234
22
-198
-359
-485
-637
-781
-843
-862
-881
-876
-797
-656
-519
-353
-140
59
195
313
435
493
450
390
365
288
171
55
-36
-114
-183
-234
-252
-251
-283
-285
-252
-224
-248
-311
-329
-357
-424
-469
-480
-498
-510
-436
-312
-205
-106
48
257
460
664
874
1103
1296
1430
1510
1550
1539
1458
1362
1271
1142
964
771
566
365
178
16
-135
-292
-438
-549
-644
-734
-807
-874
-930
-960
-937
-890
-837
-774
-680
-565
-438
-287
-150
-19
81
153
206
206
170
127
71
-11
-103
-195
-283
-358
-414
-447
-470
-488
-474
-430
-363
-297
-237
-162
-73
26
135
254
345
390
413
450
507
550
589
635
700
760
788
797
793
776
729
651
566
458
351
266
166
50
-78
-187
-288
-373
-419
-442
-458
-490
-495
-498
-515
-523
-507
-465
-438
-405
-368
-359
-377
-398
-420
-457
-505
-567
-612
-639
-667
-668
-651
-633
-616
-590
-541
-485
-463
-434
-363
-300
-252
-197
-120
-42
29
105
201
302
379
466
563
634
679
750
825
870
882
884
886
868
825
763
697
620
529
446
381
333
295
274
283
304
337
395
466
522
566
596
612
621
628
636
620
585
528
447
351
230
110
-24
-154
-258
-367
-491
-613
-710
-809
-906
-986
-1067
-1157
-1240
-1296
-1344
-1375
-1386
-1371
-1329
-1261
-1174
-1063
-909
-744
-580
-421
-278
-149
-55
11
89
180
275
396
521
598
650
705
763
804
825
857
900
947
986
1029
1090
1162
1200
1208
1213
1178
1107
1010
898
768
598
393
167
-65
-281
-474
-642
-778
-912
-1033
-1137
-1252
-1361
-1433
-1478
-1505
-1516
-1492
-1432
-1370
-1269
-1123
-964
-796
-623
-456
-294
-130
36
211
366
495
623
745
828
904
966
993
994
968
939
916
890
840
768
695
623
562
515
460
407
363
325
284
258
238
221
208
167
117
70
28
-26
-91
-144
-205
-267
-334
-397
-460
-515
-549
-582
-615
-641
-655
-637
-605
-559
-499
-450
-376
-283
-208
-157
-100
-47
-8
36
93
163
219
264
306
344
363
384
406
433
465
483
487
478
490
485
445
418
410
394
356
316
284
228
152
100
64
17
-47
-117
-177
-210
-233
-249
-245
-252
-272
-312
-353
-396
-441
-464
-471
-456
-453
-461
-473
-492
-503
-506
-502
-495
-458
-440
-444
-450
-461
-477
-468
-419
-362
-287
-219
-162
-108
-72
-35
20
93
167
242
329
408
464
513
550
601
659
708
746
771
790
798
802
802
800
776
714
646
604
542
460
393
323
232
137
51
-20
-98
-190
-252
-285
-290
-312
-332
-365
-411
-446
-478
-481
-491
-513
-543
-554
-562
-551
-508
-469
-432
-389
-345
-307
-279
-256
-219
-192
-181
-185
-159
-141
-167
-173
-133
-88
-72
-56
-26
15
30
45
64
87
119
138
173
217
253
289
320
350
368
375
401
411
390
387
393
386
370
364
363
360
348
340
341
327
293
253
231
195
158
117
88
60
30
16
13
-9
-71
-146
-195
-225
-267
-303
-331
-348
-355
-379
-405
-423
-454
-484
-492
-492
-492
-492
-513
-549
-552
-519
-463
-406
-362
-318
-264
-190
-108
-21
48
82
97
127
178
224
276
338
395
435
465
488
503
500
490
494
503
491
466
439
416
403
387
371
333
285
221
144
67
-4
-75
-134
-173
-200
-229
-261
-301
-343
-352
-337
-316
-309
-291
-255
-229
-196
-150
-120
-100
-69
-39
-14
1
18
40
59
58
45
47
55
60
61
60
55
44
25
16
14
4
-23
-50
-62
-72
-65
-57
-52
-38
-35
-34
-40
-46
-45
-59
-65
-68
-58
-59
-87
-105
-116
-107
-80
-50
-38
-26
-22
-25
-11
13
40
43
46
54
42
24
35
68
90
107
120
141
133
109
94
67
52
40
38
57
56
31
29
69
90
90
95
72
38
28
39
61
85
112
128
131
140
138
116
115
108
75
47
18
-37
-78
-79
-69
-72
-85
-106
-132
-158
-170
-169
-154
-149
-162
-152
-140
-129
-117
-91
-59
-43
-43
-39
-29
-17
-6
-4
-19
-44
-61
-60
-47
-18
26
63
90
105
117
115
89
74
81
100
100
86
66
45
26
12
0
-17
-28
-30
-50
-61
-79
-109
-115
-125
-135
-140
-147
-142
-140
-137
-122
-106
-78
-40
-6
34
71
96
110
127
137
130
128
133
122
108
97
89
88
103
109
96
91
75
45
20
5
-12
-9
12
11
-13
-30
-31
-44
-49
-36
-11
14
28
36
39
19
-1
-12
-21
-13
-12
-16
-8
-9
-38
-69
-78
-84
-95
-80
-52
-42
-38
-42
-43
-44
-46
-37
-27
-23
-19
-18
-22
-32
-42
-41
-17
12
27
53
76
82
75
82
98
95
77
69
66
51
36
28
34
49
40
28
38
38
18
-11
-16
-1
14
29
32
19
16
5
4
8
5
18
44
42
8
-12
-18
-34
-57
-62
-64
-74
-85
-99
-111
-109
-93
-84
-77
-77
-78
-61
-46
-48
-44
-24
-5
18
37
54
60
76
82
78
63
51
42
45
59
63
57
37
19
-1
-17
-11
7
0
3
13
1
-10
-19
-31
-54
-83
-99
-100
-95
-87
-103
-116
-127
-127
-118
-92
-56
-24
-3
15
26
15
-6
-15
-10
-1
11
26
49
62
73
91
112
115
120
117
118
117
117
126
129
110
87
63
46
28
3
-6
-15
-5
5
17
8
-29
-59
-80
-103
-120
-117
-102
-92
-85
-89
-104
-119
-125
-111
-90
-66
-58
-45
-10
-1
5
32
49
54
53
53
64
80
102
129
147
156
165
158
149
149
132
110
107
117
109
90
70
36
-10
-45
-51
-54
-51
-44
-35
-25
-41
-77
-99
-118
-134
-132
-88
-54
-60
-66
-66
-56
-64
-71
-65
-52
-41
-17
5
26
47
46
37
5
-30
-45
-34
-17
-8
-12
2
12
-5
-21
-33
-47
-59
-45
-26
-12
-5
-11
-11
3
12
10
13
25
16
14
20
5
-16
-42
-49
-48
-55
-57
-46
-40
-45
-31
-2
7
-12
-30
-41
-40
-22
-11
-6
-18
-39
-48
-34
-19
2
27
28
2
-30
-41
-32
-15
21
66
85
77
64
65
66
66
74
84
99
148
195
205
204
182
155
125
115
111
92
71
45
39
43
50
55
36
9
-16
-22
-11
-11
-30
-34
-34
-53
-63
-82
-90
-95
-101
-95
-88
-74
-72
-90
-107
-110
-97
-91
-85
-62
-49
-56
-56
-46
-43
-62
-89
-88
-61
-32
-12
-6
-4
2
24
56
76
82
62
36
11
-10
-14
7
48
89
116
115
95
65
56
64
61
46
31
13
-17
-32
-27
-8
9
18
32
27
-17
-60
-83
-92
-97
-114
-134
-135
-121
-90
-65
-46
-22
-11
-10
-19
-31
-31
-23
-21
-1
27
40
16
-14
-23
-25
-17
10
36
56
73
87
91
75
53
32
18
1
-5
11
9
-13
-7
23
43
55
61
64
66
59
46
40
41
35
16
-3
-21
-33
-24
-18
-27
-33
-14
9
-5
-30
-31
-38
-46
-39
-25
-21
-19
-11
-19
-27
-18
18
52
66
73
56
25
-4
-5
21
39
37
21
6
-17
-45
-50
-39
-26
-23
-28
-12
5
7
17
20
27
34
20
17
28
17
12
25
21
24
16
7
16
-3
-30
-34
-18
15
22
9
19
-4
-31
-31
-48
-37
-25
-29
7
51
48
51
36
-13
-31
-44
-34
-6
-16
-11
16
37
38
25
32
43
33
5
-38
-63
-68
-85
-70
-40
-46
-61
-50
-46
-33
-7
-20
-43
-77
-91
-81
-94
-73
-41
-19
34
69
69
62
56
31
3
0
11
29
41
53
71
79
69
59
52
52
70
85
80
69
58
36
-6
-42
-68
-73
-50
-43
-38
-19
-20
-19
-25
-69
-71
-63
-57
-21
8
24
20
12
21
21
3
-1
-29
-43
-15
18
39
40
39
34
26
19
13
-7
-13
-9
-18
-26
-26
-36
-52
-70
-65
-50
-43
-13
3
0
14
37
34
16
25
19
-14
-20
