-11
-16
-12
-4
11
19
15
15
19
25
34
21
6
-3
-9
-9
-2
14
28
33
51
65
65
62
56
55
39
18
-1
-13
-9
-12
-2
13
13
13
2
-1
-20
-44
-44
-43
-36
-31
-27
-12
2
13
12
9
8
-1
-20
-41
-57
-66
-67
-56
-44
-54
-49
-52
-62
-63
-70
-74
-80
-79
-72
-70
-59
-51
-51
-35
-25
-25
-16
4
-1
-16
-13
-23
-20
-16
-9
14
25
26
21
27
39
43
51
60
70
85
97
101
96
77
61
48
39
37
25
32
37
23
9
-6
-21
-44
-41
-28
-11
14
27
40
40
34
29
18
21
21
30
35
35
32
35
33
18
10
1
-14
-40
-50
-58
-71
-58
-47
-44
-40
-38
-37
-33
-14
-4
16
18
-1
-2
-24
-37
-43
-41
-31
-32
-24
-20
-8
2
16
38
43
32
19
-9
-17
-4
9
28
42
43
43
21
15
15
0
-7
-11
-8
-18
-18
-10
12
21
15
17
23
40
45
50
58
71
85
91
83
57
27
15
7
4
21
11
-16
-39
-55
-63
-66
-53
-46
-29
-23
-30
-31
-33
-15
-3
-14
-20
-21
-9
-5
-3
-2
-29
-48
-59
-48
-19
-12
-15
-29
-50
-65
-64
-55
-58
-53
-50
-42
-27
-10
7
27
43
34
33
27
17
-2
-17
-11
-9
5
18
32
45
46
42
16
3
-10
3
2
-38
-49
-57
-26
-3
9
17
-8
-18
-38
-12
19
30
57
42
23
-7
-20
-5
-12
19
26
-2
-10
-26
-19
-8
-24
-35
-22
-11
-3
10
8
0
9
48
74
74
75
68
51
44
38
30
56
57
45
46
35
19
9
27
29
10
-3
-34
-53
-40
-24
23
52
39
40
7
-29
-26
-14
15
52
85
103
78
42
13
-3
7
16
12
-1
-22
-51
-52
-21
-12
5
11
11
7
-25
-37
-38
-15
13
23
22
-17
-6
26
54
66
-16
-91
-153
-192
-148
-99
-58
-23
-64
-140
-234
-264
-188
-79
11
37
-17
-75
-87
-75
-45
-26
12
58
68
45
13
-12
8
64
96
79
16
-2
18
44
99
90
107
137
68
25
-50
-103
-13
81
163
153
59
9
-5
-10
34
93
104
66
-23
-111
-136
-77
66
152
140
70
-30
-62
-48
8
94
132
108
18
-48
-56
-88
-71
-71
-69
-57
-124
-214
-278
-262
-142
-47
-12
-2
-62
-138
-152
-136
-85
48
152
152
118
31
-58
-57
29
139
214
189
89
66
62
60
102
117
129
112
8
-47
12
61
120
111
12
-39
-67
-14
125
228
279
264
192
120
57
25
65
130
179
155
12
-136
-255
-208
-94
-5
34
-55
-133
-168
-221
-271
-311
-232
-49
76
110
-16
-153
-120
-4
130
196
143
148
171
89
-38
-121
-78
110
189
25
-165
-242
-207
-135
-119
-124
-117
-99
-109
-158
-203
-171
-18
112
138
33
-93
-71
26
111
186
144
35
-49
-123
-109
-25
-43
-29
96
170
128
-80
-306
-305
-118
111
163
80
2
-93
-112
-72
-70
-3
114
189
151
-55
-199
-125
61
242
289
226
168
30
-67
-128
-190
-65
136
175
127
-11
-119
-39
70
146
80
-87
-172
-166
-10
234
284
134
-113
-419
-476
-339
-192
-37
163
374
397
164
-167
-320
-56
364
556
442
56
-171
-144
-60
61
66
124
293
119
-207
-418
-556
-284
111
174
162
76
-55
55
219
364
436
390
303
122
19
75
301
589
652
565
336
-167
-471
-425
-232
199
459
261
-97
-544
-690
-459
-81
339
453
295
-140
-606
-587
-254
160
621
674
174
-250
-478
-362
104
398
435
224
-149
-355
-243
-206
-265
-384
-551
-436
-532
-774
-506
-136
4
-23
-76
-342
-707
-783
-466
88
99
14
-91
-303
19
-89
-486
-539
-302
224
336
-75
-396
-286
103
485
418
-322
-1082
-1524
-1329
-408
309
1202
2509
2622
1600
221
-971
-761
213
1059
1608
747
-807
-1824
-2149
-1098
329
983
1459
1024
-396
-970
-549
798
2454
2624
1598
102
-1275
-1201
-669
-407
-31
-359
-682
-1039
-1824
-1677
-1203
-253
923
823
-184
-350
-477
-2354
-4658
-4920
2038
11227
11377
5538
-1253
-5928
-3680
89
1754
3464
2573
-36
-2577
-6553
-7201
-2348
4367
9859
6939
-2248
-7474
-6903
-113
6742
6604
2856
-1732
-3696
-2134
-1510
-1027
60
1339
3358
2122
-1648
-3477
-2646
1000
3948
2554
-1144
-4492
-4752
-2095
-128
164
343
1153
1351
-523
-3786
-5900
-5279
-2664
388
8063
14992
9639
1412
-3190
-5807
-1010
3761
2829
2685
-535
-5541
-6247
-6554
-3769
3213
6842
7567
2093
-7361
-8470
-4169
2820
8856
5555
-432
-4341
-5550
-2243
408
1853
3567
3472
2363
51
-3029
-3394
-641
2347
2098
-2202
-6803
-7740
-4878
-361
1377
90
-1742
-2121
-1149
-1241
-1325
-212
4062
11933
13880
5364
-3624
-6477
-4194
995
3525
722
-1653
-2420
-2611
-1578
-1033
1398
6294
8714
6977
193
-6990
-6675
-1983
2700
4255
-719
-5950
-6922
-5143
-310
2657
3259
4979
4943
4033
2480
-878
-1229
170
-109
-1148
-5611
-10285
-10302
-7487
-3359
-9
668
1546
2542
1918
1424
2235
2396
4650
13590
14895
4742
-2071
-8002
-9531
-2093
-178
-719
769
-2327
-3275
-2346
-2066
3273
7560
9722
9156
-871
-8065
-6931
-3867
2497
3751
-1291
-4834
-5789
-1861
2200
3472
6301
8294
7842
6178
1951
-1835
-1149
444
-1048
-5773
-11800
-13852
-11729
-6831
-1400
1671
3402
3662
3874
2457
3545
6452
4301
-1343
-4739
10050
20717
6760
-3479
-12114
-16974
-3132
1355
-1116
4724
1882
-738
1604
-5041
-3846
4676
10048
15370
1354
-16873
-18411
-13580
2315
10795
3009
-3529
-8692
-3811
6586
8681
9480
8250
5401
7455
4655
-4548
-9321
-9696
-6550
-5500
-10579
-15499
-15040
-4848
6039
9568
8087
3885
4630
6691
3933
-2926
-13774
1625
30712
22348
1916
-13226
-28302
-13429
5843
4354
8667
6023
-2847
-296
-5617
-8196
3055
12494
24134
15994
-13152
-25457
-23971
-6579
15624
13175
551
-11158
-14205
-2314
6513
9971
11793
9518
9927
8998
-890
-9993
-11524
-5832
-942
-5188
-12706
-19581
-14795
192
6842
10088
8665
5729
8898
7328
3761
-1077
-9992
-5947
19321
30493
10343
-10415
-22505
-21239
-1565
7731
4688
6385
3901
-1563
-2525
-6748
-4693
8081
18823
20367
-630
-24497
-26090
-13470
8438
16871
4392
-8332
-14080
-4815
7661
9913
10920
11693
10325
8311
223
-12154
-15624
-9287
-2805
-5099
-12462
-18111
-16320
-3046
8232
12044
12457
7084
5250
4979
2609
4692
-93
5991
21953
11540
-6058
-16071
-22431
-7995
7800
6608
5177
46
-5736
-1503
548
3693
9836
10896
12396
2944
-14605
-18938
-14934
-1407
10933
5561
-5711
-15439
-13746
614
11448
16497
14811
8822
6782
2679
-3888
-8200
-10719
-7492
-5882
-11587
-14716
-17444
-12795
-246
6231
10652
10153
3277
1986
46
-1253
-1028
1484
24292
29427
4534
-9113
-21022
-22942
-97
6251
4314
7875
-3740
-8093
-4958
-7127
5253
15382
18235
18448
-5368
-22458
-18575
-9936
11203
16948
1681
-9968
-18464
-11357
5264
11828
14814
13768
7499
3508
-2687
-8781
-8750
-4285
935
-2737
-11012
-16962
-16567
-4532
7124
11292
10618
4795
1511
-449
-855
1760
-2050
13052
32621
14479
-5926
-15947
-25726
-8872
7044
3125
5683
-150
-8671
-4479
-6800
-438
12948
15405
20480
6789
-18181
-19532
-13957
1828
17195
7588
-5153
-14798
-16995
-1898
9177
12241
16423
9941
3385
1130
-6352
-7753
-5008
-2626
-2078
-8300
-14295
-15294
-9316
1762
7454
8213
6220
4163
2251
969
-483
1089
21796
32091
12096
-6208
-20099
-24681
-8296
219
621
4983
-1302
-6825
-5786
-8378
799
14016
20825
21783
971
-17593
-17958
-11547
7104
13597
828
-7919
-15108
-14103
-1270
5532
10550
15021
11903
7725
-320
-8146
-8046
-3241
363
-2745
-10225
-16245
-15639
-6813
1083
4559
5484
5238
5355
3647
-1176
7272
27285
28219
14385
-2948
-21528
-21505
-8791
-1629
3192
1022
-5658
-8931
-11048
-6515
3172
11789
23580
21037
477
-12535
-17444
-10403
6689
9664
183
-10959
-16868
-10012
-780
4770
11276
12452
11070
10677
2999
-4969
-6633
-3071
608
-2794
-10695
-16168
-14958
-6282
2194
4280
1732
894
3191
4770
4407
1928
13442
29756
22697
5802
-9691
-23190
-16697
-2901
1055
3425
-840
-8535
-9706
-9645
-2870
8563
17279
24359
13759
-6735
-15095
-14970
-1470
13689
10028
-3111
-16349
-20747
-9794
3341
10076
13823
11400
7772
6266
-350
-6010
-4215
-399
710
-3874
-13143
-19141
-14968
-3429
5540
6708
2804
361
106
2570
2210
5482
25213
31010
14242
286
-15414
-22265
-8652
-1351
473
4279
-2763
-9576
-10086
-10813
-2285
10564
21375
23796
5045
-12189
-16256
-12971
4282
14265
5182
-7506
-17731
-17209
-5182
3794
9270
11702
8391
7446
3306
-5613
-7290
-2714
1178
874
-5608
-14924
-17696
-8884
1166
5650
5192
1022
-1363
-609
685
433
10446
27846
25862
8206
-8711
-20134
-15328
-1000
4127
3243
431
-6087
-9404
-9129
-6332
2421
12773
20991
16317
-1980
-13656
-14494
-3557
12668
13921
2199
-10553
-16332
-10576
-872
5756
8840
8061
6812
3424
-3153
-6610
-4681
1495
4391
-1559
-10321
-16104
-13583
-2387
4976
5113
1392
-3452
-4035
-1490
-808
5513
24328
32382
17462
-638
-15223
-20353
-7250
4060
4655
2971
-4731
-12030
-12045
-9902
-1617
9474
17444
18517
3172
-11937
-13591
-8389
7818
17546
7689
-4401
-13825
-15495
-5023
2708
5691
8269
6443
4952
1688
-5507
-7058
-1661
3665
3505
-3688
-11992
-13620
-6387
3062
5788
2299
-1697
-2285
-407
955
-386
1694
19621
31631
17794
235
-13781
-20314
-6505
4023
2822
2872
-4594
-10619
-8262
-8982
-2856
8271
14876
17952
4131
-12860
-14896
-10316
6396
17774
7367
-4551
-13123
-15030
-3877
3604
4836
8126
6932
5100
1932
-6404
-8765
-3536
2072
2885
-4031
-11746
-13117
-6318
2922
5638
3687
774
-182
-359
-1514
-3780
1422
22898
31940
14942
-2871
-18029
-22296
-5318
4514
4114
5030
-4080
-10486
-9004
-10497
-1136
12260
18419
18418
59
-16396
-15983
-8306
10561
18424
4901
-7090
-14122
-13532
-1383
4867
5369
8257
6608
4100
-477
-8148
-8297
-889
3936
1198
-6726
-13279
-12382
-2077
6245
7017
3673
-771
-1836
-1885
-3020
-444
17627
32620
20659
1502
-13499
-23135
-11244
3755
4848
5046
-1070
-11024
-11210
-9570
-2937
10067
17469
19743
5448
-15099
-17186
-11872
3414
18807
10796
-3439
-11793
-14583
-5218
5001
6976
8677
7096
3985
891
-6240
-9430
-4448
1712
1851
-3960
-10235
-13012
-6915
3491
6868
6082
2882
-816
-1017
-1515
-3878
10140
31196
24991
6178
-9072
-24091
-17447
668
5137
7082
2070
-8847
-9825
-9838
-5375
7160
13861
20137
12621
-10875
-17507
-15124
-4668
15948
14992
1383
-9136
-16384
-8481
3774
7138
10109
7923
3639
3814
-3124
-10390
-8085
-1890
1488
-996
-7796
-13562
-11369
-527
6728
7616
5075
-22
-2499
-1847
-3902
4846
27743
28908
10007
-5112
-21121
-22414
-4755
3515
6596
5784
-5864
-10970
-11104
-8613
5129
14112
19583
17172
-6757
-18422
-14754
-8945
11481
18220
4348
-6212
-15634
-12926
1914
7609
10210
10021
2874
2944
242
-8272
-8412
-3697
-435
-788
-6667
-12806
-12372
-2928
6542
8165
5535
1140
-2674
-2149
-2372
2031
23404
31742
14347
-1619
-16902
-23595
-8827
2114
5760
6790
-2840
-9784
-10761
-9682
2594
13652
19166
20100
-963
-18925
-16711
-11623
5802
18322
7385
-4721
-14027
-14875
-793
8158
10512
12400
6338
3251
2288
-6074
-9284
-4342
-765
-1410
-6469
-13280
-14615
-5674
5497
9216
6952
2067
-2272
-2264
-1398
2972
21535
31799
17207
-607
-16130
-24393
-12214
-133
5067
7801
-1745
-10604
-12078
-10934
1461
13734
19234
21945
3471
-16733
-16488
-12956
2008
16879
8430
-3993
-13326
-17002
-4342
7511
10774
13011
7904
3298
2792
-3935
-8495
-5130
-1610
-1289
-5224
-12587
-15717
-8609
2917
8470
6937
2240
-1759
-3085
-2377
11
14634
31957
24355
4204
-12166
-24395
-17853
-2822
2955
6865
1766
-8854
-11044
-11448
-4229
10398
17752
22650
12424
-12096
-18612
-14983
-4849
14061
13777
-863
-11097
-16565
-9332
4776
10679
12851
10745
5069
3715
-1204
-8140
-6736
-2653
-1952
-3463
-9970
-16042
-11026
246
7370
8727
4848
-90
-2073
-2287
-1103
10086
29419
29246
10215
-7333
-21458
-20708
-6045
1592
5892
4882
-5693
-11043
-12132
-8451
5572
16285
22385
18188
-5464
-19333
-16815
-8945
10053
17468
4051
-9219
-17143
-14608
-325
9408
12680
12326
7131
4030
-620
-7364
-7650
-2612
238
-1103
-7105
-15406
-14729
-3660
5610
8552
6864
734
-2287
-2690
-78
18419
32515
22417
7095
-9371
-23316
-15783
-5606
-944
6959
1430
-7754
-9928
-13934
-5335
9612
15808
22626
12360
-10387
-14914
-14331
-5209
12244
11101
1213
-8652
-17263
-10570
11
6101
13365
11526
5857
3890
-2442
-7133
-4559
-1780
-1673
-3895
-9508
-14447
-10946
-1329
5509
7372
3915
-1485
-2467
-3481
7428
28985
28114
13306
1134
-15576
-18014
-7393
-5084
1984
4612
-4595
-7818
-12294
-12459
1442
11081
18395
18678
-360
-11265
-12076
-10422
4085
10179
4427
-388
-9890
-13138
-4680
1134
7272
12211
9589
6015
1841
-3183
-5311
-2400
-1015
-3933
-6221
-10015
-12470
-6174
894
4694
7345
1925
-2578
-4915
-3038
19656
32329
18396
6194
-8911
-20307
-8810
-3570
-1969
5700
-1378
-6878
-6826
-12206
-4100
7456
12141
19510
7443
-10354
-10429
-11954
-3612
9658
4400
-1013
-4225
-11095
-7119
763
5099
10386
10817
7659
3231
-2064
-4690
-4120
-1596
-2121
-6411
-9743
-11555
-8252
-736
3794
6995
6233
713
-2180
-5988
3795
27578
28635
13533
692
-17397
-18945
-5511
-3064
3261
5744
-4689
-6982
-8835
-9582
2545
10081
15853
17332
-1578
-12537
-11367
-10947
2205
9229
1506
-2891
-8116
-10776
-3330
3995
9679
12376
10188
6820
1229
-3797
-5773
-4778
-2897
-3803
-6948
-11206
-12549
-6493
120
4824
8472
4472
-532
-4378
-5119
15783
31808
19882
6521
-8334
-21955
-11804
-2772
-1128
6209
831
-6675
-7207
-11142
-4249
7933
12568
18216
8174
-11124
-13069
-11821
-4724
7930
4802
-2158
-5831
-10681
-6704
1048
5936
11128
11333
8507
4514
-1383
-5423
-5662
-3438
-3616
-5201
-7399
-11626
-9541
-1487
2388
6434
7092
1771
-950
-4901
6190
28358
25394
10715
-631
-18001
-17151
-4186
-2213
5514
6289
-4613
-6289
-9698
-8752
5193
11682
16160
13489
-6320
-13311
-11644
-8897
4771
6645
-1008
-3219
-8941
-9911
-1611
3946
8972
11575
9306
6285
1252
-3021
-4700
-4015
-4049
-5812
-6313
-8533
-9561
-3740
819
3428
6574
2752
-654
-3649
360
22083
28552
13175
1762
-12722
-19780
-6503
-979
3130
8513
-1213
-6726
-7865
-10292
1041
11966
15335
15869
-1206
-15277
-13259
-10403
1545
9279
1377
-4187
-7780
-10642
-4811
2543
8348
11617
9699
6248
-57
-4510
-4594
-3091
-1743
-4605
-8233
-9427
-10216
-5552
1419
3499
6401
4659
-470
-3224
-3705
14131
30701
20460
5479
-8013
-21529
-13480
-2388
1559
9885
4798
-5297
-7527
-11203
-4381
8989
14690
18479
6720
-13517
-16762
-14561
-5262
8556
6657
-1261
-6607
-11079
-7918
-238
6748
12469
12428
9398
2607
-4698
-6521
-5295
-1543
-1271
-5667
-8561
-11165
-9127
-261
4126
6790
7407
1104
-2467
-5181
5250
26874
25897
9932
-2829
-18891
-19660
-6798
-1717
7350
10113
-338
-5112
-9105
-7933
5906
14748
19142
14398
-6674
-17005
-16191
-11491
3085
8299
1859
-3814
-9699
-10750
-4453
3008
10711
13454
11759
7317
-1371
-6489
-7005
-4485
-1776
-3693
-6742
-10170
-12067
-5213
2173
5548
9032
4715
-1240
-4849
-1142
19894
29622
16294
2546
-13723
-23558
-12585
-5145
2140
11064
4215
-2841
-6932
-10512
375
12617
18499
20830
2903
-15335
-17152
-16776
-4525
7872
4411
-450
-6378
-11960
-7640
-450
7510
14263
14224
11876
4447
-4516
-7894
-7187
-3537
-1835
-3648
-7182
-12280
-10912
-2720
2708
8878
9566
2566
-3112
-5180
10969
28653
21711
7776
-6256
-21645
-17557
-8867
-4177
7958
7476
-373
-3415
-10405
-5598
9023
16289
22252
12141
-10255
-16581
-17862
-11653
2753
3937
157
-3356
-10098
-10034
-4407
2375
11107
14216
13431
8705
-525
-5944
-7496
-5735
-3474
-3854
-4956
-8262
-10757
-5604
-279
4434
9098
6514
1041
-4062
6091
24989
23317
10034
-1796
-17543
-18397
-9568
-7472
2590
6643
-105
-1398
-6744
-7064
6285
14714
21479
18255
-3450
-13710
-15550
-13873
-317
2974
-1705
-2427
-7386
-9953
-5342
-181
7749
13168
13359
10619
2847
-3986
-6622
-5745
-4352
-4931
-5370
-7240
-9561
-5748
-1046
2511
7559
6296
2630
-1567
4064
22949
25544
12167
221
-14877
-19341
-10215
-7796
-360
6090
328
-1538
-5332
-7954
3521
13546
20621
21043
1238
-12709
-14461
-14344
-2907
3343
-1756
-4134
-6960
-8967
-5703
-1566
5224
11352
12933
12026
5311
-2253
-5790
-5911
-5078
-6248
-6872
-7596
-9342
-6098
-1421
699
5754
5930
2412
-737
2306
20240
27393
14509
1493
-12991
-20775
-11295
-8028
-3594
4972
-42
-2779
-3687
-8511
407
12413
19115
23669
7899
-10205
-13129
-14616
-5591
3624
-1190
-5073
-7734
-10538
-6800
-2253
3332
10190
12323
11889
6746
-367
-4201
-4503
-3470
-5382
-7598
-7960
-9290
-6855
-1155
1076
5242
6110
2203
-989
977
19021
29963
18060
3843
-11028
-21915
-13170
-7225
-4540
4176
900
-3630
-3996
-8215
-1002
11421
18103
24206
11943
-7474
-11470
-13664
-7275
3393
175
-4481
-6872
-10856
-8576
-3792
1720
9405
12334
11827
7078
-208
-3903
-3875
-2750
-4251
-7079
-8805
-10072
-7756
-2358
513
4841
6682
3182
-994
-2004
14978
30680
22315
7723
-8072
-22936
-16905
-8764
-5823
3513
1338
-4333
-4158
-8286
-2903
9293
16214
24014
15787
-3770
-9399
-12390
-8454
2398
1103
-3372
-5995
-10477
-9198
-4971
-51
7799
11176
11677
8153
562
-3955
-4747
-3157
-3315
-5610
-7188
-9217
-8822
-3460
-17
4264
7535
4482
166
-2992
10501
28642
24266
10390
-3821
-20518
-18311
-9834
-8235
1608
2570
-3979
-3843
-8201
-5635
7160
13996
22472
18393
-2425
-8922
-10473
-8785
2544
2107
-4058
-5376
-9126
-9137
-4832
-1532
5672
10281
10624
8170
1201
-4199
-5324
-3553
-3440
-5755
-7380
-8963
-8738
-3900
-633
2990
6981
4706
1258
-2861
7242
26982
26059
12539
-275
-17489
-19104
-10073
-9251
-583
3617
-2296
-2740
-7072
-7485
4621
12197
20429
20620
683
-8865
-10180
-10099
1252
4028
-1989
-4141
-7803
-8702
-4903
-2089
4779
10180
11197
9532
2155
-3954
-6172
-5150
-3963
-5852
-7456
-8390
-8663
-4484
-1070
2121
7456
5802
2612
-1992
2926
23767
28522
15146
2996
-14106
-20916
-10987
-9302
-3180
3648
-1740
-2224
-4379
-7290
3142
10667
17280
22125
4878
-8377
-9637
-11800
-2445
3777
-954
-3383
-6582
-8575
-5453
-2795
3185
9184
10928
10678
3980
-2805
-6406
-6890
-5350
-6719
-7902
-8176
-9270
-5446
-853
1178
7401
7744
3599
-728
643
19730
29684
18047
5308
-10930
-21764
-13047
-9992
-6007
2977
-1581
-3487
-3812
-8501
459
10254
15524
22829
9491
-7441
-9395
-11768
-4822
3487
-164
-3092
-5912
-8933
-5962
-2797
2370
9061
10947
11439
6586
-474
-4795
-6781
-5750
-6925
-8906
-8822
-9840
-7531
-1989
-206
5293
8341
4959
1078
-204
15881
29990
21339
7949
-7010
-21092
-15209
-9817
-7960
1192
-964
-4264
-2980
-7364
-1492
9432
14393
22447
14279
-4493
-9094
-11621
-7271
2132
446
-2985
-5423
-8818
-6750
-3077
1725
8807
11139
11698
8254
1183
-3283
-5997
-5729
-6723
-9124
-9186
-10159
-8691
-2749
-540
3831
7613
4698
1686
-1212
11952
29883
24999
11302
-3092
-20223
-17964
-10591
-9556
271
663
-4936
-4013
-8167
-4236
8491
13974
22055
17961
-1982
-8701
-11241
-8956
1785
1499
-2821
-5170
-9155
-7792
-4178
169
8118
11370
12375
9942
2068
-2302
-4873
-4987
-5214
-8830
-10011
-10836
-10467
-4346
-1166
2528
8270
5945
2687
-1496
6785
27860
29436
16267
2974
-16180
-20286
-11667
-11120
-2538
1904
-4774
-4485
-8007
-8272
4962
12181
20091
22300
2563
-8751
-11091
-11808
-775
2818
-1892
-4354
-8584
-8734
-4899
-1544
6120
10879
11896
11332
4291
-1364
-4213
-5190
-4783
-7559
-9816
-11021
-12275
-7521
-2674
724
7281
6926
3354
-1343
3723
24215
29820
18045
5696
-12548
-20386
-12697
-11843
-5011
1431
-4211
-4325
-6633
-9091
2860
11386
18250
23171
6556
-7002
-9853
-11758
-2246
2868
-1115
-3133
-7354
-9000
-5741
-2771
4388
10678
12396
12071
5651
-359
-3227
-4119
-3232
-6203
-9090
-10114
-12207
-8781
-3619
-1109
5850
7641
4336
-409
383
19679
30849
21132
9028
-8045
-19935
-13057
-10884
-6750
1908
-3156
-5449
-5774
-10495
-1015
10280
16260
23804
11908
-5067
-8750
-11744
-5081
3109
75
-2854
-5967
-9065
-6884
-3468
2818
9733
12324
13118
7715
275
-3399
-4596
-3530
-5033
-8047
-9893
-12540
-10599
-5005
-1984
4308
7640
5346
1032
-563
16091
29877
22437
10866
-4580
-18682
-14439
-11237
-8665
340
-2321
-5842
-5989
-10569
-3631
8071
14191
22099
14048
-2756
-7745
-11169
-6360
1829
-527
-3539
-6238
-8912
-7026
-4424
833
8109
11836
13711
9457
1917
-2680
-4777
-3168
-4087
-7549
-8988
-11822
-11524
-6180
-3721
1972
6579
4705
2083
-1058
12247
29980
25366
13231
-164
-16670
-15293
-10188
-9612
-211
-339
-5451
-4843
-9813
-6202
6794
13016
21417
17900
-496
-7265
-10428
-8121
1490
488
-3781
-5726
-8804
-7549
-4646
-644
6826
11302
13695
11153
3714
-1304
-4456
-3887
-3368
-6336
-7876
-10030
-11643
-7538
-4323
70
5788
4744
1975
-2084
7264
27447
28031
15649
3147
-14103
-17003
-10391
-10741
-2772
540
-5418
-5081
-8779
-9090
3651
11607
19392
20867
3501
-6474
-8956
-9364
-53
2119
-2864
-5410
-8516
-8544
-5632
-1922
5047
9926
12737
12204
5546
286
-3291
-3808
-3046
-5769
-7254
-8922
-11319
-8066
-5148
-2027
4633
4852
2905
-772
4462
25283
30794
18847
6971
-10440
-17422
-10052
-9946
-4333
870
-5046
-5545
-7856
-10266
894
9865
17437
22361
6632
-6127
-8345
-10270
-1906
2478
-2744
-5468
-8614
-9651
-6387
-3431
3096
8829
11175
11944
6422
964
-2011
-3338
-2609
-5204
-7966
-9081
-11171
-8869
-5337
-3668
2397
4170
2257
-1016
-289
19257
32221
22988
10921
-5822
-18402
-12057
-9724
-6271
1759
-3504
-6370
-6520
-11332
-3098
7998
14699
23318
12510
-4282
-7485
-10428
-4312
3534
-829
-4682
-7505
-9919
-7226
-4216
1459
8401
11013
12510
8404
2051
-872
-2739
-2062
-3434
-6787
-7965
-10092
-9511
-5378
-3913
1146
4656
2851
435
-2527
11631
29859
25739
14246
168
-16269
-13628
-8734
-8050
934
-863
-6409
-5188
-9589
-6087
5507
11369
20483
16768
-1126
-6894
-9638
-7466
2156
1005
-3991
-6390
-9326
-7918
-4606
-515
6040
9500
11185
9256
3570
30
-2763
-2826
-2939
-5545
-6382
-8342
-9642
-6180
-4379
-459
4329
2589
683
-3094
5569
26384
28055
16369
4496
-12667
-15433
-8362
-8311
-1031
890
-5963
-5327
-8288
-8372
3102
9372
17174
19282
2520
-6462
-8217
-9210
-156
2522
-2626
-5259
-8432
-8332
-5043
-1729
4431
8524
10269
9855
4717
783
-2354
-3531
-3104
-5261
-6338
-7541
-9521
-6882
-4462
-1687
4026
3319
1049
-2508
773
20897
29153
18386
6930
-9289
-17177
-9661
-8097
-3085
2274
-4203
-5194
-5799
-8733
850
8823
14299
19945
6771
-6403
-7940
-9672
-2604
3322
-1403
-5059
-8032
-9302
-5884
-2106
3383
8003
9691
10140
6234
1721
-1708
-3756
-3001
-4483
-5996
-6582
-8843
-7245
-3775
-1495
3971
4658
1883
-1206
-2454
14790
29860
21941
9791
-5367
-18480
-12682
-8360
-5561
2657
-1763
-5960
-4820
-8821
-2572
7787
12589
20274
12409
-4546
-8208
-10339
-6059
3484
1420
-3580
-6606
-9722
-7597
-3146
1984
7585
9784
10301
7602
2738
-1316
-4077
-3731
-4429
-5986
-6319
-8763
-8716
-4828
-2559
3000
6043
3107
239
-2875
9739
28247
25294
12660
-1744
-17425
-15409
-9243
-7270
1457
366
-5430
-4511
-7907
-4405
6604
11951
19789
16396
-1200
-7978
-10410
-8186
1960
2468
-2610
-6294
-9917
-8363
-3955
1029
7167
9818
10802
8928
3655
-507
-3866
-4166
-3897
-6234
-7193
-8820
-9874
-6144
-3226
1218
5874
3624
969
-2938
3358
23866
28353
16566
3505
-14198
-19022
-11058
-9073
-1491
2367
-4796
-5188
-7070
-8057
3183
10557
17327
20369
4157
-7820
-10200
-11443
-1949
3753
-705
-4227
-8694
-10079
-5803
-1208
5285
10244
11503
10985
6186
564
-3434
-4707
-3648
-4722
-6287
-8031
-10709
-8620
-4204
46
6021
6224
3097
-1223
-1223
16827
29855
21613
9259
-7696
-20145
-14075
-9982
-4852
3651
-1395
-4785
-4896
-9094
-1329
8768
14499
22071
12110
-4463
-8677
-12209
-6739
3069
930
-3004
-6805
-10568
-7685
-3174
2493
8821
10891
11468
8638
2584
-2635
-5772
-4605
-3404
-4942
-6698
-10198
-10884
-6092
-1420
4313
7192
4070
618
-3408
6520
26557
27179
15245
1377
-16735
-19196
-11747
-8960
889
3355
-3420
-3708
-7702
-7016
4861
11704
19292
19624
2219
-7792
-11194
-11895
-1080
3046
-1316
-4229
-9181
-10293
-5893
-555
6602
10609
11409
10597
5296
-748
-5398
-6364
-3906
-4234
-5546
-8120
-11745
-9124
-3252
1816
7140
5991
1892
-1994
-1019
17653
30124
20900
8024
-8814
-21442
-15293
-10215
-4903
3991
-339
-4174
-4948
-9163
-1702
9254
15669
22431
12116
-5040
-9958
-13282
-7039
3570
1583
-2583
-6390
-10724
-8278
-3181
3049
9318
11262
12058
8914
1860
-4061
-7496
-5846
-3749
-4959
-6559
-10321
-11385
-5473
16
5094
7625
3829
372
-3035
6006
25710
27260
15023
1427
-16786
-20771
-12332
-8706
348
3979
-2177
-3197
-6664
-7540
3391
11572
19146
20587
3961
-8109
-12427
-13079
-1938
3932
-281
-3432
-8094
-10195
-6018
-625
5922
10278
12334
12287
6133
-1496
-7154
-8071
-4412
-3526
-4691
-7520
-11896
-9113
-1902
3133
8205
7253
2790
-1077
-2115
13825
28805
22437
10300
-5649
-21649
-17890
-10980
-6400
3861
2816
-2115
-2844
-8280
-4810
6788
13601
21553
15972
-2507
-10866
-14663
-10119
2174
2727
-1825
-4967
-9980
-9382
-4268
1611
7975
11618
13947
11056
2539
-4862
-8970
-6830
-2887
-3564
-5642
-10408
-12670
-5781
725
5719
9423
5698
1929
-2238
1181
20522
27538
16727
5068
-13524
-23639
-15344
-10897
-2760
6416
1379
-1553
-4108
-9442
-560
10022
16636
22575
9726
-7290
-12844
-15192
-5860
4107
1002
-2341
-6124
-10833
-8088
-2245
3862
9797
13409
13603
7579
-1150
-8359
-10389
-6244
-3679
-4193
-6960
-12395
-10572
-3037
2162
8201
9186
4905
1818
-2842
6754
25255
23914
13137
-35
-19260
-21182
-13259
-9899
2036
6191
-88
-880
-6949
-8545
3767
11543
19489
20770
2537
-10229
-14458
-13857
-1258
3963
-373
-2259
-7296
-10136
-5291
479
6739
12483
15609
13103
5331
-2915
-9433
-9035
-4605
-3834
-4541
-8575
-12311
-7202
-887
4039
9303
7497
4618
1076
-1846
13399
26443
19222
9349
-6857
-22792
-17989
-12822
-7451
5048
3528
-597
-1444
-8793
-4160
7803
13410
21950
15495
-4451
-11922
-15411
-10843
1672
1927
-1426
-3262
-9290
-8907
-2993
2604
9624
14464
15266
10011
1825
-5718
-10268
-8062
-4700
-5117
-6713
-11072
-11737
-4804
877
6186
10068
7075
4448
-224
-2040
14101
25148
18226
7981
-10323
-24523
-18547
-12836
-4442
7309
4508
649
-2036
-8945
-2172
8566
13874
22071
12435
-6826
-12891
-16703
-10903
1415
1441
-308
-3195
-10086
-8070
-1992
4019
12197
15559
13667
8731
759
-7169
-10727
-8721
-5819
-5538
-7125
-10862
-10243
-3263
2777
8190
11158
7928
4535
-944
-1329
14546
23804
16688
5639
-12643
-24332
-17830
-11551
-1797
8858
5583
1550
-2535
-8386
-719
8680
14709
21296
9347
-7721
-13612
-17803
-10102
1466
1796
828
-4114
-9787
-5984
-724
6398
14115
13970
11714
7540
-653
-7580
-10855
-9021
-5864
-5955
-7551
-10183
-8671
-1375
4306
8641
10666
7301
4207
-916
-875
13871
21867
14699
3536
-13877
-23814
-16378
-9105
1047
10219
5549
1061
-2714
-7043
586
8711
14159
18920
6994
-8256
-14478
-18192
-9614
1560
2764
1185
-4889
-9290
-5166
526
8470
13834
11894
10254
6361
-1220
-7995
-11707
-9470
-6217
-5859
-6546
-9121
-7226
38
5223
9252
10744
7039
3896
-807
-2507
9845
19443
14121
3207
-12647
-23047
-16248
-7927
1110
9996
6116
1338
-1176
-5622
-502
7187
11525
16604
8385
-7205
-15065
-18449
-10629
1888
4816
2070
-4234
-8541
-4765
1893
8779
12187
10308
8984
5750
-871
-8212
-12888
-10565
-6521
-5048
-5131
-8142
-7181
0
5755
9466
10677
7072
3395
-973
-4567
5439
18087
15528
5106
-8664
-20747
-16397
-7077
262
9338
8168
2701
455
-5084
-4026
3573
8037
14761
11568
-4994
-15001
-18179
-12980
1026
7229
3843
-2685
-7231
-4649
1693
7306
10457
9704
8567
6721
449
-7811
-13048
-11110
-5968
-3046
-3074
-7037
-8015
-1131
5879
9670
11220
7544
2670
-883
-6590
-925
14692
16694
8023
-2613
-16929
-17648
-7722
-2132
7280
10570
4832
2613
-3385
-6940
375
5590
13167
15591
-1136
-13587
-16764
-15702
-1924
7983
4664
-639
-4785
-4833
325
5084
8562
9305
8236
7193
1464
-7415
-13012
-11977
-6770
-2227
-1632
-5428
-7932
-2863
4592
9250
11487
8455
2383
-1910
-7685
-6553
8690
17062
11837
3369
-10722
-17828
-10420
-4976
3364
11712
8239
3961
-2123
-9882
-5269
2569
9868
15949
4348
-10239
-14965
-16961
-6412
6885
6353
2475
-1842
-5054
-1600
2584
5788
8350
7305
6645
3149
-5131
-10444
-11378
-7881
-2221
-975
-3591
-6170
-4304
3030
8885
10452
8835
3238
-1937
-6274
-9960
497
15714
16415
9432
-2549
-16193
-14963
-7708
-204
11392
11917
5150
-762
-10280
-10420
-874
6038
14378
11825
-4061
-12803
-16486
-12062
2810
9045
6371
1508
-4102
-3853
63
3543
6932
6632
5907
4842
-1698
-8116
-10883
-8946
-3107
98
-1241
-4760
-5984
240
7208
9204
8420
3410
-2321
-5062
-10202
-6438
11355
19798
15414
6458
-10046
-17957
-10637
-3018
8080
14284
7318
-50
-8635
-13910
-6000
2159
10396
16492
4619
-9033
-14853
-16352
-4014
9329
9886
4928
-1882
-5641
-3479
543
4694
5741
5462
6164
1746
-4677
-8792
-10068
-5209
350
364
-2491
-5210
-2254
4657
7254
6883
3790
-1652
-4553
-8098
-10793
1359
18170
20904
14358
-186
-16578
-15294
-5290
3473
13153
10931
1045
-5849
-13456
-12787
-2937
5684
15677
14312
-1431
-12097
-16938
-11651
4940
12141
7949
1292
-5584
-6980
-3312
525
3296
4787
6370
5502
628
-4983
-9343
-7897
-1743
954
-86
-3138
-4898
-288
3887
4515
3903
206
-4090
-5520
-8876
-6405
10615
23016
20095
9388
-7784
-17347
-9921
-1598
7017
12317
4612
-3879
-10678
-16587
-9688
1770
11414
18902
9074
-7178
-13948
-14830
-3589
10310
10479
4349
-2885
-8179
-6863
-3239
743
4555
6843
8546
5882
-363
-5927
-8363
-4400
991
1949
232
-4134
-4911
-412
1558
2172
1651
-1826
-3170
-4304
-8074
-75
17467
23268
17138
4764
-11737
-15222
-6935
-456
7812
8714
-733
-7358
-13608
-14934
-3787
7066
15964
17580
2738
-9416
-13352
-11212
2640
11490
7610
1046
-6421
-10187
-7215
-2414
2877
7016
9752
9463
4245
-1935
-6896
-6896
-1069
2465
1558
-2409
-7530
-5947
-1746
177
1955
866
-1067
-1473
-4417
-6355
4315
19955
23752
16297
1466
-14162
-15235
-7195
-506
6898
5112
-3709
-8720
-13817
-11716
285
9191
16573
15478
467
-10176
-13716
-9589
4123
10478
5661
-2254
-10119
-11591
-6602
-512
5642
9741
11070
9207
3510
-3579
-7696
-4979
198
1789
-415
-6521
-10695
-7484
-3131
452
3049
2360
1199
-339
-3848
-4578
6474
21867
24277
14794
-454
-15205
-15576
-7570
-1233
5662
3621
-4101
-7540
-11697
-8563
3098
10924
17901
15423
-352
-10061
-13236
-8794
4753
9217
2856
-4606
-11138
-11132
-4456
2551
8297
11255
11552
8932
2463
-3770
-5991
-3768
-483
-276
-3711
-9764
-12677
-8227
-2220
2285
5018
4230
1922
-682
-3534
-3409
7065
21775
24014
14366
-1151
-16425
-17681
-9822
-3106
4155
3802
-2756
-6190
-10034
-7431
3590
11341
18006
16332
696
-10501
-13882
-10233
2101
7025
1364
-5048
-10693
-9985
-2539
3563
8434
12023
11714
8681
3142
-2875
-5514
-4486
-2632
-2782
-6138
-11352
-12239
-6990
-860
4006
6457
5103
3022
970
-1207
-2023
4616
18666
23858
14891
-546
-15649
-19004
-11315
-3810
3542
4816
-1236
-4403
-7134
-6655
2185
10086
16526
16629
2539
-9758
-14523
-12948
-1468
5226
2226
-2323
-7860
-7893
-1970
2840
8369
12110
11352
9306
3813
-3020
-6598
-7414
-5988
-4911
-6647
-9662
-10776
-7297
-1251
3325
6115
6722
5368
2746
366
-2345
264
13978
22568
16027
2915
-12307
-19750
-13396
-5914
1258
6319
2780
-696
-4582
-8129
-1524
6675
13179
17439
6468
-8082
-14423
-15577
-5911
4155
4624
1580
-4326
-7295
-3259
1193
7085
11845
11361
9870
4810
-2518
-7151
-9982
-8732
-5151
-4911
-6971
-9073
-8128
-3120
1788
6357
8697
7095
4041
603
-2882
-2999
7428
19678
18187
6568
-7343
-18520
-17144
-8840
-834
7219
7252
1887
-2796
-8145
-5910
3552
10890
16210
10866
-4333
-13971
-16241
-9450
2392
7556
5791
-221
-5915
-5201
-706
5208
10999
12231
10673
6024
-2017
-8000
-10312
-8629
-4251
-2387
-4312
-7719
-9099
-4820
1436
6070
9313
9108
5265
1174
-2399
-5741
244
14568
20203
13350
-158
-15213
-19823
-12566
-3086
6456
9786
4882
-1433
-8276
-9805
-2175
6390
14194
15273
2464
-10599
-16050
-13968
-2157
8352
8774
2739
-5182
-8484
-4278
2435
8969
12148
10173
5798
-667
-7032
-9528
-8211
-4900
-2139
-3026
-6679
-8637
-6391
-1506
3980
8358
8995
6131
1543
-2354
-5149
-4621
6512
19010
17778
6817
-7710
-19208
-16697
-6477
3179
10305
7886
-254
-7573
-12422
-7638
3469
12108
17215
10630
-4936
-14226
-14947
-6272
6424
10461
5567
-3117
-9576
-7714
-959
5935
10621
10057
7013
2578
-3466
-6919
-7235
-5583
-2668
-1885
-4007
-7255
-8588
-5184
782
6335
9590
8726
4065
-816
-3271
-5185
-716
13428
21039
14543
1077
-14215
-19678
-11309
-839
7756
9702
1805
-6302
-11172
-9983
204
10099
16120
15574
3304
-9052
-13393
-10549
239
8637
7446
384
-8085
-10231
-5366
1236
7920
10427
8862
6197
357
-4197
-5863
-7109
-4287
-1161
-2099
-4801
-8838
-9544
-4226
2290
8284
10519
6430
1464
-2140
-4837
-4209
3866
16314
19756
10139
-4293
-15786
-16534
-7489
1400
6442
4562
-2479
-7490
-9026
-4631
4452
11299
15106
12311
464
-9162
-11848
-8328
1054
6247
3393
-3159
-9137
-8852
-3091
3332
8737
10129
7682
4797
731
-3619
-5690
-5353
-3174
-1634
-3056
-7205
-10292
-8599
-2284
5009
9532
9120
4805
260
-1998
-2411
-2133
4275
14684
16390
7767
-4480
-15076
-16017
-7979
-375
4538
4165
-855
-4165
-5031
-2239
4620
10631
13747
11174
845
-8767
-12224
-9467
-1882
3176
2138
-3229
-7945
-7230
-2583
3190
8374
10060
8824
5906
1252
-2717
-5593
-6139
-4211
-3886
-5207
-7457
-9448
-6775
-337
5420
9259
9094
5456
2265
-177
-1865
-2470
2187
12313
15981
8108
-3573
-13744
-16043
-8458
-744
3990
5275
1859
-1562
-2995
-1611
4085
9279
12461
11787
2310
-8309
-13356
-12605
-4246
3863
3922
-801
-6288
-7649
-2919
3902
9995
12167
9883
6208
1331
-3675
-6633
-7438
-6026
-4122
-3966
-6438
-9129
-7431
-1967
4936
10348
9972
5643
1787
-1358
-2210
-2132
-811
6472
12218
8841
215
-10081
-15622
-10840
-3191
3141
6966
4260
81
-1168
-1053
1870
6266
9293
10106
4195
-6057
-12891
-13403
-6455
2099
3899
-163
-5460
-6709
-1620
5526
10574
10812
7067
3626
491
-3010
-5387
-6569
-5490
-3586
-3771
-5796
-8689
-8259
-2384
4870
9810
10036
6074
2686
944
-348
-1543
-4151
-1697
7719
12061
7382
-2212
-12586
-13802
-6446
-44
5389
6422
2773
1467
-30
-1974
286
3762
7816
9501
1873
-8066
-13312
-12631
-4841
1918
2115
-305
-2083
-496
4187
6909
6401
4870
3639
3402
2334
-1210
-5219
-6892
-5871
-4378
-4504
-6132
-6988
-4500
757
5826
7762
6361
4232
2999
1812
-314
-3915
-6220
358
11115
12921
5611
-5153
-13805
-12217
-4681
1771
7613
7823
4333
1463
-3337
-3981
1328
6150
10678
8199
-3421
-12509
-15634
-11079
-1136
3938
3763
1844
-644
-24
2064
3246
5248
7051
8037
6741
1601
-4264
-8047
-8266
-5551
-3908
-4481
-6328
-6621
-2755
2424
6384
8077
7269
5626
3771
532
-3305
-6479
-5667
4062
13682
11737
2025
-10017
-17107
-11358
-1384
5870
10056
7367
2566
-702
-3958
-2699
1654
5078
8262
3851
-6589
-13022
-14744
-9097
706
5091
4544
1863
-943
-292
2078
4764
7585
8423
7502
3810
-2439
-7377
-9543
-8711
-5674
-4762
-6330
-7652
-6547
-1832
4051
8133
8973
7396
4902
2292
-490
-3080
-5276
-4120
4249
11736
8610
-1231
-10463
-13124
-6219
2602
8048
9993
7140
2865
-452
-3571
-3344
132
4385
7657
3537
-6145
-13134
-14703
-8408
1675
7015
6944
4122
1133
1063
3195
5481
7218
7305
5340
1571
-3373
-8317
-10772
-9804
-7244
-5086
-4416
-5084
-4182
-221
4363
7735
8542
7180
5418
3287
633
-2609
-6855
-8343
-1540
7410
8917
3879
-3708
-8343
-5183
628
4979
8536
8349
5087
607
-5326
-7594
-4133
1436
6645
5095
-3850
-11932
-14720
-9033
1649
8715
10103
7100
2737
1115
1869
3427
4817
4739
3486
467
-4157
-8939
-12016
-10503
-5904
-2719
-1949
-3372
-4027
-729
3706
7113
8974
8146
6093
3764
154
-4789
-9653
-11697
-6057
5797
12878
10217
1891
-6609
-7963
-1559
5311
10166
10282
4703
-1460
-7066
-9819
-6364
-258
5548
6979
-75
-8827
-12977
-10138
195
10084
13570
10652
3965
-889
-2145
-1270
1251
2685
2302
813
-3317
-8436
-11703
-11015
-6169
-1561
-85
-905
-2753
-2117
2021
5533
7461
7946
6516
4195
608
-4894
-9659
-11680
-8993
1803
12900
14628
8630
-634
-6704
-4321
1459
6238
8678
5672
-59
-5702
-10229
-9430
-4056
2341
7800
6416
-1808
-9150
-10495
-3553
7404
14188
12998
5526
-2038
-5301
-4609
-1207
1906
2619
1794
-1210
-5926
-9374
-9505
-5662
-450
2601
1962
-1102
-2753
-1081
2673
6184
7590
6711
4405
753
-3808
-8313
-10565
-9647
-4083
7092
15698
14503
6756
-2292
-6892
-4058
949
4562
5345
2268
-2474
-7733
-10479
-7645
-1989
5052
10347
7191
-1475
-8190
-8849
-1182
9321
13547
9281
786
-6004
-8035
-5904
-2201
504
1921
1862
-257
-3833
-7297
-7222
-3073
1461
3858
2106
-2362
-4320
-2673
911
4979
6806
5747
3046
-1114
-5215
-7699
-7849
-5583
-537
8297
15140
13676
6275
-2243
-6754
-4612
-294
2694
3706
1622
-2213
-5982
-7654
-5028
612
7281
11446
7369
-1654
-7778
-8264
-1403
7499
9558
4451
-3556
-9237
-9181
-5797
-1819
1710
3273
3639
2507
-1079
-4246
-4434
-1608
2724
4309
557
-5216
-8501
-6805
-784
4971
7089
5855
2132
-2000
-4110
-4581
-3851
-2357
-756
4025
10194
10727
6027
-402
-5721
-5575
-2471
-4
2661
3160
1636
-102
-2802
-3543
-479
4687
9737
8774
851
-7181
-10655
-6648
1457
5381
3349
-2562
-7621
-7229
-3608
665
4474
5918
6345
5571
1817
-2410
-4616
-3564
-357
765
-1967
-6640
-9420
-6733
62
6177
8605
6911
3560
1028
-534
-1554
-2539
-3896
-5077
-2892
3788
9472
9276
4047
-2627
-6096
-4635
-512
4313
7335
6722
3618
-875
-4490
-3906
-194
4103
5945
1595
-5964
-10779
-10279
-4328
1813
3456
1914
-768
-2215
-1131
873
3037
4936
5482
4976
2682
-2032
-6040
-7262
-6156
-3800
-3149
-4499
-5125
-3654
418
5145
7188
6974
5692
3109
670
-1223
-3516
-5193
-6349
-7271
-3384
4620
9758
9715
5472
-37
-2323
-875
2768
6893
8062
5818
762
-6155
-10222
-8986
-3890
2272
3652
-899
-6490
-9450
-6590
654
6248
7667
5301
1407
-1001
-1346
400
3002
4217
3860
1455
-2782
-6749
-8773
-7448
-3755
-454
945
-430
-2380
-1525
1562
4986
6975
6489
4593
1987
-1099
-3838
-5977
-7063
-7161
-6056
-367
8627
13735
12715
7415
791
-2118
-428
2833
5747
5239
674
-5219
-10625
-12259
-8279
-2174
2836
4209
785
-3425
-5352
-3608
1960
6633
7371
5267
1490
-1579
-2274
-1297
540
1935
1565
-579
-3165
-4924
-5519
-4236
-1224
1526
2290
96
-2847
-2834
79
3987
6603
5873
2290
-1745
-4219
-4550
-3799
-3315
-3505
-4442
-2476
5255
12235
13553
10617
3812
-2011
-2837
-1800
380
1920
-70
-3281
-6777
-9153
-7500
-3818
1124
5721
5200
2069
-990
-3420
-1494
2471
4735
5689
3777
-267
-3122
-4201
-3296
-1735
-752
-121
-62
-381
-1395
-2575
-2625
-1252
265
365
-496
-601
270
1855
3264
2584
817
-438
-1110
-672
-446
-1522
-3235
-5367
-6193
-1713
6992
13101
13727
9009
1251
-3914
-5014
-3869
-789
990
-54
-1777
-4627
-6946
-6121
-2880
2744
7272
5982
1398
-3321
-5118
-1373
3674
5610
3642
-439
-3135
-3739
-2998
-1924
-1418
-463
813
1483
1336
-960
-3296
-2975
-1413
528
1331
-123
-1292
-1480
-1167
380
1361
1725
2551
2149
820
-1083
-3896
-5446
-5064
-3268
2181
10108
14623
13293
6593
-2196
-7046
-6262
-2468
2156
4205
2078
-2122
-6577
-8439
-6117
-1032
5431
9290
6800
837
-4979
-7285
-3637
2274
5888
5400
1480
-2227
-3808
-4006
-2854
-1019
1306
3934
4817
3162
-527
-4279
-5458
-3994
-1229
727
229
-1403
-2377
-2306
-1152
547
1724
2399
2832
2399
854
-1722
-4574
-5741
-5100
-2191
4980
11923
12817
8704
1239
-5671
-7137
-4664
-55
4423
4540
1296
-3347
-8103
-8504
-4000
2999
9440
9213
2659
-4547
-8605
-6180
527
5336
6135
3075
-1138
-3281
-3855
-2785
-157
2887
5427
5038
1431
-3507
-7685
-8033
-4898
-1154
1300
562
-2179
-3243
-2408
-663
2265
4698
5578
5182
2801
-762
-3777
-5389
-4851
-3311
-2294
275
5273
9136
9476
6086
197
-3629
-3425
-1342
1857
3615
1589
-1672
-4639
-6240
-4039
605
5199
7440
4525
-1125
-5077
-5836
-2641
2512
5353
4720
1899
-1138
-2423
-2245
-1366
341
2115
2663
1316
-2156
-6121
-7725
-6279
-3003
441
1815
556
-1367
-2276
-1182
1448
3790
4955
4535
2853
573
-1901
-3454
-4082
-4230
-3615
-2970
-1120
3797
8234
9328
7765
3029
-1845
-3592
-2979
83
3504
3906
1778
-1864
-4722
-3912
-930
2698
5378
4055
300
-3068
-4942
-3341
305
3094
4035
2608
-23
-1984
-2575
-2007
-797
719
1661
948
-1366
-4279
-5741
-4832
-2673
-23
1496
725
-583
-1468
-1391
377
2243
3628
4027
2107
-389
-1986
-2999
-3260
-3371
-3636
-3585
-2684
742
6206
9892
9838
6355
1133
-2170
-2168
-161
2716
4310
3209
234
-3257
-5418
-4891
-1754
2134
3564
1553
-2414
-6212
-6806
-3384
1481
5034
5450
3062
-174
-2663
-3047
-1814
-347
851
723
-1123
-3739
-5510
-4700
-1979
771
2417
1833
-170
-1995
-2578
-709
2120
3776
4339
3227
738
-1255
-2508
-2597
-1711
-1796
-2915
-4100
-3909
29
6389
10927
11309
7284
1855
-943
-672
1583
4256
4623
2384
-900
-4433
-6542
-5669
-2416
1051
2226
184
-3376
-5537
-4196
-52
4096
5578
3838
836
-1947
-3529
-3413
-2676
-1910
-894
-411
-755
-1912
-3656
-3705
-1705
611
2133
1914
594
-183
-60
938
2331
2891
2510
1755
767
-337
-1282
-2024
-2625
-3296
-4169
-4999
-4826
-1059
6381
12919
14505
10186
2866
-1831
-1907
683
3681
4039
1400
-2079
-5940
-8402
-7650
-4529
384
4205
3746
439
-3594
-5384
-2663
1610
4711
5342
2346
-1512
-3942
-5077
-4119
-2107
-578
757
712
-1124
-2988
-3472
-1493
2109
4350
3508
523
-2150
-2724
-1158
1267
2759
2809
1898
354
-794
-1101
-1141
-968
-1187
-2317
-3633
-4557
-3668
1184
8536
13745
13774
8201
293
-4345
-4197
-1313
2158
3390
1182
-3002
-7268
-9257
-7536
-3051
2286
5170
3470
-1062
-5452
-6584
-3662
544
3738
4605
2654
-263
-2769
-4080
-3480
-1489
1370
3819
3976
1953
-864
-3042
-2868
-830
784
1096
66
-1456
-1801
-910
648
2828
4437
4478
3520
1821
-44
-702
-504
-624
-1605
-3676
-5621
-5993
-3122
3493
10124
12686
9922
3359
-2323
-3801
-1724
1880
4038
2852
-726
-5112
-8296
-8741
-6539
-2130
1770
2099
-614
-4704
-7002
-4367
1198
6223
8278
5974
1907
-1014
-2291
-1548
-99
590
998
780
-512
-2442
-4277
-4543
-2534
277
1825
1621
458
-67
1071
3187
4926
5268
4431
3280
2030
441
-1283
-2676
-3711
-4384
-5068
-6241
-6903
-5648
-1155
6380
12974
14551
10573
3956
-689
-1314
454
1841
908
-2274
-6149
-9375
-10998
-10104
-6345
-766
3743
4716
2129
-1486
-2288
865
5624
8879
7995
3470
-1377
-4404
-5023
-3731
-2105
-1167
-1084
-1679
-2565
-3327
-3244
-1527
1730
4772
5557
4065
1755
471
1253
2798
3758
3339
997
-1644
-3287
-4067
-4026
-4040
-4225
-4051
-4109
-4371
-4285
-3298
504
7494
13974
15375
10200
1740
-4409
-5784
-3649
-842
176
-1023
-3699
-6601
-8196
-7500
-4142
1274
6081
7430
4657
67
-2354
-723
3419
6830
6391
2316
-2295
-5063
-5245
-3949
-2469
-726
976
1877
1901
803
-614
-578
1133
3445
4431
2816
-105
-2161
-2077
-307
1482
2051
1132
-559
-2228
-3276
-3241
-2355
-1315
-738
-1263
-3013
-4713
-5075
-3278
1750
8697
13262
12371
6640
-225
-4107
-3969
-1637
623
1023
-990
-4603
-8290
-9590
-7249
-2209
3644
7323
6883
3455
-184
-1154
1250
5025
7341
5626
448
-4575
-7036
-6316
-3269
25
2461
3541
2893
1070
-986
-2223
-1804
228
2625
3372
1478
-1937
-4540
-4785
-2997
-260
2030
2659
1833
258
-1515
-2218
-1669
-1096
-965
-1825
-3745
-4995
-4783
-3326
802
7439
12763
13187
8267
732
-5197
-6963
-4808
-999
1511
1097
-2001
-5766
-7264
-5345
-917
4449
7716
6647
2726
-1319
-3152
-1314
2537
5221
4956
1992
-1732
-4113
-4427
-3119
-768
1636
3095
2903
532
-2934
-5277
-5125
-2560
797
2343
1018
-1543
-3291
-2868
-309
2699
4845
5376
3924
1211
-1798
-4131
-4676
-3635
-2348
-1756
-2448
-4015
-4668
-3765
-449
6721
14090
15999
11599
3441
-3933
-6479
-4577
-825
2220
2143
-963
-4930
-7955
-8085
-4690
1045
6829
8910
6206
1459
-2268
-2408
1038
4763
5992
3989
-298
-4511
-6693
-6400
-3965
-791
1298
1585
-199
-3357
-5367
-4821
-2077
2057
5108
5105
2900
93
-1540
-1015
516
2022
2699
1486
-882
-3299
-5226
-5408
-3851
-1882
-91
737
64
-956
-1306
-954
1713
8184
14175
14006
7769
-965
-7573
-8801
-5827
-1440
1656
1568
-904
-4197
-6425
-5346
-1409
3945
8751
9203
5229
54
-3865
-3727
-65
2903
3209
718
-3308
-6194
-6992
-5861
-2918
611
3419
4788
3692
565
-2031
-2447
-672
2694
5073
3870
271
-3464
-5590
-4628
-1893
293
1319
961
-369
-1715
-2812
-2872
-1473
431
2125
2431
457
-2131
-3497
-3728
-2075
3698
10533
11708
6859
-195
-5862
-6710
-3342
1243
4728
5010
2242
-1884
-5644
-6334
-3537
957
5545
6171
1798
-3100
-6138
-5363
-421
3825
4804
3368
436
-1649
-1821
-1146
139
1579
2268
2114
750
-1830
-3657
-3370
-1713
870
3066
2393
-294
-2613
-3573
-2395
-140
1087
936
-197
-1531
-1989
-1650
-954
223
1223
1341
475
-1358
-2942
-2828
-1592
-269
3098
8685
10883
7680
2236
-2943
-4728
-2668
458
2988
3250
537
-3318
-6733
-7556
-4547
272
4954
6467
3044
-1497
-4186
-3689
543
4507
5400
3822
316
-2869
-3963
-3688
-2187
289
2396
3436
2861
665
-1789
-3225
-3017
-1078
1154
1349
-529
-2606
-3521
-2617
-609
1041
1629
1208
600
437
533
833
981
415
-596
-1965
-3387
-3818
-2983
-1558
-829
842
5529
9208
8833
5729
1266
-1640
-1511
-178
1308
1688
-37
-2551
-5142
-6734
-5904
-3555
155
3525
3002
351
-1738
-2335
179
3317
4292
3747
1492
-1193
-2437
-2867
-2677
-1702
-396
1093
1635
338
-1798
-3550
-3890
-2066
878
2472
1907
448
-874
-1234
-348
788
1587
2021
1830
1225
501
-394
-1077
-1102
-567
-433
-1348
-2321
-2635
-1980
-1041
-419
2973
8820
11303
9283
4637
-1005
-3885
-3312
-1323
747
717
-1772
-4925
-7344
-6886
-3697
321
4230
4919
1942
-853
-2324
-1316
2129
4228
3962
1789
-1844
-4091
-3905
-2724
-942
663
1258
1170
302
-1266
-2525
-2624
-1447
692
2227
1571
32
-970
-1348
-283
1484
2611
3094
2496
1240
107
-1133
-2047
-2204
-1823
-1328
-1683
-2662
-3110
-2674
-1452
-275
1959
6896
10654
10124
6561
964
-3507
-4268
-2764
-442
946
-154
-2683
-5363
-6367
-4471
-1006
3253
6012
4744
1939
-612
-1947
-243
1897
2596
2270
-170
-2991
-4278
-4742
-3717
-1443
534
2013
2311
1101
-142
-794
-625
730
2168
2136
556
-1479
-2933
-2841
-1156
898
2139
2034
869
-557
-1586
-1590
-808
-76
164
-686
-2346
-3357
-3263
-2143
-649
843
4419
8466
8575
5662
1387
-3019
-4120
-2169
371
2320
1832
-804
-3655
-5505
-4925
-2232
1192
4022
3666
693
-1858
-3353
-2348
906
3074
3584
2286
-419
-1976
-2309
-1947
-628
511
992
1035
175
-1201
-2088
-2084
-849
1242
2513
2111
891
-411
-1168
-397
1213
2207
2127
884
-609
-1508
-2054
-2253
-1964
-1395
-1043
-1445
-2024
-2192
-1675
-413
790
3096
6996
8693
7011
3779
-598
-3410
-2956
-1330
463
1138
-482
-2817
-4577
-4710
-2404
914
3873
4687
2434
-300
-1995
-2189
-311
1340
1662
1083
-877
-2602
-2952
-2425
-767
1264
2429
2685
1929
542
-541
-1036
-660
366
1061
792
-172
-1184
-1903
-1581
-64
1256
1574
850
-454
-1393
-1782
-1667
-1177
-613
-182
-458
-1253
-1821
-1878
-1238
-535
389
3316
6382
6467
4558
1418
-1912
-2684
-1359
422
1843
1346
-772
-3103
-4647
-4221
-2144
365
2138
1615
-279
-1779
-2666
-1770
239
1584
2676
2438
615
-841
-1851
-1751
94
1811
2548
2440
1138
-406
-1388
-1852
-1242
181
1173
1094
-57
-1416
-1896
-1097
523
1752
1914
1143
97
-758
-1467
-1792
-1411
-557
50
-66
-734
-1578
-2101
-1938
-893
1609
5040
6705
5519
2780
-378
-2107
-1325
653
2236
2276
354
-2406
-4477
-4809
-3115
-426
1684
1952
415
-1512
-2589
-2102
-142
1929
3133
2938
1257
-482
-1262
-996
341
1706
1893
1199
-3
-1289
-2002
-2259
-1920
-800
250
465
-172
-1237
-1834
-1085
601
2008
2505
1980
931
121
-376
-861
-1123
-1165
-1245
-1476
-2002
-2450
-2241
-1471
-82
2306
5057
6496
5740
3565
1159
-489
-791
-25
649
618
-229
-2011
-3779
-4379
-3463
-1384
737
1608
769
-962
-2065
-1630
161
2164
3014
2364
880
-678
-1370
-969
-139
904
1621
1404
556
-565
-1582
-1848
-1372
-456
300
51
-782
-1437
-1692
-912
501
1436
1739
1414
604
-131
-584
-897
-995
-814
-607
-712
-1263
-2051
-2314
-1704
-413
1605
3775
5090
4911
3318
1411
76
-381
265
1134
1103
178
-1507
-3307
-4169
-3685
-1965
0
942
520
-739
-1711
-1521
-229
1697
3208
3313
2269
574
-969
-1466
-1224
-395
712
1131
662
-498
-1764
-2267
-1960
-990
181
625
318
-185
-629
-444
549
1592
2110
1941
1094
-88
-1074
-1653
-1782
-1500
-1002
-678
-690
-1024
-1434
-1230
-185
1661
3833
5094
4829
3261
1220
-49
-304
189
847
701
-374
-1967
-3391
-3673
-2673
-880
884
1509
835
-425
-1478
-1549
-534
888
2055
2312
1527
321
-807
-1258
-802
151
1210
1684
1329
345
-1022
-1973
-2125
-1658
-800
-248
-372
-771
-1019
-799
2
991
1578
1592
1049
139
-704
-1238
-1459
-1344
-1008
-756
-790
-1129
-1524
-1358
-183
1865
3755
4407
3699
2211
870
326
520
941
1081
581
-509
-1741
-2750
-3188
-2765
-1620
-313
391
238
-367
-915
-630
486
1607
2288
2122
1177
64
-853
-1263
-1061
-536
9
196
-205
-892
-1585
-1827
-1208
-228
662
1160
960
481
195
142
601
1253
1535
1439
762
-242
-1072
-1615
-1582
-1199
-821
-495
-591
-980
-1189
-757
750
2668
3815
3729
2390
753
-78
-131
301
728
639
93
-882
-1903
-2324
-2136
-1250
46
797
591
-423
-1594
-2006
-1323
102
1415
1860
1510
583
-536
-1134
-1170
-592
387
927
796
84
-922
-1445
-1261
-575
241
720
946
883
569
345
262
415
824
1130
908
188
-777
-1545
-1703
-1380
-901
-548
-500
-700
-840
-703
-36
1162
2420
3168
2976
1930
749
35
-53
235
357
8
-576
-1215
-1690
-1697
-1305
-599
174
686
788
460
55
-145
-150
59
236
130
-86
-414
-767
-879
-764
-425
36
319
240
-34
-176
-11
322
667
823
637
349
116
-68
-119
-192
-353
-422
-458
-530
-647
-749
-787
-718
-558
-360
-225
-186
-136
24
429
1061
1609
1762
1487
824
39
-444
-541
-317
46
106
-101
-363
-537
-454
-136
241
497
493
179
-219
-576
-759
-682
-488
-197
81
203
159
-50
-216
-200
-64
174
329
266
120
-51
-157
-56
168
388
568
552
359
123
-94
-129
-16
48
0
-190
-426
-616
-672
-521
-255
-26
3
-169
-407
-454
-131
538
1243
1538
1298
732
89
-359
-375
-61
269
388
286
68
-69
-15
71
190
261
177
21
-204
-491
-802
-1007
-910
-609
-256
15
70
43
118
267
406
472
405
286
125
-73
-237
-245
-133
60
247
240
135
-52
-141
-92
-50
-5
-54
-252
-522
-784
-940
-874
-579
-274
-58
38
-92
-246
-147
325
958
1408
1450
1102
552
-54
-455
-401
-79
261
468
471
297
12
-190
-219
-94
73
186
180
-13
-367
-787
-1041
-985
-664
-211
144
248
161
68
72
109
200
233
87
-59
-202
-250
-159
-21
194
367
457
459
353
272
243
193
67
-150
-471
-788
-972
-989
-812
-537
-239
-37
-52
-120
-85
231
871
1518
1744
1454
781
3
-551
-706
-447
72
396
321
-57
-553
-725
-457
104
670
854
515
-119
-736
-1083
-989
-639
-251
117
202
74
-76
-254
-168
175
475
662
583
185
-246
-522
-553
-292
83
368
482
374
160
38
101
290
464
475
264
-152
-673
-1040
-1107
-914
-545
-220
-24
77
181
442
830
1193
1368
1259
883
388
-68
-372
-486
-471
-433
-371
-373
-447
-442
-313
21
374
543
576
398
112
-87
-186
-182
-106
-83
-99
-156
-311
-416
-394
-264
-44
66
43
-74
-383
-603
-595
-443
-94
300
517
561
418
183
109
135
211
283
171
-90
-444
-765
-902
-881
-660
-298
35
260
400
537
745
1030
1153
1018
684
249
-153
-500
-729
-857
-870
-781
-639
-434
-180
177
555
830
940
829
608
390
224
139
30
-163
-392
-611
-698
-666
-538
-317
-148
-19
95
122
66
15
-24
-51
24
93
185
282
279
242
187
167
209
237
210
129
10
-175
-414
-664
-809
-756
-464
-39
345
557
563
530
509
625
811
853
691
302
-224
-700
-1026
-1191
-1075
-781
-468
-212
-92
36
288
634
1013
1271
1273
1026
568
14
-425
-755
-968
-1032
-1017
-918
-821
-669
-454
-172
200
560
823
855
692
471
318
273
280
316
269
140
-11
-170
-318
-443
-472
-413
-293
-189
-231
-352
-499
-508
-250
121
461
646
643
593
551
490
441
337
187
72
-126
-433
-716
-958
-1031
-842
-521
-101
260
427
508
504
475
582
741
832
760
438
-44
-498
-806
-882
-761
-589
-446
-399
-409
-401
-332
-80
259
547
691
607
384
164
72
115
209
235
195
81
-74
-240
-430
-514
-449
-320
-239
-210
-220
-260
-180
-10
218
452
615
725
714
609
460
268
86
-80
-254
-433
-551
-669
-688
-537
-322
-24
233
348
399
418
458
568
679
633
402
21
-398
-716
-883
-826
-649
-448
-293
-235
-225
-257
-202
17
313
554
648
563
290
-11
-185
-141
102
327
401
286
32
-246
-462
-513
-428
-219
31
163
151
5
-147
-135
65
362
718
1002
1026
809
436
60
-176
-260
-250
-273
-378
-532
-747
-873
-759
-436
70
579
841
827
644
459
394
385
295
98
-206
-506
-713
-846
-858
-791
-643
-419
-245
-137
-47
94
312
504
578
499
299
65
-87
-168
-141
-31
19
-22
-165
-347
-451
-424
-258
6
237
329
215
-54
-278
-317
-97
338
698
782
592
217
-135
-288
-219
-7
244
358
250
-103
-544
-788
-726
-327
163
458
513
334
80
-65
-17
186
437
596
499
204
-248
-663
-839
-790
-517
-201
20
57
-58
-160
-158
9
261
504
617
527
344
126
-30
-126
-172
-165
-167
-176
-215
-272
-293
-241
-130
39
163
215
254
284
310
293
235
180
104
47
-6
-27
-27
-27
-21
-70
-138
-249
-311
-293
-195
-5
160
279
263
172
102
50
105
168
239
231
72
-121
-297
-395
-384
-267
-120
20
63
-14
-104
-170
-117
54
252
346
308
166
-20
-127
-138
-72
5
54
48
-52
-144
-208
-223
-141
-26
110
194
185
107
38
40
81
151
186
176
133
56
-29
-133
-196
-209
-158
-100
-151
-239
-309
-284
-167
10
174
251
251
146
55
10
20
94
138
127
21
-117
-242
-328
-323
-243
-97
40
70
-5
-87
-80
-2
130
232
224
165
77
-10
-60
-72
-29
41
89
76
9
-68
-93
-22
103
208
248
216
114
15
-49
-69
-13
63
112
91
-13
-148
-242
-232
-128
-26
28
26
-36
-109
-118
-84
9
143
204
171
68
-51
-102
-69
4
78
91
20
-86
-197
-250
-214
-117
16
114
120
28
-74
-107
-73
17
109
153
150
110
21
-54
-52
26
132
199
181
114
52
20
11
42
98
129
111
42
-28
-49
16
110
186
195
127
21
-88
-153
-163
-124
-71
-44
-65
-144
-225
-251
-199
-71
72
177
184
126
51
-3
1
40
90
81
-18
-170
-298
-359
-338
-212
-61
46
54
-31
-116
-149
-80
34
150
211
178
88
-34
-100
-85
-13
77
125
118
33
-57
-103
-60
49
130
169
140
55
-29
-66
-50
9
72
96
72
2
-70
-79
-71
-32
15
8
-39
-100
-159
-159
-100
-22
68
115
99
38
-36
-66
-36
9
63
81
33
-52
-126
-144
-97
-12
79
140
134
71
6
-37
-33
17
74
119
132
110
64
17
2
23
72
124
140
100
16
-60
-81
-47
14
57
67
47
12
-26
-43
-39
-10
25
34
12
-47
-108
-159
-181
-153
-98
-51
-45
-68
-101
-101
-53
5
76
117
122
101
52
7
-27
-39
-29
-14
-17
-49
-56
-50
-46
-6
43
77
87
82
84
80
67
62
77
94
94
74
26
0
-13
12
64
73
52
6
-30
-42
-29
-1
7
6
-11
-23
-33
-45
-61
-62
-37
-12
-6
-39
-97
-154
-184
-196
-170
-130
-93
-77
-94
-88
-51
10
80
116
118
96
51
4
-13
-14
-14
-13
-25
-39
-56
-52
-33
2
62
127
151
130
96
69
69
70
62
52
37
27
32
32
39
53
58
50
22
-16
-46
-55
-45
-35
-48
-58
-56
-36
-3
19
11
5
-4
-28
-51
-85
-112
-118
-126
-119
-106
-94
-73
-59
-34
3
43
90
127
137
115
84
69
57
60
65
56
23
5
13
26
43
52
41
34
33
36
40
28
36
64
82
62
28
5
4
10
8
-14
-46
-71
-80
-64
-50
-44
-35
-22
-16
-25
-27
-15
12
40
61
56
22
-10
-33
-47
-48
-59
-71
-78
-84
-77
-65
-59
-50
-43
-35
-8
26
52
69
51
27
20
19
30
32
58
80
67
32
16
11
1
-2
-3
11
26
26
20
1
-20
-14
-8
8
36
47
46
21
-23
-53
-61
-61
-66
-80
-84
-72
-50
-33
-19
-22
-27
-10
0
12
22
12
-8
-23
-40
-67
-73
-54
-33
-21
-26
-26
-19
-24
-15
-17
-19
6
40
63
62
50
53
80
90
80
65
44
31
42
66
86
82
62
33
14
13
1
-4
-9
-16
-34
-26
9
36
52
42
17
-10
-47
-73
-79
-79
-81
-73
-58
-51
-51
-46
-30
-2
29
47
32
9
-19
-40
-31
-26
-23
-13
-1
6
2
-7
-2
12
33
46
44
45
53
65
80
93
83
71
59
52
50
49
38
27
22
17
9
-5
-28
-49
-63
-65
-61
-70
-67
-58
-39
-22
0
20
39
55
56
34
-10
-66
-95
-91
-78
-59
-63
-66
-62
-57
-35
-18
13
53
75
84
70
47
18
1
7
10
4
2
-4
-16
-33
-36
-21
1
11
13
15
20
27
35
35
25
10
-6
-6
9
15
4
-13
-30
-38
-47
-49
-45
-46
-35
-35
-37
-33
-20
4
23
42
58
69
68
42
-4
-40
-64
-71
-60
-40
-29
-30
-34
-30
-9
20
38
48
41
26
20
13
9
0
-7
-12
-3
9
11
4
-7
-11
-3
10
35
55
52
41
33
27
40
44
45
33
20
14
12
15
-8
-19
-16
-14
-11
-5
0
-1
-15
-16
-4
-7
-7
-4
-5
-6
-10
-6
4
4
-9
-18
-22
-26
-20
-13
-12
-18
-22
-9
0
13
29
39
49
46
29
19
17
11
14
-1
-14
-14
-13
-10
-19
-18
-9
2
23
41
49
47
48
33
16
14
13
18
17
7
-8
-23
-50
-58
-50
-44
-42
-47
-66
-78
-77
-71
-55
-27
-7
8
18
9
11
30
41
43
45
44
26
-2
-19
-30
-27
-10
7
21
41
55
