-3
12
22
63
56
65
81
72
98
129
121
73
27
-1
-15
-47
-69
-67
-54
-82
-128
-173
-215
-200
-139
-92
-106
-135
-181
-210
-190
-152
-117
-85
-52
-7
31
5
-23
-50
-42
16
77
154
150
111
56
9
-20
-23
30
63
91
119
111
59
-20
-81
-78
-33
13
70
115
88
34
-7
-23
-15
21
87
132
96
-4
-82
-115
-116
-92
-83
-86
-103
-163
-178
-141
-59
8
-4
-49
-94
-93
-83
-51
17
63
72
59
47
47
52
17
-1
31
90
144
172
199
175
98
25
2
75
176
218
189
99
-29
-128
-139
-66
42
134
140
99
23
-72
-103
-68
13
76
106
96
64
11
-55
-91
-41
48
115
146
118
24
-57
-67
-25
28
73
112
107
34
-38
-71
-114
-127
-101
-57
-14
-17
-38
-40
-43
-44
-49
-47
-38
-32
-21
-60
-129
-167
-165
-108
2
81
116
78
-33
-152
-178
-119
-54
-10
-56
-144
-223
-269
-253
-171
-82
-5
19
0
-13
-24
-7
13
36
45
28
-27
-73
-67
-31
-15
2
39
42
35
36
51
73
87
116
182
264
298
263
204
115
29
-27
-34
35
96
152
184
167
138
84
65
89
117
152
161
128
130
145
132
80
58
61
36
21
-19
-52
-92
-145
-176
-166
-128
-121
-147
-204
-255
-259
-265
-257
-213
-186
-169
-158
-127
-86
-95
-92
-98
-94
-60
-76
-67
-45
-45
-29
-13
-23
-52
-75
-80
-75
-63
-49
-56
-94
-125
-120
-69
-12
49
116
168
197
193
158
109
93
123
195
259
293
288
275
234
170
130
110
110
117
156
186
190
174
135
142
157
182
239
230
195
145
64
14
-9
13
52
64
55
22
-15
-76
-106
-121
-157
-159
-164
-174
-157
-155
-144
-120
-112
-116
-144
-177
-200
-196
-201
-226
-232
-239
-252
-246
-243
-227
-190
-182
-173
-173
-173
-139
-119
-90
-59
-37
-26
-10
2
10
33
2
-51
-75
-69
-38
15
62
106
118
110
112
151
183
193
210
203
205
183
162
138
100
92
112
126
136
112
63
46
21
10
38
65
69
51
32
-16
-29
0
29
66
92
88
51
-4
-38
-25
-8
11
-2
-30
-37
-33
-42
-39
-41
-52
-31
-10
-5
-13
-18
-13
-24
-20
-16
2
20
6
-7
-25
-48
-70
-73
-51
1
31
47
59
36
-11
-45
-75
-81
-73
-81
-80
-87
-100
-123
-123
-103
-68
-12
28
67
105
115
122
142
153
165
179
176
144
94
65
50
30
5
-24
-35
-57
-100
-125
-103
-48
18
72
91
105
82
40
-5
-21
-3
3
-8
-41
-78
-114
-151
-190
-177
-159
-143
-122
-113
-63
-27
-17
-12
-4
-13
-14
33
95
114
93
27
-12
-4
-5
-5
2
5
-25
-37
-46
-56
-44
-46
-54
10
74
112
120
81
64
78
84
103
92
48
37
13
11
-2
-18
-35
-55
-36
-19
7
27
25
23
11
-2
8
-7
-30
-30
-55
-48
-42
-46
-29
-44
-46
-29
-7
-4
-26
-40
-48
-41
-11
11
24
40
36
21
9
20
26
5
-20
-33
-34
-48
-72
-85
-73
-49
-44
-32
12
43
36
22
13
-12
-7
27
36
60
88
100
123
153
161
137
124
120
104
80
50
26
49
62
43
37
6
-31
-28
-4
6
21
19
-27
-23
12
14
-1
-5
-34
-23
6
-17
-28
-56
-107
-130
-137
-128
-111
-101
-91
-73
-30
1
7
19
13
9
11
5
9
6
-17
-19
3
13
-5
-18
-36
-38
-15
-10
13
25
-8
-30
-24
-39
-66
-84
-105
-78
-30
-7
-5
-2
-13
-48
-52
-52
-71
-60
-26
11
42
56
65
50
43
31
5
-13
-11
11
4
19
41
50
57
76
95
127
163
144
88
50
32
6
-24
-34
-28
2
12
11
28
4
-16
-14
-29
-51
-53
-60
-46
-6
11
14
15
4
-11
6
16
16
25
3
-21
17
66
82
93
75
35
29
40
38
34
8
-26
-8
21
23
17
-1
-28
-15
0
5
18
18
-9
-28
-14
-31
-58
-81
-107
-96
-76
-69
-73
-89
-104
-112
-112
-111
-103
-92
-84
-65
-33
2
28
37
29
10
0
4
9
4
-11
-2
26
56
54
51
51
36
36
52
85
102
87
77
110
137
142
142
107
56
30
36
58
64
41
-26
-64
-57
-45
-28
-27
-34
-48
-43
-25
-13
-17
-44
-75
-98
-72
-34
13
31
22
30
44
68
70
31
-26
-70
-94
-63
-4
14
10
-10
-27
-22
-48
-77
-91
-77
-59
-75
-70
-55
-47
-63
-62
-21
15
50
53
35
33
46
56
52
24
-17
-34
-8
26
27
17
30
40
25
11
8
2
19
40
46
57
32
19
8
-14
-20
6
27
4
-11
-5
-11
-18
-39
-49
-23
-7
24
52
22
-27
-26
4
27
40
28
-9
-19
-3
42
91
107
109
100
92
89
104
89
13
-50
-84
-67
-23
-25
-43
-58
-53
-41
-33
-54
-91
-85
-78
-81
-58
-48
-53
-55
-74
-82
-87
-85
-70
-53
-49
-52
-24
-2
6
5
3
13
16
31
76
106
83
83
95
77
42
26
69
116
119
86
67
73
78
58
39
41
37
34
10
-31
-49
-52
-55
-55
-48
-17
32
46
33
2
-25
-40
-34
-27
-35
-54
-79
-89
-111
-166
-213
-173
-107
-79
-63
-52
-17
26
47
38
22
33
80
121
124
114
74
48
27
17
14
-4
3
18
35
28
12
-13
-11
15
11
14
48
45
17
19
38
42
14
-13
-20
-9
15
23
6
-40
-59
-26
15
34
19
-4
-5
16
1
-35
-45
-38
-23
14
44
50
60
70
71
46
12
-16
-44
-38
-30
-34
-37
-34
-11
-4
1
23
69
111
94
46
-15
-26
18
47
47
12
-8
-16
-40
-67
-95
-102
-87
-94
-134
-154
-150
-175
-204
-188
-146
-94
-67
-70
-52
-13
37
83
92
110
145
160
145
131
119
113
128
139
124
75
37
8
-15
-37
-92
-117
-129
-160
-186
-210
-173
-81
28
84
95
84
48
34
0
-36
-41
-27
22
54
52
49
45
65
44
-8
1
53
122
125
103
119
148
214
236
220
207
210
248
219
201
193
138
85
-13
-89
-142
-172
-182
-213
-247
-274
-291
-336
-365
-344
-267
-163
-119
-95
-49
4
44
100
132
130
140
147
155
128
45
-10
0
51
120
130
70
-1
-83
-170
-192
-150
-70
8
56
82
113
130
148
151
108
27
-25
-72
-131
-192
-285
-348
-310
-250
-227
-212
-208
-140
-36
14
35
43
45
68
67
86
126
140
94
48
56
48
19
-45
-82
-83
-70
-25
8
46
114
177
246
237
149
93
7
-84
-162
-249
-233
-147
-95
-42
-39
-92
-92
-57
11
60
38
24
94
184
255
353
441
533
591
549
454
340
265
250
212
144
66
-51
-166
-175
-247
-406
-496
-573
-615
-647
-629
-485
-314
-208
-126
-33
56
130
160
155
142
156
239
308
341
360
313
294
273
226
195
100
26
18
-21
-61
-51
-21
-1
41
114
110
19
-51
-85
-156
-213
-191
-204
-244
-287
-344
-321
-280
-304
-321
-272
-152
-14
58
44
-33
-121
-159
-161
-160
-141
-76
12
99
157
173
156
97
66
48
-16
49
194
238
309
404
568
758
707
673
646
487
466
226
-169
-233
-332
-514
-600
-838
-1014
-867
-776
-692
-497
-454
-359
-93
-43
-171
-138
-104
-33
149
78
19
170
325
613
836
863
797
754
676
482
345
193
-10
-137
-213
-287
-390
-457
-447
-394
-360
-299
-140
69
303
376
346
344
273
177
75
-85
-202
-245
-308
-335
-315
-280
-177
-58
-38
-56
-183
-359
-552
-804
-983
-1078
-1063
-898
-589
-168
398
938
1331
1713
1986
2120
2183
1977
1602
1316
904
417
40
-368
-709
-914
-1095
-1208
-1180
-1128
-1026
-863
-871
-963
-990
-987
-897
-730
-577
-402
-102
223
548
852
1071
1293
1460
1487
1349
1156
850
416
11
-507
-967
-1200
-1468
-1679
-1870
-2113
-2056
-1716
-1399
-1029
-719
-434
186
763
1131
1482
1723
2127
2658
2749
2585
2524
2395
2176
1913
1336
775
430
-22
-409
-758
-1324
-1814
-1929
-2209
-2484
-2618
-3011
-3074
-2751
-2578
-2284
-1742
-1199
-446
349
836
1395
2057
2430
2686
2803
2654
2523
2321
1902
1517
1029
457
101
-278
-723
-1095
-1495
-1730
-1702
-1663
-1568
-1398
-1176
-954
-791
-720
-640
-463
-302
-214
-176
44
397
724
1106
1601
2100
2699
2947
2660
2471
2151
1499
908
100
-825
-1291
-1764
-2149
-2072
-2009
-1850
-1330
-1011
-954
-749
-775
-860
-616
-712
-940
-807
-568
-217
232
475
720
1201
1490
1746
2030
1883
1553
1292
936
579
107
-595
-1208
-1720
-2191
-2454
-2553
-2486
-2119
-1665
-1243
-692
-115
309
587
616
419
312
354
538
820
1036
1346
2001
2707
3183
3486
3499
3322
3047
2392
1333
233
-861
-1853
-2498
-3019
-3491
-3569
-3360
-3013
-2491
-2051
-1702
-1240
-831
-577
-264
-145
27
545
871
1148
1650
2166
2812
3431
3644
3645
3607
3181
2547
1778
694
-304
-1099
-1897
-2466
-2879
-3421
-3458
-3167
-2926
-2535
-2176
-1720
-958
-370
-85
153
416
745
1032
1272
1408
1637
2056
2475
2783
2924
2716
2458
2188
1539
697
-212
-1087
-1764
-2304
-2971
-3573
-3763
-3714
-3426
-2889
-2486
-1924
-1167
-631
-224
75
218
466
689
644
645
901
1211
1592
1982
2139
2329
2538
2457
2254
1885
1169
465
-341
-1150
-1736
-2356
-2877
-2937
-2794
-2721
-2411
-1998
-1443
-605
27
425
899
1215
1371
1597
1789
1874
2072
2314
2596
2981
3325
3447
3364
3239
2772
2023
1152
144
-771
-1601
-2492
-3224
-3643
-3911
-3938
-3712
-3340
-2806
-2119
-1458
-813
-170
316
689
986
1102
1131
1220
1335
1510
1684
1748
1678
1548
1440
1332
1012
523
-20
-692
-1282
-1829
-2473
-2819
-2920
-3008
-2893
-2612
-2195
-1603
-1010
-419
317
1026
1572
2063
2392
2585
2853
3063
3060
3050
2989
2706
2441
2086
1518
964
436
-148
-660
-1247
-1981
-2595
-3043
-3304
-3330
-3321
-3204
-2803
-2287
-1682
-1071
-543
12
602
1151
1610
1981
2302
2533
2626
2579
2391
2133
1849
1511
1191
685
92
-420
-953
-1562
-2237
-2752
-3069
-3236
-3342
-3361
-3157
-2661
-2044
-1377
-705
-19
692
1380
1970
2487
2847
3086
3587
4071
4158
4079
3865
3428
3001
2293
1317
571
-168
-1001
-1759
-2558
-3266
-3683
-3931
-4083
-3990
-3886
-3675
-3117
-2604
-2146
-1591
-999
-324
329
776
1204
1670
2012
2360
2593
2582
2546
2320
1908
1520
850
124
-306
-658
-1128
-1516
-1879
-2184
-2206
-2188
-2189
-2035
-1743
-1296
-631
-5
522
1119
1781
2300
2662
2989
3197
3504
3832
3822
3796
3681
3246
2836
2211
1332
469
-464
-1503
-2441
-3170
-3799
-4134
-4237
-4266
-4082
-3770
-3364
-2748
-2155
-1759
-1291
-802
-237
460
967
1349
1782
2156
2466
2722
2801
2712
2653
2450
1979
1449
794
107
-436
-1061
-1735
-2238
-2542
-2672
-2632
-2607
-2453
-2042
-1578
-1093
-617
-159
428
1037
1442
1861
2322
2708
3278
3789
3880
3775
3595
3301
2897
2196
1176
325
-413
-1252
-2015
-2694
-3301
-3698
-3918
-4114
-4049
-3779
-3473
-2877
-2216
-1740
-1189
-501
170
790
1315
1714
2174
2583
2753
2893
2933
2803
2620
2256
1552
750
93
-477
-923
-1505
-2293
-2807
-3026
-3184
-3232
-3140
-2853
-2332
-1787
-1294
-802
-446
7
768
1430
1925
2403
2871
3444
3968
4093
3980
3876
3572
3077
2377
1388
404
-423
-1196
-1828
-2411
-2996
-3280
-3359
-3514
-3536
-3407
-3136
-2562
-1990
-1450
-746
-105
454
1058
1554
1981
2502
2988
3203
3324
3317
3204
3143
2790
2122
1406
638
-123
-845
-1642
-2335
-2766
-3095
-3271
-3299
-3304
-3127
-2783
-2353
-1848
-1411
-1012
-371
310
811
1386
1893
2442
3263
3805
4013
4130
3961
3650
3113
2120
1101
313
-433
-1102
-1732
-2458
-2852
-2973
-3160
-3215
-3212
-3185
-2781
-2240
-1846
-1343
-785
-214
488
1080
1521
2006
2409
2708
3055
3063
2730
2513
2139
1604
1036
198
-583
-1244
-2111
-2955
-3538
-3904
-4002
-3860
-3697
-3341
-2823
-2362
-1766
-1216
-844
-302
418
1086
1772
2479
3062
3922
4824
5151
5279
5192
4728
4211
3405
2222
1103
110
-856
-1580
-2236
-2915
-3198
-3295
-3471
-3467
-3357
-3208
-2784
-2308
-1881
-1300
-678
-36
667
1260
1744
2246
2667
2971
3215
3178
2943
2791
2383
1695
986
106
-690
-1348
-2060
-2602
-2982
-3339
-3489
-3444
-3424
-3248
-2885
-2437
-1788
-1124
-533
267
1084
1726
2387
3053
3726
4361
4671
4701
4671
4295
3630
2878
1873
778
-262
-1319
-2260
-3035
-3734
-4157
-4253
-4400
-4429
-4246
-4056
-3636
-3126
-2646
-1950
-1065
-233
651
1542
2244
2871
3347
3750
4136
4183
3996
3772
3354
2713
1938
1029
114
-761
-1671
-2412
-2896
-3288
-3437
-3319
-3061
-2700
-2234
-1779
-1355
-907
-636
-247
378
952
1618
2331
3066
3941
4583
4814
4959
4830
4297
3608
2509
1171
-37
-1244
-2294
-3028
-3715
-4264
-4423
-4459
-4458
-4338
-4190
-3879
-3434
-3045
-2525
-1764
-962
-169
616
1350
2189
3032
3586
3980
4224
4174
3961
3636
3009
2282
1485
501
-356
-1198
-2046
-2656
-3144
-3542
-3641
-3540
-3313
-2872
-2444
-1982
-1248
-517
94
826
1470
2054
2768
3421
4115
4837
5182
5305
5409
5124
4576
3784
2543
1283
149
-1099
-2217
-3194
-4088
-4602
-4857
-5079
-5048
-4794
-4489
-3957
-3375
-2900
-2267
-1531
-762
67
817
1578
2419
3138
3633
3979
4094
3959
3645
3054
2251
1376
386
-620
-1502
-2447
-3320
-3782
-4017
-4070
-3872
-3665
-3381
-2885
-2416
-1884
-1178
-638
-25
811
1499
2211
3006
3710
4433
5069
5287
5362
5231
4683
3959
2894
1599
462
-640
-1758
-2594
-3218
-3626
-3679
-3705
-3673
-3469
-3246
-2878
-2377
-1991
-1542
-872
-201
414
1076
1668
2220
2884
3358
3628
3813
3731
3560
3255
2602
1809
852
-221
-1147
-2126
-3156
-3900
-4388
-4662
-4693
-4574
-4296
-3676
-2970
-2345
-1611
-883
-257
535
1257
1756
2345
2875
3530
4305
4767
5086
5340
5272
4946
4237
3067
1858
732
-525
-1709
-2783
-3823
-4374
-4623
-4780
-4636
-4369
-4016
-3420
-2800
-2310
-1686
-1040
-327
508
1199
1829
2567
3297
3761
4066
4194
4074
3934
3582
2867
1991
996
36
-803
-1693
-2591
-3310
-3807
-4096
-4231
-4296
-4048
-3439
-2744
-2061
-1278
-560
135
1091
1889
2484
3086
3531
4044
4640
4791
4753
4644
4268
3767
2878
1635
591
-298
-1305
-2266
-3174
-4036
-4476
-4702
-4951
-4791
-4501
-4170
-3488
-2873
-2373
-1642
-877
-125
705
1388
2034
2800
3391
3741
4019
4056
3930
3852
3541
2900
2029
954
-68
-1035
-2115
-3070
-3746
-4163
-4374
-4395
-4204
-3812
-3320
-2790
-2146
-1405
-734
-49
779
1502
2243
2984
3540
4273
5028
5277
5309
5248
4759
4098
3156
1904
774
-310
-1450
-2420
-3310
-4140
-4474
-4607
-4753
-4602
-4434
-4166
-3564
-2964
-2408
-1637
-838
12
938
1701
2396
3030
3511
3879
4188
4226
4123
3909
3407
2689
1814
896
-22
-972
-2063
-3077
-3820
-4285
-4466
-4395
-4099
-3534
-2736
-2059
-1431
-749
-174
402
1082
1703
2278
2795
3326
4168
4926
5216
5408
5415
5025
4407
3384
2000
680
-548
-1838
-2931
-3782
-4421
-4667
-4712
-4640
-4446
-4193
-3775
-3192
-2579
-1992
-1309
-540
237
998
1693
2314
2894
3369
3704
4044
4180
4045
3803
3362
2656
1752
674
-415
-1437
-2568
-3689
-4446
-4915
-5256
-5319
-5177
-4665
-3965
-3373
-2596
-1726
-983
-185
767
1672
2563
3305
3938
4789
5497
5813
5966
5920
5583
4972
3898
2542
1254
-135
-1519
-2711
-3795
-4591
-5044
-5289
-5242
-5065
-4720
-4115
-3334
-2593
-1914
-1231
-520
286
1007
1716
2438
3096
3647
4101
4372
4358
4099
3710
3209
2388
1413
391
-684
-1709
-2841
-3938
-4699
-5228
-5495
-5381
-4945
-4239
-3411
-2595
-1780
-878
-114
467
1197
1907
2560
3279
3889
4632
5514
6041
6284
6340
6000
5248
4083
2712
1338
-14
-1348
-2572
-3594
-4407
-4863
-5048
-5037
-4722
-4314
-3756
-2942
-2248
-1603
-922
-234
517
1216
1805
2378
3000
3545
3954
4202
4298
4237
3988
3479
2727
1738
647
-449
-1525
-2587
-3655
-4480
-4971
-5242
-5313
-5215
-4827
-4107
-3358
-2605
-1797
-917
-89
715
1523
2268
3036
3714
4355
5064
5517
5580
5503
5261
4708
3930
2870
1549
256
-1101
-2565
-3810
-4829
-5604
-5904
-5949
-5788
-5328
-4696
-3860
-2851
-1926
-1045
-55
806
1552
2229
2727
3283
3752
3947
4114
4184
4075
3880
3516
2980
2249
1286
203
-935
-2093
-3332
-4391
-5099
-5502
-5562
-5397
-5047
-4263
-3336
-2399
-1418
-515
407
1203
1953
2602
3121
3735
4419
5086
5661
5838
5790
5595
5047
4231
3138
1821
476
-820
-2128
-3312
-4305
-5118
-5459
-5492
-5429
-5046
-4520
-3820
-2879
-2032
-1217
-315
500
1283
2013
2627
3218
3781
4150
4367
4446
4179
3743
3180
2458
1676
731
-305
-1242
-2168
-3146
-4054
-4810
-5311
-5403
-5308
-5081
-4479
-3663
-2720
-1636
-613
408
1365
2125
2780
3321
3786
4235
4701
5173
5549
5553
5401
5115
4488
3619
2426
1058
-234
-1460
-2685
-3729
-4518
-5064
-5271
-5270
-5041
-4587
-4035
-3297
-2418
-1595
-760
145
925
1705
2418
2863
3223
3504
3565
3526
3396
3053
2589
1969
1235
519
-334
-1239
-2033
-2812
-3559
-4234
-4770
-4998
-4913
-4689
-4326
-3599
-2609
-1521
-341
700
1678
2576
3280
3882
4222
4402
4637
4780
4942
4961
4583
4259
3869
3189
2280
1093
-228
-1458
-2615
-3739
-4612
-5217
-5557
-5429
-5150
-4773
-4050
-3250
-2337
-1280
-425
354
1200
1820
2342
2771
2968
3174
3323
3247
3137
2951
2598
2208
1660
890
200
-662
-1709
-2525
-3327
-4000
-4421
-4807
-4849
-4483
-4117
-3501
-2639
-1816
-864
74
852
1677
2467
3055
3675
4154
4311
4534
4707
4755
4751
4348
3836
3308
2467
1500
433
-810
-1864
-2780
-3735
-4341
-4627
-4792
-4548
-4089
-3668
-3012
-2268
-1534
-586
191
802
1549
2086
2567
3045
3198
3292
3361
3166
2928
2599
2105
1621
1016
291
-337
-954
-1713
-2308
-2858
-3482
-3877
-4271
-4444
-4184
-3928
-3428
-2583
-1680
-626
445
1292
2095
2737
3174
3691
3907
3849
3900
3909
3825
3762
3380
2904
2553
1927
1177
336
-834
-1923
-2777
-3741
-4436
-4763
-5001
-4748
-4151
-3596
-2798
-1904
-1119
-250
518
1071
1653
2121
2403
2603
2614
2632
2681
2467
2169
1911
1467
951
375
-372
-878
-1383
-2080
-2544
-2988
-3454
-3669
-3865
-3920
-3528
-3101
-2576
-1712
-818
161
1197
1921
2493
3023
3187
3386
3549
3292
3195
3201
3080
3104
2869
2339
2093
1729
1039
380
-490
-1349
-1895
-2488
-2952
-3154
-3343
-3247
-2767
-2313
-1711
-919
-230
552
1269
1711
2109
2385
2381
2310
2142
1875
1643
1292
906
619
215
-217
-549
-1108
-1636
-2092
-2791
-3256
-3545
-3937
-4094
-4127
-3997
-3471
-2874
-2252
-1494
-700
166
1091
1915
2491
2975
3257
3303
3385
3094
2647
2463
2161
1958
1797
1360
1132
1025
671
291
-164
-737
-1061
-1367
-1761
-1879
-1870
-1784
-1398
-986
-641
-88
413
874
1441
1738
1923
2121
2110
1984
1736
1381
1009
645
222
-171
-438
-675
-857
-989
-1174
-1341
-1561
-1795
-1935
-2150
-2313
-2386
-2410
-2095
-1669
-1275
-681
-16
663
1376
1955
2267
2535
2702
2540
2436
2214
1665
1323
1030
681
658
469
82
65
-15
-257
-449
-934
-1415
-1629
-2012
-2357
-2389
-2442
-2292
-1814
-1450
-983
-422
-115
236
523
583
718
813
713
607
481
296
178
31
-135
-226
-324
-397
-397
-471
-471
-488
-747
-894
-1033
-1253
-1346
-1457
-1455
-1120
-789
-427
148
803
1514
2101
2500
2681
2718
2567
2295
2210
1935
1522
1352
1242
1344
1514
1359
1303
1362
1229
1054
733
209
-129
-445
-977
-1326
-1570
-1839
-1781
-1594
-1441
-1034
-671
-396
-49
107
174
240
64
-195
-408
-733
-1051
-1279
-1518
-1583
-1476
-1427
-1328
-1241
-1170
-1035
-1051
-1077
-1076
-1207
-1274
-1416
-1551
-1328
-1056
-734
-179
348
928
1551
1992
2296
2454
2347
2024
1814
1562
1118
859
775
832
1169
1355
1361
1620
1814
1838
1779
1406
930
652
211
-343
-654
-963
-1097
-917
-892
-708
-230
-29
174
358
242
220
127
-247
-575
-876
-1167
-1275
-1304
-1347
-1264
-1124
-987
-800
-658
-474
-372
-504
-566
-611
-802
-964
-1245
-1449
-1333
-1286
-1105
-698
-332
211
793
1117
1298
1363
1180
933
814
512
189
80
66
339
787
963
1297
1774
1870
1891
1768
1391
1134
810
215
-215
-496
-821
-861
-789
-804
-552
-244
-30
274
395
366
383
249
-65
-411
-799
-1068
-1170
-1293
-1338
-1195
-987
-695
-449
-208
109
152
63
-78
-366
-569
-843
-1171
-1172
-1195
-1174
-763
-378
-1
531
936
1185
1305
1119
807
663
431
90
77
203
410
955
1322
1542
1956
2168
2141
2066
1644
1094
672
45
-562
-908
-1310
-1491
-1279
-1216
-1109
-863
-776
-570
-426
-523
-479
-479
-655
-824
-1039
-1189
-1162
-1064
-889
-620
-359
-33
364
624
898
1058
930
800
501
114
-75
-424
-683
-643
-674
-521
-235
9
421
775
955
1047
944
706
465
358
185
-74
-121
19
456
1113
1547
1922
2427
2665
2606
2342
1724
980
383
-402
-1152
-1580
-2012
-2169
-2039
-2012
-1854
-1640
-1560
-1367
-1269
-1290
-1204
-1181
-1237
-1252
-1200
-1058
-834
-629
-464
-166
255
711
1076
1325
1517
1470
1282
1015
573
175
-284
-841
-1070
-1251
-1395
-1218
-1024
-702
-234
133
472
646
519
316
243
241
145
114
306
719
1347
1980
2414
2876
3343
3468
3332
2968
2236
1510
859
15
-637
-1231
-1822
-1890
-1859
-1901
-1733
-1681
-1554
-1282
-1313
-1368
-1369
-1532
-1698
-1699
-1618
-1422
-1099
-846
-445
96
490
907
1212
1337
1365
1148
904
593
31
-487
-1056
-1542
-1675
-1869
-1889
-1641
-1393
-916
-353
69
404
601
694
652
586
659
666
765
1009
1309
1875
2421
2712
3128
3484
3488
3437
3064
2297
1674
862
-70
-649
-1319
-1888
-1988
-2102
-2096
-1832
-1718
-1542
-1356
-1396
-1346
-1291
-1456
-1515
-1449
-1352
-1043
-615
-219
307
845
1226
1566
1806
1936
1792
1346
900
376
-189
-745
-1455
-1929
-2231
-2574
-2577
-2423
-2155
-1685
-1265
-761
-241
127
497
643
729
999
1111
1341
1768
2116
2649
3146
3362
3723
3878
3585
3280
2630
1684
910
-40
-979
-1668
-2448
-2921
-3059
-3301
-3304
-3099
-2941
-2566
-2218
-2023
-1730
-1423
-1212
-949
-647
-473
-224
114
458
903
1278
1627
1950
2228
2407
2195
1818
1428
818
149
-613
-1370
-1800
-2194
-2437
-2273
-1977
-1439
-810
-331
246
709
950
1103
1164
1316
1371
1247
1376
1604
1970
2571
2844
3063
3442
3309
2957
2528
1507
605
-161
-1287
-2082
-2706
-3357
-3440
-3466
-3560
-3100
-2651
-2368
-1885
-1629
-1479
-1128
-972
-821
-444
-237
30
512
880
1269
1666
1862
2028
2147
2098
1839
1311
768
221
-439
-1062
-1743
-2301
-2603
-2808
-2674
-2348
-1968
-1438
-995
-447
233
702
1089
1346
1529
1868
2052
2165
2482
2762
3161
3621
3740
3950
4042
3625
3163
2391
1232
283
-780
-1958
-2656
-3249
-3699
-3624
-3589
-3496
-3035
-2661
-2229
-1763
-1565
-1266
-847
-612
-246
190
405
779
1181
1433
1741
1817
1720
1700
1467
1109
811
284
-288
-779
-1490
-2163
-2638
-3015
-3248
-3305
-3095
-2544
-1829
-1116
-365
293
794
1251
1521
1665
1884
1975
2101
2356
2530
2844
3194
3241
3275
3284
2926
2417
1741
823
3
-798
-1694
-2337
-2817
-3167
-3116
-2982
-2841
-2419
-1972
-1555
-991
-617
-391
-37
207
379
596
691
862
1133
1273
1492
1715
1761
1821
1732
1277
778
242
-403
-947
-1582
-2225
-2501
-2715
-2883
-2767
-2622
-2276
-1651
-1128
-593
34
497
920
1254
1314
1523
1774
1881
2149
2324
2494
2894
3062
3040
3093
2833
2381
1890
976
0
-777
-1660
-2399
-2903
-3372
-3389
-3112
-2968
-2650
-2229
-1934
-1477
-1024
-807
-521
-241
-50
246
486
740
1106
1299
1405
1487
1462
1463
1457
1287
1011
702
252
-273
-832
-1478
-1955
-2189
-2291
-2199
-2018
-1727
-1133
-442
247
942
1450
1889
2269
2369
2393
2470
2362
2299
2369
2324
2484
2705
2632
2595
2484
2049
1548
838
-193
-1112
-2003
-2902
-3494
-4026
-4365
-4204
-3983
-3670
-3081
-2532
-1912
-1233
-828
-492
-104
140
354
549
662
829
1046
1168
1268
1365
1404
1429
1376
1075
587
107
-409
-889
-1379
-1946
-2302
-2406
-2387
-2202
-1905
-1425
-772
-187
374
947
1332
1619
1805
1763
1804
1892
1844
1916
2011
2056
2333
2525
2522
2565
2407
1985
1526
853
20
-650
-1258
-1815
-2225
-2582
-2710
-2492
-2189
-1868
-1508
-1145
-752
-420
-179
37
200
321
392
435
513
669
854
929
939
911
879
834
700
437
-13
-493
-967
-1524
-2100
-2580
-2847
-2895
-2829
-2590
-2139
-1551
-853
-98
510
934
1361
1644
1633
1602
1645
1627
1742
1903
2000
2300
2534
2528
2572
2454
2066
1676
1167
389
-379
-1112
-1772
-2212
-2598
-2742
-2471
-2094
-1693
-1149
-606
-93
277
323
285
289
269
212
121
74
166
358
516
687
832
785
679
534
196
-169
-553
-923
-1209
-1604
-1993
-2154
-2147
-2072
-1938
-1706
-1277
-738
-221
356
846
1181
1566
1733
1631
1723
1730
1610
1703
1684
1758
2121
2193
2197
2268
1946
1593
1241
530
-164
-782
-1472
-1955
-2346
-2710
-2684
-2479
-2290
-1871
-1457
-1107
-604
-275
-205
-160
-179
-182
-148
-179
-127
72
296
487
699
871
1016
1116
960
655
311
-90
-401
-762
-1210
-1456
-1568
-1694
-1678
-1466
-1107
-612
-159
229
686
1036
1290
1561
1534
1380
1373
1224
1098
1079
1021
1271
1589
1645
1787
1858
1680
1515
1128
443
-153
-759
-1406
-1859
-2330
-2658
-2496
-2253
-1983
-1507
-1118
-719
-252
-29
62
141
135
151
132
13
38
260
457
656
905
1047
1135
1186
1014
753
439
16
-387
-857
-1336
-1608
-1782
-1857
-1752
-1511
-1087
-584
-108
407
894
1185
1437
1657
1565
1462
1402
1184
1129
1130
1113
1416
1621
1605
1744
1693
1480
1304
736
56
-444
-1119
-1714
-2122
-2585
-2665
-2434
-2312
-1976
-1549
-1293
-939
-661
-615
-476
-411
-472
-373
-305
-262
-8
243
388
569
653
728
867
834
660
447
169
-136
-497
-967
-1323
-1497
-1633
-1662
-1488
-1135
-642
-167
241
666
1034
1216
1361
1373
1195
1192
1162
1097
1240
1343
1531
1924
2089
2161
2243
2052
1815
1474
794
165
-377
-979
-1359
-1660
-1957
-1905
-1725
-1551
-1208
-990
-757
-406
-286
-252
-215
-287
-299
-311
-395
-324
-136
15
174
347
491
655
779
709
572
323
-71
-443
-881
-1342
-1620
-1824
-1921
-1826
-1614
-1270
-817
-349
100
508
834
1026
1124
1027
877
858
706
598
673
718
1060
1539
1708
2001
2210
2070
1972
1628
926
393
-178
-849
-1332
-1803
-2082
-2018
-1947
-1804
-1475
-1185
-835
-495
-370
-289
-204
-253
-295
-327
-376
-298
-170
-100
46
248
507
813
958
913
830
660
346
-30
-557
-1018
-1283
-1454
-1495
-1409
-1231
-899
-402
95
569
1043
1389
1632
1748
1616
1533
1499
1324
1281
1291
1350
1673
1825
1836
2033
2008
1830
1625
1072
440
-144
-880
-1486
-1990
-2545
-2819
-2873
-2872
-2642
-2340
-2045
-1624
-1339
-1225
-1041
-891
-778
-661
-688
-621
-372
-191
20
233
319
535
718
646
596
482
259
46
-305
-648
-845
-1018
-1132
-1146
-1034
-814
-478
-56
304
661
1045
1282
1501
1626
1487
1480
1526
1422
1489
1604
1774
2202
2379
2430
2675
2630
2404
2088
1429
817
291
-374
-925
-1451
-1948
-2096
-2143
-2195
-2053
-1877
-1602
-1191
-1025
-921
-738
-675
-600
-536
-521
-320
-113
70
373
590
768
972
1001
900
723
415
146
-233
-788
-1280
-1619
-1877
-2092
-2241
-2158
-1855
-1489
-1075
-670
-228
167
413
607
699
641
748
871
830
946
1132
1444
1930
2117
2181
2337
2275
2134
1854
1231
634
26
-653
-1159
-1676
-2115
-2171
-2083
-1942
-1711
-1465
-1155
-851
-697
-575
-459
-400
-378
-362
-241
-3
234
468
713
879
1067
1272
1354
1334
1233
1059
860
448
-96
-583
-985
-1259
-1489
-1668
-1571
-1340
-1080
-695
-319
56
477
756
972
1110
1041
1172
1320
1256
1324
1403
1535
1906
2026
2019
2219
2152
1926
1661
1041
374
-182
-832
-1390
-1857
-2321
-2512
-2550
-2590
-2451
-2196
-1923
-1611
-1409
-1149
-830
-623
-402
-235
-60
185
358
559
832
974
1171
1349
1323
1301
1098
717
413
-69
-681
-1167
-1558
-1754
-1866
-1966
-1803
-1470
-1103
-641
-215
234
629
881
1163
1293
1271
1384
1426
1339
1373
1312
1380
1716
1766
1802
2024
1928
1701
1473
909
403
-99
-881
-1459
-1882
-2369
-2489
-2443
-2473
-2313
-2113
-1876
-1479
-1236
-1070
-774
-608
-464
-268
-96
170
515
871
1183
1368
1497
1609
1620
1508
1267
997
692
232
-282
-789
-1234
-1589
-1978
-2244
-2105
-1801
-1409
-822
-266
283
763
973
1216
1421
1361
1451
1496
1377
1494
1660
1929
2481
2718
2746
2934
2811
2507
2146
1369
474
-333
-1286
-1998
-2548
-3126
-3331
-3373
-3380
-3117
-2749
-2343
-1868
-1557
-1276
-963
-841
-735
-567
-422
-220
-50
199
600
951
1323
1608
1726
1765
1541
1234
970
514
51
-381
-923
-1352
-1760
-2037
-1922
-1692
-1379
-792
-110
662
1439
1832
2056
2195
1991
1826
1739
1401
1234
1206
1216
1668
2166
2449
2793
2862
2492
2030
1293
309
-602
-1615
-2587
-3284
-3888
-4192
-3984
-3621
-3219
-2679
-2192
-1679
-1111
-674
-277
114
225
177
236
218
262
541
913
1377
1875
2108
2243
2341
2042
1569
1006
114
-756
-1520
-2247
-2669
-3011
-3224
-3033
-2699
-2239
-1528
-851
-165
606
1174
1626
1983
1909
1738
1715
1504
1284
1279
1360
1795
2412
2680
3152
3569
3341
2946
2200
892
-227
-1385
-2637
-3205
-3668
-3999
-3623
-3168
-2707
-2004
-1504
-1084
-593
-463
-315
3
91
187
362
421
519
688
787
1001
1197
1258
1389
1345
1160
1037
770
258
-496
-1427
-2203
-2663
-2992
-3071
-2747
-2147
-1484
-761
47
778
1439
1911
2183
2389
2290
1981
1971
1912
1713
1737
1622
1801
2404
2438
2578
3019
2822
2589
2090
820
-102
-962
-2172
-2785
-3419
-4144
-3917
-3568
-3246
-2355
-1791
-1332
-631
-549
-461
-46
-100
-84
109
47
184
328
304
598
789
753
958
991
857
802
488
-1
-550
-1365
-2052
-2464
-2827
-3037
-3016
-2648
-1916
-1072
-271
555
1411
2121
2461
2627
2530
2054
1836
1608
1280
1424
1569
1953
2807
3084
3226
3657
3396
2998
2483
1230
185
-944
-2431
-3190
-3762
-4396
-4179
-3787
-3531
-2844
-2287
-1695
-863
-575
-434
-201
-419
-689
-802
-1017
-890
-644
-578
-151
354
707
1117
1299
1327
1328
1092
731
209
-506
-1043
-1389
-1674
-1950
-2082
-1750
-1116
-445
253
999
1838
2621
2996
3029
2878
2323
1706
1341
847
500
492
727
1407
2096
2471
2955
3283
3054
2474
1545
424
-644
-1782
-2780
-3370
-3814
-4022
-3775
-3342
-2805
-2057
-1330
-644
-57
225
369
326
49
-196
-360
-468
-383
-229
-40
423
886
1240
1582
1737
1657
1394
996
416
-382
-1173
-1716
-2058
-2428
-2715
-2605
-2084
-1454
-840
-211
491
1344
1966
2218
2370
2201
1622
1174
956
754
745
985
1527
2306
2817
3086
3469
3465
2994
2314
1135
-222
-1373
-2495
-3381
-3906
-4361
-4401
-3908
-3396
-2791
-2096
-1453
-883
-566
-462
-377
-405
-582
-675
-739
-671
-420
-176
167
549
808
1192
1557
1524
1319
1019
572
123
-557
-1268
-1603
-1863
-2138
-2125
-1863
-1407
-724
48
872
1682
2265
2518
2607
2572
2181
1663
1400
1098
811
859
1142
1757
2461
2854
3251
3598
3446
2998
2308
1148
-73
-1309
-2544
-3433
-4131
-4568
-4447
-4058
-3522
-2718
-1859
-1100
-475
-71
191
368
271
56
-86
-258
-368
-264
-53
221
533
916
1336
1565
1517
1335
1104
735
122
-724
-1449
-1859
-2200
-2508
-2523
-2179
-1587
-860
-59
783
1433
1819
2067
2061
1743
1197
529
154
69
-63
3
366
887
1692
2248
2456
2854
2871
2367
1799
778
-323
-1117
-2170
-2903
-3096
-3297
-2967
-2285
-1842
-1116
-327
22
390
588
415
424
303
38
-4
-269
-457
-226
-19
238
614
915
1397
1785
1753
1693
1612
1320
857
123
-620
-1099
-1593
-2117
-2378
-2421
-2297
-1924
-1311
-638
-52
435
650
675
674
441
30
-151
-327
-484
-314
-56
537
1525
2095
2493
3104
3212
3046
2657
1522
470
-386
-1586
-2458
-3028
-3461
-3349
-3094
-2764
-2040
-1248
-528
213
575
661
642
499
483
377
53
-26
76
242
636
1010
1546
2141
2285
2189
1967
1579
1191
559
-323
-1116
-1783
-2349
-2763
-2979
-2828
-2399
-1964
-1426
-741
-23
614
993
1087
1038
816
444
250
146
63
245
625
1189
2034
2830
3417
3840
3861
3389
2653
1685
537
-469
-1490
-2526
-3150
-3491
-3712
-3598
-3309
-2905
-2157
-1540
-1094
-570
-377
-462
-576
-789
-908
-861
-855
-609
-101
359
925
1556
2124
2710
3055
2910
2568
2045
1335
493
-525
-1334
-1898
-2372
-2561
-2422
-2011
-1359
-653
-11
677
1331
1705
1948
2042
1974
1633
1170
1051
929
860
1043
1274
1893
2875
3457
3759
3938
3456
2677
1791
506
-660
-1727
-2948
-3805
-4355
-4595
-4242
-3741
-3229
-2481
-1758
-1115
-425
-146
-209
-325
-628
-939
-1158
-1322
-1202
-835
-412
69
632
1190
1641
1944
1842
1601
1272
583
-148
-947
-1919
-2614
-3062
-3412
-3308
-2909
-2371
-1574
-887
-293
484
1098
1470
1690
1579
1381
1115
731
636
752
865
1169
1689
2388
3136
3499
3715
3919
3757
3204
2371
1274
59
-1107
-2138
-2806
-3048
-3078
-2808
-2270
-1775
-1124
-410
24
372
598
461
251
-37
-435
-636
-731
-808
-615
-162
325
916
1484
1863
2057
1976
1682
1193
463
-349
-1227
-1977
-2413
-2698
-2727
-2501
-2024
-1342
-714
-70
704
1333
1676
1810
1705
1516
1340
860
522
568
452
472
710
1018
1720
2269
2354
2626
2748
2343
1770
757
-480
-1376
-2312
-3107
-3388
-3642
-3599
-3073
-2713
-2212
-1387
-880
-468
-145
-201
-187
-201
-597
-862
-943
-1086
-857
-476
-181
400
981
1307
1704
1918
1726
1477
996
308
-333
-1230
-2019
-2226
-2436
-2539
-2201
-1798
-1060
-65
502
1093
1776
1988
2058
1925
1484
1277
976
431
397
565
792
1418
1941
2526
3286
3392
3387
3497
2900
2180
1433
240
-574
-1144
-1957
-2315
-2387
-2460
-1987
-1546
-1351
-768
-396
-380
-223
-463
-824
-797
-1090
-1435
-1406
-1480
-1345
-940
-780
-358
314
576
851
1167
1031
784
360
-354
-872
-1498
-2331
-2648
-2763
-2890
-2602
-2253
-1703
-775
-156
456
1277
1625
1688
1620
1165
790
533
95
87
404
514
901
1470
1990
2800
3227
3197
3469
3260
2557
1960
901
-49
-565
-1341
-1860
-1881
-2058
-1846
-1311
-1230
-819
-182
-35
197
290
-20
-32
-243
-853
-974
-966
-1009
-662
-341
65
658
900
1062
1364
1322
1047
751
253
-279
-843
-1607
-2058
-2158
-2362
-2241
-1785
-1278
-466
210
669
1276
1549
1506
1449
1137
710
367
-116
-426
-217
54
441
1019
1436
2205
2868
2759
2867
2866
2310
1751
764
-395
-1067
-1817
-2541
-2709
-2779
-2697
-2200
-1910
-1664
-1170
-910
-694
-482
-595
-707
-835
-1191
-1314
-1356
-1492
-1228
-781
-323
271
688
1031
1416
1590
1448
1145
807
434
105
-306
-871
-1208
-1324
-1416
-1292
-1002
-518
148
634
1112
1629
1808
1764
1512
1070
816
393
-317
-462
-225
-70
277
702
1348
2410
2859
2807
2977
2689
2080
1452
410
-527
-1195
-2040
-2582
-2776
-2961
-2732
-2185
-1661
-952
-250
155
472
581
343
73
-219
-524
-686
-824
-754
-489
-205
158
508
783
1022
1219
1294
1116
704
238
-330
-853
-1342
-1842
-2016
-2021
-1945
-1550
-961
-257
566
1189
1688
2100
2197
2146
1863
1185
632
138
-572
-831
-783
-763
-311
258
909
1957
2479
2642
3012
2748
2125
1522
285
-759
-1331
-2113
-2516
-2601
-2746
-2313
-1652
-1283
-746
-279
-101
76
-75
-554
-912
-1293
-1628
-1770
-1938
-1880
-1414
-994
-556
117
600
886
1233
1379
1252
962
402
-112
-547
-1167
-1584
-1645
-1742
-1507
-818
-249
428
1141
1662
2311
2736
2704
2621
2217
1535
1182
639
-96
-215
-152
-50
445
919
1669
2740
3180
3316
3471
3029
2366
1520
314
-693
-1537
-2304
-2660
-2752
-2668
-2185
-1679
-1249
-772
-538
-520
-619
-918
-1327
-1764
-2245
-2538
-2621
-2672
-2475
-2036
-1529
-853
-144
457
1025
1388
1390
1194
899
363
-238
-793
-1301
-1531
-1588
-1570
-1293
-829
-309
426
1194
1692
2110
2325
2274
2087
1693
1237
899
598
210
30
65
209
562
1160
1850
2558
3136
3202
3096
2963
2457
1637
640
-434
-1090
-1384
-1764
-1931
-1829
-1657
-1179
-782
-708
-397
-241
-517
-822
-1255
-1641
-1801
-2134
-2243
-2016
-1918
-1480
-769
-242
425
944
1133
1389
1322
873
526
17
-675
-1170
-1695
-2071
-1986
-1937
-1747
-1201
-746
-176
527
985
1465
1814
1749
1719
1607
1223
906
658
306
52
181
506
810
1105
1432
1973
2572
2533
2208
2113
1774
1191
524
-290
-773
-960
-1308
-1460
-1377
-1348
-1199
-1090
-1152
-1036
-935
-1090
-1242
-1399
-1607
-1676
-1820
-1951
-1798
-1639
-1286
-782
-401
20
367
668
1023
1139
1042
968
760
431
110
-218
-425
-522
-577
-633
-538
-217
25
279
535
796
1165
1361
1354
1326
1205
897
539
144
-216
-302
-93
84
254
639
1097
1725
2200
2117
2094
2148
1829
1397
812
40
-385
-719
-1315
-1565
-1543
-1649
-1455
-1356
-1563
-1302
-1085
-1172
-1029
-1076
-1261
-1038
-1038
-1096
-723
-620
-354
149
260
507
831
796
916
1054
781
707
607
280
184
-182
-720
-748
-835
-1021
-831
-733
-545
-85
101
379
794
876
978
1016
707
556
346
-93
-330
-593
-573
-206
-158
-87
484
1061
1526
1770
1728
1959
2061
1596
1032
429
-189
-566
-1010
-1447
-1410
-1288
-1103
-760
-746
-723
-493
-621
-900
-1100
-1464
-1588
-1549
-1784
-1797
-1657
-1520
-1006
-554
-310
271
800
1039
1333
1347
1185
1218
974
544
219
-219
-420
-293
-442
-420
58
376
750
1176
1350
1671
1862
1567
1375
1240
970
814
501
-2
-185
-64
84
267
517
882
1390
1750
1756
1665
1687
1503
994
347
-452
-1054
-1477
-2078
-2460
-2533
-2503
-2266
-2127
-2165
-1968
-1749
-1789
-1902
-2176
-2258
-2038
-2052
-2093
-1915
-1671
-1231
-661
-202
319
933
1407
1818
2143
2124
2062
1979
1704
1353
946
617
477
383
260
445
773
1099
1535
1815
2065
2333
2228
2055
1892
1415
1032
644
152
-129
-475
-817
-628
-482
-474
-98
349
821
1254
1160
1092
1295
883
308
-177
-972
-1418
-1684
-2272
-2419
-2299
-2270
-1904
-1796
-1893
-1593
-1523
-1733
-1788
-2032
-2114
-1839
-1770
-1643
-1279
-1078
-703
-147
216
752
1316
1501
1735
1887
1681
1656
1509
1037
720
269
-133
-241
-555
-761
-584
-474
-291
58
321
820
1314
1367
1436
1398
1142
1032
709
238
76
-193
-372
-10
242
506
1021
1278
1729
2354
2179
1991
1995
1410
915
304
-705
-1008
-1243
-1907
-1983
-2076
-2198
-1660
-1584
-1689
-1267
-1343
-1429
-1137
-1399
-1454
-1193
-1342
-1139
-822
-772
-123
554
817
1342
1702
1824
2220
2232
1962
1939
1561
988
628
78
-299
-320
-569
-654
-445
-428
-182
170
195
485
837
853
944
902
575
367
-37
-684
-970
-1129
-1311
-990
-702
-743
-350
79
413
997
1082
998
1376
1194
692
428
-182
-570
-789
-1496
-1897
-1861
-1936
-1724
-1511
-1557
-1211
-889
-962
-840
-806
-895
-732
-801
-948
-684
-497
-264
217
477
877
1381
1546
1814
2011
1965
1969
1692
1132
705
236
-211
-417
-784
-1090
-970
-874
-679
-274
62
397
765
1052
1245
1415
1300
936
674
246
-282
-488
-692
-866
-644
-481
-246
384
914
1464
2046
1962
1907
2062
1512
869
321
-529
-1097
-1539
-2143
-2254
-2142
-2089
-1657
-1231
-886
-319
-34
-34
65
39
-11
-35
-210
-316
-251
-144
38
295
620
1068
1497
1807
1903
1889
1907
1737
1248
613
-97
-671
-1168
-1801
-2263
-2447
-2379
-2058
-1762
-1448
-814
-137
385
766
875
924
846
444
34
-428
-863
-1123
-1345
-1281
-1027
-860
-462
157
745
1448
1767
1742
1962
1807
1218
627
-210
-947
-1365
-1946
-2259
-2057
-1926
-1504
-804
-402
221
837
992
1266
1362
1052
843
453
7
-21
-147
-293
-185
-8
447
976
1267
1607
1868
1824
1629
1250
780
261
-426
-985
-1392
-1713
-1796
-1678
-1327
-778
-85
685
1368
1910
2287
2378
2220
1927
1428
865
230
-540
-1084
-1475
-1772
-1535
-1201
-958
-322
369
895
1430
1409
1162
1236
726
-69
-645
-1493
-2064
-2299
-2725
-2746
-2294
-1990
-1398
-698
-318
278
753
744
740
587
91
-288
-628
-999
-1064
-1032
-987
-719
-398
-36
487
952
1173
1292
1366
1294
994
531
41
-410
-795
-1096
-1250
-1211
-950
-507
54
696
1307
1744
2020
2190
2228
2089
1673
1103
588
81
-438
-917
-1344
-1519
-1296
-953
-678
-204
286
718
1068
970
850
933
686
231
-116
-590
-778
-719
-950
-837
-480
-320
37
349
462
751
952
710
526
364
-72
-355
-585
-914
-956
-947
-943
-717
-542
-337
37
245
354
406
237
172
-11
-450
-770
-997
-1168
-1114
-1040
-922
-563
-192
216
663
1048
1365
1606
1661
1589
1385
997
603
188
-187
-458
-740
-953
-997
-1056
-885
-620
-560
-273
28
273
650
607
433
720
671
395
353
53
49
223
-132
-121
135
-16
71
114
-220
-103
6
-331
-389
-556
-869
-827
-948
-1209
-1104
-1071
-1010
-678
-510
-275
210
505
744
989
1016
1114
1132
990
958
857
583
447
357
193
192
192
251
509
600
704
968
1044
1066
1053
794
543
342
-69
-426
-695
-1097
-1392
-1438
-1292
-1068
-910
-712
-244
380
732
752
934
1166
1063
854
445
-37
-222
-697
-1276
-1373
-1509
-1624
-1458
-1470
-1349
-971
-956
-944
-745
-860
-1006
-1039
-1252
-1278
-1184
-1229
-1032
-700
-469
0
531
917
1346
1640
1890
2196
2130
1799
1562
1240
873
518
117
-119
-95
-28
101
344
623
1015
1334
1490
1553
1414
1179
889
428
-3
-421
-872
-1085
-1153
-1068
-761
-490
-75
645
1221
1634
1767
1676
1801
1635
990
395
-200
-697
-1022
-1606
-1994
-1925
-1868
-1619
-1282
-1118
-779
-437
-366
-298
-414
-609
-611
-814
-1062
-1147
-1232
-1076
-751
-583
-241
194
527
936
1178
1257
1268
1015
618
219
-251
-649
-952
-1208
-1289
-1185
-887
-458
-24
430
903
1368
1642
1672
1610
1390
1015
610
162
-240
-626
-957
-1080
-1058
-874
-587
-260
240
762
1138
1441
1449
1287
1231
894
380
-42
-594
-888
-964
-1199
-1117
-808
-643
-251
71
86
397
586
415
383
189
-63
-59
-234
-393
-274
-277
-141
223
368
566
909
1010
1074
995
648
422
94
-427
-805
-1149
-1412
-1401
-1440
-1436
-1067
-647
-238
243
577
896
1288
1369
1253
1136
823
502
180
-346
-717
-925
-1185
-1260
-1252
-1166
-815
-591
-449
-123
58
238
324
147
169
151
-82
-180
-351
-480
-315
-302
-260
61
287
609
947
991
1096
1179
966
702
429
88
-150
-357
-617
-770
-794
-794
-611
-381
-275
17
289
358
487
495
417
525
409
209
170
-3
70
285
231
408
731
863
1115
1225
1205
1362
1291
961
649
182
-269
-646
-1157
-1599
-1830
-1964
-1986
-1957
-1887
-1586
-1225
-954
-593
-197
115
474
587
630
861
891
845
866
759
817
940
707
657
710
576
628
503
227
173
-43
-423
-621
-902
-1175
-1210
-1360
-1452
-1313
-1208
-996
-664
-451
-179
208
422
567
638
568
650
638
457
330
132
74
159
30
-43
95
191
323
414
392
465
476
297
82
-184
-447
-654
-936
-1266
-1390
-1380
-1361
-1272
-1153
-892
-399
47
427
883
1229
1576
1856
1857
1889
1894
1666
1488
1218
934
935
748
485
421
222
139
191
-31
-194
-346
-693
-832
-979
-1281
-1377
-1398
-1431
-1348
-1189
-891
-515
-214
33
379
732
930
1049
1127
1138
1136
1022
742
530
403
244
103
-103
-298
-251
-203
-270
-330
-414
-519
-627
-809
-999
-1101
-1212
-1328
-1461
-1596
-1589
-1405
-1184
-980
-675
-378
-67
381
702
965
1251
1241
1180
1252
1082
937
898
593
437
386
143
105
107
-81
-58
-86
-258
-182
-220
-373
-353
-423
-520
-484
-572
-618
-396
-241
-76
234
524
842
1230
1452
1590
1712
1541
1291
1064
671
287
-14
-358
-553
-711
-991
-1047
-1019
-1063
-1061
-1064
-973
-719
-536
-498
-401
-294
-182
-95
-177
-252
-179
-156
-174
-67
49
257
596
820
1026
1308
1403
1440
1409
1095
925
855
546
307
119
-109
-104
-148
-370
-318
-248
-271
-176
-324
-474
-378
-488
-628
-658
-871
-966
-890
-1020
-1013
-837
-796
-514
-197
-90
207
495
530
571
467
250
193
22
-233
-354
-464
-540
-485
-541
-562
-374
-305
-236
-50
58
246
514
563
575
597
472
389
264
17
-37
-43
-66
28
-6
-22
207
348
389
469
450
553
710
580
441
443
358
308
263
134
172
239
162
188
291
368
545
625
520
493
418
207
23
-211
-400
-416
-496
-567
-480
-430
-369
-285
-319
-342
-301
-342
-399
-480
-570
-654
-818
-988
-1151
-1260
-1226
-1150
-1090
-968
-863
-684
-347
-124
53
341
538
668
698
593
543
528
434
370
286
253
305
276
268
321
420
517
527
541
593
592
574
458
368
369
344
377
412
443
576
692
761
842
857
866
870
769
663
538
311
71
-207
-497
-747
-950
-1108
-1203
-1219
-1150
-993
-821
-668
-531
-396
-292
-253
-244
-269
-317
-344
-355
-350
-318
-248
-123
44
172
263
321
304
270
195
43
-116
-292
-486
-543
-559
-631
-648
-704
-719
-559
-432
-379
-288
-208
-88
71
156
247
458
619
720
806
767
817
938
912
964
1073
1039
1118
1144
966
939
835
569
451
186
-175
-336
-554
-707
-620
-620
-569
-390
-287
-108
41
34
97
160
113
92
48
-74
-176
-312
-458
-522
-578
-670
-712
-760
-794
-756
-749
-720
-641
-575
-488
-360
-239
-111
28
150
234
311
389
432
370
239
131
41
-56
-146
-217
-189
-62
18
104
205
292
520
722
769
903
1049
1042
1014
924
740
670
571
356
238
36
-259
-409
-523
-584
-540
-604
-674
-638
-650
-617
-599
-649
-577
-431
-318
-183
-95
-65
48
205
291
387
454
429
414
334
146
-11
-141
-255
-320
-374
-377
-286
-195
-98
38
164
325
508
571
533
461
301
127
-42
-299
-506
-607
-758
-788
-679
-609
-373
-14
229
513
783
919
1049
1046
894
773
626
384
210
36
-198
-260
-247
-380
-421
-358
-381
-321
-278
-438
-459
-403
-507
-482
-451
-520
-400
-282
-217
10
147
226
456
567
642
793
773
691
565
278
65
-148
-449
-580
-674
-731
-600
-517
-449
-240
-84
68
197
173
218
278
165
50
-85
-277
-334
-439
-612
-621
-526
-407
-220
-72
11
245
446
448
529
641
696
777
670
470
433
344
208
187
91
48
151
157
154
175
102
59
46
-36
-98
-136
-235
-293
-312
-405
-393
-290
-211
-67
22
72
176
165
119
144
90
42
25
-133
-240
-290
-408
-440
-419
-423
-333
-279
-291
-194
-90
-26
84
177
235
368
463
470
512
555
593
669
646
508
424
340
212
129
17
-99
-127
-186
-252
-276
-307
-293
-256
-296
-356
-372
-417
-439
-450
-512
-489
-435
-438
-396
-344
-285
-138
-25
7
114
222
286
328
271
224
234
174
133
136
145
165
141
144
185
285
401
467
475
427
312
140
-29
-195
-320
-396
-494
-574
-603
-619
-571
-467
-352
-206
-23
147
303
408
403
382
402
359
245
125
-12
-147
-228
-312
-346
-273
-168
-64
52
168
294
439
480
436
408
337
282
243
119
-11
-77
-136
-147
-140
-121
-34
27
51
78
53
12
-31
-126
-184
-235
-288
-299
-305
-272
-191
-80
55
160
229
323
372
372
325
216
150
73
-70
-188
-273
-317
-289
-260
-212
-111
12
138
212
225
208
185
162
102
-51
-226
-385
-571
-706
-771
-793
-692
-499
-357
-186
-4
145
357
470
520
643
674
582
487
289
100
5
-149
-279
-308
-330
-269
-191
-220
-156
-44
52
196
272
285
336
348
332
352
361
430
558
621
615
602
539
471
418
282
129
0
-147
-305
-460
-630
-716
-700
-729
-730
-642
-532
-355
-165
-76
37
183
266
306
273
160
71
-43
-215
-324
-445
-549
-584
-663
-686
-606
-516
-349
-152
-13
131
280
374
461
494
468
492
483
402
327
223
74
-39
-155
-224
-220
-231
-206
-160
-121
-16
137
260
418
566
657
733
744
672
614
528
411
320
213
99
11
-53
-139
-219
-315
-387
-419
-463
-521
-552
-567
-604
-587
-580
-554
-462
-363
-260
-148
-52
69
210
256
270
317
320
299
253
109
13
-43
-174
-267
-337
-391
-348
-255
-202
-66
107
234
381
428
406
402
346
228
156
44
-65
-124
-210
-264
-222
-172
-75
127
270
403
550
578
549
542
433
346
308
182
114
84
5
-17
-20
-83
-44
3
-7
42
13
-79
-106
-212
-374
-465
-579
-641
-603
-631
-608
-476
-389
-220
-40
29
144
244
218
214
128
-35
-102
-233
-362
-396
-434
-397
-264
-200
-111
38
120
225
303
289
315
317
208
135
72
-12
23
68
117
240
358
472
629
729
772
800
746
643
503
275
62
-116
-352
-559
-680
-748
-738
-665
-571
-430
-233
-70
82
198
241
274
258
187
80
-65
-200
-267
-311
-376
-356
-289
-203
-77
25
110
183
233
252
228
134
32
-49
-179
-322
-419
-466
-462
-438
-409
-316
-155
0
150
308
391
441
479
447
409
362
305
253
179
70
9
-1
6
68
98
100
107
72
7
-48
-110
-151
-139
-169
-191
-142
-113
-73
19
73
124
225
274
311
348
318
282
253
137
-1
-121
-274
-352
-384
-422
-415
-384
-357
-307
-245
-185
-76
-10
23
86
82
48
39
-3
-61
-72
-113
-137
-92
-49
14
105
152
218
313
355
391
420
400
363
300
226
167
66
-45
-111
-170
-230
-250
-263
-251
-214
-188
-140
-79
-34
2
38
39
38
38
46
41
12
-6
-18
-8
-5
24
57
57
54
36
-3
-54
-100
-163
-234
-284
-314
-274
-229
-174
-89
-24
11
49
84
71
70
70
68
61
22
-31
-75
-114
-180
-204
-198
-168
-122
-75
2
98
179
233
279
295
294
310
303
288
277
194
61
-26
-101
-171
-192
-169
-124
-58
-9
33
94
130
151
165
137
99
93
89
100
127
136
161
187
140
82
72
59
44
39
-12
-54
-100
-155
-180
-203
-225
-245
-248
-239
-205
-179
-143
-93
-86
-91
-67
-49
-48
-18
-1
-6
-17
-50
-65
-69
-107
-130
-128
-124
-112
-83
-33
25
70
114
155
164
134
90
66
53
-2
-64
-75
-82
-92
-76
-39
36
107
171
205
221
229
241
242
228
214
170
135
114
93
51
26
10
-27
-72
-116
-161
-169
-153
-156
-128
-74
-14
58
113
132
131
107
81
47
-1
-20
-30
-53
-75
-95
-134
-162
-191
-250
-277
-307
-334
-298
-250
-190
-121
-66
8
91
141
188
222
253
276
261
231
188
109
7
-79
-126
-145
-150
-153
-147
-106
-69
-56
-33
-1
42
98
135
159
186
193
214
215
173
143
101
54
40
10
-14
-13
-24
-11
17
12
-12
-15
-24
-26
-3
2
30
79
107
111
88
42
-8
-51
-97
-128
-142
-172
-197
-217
-215
-193
-184
-163
-133
-109
-85
-54
-25
10
42
73
67
45
38
23
17
10
5
12
26
10
-13
-28
-46
-44
-33
-19
-11
-26
-59
-68
-62
-46
-21
-14
10
43
82
122
176
239
279
310
296
238
210
167
109
66
8
-32
-37
-44
-36
-18
-24
-31
-10
10
38
69
63
54
42
-2
-62
-125
-172
-197
-212
-218
-209
-191
-180
-172
-151
-141
-113
-82
-61
-26
9
36
56
73
89
95
95
97
109
138
156
146
112
81
43
-33
-99
-140
-175
-161
-150
-145
-116
-71
-37
2
62
123
177
213
246
244
217
169
115
67
13
-34
-74
-108
-141
-144
-132
-104
-68
-36
-8
-7
5
28
46
55
63
56
41
43
16
-17
-47
-81
-97
-98
-75
-28
7
19
15
18
20
19
-11
-45
-35
-25
-1
18
27
68
113
117
97
69
34
9
-1
-16
-36
-48
-87
-129
-158
-171
-162
-168
-147
-104
-84
-51
-20
13
41
59
62
64
71
44
27
13
-1
1
-22
-44
-32
-16
-12
-23
-18
7
24
28
23
37
66
76
58
24
9
13
35
53
89
135
171
210
193
155
108
35
-33
-82
-102
-110
-114
-95
-68
-49
-32
-1
39
61
84
108
155
189
186
160
144
134
112
71
14
-20
-39
-50
-56
-69
-69
-68
-99
-132
-137
-148
-144
-131
-109
-78
-56
-34
-6
-5
-42
-60
-97
-141
-168
-191
-188
-169
-127
-90
-65
-60
-73
-86
-96
-92
-82
-64
-20
33
75
123
155
159
156
144
121
100
97
81
70
93
129
161
180
190
200
214
219
205
178
139
83
46
29
16
4
-29
-72
-97
-117
-145
-157
-171
-180
-173
-160
-128
-97
-85
-103
-112
-116
-127
-133
-138
-142
-123
-98
-75
-47
-28
-23
-25
-19
-1
26
33
25
13
2
9
26
28
17
11
16
43
69
92
106
104
103
81
75
74
64
60
62
65
77
102
126
163
186
181
155
96
44
27
-5
-24
-25
-25
-15
-39
-68
-63
-43
-40
-45
-41
-15
8
2
1
-8
-37
-47
-49
-54
-55
-56
-66
-55
-43
-45
-51
-53
-59
-46
-15
1
22
30
22
0
-18
-17
-18
-13
-6
-11
-10
-1
-8
-2
9
-2
-10
-21
-28
-29
-36
-26
-1
7
20
44
70
81
73
69
65
67
73
91
102
72
47
37
27
20
0
-34
-54
-47
-36
-37
-35
-45
-62
-55
-34
-43
-62
-86
-104
-114
-121
-92
-55
-36
-50
-38
1
21
31
13
-27
-52
-55
-53
-57
-60
-58
-64
-64
-46
-36
-23
-4
16
30
53
85
92
105
131
140
138
135
116
92
65
26
10
0
-3
-3
4
22
19
-7
-35
-50
-64
-62
-42
-11
6
-1
-15
-12
-3
2
27
44
65
102
106
86
72
54
41
28
8
0
1
-9
-35
-53
-60
-62
-58
-53
-38
-19
-21
-52
-73
-58
-47
-42
-21
-10
-11
-5
4
37
71
101
130
140
145
146
146
129
118
101
63
26
9
-11
-36
-68
-99
-115
-140
-154
-163
-181
-175
-149
-121
-78
-43
-32
-30
-29
-27
-7
2
14
27
38
62
69
58
47
42
19
-7
0
19
32
25
-2
-29
-35
-32
-51
-67
-72
-79
-74
-62
-47
-24
-13
-23
-9
28
51
70
89
82
80
88
88
88
82
81
75
65
69
58
33
26
26
25
28
33
27
6
-13
-27
-37
-37
-34
-43
-57
-59
-69
-95
-120
-124
-111
-80
-51
-29
-9
-11
-18
-23
-28
-15
-12
-40
-66
-81
-108
-125
-110
-74
-28
18
26
23
18
3
-7
-14
-26
-22
3
32
67
98
130
143
145
152
154
149
143
137
121
102
90
93
102
89
64
46
36
24
17
10
4
7
11
30
30
22
21
9
-13
-41
-72
-88
-96
-89
-75
-74
-80
-92
-86
-71
-75
-77
-67
-59
-54
-54
-71
-83
-89
-90
-86
-87
-75
-60
-49
-32
-22
-13
10
30
41
38
37
37
27
11
-1
-5
19
52
70
76
67
60
67
69
64
59
66
72
65
59
46
34
29
27
27
36
38
35
32
19
5
-4
-5
-10
-16
-11
-3
-3
-9
-32
-52
-65
-72
-64
-62
-56
-39
-15
-10
-17
-16
-16
-15
-22
-14
-11
-26
-49
-72
-91
-98
-86
-80
-76
-66
-62
-69
-66
-49
-37
-16
-4
11
26
35
44
37
33
39
41
41
45
52
55
49
35
12
0
17
27
23
30
47
53
54
37
17
9
6
17
25
31
45
56
65
63
60
75
83
72
55
31
3
-19
-42
-50
-34
-22
-8
1
2
3
3
7
14
16
17
23
27
30
33
35
23
-1
-23
-42
-47
-44
-31
-12
4
15
-1
-10
-6
-9
-11
-9
-9
-26
-40
-35
-36
-37
-44
-46
-31
-29
-25
-29
-38
-41
-39
-28
-21
-21
-24
-25
-14
-2
8
0
-16
-14
-15
-20
-25
-28
-24
-27
-31
-26
-27
-32
-35
-26
-8
7
-6
-10
-9
2
21
29
34
40
40
43
47
44
53
44
11
-15
-36
-25
-3
19
35
45
52
36
26
27
31
24
16
26
27
32
51
50
45
43
55
67
54
32
15
19
29
22
4
-15
-18
-6
-2
-13
-34
-50
-48
-37
-42
-55
-68
-73
-70
-62
-55
-46
-42
-53
-70
-87
-90
-73
-53
-28
-19
-28
-25
-7
14
27
36
38
39
34
21
12
21
39
54
57
46
26
9
4
11
28
33
20
-8
-28
-14
4
25
33
39
51
59
55
37
25
17
20
31
31
11
4
17
32
36
22
20
16
1
-29
-51
-47
-25
4
27
39
30
3
-25
-37
-39
-42
-40
-33
-29
-16
1
9
10
-2
-10
-3
2
-1
-3
7
11
19
40
41
31
14
-3
-20
-30
-41
-48
-41
-31
-19
-15
-11
-12
-18
-23
-17
-5
-13
-34
-44
-49
-41
-41
-56
-64
-52
-30
-23
-21
-9
9
18
8
1
-6
-10
0
2
-6
-9
-3
12
26
47
51
32
20
15
4
-1
13
31
44
47
54
59
46
12
-30
-60
-75
-75
-61
-37
-6
34
56
51
34
9
-18
-39
-38
-30
-14
12
37
45
43
58
64
60
32
9
0
18
47
71
85
78
54
26
6
-6
-1
24
54
66
61
46
29
28
35
26
2
-43
-74
-71
-54
-26
2
-1
-10
-20
-41
-45
-39
-36
-26
-21
-26
-38
-48
-41
-32
-28
-36
-49
-57
-66
-72
-78
-88
-81
-71
-69
-72
-71
-61
-48
-41
-27
-6
21
54
63
63
65
68
60
49
45
34
27
25
28
24
21
22
13
5
-2
8
29
43
54
58
58
61
49
27
7
0
8
12
18
15
9
8
10
14
3
-12
-21
-16
-3
6
5
4
8
-1
-9
-7
-8
-11
-16
-12
-6
-6
-4
-19
-43
-42
-39
-39
-32
-22
-14
-18
-18
-24
-29
-20
4
19
17
1
-13
-16
-4
10
12
5
-7
-11
-11
-3
25
39
35
17
-10
-14
3
8
9
3
3
-5
-12
-6
-4
4
4
-9
-24
-17
-5
-1
-5
1
10
-7
-26
-30
-25
-6
23
35
40
49
62
64
56
49
19
-9
3
8
12
20
28
32
13
1
-4
-10
-12
-15
-14
-18
-28
-35
-48
-59
-65
-56
-42
-36
-25
-18
-10
5
20
28
31
21
18
29
28
8
-8
-15
-23
-20
-14
-2
9
10
12
16
22
37
36
18
8
7
21
26
44
67
69
65
51
35
29
26
25
22
7
-16
-45
-65
-67
-70
-67
-62
-47
-33
-37
-40
-55
-87
-72
-44
-41
-31
-22
-11
-2
-7
-33
-51
-36
-16
-24
-41
-46
-37
-22
-6
13
22
23
22
15
14
28
36
46
46
41
37
26
36
40
36
38
34
36
37
35
35
31
17
-2
-4
-2
-3
3
26
50
64
68
64
63
53
30
5
5
9
3
2
6
17
21
18
14
9
-2
-15
-40
-52
-47
-47
-47
-44
-32
-19
-13
-9
-6
-7
-12
-20
-17
-7
-13
-18
-5
7
0
-12
-14
-28
-53
-73
-66
-49
-30
-24
-31
-27
-25
-12
6
15
11
5
7
8
1
-9
-21
-24
-15
-16
-27
-29
-16
-9
-4
8
8
9
9
8
17
30
44
58
66
66
64
55
41
38
32
29
32
40
37
32
19
-9
-31
-33
-12
2
6
-17
-28
-27
-20
-11
-4
7
-3
-36
-66
-74
-86
-93
-83
-60
-44
-53
-49
-28
0
13
15
14
34
67
81
72
46
47
41
24
21
42
60
57
52
46
39
24
13
0
1
-2
-13
-17
1
18
10
4
5
17
12
6
0
-4
-3
-7
-12
-22
-12
5
5
-5
-12
-6
-1
3
18
11
-10
-29
-33
-16
-7
-5
-7
-5
-15
-28
-42
-50
-36
-18
-7
-14
-9
2
1
-7
-3
4
7
14
14
17
7
-3
-16
-18
-7
-5
-13
-20
-16
-16
-17
-25
-23
-14
-5
-1
-6
-9
-11
-15
-14
1
11
3
3
15
20
19
25
27
27
33
38
28
7
-7
-17
-18
-12
-7
7
12
13
7
-5
-9
2
21
31
31
20
13
14
17
5
-6
-19
-33
-34
-29
-25
-19
-15
-19
-22
-27
-16
-15
-25
-27
-13
-4
-3
7
9
11
21
24
29
23
18
17
14
19
6
-7
-21
-27
-21
-16
-10
1
12
18
24
40
53
61
57
40
27
14
10
15
28
32
36
44
42
31
15
8
-2
-7
-8
-11
-23
-32
-28
-30
-23
-12
-1
-7
-21
-33
-32
-25
-17
-9
-7
-17
-34
-49
-50
-44
-37
-30
-27
-22
-10
8
25
32
27
26
24
11
6
11
3
-10
-7
-3
-6
-5
10
15
3
-4
-8
-1
7
9
10
10
11
6
-2
-18
-27
-27
-22
-21
-28
-34
-28
-17
-17
-11
-15
-24
-12
2
-9
-8
6
13
18
25
31
25
17
11
11
18
24
27
23
25
19
-7
-27
-28
-8
13
24
30
23
14
11
9
11
8
3
-12
-6
0
-1
-7
-18
-18
-37
-43
-40
-34
-15
-1
-8
-27
-36
-36
-29
-40
-48
-46
-36
-20
-3
20
39
62
74
80
83
71
56
45
38
35
32
32
37
44
44
44
37
25
20
16
7
0
9
19
24
25
17
6
-3
-15
-22
-25
-29
-35
-38
-36
-22
-22
