-13
-35
-42
-31
-24
-15
-11
-22
-28
-33
-34
-34
-31
-16
-8
-3
8
22
31
29
28
31
35
39
51
50
38
35
34
40
43
32
20
13
11
17
32
43
49
53
46
38
31
23
19
16
2
-6
-5
4
4
3
4
3
-3
-9
-14
-18
-14
-8
-1
-1
0
6
9
-2
-9
-18
-24
-12
-11
-9
-3
-4
3
7
5
-4
-9
-19
-28
-24
-14
-11
-24
-36
-40
-25
-16
-16
-10
-6
-15
-23
-35
-51
-55
-56
-43
-36
-30
-27
-21
-16
-18
-9
2
11
19
21
17
20
15
11
7
3
12
19
12
10
19
29
32
30
21
15
8
4
4
1
-11
-15
-11
-1
2
8
21
23
25
35
39
32
24
13
7
-1
-3
0
-5
-5
7
26
34
21
9
0
-9
-21
-22
-18
-17
-17
-16
-8
-3
-3
-1
-1
-5
-4
9
7
-10
-22
-28
-34
-41
-44
-42
-37
-44
-50
-48
-55
-49
-42
-41
-34
-13
5
11
16
10
5
2
9
21
27
27
36
47
51
46
33
20
16
20
22
22
32
32
36
35
32
33
25
34
51
58
50
40
28
20
15
3
1
8
16
24
25
21
14
3
-12
-26
-27
-14
3
8
13
7
-5
-23
-28
-27
-37
-44
-42
-35
-33
-24
-25
-19
-15
-7
-6
-7
-12
-21
-16
-22
-25
-36
-44
-40
-35
-33
-34
-31
-21
-10
-1
8
9
9
10
17
18
20
20
15
22
24
27
14
4
5
7
16
12
17
5
1
1
6
14
12
9
-2
-3
-13
-11
-27
-39
-34
-22
-15
-10
-9
-12
-6
-9
-8
-9
-11
-9
1
8
6
-10
-25
-27
-20
-5
1
8
13
0
-10
-29
-49
-53
-45
-18
5
26
40
47
48
38
28
18
15
17
20
23
17
9
2
3
11
24
36
42
45
47
38
25
21
23
37
40
40
32
23
13
7
7
-2
-1
3
10
7
-6
-13
-11
-12
-12
-9
-15
-21
-13
-6
-7
-18
-29
-25
-8
7
11
21
17
10
11
6
6
3
2
-9
-12
-28
-47
-48
-38
-20
-13
-15
-29
-44
-50
-45
-41
-41
-34
-30
-30
-18
-2
7
8
6
13
14
20
24
17
14
3
-9
-18
-29
-30
-22
-13
3
13
12
0
-9
-28
-40
-35
-20
-7
-10
-14
-14
-18
-13
-7
5
22
28
32
44
47
52
53
41
37
32
41
34
31
23
20
28
28
28
43
53
55
68
62
52
44
45
46
45
31
17
8
2
-4
-3
-13
-20
-25
-28
-35
-53
-60
-67
-60
-57
-59
-70
-75
-64
-49
-49
-51
-57
-56
-48
-43
-32
-38
-45
-46
-35
-19
-13
-18
-25
-34
-46
-40
-24
4
37
55
61
58
54
47
43
45
44
41
37
42
51
47
38
40
41
47
60
64
58
34
6
-17
-37
-48
-56
-51
-36
-26
-27
-25
-23
-29
-33
-30
-11
2
-3
-2
8
12
15
19
24
26
33
46
46
41
42
49
57
52
53
57
49
29
13
-17
-29
-25
-11
10
18
15
-7
-29
-43
-47
-35
-13
12
47
49
28
8
-9
-19
-32
-33
-29
-36
-58
-54
-46
-55
-64
-69
-59
-54
-51
-48
-48
-42
-37
-32
-24
-18
-17
-6
1
17
23
13
14
9
9
8
0
-13
-28
-45
-41
-13
3
10
18
38
51
51
42
28
1
-25
-43
-47
-41
-26
-15
1
18
29
32
36
39
41
43
34
55
62
46
32
11
8
16
25
41
73
81
71
62
47
22
-3
-16
-17
-5
7
19
30
37
23
11
7
4
-9
-23
-15
-16
-34
-47
-52
-51
-49
-44
-23
-21
-22
-19
-24
-31
-38
-42
-57
-56
-51
-45
-30
-24
-25
-18
-17
-20
-20
-8
10
34
35
14
16
18
28
53
75
81
64
65
63
32
11
-9
-17
10
37
37
39
41
34
25
12
-15
-36
-28
-35
-45
-33
-28
-10
-8
-24
-51
-63
-62
-59
-45
-20
-15
-34
-21
-10
-2
-9
-7
11
23
34
30
1
-41
-42
-25
-39
-49
-23
0
-20
-21
-14
-22
-24
-31
-21
21
52
51
55
60
43
43
59
49
11
0
-1
-40
-51
-45
-38
-19
20
52
64
58
43
35
24
5
-1
2
-20
-18
-18
-32
-11
34
49
65
97
64
25
9
-25
-36
-18
-36
-56
-8
31
10
9
37
33
19
15
4
-14
-21
-36
-31
-29
-41
-13
12
20
27
46
71
54
20
-10
4
43
46
56
46
2
-21
-17
-46
-75
-74
-90
-97
-76
-70
-82
-59
-4
12
-17
-23
5
31
30
24
39
54
57
47
18
-8
-21
-43
-64
-31
6
-3
-10
-6
-20
-20
-8
-52
-78
-28
5
-12
9
49
68
68
41
14
12
27
-16
-50
-42
-35
-31
-23
-8
10
49
57
34
35
53
64
19
-30
-21
-1
-35
-70
-34
-14
-25
-38
-73
-80
-28
-29
-76
-20
52
15
-24
-6
-9
1
49
72
82
147
170
108
92
110
74
5
-42
-66
-63
-36
-39
-44
-12
2
-16
-51
-36
15
15
-33
-47
-1
27
6
-50
-77
-40
-4
-34
-30
56
89
57
55
63
18
0
59
93
91
77
57
55
71
83
51
37
52
37
17
13
-34
-79
-67
-47
-42
-17
21
-51
-131
-80
-29
-93
-155
-134
-145
-162
-107
-97
-158
-160
-111
-119
-128
-90
-118
-126
-75
-50
-70
-101
-60
7
46
51
120
157
80
44
79
81
63
94
211
236
-9
-29
370
477
102
70
446
482
271
153
81
199
422
275
-3
80
181
87
62
61
14
17
-129
-336
-227
-104
-237
-355
-337
-293
-253
-412
-619
-463
-301
-428
-407
-249
-308
-337
-215
-225
-212
-124
-242
-297
-81
20
-40
-2
36
170
342
253
198
359
486
468
477
472
486
590
503
394
422
390
336
381
311
138
217
234
86
170
195
-60
-131
-16
-148
-245
-269
-470
-486
-299
-325
-497
-438
-343
-435
-483
-501
-512
-417
-340
-397
-382
-307
-203
-137
-204
-183
166
474
26
-299
324
811
365
-79
307
662
536
343
176
303
730
732
234
224
517
390
150
201
222
144
63
-131
-94
71
-124
-454
-404
-188
-222
-384
-511
-510
-383
-387
-508
-508
-442
-384
-304
-326
-320
-118
-101
-241
-73
171
121
46
133
225
290
323
302
429
648
707
715
635
441
402
479
437
288
177
289
412
241
-66
-99
12
-122
-203
-253
-424
-557
-584
-652
-725
-666
-680
-757
-754
-671
-663
-632
-587
-545
-419
-208
-57
-282
-328
152
524
300
184
470
586
695
790
637
658
1025
1064
747
775
830
667
536
437
347
337
223
-32
4
69
-187
-435
-452
-486
-537
-615
-808
-740
-527
-564
-766
-772
-629
-655
-803
-544
-59
-481
-998
-203
609
24
-475
207
612
591
651
401
507
1269
1323
628
795
1156
832
641
698
548
553
580
245
380
612
137
-271
-149
-176
-411
-590
-938
-950
-613
-792
-1103
-994
-1065
-1228
-1035
-1041
-1224
-1094
-1045
-1030
-623
-382
-631
-599
-270
-86
-31
-78
-50
186
479
558
569
639
781
948
1016
1016
915
689
1178
1780
780
27
1283
1905
610
154
980
905
605
627
54
130
957
594
-188
284
451
-135
-134
-144
-585
-524
-394
-718
-463
-176
-654
-839
-547
-554
-697
-817
-1024
-702
-279
-540
-582
-175
-123
-210
-162
-329
-358
-176
-433
-388
90
-72
-429
-151
72
-340
-608
-428
-258
-234
-336
-337
-174
-31
-74
-171
-348
-392
-291
-108
194
-206
-710
96
1056
267
-507
483
1057
540
528
651
594
1111
1328
658
731
1217
882
724
1057
813
409
510
394
219
301
64
-122
95
175
5
-187
-499
-448
-28
-388
-877
-635
-503
-775
-639
-468
-695
-713
-606
-808
-908
-820
-970
-1011
-769
-650
-651
-610
-523
-384
-371
-456
-284
231
316
-269
-200
877
1233
332
55
1066
1521
958
700
861
1188
1473
1267
805
909
1200
899
665
785
610
261
273
338
309
186
-189
-343
-145
-115
-361
-657
-783
-661
-506
-661
-759
-659
-736
-765
-701
-692
-663
-548
-599
-631
-252
-8
-265
-350
-99
111
78
-156
-278
-26
221
51
-176
34
498
238
-593
-276
733
379
-516
-158
522
392
206
53
-137
401
798
109
-169
480
520
224
354
268
-82
-31
-2
-309
-267
-286
-646
-589
-321
-368
-541
-529
-505
-422
-261
-340
-432
-351
-350
-288
-34
-72
-236
-73
137
177
267
286
108
185
448
421
291
301
299
281
229
287
486
685
473
-41
370
1180
909
14
125
956
912
551
420
405
742
1032
612
124
455
492
121
136
253
-10
-205
-217
-405
-333
-469
-916
-982
-628
-586
-1022
-1124
-1048
-929
-987
-1240
-1250
-1177
-1089
-950
-763
-666
-598
-405
-342
-289
-152
-254
-491
-308
4
-71
-31
100
114
158
430
839
978
430
-139
515
1439
1159
408
623
1455
1592
1394
1321
1349
1553
1514
1336
1406
1535
1159
921
1079
939
528
201
37
-133
-148
-351
-710
-779
-676
-682
-892
-1105
-1184
-944
-1043
-1505
-1421
-1152
-1258
-1345
-994
-793
-1027
-1022
-866
-827
-903
-940
-851
-709
-770
-860
-639
-383
-441
-801
-538
249
302
-660
-807
353
884
316
14
654
1254
1282
1008
842
1404
1755
1353
1141
1574
1694
1430
1419
1386
1309
1131
840
522
674
560
-94
-228
-25
-141
-535
-766
-1000
-892
-608
-1054
-1392
-891
-532
-1011
-1156
-617
-560
-918
-1074
-907
-628
-505
-810
-994
-651
-259
-169
-345
-478
-677
-321
689
351
-1096
-658
1139
1115
-260
-133
925
1005
877
937
776
1055
1614
1498
1252
1473
1274
862
1073
1213
791
420
257
153
251
115
-385
-474
-344
-503
-625
-767
-996
-779
-637
-1157
-1205
-575
-689
-1253
-796
-224
-526
-838
-683
-298
94
85
-581
-708
35
253
18
-8
-178
-271
862
1833
276
-1107
671
2222
844
-235
812
1531
1369
1511
1139
772
1491
1546
609
843
1130
108
-40
715
241
-485
-331
-679
-876
-177
-590
-1823
-1738
-1286
-1643
-1786
-1687
-1789
-1631
-1538
-1611
-1212
-1140
-1821
-1711
-718
-593
-1109
-893
-345
-167
-259
-491
-489
31
382
321
197
147
117
871
1878
578
-846
997
2873
1147
-273
1622
2505
1354
1586
2045
1524
2113
2611
1505
1501
2296
1266
713
1791
1167
-193
319
326
-563
-274
-468
-1718
-1504
-918
-1633
-1612
-1244
-1908
-2170
-1573
-1481
-1764
-1461
-1580
-1630
-632
-620
-1296
-802
-298
-552
-437
-246
-380
-267
49
7
-347
-491
-466
619
1549
-132
-1298
985
2630
615
-551
1357
1815
794
1332
1729
1153
1789
2191
1124
1345
2109
1151
621
1581
1004
-127
341
216
-490
-117
-201
-1344
-1151
-627
-1375
-1373
-855
-1495
-1649
-565
-580
-1421
-1057
-616
-719
-679
-660
-541
-276
-149
-219
-64
99
77
139
489
497
8
-328
711
1917
262
-1375
471
2638
1256
-618
757
2072
1283
860
1004
1131
1560
1398
494
799
1399
542
-332
261
471
-649
-1017
-905
-977
-1018
-1429
-2199
-2096
-1545
-1902
-2112
-1958
-1984
-1981
-1508
-1178
-1607
-1634
-1227
-948
-868
-1107
-903
-433
-292
-412
-350
-332
-233
27
277
434
293
6
654
2600
1844
-809
159
3147
2700
95
785
2922
2658
2048
2089
2015
2543
3023
1803
1287
2267
1991
715
729
1126
137
-353
-324
-860
-931
-830
-1749
-2294
-1396
-1424
-2056
-1899
-1967
-2181
-1657
-1161
-1651
-1934
-1588
-1183
-762
-610
-663
-525
-62
-177
-459
-362
-201
-58
106
308
252
-162
419
2423
1947
-651
-49
2923
2840
383
775
2712
2264
1677
1841
1382
1535
2307
1438
616
1189
1034
182
232
678
-94
-900
-857
-1061
-1165
-1079
-1693
-2154
-1473
-1267
-1893
-2097
-2182
-2297
-2061
-1751
-2062
-2234
-1799
-1471
-1249
-1308
-1431
-1197
-567
-390
-278
-61
34
348
570
596
630
697
1191
2832
2547
134
457
3341
3646
971
786
2894
2803
1997
2171
1981
1881
2718
2158
991
1143
1217
503
162
556
-132
-969
-985
-1272
-1354
-1289
-2041
-2832
-2255
-1819
-2180
-2453
-2495
-2218
-1844
-1679
-2162
-2215
-1639
-1298
-931
-866
-1210
-1203
-649
-622
-642
-294
-248
-241
79
209
35
-40
1039
2474
1124
-733
891
3384
2632
445
1214
2798
2264
1843
1930
1724
2073
2571
1733
1219
1413
1100
601
606
426
-349
-683
-988
-1233
-1074
-1377
-2147
-2174
-1729
-1970
-2269
-2590
-2589
-1859
-1691
-2193
-2121
-1385
-1299
-1044
-99
-196
-864
-312
519
418
608
907
607
802
1172
987
689
1174
2778
2764
438
344
3075
3702
1297
703
3104
3312
2111
2363
2489
2286
2838
2689
1938
1898
1773
1064
898
1149
17
-879
-828
-1325
-1740
-1787
-2472
-3318
-2996
-2642
-3076
-3310
-3234
-3261
-3354
-3185
-2967
-2654
-2748
-3072
-2269
-1409
-1882
-2224
-1420
-998
-1010
-852
-911
-841
-179
125
-35
23
1376
2672
1174
-219
1607
3963
2848
499
2050
4155
3020
2100
2858
3220
3187
3198
2508
2335
2343
1767
1034
1025
729
-629
-846
-737
-1105
-1300
-1703
-2508
-2419
-1437
-1824
-2627
-2448
-2325
-2611
-2368
-2040
-2019
-1881
-2106
-1724
-596
-591
-1517
-965
72
-248
-304
252
-11
-116
517
662
308
1378
3468
2398
8
1302
4336
4095
1326
1566
4191
4056
2487
2340
3042
3491
3534
2571
2032
2331
1670
646
627
608
-929
-1802
-1667
-2247
-2587
-2784
-3563
-4018
-3251
-3364
-4195
-4059
-3792
-3734
-3608
-3444
-3451
-3005
-2761
-3011
-2174
-1364
-2112
-2168
-923
-564
-649
171
244
38
636
852
413
1041
3485
3300
554
1192
4440
5001
2784
2444
4617
5197
4271
3656
3718
4332
5002
3758
2415
3101
3033
1661
1329
1749
446
-602
-344
-935
-1433
-1524
-2392
-3147
-2206
-1899
-3501
-4027
-3211
-2723
-2978
-3400
-3640
-3182
-2722
-3282
-3092
-1986
-2105
-2712
-1991
-1354
-1624
-1277
-926
-730
-90
9
-628
-123
2546
2968
-193
-190
3602
4690
2093
1418
3962
4545
3388
3031
3108
3491
4486
3973
2271
2254
2599
1731
882
1117
417
-1070
-1292
-1493
-1999
-2442
-3211
-3783
-2971
-2318
-3620
-4537
-3827
-2850
-3124
-3821
-3573
-2756
-2418
-2914
-2686
-1535
-1403
-1995
-1627
-781
-577
-476
-627
-503
574
978
-65
5
2801
3273
-14
190
4463
5420
2256
1595
4462
5221
4042
3458
3447
3967
5002
4282
2645
2807
2914
1741
1371
1709
450
-1017
-1069
-1177
-1546
-1898
-2870
-3556
-2448
-2054
-3551
-3987
-3308
-2808
-2647
-2876
-3118
-2601
-2269
-2858
-2669
-1210
-906
-1848
-1595
-668
-434
-65
-103
-446
216
1365
986
855
3618
3831
393
892
5116
5396
2066
2066
4769
5017
4279
3631
2762
3462
4754
3085
1227
1737
1400
-58
61
411
-1231
-2139
-2051
-2609
-2748
-2833
-3810
-4176
-3092
-3346
-4319
-4052
-3882
-3786
-3114
-2788
-3321
-2844
-2593
-3307
-2737
-1476
-1740
-2744
-2308
-1821
-1413
-701
-956
-1309
-555
520
219
947
3080
2088
56
2381
5984
4711
2181
3537
5695
5535
5118
4510
3539
4600
5820
3928
2256
2615
2195
1124
1460
1146
-847
-1430
-1310
-1912
-1984
-2312
-3732
-4293
-3603
-3486
-3397
-3403
-4233
-4193
-2585
-2005
-3125
-2869
-2183
-2416
-1796
-1038
-1375
-2052
-1803
-1055
-48
255
-388
-491
686
1722
1592
2581
3203
1252
836
3929
5500
3156
1890
3980
4845
4347
4094
3188
2415
3901
4563
2523
1490
1615
874
536
1183
24
-1928
-2138
-2182
-2499
-2399
-2823
-4204
-4566
-3736
-3419
-3295
-3980
-4861
-4076
-2537
-2634
-3611
-3197
-2514
-2047
-1538
-1292
-1359
-1349
-826
-24
851
834
382
656
1483
2079
3083
4146
2461
1093
3878
6359
4153
1817
3991
5614
4245
4176
4458
2870
2741
4139
3291
2076
1701
524
-408
725
481
-2193
-2628
-1979
-2697
-2766
-2416
-4074
-5300
-4260
-3761
-3984
-4011
-4312
-4395
-3104
-2119
-2793
-3243
-2710
-1747
-988
-1029
-1737
-1677
-733
-227
8
-19
-45
144
517
933
2056
3449
2229
90
1772
5356
4474
1125
2267
4961
4258
3334
3988
3463
3004
4056
3340
1833
2025
1489
-574
-110
1132
-1190
-3332
-2537
-2405
-2946
-3044
-4321
-5351
-4060
-3326
-4514
-4131
-2983
-3389
-3247
-1934
-1997
-2559
-2209
-1912
-995
-248
-1029
-1926
-916
348
139
-223
64
594
1175
1690
2427
3906
3579
1175
1858
5482
5593
2243
2420
5251
5220
4363
4595
4099
3567
4925
4782
2927
2826
2986
1529
1054
1548
-285
-2196
-1924
-1855
-2259
-2542
-3946
-5239
-3735
-2556
-3970
-4633
-3815
-3385
-3265
-2603
-2672
-2911
-2629
-2607
-2024
-1345
-1599
-2381
-1855
-760
-494
-848
-993
-689
-97
669
1397
2608
2312
235
938
4221
4444
1768
1996
4162
3997
3703
4185
3338
2601
3947
4062
2448
2192
2134
637
311
983
-670
-2677
-2378
-2086
-2686
-3031
-3701
-4894
-4430
-3055
-3485
-4010
-3669
-3724
-3617
-2702
-2412
-2858
-2730
-2470
-2018
-1366
-1269
-1932
-1645
-459
-7
-330
-43
394
608
1011
1848
3440
3120
1074
1894
5394
5407
2635
3099
5271
4437
3643
4893
4417
3388
4457
4119
2483
2634
2643
797
352
1273
-197
-2135
-2020
-2070
-2924
-3232
-3689
-4607
-4196
-3636
-4025
-3868
-3369
-3589
-3569
-2670
-2327
-2254
-2129
-2194
-1813
-1108
-886
-1338
-1061
-218
211
44
-103
142
747
1163
1447
2688
2948
1200
1267
4021
4430
2011
2370
4899
4562
3434
4289
4330
3201
4139
4089
2087
1864
2388
936
95
774
-646
-2503
-2274
-2202
-3146
-3528
-3971
-5026
-4461
-3919
-4937
-4935
-3884
-3848
-4009
-3112
-2749
-2636
-1873
-1501
-1354
-645
-80
-355
12
748
890
841
989
1002
1347
2086
1873
2316
3403
2309
1108
3319
5038
2773
1404
3702
4462
3070
3356
3760
2543
3134
4140
2393
1284
1837
1012
-110
482
-313
-2549
-2790
-2361
-2920
-3197
-3519
-4753
-4613
-3337
-3914
-4966
-4349
-3684
-3743
-2979
-2459
-2778
-2280
-1670
-1541
-1048
-730
-1029
-736
382
840
744
564
424
440
1050
1262
880
2086
2682
829
899
3975
4564
1973
1948
4388
4537
3645
3781
3248
2830
4151
3799
1784
1560
1538
373
385
802
-949
-2488
-2109
-2199
-2818
-3174
-4206
-4866
-3934
-3652
-4617
-4661
-4103
-4177
-3623
-2518
-2479
-2304
-1330
-1109
-723
317
211
-479
41
1041
1113
1035
1164
1201
1486
2292
2343
2059
3534
4045
2124
1932
4425
4933
2763
2431
4049
4352
3762
3442
2959
2987
3755
3031
1949
1846
1276
294
302
217
-1508
-2640
-2526
-2810
-3015
-3422
-4576
-5035
-4457
-4430
-4848
-4703
-4558
-4573
-3880
-3042
-3112
-2892
-2273
-2361
-1501
-191
-547
-1020
-112
656
436
405
558
511
854
1528
1455
1182
2468
3340
1927
1566
3543
4379
2931
2233
3534
4327
3895
3308
2782
2946
3701
3425
2419
2018
1493
363
49
-76
-1400
-2749
-2830
-2698
-3071
-3647
-4557
-4887
-4281
-3935
-4548
-4900
-4374
-3829
-3290
-2618
-2236
-1920
-1462
-1033
-270
390
-58
-420
380
1135
1168
1159
1378
1270
1497
1927
1758
1450
2160
3227
2693
1614
2084
3412
3472
2298
2203
3560
4066
3054
2411
2866
3149
2983
2393
1990
1623
1134
827
288
-610
-1577
-2054
-2216
-2505
-3187
-4234
-4657
-4307
-4042
-4502
-4942
-4568
-4016
-3633
-3172
-2744
-2626
-2085
-1329
-863
-394
-219
-424
-179
649
1085
927
793
865
1118
1610
1815
1564
1688
2744
3329
2290
1574
2629
3501
2787
2148
3272
3996
3144
2677
3038
3067
2830
2580
1961
1723
1614
945
103
-162
-528
-1553
-2028
-2076
-2629
-3482
-3872
-3691
-3503
-3673
-4223
-4280
-3402
-2798
-2985
-3270
-3087
-2246
-1525
-1783
-1777
-1203
-1036
-964
-566
-182
-98
-27
251
603
1168
1493
1214
1262
2210
3218
3093
2200
2157
3335
4099
3267
2539
3204
3658
3269
2974
3033
2916
2534
2169
2010
1784
1022
273
62
-268
-1197
-1980
-2398
-2828
-3105
-3407
-3777
-4023
-3964
-4190
-4445
-3753
-3168
-3431
-3568
-2805
-1921
-1832
-1958
-1819
-1270
-608
-264
-417
-435
195
648
611
684
1249
1554
1367
1515
1720
2100
2669
2397
1474
1864
3541
3520
2241
2515
3660
3682
3182
3189
2997
2730
2910
2825
2113
1441
1168
766
380
-26
-936
-1806
-1932
-2180
-3002
-3428
-3498
-3977
-4349
-4023
-3497
-3717
-4184
-3894
-3147
-2679
-2577
-2522
-2401
-1942
-1132
-787
-1121
-1054
-124
665
879
958
926
1141
1890
2214
1952
2256
3096
2967
2360
2813
3593
3439
2872
3022
3384
3273
2963
2651
2537
2695
2806
2043
1250
1278
985
246
74
-78
-1316
-2032
-1533
-1841
-2910
-3414
-3443
-3544
-3404
-3455
-3785
-3544
-3054
-3087
-3007
-2283
-2043
-2193
-1789
-1179
-791
-652
-753
-741
-298
204
251
43
103
679
1058
833
868
1493
2006
1951
1685
1716
2177
2766
2713
2340
2689
3272
3121
2791
3059
3244
2887
2473
2330
2155
1538
891
567
188
-533
-1190
-1494
-1845
-2339
-3017
-3537
-3354
-3106
-3550
-4002
-3536
-2990
-3138
-3269
-2892
-2621
-2492
-2144
-1823
-1541
-937
-618
-963
-884
-164
196
-67
88
545
707
795
896
971
1398
2274
2394
1654
1682
2761
3292
2692
2495
3288
3560
3284
3462
3655
3288
3187
3155
2625
2061
1563
913
387
259
-338
-1139
-1232
-1600
-2464
-2839
-2826
-3469
-3923
-3535
-3382
-3483
-3491
-3340
-2827
-2209
-2234
-2446
-2123
-1881
-1760
-1410
-1270
-1352
-932
-229
-123
-189
-66
220
723
982
861
806
1554
2379
2224
1683
2104
3174
3168
2397
2663
3474
3526
3282
3261
3125
3180
3300
2793
2118
1722
1373
924
561
-32
-731
-868
-864
-1530
-2470
-2651
-2308
-2491
-3086
-3237
-2757
-2695
-3156
-2962
-2415
-2402
-2377
-1954
-1838
-1845
-1683
-1648
-1511
-1210
-1029
-1017
-823
-452
-332
-138
470
878
792
976
1880
2420
1975
1710
2681
3554
3060
2619
3283
3828
3505
3144
2959
2626
2545
2439
1857
1219
778
261
-209
-473
-1177
-1895
-1944
-2213
-2926
-3106
-3085
-3501
-3547
-3216
-3320
-3346
-2884
-2647
-2609
-2301
-2158
-2321
-2121
-1753
-1584
-1549
-1517
-1411
-1129
-672
-413
-313
-195
160
842
1283
1292
1334
1673
2398
3100
2926
2418
3136
4289
3987
3177
3711
4360
3919
3711
3911
3636
3332
3309
2831
2055
1660
1191
520
113
-279
-858
-1416
-1983
-2307
-2322
-2598
-3181
-3576
-3738
-3632
-3375
-3420
-3690
-3323
-2592
-2670
-3095
-2917
-2552
-2234
-1831
-1775
-1871
-1512
-946
-537
-287
-169
-36
447
1169
1477
1232
1203
2080
3011
2587
1672
2328
3640
3363
2588
3106
3634
3315
3230
3348
3056
3007
3084
2519
2104
2122
1604
776
406
2
-662
-1085
-1688
-2255
-2273
-2391
-2939
-3376
-3618
-3957
-4011
-3988
-4315
-4288
-3685
-3281
-3266
-3041
-2645
-2320
-2078
-2083
-1785
-1237
-799
-368
22
279
624
1183
1372
1352
1617
1756
1769
2732
3462
2356
1825
3525
4398
3046
2611
3718
3896
3545
3758
3338
2656
3212
3446
2276
1709
1852
1137
504
508
-404
-1742
-2006
-2223
-2788
-2902
-3303
-4421
-4753
-4073
-4025
-4568
-4708
-4606
-4228
-3573
-3423
-3640
-3245
-2448
-2025
-1876
-1569
-1052
-697
-388
265
894
1026
1105
1715
2402
2517
2413
2506
3010
3842
3748
2709
2942
4389
4231
2822
3137
4200
3699
3054
3232
2847
2553
3147
2766
1605
1670
1922
1027
509
447
-651
-1625
-1578
-1998
-2907
-3177
-3695
-4631
-4379
-3931
-4689
-5287
-4955
-4688
-4698
-4322
-4090
-4040
-3566
-2942
-2584
-2199
-1781
-1505
-782
234
730
898
1367
2125
2756
3088
2973
3013
3442
3964
4711
4614
3481
3417
4893
5262
3915
3513
4134
3981
3599
3408
2699
2268
2685
2214
1206
1057
608
-401
-719
-828
-1812
-2544
-2743
-3444
-3860
-3779
-4583
-5704
-5388
-4702
-5002
-5448
-5519
-5247
-4477
-3900
-4096
-4084
-3245
-2758
-2494
-1875
-1403
-1316
-797
110
528
725
1149
1530
1972
2632
2820
2498
2607
3659
4620
4079
2917
3556
5246
5170
3721
3786
4751
4681
4187
3929
3394
3111
3182
2484
1612
1396
890
-73
-293
-458
-1583
-2435
-2593
-3059
-3466
-3713
-4629
-5425
-4765
-4166
-4768
-5211
-4732
-4088
-3600
-3185
-3107
-2777
-2048
-1519
-1222
-741
-242
25
362
992
1502
1676
1710
2080
2602
2805
2640
2655
2774
3080
3895
3548
2069
2201
3950
3996
2420
2312
3020
2724
2577
2714
1848
1198
1794
1519
620
432
-97
-1100
-995
-840
-2149
-3041
-2883
-3155
-3656
-3611
-3976
-4783
-4515
-3924
-3838
-3825
-3942
-3855
-3159
-2295
-2115
-2036
-1675
-1303
-615
184
456
280
733
1473
1846
2216
2269
2161
2577
3262
3260
3061
3099
2911
3358
4054
3241
1971
2835
4169
3056
1735
2235
2490
1999
2090
1713
541
759
1185
213
-396
-279
-1021
-1789
-1478
-1921
-3141
-3305
-3390
-3980
-3887
-3716
-4536
-4976
-4096
-3729
-4261
-4469
-4045
-3327
-2637
-2477
-2563
-2132
-1423
-791
-275
165
400
689
1337
1944
2227
2320
2174
2428
3185
3440
2900
2766
3053
3051
3517
3783
2463
1597
3042
3841
2250
1388
2096
1994
1775
2112
1426
400
997
1494
691
167
-214
-912
-963
-631
-1438
-2414
-2392
-2587
-2922
-2764
-2964
-3541
-3507
-3115
-2978
-2785
-2777
-2857
-2202
-1382
-1309
-1398
-1068
-599
58
728
766
682
1181
1612
1724
1875
2017
1778
1848
2521
2763
2436
2227
2159
1942
2363
2638
1412
451
1504
2496
1517
303
484
792
787
722
130
-462
-33
423
-217
-730
-974
-1336
-1485
-1376
-1725
-2300
-2479
-2588
-2563
-2450
-2698
-3131
-3225
-2770
-2160
-1904
-2339
-2551
-1592
-728
-917
-1054
-592
-237
111
674
792
629
905
1413
1655
1728
1773
1558
1612
2193
2281
1795
1574
1756
1523
1706
2341
1556
217
969
2441
1625
220
594
1212
939
866
565
-336
-155
561
70
-709
-958
-1169
-1300
-1166
-1641
-2299
-2247
-2080
-2414
-2397
-2243
-2521
-2457
-1976
-1833
-1663
-1309
-1256
-939
-160
195
57
397
909
1081
1208
1423
1414
1396
1743
1990
2012
2079
2060
1720
1765
2140
2058
1608
1346
1255
1346
1794
1584
480
174
1328
1649
482
-157
344
535
289
61
-362
-601
-388
-388
-969
-1401
-1536
-1694
-1717
-1568
-1810
-2431
-2626
-2309
-2013
-2236
-2794
-2646
-1911
-1611
-1765
-1519
-1183
-1143
-800
-213
-100
-142
199
426
603
943
1033
892
1156
1518
1507
1534
1669
1526
1387
1641
1718
1505
1264
1116
1150
1125
1086
1218
975
218
349
1331
1087
-225
-300
391
271
-12
-127
-616
-602
119
31
-574
-661
-622
-744
-440
-547
-1346
-1521
-963
-779
-990
-1157
-1259
-1087
-626
-545
-1043
-1136
-492
89
-117
-447
-185
232
271
244
321
206
278
551
628
605
597
353
244
728
840
299
250
772
855
566
409
185
461
1134
388
-887
-135
1284
431
-950
-175
719
338
61
182
-69
43
515
163
-376
-323
-259
-446
-369
-275
-703
-904
-583
-434
-780
-1158
-1030
-665
-517
-739
-1000
-950
-415
-90
-401
-644
-317
-13
56
219
264
189
481
740
574
371
313
300
380
684
608
229
258
545
453
72
-110
-307
-70
534
-41
-1150
-482
1015
531
-606
222
1188
747
688
1057
601
612
1458
1340
836
1138
1206
822
1110
1280
441
-69
286
323
-142
-637
-913
-807
-576
-801
-1360
-1583
-1285
-1008
-1089
-1321
-1316
-948
-686
-656
-561
-426
-425
-348
-15
248
74
-71
233
557
599
304
36
121
246
-20
-261
-305
-513
-199
334
-533
-1436
-169
1007
-308
-1175
120
672
306
505
568
329
1070
1469
728
649
1088
710
506
970
544
-382
-211
165
-198
-568
-842
-1151
-999
-706
-972
-1413
-1562
-1235
-779
-730
-1099
-1145
-668
-235
33
46
-118
-40
486
790
571
305
318
492
574
576
293
79
312
415
130
4
-48
-495
-156
921
319
-986
48
1708
997
-73
661
1231
1144
1307
1032
603
1407
2008
1303
1055
1335
1098
892
1019
586
-47
-69
-136
-466
-595
-810
-1205
-1386
-1199
-1045
-1204
-1755
-1825
-1039
-645
-1033
-1259
-935
-589
-422
-473
-766
-693
-263
-112
-288
-316
-159
-185
-177
86
167
-254
-519
-335
-144
-182
-235
-504
-498
570
1188
43
-614
838
1898
1127
545
1149
1686
1805
1839
1633
1480
1868
1956
1557
1320
1025
504
321
520
254
-415
-856
-1001
-929
-979
-1571
-2115
-1937
-1572
-1641
-1758
-1732
-1622
-1326
-1018
-967
-1063
-954
-729
-415
-157
-134
-271
-178
209
298
87
-122
-187
-127
-105
-328
-522
-323
2
90
60
-10
-137
-32
670
1406
840
-135
568
2136
2011
796
787
1701
2140
2151
1641
885
1315
2171
1681
845
832
775
439
494
235
-535
-868
-788
-762
-820
-1240
-1718
-1622
-1287
-1225
-1302
-1405
-1497
-1182
-950
-1112
-1054
-967
-1158
-913
-418
-617
-918
-608
-411
-515
-344
-301
-556
-396
22
-133
-351
-54
148
-22
61
293
225
200
253
529
1257
1070
-106
264
2007
1852
246
451
1594
1587
1420
1442
947
1190
2104
1820
947
1071
1532
1424
1351
1082
453
278
457
340
4
-449
-829
-848
-627
-737
-1219
-1612
-1412
-814
-839
-1344
-1336
-1041
-1070
-1155
-1080
-1105
-1066
-913
-785
-689
-545
-498
-649
-521
-256
-259
-358
-243
-240
-323
-135
-95
-442
-446
-161
-93
338
787
24
-382
1223
2118
711
322
1746
2090
1715
1952
1822
1472
2059
2242
1572
1215
1098
782
959
1036
-4
-915
-696
-515
-973
-1541
-2015
-2241
-2045
-1847
-2055
-2542
-2781
-2287
-1580
-1645
-2205
-2133
-1509
-1114
-1190
-1464
-1418
-981
-573
-580
-793
-727
-442
-199
27
78
-85
-152
95
341
432
221
-32
143
764
899
633
1256
1762
988
1010
2664
3019
1785
1850
3045
3268
3192
3223
2676
2627
3501
3409
2514
2143
1995
1745
1821
1577
648
21
33
-46
-489
-1205
-1950
-2116
-1885
-2076
-2620
-2957
-2897
-2441
-2163
-2459
-2734
-2547
-2141
-1816
-1727
-1852
-1861
-1511
-1097
-895
-1004
-1067
-713
-262
-86
-229
-384
-236
200
422
356
400
463
626
1061
1147
679
1092
2178
1823
868
1644
2749
2220
1519
1850
2173
2249
2196
1523
1065
1711
1945
1130
567
482
364
249
20
-535
-984
-1153
-1277
-1400
-1703
-2235
-2435
-2305
-2306
-2392
-2510
-2814
-2740
-2140
-1912
-2220
-2246
-1818
-1459
-1387
-1445
-1401
-1032
-515
-339
-434
-401
-139
139
298
434
497
546
860
1083
845
805
1116
1181
1253
1686
1658
1253
1865
2752
2109
1182
1999
3022
2374
1445
1714
2215
2240
1963
1406
968
1215
1399
973
517
120
-274
-335
-246
-833
-1604
-1618
-1325
-1539
-1948
-2135
-2236
-2246
-1914
-1683
-1812
-1972
-1807
-1504
-1263
-1170
-1311
-1233
-844
-524
-495
-510
-488
-354
-47
106
-6
-11
212
468
577
549
632
914
960
872
1159
1407
1230
1203
1451
1565
1422
1248
1661
2303
1787
719
1243
2424
1855
595
789
1517
1465
943
388
79
449
816
329
-379
-477
-255
-382
-758
-1064
-1238
-1456
-1582
-1489
-1556
-1916
-2066
-2003
-1969
-1717
-1550
-2000
-2242
-1656
-1192
-1463
-1653
-1339
-979
-801
-786
-657
-410
-347
-373
-105
221
209
99
253
627
808
682
634
904
1153
1171
972
813
1097
1461
1257
922
929
960
1182
1507
795
-65
876
1872
759
-320
496
1088
569
230
171
-24
188
322
-209
-550
-327
-241
-329
-268
-469
-950
-1027
-627
-573
-1011
-1241
-1002
-791
-825
-952
-1144
-1201
-823
-422
-398
-453
-383
-278
-83
178
189
99
179
291
417
606
508
178
300
713
714
450
440
533
423
522
822
646
123
186
628
535
171
108
0
32
757
911
-293
-664
750
1353
243
-350
211
675
816
599
44
-15
629
790
341
88
4
-122
11
34
-459
-925
-822
-526
-597
-1057
-1419
-1323
-1020
-899
-987
-1051
-1056
-800
-307
-113
-357
-535
-231
271
484
278
70
334
726
765
530
460
558
597
667
710
494
299
383
390
269
363
320
1
2
406
398
-39
-39
318
234
-171
176
818
188
-845
-78
1383
943
-489
-405
609
853
355
-219
-391
53
475
143
-478
-823
-727
-389
-329
-902
-1480
-1412
-943
-749
-1126
-1617
-1433
-896
-790
-883
-905
-1037
-920
-358
-182
-595
-785
-519
-159
27
-87
-317
-252
133
323
170
-3
70
285
461
465
343
328
562
803
828
819
854
850
1081
1435
1293
955
1169
1501
1385
1263
1233
871
605
1155
1398
413
-353
290
992
416
-435
-364
124
114
-387
-712
-617
-449
-561
-725
-660
-599
-680
-697
-525
-424
-554
-684
-486
-272
-419
-711
-618
-300
-263
-420
-441
-347
-206
-82
-168
-341
-396
-239
-49
-3
-81
-69
-17
-2
82
267
358
206
200
519
792
652
509
789
1029
1029
1133
1136
834
734
1068
1110
660
456
578
627
611
322
-215
-110
420
-55
-1040
-674
122
-415
-1246
-1011
-647
-785
-947
-1083
-1198
-920
-629
-861
-1053
-973
-889
-764
-573
-800
-1061
-667
-197
-426
-741
-458
-238
-450
-481
-232
-311
-415
-32
265
103
4
84
115
259
473
362
242
505
665
492
428
524
389
388
717
724
396
574
941
736
505
710
717
575
777
864
522
335
426
331
266
377
97
-313
175
781
-44
-1118
-506
367
-315
-1124
-718
-222
-268
-418
-605
-754
-370
14
-252
-511
-319
-76
-61
-59
-209
-329
-74
206
134
-52
-69
51
187
172
-2
-84
0
43
-49
-97
-20
-84
-194
-32
203
133
-83
35
362
514
428
377
481
544
482
453
495
478
420
353
362
469
473
226
65
157
210
68
-94
-290
-367
-146
-123
-647
-895
-279
66
-647
-1125
-444
150
-271
-773
-551
-92
122
4
-337
-382
100
341
90
-79
46
131
161
168
54
-76
-117
25
245
176
-173
-225
81
163
-15
-159
-170
64
285
163
-162
-231
-36
66
-44
-140
-69
21
-16
51
147
-7
-188
-85
147
187
45
-28
23
32
17
85
99
-56
-105
121
150
-193
-451
-350
-198
-155
-186
-285
-431
-318
66
-14
-630
-641
140
308
-404
-646
13
488
389
57
-25
301
625
503
280
311
362
370
577
649
294
-68
-6
316
305
-148
-460
-169
316
359
-17
-291
-164
83
119
-75
-213
-180
-75
51
55
-70
-187
-213
-114
-29
-37
-182
-303
-161
12
-65
-260
-327
-288
-180
-98
-253
-496
-390
43
103
-266
-408
-80
169
36
-157
-154
-68
100
431
487
29
-176
504
981
427
-134
222
754
820
552
377
442
695
877
739
543
471
530
647
668
461
343
512
661
644
497
224
88
305
431
113
-185
-35
128
-86
-398
-556
-631
-666
-740
-951
-1107
-1036
-985
-1134
-1162
-1064
-1113
-1319
-1341
-1113
-930
-912
-978
-936
-695
-498
-591
-807
-709
-429
-239
-230
-274
-347
-255
12
59
-126
-120
72
183
462
630
160
-180
551
1262
903
347
708
1368
1540
1272
955
968
1388
1617
1331
1056
1113
1259
1300
1216
897
573
531
666
540
191
-99
-73
50
10
-169
-359
-441
-416
-420
-633
-821
-756
-556
-594
-834
-941
-870
-905
-1013
-1016
-1003
-1026
-1021
-942
-800
-674
-745
-878
-777
-539
-370
-375
-499
-465
-125
77
-87
-170
120
329
284
289
385
296
272
647
945
519
153
680
1230
945
461
692
1112
1158
869
723
807
1070
1107
886
635
614
814
839
656
506
444
363
331
265
71
-155
-204
-217
-360
-561
-725
-810
-724
-632
-872
-1200
-1145
-863
-903
-1224
-1335
-1145
-1006
-1004
-1067
-1033
-808
-640
-737
-802
-603
-471
-417
-238
57
144
70
-31
-5
154
264
222
206
324
449
474
455
485
614
668
698
979
1152
797
560
1060
1388
985
589
779
1060
1043
751
453
416
661
634
259
25
59
42
-76
-208
-341
-404
-386
-362
-418
-523
-665
-733
-622
-509
-679
-878
-776
-529
-610
-897
-995
-813
-562
-538
-714
-773
-620
-492
-555
-651
-558
-306
-87
-51
13
168
261
253
253
399
550
598
529
533
679
744
617
559
678
751
671
580
512
469
407
414
435
275
14
46
361
368
8
-117
157
338
183
-71
-83
105
190
-14
-221
-287
-203
-150
-201
-364
-425
-376
-341
-284
-243
-341
-486
-458
-320
-277
-363
-367
-236
-25
23
-84
-203
-157
-29
-95
-212
-141
-32
-68
-106
-67
44
100
73
24
135
339
391
328
364
494
544
507
409
324
337
374
277
199
190
114
-3
-7
-48
-227
-313
-127
76
-119
-448
-308
80
-70
-545
-554
-188
-41
-165
-273
-284
-158
11
-58
-288
-281
-60
-24
-175
-226
-184
-138
-54
0
-128
-288
-206
18
208
208
121
131
378
561
459
348
468
561
465
400
418
425
334
301
327
278
183
129
118
209
260
154
42
73
133
112
5
-115
-163
-145
-111
-209
-373
-467
-470
-452
-511
-678
-824
-881
-795
-619
-591
-829
-917
-578
-333
-527
-785
-590
-240
-129
-229
-277
-126
144
290
212
147
269
439
540
608
630
619
657
735
739
588
471
547
646
616
473
321
333
487
462
293
203
235
193
86
56
50
-8
-88
-91
-81
-143
-207
-288
-311
-208
-111
-192
-329
-287
-193
-186
-235
-274
-268
-231
-202
-172
-206
-268
-302
-265
-204
-179
-224
-184
-1
132
30
-175
-89
242
328
130
81
330
561
521
416
411
507
561
524
434
406
474
503
455
393
338
259
252
320
280
110
8
37
76
-33
-254
-389
-348
-283
-433
-670
-705
-582
-627
-791
-802
-683
-618
-643
-673
-682
-654
-606
-653
-728
-648
-532
-546
-571
-439
-295
-231
-240
-238
-174
-89
-69
-84
-37
-12
-17
84
251
265
185
237
477
663
598
404
453
717
821
620
509
663
816
849
782
703
746
880
945
903
805
721
657
656
648
510
328
280
315
277
97
-33
-1
17
-76
-230
-396
-474
-454
-524
-669
-687
-655
-731
-783
-735
-698
-783
-821
-795
-713
-624
-629
-658
-601
-465
-408
-415
-368
-245
-167
-134
-49
22
38
38
63
124
179
195
193
236
355
431
372
321
383
479
445
333
372
497
485
418
394
405
405
361
247
175
183
174
61
5
41
3
-62
-64
-104
-192
-223
-208
-206
-244
-283
-329
-362
-323
-290
-375
-405
-322
-272
-290
-276
-186
-149
-169
-156
-121
-114
-121
-70
-18
2
39
42
13
81
218
258
241
307
390
405
412
422
400
371
364
320
243
268
283
218
210
223
154
79
77
96
86
47
1
6
108
171
60
-52
-22
8
-84
-173
-199
-195
-210
-247
-302
-361
-367
-345
-326
-332
-363
-391
-379
-335
-299
-298
-267
-196
-103
-57
-92
-105
-78
-99
-152
-181
-165
-157
-181
-133
-77
-76
-96
-107
-88
-28
13
6
11
83
149
151
156
181
211
246
273
250
206
223
249
266
272
254
230
235
268
265
215
179
195
219
201
155
146
160
190
177
134
117
133
161
176
162
141
118
104
121
116
90
59
46
34
29
-29
-95
-85
-74
-93
-147
-205
-217
-231
-263
-278
-283
-288
-303
-304
-266
-239
-243
-262
-241
-192
-180
-179
-162
-137
-115
-112
-100
-61
-41
-25
-20
-23
-17
0
-11
-42
-34
6
58
97
126
160
175
158
144
168
207
204
192
183
172
164
159
159
161
174
172
162
166
164
126
74
43
52
28
-19
-4
26
22
-9
-35
-78
-115
-99
-90
-121
-112
-114
-166
-204
-220
-262
-321
-319
-283
-275
-270
-265
-266
-242
-219
-227
-238
-210
-160
-156
-166
-129
-82
-50
-31
-30
5
41
53
45
21
31
64
92
135
183
208
220
254
330
344
319
328
366
388
379
370
362
342
338
344
316
287
268
254
237
212
185
158
148
162
155
110
80
78
82
61
51
53
37
-2
-43
-85
-94
-84
-111
-152
-186
-207
-249
-278
-289
-322
-358
-390
-422
-434
-443
-449
-450
-452
-433
-429
-443
-435
-380
-333
-318
-306
-263
-234
-211
-181
-169
-139
-96
-54
-36
-3
72
111
111
141
187
216
225
258
310
314
316
340
346
337
335
329
328
337
347
339
329
342
341
326
321
339
330
303
283
281
278
245
198
165
152
131
111
75
43
26
-11
-62
-95
-117
-156
-179
-203
-237
-261
-269
-280
-304
-303
-308
-335
-334
-319
-328
-347
-360
-366
-366
-355
-360
-396
-421
-395
-363
-339
-304
-273
-249
-231
-214
-193
-177
-148
-91
-18
52
94
136
165
175
172
193
227
250
266
302
332
324
343
367
382
379
357
331
329
355
371
365
357
343
345
315
278
283
283
265
223
186
170
161
116
83
68
35
-3
-7
-6
-17
-25
-39
-76
-125
-138
-154
-160
-173
-197
-236
-273
-308
-338
-338
-354
-387
-376
-315
-268
-261
-259
-244
-235
-241
-244
-207
-161
-114
-82
-75
-82
-89
-72
-59
-47
-40
-34
-31
-27
-11
-3
-12
-25
-22
-9
12
42
67
86
93
124
151
166
192
194
193
203
200
187
164
155
170
181
166
144
153
163
171
148
118
99
86
70
50
32
17
32
56
63
37
1
-17
-26
-41
-55
-43
-30
-49
-53
-69
-88
-98
-126
-145
-154
-155
-158
-146
-125
-114
-139
-174
-174
-174
-182
-184
-170
-135
-100
-74
-63
-61
-33
-36
-61
-62
-39
-24
-16
12
19
14
19
36
46
81
120
125
133
154
167
162
149
148
165
186
195
203
221
223
218
215
207
187
166
147
89
45
30
14
8
19
25
18
7
-1
7
-3
-27
-51
-75
-84
-83
-88
-77
-60
-66
-75
-88
-96
-102
-110
-108
-109
-118
-135
-148
-150
-153
-170
-173
-165
-169
-176
-167
-136
-107
-85
-62
-34
6
33
45
52
53
56
92
142
171
184
177
149
122
107
104
101
100
104
108
102
89
61
42
24
-6
-10
-13
-27
-41
-53
-62
-49
-18
9
13
-19
-28
-33
-50
-53
-54
-47
-17
-6
-20
-36
-57
-76
-87
-75
-75
-104
-111
-99
-123
-137
-122
-118
-111
-80
-54
-52
-34
-13
-17
-21
4
33
50
64
71
71
61
49
47
57
66
71
90
119
133
119
121
121
100
65
27
20
39
58
84
120
144
150
144
124
112
114
112
112
104
97
102
85
58
43
47
42
21
7
10
8
-17
-36
-70
-93
-113
-111
-104
-118
-113
-99
-101
-86
-84
-100
-91
-95
-91
-76
-81
-90
-87
-68
-54
-53
-37
-17
-19
-10
10
13
22
30
19
19
19
18
17
6
1
-13
-23
-29
-49
-73
-71
-64
-69
-68
-79
-85
-81
-58
-34
-27
-20
-13
6
22
23
23
27
29
29
32
27
8
-7
-4
1
4
14
27
25
20
8
-8
-16
-26
-23
-12
-1
15
30
41
55
63
53
53
48
37
20
10
4
-3
0
15
28
38
54
60
68
74
81
71
49
29
21
16
25
38
34
25
17
0
-24
-42
-48
-46
-38
-35
-44
-50
-54
-48
-49
-40
-26
-9
15
6
4
14
27
38
43
44
40
43
48
36
21
25
33
24
18
24
8
-4
-6
-17
-28
-26
-13
-2
14
12
-12
-45
-68
-74
-76
-52
-24
-5
17
26
20
23
23
22
23
26
34
31
34
25
9
8
0
-12
-25
-33
-40
-50
-38
-23
-26
-28
-32
-37
-41
-40
-47
-40
-27
-15
8
20
14
-5
-10
-7
-5
-3
12
22
16
1
-20
-52
-74
-65
-41
-12
-3
-7
-26
-39
-30
-26
-24
-18
-8
-20
-22
-17
-8
19
33
45
30
8
-10
-22
-14
8
21
25
46
61
71
69
62
50
34
21
16
20
40
57
55
48
37
26
14
14
11
8
17
19
15
13
9
1
3
10
15
13
2
-9
-32
-45
-43
-35
-18
-9
2
-2
-6
-17
-31
-49
-60
-52
-49
-43
-42
-38
-25
-16
-16
-7
7
19
12
-2
-7
-4
-7
-17
-29
-30
-14
-5
-1
2
-1
-5
-1
-2
-1
19
25
24
22
21
25
1
-7
-3
8
21
31
56
67
63
58
65
66
65
64
74
79
79
74
66
63
60
59
47
24
5
6
3
-22
-36
-40
-48
-51
-48
-53
-65
-64
-68
-58
-45
-26
2
17
0
-20
-31
-51
-67
-63
-41
-40
-43
-45
-40
-35
-35
-31
-32
-31
-24
-29
-45
-51
-54
-56
-46
-28
-5
4
0
0
-2
-3
-3
-22
-41
-59
-63
-67
-59
-49
-43
-31
-23
-11
1
21
42
55
56
59
57
41
39
54
62
63
57
36
3
-11
4
24
50
54
51
36
16
-8
-13
2
19
62
92
117
121
110
98
86
82
64
54
51
65
56
23
-6
-21
-29
-53
-71
-92
-99
-91
-76
-63
-63
-68
-73
-55
-49
-51
-43
-37
-23
-17
-3
2
6
10
20
36
49
45
23
9
5
0
-11
-6
11
32
35
8
-13
-21
0
28
40
48
58
50
19
-6
-15
-5
-3
-6
-11
-21
-22
-20
-13
-6
9
27
37
43
41
30
21
22
16
-4
-12
-18
-28
-27
-40
-67
-83
-77
-60
-47
-47
-41
-36
-49
-44
-35
-28
-23
-30
-26
-17
-10
-10
-10
-6
-5
3
12
20
25
33
29
12
6
5
7
11
21
38
44
40
37
37
39
30
19
10
1
-11
-14
-19
-23
-29
-19
-17
-18
-25
-57
-75
-84
-76
-44
-10
23
38
30
32
36
33
33
26
20
28
28
28
28
11
8
22
24
26
21
-3
-21
-37
-45
-39
-36
-41
-36
-28
-26
-17
-8
10
14
6
6
16
27
32
27
7
-2
-6
-1
16
31
33
22
17
10
11
23
43
