-14
-27
-31
-32
-30
-24
-30
-28
-24
-33
-37
-42
-40
-40
-40
-44
-51
-44
-35
-37
-31
-27
-24
-8
1
9
22
19
13
15
11
9
14
13
14
19
17
18
16
29
38
33
39
48
49
45
37
31
21
11
21
31
41
61
69
63
53
37
26
23
15
10
18
23
20
8
-7
-18
-9
3
6
5
-4
-9
-5
-7
-16
-22
-17
-19
-17
-1
2
0
1
2
-3
7
23
26
30
22
13
15
19
26
26
11
4
11
1
-19
-36
-59
-76
-72
-64
-57
-53
-47
-44
-40
-32
-23
-13
-10
-1
-5
-31
-47
-36
-19
-10
-12
-16
-13
-6
11
34
55
58
49
41
28
26
31
24
14
11
8
1
9
19
4
-1
7
3
-8
-17
-30
-36
-36
-22
3
21
31
22
8
-2
-5
-8
-11
-13
-2
-2
-9
-4
4
17
25
17
10
4
0
4
11
10
3
-2
-12
-11
2
15
36
36
16
-5
-22
-22
-3
9
-1
-15
-28
-30
-19
-7
-6
-9
-8
-19
-30
-46
-64
-65
-47
-25
-19
-18
-13
-11
-6
1
0
-1
-4
-17
-28
-32
-20
-9
-8
1
2
-2
-1
4
20
28
25
26
28
34
40
44
51
45
42
46
42
33
29
36
50
53
51
54
52
42
32
27
29
25
22
15
4
-10
-19
-20
-22
-16
-17
-2
4
-4
-15
-18
-13
-14
-22
-45
-52
-46
-42
-32
-19
-2
11
16
10
-2
-13
-7
-4
-6
11
28
44
53
54
55
59
65
53
48
60
66
61
34
0
-26
-35
-27
-31
-35
-35
-26
-14
-9
-12
-26
-42
-61
-65
-70
-82
-84
-90
-98
-99
-90
-85
-85
-95
-92
-87
-82
-84
-100
-94
-75
-52
-39
-32
-28
-15
-4
9
26
26
28
33
34
31
15
16
27
24
24
44
70
76
75
54
34
16
16
27
33
45
50
48
35
25
10
9
22
25
27
28
34
22
25
42
45
58
67
73
74
74
64
62
68
66
78
83
78
79
84
93
86
76
73
62
49
32
37
41
32
37
34
27
10
-7
-1
8
-1
-13
-33
-48
-57
-74
-85
-95
-123
-145
-149
-150
-139
-133
-121
-111
-122
-139
-132
-121
-103
-78
-70
-58
-55
-63
-64
-64
-62
-56
-45
-39
-34
-37
-35
-14
10
29
43
56
55
45
31
10
8
22
35
53
73
84
84
77
71
66
78
98
116
101
71
42
16
10
20
45
48
54
49
39
34
24
39
52
54
71
106
96
43
-4
5
34
42
31
30
17
0
-35
-29
-5
-25
-28
-15
-15
-37
-50
-55
-83
-95
-68
-55
-58
-44
-29
-21
-33
-77
-86
-87
-95
-103
-93
-95
-143
-191
-206
-199
-199
-173
-106
-56
-50
-59
-68
-66
-53
-9
47
80
83
103
126
108
78
70
55
35
28
3
-4
5
11
17
42
65
80
115
117
68
75
171
183
124
94
76
115
190
266
237
155
178
248
255
198
147
164
203
176
112
39
-23
-33
-7
29
11
-49
-89
-66
-3
-12
-54
-49
12
42
-14
-65
-119
-84
-46
-69
-131
-124
-36
-58
-119
-135
-138
-182
-150
-93
-76
-125
-123
-97
-104
-120
-129
-105
-108
-101
-139
-159
-219
-263
-255
-228
-238
-281
-231
-194
-228
-248
-174
-55
-65
-79
-31
-15
-40
8
94
89
-24
-28
79
105
128
120
127
111
173
186
132
127
182
188
180
156
40
9
81
100
29
62
107
107
122
157
120
117
235
278
206
163
135
39
8
98
120
38
35
76
50
-11
-74
-101
-53
30
70
-53
-142
-67
-31
-88
-148
-168
-210
-139
-33
-62
-141
-88
-11
6
70
110
58
59
139
103
54
56
98
92
172
233
177
121
90
85
91
95
-31
-77
-14
-67
-160
-132
-127
-232
-245
-150
-193
-162
28
12
-142
-115
96
121
3
-30
20
41
46
73
100
122
83
80
78
72
44
27
67
84
-61
-171
-119
-28
-4
15
-40
-194
-297
-237
-78
-30
-76
-79
-13
80
59
-19
-81
-145
-159
-84
65
-17
-178
-239
-215
-195
-237
-329
-419
-346
-171
-300
-419
-283
-222
-323
-259
-188
-143
235
382
-198
-333
568
919
335
111
645
660
703
933
559
120
569
926
654
644
611
102
1
572
359
-79
-151
-190
-431
-91
46
-649
-1023
-590
-288
-519
-586
-827
-992
-758
-273
-533
-823
-751
-586
-671
-363
-198
-594
-891
-589
-293
-354
252
563
-524
-1123
891
1918
607
-107
1176
1371
1266
1948
1814
841
1477
2675
1899
1541
1640
988
257
1429
1560
163
-431
-165
-640
-549
-257
-1077
-1852
-1384
-859
-1330
-1205
-1272
-1652
-1532
-660
-594
-891
-1007
-1270
-1209
-294
79
-706
-1089
-520
-53
48
51
-68
-54
334
645
165
25
500
1340
847
-316
-390
1130
1639
698
136
911
1466
1540
1603
1210
1047
1440
1935
1277
967
609
283
4
563
200
-776
-1087
-985
-1078
-1092
-1154
-1862
-2041
-1656
-1340
-1559
-1452
-1482
-1516
-1238
-724
-555
-617
-662
-637
-315
100
105
-379
-325
3
258
160
-116
-320
-684
-621
-352
-271
-618
16
321
-718
-1219
610
1476
117
-326
860
1400
1272
1748
1137
644
1656
2991
1975
1313
1405
1518
1280
1630
1192
139
54
140
-207
-256
82
-718
-1438
-1110
-613
-1014
-1196
-1261
-1430
-1320
-508
-596
-1298
-1262
-516
-161
-199
-209
-673
-711
-319
-68
-491
-393
-247
-419
-463
148
44
276
1062
378
-1254
-54
2279
1197
-505
348
1776
1338
2272
2576
1312
1083
3041
3049
1786
1710
1566
868
1552
2355
629
-633
-179
131
-583
-243
-437
-1625
-1923
-1279
-1494
-1936
-1829
-2049
-2302
-1736
-1137
-1685
-2188
-1911
-1404
-985
-669
-1078
-1566
-1339
-617
-476
-598
-901
-856
-740
-480
-742
193
1875
749
-2203
-1043
3367
2860
-389
-155
2117
1515
1981
2826
1313
-81
2456
3455
1415
1147
1639
162
165
2223
1033
-1261
-1060
-243
-1075
-378
-339
-2115
-2592
-1100
-1128
-1921
-1563
-1894
-2572
-1471
-83
-798
-1448
-1135
-952
-633
238
-476
-1683
-1101
332
336
-4
-311
-550
-474
510
282
588
2445
1793
-1672
-824
4075
3533
-158
493
3416
2210
2342
3529
1948
-222
2635
4180
2101
1147
1452
-25
-99
2323
1119
-1756
-1798
-608
-1307
-811
-958
-2906
-3688
-1830
-1270
-2145
-2243
-2418
-2897
-1720
-193
-1237
-2309
-1722
-1085
-844
220
36
-1320
-1094
506
809
385
-34
-349
-451
897
894
934
2286
1948
-1171
-409
4308
3479
-458
-93
2978
1872
2254
3349
1832
-575
2359
3870
1830
547
1043
114
344
2367
833
-1583
-1577
-336
-966
-355
-985
-2642
-3194
-1669
-1436
-1995
-2288
-3171
-3348
-1825
-619
-2053
-2631
-1817
-1286
-1208
-336
-664
-1776
-1483
187
604
5
-455
-385
-145
813
649
693
2248
2223
-735
-457
4316
4227
329
94
3015
2031
2126
3366
2319
-445
1890
3862
2093
535
819
9
-124
1629
274
-2075
-2510
-1523
-1930
-1213
-1668
-3285
-3690
-2101
-1795
-2245
-2388
-3396
-3487
-1555
-140
-1572
-2228
-1398
-876
-637
432
203
-945
-499
944
1270
617
154
71
361
1214
1159
1733
3058
2314
-540
685
4751
4212
949
1360
3535
2395
2618
3617
2526
436
2827
4128
2716
1087
937
141
407
1408
-226
-2294
-2514
-1650
-2003
-1602
-2481
-3716
-4029
-2719
-2209
-2407
-3206
-4103
-3532
-1665
-1101
-2729
-3081
-2057
-1307
-885
-76
-403
-1125
-551
798
1113
333
29
526
1080
1430
1302
2438
3320
1701
-202
2595
5486
3395
833
2626
3865
2578
3251
3607
1686
476
3029
3115
1482
263
112
-500
685
804
-1607
-3053
-2396
-2179
-2494
-1892
-3306
-4797
-4213
-2257
-2255
-2936
-3565
-4047
-3203
-1212
-1278
-3190
-2925
-1131
-468
-538
-273
-647
-1199
-24
1431
1469
442
622
1244
1701
1984
2470
3357
2878
1002
797
4120
4811
2145
964
3551
3563
2536
3058
2959
897
998
3071
2342
831
-109
-354
-588
756
-451
-2744
-3550
-2501
-2524
-2064
-2221
-4243
-4796
-3106
-2022
-3232
-3552
-3805
-3702
-2426
-626
-1555
-2932
-2160
-685
-392
-339
-423
-872
-634
493
1134
763
507
895
1363
1748
1902
2903
3633
2040
387
2758
5378
3319
774
2121
3954
2808
2887
3409
2386
1246
2867
3004
1825
1052
253
-683
378
1102
-1218
-2862
-2325
-1760
-1808
-1139
-2607
-4335
-3464
-1545
-2217
-2934
-2676
-3091
-3358
-1591
-536
-2137
-2983
-1589
-339
-444
-360
-489
-443
-36
851
860
390
466
914
1278
1563
2364
3316
2464
823
1607
4518
4700
2190
1632
3512
3870
3232
3002
2413
1643
2201
2775
1864
1280
133
-977
-462
716
-930
-3079
-3394
-3123
-3569
-3145
-3642
-5688
-5741
-3965
-3641
-4529
-3972
-3996
-4416
-3333
-1569
-2155
-3155
-2627
-1406
-812
-824
-1042
-915
-125
281
553
763
969
1061
1502
1961
2466
3362
3536
1936
1457
3765
5209
3444
2183
3298
4421
4512
4481
3888
3163
3636
4208
3374
2577
2112
627
38
1200
729
-1840
-2571
-1858
-2190
-2505
-2337
-3776
-5018
-3633
-2625
-3634
-3990
-3350
-3784
-3710
-2232
-1941
-2900
-2845
-1587
-916
-844
-1270
-1401
-655
302
111
-109
301
856
921
1132
1586
2373
2640
1670
1141
2631
4337
3381
2085
2570
3657
3801
3904
3256
2201
2690
3673
2700
1442
1482
792
-519
-7
450
-1610
-3219
-2551
-2101
-2611
-2526
-3323
-4645
-3891
-2297
-3199
-4390
-3675
-2724
-2699
-2307
-1854
-2349
-2223
-1207
-435
-542
-770
-1074
-146
1165
1395
223
145
1222
2053
1823
1750
2573
3020
2096
1346
2908
4280
3344
1981
2716
3535
3423
3362
2962
1932
2160
3518
2712
714
266
471
-242
-327
-180
-1733
-3230
-2674
-1812
-2139
-2373
-3284
-4421
-3809
-2166
-2795
-4387
-4085
-2953
-2484
-2098
-2057
-2904
-2764
-1644
-808
-824
-1002
-1700
-1473
131
1059
-104
-1059
-211
1129
1629
1529
2256
3021
2427
1319
2935
5067
3950
1764
2647
4454
4350
4052
3915
2755
2388
4060
4202
1994
707
760
252
174
431
-1089
-2961
-2759
-1868
-2007
-2275
-3382
-5060
-4545
-2277
-2560
-4715
-4804
-3586
-3115
-2711
-2438
-3396
-3849
-2462
-1064
-1038
-1486
-1857
-1941
-733
904
880
-491
-494
1030
2130
1771
2307
3822
3029
1059
2729
6143
4952
2081
2818
5064
4607
4510
4626
3187
2413
4561
4837
2475
1415
1366
545
657
1506
-688
-2790
-2288
-1280
-1899
-1834
-2421
-4389
-4487
-2203
-2115
-4545
-4923
-3743
-3001
-2607
-1945
-2976
-3598
-2525
-1113
-1017
-1349
-1645
-1968
-1189
97
454
-791
-847
339
1577
1571
2243
3230
2509
766
1965
4878
4051
1425
1809
3580
3132
3037
3086
1642
1040
3419
3876
1613
570
494
-283
82
1041
-1079
-3409
-2732
-1715
-2336
-2310
-2555
-4044
-3877
-1695
-1732
-3763
-4259
-3171
-2598
-2147
-1968
-2767
-3321
-2350
-1356
-1259
-1332
-1381
-1421
-618
583
815
-145
-243
833
2043
2257
2976
4126
3173
1455
2874
5996
4894
2178
2754
4848
4026
3982
4286
2787
1527
3920
4354
1590
444
640
-391
-341
897
-1497
-4219
-3457
-1896
-2911
-2823
-2922
-4795
-5352
-2567
-1936
-4407
-5013
-3620
-2768
-2515
-2079
-2821
-3105
-2149
-819
-702
-1073
-1273
-1039
-345
589
931
50
149
1448
2383
1802
3020
4670
3133
1032
3800
6912
4600
2200
4040
5460
4028
4544
4781
2916
2027
4497
4350
1958
1111
957
-231
86
853
-1578
-3743
-3062
-1974
-3005
-3289
-3992
-5397
-5405
-3178
-3125
-5256
-5709
-4455
-3467
-3275
-3146
-3820
-3656
-2520
-1251
-1367
-1660
-1739
-1367
-554
302
304
-614
-140
1335
2089
1182
2438
4150
2764
502
3372
6437
3790
1057
3142
5052
3388
3677
4090
2705
2040
4629
4116
1789
1285
1545
498
928
1367
-1376
-3231
-2023
-1069
-2363
-2722
-3362
-4555
-4243
-2091
-2514
-4253
-4293
-3303
-2849
-2654
-2715
-3496
-3156
-1877
-706
-913
-1346
-1549
-900
97
801
522
63
708
1669
2047
1388
2866
3868
1897
388
4353
6687
3398
1105
3977
5071
3408
3802
3671
1990
2188
4704
3078
1005
885
909
-301
845
722
-2406
-3771
-1964
-1720
-3213
-3182
-4180
-5474
-4429
-2212
-3516
-5160
-4814
-3367
-2881
-2496
-2871
-3289
-2510
-1572
-1167
-1602
-1732
-2025
-1077
-302
79
-719
-692
73
1232
1303
1311
3151
3216
885
1191
5844
5858
2202
2155
5746
4960
4078
5095
4641
2722
4292
6092
3863
2255
2258
1936
1281
2250
406
-2514
-2700
-969
-1734
-3156
-3481
-4129
-4775
-4096
-3007
-3861
-4622
-4462
-3225
-2247
-2273
-3341
-3466
-2232
-1532
-1297
-1805
-2110
-2058
-702
-155
-420
-1324
-1061
170
1286
1260
1015
2602
2955
1108
793
4338
4682
1929
1840
4775
4481
3488
3912
3641
2463
3575
4791
2872
1206
1225
1309
680
1071
-626
-2859
-2838
-1483
-2215
-3249
-3465
-3747
-3979
-3418
-3197
-4020
-4078
-3528
-2963
-2420
-1968
-2711
-2918
-1752
-940
-1080
-1469
-1866
-1791
-629
-163
-572
-895
-345
259
785
867
634
2136
3198
1925
781
3691
5389
3186
2020
4460
5064
3867
3898
3754
2934
3559
4958
3361
1764
1607
1517
716
1068
67
-2056
-2252
-1004
-1745
-2867
-2843
-3364
-4115
-3493
-2572
-3276
-3605
-3029
-2468
-1995
-1488
-2066
-2474
-1821
-1071
-836
-1105
-1889
-1947
-867
-445
-880
-953
-773
-458
224
723
241
1352
2685
1517
304
2872
4863
2899
1665
3579
4690
3772
3850
3776
3042
3069
4242
3399
2172
1510
996
381
1130
654
-2018
-2988
-1859
-1622
-2732
-2736
-3352
-4395
-3927
-2312
-2757
-3797
-3340
-2548
-2182
-1790
-1731
-2446
-2252
-1663
-942
-1131
-1843
-2254
-1207
-357
-438
-891
-1142
-566
284
1063
559
1629
3050
2210
388
2607
5381
3766
1682
3341
4944
3714
3520
3769
3018
2380
3971
3447
1823
1030
983
292
900
1162
-1271
-2764
-1684
-1118
-2414
-2554
-3044
-4179
-4033
-2316
-2621
-3923
-3614
-2665
-2423
-2263
-2060
-2567
-2632
-2247
-1451
-1052
-1493
-2245
-1664
-317
-38
-581
-919
-202
556
1309
1080
1575
2864
2769
1054
1560
4414
4440
2488
2587
4760
4495
3683
3527
3282
2444
3331
3793
2361
1156
834
487
285
683
-892
-2469
-2515
-1891
-2512
-2606
-2901
-3795
-4185
-3082
-2435
-3123
-3380
-3133
-2523
-1790
-1157
-1632
-2174
-2133
-1210
-370
-790
-1898
-1858
-765
-171
-167
-659
-572
186
1256
1296
1205
2684
3390
1719
1049
4021
5254
3007
1980
4263
5078
4233
4070
3786
2783
3301
4459
3124
1445
1213
1042
220
602
-326
-2450
-2929
-2037
-2315
-2587
-2672
-4032
-5054
-3842
-2733
-3866
-4575
-3993
-3343
-2946
-2360
-2671
-3508
-3356
-2323
-1508
-1705
-2174
-2129
-1208
-557
-266
-768
-1221
-339
1128
1585
978
2027
3764
3250
1481
2969
5243
4208
2260
3420
5008
4320
4185
4423
3750
3222
4256
3782
2356
1761
1616
652
639
594
-1239
-2728
-2459
-2209
-2701
-2752
-3167
-3948
-3802
-2626
-2904
-3864
-3768
-3155
-3008
-2193
-1681
-2633
-3281
-2185
-1118
-1501
-2142
-2069
-1536
-779
-54
-136
-1015
-785
654
1276
669
618
2175
2762
1444
1148
3598
4579
2868
2380
4236
4576
3907
3950
3768
3053
3401
3835
2700
1927
1802
1194
354
644
-214
-2084
-2914
-2464
-2385
-2544
-2985
-4122
-4389
-3060
-2177
-3264
-3684
-3094
-2764
-2352
-1241
-1476
-2575
-2005
-488
-271
-1007
-1201
-1209
-610
299
423
-583
-539
935
1745
1350
926
1765
3121
2808
1190
1713
4072
4154
2422
2683
4347
4506
3863
3842
4029
3546
3413
3221
2531
1784
1136
324
77
258
-1074
-2898
-3255
-2640
-2846
-3351
-4020
-4771
-5036
-4227
-3831
-4301
-4573
-4459
-3857
-2725
-2291
-3333
-3648
-2435
-1340
-1472
-2164
-2633
-2025
-750
-181
-633
-990
-387
756
1360
1306
1337
2762
4033
3059
1788
3315
4939
3985
3017
4257
5404
4937
4581
4665
4342
3799
4185
3990
3202
2377
1443
498
978
793
-1302
-2465
-2053
-2065
-2686
-2771
-3415
-4441
-4282
-3139
-3203
-3995
-4347
-4167
-3445
-2278
-2440
-3644
-3609
-2359
-1640
-1925
-2539
-2459
-1516
-514
-259
-468
-573
54
1019
1369
1150
1385
2777
3518
2571
1987
3700
4853
3697
2974
4232
4646
3776
3552
3972
3562
2954
3033
2782
2103
1081
377
428
630
-596
-1703
-2007
-2256
-2775
-2720
-2672
-3665
-4259
-3652
-3056
-3409
-3677
-3813
-3410
-2508
-1972
-2490
-2682
-2043
-1214
-880
-1492
-2046
-1587
-679
-374
-449
-433
-186
626
1709
2183
1785
2127
3813
4256
2481
2057
4271
4905
3370
3139
4429
3948
3101
3540
3883
3062
2920
3246
2635
1687
807
74
-243
-341
-1422
-2380
-2612
-2661
-2973
-2938
-3326
-4292
-4412
-3718
-3727
-4328
-4431
-4238
-4012
-3501
-3032
-3237
-3249
-2364
-1340
-1418
-2130
-2095
-1403
-738
-502
-520
-457
111
991
1425
1497
1544
2575
3959
3694
1987
2488
4534
4606
3134
3357
4369
3769
3496
4073
3931
2787
2723
2772
2339
1571
946
434
557
288
-924
-1835
-2071
-2251
-2491
-2253
-2673
-3562
-3851
-3251
-3112
-3406
-3638
-3628
-3484
-2776
-2591
-3211
-3107
-1767
-1048
-1520
-1660
-1271
-782
-59
502
320
312
1061
1667
1717
1811
1833
2762
3930
3312
1652
2655
4685
4030
2322
3106
4024
3213
3205
3969
3468
2550
3036
2922
2119
1319
811
370
816
566
-922
-1884
-1813
-2024
-2616
-2701
-3427
-4351
-4088
-3231
-3621
-4151
-4123
-3966
-3599
-2895
-3255
-4049
-3369
-2135
-2255
-2926
-2761
-2147
-1271
-400
-492
-1034
-397
784
1067
980
1348
1628
2696
3949
3220
1678
2869
4834
4259
3068
3690
3978
3192
3446
4148
3405
2347
2698
2836
2479
1663
508
-184
402
229
-1008
-1942
-2039
-2347
-2419
-2177
-3074
-4307
-4110
-2964
-3060
-3652
-3834
-3583
-2950
-2141
-2326
-2894
-2430
-1399
-1160
-1528
-1559
-932
-160
104
-89
-96
576
1004
1041
1304
1848
1866
2527
3611
3080
1706
2775
4680
4222
3234
3803
4090
3106
3442
4096
3051
1636
2199
2787
2309
1206
230
-305
8
-247
-1606
-2696
-3053
-3136
-2881
-2517
-3626
-4836
-4230
-2837
-3263
-4369
-4534
-4017
-3577
-3059
-3023
-3437
-3132
-2070
-1790
-2200
-2010
-1328
-798
-228
331
377
578
1229
1897
2243
2558
2466
3056
4485
4499
2810
3017
4936
5005
3800
3777
4087
3434
3911
4475
3238
1760
2649
3417
2474
1070
247
-242
-120
-81
-1323
-2470
-2685
-2440
-2554
-2700
-3669
-4706
-4328
-3005
-3169
-4023
-3941
-3537
-3479
-3025
-2718
-3336
-3320
-2365
-1732
-2009
-1873
-1490
-1047
-514
83
130
197
674
1432
2051
2198
2014
2733
4388
4273
2660
2515
4430
4864
3672
3102
3566
3517
3927
4208
2865
1227
1800
2878
2003
481
-350
-508
-412
-265
-1330
-2876
-3463
-2745
-2428
-2926
-4234
-5213
-4870
-3812
-3899
-4721
-4824
-4400
-3709
-2886
-2637
-3380
-3432
-2316
-1411
-1468
-1453
-1005
-452
123
607
716
673
1028
2026
2684
2609
2431
3484
4878
4253
2625
3145
5237
5275
3804
3511
4402
4389
4453
4456
3347
2159
2981
3638
2486
1239
973
724
579
529
-741
-2410
-2927
-2298
-2457
-3161
-4281
-4914
-4729
-4005
-4194
-4823
-5030
-4670
-3887
-3197
-3231
-3844
-3523
-2408
-1636
-1893
-1946
-1202
-394
-60
584
1299
1339
1526
2459
2827
2361
2487
3895
4553
3341
2294
3466
4837
4028
2985
3239
3537
3159
3352
3227
2228
1500
2031
1942
914
-311
-1068
-1105
-470
-836
-2264
-3046
-2868
-2784
-3050
-3455
-4480
-4587
-3780
-3496
-3983
-3926
-3976
-4075
-3412
-2766
-3056
-3213
-2518
-1781
-1541
-1515
-1193
-565
-82
182
793
1484
1660
1972
2557
2699
2651
3463
4815
4403
2976
3213
5157
5395
4056
3701
4526
4224
3883
3993
3375
2311
2333
2724
2038
1077
-38
-687
-464
-98
-1593
-2950
-3135
-3108
-3500
-3481
-4009
-5163
-5232
-4237
-4087
-4659
-4814
-4780
-4464
-3599
-2893
-3087
-3061
-2391
-1523
-1328
-1142
-782
-301
135
982
1770
1790
1777
2502
3116
3169
3353
4224
4586
3576
2950
4155
5042
3856
2877
3624
4108
3453
3131
2886
2242
1839
1954
1743
1451
620
-474
-475
367
-421
-2205
-2802
-2837
-3102
-3090
-3471
-4669
-5125
-4339
-3987
-4584
-4752
-4536
-4586
-4360
-3574
-3434
-3598
-3342
-2776
-2132
-1508
-1201
-990
-302
570
1308
1641
1797
2259
2762
3312
3799
4528
4958
4183
3602
4994
6294
5073
3570
4227
5133
4680
4179
3523
2615
2640
3064
2251
1178
654
-56
-518
207
-190
-2338
-3446
-2871
-2716
-3321
-3852
-4762
-5093
-4127
-3792
-4791
-5290
-4654
-4215
-4037
-3841
-3603
-3618
-3488
-2767
-1870
-1620
-1719
-1495
-699
259
718
660
974
1963
2436
2412
3150
4467
4214
2804
3181
5427
5440
3531
2940
3970
4036
3924
3845
2775
1825
2816
3649
2189
1066
1007
403
-56
694
-100
-2264
-3194
-2172
-1984
-3038
-4205
-4791
-4383
-3553
-3860
-5107
-5017
-4120
-3677
-3701
-3425
-3484
-3728
-3274
-2278
-1807
-1904
-1651
-805
-96
809
1239
945
1361
2569
3042
2815
4100
5096
3385
2013
4650
6271
4227
2818
4089
4717
4119
4272
3823
2432
2513
3914
3271
1734
800
293
25
799
177
-2110
-3060
-2314
-2037
-2702
-3858
-5238
-5182
-3590
-3234
-5017
-5699
-4725
-3909
-3779
-3664
-4029
-4206
-3519
-2514
-2066
-2166
-1995
-1377
-432
233
611
812
1262
1990
2685
3001
3900
4850
3978
2688
4481
6614
5359
3386
4253
5506
4750
4540
4030
2594
2562
4014
3263
1735
1058
489
-149
573
570
-1844
-3318
-2349
-1584
-2684
-3950
-5020
-5119
-4154
-3755
-5029
-5507
-5084
-4436
-4062
-3868
-4159
-4677
-3837
-2363
-2223
-2512
-2111
-1455
-676
0
671
429
808
2036
2671
2193
3165
4723
3651
1985
4158
6447
4705
2772
4032
5153
4111
4033
3686
2236
2093
3663
2970
1513
792
304
-210
552
604
-1876
-3406
-2366
-1764
-2789
-3864
-4909
-4820
-3611
-2827
-4129
-4830
-4111
-3596
-3555
-2800
-2737
-3376
-3168
-1819
-1343
-1892
-1971
-1458
-471
275
882
490
244
1360
2728
2678
3618
4605
3424
2435
4942
6850
4903
3412
4752
5547
5032
5078
3902
2224
2350
3893
3106
1702
775
-70
-500
501
8
-2762
-3844
-2469
-1905
-2929
-3939
-4830
-4700
-3662
-2983
-4378
-4899
-3824
-3179
-3433
-3084
-3048
-3283
-2985
-2085
-1504
-1493
-1417
-1186
-746
132
1001
476
243
1181
1908
1793
3178
4066
2259
928
3967
6045
3426
2099
4265
4595
3638
4317
3817
2086
2406
4083
2943
1629
1395
310
-473
1009
461
-2488
-3687
-2300
-1691
-2651
-3948
-5385
-5115
-3463
-3365
-5217
-5440
-4259
-3674
-3622
-2987
-3089
-3330
-2537
-1475
-1268
-1688
-1457
-665
-144
328
844
663
883
1624
1888
1623
2889
4237
2792
1467
3909
5886
3974
2446
3872
4871
4287
4475
4174
2847
2883
4300
3549
2239
2017
1341
431
1225
1374
-1088
-3091
-2455
-1371
-1719
-3097
-4699
-4884
-3623
-3145
-4692
-5487
-4951
-4381
-4062
-3773
-3988
-4470
-4026
-2617
-1922
-2329
-2245
-1680
-874
-52
848
743
491
1672
2655
1958
1946
3860
4066
2098
2393
5386
5449
3235
2970
4452
4387
4189
4222
3473
2634
3149
3591
2520
1330
616
571
777
1120
-102
-2126
-2872
-1910
-1537
-2408
-3915
-4286
-3413
-2995
-3607
-4412
-4334
-3740
-3128
-2511
-2438
-2876
-2871
-2483
-1764
-1351
-1527
-1414
-893
-696
-214
178
24
296
1203
1776
1526
1905
3252
3254
1900
2130
4496
5021
3113
2694
4353
4514
3642
3498
3309
2394
2687
3455
2427
712
-42
-34
-176
-135
-873
-2482
-3278
-2211
-2057
-3402
-4364
-4405
-4201
-3710
-3477
-4182
-4727
-4094
-3206
-2939
-2775
-2743
-2898
-2810
-1839
-908
-1257
-1375
-116
701
733
1021
1129
1099
1753
2609
2491
2227
3561
4038
2149
1359
3779
4822
2926
2043
3375
3836
3477
3149
2172
1334
2025
2892
1567
178
-56
-228
-742
-391
-942
-2648
-3453
-2370
-1965
-3029
-3729
-3799
-3840
-3527
-3136
-3548
-3711
-3097
-2210
-2019
-1830
-1544
-1718
-1562
-364
261
-310
-610
331
1043
1263
1555
1469
1295
2081
3072
2950
2518
3420
4531
3822
2653
3059
4585
4386
3089
2756
3716
3694
2916
2200
1997
1890
1920
1644
912
235
-601
-1264
-1285
-1360
-2616
-3450
-3426
-3141
-3551
-4213
-4767
-4583
-3973
-3491
-3914
-4193
-3601
-2886
-2647
-2636
-2478
-2188
-1535
-942
-612
-660
-636
-623
12
672
856
524
603
1302
1964
1903
1667
1610
2045
3236
3379
1958
1144
3168
4067
2582
1953
3062
2771
2273
2775
2561
1302
1056
1889
1489
593
-68
-589
-983
-686
-1557
-2496
-2601
-2411
-2859
-2961
-3018
-3598
-3681
-3272
-3357
-3321
-2499
-2112
-2418
-2484
-1594
-1091
-1155
-1225
-538
-12
62
278
691
969
1176
1478
1464
1648
1922
1979
1679
1872
1982
2003
2869
3111
1477
952
3343
3947
1670
791
2490
2601
2144
2651
1909
98
1195
2897
1328
-528
-325
-245
-844
-61
-493
-2722
-3466
-1916
-1657
-2718
-3435
-3606
-3424
-2369
-1675
-2871
-4010
-3081
-1507
-1091
-1514
-1951
-1518
-607
-33
-147
-516
-626
121
1125
1597
1285
913
1270
2155
2524
2232
1972
1933
1936
2856
4050
2754
258
1429
4184
3228
863
1009
2249
2028
1838
1629
393
-389
719
937
-295
-977
-1295
-1964
-1787
-1377
-2146
-3157
-3055
-2304
-2331
-2664
-3077
-3525
-3432
-2198
-1952
-2592
-2823
-2441
-2186
-1720
-1260
-1299
-1663
-1334
-20
481
-170
-387
218
626
1230
1350
829
901
1959
1949
1422
1635
1894
1679
2489
4153
3368
1182
1670
4000
3715
2097
1793
2283
1940
2327
2611
1251
-34
852
1356
127
-277
-216
-804
-1344
-799
-1116
-2048
-2366
-2177
-2537
-2350
-2050
-2711
-3192
-2367
-1741
-2422
-2733
-2131
-1779
-1687
-1324
-1361
-1363
-671
-35
-590
-556
263
362
34
667
1392
890
531
1091
1233
866
1235
1459
1086
1042
1747
1883
1044
470
1103
2034
1786
780
537
1486
1750
1193
744
733
879
1265
1147
767
448
2
-27
234
45
-839
-1305
-1134
-870
-935
-1430
-2338
-2518
-1847
-1596
-2120
-2333
-2268
-2121
-1421
-1059
-1543
-1385
-621
-366
-245
-31
-129
-175
565
1138
1060
1066
1227
1259
1603
2062
1727
1253
1657
2047
1759
1507
1834
2008
1195
679
1603
2159
1061
423
1174
1416
934
1152
1112
491
676
1456
1184
364
-175
-491
-581
-359
-721
-1833
-2393
-2187
-2172
-2761
-3270
-3599
-3458
-2988
-2804
-3238
-3388
-3057
-2718
-2154
-1747
-1996
-1941
-991
-270
-428
-546
-62
255
494
980
1076
754
1044
1628
1732
1500
1419
1556
1675
1801
1837
1410
1383
2138
1803
528
840
2485
2200
641
852
1825
1461
1149
1280
906
477
1083
1393
548
-8
7
-199
-270
-30
-629
-1497
-1418
-969
-1425
-1920
-2074
-2143
-1830
-1362
-1610
-2061
-1762
-1349
-1262
-1106
-786
-765
-775
-371
109
44
-122
218
545
438
553
752
549
661
1060
977
736
1096
1362
1079
905
963
796
1225
1705
1038
386
1429
2345
1310
551
1275
1468
1183
1723
1599
663
733
1485
966
187
81
-246
-551
-126
-531
-1860
-2088
-1477
-1403
-2107
-2572
-2375
-2162
-2294
-2255
-2154
-2277
-2259
-1561
-1115
-1489
-1391
-799
-585
-354
95
17
-77
394
792
653
533
604
640
859
1041
887
741
753
697
793
964
767
262
416
1281
1224
232
177
1093
1306
543
194
520
766
821
520
86
162
518
456
4
-385
-282
-153
-357
-572
-916
-1163
-924
-743
-1026
-1320
-1470
-1404
-975
-622
-954
-1447
-1012
-343
-491
-542
-160
28
46
435
772
392
246
882
1064
775
875
864
651
966
1259
810
608
867
737
450
647
525
-149
-369
130
544
6
-864
-703
369
457
-307
-484
-16
211
412
545
244
-90
94
612
655
93
-367
-88
435
435
-185
-622
-478
-88
-156
-734
-1186
-834
-480
-819
-988
-686
-689
-829
-614
-482
-483
-311
-40
-80
52
548
536
27
172
676
524
131
202
360
232
88
-100
-336
-229
71
-127
-549
-605
-470
-557
-332
184
-131
-814
-93
1194
931
-1
312
1040
1210
1364
1405
1121
1257
1869
1657
1196
1385
1462
1002
1150
1464
734
-2
311
523
0
-326
-362
-616
-685
-396
-794
-1380
-1252
-1019
-1263
-1356
-1222
-1510
-1661
-1308
-1209
-1483
-1466
-1318
-1539
-1580
-1335
-1498
-1819
-1561
-1204
-1331
-1505
-1364
-1223
-1158
-683
-379
-774
-740
-31
323
460
803
653
375
1387
2690
2154
1356
2139
2918
2730
2588
2575
2258
2323
2821
2729
2061
1733
1803
1698
1611
1486
866
282
468
664
73
-526
-643
-817
-949
-884
-1277
-1812
-1989
-1959
-1856
-1833
-2104
-2385
-2233
-1838
-1878
-2267
-2386
-2067
-1734
-1658
-1637
-1563
-1522
-1293
-819
-624
-717
-617
-305
109
493
540
502
745
1266
1392
1446
1906
1874
1425
1864
2692
2513
2007
2256
2690
2644
2561
2450
2123
1973
2249
2040
1218
921
1061
846
441
232
-97
-581
-724
-741
-1111
-1662
-1912
-1840
-1917
-2175
-2326
-2482
-2625
-2569
-2475
-2508
-2549
-2403
-2047
-1731
-1659
-1544
-1236
-1044
-1005
-760
-393
-235
-143
153
482
661
870
1120
1240
1348
1553
1747
1847
2008
2133
1985
1765
2060
2457
2095
1494
1626
2021
2022
1776
1534
1460
1353
1329
1327
1037
431
213
328
250
-248
-837
-1151
-1225
-1318
-1765
-2304
-2487
-2425
-2531
-2653
-2878
-3129
-3149
-2898
-2765
-2787
-2710
-2509
-2280
-1982
-1667
-1435
-1250
-1072
-722
-303
28
210
436
716
980
1223
1368
1415
1499
1699
1927
2012
2031
2019
2013
2086
2061
1892
1728
1712
1722
1689
1651
1726
1624
1235
1004
1224
1402
925
524
712
868
740
550
207
-195
-188
65
-66
-532
-845
-886
-860
-844
-1049
-1480
-1660
-1329
-1040
-1330
-1780
-1817
-1585
-1562
-1566
-1556
-1701
-1605
-1211
-970
-944
-876
-731
-535
-81
284
126
-70
103
445
646
751
791
773
898
1217
1397
1257
1012
877
915
1072
1092
827
633
748
825
608
438
369
312
339
245
-181
-257
104
151
-108
-144
26
113
232
330
184
65
303
552
392
77
94
316
323
202
112
-118
-182
-50
-178
-610
-729
-633
-768
-1012
-1076
-1115
-1358
-1370
-1207
-1325
-1573
-1408
-1061
-999
-1017
-964
-965
-796
-480
-358
-457
-418
-181
-55
4
151
263
198
303
743
969
652
354
531
826
935
800
530
505
737
977
950
610
237
505
1174
1179
588
455
906
1103
931
813
672
420
607
708
438
98
-71
-135
-217
-254
-460
-788
-885
-724
-821
-1053
-1031
-1091
-1280
-1125
-939
-1085
-1189
-1082
-947
-889
-871
-680
-588
-584
-397
-187
-160
-173
45
258
348
512
658
663
866
1196
1261
1078
1056
1284
1441
1502
1354
1171
1229
1299
1222
1142
1007
810
626
663
824
662
218
-57
133
173
-121
-425
-429
-362
-371
-402
-509
-869
-1004
-746
-603
-772
-1081
-1203
-1096
-952
-1106
-1303
-1303
-981
-801
-921
-1069
-1119
-913
-582
-483
-619
-501
-241
-115
15
162
93
107
506
835
731
515
533
692
884
1059
972
699
621
801
855
747
677
580
465
535
699
518
277
242
106
-86
-63
-186
-460
-641
-594
-637
-851
-743
-519
-748
-1166
-875
-478
-648
-948
-905
-669
-483
-368
-288
-335
-215
148
263
166
124
138
253
453
564
478
329
426
566
541
286
194
325
404
359
284
196
218
346
357
180
81
146
134
208
228
126
95
229
211
53
-42
-105
-178
-168
-103
-82
-52
-75
-175
-213
-171
-247
-307
-271
-223
-226
-108
29
-73
-174
-23
146
86
85
308
295
-19
-150
194
491
342
226
412
591
681
712
541
411
493
673
641
459
303
260
230
163
165
36
-137
-137
-162
-409
-625
-619
-607
-674
-749
-813
-835
-792
-750
-852
-924
-878
-740
-633
-655
-770
-787
-613
-417
-411
-484
-409
-251
-32
125
134
167
256
394
583
705
723
687
805
985
1083
1051
905
771
832
976
959
751
558
586
639
568
277
-72
-126
120
121
-252
-508
-376
-199
-169
-367
-581
-613
-417
-241
-363
-587
-646
-546
-507
-535
-710
-911
-944
-684
-521
-583
-730
-787
-648
-477
-459
-577
-573
-354
-64
53
27
52
175
235
261
301
304
388
518
635
726
729
728
793
905
969
1009
983
924
942
987
888
703
640
695
649
358
80
-7
-42
-231
-405
-522
-746
-836
-719
-789
-1091
-1194
-1004
-894
-914
-865
-811
-740
-534
-272
-233
-267
-233
-74
134
215
200
267
371
482
692
730
604
586
710
718
621
611
569
476
581
662
472
348
463
444
289
299
292
150
88
96
-49
-197
-202
-264
-319
-247
-215
-269
-242
-189
-256
-401
-499
-550
-555
-540
-589
-706
-759
-632
-579
-714
-749
-692
-683
-680
-630
-645
-701
-619
-436
-252
-95
-8
23
212
507
640
657
742
894
1044
1169
1225
1222
1210
1309
1384
1278
1113
1055
994
850
756
599
366
212
170
124
-22
-203
-318
-330
-368
-575
-771
-808
-807
-906
-980
-1024
-1118
-1128
-1103
-1090
-1118
-1169
-1168
-1166
-1158
-1125
-1092
-1057
-1050
-923
-666
-550
-566
-502
-331
-241
-231
-167
8
157
268
442
564
595
677
791
788
810
942
1017
1055
1123
1113
1109
1299
1417
1297
1214
1309
1338
1238
1172
1074
969
966
986
875
655
517
455
363
213
58
-117
-235
-211
-140
-252
-452
-538
-574
-632
-717
-877
-1065
-1086
-1026
-1001
-983
-993
-1091
-1104
-933
-894
-1011
-980
-857
-878
-894
-740
-703
-723
-628
-513
-496
-458
-370
-326
-291
-175
-81
-70
-3
125
246
281
280
328
440
537
597
627
682
785
916
995
964
945
1040
1112
1111
1097
1073
1051
1089
1130
1046
979
994
949
813
724
620
443
343
322
194
-6
-90
-135
-249
-420
-506
-591
-734
-806
-815
-920
-1040
-1041
-1047
-1130
-1174
-1178
-1245
-1270
-1227
-1185
-1201
-1198
-1193
-1142
-967
-862
-911
-867
-687
-568
-508
-416
-272
-189
-59
102
200
250
304
365
470
630
741
784
814
907
971
950
910
900
898
950
973
904
863
882
850
820
840
802
762
759
755
673
586
492
371
310
278
168
48
-2
-75
-177
-270
-308
-409
-532
-542
-556
-638
-718
-757
-770
-768
-798
-886
-953
-884
-820
-833
-772
-678
-650
-592
-492
-441
-419
-334
-212
-135
-20
103
114
165
320
406
427
491
591
636
687
743
704
650
667
696
645
639
622
561
581
668
626
484
442
446
413
334
287
201
126
128
123
39
-58
-104
-137
-179
-248
-304
-363
-375
-417
-444
-436
-467
-499
-518
-534
-556
-569
-600
-640
-677
-664
-621
-580
-544
-500
-453
-424
-368
-342
-353
-323
-274
-214
-130
-49
-65
-85
2
117
179
211
261
278
328
410
454
416
379
393
385
381
384
345
277
289
337
312
297
291
240
214
215
151
32
-10
9
-8
-40
-66
-173
-242
-191
-134
-153
-150
-110
-102
-89
-44
7
22
50
95
110
120
129
122
134
175
197
160
155
173
154
110
78
8
-60
-66
-75
-96
-91
-74
-85
-94
-92
-96
-94
-48
14
39
45
48
55
19
-7
-17
-20
3
12
-3
-35
-33
-46
-76
-97
-131
-130
-99
-80
-72
-68
-43
-12
1
17
31
29
20
34
71
87
70
47
73
95
60
52
65
51
19
21
48
40
34
102
144
153
229
297
257
238
255
222
170
134
123
66
13
-6
-60
-155
-217
-250
-288
-343
-359
-352
-366
-370
-392
-437
-477
-457
-447
-461
-433
-381
-346
-336
-351
-362
-362
-374
-366
-358
-373
-370
-327
-310
-306
-246
-182
-154
-103
-40
-13
63
176
254
317
379
429
479
502
528
589
626
679
757
799
790
816
863
855
831
846
860
834
852
896
865
805
764
670
593
552
470
364
293
209
115
45
-38
-145
-254
-331
-407
-482
-588
-677
-742
-789
-840
-888
-934
-998
-1039
-1057
-1071
-1089
-1097
-1103
-1068
-1020
-987
-952
-928
-885
-804
-729
-681
-632
-562
-468
-399
-335
-266
-192
-81
45
145
225
337
448
527
600
669
727
773
848
927
957
988
1051
1091
1127
1168
1176
1162
1152
1142
1116
1063
992
931
880
834
758
652
547
467
373
272
180
73
-42
-152
-258
-365
-484
-566
-629
-692
-753
-829
-889
-910
-925
-965
-998
-1008
-1004
-1011
-1003
-977
-954
-932
-875
-819
-782
-723
-666
-613
-554
-490
-445
-395
-344
-259
-154
-53
31
124
207
270
350
410
460
508
564
618
648
661
693
731
742
740
772
801
785
755
737
713
671
608
553
509
455
404
354
302
253
206
140
73
32
-7
-72
-131
-175
-228
-300
-367
-413
-470
-545
-611
-647
-644
-611
-585
-575
-577
-587
-598
-589
-564
-535
-499
-449
-384
-319
-279
-246
-201
-147
-89
-30
18
61
116
175
237
291
332
350
369
420
446
447
475
488
482
499
508
491
496
507
514
505
501
513
510
483
467
439
378
343
316
274
224
184
137
73
28
-9
-78
-147
-195
-253
-304
-343
-372
-429
-485
-518
-557
-597
-630
-671
-713
-729
-730
-724
-710
-709
-700
-670
-643
-611
-589
-562
-522
-463
-408
-350
-297
-251
-196
-156
-129
-90
-37
23
91
162
233
304
384
436
453
466
500
537
561
579
615
648
662
656
644
640
628
615
601
590
598
594
572
573
561
521
470
424
370
330
306
284
267
235
194
156
103
29
-45
-114
-177
-232
-258
-273
-309
-350
-365
-405
-470
-503
-526
-564
-581
-577
-586
-598
-593
-583
-587
-584
-565
-532
-503
-472
-438
-425
-402
-383
-373
-359
-338
-292
-242
-192
-139
-71
-10
35
54
74
87
84
102
130
162
203
253
296
339
367
387
412
430
432
432
436
433
439
456
464
457
458
465
464
443
419
390
352
302
270
252
232
199
168
138
106
88
58
10
-38
-84
-127
-157
-204
-240
-268
-300
-328
-333
-332
-341
-348
-353
-374
-390
-387
-377
-379
-389
-373
-361
-345
-319
-279
-237
-223
-206
-175
-161
-151
-119
-88
-72
-50
-14
12
43
74
96
124
162
184
191
207
226
257
277
296
323
344
353
355
352
330
306
278
254
250
242
222
203
181
147
118
92
55
35
37
35
23
-5
-40
-66
-91
-114
-134
-150
-158
-168
-171
-168
-176
-186
-200
-229
-247
-262
-287
-304
-310
-302
-303
-303
-286
-266
-244
-213
-203
-196
-174
-149
-118
-96
-65
-49
-30
-1
29
52
75
106
132
145
159
189
203
217
232
251
263
276
292
292
282
273
249
227
223
220
225
229
220
217
223
225
220
200
179
155
117
86
59
29
4
-10
-5
-5
-14
-19
-25
-44
-55
-75
-112
-152
-179
-195
-211
-215
-218
-226
-239
-241
-241
-250
-259
-271
-279
-269
-246
-225
-200
-197
-201
-204
-210
-189
-158
-137
-111
-68
-35
-12
9
36
49
71
89
111
132
140
143
127
115
113
108
98
100
106
119
133
149
151
135
134
134
121
107
85
70
58
50
50
53
63
65
57
65
69
60
55
46
61
83
80
66
42
25
9
-3
3
4
1
-8
-17
-21
-30
-48
-70
-76
-84
-103
-114
-123
-136
-140
-131
-113
-96
-82
-61
-41
-27
-16
5
21
34
44
51
46
24
16
17
13
15
11
-2
-8
-9
-6
-8
-7
-14
-23
-34
-46
-42
-50
-63
-61
-58
-62
-63
-54
-35
-4
17
23
20
18
21
18
20
30
29
44
67
81
93
96
93
77
45
9
-5
-7
-2
-1
0
9
3
-6
-18
-26
-35
-45
-57
-64
-55
-50
-44
-27
-1
18
50
77
84
76
65
54
34
23
12
7
1
7
16
16
17
13
17
25
30
33
35
24
17
13
-2
-21
-30
-26
-15
-18
-25
-38
-33
-28
-42
-42
-44
-40
-35
-39
-46
-46
-46
-38
-34
-22
7
25
27
26
21
14
-3
-17
-38
-57
-61
-64
-65
-47
-32
-31
-24
-30
-35
-25
-28
-32
-30
-29
-11
-3
10
32
39
44
59
76
72
66
58
55
66
71
58
48
40
26
15
8
-5
-14
-15
-27
-32
-34
-53
-67
-66
-76
-92
-87
-78
-72
-60
-43
-21
7
36
51
66
76
84
81
74
69
41
20
7
7
14
30
47
55
53
43
48
42
33
17
-1
-25
-40
-55
-68
-65
-52
-32
-6
32
60
71
64
52
36
27
7
-22
-36
-36
-28
-18
-3
20
49
70
77
77
63
36
8
-15
-25
-17
-22
-15
3
18
43
65
86
76
52
25
0
-21
-42
-44
-39
-40
-34
-22
-21
-25
-32
-41
-47
-52
-57
-56
-47
-52
-64
-71
-75
-72
-66
-59
-45
-41
-46
-43
-40
-49
-56
-54
-50
-40
-33
-38
-40
-36
-42
-47
-41
-30
-18
-9
2
-5
0
11
22
41
48
56
60
54
54
48
43
39
41
41
32
29
30
40
66
88
87
83
69
46
35
15
16
27
21
21
31
27
31
38
37
34
24
22
22
17
7
-7
-23
-31
-27
-28
-16
-6
-20
-44
-56
-52
-52
-59
-54
-53
-59
-49
-41
-23
-12
-15
-5
7
12
13
16
8
18
29
25
34
41
21
1
-16
-24
-19
-15
-11
-4
3
-2
-2
-18
-22
-24
-12
8
28
53
71
77
53
24
7
15
33
63
85
92
102
106
93
67
30
-14
-37
-51
-58
-49
-35
-32
-33
-35
-48
-42
-37
-55
-65
-67
-64
-50
-37
-24
-19
-22
-28
-27
-17
-1
15
27
23
19
14
-2
-2
0
2
13
25
22
2
-21
-31
-39
-36
-20
-17
-19
-13
-9
-8
-14
-13
-9
-13
-19
-29
-35
-42
-46
-40
-28
-16
-5
8
15
9
-5
-27
-42
-44
-41
-31
-27
-29
-25
-13
-6
6
20
32
33
36
33
26
13
1
2
12
15
14
29
40
36
27
23
23
25
32
36
31
23
26
33
36
44
40
37
47
54
57
50
30
12
2
-7
-11
-5
7
27
40
48
50
37
13
-7
-18
-28
-36
-36
-24
-21
-16
-17
-16
-23
-32
-20
-12
-8
-2
3
-5
1
11
13
17
12
16
20
17
14
6
5
7
12
6
6
11
8
16
25
19
15
4
6
6
-5
-11
-8
0
5
13
-2
-1
4
-2
6
7
-9
-28
-40
-47
-61
-63
-73
-79
-76
-81
-81
-88
-83
-80
-83
-77
-68
-55
-42
-13
10
19
14
9
9
3
-6
0
15
14
12
1
0
8
12
17
33
42
38
32
32
22
8
-4
-16
-24
-17
-2
4
13
17
29
39
31
30
29
24
23
23
32
31
26
16
9
22
31
38
40
29
15
3
-4
-9
-8
-4
0
0
2
7
1
-3
4
10
13
-5
-13
2
5
13
18
15
19
16
2
-9
-3
1
6
7
5
-11
-25
-18
-4
10
14
17
29
33
24
11
7
8
4
3
-3
-5
-8
-17
-19
-13
-7
-3
-7
-13
-10
-2
-3
-3
11
17
14
16
19
22
25
30
55
64
61
47
33
25
19
18
9
3
-6
-8
-3
-2
-17
-43
-50
-61
-78
-91
-97
-85
-68
-57
-53
-45
-35
-33
-28
-16
-5
-12
-23
-32
-43
-53
-48
-44
-34
-35
-37
-22
-13
-2
4
3
-10
-17
-16
-6
3
2
21
42
52
49
42
37
29
19
17
21
9
3
7
20
32
35
33
31
21
9
3
-7
-8
5
22
30
30
28
27
15
9
7
-1
-11
-19
-27
-39
-46
-45
-30
-29
-26
-22
-16
-6
9
19
21
26
24
12
6
13
13
28
53
56
50
36
32
26
22
16
17
18
11
10
8
8
-4
-7
5
12
31
36
23
10
9
13
16
28
31
36
36
31
31
27
19
12
5
-9
-15
-23
-26
-26
-23
-19
-17
-17
-26
-37
-42
-42
-42
-41
-38
-33
-35
-34
-25
-20
-12
0
-2
-11
-17
-21
-15
-15
-22
-32
-44
-43
