-68
106
144
29
27
143
99
-56
-33
89
28
-27
112
201
136
142
259
202
35
49
178
208
164
235
239
86
-11
27
26
-72
-49
24
-39
-118
-6
88
27
35
130
131
24
55
186
160
49
96
131
-7
-76
78
170
97
116
191
98
-79
-70
31
-25
-89
-17
-44
-168
-174
-109
-166
-272
-208
-116
-197
-254
-157
-131
-195
-177
-143
-184
-254
-247
-200
-193
-154
-21
45
-50
-29
58
57
71
162
260
236
189
185
132
42
30
130
139
82
152
284
306
285
282
210
118
104
95
22
-20
19
110
117
82
74
62
-3
-60
-95
-205
-251
-246
-250
-295
-290
-194
-185
-238
-265
-213
-218
-223
-115
-103
-225
-305
-268
-266
-359
-441
-396
-326
-272
-132
2
31
17
86
156
95
26
73
131
110
118
133
99
115
202
323
401
439
505
517
488
445
385
316
256
274
263
221
253
335
345
318
322
302
229
154
177
182
85
-46
-104
-146
-266
-349
-394
-454
-514
-499
-398
-381
-429
-438
-445
-468
-458
-442
-423
-418
-400
-363
-359
-318
-186
-72
-18
53
136
139
95
120
111
58
87
212
316
341
378
462
452
331
302
350
361
316
348
453
476
435
413
376
282
235
241
230
189
152
141
151
168
176
182
131
56
-36
-192
-271
-254
-218
-164
-139
-101
-136
-262
-327
-379
-485
-586
-571
-586
-670
-706
-637
-530
-530
-483
-393
-383
-439
-420
-316
-267
-232
-118
37
99
130
218
246
163
121
178
192
145
167
243
301
369
441
513
524
505
526
485
376
330
324
273
267
286
210
123
111
146
107
44
88
54
-64
-126
-90
-60
-118
-117
-67
-164
-355
-382
-318
-357
-400
-371
-357
-412
-474
-416
-380
-421
-395
-295
-270
-285
-188
-141
-192
-183
-82
-40
-59
53
163
117
90
157
162
72
90
208
224
261
412
524
475
398
500
582
506
484
599
607
494
490
513
485
430
456
558
492
415
449
403
277
218
219
127
-25
-55
-81
-202
-246
-199
-252
-436
-513
-470
-519
-628
-553
-449
-548
-638
-586
-591
-708
-646
-467
-471
-570
-496
-373
-419
-419
-253
-164
-287
-304
-139
-137
-240
-173
-16
-22
-110
-10
97
34
48
202
264
147
133
265
245
169
254
380
351
321
415
463
404
411
533
523
400
403
430
300
205
280
281
158
121
172
129
-18
-35
33
-56
-153
-96
-55
-153
-169
-84
-123
-237
-232
-174
-250
-364
-307
-236
-301
-341
-281
-229
-251
-209
-79
-103
-256
-299
-286
-322
-324
-208
-118
-134
-117
-38
-64
-130
-56
71
108
151
245
254
149
124
221
217
164
228
301
235
169
270
285
149
146
286
311
193
137
188
148
82
174
259
200
136
190
201
117
72
68
53
25
54
65
8
-1
64
103
35
10
34
-36
-84
-14
25
-30
-5
90
79
-32
-109
-112
-158
-238
-227
-183
-229
-248
-200
-222
-238
-196
-161
-163
-188
-168
-150
-196
-202
-115
-95
-176
-203
-163
-159
-165
-115
-27
26
26
78
109
56
38
84
87
24
30
59
12
-43
-24
37
33
1
51
89
8
-48
-32
-30
-61
-61
-4
17
-1
22
77
85
17
-22
-36
-101
-91
-10
47
33
34
119
142
134
145
113
85
98
140
152
128
160
189
75
-33
-28
-19
-10
27
47
52
-4
-52
-40
-73
-57
28
57
30
-1
-18
-52
-80
-21
79
101
70
49
-8
-109
-174
-110
-19
-12
-15
-13
-60
-120
-122
-71
5
65
79
35
-30
-90
-144
-145
-106
-59
38
98
49
-4
-34
1
51
60
67
59
16
-36
-21
20
25
41
76
47
-8
-66
-90
-10
70
182
297
277
229
189
118
93
100
130
219
291
313
300
228
116
78
110
90
78
80
65
37
-54
-162
-196
-202
-201
-158
-128
-115
-103
-102
-144
-171
-157
-155
-169
-225
-266
-306
-373
-397
-335
-294
-306
-260
-207
-214
-217
-148
-69
-56
-63
-50
-97
-202
-249
-219
-164
-106
1
82
55
9
4
-15
-51
-3
105
152
146
141
155
105
25
78
153
129
138
215
228
187
217
307
331
329
395
424
363
320
298
198
87
139
236
188
110
150
195
109
31
49
-9
-97
-103
-63
-60
-116
-102
-72
-129
-191
-191
-181
-210
-185
-107
-119
-197
-198
-184
-229
-219
-111
-38
-72
-104
-95
-103
-109
-54
9
5
15
43
4
-67
-84
-38
9
16
52
87
60
60
91
74
41
32
7
-33
-40
1
68
116
166
231
219
192
216
207
154
110
97
99
73
44
33
-39
-86
-10
51
43
40
20
-32
-86
-92
-72
-88
-78
-32
-24
-54
-77
-68
-49
-23
-9
-42
-96
-179
-226
-214
-231
-207
-129
-98
-83
-30
-23
-83
-129
-105
-80
-96
-89
-66
-69
-100
-85
-39
-72
-90
-27
13
68
144
152
79
19
39
57
33
66
133
123
67
73
87
35
20
60
81
64
55
84
43
-47
-18
50
44
44
104
141
87
58
47
-48
-102
-15
69
75
64
84
94
22
-41
-35
-55
-55
21
51
1
-32
-41
-47
-76
-104
-52
-12
-20
16
55
38
43
89
63
-20
-51
7
65
49
41
96
101
56
79
92
64
104
187
169
74
49
53
10
-49
-62
-56
-94
-88
-48
-59
-85
-83
-102
-189
-231
-199
-163
-129
-72
-37
-52
-64
-41
-15
-54
-71
6
23
-15
4
-1
-18
13
75
63
-11
-11
70
144
137
129
129
64
2
-6
-3
-19
1
105
124
23
-14
8
-35
-72
-45
-62
-110
-93
2
48
24
56
99
40
-48
-50
-43
-74
-33
42
38
0
29
29
-79
-141
-113
-117
-151
-121
-72
-94
-96
-40
-19
-78
-105
-47
-37
-98
-102
-40
-48
-84
-43
16
25
40
115
142
84
89
155
155
137
166
160
109
123
146
102
62
98
113
26
-6
46
49
-16
-17
20
-50
-119
-83
-53
-53
-47
1
21
1
5
7
-16
-60
-62
-51
-71
-38
18
21
-9
-20
-30
-74
-54
37
57
-4
-10
41
42
51
122
127
27
-9
35
39
39
116
177
96
3
10
25
-17
-27
37
29
-55
-40
-4
-74
-127
-57
-20
-75
-71
23
19
-63
-42
20
-43
-135
-75
5
-20
-8
76
37
-98
-115
-36
-21
4
87
101
-7
-56
-9
-50
-113
-72
-12
-54
-61
25
45
10
20
78
43
-40
-25
8
-48
-81
-27
-29
-75
-13
85
51
-2
67
91
7
-18
46
51
-2
19
53
-9
-86
-35
22
-7
28
109
115
78
109
154
92
2
-17
-29
-103
-121
-25
9
-20
27
49
-38
-115
-65
-23
-100
-130
-41
-12
-42
-7
19
-49
-118
-106
-88
-131
-134
-16
82
79
77
96
18
-70
-43
-34
-60
-62
-26
8
-6
11
30
-3
-36
-4
13
-47
-13
76
67
27
60
107
92
105
177
228
180
150
136
87
62
94
143
98
23
-14
-28
-57
-45
35
65
20
-30
-10
21
16
38
49
-4
-60
-63
-82
-98
-31
61
91
56
34
40
-4
-70
-75
-97
-160
-146
-79
-96
-169
-181
-150
-125
-114
-62
1
16
64
137
127
21
-8
57
41
-30
-44
-11
12
29
104
165
142
142
185
145
59
2
0
8
-16
-32
-12
13
-12
-38
-50
-79
-107
-127
-119
-114
-75
-18
-17
-9
14
7
-83
-172
-230
-295
-306
-245
-188
-196
-180
-115
-105
-139
-137
-98
-79
-45
27
111
151
152
174
178
149
136
139
136
129
113
92
85
112
163
189
129
76
52
53
77
126
176
152
148
130
64
-23
-55
-5
1
-5
-19
-41
-49
-62
-47
-100
-209
-254
-235
-163
-151
-124
-27
41
93
100
111
122
146
152
148
130
108
90
58
22
-2
16
46
37
-23
-79
-69
-23
27
61
53
45
33
48
70
49
21
6
0
11
28
32
31
41
36
44
45
-5
-69
-153
-200
-216
-200
-137
-70
20
113
170
191
149
90
44
-26
-100
-108
-88
-86
-62
-40
-10
4
-20
-72
-131
-151
-188
-150
-75
-32
-21
-36
-44
-53
-4
24
21
-1
-15
-11
-22
-31
-16
-16
-28
-30
-31
-84
-127
-70
-17
-59
-118
-97
-47
-14
11
57
81
120
167
148
152
102
37
-34
-112
-121
-70
43
156
235
254
161
28
-88
-153
-163
-156
-89
-65
-39
30
14
24
76
137
161
154
196
194
148
101
115
114
20
21
94
77
36
52
98
35
-77
-82
-79
-107
-118
-120
-141
-225
-250
-200
-194
-173
-89
-14
-35
-85
-61
-40
-87
-103
-43
-29
-67
-46
-36
-55
-65
-13
73
82
155
230
226
193
177
159
82
68
131
151
122
126
130
68
-9
15
55
-4
-29
8
-2
0
43
123
151
175
266
263
180
125
132
111
37
54
69
16
-10
24
33
1
29
74
-43
-221
-285
-293
-391
-449
-378
-355
-395
-403
-292
-247
-244
-124
-61
-118
-164
-85
-9
-34
36
189
181
121
142
184
105
21
88
76
4
71
196
185
93
117
125
-18
-90
-31
-18
-114
-115
-3
-14
-50
42
138
109
85
162
124
-6
-27
-17
-85
-146
-34
48
-35
-62
43
45
-49
-16
25
-107
-262
-254
-224
-328
-378
-238
-168
-173
-66
37
12
-44
-8
10
-86
-100
6
42
-25
3
134
146
127
222
248
190
205
302
331
226
230
272
183
96
133
199
185
219
331
285
163
139
103
-46
-148
-69
-47
-91
-47
49
65
13
54
125
83
46
104
129
38
4
66
-12
-99
-67
-56
-129
-199
-140
-99
-155
-127
-30
-12
-107
-152
-129
-231
-287
-203
-154
-202
-203
-144
-208
-274
-195
-102
-102
-104
-30
-1
-64
-39
57
67
70
142
172
43
-23
38
50
18
47
102
47
-33
-16
-32
-110
-128
3
126
77
57
107
134
119
136
166
123
103
187
218
116
48
33
-21
-128
-149
-102
-132
-134
-59
1
16
57
119
128
82
76
65
-24
-89
-112
-122
-153
-175
-143
-137
-133
-68
-28
-70
-122
-145
-157
-196
-197
-126
-133
-137
-50
11
8
-26
-19
-2
-8
87
206
226
226
224
208
168
168
221
196
113
95
142
118
25
-33
-37
-73
-68
28
57
11
28
85
53
-8
-19
-23
-38
-10
56
68
63
65
73
78
45
58
94
103
96
104
87
54
54
73
78
71
68
25
-66
-132
-130
-135
-190
-244
-270
-289
-280
-228
-183
-132
-100
-72
-38
-53
-18
61
83
89
142
177
162
159
118
23
-45
-59
-49
-53
-40
-13
3
35
103
131
87
30
30
85
104
85
61
-4
-102
-127
-140
-185
-191
-117
-70
-50
26
94
73
32
14
-46
-129
-175
-156
-128
-153
-169
-158
-165
-147
-72
-42
-73
-48
73
144
178
260
287
242
189
203
194
127
109
144
88
23
23
30
27
36
159
212
90
32
30
-46
-189
-319
-361
-386
-384
-287
-172
-155
-124
-43
-39
-104
-84
16
62
76
137
160
120
75
40
31
6
16
45
63
48
20
35
13
-61
-95
-85
-62
-6
15
-5
8
21
-6
-62
-98
-90
-81
-4
130
205
234
230
241
275
224
159
136
94
46
78
134
90
12
-25
-53
-97
-67
17
89
138
148
142
92
18
16
-7
-46
-28
-44
-103
-149
-148
-120
-115
-137
-58
64
79
112
194
159
46
-38
-28
-8
-37
-65
-43
-17
-68
-102
-150
-219
-211
-153
-79
-59
-100
-110
-128
-162
-125
-70
-71
-82
-81
-78
-64
-107
-147
-119
-123
-112
-56
38
125
200
260
241
136
73
50
41
42
-41
-84
-60
-62
-26
51
90
186
272
238
232
241
213
202
90
-39
-78
-127
-121
-69
-75
-127
-210
-277
-282
-261
-169
29
168
162
124
67
-51
-120
-38
38
47
57
98
191
171
94
45
-248
-477
-443
-405
-148
169
438
712
604
249
-127
-551
-750
-722
-622
-412
-138
198
463
500
458
293
-23
-212
-319
-330
-184
17
256
287
169
169
139
96
79
42
69
62
149
330
346
317
296
246
157
47
-8
24
35
78
160
114
8
-124
-229
-254
-238
-159
-80
-45
68
147
94
44
45
32
-23
-101
-191
-271
-242
-69
89
133
141
190
217
155
118
49
-155
-289
-288
-236
-161
-128
-49
49
8
-25
11
-11
-7
94
154
167
103
-9
-247
-618
-648
-458
-260
-6
141
189
87
-110
-129
-200
-360
-328
-231
-56
219
370
485
462
292
233
199
129
77
-53
-174
-141
-66
-45
-5
92
221
285
296
344
312
176
65
6
-151
-366
-419
-312
-143
-10
42
47
-48
-112
-95
-221
-346
-294
-239
-215
-118
-35
-11
33
63
40
-58
-185
-205
-175
-194
-112
68
70
-77
-171
-174
-202
-156
5
121
150
147
306
436
376
424
420
246
138
128
265
397
361
353
363
251
137
-75
-448
-682
-703
-542
-315
-79
231
431
515
556
423
158
-118
-306
-388
-478
-496
-396
-197
124
361
457
493
480
477
391
269
152
33
123
286
381
595
818
939
918
743
583
362
44
-54
-59
-216
-450
-595
-559
-570
-649
-582
-446
-328
-190
-180
-264
-305
-359
-320
-328
-514
-512
-405
-361
-259
-340
-585
-727
-735
-566
-288
-29
133
173
93
-62
-190
-293
-382
-358
-271
-249
-145
44
195
391
631
829
782
594
538
404
261
257
245
229
176
115
184
280
393
511
447
294
121
-70
-201
-334
-395
-431
-552
-644
-714
-783
-800
-752
-718
-790
-761
-581
-478
-466
-357
-129
-99
-243
-230
-152
-112
22
214
466
607
511
550
523
346
770
1946
3264
4164
4244
3332
1714
-185
-1752
-2495
-2594
-2051
-911
368
1574
2384
2558
2137
1116
-294
-1691
-2702
-3175
-3138
-2720
-2049
-1114
-122
706
1358
1534
1170
465
-593
-1663
-2511
-3086
-3023
-2537
-1749
-615
228
785
1250
1374
1201
708
182
-202
-679
-955
-1085
-1170
-926
-297
820
1869
3076
4832
5291
4402
3259
1496
36
-1203
-2163
-1676
-1499
-1424
-119
635
1114
1922
2187
2067
1189
347
207
-605
-1552
-1950
-2248
-2125
-1541
-416
574
510
498
740
305
-267
-852
-1585
-2101
-2454
-2167
-1350
-690
144
939
1289
1206
669
-17
-962
-1731
-1959
-2296
-2416
-1966
-1419
-695
61
651
1120
1087
1009
1544
2610
4069
4932
4602
3124
611
-1787
-3594
-4442
-3718
-2314
-552
1418
2679
3456
3603
2876
1762
50
-1442
-2301
-3195
-3473
-3313
-2908
-1751
-490
853
1863
2059
2231
1917
1024
67
-1198
-2287
-3006
-3262
-2665
-1774
-568
994
2239
3336
3839
3317
2333
850
-713
-1920
-3141
-3627
-2978
-1942
-601
886
2021
2624
2569
2200
2081
2577
3587
4148
3647
1910
-562
-2744
-4389
-4755
-3529
-1723
490
2675
3948
4400
3889
2569
856
-1373
-3201
-4183
-4822
-4734
-4274
-3590
-2239
-640
1203
2587
2869
2739
2133
1071
-100
-1396
-2450
-3156
-3336
-2670
-1681
-517
716
1731
2634
2769
2096
1161
-92
-964
-1441
-1976
-2042
-1702
-892
471
1654
2386
2690
2567
2262
1925
2276
3598
4558
4511
3319
1008
-1336
-3321
-4202
-3385
-2092
-433
1609
2948
3522
3368
2548
1145
-943
-2716
-3843
-4740
-5001
-4588
-3759
-2624
-1244
528
1938
2178
2083
1834
853
-441
-1789
-2855
-3495
-3688
-2953
-1741
-533
650
1783
2716
2864
2486
1861
745
-303
-1023
-1803
-2444
-2583
-2185
-1205
-162
510
938
874
597
638
1057
2256
4270
5844
5615
3347
5
-3049
-5179
-5827
-4546
-2185
505
3084
4855
5722
5603
4334
2051
-620
-2819
-4184
-4780
-4687
-3857
-2468
-881
853
2735
3825
3512
2575
1257
-302
-1729
-2945
-3385
-3204
-2711
-1685
-595
270
1119
2075
2833
2851
2229
1161
-149
-1234
-2085
-2772
-3027
-2597
-1394
235
1682
2630
2948
2602
1776
678
-726
-2378
-3439
-3492
-2979
-1317
1659
4853
7122
7125
4850
1707
-1553
-4082
-4913
-4320
-2755
-502
1612
3197
4109
4065
3229
1716
-55
-1446
-2350
-2757
-2626
-2222
-1858
-1374
-523
593
1664
2264
2411
1991
846
-572
-2155
-3803
-4893
-4956
-4086
-2622
-868
1035
2763
3544
3453
2774
1412
109
-817
-1556
-2092
-2576
-2562
-1791
-704
529
1273
1348
1312
803
-101
-732
582
4520
7341
7302
5058
796
-2971
-5948
-7333
-5624
-3818
-1467
1984
3725
4630
4730
3596
2205
-263
-2399
-3184
-3978
-4132
-3825
-3742
-3295
-2297
-128
1998
2719
3539
4115
3440
2122
56
-1943
-3200
-4237
-4236
-3334
-2485
-875
1208
2703
3472
3301
2705
1867
704
-241
-1468
-2590
-2745
-2415
-1466
-341
711
2282
3088
2852
2419
1094
-536
-1660
-1264
2031
5514
7003
6641
3720
85
-3183
-5545
-4897
-3182
-1168
1674
3231
4020
4114
3381
2502
-27
-2806
-4391
-5591
-5806
-5540
-4894
-3257
-1384
877
2881
3019
2331
2112
1680
713
-680
-2115
-2835
-3279
-3708
-3363
-2557
-1865
-663
1290
3026
3737
3539
2703
1534
479
-580
-1373
-1577
-1832
-1678
-976
-407
864
2203
2595
2861
2384
708
-1028
-1247
1498
5065
6456
5810
3318
-81
-3129
-5226
-5228
-4155
-2539
279
2602
3909
4520
4136
3024
625
-2058
-3673
-4853
-5198
-4722
-4185
-3236
-1718
242
1778
2115
2264
2850
3104
2618
1503
-271
-2223
-3670
-4534
-4868
-4569
-3273
-1005
1234
2748
3419
3336
2694
1642
590
-603
-1881
-2380
-2431
-2301
-1700
-960
363
1993
2937
3236
2245
253
-1332
-1682
532
4136
6560
7059
4976
1426
-2005
-4905
-5568
-4255
-2317
540
2913
4120
4755
4443
3505
1587
-1033
-2696
-3777
-4600
-4889
-5003
-4469
-3175
-1442
454
1435
1725
2577
3303
2964
1704
-378
-2656
-4512
-5755
-5912
-5131
-3729
-1491
1132
3429
4852
5057
4204
2573
1001
-289
-1675
-2609
-3133
-3258
-2554
-1319
694
2855
4173
4839
4236
2381
314
-466
1587
4635
6182
5775
3086
-344
-3285
-5446
-5219
-3583
-1316
2080
4606
5868
5965
4614
3013
461
-2528
-4283
-5423
-5775
-5431
-4898
-3633
-2001
-19
1954
2522
2223
2029
1739
1051
-239
-1714
-3089
-4327
-4823
-4636
-4052
-2797
-922
1254
2893
3375
3300
2550
894
-565
-1769
-2796
-3118
-3250
-2864
-1545
136
2434
4281
4582
4115
2591
378
-1470
-1921
447
3718
5723
6013
3882
932
-1974
-3995
-3564
-2361
-301
2495
4098
5236
5183
3953
2646
-14
-2566
-3895
-4886
-4762
-4335
-3930
-2769
-1723
-564
331
101
-5
392
809
1011
531
-467
-1750
-3281
-4400
-4792
-4534
-3354
-1433
753
2672
3573
3606
2844
1336
21
-990
-1660
-1841
-1968
-1582
-549
765
2502
3721
3943
3380
1991
450
-1110
-928
2088
4887
6171
5419
2479
-457
-3385
-5025
-4013
-2732
-741
2025
3880
5039
4724
3667
2270
-345
-2247
-3245
-4060
-4186
-4182
-3648
-2707
-1748
-191
571
340
743
1511
1880
1607
814
-62
-1321
-2804
-3681
-3894
-3488
-2207
-193
1577
2274
2376
2334
1564
94
-1229
-2239
-2528
-2002
-1440
-677
153
1313
3108
3766
3088
1796
-57
-1382
-1871
-413
2872
5009
5894
5264
2488
-603
-3598
-4808
-3548
-2214
14
2776
4274
5078
4721
3567
1676
-1347
-3369
-4471
-5528
-5714
-5326
-4395
-2881
-995
857
1405
1040
962
1152
974
268
-404
-1296
-2449
-3172
-3346
-2920
-2062
-892
623
1814
2322
2525
2415
1716
785
111
-507
-856
-754
-642
-248
570
1567
2562
2557
1616
631
-414
-1323
-1079
1693
5284
7033
6956
4763
1308
-2418
-5699
-5967
-4693
-3466
-739
1911
3628
4494
3996
3163
1118
-1655
-3144
-4400
-5418
-5592
-5112
-3802
-2351
-373
1561
1780
1506
1717
1831
1447
563
-223
-1263
-2747
-3488
-3358
-2921
-2034
-499
1255
2372
2785
3002
2636
1335
30
-1003
-2243
-2873
-2500
-1628
-411
881
2516
3821
3754
3192
2128
257
-1207
-624
2383
5011
5683
5269
3348
436
-2440
-4364
-4109
-2952
-1047
1985
3823
4651
5082
4471
3160
495
-2409
-4325
-6004
-6472
-6055
-5480
-3958
-1821
536
1993
1981
1796
1633
1322
925
330
-346
-1567
-2987
-3715
-3753
-3036
-1749
-301
1152
2053
2438
2543
1840
519
-842
-2236
-3081
-2981
-2508
-1542
-179
1133
2587
3025
2114
956
-504
-1755
-2078
-559
3002
5854
6856
6032
3206
-1
-3347
-5223
-4397
-3239
-1115
1906
3842
5374
5576
4635
3139
59
-2280
-3502
-5005
-5408
-4989
-4107
-2297
-382
1547
2582
2226
2077
2110
1624
796
-141
-1117
-2460
-3654
-3879
-3342
-2193
-514
1176
2275
2548
2428
2029
982
-273
-1292
-2578
-3544
-3389
-2635
-1362
143
1633
3098
3402
2594
1543
-114
-1893
-2210
-41
3481
5906
6577
5217
2144
-869
-3601
-4913
-4296
-3096
-420
2346
3750
4904
4906
4145
2793
82
-2066
-3840
-5373
-5565
-5483
-4791
-3244
-1418
643
1701
1715
1739
1696
1513
1015
315
-419
-1776
-3222
-3942
-3951
-3065
-1622
-15
1503
2488
3181
3509
2909
1768
345
-1293
-2260
-2442
-2250
-1437
-151
1333
2762
2955
2152
1333
-15
-1199
-824
1556
4960
6942
6787
4963
1601
-1942
-4544
-5505
-4627
-2675
117
2791
4304
5013
4982
3983
1735
-1088
-3118
-4575
-5471
-5553
-5376
-4747
-3285
-1089
831
1437
1452
1709
1869
1583
935
36
-1284
-2835
-3998
-4482
-4099
-2892
-1106
880
2342
3060
3366
3017
1830
294
-1405
-2932
-3602
-3405
-2653
-1294
371
2007
3339
3508
2795
1764
41
-1701
-2063
51
3557
5777
6222
4743
1870
-776
-3261
-4434
-4035
-3085
-378
2523
4055
5131
4970
3930
1961
-1013
-2930
-4168
-5047
-4844
-4543
-3926
-2527
-763
924
1386
1338
1841
2051
1693
847
-318
-1575
-2957
-3929
-4192
-3672
-2203
-221
1621
2777
3229
3384
2986
1848
545
-953
-2372
-2800
-2576
-1926
-606
1101
3012
4273
4219
3383
1654
-359
-1787
-1986
402
3640
5609
6371
4897
2185
-530
-3462
-4452
-3927
-3072
-590
1690
3221
4496
4157
3389
1560
-1346
-2917
-4292
-5104
-4821
-4869
-4152
-2984
-1819
-119
492
660
1345
1451
1259
780
-152
-1263
-2677
-3646
-3748
-3338
-2377
-1052
406
1681
2504
3099
3003
1968
875
-559
-2092
-2711
-2770
-2111
-605
1171
2934
3910
3436
2295
986
-630
-1704
-727
2132
4888
6259
5627
3245
292
-2810
-4842
-4927
-4203
-2173
724
2836
4273
4492
3952
2838
265
-1996
-3328
-4333
-4489
-4438
-4011
-2925
-1705
-87
1002
1093
1424
1965
2173
1890
1127
437
-652
-2096
-2912
-3328
-3059
-2029
-711
822
1758
2321
2849
2227
902
-310
-1838
-2992
-3331
-3151
-2334
-1138
385
2157
3099
2842
2078
1040
-372
-1334
-205
2598
4808
5645
5146
3075
541
-1852
-3527
-3479
-2661
-901
1774
3553
4605
5185
4668
3162
656
-1853
-3491
-4694
-5056
-4657
-3949
-2634
-983
485
1132
990
1038
1317
1130
611
13
-913
-2078
-3175
-3908
-3924
-3319
-2315
-840
472
1186
1879
2200
1515
357
-891
-2239
-2976
-3056
-2786
-1928
-624
956
2612
3370
2844
2007
865
-392
-858
450
3389
5719
6560
5540
2945
484
-1838
-3219
-2803
-2064
-343
2123
3588
4793
5043
4200
2982
419
-1973
-3324
-4434
-4426
-4121
-3757
-2491
-1209
38
797
667
1025
1637
1687
1513
757
-389
-1570
-2948
-3741
-3860
-3650
-2708
-1294
12
953
1519
1684
1174
226
-773
-1903
-2787
-2982
-2714
-1926
-843
412
2026
2786
2489
1923
833
-496
-1159
-85
2716
5177
5993
5415
3498
873
-1624
-3486
-3801
-2907
-1291
1056
2875
3755
4113
3610
2119
-372
-2920
-4552
-5561
-5665
-5283
-4833
-3583
-1842
-125
1031
1480
2173
2850
2743
2120
1035
-322
-1518
-2327
-2737
-2587
-1823
-682
889
2273
3004
3563
3690
2946
1769
264
-1334
-2244
-2523
-2506
-1756
-347
1321
3173
4191
3892
2655
615
-1276
-2132
-1340
1409
4154
5418
5131
3027
367
-2102
-4027
-4189
-3396
-1757
891
2565
3482
3963
3350
2076
-488
-3185
-4639
-5819
-6112
-5631
-5220
-4025
-2292
-588
669
1071
1700
2556
2536
1904
866
-665
-2051
-3047
-3610
-3518
-2857
-1463
485
2135
3205
3705
3473
2593
1431
34
-1400
-2401
-2713
-2529
-1840
-478
1121
2915
4319
4396
3303
1345
-724
-1838
-1494
676
3542
5371
5503
4175
2014
-636
-2890
-3641
-3143
-1844
261
2180
3455
3960
3548
2352
-12
-2551
-4028
-5010
-5325
-4793
-4073
-3158
-1977
-776
222
541
784
1650
1888
1446
708
-562
-1781
-2840
-3515
-3379
-3007
-2080
-296
1193
2208
2837
2832
2304
1100
-384
-1738
-2832
-3148
-3021
-2471
-1100
602
2536
4054
4178
3408
1798
-376
-1707
-2082
-674
2629
5161
6316
5975
3758
1343
-1194
-3122
-3035
-2161
-321
2185
3669
4329
4161
3037
1090
-1611
-3715
-4826
-5420
-4956
-4162
-3474
-2454
-1423
-282
324
424
1343
2222
2131
1527
175
-1425
-2815
-3867
-4082
-3803
-2948
-1076
937
2428
3472
3694
3221
2180
839
-525
-1856
-2703
-2826
-2520
-1680
-315
1513
3584
4777
4725
3427
1228
-580
-1815
-2243
-331
2714
4943
5984
5131
3129
829
-1793
-2956
-2542
-1753
4
2015
3139
3413
2953
1884
-177
-2529
-4000
-5011
-5413
-5089
-4570
-3808
-2776
-1653
-318
632
1290
2506
3194
2476
1217
-535
-2611
-3987
-4769
-4738
-3947
-2608
-538
1465
2699
3242
3211
2488
1094
-522
-1800
-2691
-2947
-2733
-2251
-775
1141
2876
4248
4547
3892
2309
-58
-1989
-3302
-3260
-572
3161
5914
6977
6082
4101
1548
-1235
-2601
-2566
-1884
-305
1561
2747
2969
2560
1766
0
-2069
-3456
-4227
-4396
-4204
-3765
-2989
-2225
-1270
-20
710
1485
2462
2624
1996
823
-865
-2455
-3657
-4271
-4132
-3401
-2206
-582
1173
2262
2680
2607
2006
1119
122
-761
-1213
-1498
-1697
-1314
-257
1074
2450
3655
4070
3516
2235
163
-1726
-2926
-3484
-1428
2546
5586
7243
7119
5439
3187
82
-2420
-3147
-3356
-2348
-264
1268
2268
2732
2761
1765
-349
-2003
-3181
-4235
-4467
-4461
-4118
-3039
-1698
115
1654
2397
3304
3700
2810
1223
-935
-3013
-4466
-5261
-4982
-4110
-3048
-1404
570
2130
2801
2591
2145
1346
168
-809
-1756
-2459
-2573
-2257
-1635
-752
337
1864
3529
4190
3470
1635
-658
-2251
-3038
-2345
803
4479
6947
7930
6598
4256
1587
-1353
-2531
-3025
-3054
-1482
-87
1068
1837
1732
1528
206
-1732
-2828
-3795
-4445
-4667
-4615
-3484
-2108
-545
1116
1850
2591
3123
2531
1191
-692
-2595
-3897
-4645
-4721
-3919
-2808
-1426
241
1394
1864
1973
2025
1953
1330
273
-654
-1221
-1654
-1972
-1878
-1405
-349
1505
3247
4166
4052
2824
1136
-844
-2371
-2851
-1806
1771
5589
7707
8617
7361
5082
2329
-1276
-3043
-3934
-4188
-2051
-83
1489
2982
3270
3148
1403
-981
-2108
-3447
-4286
-4284
-4032
-2851
-1695
-420
1259
1992
2542
3022
2499
1269
-554
-2318
-3773
-4868
-4849
-4151
-3313
-2026
-472
874
1914
2750
3377
3126
2106
1112
-146
-1698
-2825
-3420
-3402
-2463
-663
1430
2825
3564
3765
2750
774
-1550
-3224
-3920
-3347
22
4131
6573
7680
6585
4236
1180
-2956
-5042
-5669
-5564
-3071
-787
989
2704
3141
3306
1940
-673
-2163
-3424
-3980
-3659
-3412
-2311
-751
1092
3099
3980
4259
4086
3049
1484
-599
-2662
-4079
-4711
-4220
-3312
-2607
-1555
-270
1150
2518
3313
3751
3585
2394
746
-1060
-2954
-4099
-4305
-3621
-2003
-218
1644
3310
4162
4336
3298
1068
-1432
-3438
-4216
-3850
-1523
2591
5983
7663
7154
4949
2215
-1546
-4389
-5289
-5688
-4308
-1967
-63
2037
3044
3387
2929
557
-1305
-2401
-3445
-3740
-4024
-3669
-2227
-302
1978
3293
3584
3548
2886
1812
193
-1677
-3205
-4152
-4009
-3280
-2596
-1721
-268
1588
3290
4431
4867
4480
3294
1607
-276
-2128
-3345
-3402
-2694
-1581
-149
1405
2793
3563
3788
3170
1360
-784
-2612
-3810
-4149
-3391
-551
3507
6314
7591
6957
4684
1907
-1551
-4116
-5209
-5466
-3955
-1743
425
2479
3658
4471
3710
1457
-345
-2190
-3880
-4850
-5159
-4101
-2155
99
2231
3315
3478
3005
1966
380
-1684
-3505
-4812
-5269
-4766
-4152
-3348
-1905
-4
2037
3408
3881
3770
2854
1411
-148
-1796
-3198
-3549
-2920
-1905
-627
486
1849
3211
3627
3825
3305
1746
288
-1427
-2883
-3714
-3825
-1149
3130
6153
7577
6817
4663
1953
-1916
-4766
-6101
-6380
-4304
-1723
509
2638
3560
4248
3576
1024
-1041
-3218
-4782
-4765
-4612
-3661
-1882
279
2745
3710
3245
2531
1314
-74
-1452
-3078
-4260
-4592
-3927
-2606
-1837
-1085
548
2116
3246
3748
3418
2941
2035
906
9
-1388
-2404
-2160
-1401
-308
797
1789
3269
4325
4369
3798
2191
230
-1504
-3331
-4200
-4180
-2924
1092
5349
7641
8321
6756
4193
1060
-3062
-5260
-5830
-5458
-2872
-444
1478
3326
4064
4515
3129
129
-1802
-3627
-4561
-4107
-3878
-2472
-351
1397
3362
3560
2721
2547
1091
-696
-2173
-4230
-4932
-4792
-4406
-3168
-2500
-1348
794
2092
2759
2879
2480
1879
679
-581
-1871
-3358
-3988
-3630
-2789
-1571
-162
1401
2738
3164
2750
1913
674
-626
-1933
-3398
-4200
-4130
-2791
911
5275
8252
9426
8321
5775
2241
-2145
-4942
-5664
-5322
-3148
-276
2036
3983
4940
5149
3950
1038
-1441
-3318
-4523
-4603
-4339
-3146
-945
1303
3098
3507
2845
2145
696
-1291
-2822
-4150
-4775
-4524
-4050
-3200
-2212
-820
1317
2799
3304
3419
2994
2202
901
-609
-1709
-2641
-2872
-2283
-1489
-428
858
2329
3314
3176
2293
1011
-293
-1863
-3462
-4350
-4694
-3756
-1832
1024
5256
8008
8832
8299
5419
2066
-1610
-4918
-5511
-5185
-3792
-693
1762
3916
5427
5681
4998
2164
-830
-2646
-4224
-4595
-4176
-3164
-904
1345
2928
3478
2679
1565
341
-1371
-3013
-4244
-4989
-4796
-3915
-2891
-1725
-289
1398
2883
3675
3820
3364
2410
1204
-158
-1491
-2455
-2660
-2088
-1033
379
1896
3094
3571
3088
2004
533
-929
-1819
-2477
-2545
-2246
-1946
-1028
-126
1741
4795
6283
6489
5368
2561
-71
-3439
-6032
-6275
-6079
-3807
-572
1522
3807
4594
4389
3235
-157
-2345
-3594
-4483
-3809
-3330
-2049
-105
1144
2579
2607
1643
1226
332
-412
-1209
-2567
-3206
-3476
-3406
-2603
-1826
-617
904
1829
2348
2336
1833
1268
359
-607
-1132
-1469
-1643
-1563
-1345
-857
-211
174
462
402
21
-196
-486
-506
-106
192
406
399
324
304
590
2299
4607
6070
6361
5086
3023
534
-2294
-3623
-3566
-2842
-942
963
2430
3283
3003
2420
916
-1213
-2285
-2759
-2714
-2245
-1712
-612
537
1339
1874
1702
1000
308
-438
-1275
-2199
-3124
-3544
-3371
-2702
-1805
-935
216
1187
1632
1865
1679
1291
930
255
-285
-627
-1276
-1604
-1549
-1543
-1166
-761
-342
385
758
1152
1380
963
866
637
122
-53
-645
-892
-453
136
2199
4683
6066
6619
5226
2793
526
-2048
-3258
-3201
-2796
-1232
247
1343
2378
2442
2195
1246
-369
-1073
-1616
-2205
-1991
-1809
-1485
-572
93
786
913
36
-404
-1017
-2184
-2735
-3358
-3720
-3217
-2853
-2040
-1141
-857
24
665
572
740
787
856
758
67
-554
-1365
-2207
-2297
-2193
-1884
-865
199
1182
1871
1791
1549
852
39
12
12
33
273
271
429
273
297
2111
4021
4966
5307
4007
2367
745
-1448
-2119
-2091
-1805
-206
809
1433
2034
1879
1851
980
-138
-143
-455
-640
-653
-1056
-879
-648
-376
155
-214
-733
-830
-1258
-1839
-2460
-3001
-3034
-2531
-1890
-1421
-1221
-991
-353
85
93
268
406
476
351
-147
-477
-850
-933
-381
-5
414
1001
1364
1691
1701
1509
1438
1200
1001
1085
1022
679
378
-162
-691
-911
-812
708
2765
3851
4537
4001
2702
1645
-487
-1818
-1780
-1951
-997
-206
-27
958
1128
1274
1491
545
395
283
-348
-457
-1212
-1591
-1246
-1291
-918
-781
-998
-665
-448
-404
-569
-986
-1054
-1116
-1450
-1957
-2501
-2617
-2077
-1184
-547
-41
624
1085
1167
697
-53
-584
-1121
-1234
-958
-923
-695
-178
503
1047
1033
876
833
564
214
62
-219
-418
-404
-672
-882
-1171
-1021
899
2823
3877
4492
3652
2798
1907
-97
-1046
-1823
-2430
-1211
-573
325
1619
1770
2859
2945
1600
1091
-468
-1744
-2203
-3335
-3188
-2529
-1819
-382
-110
-250
-356
-1066
-1242
-1659
-2325
-2576
-2910
-2507
-1838
-1713
-1187
-466
437
1666
2409
2707
2594
1948
1400
948
137
-438
-570
-508
-42
378
886
1606
1893
2128
2052
1255
423
-245
-615
-696
-929
-601
76
203
386
578
1486
3238
4295
4725
4100
2640
1561
-26
-1260
-1497
-1779
-1078
-111
239
1181
2027
2734
3129
1899
362
-1066
-2636
-3519
-4232
-4413
-3398
-1887
-267
617
267
-252
-507
-994
-1623
-2321
-2863
-2658
-2160
-1880
-1732
-1708
-1127
-168
327
687
813
752
843
626
150
-483
-1089
-1226
-1311
-1412
-1173
-805
-161
681
1244
1420
1065
366
-236
-590
-713
-705
-454
240
926
1186
1115
680
487
1430
2779
3674
4101
3753
3239
2749
1469
439
-102
-513
86
658
840
1382
1717
2056
1704
295
-622
-1314
-1712
-1857
-2557
-2578
-2018
-1363
-448
-470
-896
-994
-1458
-2111
-2873
-3478
-3257
-2579
-2017
-1754
-1635
-1203
-357
370
778
1158
1456
1472
1002
49
-847
-1341
-1372
-1093
-866
-513
176
1096
1802
1823
1596
1403
1130
800
182
-351
-390
-217
157
455
507
665
717
661
737
1593
3376
4665
5106
4583
3007
1437
-185
-1434
-1765
-1826
-983
283
1008
1728
1821
1608
1278
219
-489
-924
-1300
-1257
-1410
-1632
-1915
-2152
-2015
-2097
-1986
-1607
-1305
-742
-594
-709
-727
-1197
-1476
-1708
-2136
-1989
-1556
-807
140
640
1062
1267
1077
832
322
-185
-544
-884
-865
-698
-464
110
544
847
1218
1361
1423
1299
1000
829
468
110
96
-9
30
277
228
226
20
-126
958
2472
3639
4263
3780
2956
1837
12
-1381
-2286
-2628
-2065
-1285
-389
448
1083
1432
907
-126
-1042
-1611
-1833
-2158
-2286
-2208
-1961
-1283
-840
-602
-393
-487
-430
-442
-950
-1408
-1653
-1630
-1398
-1336
-1252
-950
-493
-20
306
531
674
824
966
758
297
-216
-699
-910
-1050
-1069
-649
-157
376
1050
1567
2116
2502
2344
2064
1509
523
-239
-781
-803
-232
204
757
1055
660
499
734
1780
3455
4461
4796
4163
2800
1345
-597
-1949
-2466
-2734
-1966
-1039
-277
777
1198
1544
1594
704
28
-787
-1741
-2162
-2691
-2735
-2185
-1726
-999
-566
-578
-455
-494
-558
-611
-937
-988
-840
-853
-878
-1145
-1401
-1218
-782
-248
290
843
1409
1634
1319
595
-414
-1366
-1908
-1910
-1351
-436
718
1946
2748
2944
2686
2051
1256
343
-571
-1248
-1672
-1703
-1262
-704
-324
23
296
458
598
827
1728
3057
3760
3798
3081
1774
445
-1150
-2145
-2316
-2294
-1563
-668
288
1408
1974
2514
2486
1542
542
-651
-1642
-2465
-3194
-2920
-2003
-948
118
534
321
-113
-694
-1187
-1653
-2168
-2255
-1959
-1658
-1486
-1500
-1398
-970
-621
-348
44
302
315
123
-121
-438
-902
-1237
-1324
-1200
-854
-286
510
1308
1842
2298
2439
2214
1885
1330
860
342
-171
-310
-350
-131
362
858
1406
1559
1386
1301
1245
1727
2549
3116
3561
3235
2285
1393
-16
-1123
-1691
-2171
-1704
-1126
-428
745
1240
1606
1469
635
30
-993
-1824
-2169
-2485
-2086
-1543
-1034
-343
-355
-435
-312
-595
-914
-1283
-1553
-1585
-1708
-1495
-1070
-1052
-998
-713
-372
-103
-11
179
403
316
196
5
-291
-379
-519
-469
-305
-220
274
905
1372
1647
1624
1597
1442
1071
744
285
-236
-581
-693
-479
-236
51
669
1126
1075
837
487
547
1251
2050
2756
2892
2525
2253
1432
220
-731
-1492
-1530
-1254
-995
-441
-48
608
1295
1104
648
-102
-847
-1142
-1763
-2268
-2469
-2495
-1811
-1242
-1200
-1032
-895
-810
-916
-1572
-2179
-2464
-2424
-1807
-1123
-742
-436
-144
165
234
39
83
306
530
750
668
238
-190
-362
-247
-20
313
846
1518
2061
2214
2058
1725
1368
1149
964
648
228
-249
-555
-594
-512
-252
178
567
784
667
314
106
173
884
2123
3068
3549
3255
2379
1291
-347
-1672
-2467
-2898
-2409
-1548
-404
863
1590
2057
2068
1538
701
-502
-1532
-2262
-2803
-2868
-2596
-2121
-1569
-1128
-688
-462
-672
-983
-1193
-1208
-961
-704
-494
-302
-224
-84
-54
-214
-196
141
717
1244
1386
1228
995
610
222
-50
-270
-135
406
1159
1752
1861
1655
1358
962
404
-212
-713
-995
-1055
-935
-712
-426
-40
452
914
1212
1187
871
461
112
6
403
1373
2409
3157
3285
2571
1329
-407
-2055
-2971
-3301
-2762
-1528
-180
1250
2306
2649
2223
1024
-298
-1473
-2504
-3202
-3655
-3713
-3180
-2381
-1637
-1016
-549
-163
155
168
-62
-427
-836
-909
-935
-989
-902
-781
-307
242
671
1028
1080
1166
1134
800
471
-38
-370
-342
-300
-121
130
359
707
947
1015
887
466
-3
-458
-823
-1078
-1192
-974
-504
56
698
1231
1574
1712
1461
936
260
-424
-674
-335
678
2086
3231
3901
3823
3015
1873
533
-485
-964
-1093
-710
-89
459
1038
1405
1421
1114
335
-612
-1521
-2512
-3219
-3587
-3662
-3146
-2350
-1493
-737
-433
-253
-262
-543
-745
-980
-1012
-893
-898
-761
-844
-1071
-996
-776
-130
664
1233
1906
2270
2237
2029
1403
684
21
-537
-628
-458
-61
559
1070
1482
1488
1149
797
277
-132
-397
-601
-509
-386
-150
338
566
693
811
668
463
85
-262
-175
46
618
1681
2546
2937
2773
2080
1076
-209
-1260
-1722
-1898
-1645
-1072
-425
180
414
514
414
-61
-605
-1128
-1453
-1793
-2200
-2213
-1964
-1601
-1216
-934
-702
-639
-654
-605
-675
-767
-834
-780
-592
-691
-981
-1115
-1125
-978
-647
-169
456
996
1417
1601
1434
957
245
-272
-577
-779
-657
-265
232
650
907
1151
1194
957
778
719
655
479
368
339
192
148
386
763
1018
1051
1074
922
490
228
256
620
1362
2192
2819
2817
2139
1261
152
-1053
-1861
-2240
-1992
-1306
-525
472
1103
1305
1322
772
-14
-943
-1892
-2334
-2624
-2686
-2319
-1863
-1227
-772
-564
-246
-208
-258
-177
-159
-42
-92
-243
-260
-504
-762
-721
-580
-386
-280
-51
450
731
827
936
870
622
343
185
72
-165
-151
177
445
620
788
947
910
702
550
333
-4
-256
-276
-174
-72
167
506
795
961
994
959
721
394
336
481
874
1422
1740
1856
1590
914
257
-454
-990
-1195
-1136
-630
-49
466
1024
1282
1049
349
-474
-1226
-2080
-2640
-2747
-2697
-2454
-1876
-1122
-450
-28
243
345
70
-467
-1022
-1524
-1914
-2042
-1895
-1633
-1407
-1146
-743
-353
-32
314
625
883
934
772
565
107
-442
-731
-788
-606
-295
158
782
1314
1628
1767
1623
1245
819
480
325
218
192
389
693
1040
1359
1626
1868
1773
1467
1131
538
44
-65
225
1041
1801
2331
2671
2276
1615
840
-208
-856
-1317
-1531
-1212
-1052
-696
-165
-4
152
-155
-753
-1177
-1880
-2296
-2431
-2578
-2224
-1807
-1305
-752
-650
-503
-427
-583
-613
-786
-882
-848
-1005
-1015
-982
-937
-694
-471
-137
292
528
750
956
1014
983
827
612
387
92
-94
67
421
799
1225
1560
1738
1723
1500
1257
870
397
196
177
210
304
458
749
1023
1192
1369
1475
1301
910
518
122
-105
37
487
1058
1333
1359
1128
520
-237
-1154
-1775
-1958
-2010
-1541
-961
-531
-24
11
-143
-495
-1251
-1666
-2050
-2448
-2487
-2555
-2210
-1721
-1475
-961
-663
-539
-338
-468
-571
-726
-991
-898
-778
-632
-275
12
339
668
883
1129
1136
979
948
836
729
749
808
989
1084
1048
1092
1083
1114
1303
1452
1549
1530
1353
1121
647
158
-82
-289
-299
-61
192
444
552
506
402
65
-377
-630
-769
-804
-627
-402
46
719
1146
1353
1052
257
-403
-1118
-1692
-1806
-1909
-1607
-1077
-825
-468
-411
-564
-661
-1079
-1315
-1407
-1498
-1167
-964
-749
-360
-125
236
396
381
467
317
225
262
189
269
321
450
792
941
1047
1232
1279
1230
1118
1021
1002
936
925
1052
1078
967
851
671
522
394
316
487
550
424
301
16
-283
-512
-723
-667
-577
-528
-268
-116
-74
-124
-245
-281
-501
-803
-948
-951
-693
-336
54
547
785
796
729
401
-177
-838
-1304
-1395
-1344
-1149
-663
-191
57
97
17
-121
-423
-812
-1052
-1235
-1335
-1207
-940
-589
-271
32
277
396
405
294
165
14
-135
-156
-135
-27
196
325
450
584
675
756
779
897
1057
1066
1124
1141
989
756
411
146
-1
-176
-156
28
238
429
446
406
294
-6
-315
-523
-565
-442
-215
82
247
192
22
-186
-396
-649
-829
-867
-914
-840
-577
-166
341
594
616
530
162
-284
-701
-998
-1000
-907
-640
-258
-77
54
145
146
33
-263
-372
-318
-273
-109
27
147
231
236
308
306
202
246
325
393
453
430
526
596
571
635
580
487
448
333
325
383
413
528
599
551
467
326
213
123
12
13
78
177
346
439
398
231
-21
-251
-487
-635
-599
-472
-301
-143
-20
-29
-186
-270
-273
-285
-288
-284
-244
-262
-267
-135
-45
54
189
258
271
70
-209
-347
-511
-594
-558
-466
-309
-271
-252
-206
-328
-394
-426
-490
-404
-400
-402
-341
-433
-441
-390
-352
-230
-126
80
331
407
422
358
202
175
213
332
472
487
565
617
522
400
250
140
81
9
61
114
109
168
145
52
-31
-136
-195
-280
-441
-515
-535
-539
-463
-354
-230
-124
-73
-46
-46
-137
-228
-208
-151
-54
45
94
129
117
120
217
288
386
547
645
638
467
253
147
20
-82
-111
-104
0
84
125
134
78
20
13
27
98
92
59
126
133
113
85
6
28
4
-47
80
129
174
281
340
416
372
347
365
238
86
-39
-81
-81
-106
-26
100
141
175
201
155
30
-117
-209
-264
-370
-440
-434
-455
-469
-472
-464
-399
-327
-163
48
133
173
155
56
-76
-203
-288
-305
-248
-140
34
203
301
430
537
594
638
565
475
375
176
29
-73
-195
-229
-241
-265
-287
-438
-550
-628
-744
-724
-692
-668
-587
-599
-560
-480
-456
-366
-306
-216
-85
1
112
211
263
282
227
200
281
277
281
370
464
610
728
801
867
842
757
710
592
414
246
137
47
-89
-210
-283
-331
-353
-334
-305
-306
-300
-263
-210
-196
-158
-39
1
-63
-181
-300
-387
-476
-473
-343
-178
-36
177
402
525
583
598
638
601
452
341
235
116
1
-67
-64
-79
-115
-105
-109
-174
-261
-312
-306
-313
-330
-282
-250
-289
-380
-473
-519
-560
-572
-428
-234
-117
7
56
72
-2
-122
-97
-41
56
266
469
606
661
660
655
532
351
260
207
172
223
299
342
310
279
281
171
21
-5
-11
-89
-165
-132
-70
-120
-147
-83
-77
-184
-253
-145
-60
-102
-21
189
238
143
114
107
-26
-182
-164
-50
8
62
227
342
271
126
89
72
-32
-102
-147
-238
-359
-403
-335
-282
-286
-245
-171
-142
-167
-241
-264
-325
-428
-451
-439
-367
-264
-142
-39
-17
-19
3
12
-33
-58
-5
36
61
71
88
87
41
60
110
141
195
284
376
341
210
91
-9
-164
-275
-240
-176
-143
-49
148
234
182
148
171
132
13
-18
36
37
23
136
249
228
170
181
213
135
104
216
309
329
348
400
369
229
124
51
-68
-185
-187
-116
-116
-132
-86
-33
-55
-89
-135
-172
-243
-288
-211
-204
-194
-140
-110
-116
-162
-189
-179
-192
-198
-140
-93
-57
-47
-4
74
77
87
136
157
141
94
95
97
34
35
106
124
109
127
136
68
-10
11
65
60
58
106
97
36
-30
-42
-36
-72
-78
-9
77
110
166
230
192
138
116
76
-36
-170
-186
-184
-216
-135
-12
60
69
80
112
27
-100
-119
-82
-108
-187
-213
-178
-210
-289
-252
-213
-259
-258
-167
-64
-59
-28
96
136
55
16
43
12
-90
-125
-84
-117
-126
-40
93
194
209
226
215
115
-10
-46
-55
-82
-40
84
186
172
148
159
79
-56
-118
-125
-151
-164
-84
52
137
141
202
241
140
69
37
48
5
-53
42
89
59
67
117
128
66
82
167
175
87
54
37
-92
-209
-226
-197
-240
-265
-141
-16
-5
19
107
95
-30
-135
-115
-149
-253
-245
-147
-71
-35
80
222
248
181
161
153
7
-144
-169
-138
-131
-93
57
169
153
175
256
248
147
91
91
46
-31
-18
36
-18
-70
-13
12
-20
-14
70
124
53
30
114
99
15
-17
-18
-53
-122
-80
20
76
95
156
202
135
46
-29
-84
-173
-225
-143
-95
-96
-65
-8
8
-84
-123
-94
-105
-131
-123
-52
-53
-122
-93
-67
-107
-163
-170
-163
-205
-201
-110
-6
8
43
147
180
110
62
76
30
-69
-73
-3
4
-16
55
150
165
148
211
287
238
171
171
130
-8
-89
-82
-116
-167
-113
10
55
18
50
97
39
-65
-83
-61
-136
-200
-156
-90
-100
-114
-41
9
-20
-35
20
39
-62
-113
-84
-109
-161
-122
-5
42
40
89
173
174
101
83
90
5
-112
-133
-81
-99
-109
3
99
77
59
136
174
122
83
110
119
56
71
156
127
60
111
175
132
75
124
190
153
113
168
165
75
40
82
65
-28
-36
27
3
-89
-87
-31
-37
-68
-37
-8
-49
-98
-98
-109
-169
-184
-166
-136
-123
-92
-32
-16
-25
-35
-44
-57
-85
-117
-145
-160
-143
-105
-47
-7
11
4
7
14
-46
-112
-133
-132
-147
-161
-116
-69
-65
-13
56
100
110
112
126
90
33
18
20
6
5
39
61
48
64
101
113
93
103
127
94
79
89
84
54
35
70
47
21
32
-10
-46
-54
-37
-27
-33
0
36
26
13
44
54
12
-35
-55
-110
-176
-195
-178
-173
-158
-108
-65
-47
-14
35
18
-39
-51
-52
-107
-165
-142
-85
-70
-36
31
77
95
128
143
101
45
22
15
-14
-2
62
112
133
163
184
170
144
114
86
58
38
40
32
42
63
47
29
26
45
33
14
40
54
17
-15
9
19
-14
-6
47
57
30
49
82
34
-9
-2
-3
-31
-41
1
10
-26
-10
44
-9
-84
-74
-31
-56
-123
-89
-45
-67
-83
-61
-77
-130
-143
-105
-95
-95
-42
-21
-52
-58
-27
-31
-96
-95
-26
-13
-19
43
109
91
52
48
40
-13
-31
-5
-4
-40
-16
42
23
-16
32
99
78
61
114
149
70
-5
-7
-19
-73
-88
-11
28
2
-4
14
9
-29
-36
-16
-37
-69
-72
-42
-35
-30
15
42
15
0
37
51
21
-3
24
9
-42
-56
-27
-26
-77
-86
-42
-17
-47
-58
-30
-28
-43
-26
-1
-1
-19
11
42
22
15
72
102
72
53
72
79
26
13
41
58
23
25
78
77
37
24
43
31
7
12
55
39
-13
-4
27
-7
-55
-14
27
2
-23
11
34
-20
-71
-39
-50
-119
-125
-60
-25
-47
-13
44
17
-43
-19
15
-37
-52
1
37
18
31
100
127
85
70
97
63
21
57
104
78
49
86
115
85
68
110
117
61
58
86
56
8
9
14
-36
-62
-24
-22
-73
-80
-50
-76
-118
-111
-77
-69
-101
-86
-66
-89
-123
-137
-106
-95
-95
-97
-96
-96
-99
-92
-76
-51
-50
-51
-26
-7
-35
-37
3
9
-24
-17
19
25
0
3
50
27
-7
33
86
40
-21
11
22
-29
-51
8
24
-27
-30
37
34
-24
3
59
40
0
41
63
9
-24
7
-6
-51
-19
49
83
79
96
140
126
63
47
39
6
-13
-4
1
-18
-19
18
57
54
52
67
66
34
4
13
9
-38
-65
-42
-17
-18
6
62
83
59
42
58
54
-6
-46
-34
-56
-106
-101
-51
-38
-47
-4
61
51
20
50
72
24
-14
21
22
-41
-52
7
28
-4
32
117
104
49
65
89
50
-11
12
53
27
-5
19
20
-36
-59
-23
9
-7
-11
17
3
-62
-73
-55
-95
-141
-122
-70
-58
-80
-86
-66
-79
-130
-138
-92
-74
-92
-75
-51
-60
-85
-74
-42
-38
-31
22
54
28
21
65
55
-2
-3
27
32
5
19
40
23
14
57
92
63
52
82
94
45
34
59
26
-21
-11
19
5
-1
51
103
78
53
83
113
79
34
37
36
-9
-48
-26
-27
-70
-69
-19
-4
-34
-33
2
-4
-52
-53
-34
-64
-97
-53
8
1
-19
20
52
9
-24
-1
6
-49
-80
-39
-24
-42
-31
7
17
11
29
43
6
-28
-4
19
-1
-9
12
10
-8
3
30
21
8
23
19
-10
-15
-6
-24
-23
16
44
31
59
117
104
64
68
77
25
-10
6
-1
-61
-72
-34
-37
-36
25
80
70
66
100
94
14
-12
7
-4
-29
-8
41
17
-10
18
36
-17
-34
10
14
-26
-16
20
-6
-36
-22
-5
-40
-62
-26
3
-27
-34
-1
-8
-33
-26
-2
-13
-28
-22
-27
-66
-56
-38
-51
-41
-19
-15
-8
23
31
6
2
18
8
-31
-36
6
-9
-33
-3
20
-12
-45
-17
-35
-110
-105
-45
-46
-66
-16
33
8
-22
13
26
-24
-26
22
18
-34
-14
16
-30
-67
-20
10
-30
5
70
52
-19
-1
65
16
-35
20
42
-24
-22
64
42
-62
-26
48
-7
-60
27
80
-9
-29
79
85
-28
7
122
73
-13
61
136
44
-3
109
137
43
68
172
112
-8
41
113
20
-54
45
78
-35
-30
58
29
-80
-39
37
-47
-105
-23
16
-95
-114
-11
-17
-119
-72
17
-28
-98
-38
19
-69
-73
17
29
-47
-37
46
25
-28
6
65
30
0
58
66
-1
-16
13
8
-26
-11
6
-17
-12
16
21
-1
17
43
15
-14
-5
-2
-35
-41
-30
-28
-35
-31
-13
-19
-28
-3
8
-8
-9
-4
7
-3
-4
-2
-4
1
0
16
22
25
5
4
2
-19
-38
-44
-28
-32
-56
-47
-28
-57
-64
-34
-22
-49
-42
-4
-33
-81
-75
-37
-45
-66
-19
28
0
-21
22
43
8
15
56
51
16
44
77
45
28
51
63
3
-4
55
39
-22
-27
8
-15
-45
-1
53
37
19
53
65
12
6
56
45
11
40
97
54
-2
41
68
23
-14
40
58
-7
-21
18
9
-50
-50
-17
-26
-50
-26
25
8
-19
-5
-6
-41
-60
-27
-6
-30
-26
-2
-12
-49
-44
-12
-13
-13
19
57
54
40
74
97
78
63
80
93
59
45
51
27
-7
-18
11
22
9
6
27
15
-18
-30
-20
-36
-65
-37
-18
-27
-42
-29
-23
-58
-87
-64
-49
-78
-84
-58
-45
-65
-59
-27
-24
-41
-15
40
39
21
26
36
-1
-31
-21
-21
-43
-61
-12
13
-17
-21
9
21
-20
-19
8
-11
-17
14
55
41
11
20
22
-15
-30
10
7
-28
-7
29
17
-28
-26
15
-14
-31
13
26
-2
-33
2
8
-41
-25
26
30
-10
7
40
-9
-56
-33
3
-26
-50
-8
1
-31
-23
37
41
1
27
58
21
-28
-4
26
-19
-23
46
87
46
32
80
80
50
43
72
59
10
13
27
10
-26
-12
11
5
1
36
63
33
8
16
17
-6
-11
-3
4
-21
-29
1
14
-5
-1
46
45
21
27
42
24
0
30
51
36
4
-3
-10
-56
-64
-39
-25
-38
-22
28
22
-16
-20
-5
-25
-59
-44
-13
-32
-46
-20
-8
-33
-53
-23
-17
-48
-51
-31
-36
-57
-30
12
19
-2
11
32
19
9
13
14
-1
-2
23
27
21
26
37
20
-4
-3
-18
-30
-23
-9
-3
-9
-3
4
0
-4
8
5
-13
-11
2
-5
-30
-27
-13
-38
-63
-55
-46
-51
-76
-79
-61
-64
-53
-17
8
1
2
16
7
-18
-32
-26
-25
-24
1
20
20
7
12
30
23
18
30
36
31
11
13
23
14
15
11
14
21
37
46
24
15
23
31
11
4
23
31
41
56
77
86
69
69
70
68
65
57
64
60
59
58
54
53
48
36
34
31
13
10
7
3
-3
-14
-14
-13
-13
-21
-21
-31
-41
-40
-43
-60
-66
-49
-37
-45
-47
-14
-9
-26
-28
-19
-24
-32
-27
-22
-36
-53
-46
-45
-46
-40
-37
-36
-35
-22
-6
-17
-34
-16
-8
-4
1
14
6
-18
-29
-38
-34
-15
23
31
22
18
25
20
-8
-13
-1
6
0
18
31
37
35
36
43
27
17
14
13
-2
-1
10
5
0
-6
-3
-11
-22
-38
-44
-42
-28
-4
3
8
1
-14
-30
-36
-47
-52
-46
-29
5
15
13
13
0
-23
-25
-2
5
4
4
14
3
-15
-8
1
2
1
3
5
-3
-18
-11
8
8
11
18
18
10
-5
-6
-16
-33
-25
-14
-8
1
27
53
52
51
67
67
48
39
55
52
33
47
55
44
31
45
48
30
18
26
28
14
20
19
7
-10
-7
-7
-17
-7
6
6
-7
-4
9
6
0
8
16
16
15
12
9
-2
-1
17
13
0
4
4
-4
-10
-8
-6
-10
4
12
3
-9
-19
-22
-24
-37
-33
-31
-42
-44
-36
-50
-65
-57
-60
-72
-79
-84
-99
-105
-81
-55
-53
-51
-32
-15
-12
-5
20
20
9
4
7
5
0
10
24
28
24
26
35
40
47
53
46
40
34
31
27
24
33
38
27
12
13
1
-19
-29
-23
-16
-23
-17
-7
-11
-27
-42
-38
-37
-36
-7
11
7
9
27
29
12
12
29
34
20
11
19
2
-6
5
5
-6
-15
-2
1
-6
0
15
8
-7
-9
-1
-9
-12
9
18
10
8
34
41
24
18
21
17
15
22
18
9
2
8
6
2
10
21
30
31
31
30
38
38
23
10
0
-1
-7
-16
-14
-12
-14
-8
6
15
19
24
29
28
17
14
17
14
9
5
4
13
19
26
29
18
8
-6
-14
-24
-43
-46
-56
-64
-59
-54
-53
-44
-38
-47
-56
-59
-57
-59
-64
-54
-47
-42
-23
-14
-20
-31
-31
-37
-44
-31
-10
6
21
37
31
19
12
20
32
31
33
39
35
25
26
24
12
16
31
39
27
22
35
34
33
31
24
3
-20
-15
-21
-34
-32
-17
-5
-13
-19
-18
-25
-44
-43
-40
-54
-54
-34
-10
-9
-10
14
25
6
-2
1
-7
-20
-5
30
36
35
57
67
55
45
53
54
36
28
32
21
7
12
15
5
-2
-3
1
-9
-17
-21
-22
-18
-12
1
3
2
5
2
-7
-13
-15
-19
-20
-15
-7
1
2
10
15
6
-4
6
13
10
14
29
42
36
43
59
44
16
4
1
-8
-10
9
18
2
-8
-4
-11
-26
-31
-24
-19
-16
-4
9
14
5
2
-3
-19
-25
-26
-27
-21
-10
-16
-26
-30
-35
-41
-46
-29
-15
-14
0
12
6
-11
2
17
10
9
12
13
4
9
23
20
10
7
11
5
3
17
25
20
0
-3
0
-9
-20
-17
-9
-9
-13
1
9
0
-15
-18
-10
-21
-36
-34
-22
-27
-37
-38
-33
-34
-49
-41
-27
-30
-28
-16
-4
-5
-6
1
9
4
9
32
36
28
30
42
40
29
36
39
33
35
46
53
35
16
18
9
-7
-8
2
2
-4
12
16
-3
-5
-8
-15
-27
-23
-10
-6
1
16
18
7
6
11
20
21
19
14
5
-4
1
16
17
18
22
22
15
7
-7
-20
-18
-13
-1
6
5
9
12
13
7
-1
2
5
7
2
9
13
4
-4
-1
-3
-24
-33
-28
-30
-37
-37
-17
-11
-9
11
21
13
-4
-8
-6
-23
-35
-22
-10
-8
4
16
22
16
10
9
-2
-14
-7
2
2
4
8
14
14
29
33
28
22
1
-16
-23
-24
-14
0
1
-1
5
1
-7
-8
-5
-9
-18
-19
-15
-2
4
5
5
-7
-27
-42
-40
-41
-40
-37
-30
-25
-20
-12
-5
-10
-25
-18
3
9
7
20
22
9
-3
-9
-9
-6
8
30
22
4
-2
-4
-12
-19
-16
-19
-15
5
22
26
28
23
16
15
23
25
15
10
10
9
-2
-13
-3
3
4
13
14
-1
-15
-14
-11
-6
1
26
39
36
47
50
42
30
27
31
13
6
17
12
11
18
31
39
32
21
12
-4
-11
-2
-6
-17
-13
-10
-19
-21
-14
-7
-13
-10
-5
-7
-20
-34
-29
-21
-20
-14
4
2
-9
-3
4
1
-3
-13
-28
-42
-48
-54
-47
-24
-15
-8
5
13
10
8
9
5
-5
-6
12
26
25
28
38
37
17
12
14
6
-2
2
2
7
25
42
34
19
18
15
9
3
8
7
-6
-5
2
-4
-16
-12
-14
-28
-30
-20
-24
-41
