-7
-6
-1
-7
-13
-20
-30
-25
-15
-4
-4
-4
-12
-27
-30
-19
-1
13
31
47
48
38
32
29
40
44
42
36
30
18
-5
-24
-50
-41
-19
-4
8
12
18
24
14
-5
-14
-31
-36
-28
-19
-8
-5
4
13
15
11
13
17
16
13
7
3
0
-9
-13
-19
-14
-3
0
2
5
4
14
23
40
51
41
32
24
21
24
27
29
40
37
27
17
-4
-12
-19
-7
12
23
31
22
14
4
-7
-20
-31
-30
-19
-15
-9
-9
-10
-9
-16
-15
-17
-25
-35
-36
-48
-57
-59
-72
-67
-52
-38
-32
-31
-18
-11
-2
0
5
10
8
14
10
-6
-27
-33
-14
-2
6
2
-6
-7
-14
-18
-20
-19
-9
-2
8
11
6
-4
-14
-9
-8
-2
-4
-9
-11
-9
2
3
6
-1
-6
1
8
20
24
14
11
8
9
28
47
58
59
49
51
60
51
40
32
21
17
18
20
9
-6
-6
8
26
27
27
25
20
17
16
19
17
11
12
5
-4
-8
-19
-21
-13
-10
-2
-7
-25
-27
-27
-37
-33
-33
-28
-25
-37
-41
-47
-46
-37
-21
-7
-3
0
9
11
0
0
-2
-5
-3
-1
1
-6
-4
11
20
25
43
47
43
36
27
18
0
-3
7
18
26
27
11
0
-10
-4
9
6
7
0
-4
-10
-7
8
12
13
8
1
-3
-12
-17
-9
0
-3
-9
-23
-30
-33
-36
-35
-38
-42
-42
-42
-41
-37
-37
-23
-19
-26
-30
-26
-14
-10
-13
-17
-18
-16
-9
1
7
13
12
20
17
0
1
-3
-12
-15
-8
-5
-12
-7
-4
-4
-4
12
25
20
15
21
34
37
35
30
33
42
44
50
58
70
70
71
73
63
60
57
47
34
22
17
7
-5
-5
-7
-13
-14
-17
-12
-10
-16
-18
-21
-24
-25
-26
-40
-49
-38
-39
-44
-48
-52
-59
-63
-64
-51
-40
-36
-16
0
8
7
8
-1
-9
-2
6
18
15
14
17
14
10
3
-2
-19
-52
-71
-78
-71
-61
-45
-21
1
6
11
23
28
40
45
54
67
82
95
98
98
89
86
73
71
64
38
19
10
10
-4
-22
-38
-40
-44
-35
-19
-9
1
6
15
19
28
35
40
35
26
12
-1
4
2
8
7
-5
-29
-54
-61
-66
-60
-44
-22
-7
-8
-26
-39
-37
-22
-2
-16
-32
-44
-30
-1
-1
-10
-23
-25
-33
-49
-71
-70
-49
-53
-50
-46
-51
-43
-33
-38
-46
-46
-36
-12
14
37
55
70
84
74
49
9
-4
9
17
21
15
6
-15
-21
-26
-15
5
11
15
9
-1
14
35
50
60
63
64
65
65
54
49
46
39
40
31
13
-2
-8
-7
-20
-23
-24
-16
-8
1
10
6
-2
-5
2
-2
11
35
52
51
40
18
-3
-8
-11
-16
-26
-26
-27
-44
-46
-32
-29
-19
1
8
-3
-15
-20
-12
-1
23
44
55
41
14
-7
-34
-43
-44
-44
-38
-21
-7
-13
-13
-14
-10
3
17
37
50
53
67
81
71
57
46
43
37
27
23
18
21
26
25
13
2
-18
-44
-66
-91
-112
-105
-74
-46
-30
-21
-28
-30
-32
-38
-43
-36
-15
-5
-4
-9
-16
-16
-16
-16
-13
-20
-41
-57
-55
-50
-42
-32
-17
-6
-14
-15
-4
4
16
29
25
12
12
13
13
4
-9
-14
-20
-20
-16
-1
7
7
16
20
17
14
9
7
5
8
23
34
41
48
63
67
57
59
52
41
45
44
38
21
-4
-21
-17
-1
21
38
42
36
23
13
4
-1
10
32
41
23
6
7
6
5
8
18
10
1
1
-4
-9
-18
-33
-33
-36
-49
-43
-29
-15
6
14
23
10
-10
-8
-12
-23
-32
-17
8
17
21
33
24
2
-8
-26
-32
-28
-14
11
25
24
13
-7
-18
-27
-21
6
-4
-19
-24
-29
-33
-33
-28
-19
-27
-41
-49
-54
-50
-41
-22
4
17
5
-5
-10
-22
-30
-26
-13
-6
10
34
51
60
64
62
48
34
28
20
2
-2
13
14
0
7
11
-2
-9
-14
-11
-3
8
8
18
23
15
21
23
14
12
9
-2
-10
-19
-34
-35
-31
-24
-13
-13
-19
-28
-39
-55
-72
-67
-73
-77
-71
-55
-33
-22
-11
8
22
16
16
7
-2
-8
-17
-10
15
28
26
44
42
18
6
11
-3
-12
9
17
45
73
74
68
67
67
57
56
52
39
53
79
67
50
65
84
86
75
65
55
32
20
18
16
2
-20
-25
-48
-86
-86
-65
-61
-69
-66
-42
-43
-48
-29
-22
-5
20
23
1
-13
-13
5
26
36
46
61
82
98
93
60
18
1
-7
-44
-38
8
17
-7
-32
-61
-87
-86
-90
-105
-110
-102
-66
-49
-64
-56
-41
-82
-148
-193
-195
-174
-159
-141
-112
-87
-76
-69
-54
-30
-44
-52
-68
-57
-6
22
30
68
130
133
109
71
35
38
85
67
19
48
86
55
63
191
210
81
37
80
72
83
126
131
127
176
195
140
103
84
96
171
228
128
20
22
30
29
33
-4
-91
-109
-57
-81
-135
-102
-110
-128
-82
-61
-113
-147
-148
-202
-183
-124
-102
-82
-19
7
-46
-41
-54
-138
-156
-107
-185
-253
-161
-60
-64
-96
-39
18
76
82
49
20
-11
-82
-134
-79
-22
15
98
202
257
289
266
241
223
195
142
98
126
118
34
8
63
75
67
103
82
-17
0
129
166
58
-31
-38
33
113
139
58
5
29
11
-8
17
8
-41
28
141
99
-55
-2
224
347
301
245
207
197
176
146
134
117
17
-166
-265
-258
-273
-329
-332
-320
-215
-114
-142
-313
-376
-340
-330
-342
-299
-311
-336
-243
-181
-219
-215
-95
-114
-171
-165
-252
-353
-217
-92
-234
-286
-222
-232
-276
-172
-147
-159
-179
-300
43
597
205
-566
106
1156
645
-111
466
843
550
819
1179
677
509
962
890
802
1074
725
158
554
850
223
-77
162
-91
-215
30
-268
-751
-440
-167
-534
-663
-489
-606
-880
-819
-701
-782
-987
-1120
-1090
-826
-738
-930
-1116
-845
-479
-485
-796
-855
-693
-296
468
410
-784
-873
970
1513
141
-12
1321
1279
886
1667
1808
977
1329
1957
1594
1671
1792
608
249
1581
1458
167
333
677
-58
99
482
-592
-1040
-74
-215
-997
-625
-517
-1126
-824
-274
-743
-901
-641
-891
-734
-18
-414
-1312
-981
-382
-392
-444
-509
-867
-560
-9
-302
-715
-424
-317
-121
724
479
-928
-417
1597
1309
-225
197
1179
614
793
1685
1221
328
1002
1436
1064
1000
637
-212
219
1221
434
-767
-693
-525
-858
-732
-878
-1539
-1465
-1192
-1546
-1610
-1002
-1089
-1773
-1666
-1049
-822
-986
-1179
-1042
-391
-93
-533
-690
-112
84
-184
-194
95
113
77
301
307
246
614
1570
1423
-282
-597
1592
2371
388
-201
1468
1716
1146
1876
1966
927
1364
2245
1459
1284
1703
844
405
1706
1343
-255
5
383
-507
-337
123
-1219
-1728
-499
-750
-1728
-1068
-853
-1895
-1726
-875
-1101
-1317
-1256
-1557
-1379
-437
-689
-1521
-1102
-421
-531
-633
-442
-667
-383
155
103
-569
4
1756
1447
-1058
-817
2716
2987
-193
-238
2270
1758
1081
2534
2152
435
1585
2508
1187
1412
2012
76
-256
1996
1099
-1080
-144
236
-1145
-210
621
-1550
-1939
-101
-724
-1784
-573
-532
-2025
-1397
-332
-990
-1199
-963
-1459
-1037
13
-837
-1847
-1082
-508
-862
-595
-402
-876
-899
-554
-846
-1112
603
1640
-939
-2769
841
3719
533
-1877
1289
2519
676
1766
3191
944
650
3154
2394
1153
2408
1526
-787
1329
2840
-237
-1388
220
-664
-1508
-52
-1242
-3466
-1818
-721
-2697
-2617
-1021
-2220
-2989
-996
-611
-1927
-1783
-1239
-1266
-198
208
-1352
-1591
-57
288
-106
246
2
-204
597
942
-403
637
3247
1238
-2590
419
5422
2943
-1185
1410
3985
1773
1941
4036
2136
473
3337
3431
1489
2358
2568
-357
708
3332
682
-2008
-392
-166
-1496
-320
-737
-3561
-2792
-747
-2485
-3630
-2198
-2456
-3389
-1991
-1376
-2588
-2497
-1872
-2182
-1215
-142
-1277
-2080
-735
289
-4
190
-14
-117
653
1530
251
478
3573
2964
-1736
-684
5624
4981
-527
638
4657
2697
1759
4270
3059
-143
2623
3956
1251
1084
2411
-454
-937
2515
1018
-2939
-1932
-754
-2509
-1737
-775
-3866
-4528
-1412
-1826
-3973
-2747
-1715
-3256
-2788
-1270
-1988
-2605
-1872
-2028
-1744
-292
-1039
-2528
-1602
-80
-583
-744
-422
-500
-309
681
108
-174
2671
3098
-1006
-1276
4659
5908
925
322
4550
4006
2281
4363
4677
1017
2127
4932
3119
1230
2369
1110
-824
1819
2356
-1889
-2881
-711
-1576
-2323
-1138
-2846
-4934
-2807
-1506
-3373
-3581
-2370
-3203
-3164
-1287
-1585
-2817
-2182
-1462
-1614
-542
-92
-1136
-1383
138
814
676
372
269
615
1352
1075
1228
3556
3647
-14
-307
4831
5937
1438
445
4043
3605
1922
3529
4002
912
1376
3872
2768
859
1075
199
-1014
893
1357
-1717
-2837
-1382
-1562
-2362
-2151
-3177
-4383
-3321
-2437
-3363
-3820
-3260
-3390
-3278
-2186
-2057
-2839
-2632
-1686
-1194
-1045
-997
-1124
-900
-49
589
567
378
622
971
1051
1137
2533
3895
1914
-416
2196
5779
3945
1068
2826
4760
3479
3555
5037
3821
2015
2844
3720
3329
2576
960
-327
732
1497
-401
-2107
-2113
-2290
-2484
-2642
-3878
-4866
-4305
-4373
-4670
-3688
-3391
-4499
-4391
-3088
-2530
-2478
-2565
-2770
-1874
-303
-625
-1530
-752
-47
-468
176
885
362
138
680
226
698
3469
3372
-599
-635
4577
5664
1444
796
3935
3873
2544
4098
4799
2598
2244
3377
3419
3309
2758
230
-570
1901
1569
-1673
-2540
-1842
-2415
-2482
-2275
-3847
-4563
-3693
-4181
-4437
-2907
-2710
-4475
-3988
-1842
-1449
-2040
-2310
-1913
-629
426
-392
-1194
-308
434
432
789
786
476
781
1311
1188
2448
4333
2520
-724
1328
6210
5345
927
1512
4694
3883
2421
3880
4287
2161
2141
3309
3249
2670
1557
-477
-350
1813
920
-2098
-2657
-1947
-2209
-2321
-2599
-3801
-3957
-3193
-3392
-3263
-2340
-2895
-4425
-3588
-1549
-1463
-2653
-2840
-1715
-620
-433
-1015
-1383
-1074
-313
338
268
-229
-191
202
379
722
2442
3356
831
-1242
2136
6082
3584
-139
1903
4519
3064
2518
4321
3532
1468
2143
3164
2798
1984
390
-1145
88
1516
-388
-2701
-2951
-2751
-2606
-2302
-3179
-4714
-4795
-4130
-3770
-3214
-3295
-4171
-4188
-2880
-1698
-1873
-2845
-2843
-1016
267
-418
-878
-361
-190
272
1575
1393
463
1053
2091
1961
2444
4499
4292
1265
937
4828
6595
3462
1616
3845
4892
3906
4087
4644
3340
2514
2950
3176
3212
2084
-363
-726
1252
660
-2003
-2887
-3191
-3752
-2927
-2837
-5221
-6124
-4812
-4928
-4954
-3772
-4550
-5954
-4597
-2724
-2769
-2791
-2808
-3084
-1525
158
-754
-1556
-301
60
-112
1124
1516
621
1115
2433
2153
2847
4853
3461
296
1989
6235
5559
2337
2960
4679
3891
3871
5172
4193
2551
3071
3264
2951
3380
1919
-1001
-135
2111
1
-2795
-2471
-2547
-3332
-2410
-2870
-5380
-5044
-3506
-4496
-4817
-3386
-4037
-5393
-3910
-2508
-3048
-3183
-2631
-2360
-1401
-555
-1229
-1317
49
512
284
870
1455
1161
1562
2314
2683
4147
4641
1981
940
4810
6583
3054
1715
4160
4203
3039
4316
4619
2542
2635
3368
2332
2328
2539
-362
-1912
784
1005
-2379
-3387
-2744
-3600
-3606
-3180
-5092
-6101
-4527
-4330
-5419
-4857
-4110
-4889
-4986
-3974
-3253
-2926
-2950
-2889
-1811
-760
-1433
-1731
-484
125
-62
258
736
932
1479
1773
2071
4109
5069
2365
1100
4805
7109
4028
2400
4633
5095
3921
4791
4984
2933
3017
4145
2902
2164
3044
1372
-942
287
1094
-1478
-3033
-2485
-2805
-3145
-2820
-4084
-5021
-3605
-3216
-4453
-4249
-3172
-3620
-3778
-3037
-2500
-2086
-1888
-2196
-1435
173
-285
-1397
-358
787
356
215
839
880
1312
2001
1933
3164
4359
2056
238
3931
7038
3983
1622
3982
5017
3682
4274
4954
2892
2295
3847
3283
1720
1886
1352
-547
-212
659
-1279
-3300
-2987
-2673
-3465
-3768
-4488
-5498
-4861
-3926
-4807
-5665
-4645
-3980
-4559
-4289
-3263
-3168
-3675
-3202
-2159
-1577
-1656
-1930
-1562
-511
415
132
-364
456
1708
1704
1620
3665
4765
2041
478
4039
6960
4415
1977
3695
5087
4286
4107
4532
3438
2979
3745
3734
2943
2142
1129
308
575
577
-704
-1987
-2689
-2640
-2334
-3120
-4641
-4921
-4003
-3749
-3984
-4105
-4251
-3884
-3272
-3397
-3249
-2189
-2192
-2826
-1489
-21
-1042
-1975
-664
397
721
1242
759
95
1564
2943
1870
2715
5440
3381
-339
2546
7241
5169
1428
2917
4795
3894
3722
4316
3176
2547
3331
3027
2447
2196
809
-614
189
523
-1347
-2589
-2934
-3710
-3715
-3230
-4610
-6188
-5178
-4234
-4970
-5396
-4889
-4538
-4191
-3545
-3328
-2966
-2555
-2793
-2138
-367
-243
-1560
-1167
376
748
976
1153
734
1272
3075
2876
2175
4646
5578
1801
956
5899
7401
3212
2164
4991
5321
4274
4775
4447
2974
3422
3822
2881
2584
2208
189
-400
980
23
-2477
-2889
-2675
-3425
-3469
-3454
-5202
-5754
-4103
-3717
-4799
-4797
-4013
-4163
-4068
-3146
-2659
-2838
-2893
-2230
-921
-390
-1256
-1766
-767
229
552
484
-34
-100
1052
1734
1029
2132
4334
2723
-266
2068
6404
5030
1447
2604
4836
4132
3506
4273
3496
2778
3584
3186
2199
2257
1350
-757
-101
1346
-665
-3047
-2845
-2586
-3181
-2972
-3617
-5195
-4641
-3496
-4378
-5109
-4021
-3741
-4573
-3994
-2801
-2709
-3089
-2699
-1654
-609
-702
-1614
-1308
72
745
835
630
601
1325
2394
1969
1671
4127
5058
1791
513
4728
6921
3407
1580
3948
4733
3599
3897
4309
3010
3094
3711
2913
2628
3028
1400
-190
1212
1577
-1133
-2632
-2082
-2221
-2843
-3073
-4346
-5136
-4112
-3990
-5048
-4807
-3993
-4666
-4938
-3572
-2924
-3381
-3407
-2670
-1528
-587
-951
-1775
-903
675
988
678
715
1315
1931
2350
1952
2540
4726
4399
1163
1479
6005
6694
2589
1772
4554
4610
3217
3958
4245
2639
2831
3467
2639
2141
2015
60
-968
729
382
-2563
-3364
-2490
-2984
-3667
-3761
-5033
-5428
-4346
-4537
-5200
-4261
-3779
-5009
-4726
-3095
-3175
-3917
-3156
-1985
-1433
-1152
-1704
-2117
-738
691
371
-370
273
1439
1721
1680
1640
2974
4578
3305
932
2598
6340
5437
2098
2961
5258
4464
3497
4521
4229
3034
3407
3504
2735
2508
1938
83
152
1167
-360
-2321
-2108
-2003
-3031
-3393
-3607
-4481
-4420
-4160
-4778
-4685
-3979
-4475
-4952
-3855
-3126
-3646
-3726
-2802
-1817
-1144
-1440
-2059
-1363
365
720
10
-20
891
1597
1724
1742
1845
3218
4579
2969
765
3078
6452
4654
1643
3656
5641
3822
3111
4793
4071
2637
3539
3836
2814
2502
1815
386
988
1642
-559
-2218
-1593
-1904
-3126
-3094
-3187
-4301
-4406
-4260
-4661
-4520
-4302
-4850
-4803
-3558
-3134
-3659
-3600
-2702
-1685
-1320
-1950
-2168
-787
551
243
-71
309
951
1466
1816
1658
1912
3729
4223
1714
774
4235
6074
3089
1597
4133
4695
2997
3291
4250
2842
2373
3256
2976
2291
2158
859
-237
878
867
-1557
-2521
-1819
-2356
-3189
-2958
-3385
-4341
-4390
-4406
-4480
-4079
-4121
-4789
-4503
-3517
-3394
-3811
-3664
-2787
-1743
-1563
-2277
-1919
-318
376
-90
114
933
1413
1618
2006
1989
2393
4407
4797
2105
1436
5234
6664
3354
2328
4898
4935
3353
4232
4836
2864
2502
3567
3110
2374
2116
647
-272
935
574
-1862
-2707
-2462
-3298
-3647
-3102
-3908
-5119
-5062
-4752
-4509
-4211
-4686
-5275
-4501
-3404
-3514
-3827
-3556
-2875
-2144
-1765
-1984
-1596
-410
-1
-115
607
1320
1339
1677
2357
2111
2338
4344
4763
2356
2024
5418
6207
3407
2931
4789
4265
3318
4632
4851
2729
2407
3474
3303
2584
1970
493
-85
902
364
-1669
-2264
-2138
-2771
-2944
-2798
-3675
-4701
-4747
-4299
-3693
-3623
-4571
-5124
-4174
-3339
-3403
-3449
-3179
-2795
-2135
-1785
-1867
-1337
-553
-530
-510
575
1309
1197
1461
2375
2469
2434
4349
5368
2707
959
4334
7071
4383
2139
4140
4661
3152
4056
4998
2471
1347
3159
3421
1899
1254
494
-550
128
446
-1647
-2999
-2792
-3070
-3158
-2532
-3331
-5168
-5117
-3990
-3497
-3781
-4379
-4649
-3981
-3090
-2977
-3233
-3332
-3173
-2394
-1636
-1625
-1618
-1345
-1131
-560
639
787
320
850
1967
2045
1795
3600
5117
3068
724
3146
6691
5181
2175
3337
4961
3938
3967
4884
2787
1134
3249
4315
2209
792
727
10
-34
542
-970
-3075
-3214
-2810
-3122
-3166
-3832
-5285
-5286
-4152
-3798
-4466
-4874
-4791
-4182
-3299
-2899
-3103
-3327
-2892
-1858
-877
-744
-968
-779
-140
889
1678
1575
1354
2114
2907
2889
2670
3458
5348
5172
2139
1771
5831
7178
3353
2131
4831
4754
3488
4752
4140
1057
2222
4673
2497
409
1447
790
-825
568
650
-2536
-3242
-1804
-2499
-3407
-3025
-4017
-5233
-4128
-3375
-4399
-5179
-5320
-5076
-4043
-3319
-3831
-4074
-3634
-3185
-2028
-1076
-1827
-2461
-1360
138
584
492
341
796
1925
2612
2354
2215
3724
5094
3605
1483
3229
6332
5028
1998
2953
4496
3578
3669
4317
2187
1271
3651
3426
772
699
1030
-855
-643
630
-1757
-3896
-2527
-2433
-3938
-3590
-3482
-5092
-4862
-3421
-3908
-4698
-4288
-4275
-3934
-2531
-2382
-3101
-2580
-1786
-1390
-534
-353
-978
-491
1136
1528
1254
1387
1286
1607
2732
3074
2168
1996
3912
5381
3544
1082
2833
6080
4779
1469
2195
4062
3169
2701
3377
2148
1247
2672
2425
661
624
446
-1180
-735
246
-1897
-3536
-2561
-2685
-3862
-3453
-3680
-5031
-4529
-3648
-4303
-4578
-3771
-3824
-3833
-2847
-2588
-2776
-2094
-1577
-1415
-646
-327
-747
-335
629
949
1070
1295
1357
2070
3072
2719
1642
2251
4733
5654
2820
531
3538
6986
4603
1302
3326
5065
3273
3164
4363
2518
1526
3492
3152
1135
1296
799
-1260
-638
204
-2296
-3689
-2523
-3122
-4263
-3627
-4242
-5760
-5058
-4494
-5578
-5223
-4087
-4830
-5009
-3340
-2633
-2860
-2351
-2038
-1627
-140
360
-457
-162
1135
1730
1679
1637
1577
2145
2799
2362
1869
2601
4287
4891
2499
233
2773
6142
3917
830
2942
4349
2468
2655
3882
1749
844
3139
2653
639
1127
679
-1383
-102
1174
-1857
-3644
-2210
-2640
-3804
-3134
-3791
-5346
-4490
-3928
-5007
-4520
-3675
-5022
-5055
-2705
-2193
-2971
-2668
-2237
-1529
414
727
-712
-527
1108
1797
2000
2004
1573
1869
3003
2935
2499
2588
3332
4619
3917
1143
1441
5071
4728
1131
1833
3943
2397
1816
3408
2404
844
2373
2338
665
777
602
-1197
-531
519
-1975
-3511
-2017
-2501
-3895
-3239
-3761
-5391
-4497
-3550
-4751
-4395
-3042
-3677
-3990
-2340
-2058
-2418
-1682
-1415
-1144
665
839
-880
-633
1155
1692
1792
1878
1277
1738
3282
3213
2337
2594
2956
4229
5175
2250
-138
3475
6383
2802
727
3736
3758
1753
3222
4001
1197
1145
3078
1819
430
889
-246
-1470
58
-287
-2894
-2859
-2177
-3742
-3921
-3021
-4411
-5409
-4321
-4449
-5190
-4141
-3796
-4838
-4040
-2063
-2008
-2543
-2310
-1634
-291
617
-277
-833
136
997
1260
1485
939
820
2173
2726
1692
1694
2015
2378
4272
3845
255
782
5223
4332
360
2018
3979
1428
1559
3986
1831
-358
2342
2777
478
873
933
-1282
-724
854
-1642
-3183
-1685
-2562
-3996
-2657
-2928
-4973
-4052
-2864
-4141
-3971
-2647
-3350
-3444
-1403
-1156
-2111
-1362
-733
-564
751
1079
-252
-171
1121
1426
1291
1527
1186
1572
2862
2850
1909
1881
2124
3442
4731
2439
-347
2430
5662
3102
652
2602
2798
1189
2605
3104
330
261
2411
1342
285
785
-526
-1856
-327
-378
-2653
-2737
-2814
-4357
-3547
-2267
-4283
-5091
-3208
-3603
-4770
-2952
-2222
-3649
-2776
-1048
-1654
-1826
-719
-918
-586
1059
932
-235
624
1680
1477
1506
1562
1407
2176
2867
2098
1699
2391
2550
3478
3770
1189
-33
3391
5175
2053
932
2901
2566
1958
3378
2763
242
1041
2421
1224
693
517
-1290
-1395
606
-410
-3093
-3282
-3204
-3791
-2896
-2875
-4920
-5041
-3466
-3845
-4164
-2945
-3190
-3893
-2774
-1516
-1784
-1694
-1443
-1427
-286
645
-53
-597
385
1022
912
1220
1412
1672
2106
2269
2172
2440
2346
1732
3212
3850
830
-371
3466
4872
1259
159
2382
2066
1383
2498
1888
-109
1070
2406
871
20
9
-978
-745
599
-703
-2633
-2397
-2326
-2501
-1613
-2229
-4171
-3426
-1637
-2487
-3283
-2557
-2547
-2473
-1173
-694
-1403
-1371
-1016
-743
270
713
10
-83
908
1307
1203
1219
694
899
1835
2114
1629
1664
1726
1352
2975
4042
1238
-471
2950
5059
1938
46
1927
2157
1225
2017
1850
-250
257
1954
1085
63
42
-848
-1532
-556
-641
-2268
-2789
-2593
-2607
-2291
-2468
-3443
-3360
-2342
-2407
-2589
-2120
-1859
-1805
-1508
-1051
-626
-228
-517
-526
783
1133
246
209
1329
1500
1260
1515
1348
1078
1570
1809
1553
1257
1243
1040
2073
3106
1236
-824
796
3172
1550
-708
343
1706
990
683
751
39
-342
629
396
-140
-239
-899
-1744
-1014
-367
-1708
-2841
-2673
-2086
-1542
-1842
-3084
-3296
-1980
-1755
-2458
-1917
-1517
-2037
-1750
-723
-837
-1016
-523
-423
24
1002
954
-182
37
1135
1280
1083
1294
982
1281
2101
2341
1866
1772
1484
1487
3355
3755
821
-370
2738
3758
993
150
1864
1357
462
1444
1518
-52
438
1395
520
90
257
-882
-1561
-152
-226
-2062
-2296
-1600
-1947
-2097
-1859
-2586
-2684
-1571
-1671
-2600
-2340
-1698
-1822
-1619
-949
-924
-1075
-858
-751
-287
237
97
-84
487
985
1171
1276
910
927
1804
1886
1239
1179
1509
1067
1610
3041
2122
-145
515
3056
2838
847
723
1688
1439
1342
1434
826
-34
707
1138
740
150
-809
-1517
-529
561
-939
-2495
-1963
-1482
-1989
-2088
-2431
-3112
-2708
-2140
-2709
-2731
-2008
-2226
-2348
-1195
-582
-988
-853
-484
-382
299
915
257
-397
435
1531
1606
982
663
1184
1993
2063
1422
936
987
1075
1619
2310
1300
-619
70
2458
2078
-241
-177
1181
1003
896
1597
858
-263
746
1412
630
135
44
-842
-690
293
-628
-2231
-2040
-1275
-1559
-1845
-1877
-2392
-2480
-1965
-1990
-2167
-1935
-1721
-1709
-1311
-700
-735
-1090
-946
163
860
433
212
869
1431
1460
1708
1774
1297
1691
2497
2116
1439
1566
1691
1221
1603
2438
1415
-218
611
2444
1725
-62
208
1032
746
579
756
6
-459
250
419
-102
-277
-792
-1469
-729
-30
-1376
-2568
-2010
-1702
-2047
-1866
-2092
-2978
-2775
-1847
-1886
-2165
-1985
-1880
-1400
-511
-496
-1126
-521
492
617
657
1079
914
650
1558
2540
2102
1364
1598
2250
2475
2246
1830
1416
1512
1843
2316
2467
1267
-56
925
2680
1965
113
223
1047
699
587
748
-118
-626
206
399
-235
-590
-1147
-1721
-1068
-696
-2035
-2871
-2334
-2142
-2408
-2419
-2970
-3729
-3228
-2237
-2193
-2566
-2619
-2093
-1366
-1192
-1373
-871
-107
-137
311
1328
1215
461
847
1706
1865
1815
1597
1256
1664
2218
1632
939
1339
1647
1111
1347
1990
893
-559
652
2412
1352
-154
599
1340
739
741
1114
382
95
935
889
310
324
-144
-798
-219
-35
-1552
-2362
-1567
-1399
-1878
-1823
-2052
-2697
-2098
-936
-1319
-2156
-1546
-727
-876
-791
-99
6
-336
224
1282
1391
1020
1112
1283
1462
1946
1827
923
761
1632
1759
961
745
997
574
238
1137
1567
-20
-1221
271
1631
411
-804
-68
489
240
559
658
-78
-145
432
437
178
-156
-1025
-1163
-28
-13
-1500
-2019
-1452
-1343
-1398
-1464
-2308
-2893
-2050
-1257
-1582
-1857
-1591
-1218
-837
-203
205
81
-131
175
939
1250
759
347
664
1210
1468
1341
873
784
1435
1858
1404
835
940
816
507
1355
2086
478
-1106
515
2429
1155
-526
251
1038
649
799
964
-26
-371
516
797
234
-310
-975
-999
-79
-181
-1567
-2202
-1918
-1815
-1667
-1613
-2456
-2843
-1703
-986
-1489
-1729
-1353
-1087
-871
-294
4
-300
-465
62
819
1018
695
270
482
1402
1883
1109
196
604
1515
1319
656
503
507
243
389
1368
1676
186
-1022
329
2121
1399
-211
66
1144
1401
1227
1245
952
757
1057
1192
862
-45
-985
-746
173
-251
-1688
-2167
-1909
-1632
-1224
-1543
-2717
-2886
-1662
-1181
-1901
-2127
-1536
-898
-503
-304
-277
-189
191
727
1206
1214
886
900
1255
1505
1471
1036
738
999
1371
1221
698
411
500
592
316
561
1207
258
-1342
-316
1960
1121
-1042
-338
1135
831
643
1087
285
-231
881
1163
229
-215
-485
-661
233
491
-1019
-1895
-1332
-1024
-1008
-1129
-2084
-2569
-1292
-493
-1358
-1644
-828
-456
-306
35
-85
-162
338
647
701
1111
1281
683
430
1007
1397
1017
202
-35
357
460
-291
-873
-748
-537
-747
-481
472
207
-1409
-1409
908
1596
-427
-1209
358
903
439
719
697
-18
751
1903
1327
378
380
296
238
519
-144
-1087
-896
-578
-750
-615
-892
-1618
-1244
-306
-728
-1577
-1294
-695
-516
-461
-388
-186
185
422
421
729
914
636
465
649
815
606
307
199
413
741
491
-52
-49
270
-19
-605
191
1222
-143
-1821
-194
2071
781
-1127
155
1380
585
625
1262
180
-228
1282
1334
153
121
218
-364
184
601
-669
-1421
-841
-813
-943
-755
-1352
-1762
-873
-369
-1124
-1191
-391
-134
-234
-114
42
323
560
487
646
1031
745
364
589
920
802
602
379
183
305
393
49
-145
-197
-357
-484
-552
36
409
-1035
-2180
218
2542
258
-1865
380
1625
372
848
1660
-119
-107
2159
1553
-163
429
607
-255
710
1156
-820
-1460
-350
-432
-736
-484
-1213
-1812
-886
-604
-1476
-1506
-1071
-1165
-1039
-527
-544
-743
-711
-624
-26
490
-137
-520
34
397
14
-76
-14
-311
-232
311
280
-247
-460
-331
-348
-388
689
1073
-935
-1720
1333
2931
-227
-1635
1238
2025
594
1302
1885
87
743
2964
1949
488
1312
1157
352
1594
1626
-757
-1032
471
282
-247
-266
-1324
-1649
31
179
-1450
-1397
-639
-1076
-1108
-329
-655
-1250
-797
-412
-338
-94
-470
-1054
-685
61
-123
-639
-784
-714
-468
-161
-353
-753
-838
-368
-6
-326
230
1104
-174
-1536
928
3078
275
-1523
1525
2577
753
1489
2695
826
1066
3574
2488
575
1551
1490
66
1280
1714
-832
-1269
490
114
-807
-457
-1119
-1684
-21
132
-1852
-1886
-964
-1374
-1396
-518
-772
-1112
-381
-38
-25
217
-278
-722
-58
157
-592
-871
-901
-1219
-887
-473
-840
-945
-529
-664
-622
-507
-447
385
335
-1510
-980
2086
1245
-1748
-24
2493
1136
964
2722
1459
365
2938
3145
878
1192
1791
278
959
2233
-139
-1592
350
588
-804
-459
-545
-1778
-911
137
-1240
-1884
-809
-678
-1035
-352
-345
-1164
-858
-357
-365
-294
-409
-1041
-1002
-166
-187
-846
-929
-771
-675
-820
-1004
-1044
-888
-1028
-1017
-651
-862
-262
819
-396
-1625
1122
3066
138
-1000
2148
2424
698
1948
2811
1120
2110
3961
2350
1476
2592
1653
800
2311
1433
-1039
-194
844
-700
-884
-204
-1396
-1719
-422
-1090
-2311
-1420
-1168
-2078
-1406
-628
-1521
-1535
-488
-727
-995
-218
-321
-980
-496
-121
-866
-1015
-569
-731
-813
-353
-72
-294
-294
-142
457
502
-103
820
1908
347
-414
2438
3200
323
670
3246
2298
1609
3247
2551
981
3168
4013
1596
1211
2096
904
760
1852
140
-1300
205
254
-1135
-579
-508
-2381
-2298
-646
-1356
-2837
-2651
-2302
-2188
-1676
-1931
-2651
-2320
-1745
-1830
-1505
-1345
-1879
-1984
-1364
-1291
-1479
-1242
-1434
-1498
-819
-686
-1252
-1276
-859
-795
-231
-444
-1158
633
2223
-336
-1420
2537
3404
-52
710
3489
2034
1405
3474
2753
1053
3193
3714
1606
1980
3068
1628
1457
2485
1043
-108
1005
788
-303
221
16
-1198
-771
96
-929
-1614
-1136
-1077
-1093
-967
-1416
-1933
-1595
-1187
-1298
-1186
-1256
-1286
-1058
-989
-1148
-1114
-1126
-1313
-818
-255
-803
-1054
-495
-447
-680
46
-262
-1236
776
2550
-150
-1640
2086
3372
160
328
2664
1617
1248
2898
2352
1060
2755
2985
1606
2346
2644
845
1067
2443
955
-262
755
383
-580
241
140
-1357
-1282
-477
-1204
-1733
-1402
-1719
-1910
-1621
-1819
-2107
-1608
-1446
-2008
-1780
-1158
-1180
-1441
-1383
-1150
-1017
-941
-1010
-940
-553
-480
-474
-479
-570
-598
-37
-139
-945
482
2020
-216
-2097
1317
3697
906
-395
1797
1913
1268
2362
2354
1058
2198
3338
2388
2188
2282
1146
1186
2374
1437
91
386
198
-601
-143
-380
-1847
-1944
-924
-1231
-2116
-2191
-2228
-2124
-1846
-2141
-2472
-2234
-2126
-2173
-1498
-1157
-1714
-1598
-951
-639
-642
-621
-948
-992
-235
20
-212
-214
-161
-94
535
907
-207
297
2580
1891
-868
541
3856
2674
477
2018
3183
2199
2533
3290
2466
2172
3204
2625
2044
2531
2268
1267
1664
1925
688
-167
-213
-595
-735
-848
-1838
-2677
-1969
-1351
-2486
-3612
-3143
-2115
-2301
-2892
-2763
-2282
-2215
-2117
-1801
-1540
-1601
-1419
-1151
-734
-338
-589
-1059
-662
357
441
-289
-305
346
662
631
646
151
46
1855
2969
661
-893
1911
3930
2050
953
2501
2709
2130
2982
3534
2006
1801
2817
2787
2304
2064
1210
425
1332
1383
-154
-981
-699
-756
-1151
-1625
-2510
-2832
-2185
-2053
-2838
-3332
-2940
-2360
-2223
-2569
-2582
-2128
-1795
-1686
-1339
-1131
-1255
-936
-656
-533
-316
-139
-486
-137
397
-97
-703
123
838
226
-64
260
-26
-145
1535
2145
-30
-701
2212
3704
1571
819
2469
2542
2154
3149
3210
1506
1975
3296
2553
1505
1577
913
349
1181
813
-907
-1306
-837
-1313
-1561
-1894
-2815
-2878
-1929
-1859
-2739
-3035
-2640
-1974
-1668
-2079
-2114
-1428
-1100
-1343
-1083
-535
-898
-1131
-474
287
-44
-588
-417
214
322
-224
-740
-451
80
101
-1
8
-52
1
1533
2466
736
-256
2316
4019
2110
1276
3058
3128
2520
3583
3827
2169
2554
3947
3252
2217
2287
1772
1051
1573
1169
-412
-890
-590
-1114
-1389
-1488
-2409
-3086
-2440
-1967
-2633
-3120
-2766
-2253
-2244
-2259
-1842
-1778
-2118
-1665
-970
-1043
-1281
-941
-980
-940
-673
-1037
-1375
-640
-304
-1056
-1158
-345
-269
-569
-280
-190
-490
-267
1106
1961
697
-606
1388
3906
2855
993
2111
3235
2952
3266
3306
1801
1714
3237
3046
2003
1630
1189
698
1258
849
-525
-1173
-1335
-1838
-1624
-1711
-2993
-3307
-2191
-1778
-2317
-2406
-2303
-2173
-1622
-1435
-1660
-1369
-1213
-1371
-969
-163
-492
-843
-394
-92
-272
-280
-258
-477
-228
155
56
-265
91
651
745
446
567
643
800
1937
2301
572
208
2946
3763
1217
986
3075
2838
1973
2978
2695
1172
2196
3006
1477
611
1106
72
-526
281
-482
-2146
-2003
-1503
-2062
-2291
-2369
-3048
-3210
-2424
-2214
-2755
-3003
-2430
-1770
-1626
-1499
-1166
-1163
-1127
-340
27
-391
-560
-218
-109
255
540
-36
-284
526
1179
578
217
496
657
550
943
1124
574
182
1266
2594
1898
271
817
3127
3179
1324
1149
2235
2122
1759
2201
1855
1129
1588
1658
1221
1092
904
81
294
672
-277
-1328
-1243
-1161
-1451
-1511
-1827
-2277
-2136
-1561
-1400
-1673
-1962
-1744
-1169
-963
-1395
-1519
-1234
-1137
-1069
-773
-848
-1085
-800
-356
-470
-598
-691
-823
-299
309
-153
-940
-572
320
652
397
46
-138
-109
799
1992
1157
-1030
-121
2901
2592
173
875
2510
1806
1850
2707
1490
328
1779
2035
844
779
777
-397
-47
1053
-143
-1583
-1247
-990
-1296
-1167
-1704
-2774
-2394
-1354
-1507
-2239
-2320
-1882
-1611
-1659
-1647
-1433
-1400
-1357
-798
-226
-433
-511
-251
39
422
821
500
257
910
1394
1076
841
855
943
1501
1856
1174
789
1349
1633
2208
2658
1033
-134
2127
3763
1439
297
2122
2464
1608
2107
2334
923
1052
2051
1866
915
352
-323
-195
320
-484
-1802
-2031
-1627
-1507
-1602
-2330
-2951
-2564
-1852
-1891
-2395
-2529
-2413
-1969
-1550
-1649
-1806
-1581
-1258
-1193
-763
-454
-855
-1128
-564
-4
-195
-583
-563
-150
361
490
59
-290
79
696
704
363
162
289
228
884
1895
1164
-726
349
2977
2208
99
1121
2441
1556
1728
2694
1679
729
2183
2557
1602
1367
1157
288
969
1762
187
-1181
-530
-279
-909
-1058
-1326
-2088
-1837
-1129
-1534
-2163
-1979
-1524
-1517
-1664
-1490
-1206
-1261
-1356
-947
-423
-665
-845
-593
-373
-372
-380
-434
-597
-197
266
308
49
82
256
412
514
518
449
465
351
599
1674
1653
-71
-57
2320
2527
479
511
1830
1661
1511
1810
1001
455
1590
1686
807
545
590
-93
73
460
-282
-1141
-1205
-1074
-1088
-1021
-1582
-2213
-1850
-1219
-1314
-1653
-1644
-1424
-1343
-1294
-1194
-977
-1071
-1373
-1029
-321
-354
-621
-447
-331
-200
149
128
-449
-262
432
635
323
520
646
536
827
1104
802
652
908
955
1647
2425
1300
74
1889
3533
2026
733
1881
2291
1979
2398
2241
1047
1245
1974
1575
1132
752
-69
-188
595
53
-1070
-1421
-1374
-1317
-1134
-1678
-2568
-2492
-2006
-2003
-2180
-2295
-2460
-2228
-1886
-1818
-1774
-1708
-1804
-1655
-1253
-1145
-1278
-1229
-1138
-869
-486
-624
-904
-514
0
-258
-232
382
404
-241
5
735
823
948
1350
958
879
2460
2998
1064
506
2755
3425
1782
1489
2644
2527
2429
2960
2472
1290
1723
2179
1479
905
667
-43
1
538
-399
-1637
-1314
-853
-1587
-1979
-2049
-2721
-3098
-2388
-2139
-2853
-3127
-2543
-2342
-2313
-1848
-1715
-2035
-1675
-791
-684
-854
-597
-281
-235
214
427
15
-119
382
705
598
830
1037
796
687
1230
1439
994
825
1107
1185
887
1173
1972
1770
575
832
2404
2441
1083
1203
2180
1937
1857
2254
1634
775
1598
1996
1033
348
469
327
270
311
-348
-1023
-952
-847
-1222
-1574
-1925
-2214
-2253
-2120
-1967
-2172
-2585
-2425
-1814
-1641
-1776
-1675
-1570
-1396
-717
-469
-819
-648
-127
-230
-92
477
394
114
748
1208
892
785
877
587
747
1120
748
259
675
992
661
429
668
1350
1518
503
-148
1262
2020
542
-213
941
1047
443
754
805
46
545
1172
425
-238
-94
-321
-510
-226
-721
-1577
-1617
-1450
-1521
-1343
-1606
-2248
-2037
-1344
-1303
-1654
-1787
-1703
-1296
-893
-988
-1069
-749
-625
-518
191
631
202
88
722
1062
1092
1217
991
909
1556
1788
1143
977
1487
1437
1097
989
1052
867
766
723
805
433
60
761
1353
103
-813
728
1499
-110
-754
406
321
-131
385
217
-816
-259
436
-178
-657
-437
-844
-873
-304
-603
-1263
-1036
-819
-1096
-932
-917
-1466
-1498
-892
-882
-1052
-784
-495
-573
-422
-33
163
6
166
541
599
614
796
806
751
1164
1382
996
725
1207
1711
1492
898
646
799
956
1031
645
-2
19
440
322
-77
-178
-715
-637
567
288
-1615
-1131
890
196
-1313
-327
298
-646
-185
684
-152
-672
403
423
-274
-200
-183
-671
-296
-2
-691
-878
-432
-587
-935
-792
-809
-994
-957
-841
-795
-870
-963
-783
-414
-445
-478
-203
-84
-180
-15
301
245
285
345
291
409
796
763
515
619
719
663
667
655
383
359
424
285
139
329
159
-19
179
29
-544
-263
767
620
-581
-697
707
1210
236
-279
357
620
641
784
567
156
637
1015
605
275
384
224
112
200
-114
-466
-469
-506
-748
-723
-896
-1236
-1244
-1084
-1064
-1059
-1286
-1318
-988
-901
-1040
-808
-710
-1013
-798
-292
-366
-473
-102
-124
-80
542
632
50
353
1032
850
729
926
663
525
1114
1082
542
663
1076
762
550
829
703
66
175
1292
1644
329
-342
1014
1849
936
462
915
752
969
1572
960
32
691
1268
825
598
448
-225
82
741
-150
-1043
-708
-876
-1513
-1027
-857
-1872
-2171
-1516
-1614
-1855
-1633
-1894
-2181
-1497
-1096
-1569
-1601
-1226
-1359
-1271
-713
-855
-1122
-618
-210
-565
-357
291
122
-81
533
950
677
629
943
963
913
1126
1258
965
783
1201
1471
1083
758
968
844
989
1792
1382
-245
195
2069
1624
42
328
759
301
707
920
-292
-658
437
304
-424
-370
-633
-1191
-610
-302
-1249
-1631
-1114
-1208
-1347
-1042
-1234
-1781
-1542
-942
-1008
-1310
-1229
-975
-908
-818
-580
-502
-738
-736
-227
201
186
185
236
443
879
1166
967
735
1089
1494
1533
1582
1583
1438
1519
1753
1594
1283
1296
1125
959
1239
1244
535
338
718
470
400
893
225
-975
-124
1203
229
-1209
-673
-87
-277
-175
-378
-1464
-1445
-284
-313
-1199
-1361
-1369
-1494
-872
-594
-1468
-1855
-1163
-916
-1055
-834
-917
-1165
-723
-85
-293
-603
-382
-155
-43
192
332
175
119
361
764
909
643
309
412
990
1316
959
389
491
1022
1227
1004
783
541
510
900
922
410
165
320
199
172
307
-73
-580
-327
-131
-633
-571
15
-489
-1452
-773
367
-242
-1276
-751
-92
-290
-227
-53
-495
-637
27
136
-261
-379
-289
-237
247
347
-188
-366
132
203
-53
-25
1
-24
94
352
257
61
31
125
85
71
246
246
-92
-123
310
453
80
-162
-83
112
520
467
-124
-327
247
479
97
22
107
-39
22
363
192
-239
-308
-173
-152
-99
-235
-567
-628
-351
-417
-550
-227
-240
-930
-771
323
364
-547
-520
201
381
380
381
139
-9
473
714
573
274
62
130
635
675
122
-95
211
308
291
384
193
-36
167
489
432
315
256
239
370
512
419
255
175
123
210
467
331
4
-115
-41
175
282
-63
-597
-446
-21
-78
-318
-406
-589
-555
-86
-31
-492
-624
-536
-630
-538
-455
-895
-1019
-512
-530
-1086
-755
-163
-682
-1271
-499
281
-211
-719
-368
20
76
384
408
82
276
945
1071
829
704
668
806
1261
1180
597
651
970
809
705
738
430
235
620
685
298
276
336
31
-11
228
75
-296
-301
-162
-259
-416
-562
-683
-732
-618
-530
-662
-900
-852
-625
-681
-815
-794
-827
-860
-674
-586
-840
-927
-823
-801
-706
-785
-1077
-927
-410
-528
-875
-634
-187
-51
-99
-224
-26
540
634
250
343
754
882
948
993
836
850
1167
1335
1219
1099
1174
1277
1304
1223
1202
1169
1002
1020
1304
1309
957
844
959
986
899
862
603
372
481
526
140
-237
-306
-345
-477
-639
-827
-1090
-1082
-814
-788
-1089
-1262
-1086
-931
-952
-998
-1052
-1108
-990
-744
-698
-871
-946
-777
-692
-837
-972
-975
-870
-700
-625
-816
-803
-361
-105
-434
-530
64
518
399
218
423
728
1105
1287
1132
1035
1376
1640
1465
1226
1174
1233
1333
1338
1123
857
686
626
631
510
202
-48
-77
-72
-124
-357
-722
-824
-604
-595
-869
-1041
-1073
-1117
-1097
-1055
-1196
-1357
-1355
-1198
-1055
-1093
-1278
-1270
-940
-656
-600
-584
-577
-517
-184
129
-21
-244
-18
353
448
383
316
319
500
690
627
462
602
936
1082
946
935
1206
1453
1397
1257
1358
1490
1546
1475
1356
1223
1249
1290
1083
868
846
882
705
379
46
-61
-112
-271
-505
-801
-1004
-983
-927
-1159
-1471
-1514
-1294
-1219
-1302
-1426
-1486
-1438
-1229
-1114
-1247
-1359
-1294
-1127
-1020
-897
-848
-826
-664
-407
-297
-226
-32
113
162
337
627
741
684
686
824
1037
1154
1100
1083
1157
1324
1359
1225
1040
1001
1202
1349
1069
667
776
1092
922
497
395
453
464
499
433
176
24
165
290
123
-231
-554
-673
-494
-468
-866
-1203
-1145
-1066
-1212
-1343
-1420
-1527
-1548
-1346
-1238
-1444
-1623
-1487
-1173
-1059
-1007
-895
-783
-615
-361
-258
-284
-113
83
189
438
677
530
508
894
1037
824
829
1042
1044
1124
1296
1128
934
1123
1240
1010
941
936
803
853
996
756
444
541
633
294
59
277
379
148
-27
-90
-243
-313
-307
-451
-681
-730
-620
-663
-799
-932
-1077
-1124
-989
-958
-1107
-1132
-967
-849
-765
-732
-813
-762
-526
-343
-362
-293
-94
27
72
172
236
229
394
625
615
511
610
730
716
706
747
748
747
744
735
738
662
530
501
650
645
453
372
427
386
324
341
240
86
109
157
-24
-179
-128
-115
-243
-337
-399
-406
-328
-350
-481
-464
-309
-281
-346
-329
-326
-324
-235
-124
-138
-233
-189
-5
22
-169
-263
-171
-61
-9
71
75
2
113
218
57
-126
-107
-66
-55
8
-83
-268
-231
-62
-110
-264
-218
-93
-67
-76
-78
-145
-234
-261
-198
-115
-91
-154
-177
-124
-69
-124
-211
-257
-277
-249
-201
-182
-191
-152
-134
-137
-150
-169
-183
-75
166
257
131
141
340
408
366
370
427
563
736
780
654
530
489
537
567
477
372
382
406
314
237
207
145
76
102
75
-3
54
77
-62
-130
-5
-17
-168
-235
-214
-177
-153
-234
-403
-477
-453
-395
-402
-479
-565
-577
-540
-584
-708
-736
-676
-576
-455
-369
-340
-315
-174
-55
-37
-1
78
147
216
274
260
259
339
383
338
319
406
501
472
397
480
573
512
435
447
486
518
557
569
532
570
648
614
539
534
552
535
457
353
270
221
157
33
-152
-276
-323
-383
-470
-522
-534
-586
-656
-692
-681
-716
-762
-782
-811
-796
-750
-743
-702
-643
-688
-727
-652
-538
-517
-502
-420
-348
-338
-284
-160
-62
2
87
126
141
239
355
383
354
402
482
492
444
410
391
424
468
459
516
641
668
636
665
699
697
666
590
546
600
657
583
454
391
335
235
196
156
11
-75
-72
-156
-292
-394
-428
-470
-537
-543
-590
-660
-695
-684
-738
-723
-675
-682
-710
-689
-629
-634
-616
-565
-550
-507
-374
-321
-333
-244
-147
-154
-80
70
82
72
172
247
200
230
339
372
337
348
398
415
434
455
456
505
602
626
578
550
559
637
738
706
605
611
663
604
519
505
461
398
382
340
232
80
32
23
-27
-119
-192
-208
-185
-156
-150
-208
-268
-285
-303
-292
-285
-306
-362
-407
-405
-390
-456
-519
-518
-508
-511
-478
-480
-553
-542
-431
-399
-460
-501
-482
-451
-357
-289
-306
-293
-223
-155
-112
-106
-158
-181
-122
-79
-103
-82
-60
-71
-10
93
94
103
194
237
268
360
458
448
442
500
526
517
507
478
397
379
387
349
313
262
227
207
212
208
143
102
129
157
165
153
171
155
122
165
196
171
149
166
138
60
6
-50
-142
-204
-218
-274
-345
-370
-426
-450
-398
-371
-390
-389
-347
-315
-319
-274
-213
-216
-190
-148
-114
-100
-65
-22
3
26
34
9
29
109
128
106
97
104
98
61
-5
27
105
116
95
155
186
191
249
295
272
264
315
310
272
298
279
183
170
198
175
112
77
29
-13
-5
-11
-82
-114
-146
-216
-244
-244
-265
-282
-262
-293
-322
-307
-315
-336
-318
-293
-278
-272
-248
-229
-211
-173
-159
-117
-55
-47
-46
31
97
156
197
206
179
198
243
249
288
323
309
309
317
317
277
248
238
200
202
215
240
273
279
232
232
251
226
185
176
170
156
130
78
31
-17
-59
-99
-110
-189
-268
-321
-338
-385
-426
-439
-533
-583
-539
-496
-529
-512
-474
-497
-535
-523
-527
-544
-522
-469
-467
-463
-385
-331
-286
-221
-151
-54
38
110
149
186
254
315
377
450
453
438
456
457
436
425
421
376
363
374
380
382
437
483
486
484
504
496
474
522
569
575
571
530
469
424
409
378
309
257
217
178
89
-3
-59
-115
-170
-202
-243
-310
-343
-361
-364
-398
-417
-417
-440
-463
-469
-454
-468
-498
-502
-496
-512
-512
-501
-511
-558
-578
-529
-480
-434
-385
-354
-303
-223
-141
-90
-51
13
51
96
136
132
125
122
126
150
168
177
194
180
188
209
246
262
255
269
299
338
361
372
366
399
457
479
467
444
414
387
372
354
287
208
162
129
89
69
28
-27
-20
4
-7
-43
-68
-113
-149
-146
-167
-196
-205
-201
-198
-198
-208
-255
-306
-323
-337
-344
-347
-372
-380
-374
-371
-360
-342
-314
-280
-229
-179
-166
-164
-141
-131
-117
-81
-40
-6
23
42
36
31
55
86
102
122
147
143
141
174
209
246
281
302
292
291
294
274
280
289
279
271
276
270
243
229
213
180
177
200
160
98
98
100
55
24
6
-31
-52
-47
-58
-68
-89
-120
-134
-136
-138
-136
-131
-130
-145
-154
-142
-159
-180
-165
-167
-167
-149
-150
-152
-156
-152
-138
-121
-120
-133
-124
-95
-80
-59
-23
-37
-62
-54
-60
-71
-37
4
-3
14
68
98
104
130
148
138
155
186
190
188
212
209
178
178
203
192
196
214
191
146
131
103
61
30
-11
-51
-62
-68
-99
-115
-121
-127
-141
-121
-116
-106
-81
-80
-102
-120
-101
-91
-88
-96
-105
-113
-126
-140
-179
-205
-222
-251
-238
-241
-280
-281
-264
-263
-219
-161
-130
-104
-52
-8
4
25
81
124
149
197
215
195
199
208
201
174
157
156
149
146
139
130
121
129
146
162
177
201
226
250
273
283
275
272
272
276
285
266
235
211
192
156
107
73
28
-14
-47
-72
-110
-158
-177
-197
-227
-235
-246
-258
-263
-246
-216
-219
-229
-235
-238
-243
-247
-280
-301
-276
-278
-275
-260
-254
-276
-283
-267
-254
-237
-216
-182
-152
-113
-67
-34
-8
29
77
109
140
182
198
201
227
261
257
263
290
307
319
337
349
343
366
376
359
348
350
348
347
358
343
302
271
265
222
171
146
117
80
46
7
-52
-97
-132
-158
-185
-193
-213
-244
-269
-289
-327
-361
-356
-359
-358
-352
-331
-313
-304
-290
-287
-283
-276
-265
-271
-270
-251
-256
-242
-214
-171
-146
-141
-109
-74
-58
-47
-20
-4
10
23
26
51
93
112
136
163
196
222
238
263
279
289
303
341
345
337
335
329
322
289
277
265
237
216
195
160
129
111
103
78
36
1
-10
-19
-41
-71
-107
-128
-151
-172
-190
-187
-191
-197
-205
-202
-199
-181
-159
-148
-143
-155
-174
-183
-168
-153
-135
-99
-70
-48
-34
-26
-27
-25
-25
-30
-22
-13
2
14
8
17
36
59
88
109
114
114
118
135
151
170
182
208
219
207
193
170
128
92
83
82
83
75
49
22
18
21
16
-13
-25
-38
-41
-29
-22
-18
-44
-62
-62
-62
-70
-74
-69
-69
-76
-81
-70
-63
-54
-58
-68
-88
-111
-128
-144
-136
-124
-110
-81
-59
-57
-65
-56
-46
-41
-39
-31
-29
-27
-22
-4
18
31
39
41
48
38
36
41
52
70
79
69
49
42
41
25
9
6
9
8
12
12
-2
-2
0
-2
-7
-5
3
16
35
50
56
54
59
71
66
53
52
44
19
4
-14
-36
-49
-49
-43
-41
-35
-32
-32
-25
-15
-7
-11
-22
-38
-37
-22
-20
-2
19
30
35
22
4
-19
-28
-16
-11
-9
-8
-1
-7
-12
-2
-4
-10
-19
-17
-6
-2
-3
-6
7
17
42
59
60
62
66
77
82
73
63
55
37
26
9
-15
-26
-31
-31
-18
-5
12
34
39
34
29
22
19
17
20
28
27
17
9
0
1
6
9
10
-5
-39
-57
-46
-36
-50
-57
-55
-51
-42
-33
-34
-48
-63
-65
-76
-91
-87
-82
-65
-33
-11
14
33
42
42
34
24
21
5
-5
13
8
-4
0
7
19
23
20
17
7
2
7
17
25
29
24
10
3
3
5
12
16
15
18
33
45
56
50
41
35
31
23
0
-20
-18
-15
-16
-13
-20
-27
-33
-31
-43
-61
-72
-69
-61
-67
-72
-68
-61
-53
-51
-55
-61
-53
-32
-13
5
24
34
41
59
60
41
29
33
31
27
31
31
26
20
24
25
20
15
16
25
36
39
48
57
56
50
44
44
38
37
40
27
5
2
10
8
6
-3
-19
-32
-28
-26
-23
-22
-16
-3
12
20
16
4
-9
-13
-21
-29
-30
-32
-30
-20
-6
6
12
21
30
37
39
49
59
49
38
33
22
12
5
-6
-20
-35
-43
-39
-38
-43
-42
-35
-32
-25
-18
-20
-21
-8
15
26
15
4
7
15
7
9
3
-22
-34
-31
-18
-11
-11
-14
-8
-13
-19
-25
-34
-44
-56
-61
-63
-59
-63
-65
-57
-36
-18
-7
9
21
20
18
25
29
27
31
34
37
40
40
38
29
24
23
25
19
2
-12
-19
-19
-19
-29
-36
-34
-35
-29
-18
-4
1
14
34
49
70
79
75
61
53
58
63
69
64
49
31
14
-4
-30
-47
-58
-69
-68
-58
-42
-21
0
4
6
1
-2
-5
-9
-10
-12
-5
-17
-30
-38
-42
-38
-22
-12
-8
-6
-3
7
8
13
22
23
28
33
24
12
4
8
10
12
16
19
27
32
40
44
40
32
32
27
16
6
3
-2
-13
-21
-16
2
19
38
54
62
51
36
19
7
3
0
0
-11
-31
-42
-41
-33
-32
-24
-18
-27
-37
-42
-44
-38
-50
-51
-36
-20
-11
-8
2
-4
-12
-14
-8
-12
-30
-35
-28
-26
-27
-27
-25
-20
-18
-33
-52
-59
-65
-69
-67
-52
-30
-9
16
38
62
75
80
78
71
60
54
40
24
18
14
9
1
-1
13
20
18
17
10
7
1
-2
5
12
14
15
21
23
27
27
23
23
23
25
27
28
31
39
43
35
23
5
-25
-55
-72
-72
-57
-43
-35
-24
-6
2
0
-1
7
10
3
-6
-17
-29
-30
-30
-37
-35
-32
-29
-27
-23
-19
-19
-19
-1
19
21
10
5
14
20
29
33
27
23
14
15
22
25
25
26
18
2
-8
-8
-9
-12
-27
-33
-32
-30
-12
-5
4
17
17
19
21
21
25
36
44
44
35
25
23
19
15
5
0
-4
-4
-8
-19
-25
-25
-16
-8
-3
-8
-16
-13
-11
-10
-2
6
14
26
42
56
59
52
55
60
52
38
17
-7
-15
-21
-37
-38
-23
-19
-31
-50
-61
-73
-89
-79
-60
-47
-36
-25
-11
-4
0
9
4
-6
-23
-42
-41
-31
-19
-11
-12
-17
-14
-19
-16
-5
-7
-12
-12
-12
-24
-29
-30
-18
-3
4
13
22
16
8
4
-1
-1
0
14
32
47
64
66
78
82
73
68
63
49
27
23
16
7
9
