40
44
47
47
35
21
10
2
0
6
24
23
13
6
-2
-10
-25
-25
-15
-12
-13
-16
-21
-26
-24
-28
-42
-55
-65
-64
-63
-60
-44
-36
-36
-31
-24
-21
-18
-11
-2
12
8
0
-2
-8
-10
-7
-4
-4
1
19
34
36
26
12
7
-1
-21
-28
-18
-12
-2
2
9
20
18
10
18
24
18
14
5
-6
-10
-13
-3
9
9
3
1
-3
-4
-7
-7
2
16
30
34
37
47
55
48
41
41
46
42
37
35
35
26
20
15
2
-8
-9
-12
-14
-5
-3
2
7
5
-7
-15
-18
-25
-27
-26
-21
-16
-9
-4
10
10
-9
-18
-24
-37
-45
-37
-29
-15
-8
-13
-24
-28
-27
-18
-12
-4
3
1
-4
-6
7
12
3
-6
-19
-27
-28
-16
2
13
21
25
23
21
21
30
46
45
36
33
27
16
20
31
34
35
19
2
2
-3
-1
9
5
2
-1
-3
1
2
0
-12
-27
-40
-37
-17
-20
-22
-20
-22
-17
-18
-18
-8
0
-4
-8
-8
-8
-4
5
4
-8
-18
-8
10
20
29
31
21
-7
-30
-40
-49
-39
-24
-20
-13
-5
-4
-8
-17
-25
-41
-46
-38
-39
-25
-11
-6
3
9
6
8
18
28
26
11
9
3
-2
10
23
31
30
36
34
34
38
39
28
14
4
-10
-6
-2
-9
-16
4
17
11
2
-2
7
18
33
34
35
28
15
3
-2
5
10
6
-4
-5
4
12
8
-4
-18
-16
-18
-20
-17
-17
-27
-35
-34
-32
-24
-10
-3
-12
-12
-5
-12
-21
-34
-46
-38
-17
-10
-11
3
12
13
31
51
54
54
64
63
54
54
66
65
64
59
37
26
28
21
26
28
24
25
23
20
-2
-24
-30
-25
-22
-20
-25
-36
-34
-27
-28
-26
-17
-11
-22
-31
-35
-43
-48
-52
-52
-39
-31
-35
-27
-29
-40
-48
-49
-36
-42
-40
-47
-69
-64
-48
-25
-20
-15
-5
-5
4
23
35
43
48
42
21
12
13
3
-7
-2
-5
-11
-3
5
-9
-6
18
27
35
49
45
16
-1
2
1
11
15
21
34
35
33
34
24
16
13
3
-1
2
-10
-21
-13
-4
0
-6
6
19
18
17
8
5
21
48
63
62
60
66
62
42
30
23
7
6
19
19
2
-20
-27
-49
-65
-39
-35
-48
-47
-55
-64
-41
-1
-4
-27
-14
-11
-41
-36
-22
-30
-27
6
15
-4
0
14
13
12
39
50
45
54
39
23
39
43
36
27
8
3
5
3
-20
-29
-16
-12
-19
-11
0
-30
-45
-38
-52
-61
-24
19
18
24
55
55
25
19
21
-5
-23
-10
-19
-42
-19
6
-16
-7
19
1
-5
35
44
18
18
31
19
-17
-22
-11
-18
-26
-30
-35
-34
-17
-8
-17
-40
-39
-26
-34
-63
-70
-70
-72
-38
4
5
-6
17
19
-28
-36
5
-1
-32
-4
11
-5
6
39
11
-19
30
32
-12
-10
14
-1
8
46
35
23
43
42
4
16
39
20
20
32
15
15
39
27
2
11
25
-17
-47
-8
6
-28
-32
-22
-45
-45
3
3
-36
-13
25
-9
-48
-1
9
-59
-22
55
-9
-18
58
9
-60
48
115
-32
-53
77
41
-23
87
90
-28
37
128
33
19
151
140
64
91
87
33
40
98
72
97
172
109
37
69
41
-27
-24
3
11
-7
-24
-35
2
36
-20
-74
-101
-137
-122
-123
-220
-258
-146
-55
-36
20
53
62
108
108
36
7
36
19
-36
-1
31
-38
-100
-124
-159
-221
-293
-301
-253
-261
-386
-428
-336
-265
-290
-305
-278
-240
-202
-208
-193
-113
-14
-30
-94
8
175
209
168
181
245
269
205
195
238
235
273
261
194
182
283
378
300
202
201
198
91
62
98
50
113
239
152
-7
37
116
83
107
140
38
-5
149
253
160
60
113
196
142
70
56
10
19
55
-21
-242
-317
-217
-250
-315
-271
-334
-414
-365
-242
-259
-242
-177
-136
-99
-104
-62
10
68
12
-104
-67
137
224
190
245
195
-13
-27
99
-44
-82
58
-14
-65
48
-107
-254
40
35
-393
-524
-345
-311
-266
-52
33
-35
-1
44
-201
233
1206
651
-980
-68
2074
1565
-21
439
1023
548
1077
1596
563
-10
979
901
134
611
1006
-123
-378
453
205
-522
-389
-491
-985
-597
-221
-837
-1335
-1000
-789
-872
-833
-835
-999
-1144
-1118
-885
-706
-982
-1293
-976
-545
-624
-585
-541
-697
-564
-36
-94
-358
-195
9
-128
-526
599
2251
801
-2153
151
3589
1750
-646
1260
1640
379
2024
2863
393
41
2439
1603
322
1660
1621
-833
-80
1515
62
-1033
59
-573
-1513
-190
118
-1486
-1859
-1135
-1468
-1458
-797
-1022
-1730
-1569
-1104
-627
-233
-612
-1228
-743
-10
-115
-182
-254
-412
145
870
397
17
476
722
565
465
331
454
552
100
-103
-83
798
1978
575
-2459
-606
3266
1579
-1573
30
1450
421
1520
2344
126
-358
2183
1628
-2
1342
2121
-135
-139
1761
1031
-506
-70
-322
-1157
-47
435
-1281
-1917
-771
-812
-1376
-1073
-1079
-1395
-1083
-979
-1125
-456
-315
-1311
-1173
81
168
-381
-510
-735
-325
524
206
-710
-379
478
577
-95
-510
-344
-652
105
2017
594
-3125
-698
3535
1027
-2005
1081
2076
-581
691
2705
481
-359
2450
1745
-60
1582
2174
-738
-205
2172
768
-1097
-53
-110
-1344
-659
-447
-1701
-1542
-865
-1886
-2018
-816
-1034
-1684
-1211
-1240
-1026
292
-196
-1913
-706
1180
333
-448
83
-4
229
1210
340
-817
51
1040
113
-461
-328
-27
1570
2278
-733
-2868
1194
3996
843
-1438
1380
2043
783
1864
2684
542
906
3094
1419
-109
2035
1861
-1199
-253
1444
-355
-1526
-519
-1520
-2012
-466
-1074
-3136
-2380
-1113
-2046
-2341
-1080
-1146
-2103
-1720
-764
-619
-527
-604
-1106
-430
1043
936
-712
-925
348
872
194
-232
-552
-324
567
657
-851
-313
2744
2213
-2316
-2055
3420
3709
-461
-202
2622
1723
1799
3655
2283
179
2896
3926
1109
1241
3437
1140
-954
1387
1775
-684
-709
-53
-1700
-1500
-202
-1445
-3055
-1973
-1398
-2279
-2086
-1687
-2123
-1863
-1154
-1632
-1465
-533
-982
-1467
-362
93
-713
-549
-250
-315
227
712
-359
-961
89
901
-75
-1263
758
2782
-206
-3622
420
4195
1459
-1014
1104
1355
1038
3160
2871
-164
744
3925
2448
561
1528
1283
-766
270
1083
-778
-1666
-1019
-2230
-2704
-824
-1083
-3529
-3328
-1435
-1623
-1936
-1244
-1826
-2240
-599
-18
-987
-395
544
40
43
795
500
13
78
237
449
1028
750
-535
-646
931
1296
-530
299
2624
725
-2427
726
4276
1773
-617
1551
2083
683
2408
3438
749
-132
2718
2574
798
1420
1668
-469
100
1550
-171
-1761
-558
-945
-2364
-1122
-732
-2946
-3153
-1381
-2060
-2656
-1311
-1603
-2879
-1609
-563
-1580
-1637
-756
-1082
-920
149
-149
-829
-186
460
264
482
580
-15
338
1367
1105
82
1573
3185
877
-1679
1441
4605
2389
244
1860
2204
1117
2557
2942
767
271
2164
1559
723
1597
1271
-911
-632
406
-1085
-2235
-1366
-1622
-2642
-1588
-1141
-2793
-3167
-1559
-1609
-2216
-1272
-963
-1861
-1372
-284
-497
-654
-377
-241
52
539
393
50
-287
46
832
865
46
164
632
735
802
1010
1726
2052
356
-707
2406
3918
1170
-304
1916
1907
1227
2446
2266
250
748
2007
385
-349
546
-380
-2184
-1049
-616
-2596
-3106
-1756
-2505
-3714
-2647
-2029
-3391
-3102
-1577
-2178
-2639
-1288
-1181
-2082
-1135
-70
-353
-350
-47
6
779
1060
493
174
372
759
1334
1068
-23
394
1422
1611
1161
1981
2809
1891
-15
1249
4219
3546
606
1145
3341
2543
2351
3390
2533
758
2395
2685
654
502
1391
-1012
-2238
-346
-385
-2510
-2391
-1816
-3172
-2942
-1727
-2874
-4212
-2681
-1621
-2536
-2499
-1857
-2070
-1656
-820
-967
-955
-300
-650
-796
241
575
99
198
700
918
1510
1360
422
521
1881
2021
1596
2479
2470
641
817
3640
3767
1588
991
2323
2097
2116
2699
2040
342
1209
2339
857
-424
-40
-682
-1635
-632
-983
-3029
-3307
-1959
-2275
-2982
-2879
-3290
-3965
-3168
-2488
-2964
-2769
-2079
-2476
-2507
-1434
-858
-974
-987
-1102
-768
786
877
-673
-645
1112
1233
701
1329
1190
414
1845
3194
2182
1872
2713
1833
1888
4377
4172
1462
1665
3518
2854
2390
3262
2536
624
1254
2420
1407
-172
-114
-486
-1377
-917
-571
-2479
-4009
-3184
-2456
-3021
-3637
-4014
-4137
-3291
-2834
-3315
-3487
-2891
-2473
-2076
-1499
-1205
-1290
-1140
-750
-497
119
1083
1002
208
844
1791
1474
1382
2200
2150
1935
3381
3711
1711
1290
3786
4481
2622
2246
3382
3237
2756
3002
2733
2483
2715
2196
935
1163
1544
262
-1300
-1210
-1101
-2056
-2793
-2992
-3345
-3403
-3384
-4275
-4626
-3767
-3409
-4194
-4119
-3247
-2462
-2295
-2600
-2561
-1297
-607
-1009
-899
169
622
502
839
1040
1353
1798
1826
1615
2169
3031
3631
3421
2092
1368
3444
5045
3220
1771
3022
3956
3169
2905
2959
2432
2278
2373
1443
647
595
-113
-1173
-1279
-1255
-2081
-2706
-3315
-4070
-3706
-3052
-4250
-5500
-4779
-3703
-3857
-4116
-4124
-3725
-3045
-2881
-3040
-2230
-1283
-1535
-1819
-900
189
397
87
110
871
1891
2190
1655
1425
2381
4029
4717
3412
1882
3167
5749
5524
3372
3430
4650
3972
3125
3851
3654
2315
2269
2461
1488
945
810
-536
-1697
-1500
-1651
-2700
-3773
-4599
-4651
-3936
-4279
-5275
-5155
-4263
-3858
-3902
-3931
-3499
-2608
-2260
-2412
-1984
-1053
-899
-1281
-1036
71
887
700
56
569
1938
2312
1376
1128
2058
3020
3794
3839
2419
1952
4180
5526
3821
2964
4428
4543
3273
3773
4472
3267
2856
3594
2785
1534
1624
788
-1007
-1183
-793
-2133
-3759
-4278
-4436
-4451
-4324
-5115
-6233
-5701
-4338
-4658
-5622
-5091
-3854
-3472
-3277
-2565
-1877
-1590
-1542
-1191
-192
735
606
75
672
1995
2421
1725
1394
2029
2984
3934
4123
2926
2024
3506
5238
4512
3195
3731
4189
3520
3457
3928
3222
2328
2418
2260
1547
1237
696
-495
-1196
-982
-1119
-2432
-3993
-4539
-4067
-3743
-4459
-5389
-5364
-4731
-4443
-4535
-4438
-4084
-3588
-3197
-2722
-1927
-1430
-1744
-1891
-707
860
934
65
130
1455
2279
1991
1758
2032
2625
3679
4511
3667
2183
2906
4759
4660
3468
3588
4070
3534
3284
3669
3411
2662
2503
2211
1561
1309
881
-440
-1048
-284
-424
-2089
-3275
-3518
-3676
-3527
-3887
-5164
-5567
-4307
-3990
-5113
-5108
-4054
-3749
-3775
-3306
-2673
-2114
-1916
-2255
-1725
-8
514
-444
-307
1345
2085
1685
1400
1389
1875
3366
4262
2998
1669
2951
4800
4414
3194
3341
4096
3927
3638
3966
4284
3841
3425
3170
2856
2573
2029
749
-191
183
241
-1237
-2845
-3433
-3224
-2816
-3365
-4711
-5199
-4197
-3927
-4646
-4726
-3951
-3547
-3408
-3126
-2618
-1900
-1768
-2293
-1640
235
575
-710
-885
575
1500
1509
1180
767
956
2327
3376
2467
1083
1604
3451
4028
2933
2518
3232
3434
2897
3255
3972
3401
2268
1858
1961
2118
1755
191
-997
-514
-179
-1348
-2827
-3662
-3771
-3141
-3126
-4445
-5559
-4717
-3859
-4209
-4464
-3953
-3564
-3410
-2771
-2056
-1547
-1416
-1729
-1566
-98
972
369
-295
656
1937
2092
1859
1986
2165
3023
4317
3722
1912
2371
4459
4220
2546
2991
4285
3652
2783
3358
3753
3231
2975
2459
1699
1919
2243
702
-728
-376
-145
-1217
-2614
-3375
-3196
-2341
-2729
-4406
-5068
-3952
-3339
-3806
-3939
-3388
-3088
-3167
-3016
-2509
-1758
-1558
-2279
-2415
-911
344
-392
-1390
-411
1062
1137
762
996
1327
2132
3547
3268
1470
1836
4257
4677
2984
2950
4160
3913
3079
3333
3661
3162
2624
2084
1599
1746
1519
-9
-1296
-1073
-811
-1609
-2885
-3900
-4269
-3667
-3355
-4254
-5061
-4620
-3938
-4053
-3940
-3334
-2887
-2980
-2676
-1844
-912
-682
-1422
-1542
135
1648
874
-402
225
1715
2077
1657
1611
1989
2700
3703
3660
2370
2028
3573
4542
3555
2989
3696
3819
2975
2944
3542
3345
2505
1862
1559
1700
1736
881
-672
-1260
-746
-768
-1911
-3155
-3441
-3279
-3446
-4256
-4936
-4890
-4345
-4140
-4153
-4065
-3717
-3423
-3230
-2809
-1959
-1424
-2024
-2342
-1077
296
56
-486
-112
664
1384
1828
1630
1540
2469
3668
3861
2928
2177
2990
4521
4354
3204
3383
3848
3145
2681
3356
3605
2814
2060
1786
1636
1556
882
-443
-1162
-798
-970
-2158
-3084
-3395
-3549
-3396
-3408
-4188
-4718
-4365
-3929
-3812
-3594
-3556
-3530
-3234
-2614
-1862
-1216
-1601
-2376
-1639
227
789
-8
-319
373
1323
1779
1569
1278
1735
2735
3619
3549
2384
2077
3789
4821
3795
3314
4100
3922
3102
3657
4509
3885
2771
2400
2223
2119
1786
588
-524
-390
-278
-1570
-2624
-2841
-3441
-3919
-3533
-3705
-4636
-4692
-4205
-4328
-4305
-3698
-3389
-3555
-3228
-2308
-1514
-1426
-1909
-1725
-322
778
392
-205
0
846
1483
1359
861
1169
2147
2922
3197
2604
1688
2015
3729
4210
3239
3089
3575
2992
2782
3791
3938
2599
1926
2016
1718
1389
897
-527
-1404
-897
-1342
-2843
-3371
-3430
-4257
-4713
-4359
-4625
-5218
-5191
-4881
-4420
-3845
-3634
-3542
-3075
-2255
-1422
-853
-1015
-1278
-577
588
885
526
421
824
1637
2299
2092
1569
2101
3137
3795
3850
3153
2305
3272
4953
4561
3294
3484
3647
2987
3441
4310
3347
2104
2201
2094
1460
1183
431
-824
-781
-484
-1812
-3123
-3065
-3254
-3781
-3477
-3407
-4234
-4367
-3687
-3596
-3564
-2971
-2636
-2730
-2288
-1372
-879
-1134
-1551
-1413
-438
388
231
-267
-159
715
1473
1294
672
988
1999
2649
3082
3004
1795
1204
2948
4217
2848
1743
2526
2702
2259
2948
3238
2019
1380
1815
1566
949
458
-505
-1241
-958
-1233
-2598
-3310
-3404
-4139
-4486
-3887
-3993
-4699
-4335
-3666
-3675
-3382
-2783
-2623
-2322
-1340
-443
-90
-85
-37
361
1062
1248
1022
971
1225
1724
2198
1975
1400
1656
2449
3046
3470
2862
1266
1514
3799
4146
2187
1826
2884
2820
2737
3342
2825
1598
1866
2405
1749
983
526
-543
-1201
-1009
-1764
-3269
-3759
-3673
-4019
-3958
-4012
-4881
-5201
-4315
-3875
-3994
-3526
-2953
-2778
-2210
-1427
-983
-635
-469
-419
183
972
946
623
688
1061
1453
1562
1143
1053
1607
2053
2409
2769
1945
762
1761
3841
3441
1790
2045
2998
2930
3156
3564
2561
1836
2689
2911
1899
1490
1086
-54
-420
-336
-1696
-3010
-2740
-2887
-4034
-4257
-4139
-4776
-4963
-4336
-4089
-3900
-3358
-3126
-2857
-1949
-1336
-1143
-496
101
224
586
1211
1416
1467
1702
1905
2161
2416
2097
1608
1860
2569
3143
3068
1791
772
2246
4053
2853
981
1561
2662
2467
2484
2529
1681
1498
2313
2040
1002
778
560
-305
-742
-1039
-1907
-2551
-2875
-3651
-4084
-3958
-4541
-5309
-4991
-4466
-4530
-4338
-3983
-3699
-2999
-2304
-2275
-1736
-710
-437
-445
322
1030
1153
1365
1740
1891
2295
2559
2011
1819
2540
3110
3230
2849
1590
1384
3258
3894
1923
1134
2403
2700
2152
2399
2247
1615
1973
2369
1578
1054
1276
794
-69
-249
-675
-1524
-1913
-2180
-2895
-3256
-3402
-3987
-4394
-4130
-3915
-3979
-3944
-3628
-3068
-2645
-2678
-2409
-1469
-1089
-1205
-722
-53
147
439
641
558
1179
2111
1599
949
1789
2621
2573
2879
2502
1008
1661
4179
3752
1525
2098
3553
2947
2620
3363
2835
2071
2613
2623
1747
1664
1579
448
-149
7
-616
-1544
-2019
-2695
-3276
-3250
-3581
-4357
-4455
-4137
-4161
-4242
-4186
-3945
-3259
-2691
-2618
-1996
-1049
-965
-1184
-506
317
647
747
816
1142
1972
2312
1837
2002
2752
3004
3296
3400
1992
1193
2969
4010
2208
1361
2648
2737
1729
2071
2508
1948
1827
2087
1557
1100
1105
445
-468
-564
-708
-1479
-2027
-2205
-2512
-2727
-3010
-3586
-3952
-3781
-3667
-3823
-3892
-3666
-3229
-3076
-3305
-3061
-2039
-1507
-1759
-1597
-692
-84
44
-11
5
656
1459
1293
920
1439
2337
2940
3131
2222
1465
3021
4711
3359
1737
2811
3883
3235
2925
3108
2418
2087
2562
2220
1450
1427
1001
-141
-359
-212
-1020
-2080
-2521
-2704
-2563
-2556
-3308
-3943
-3488
-3010
-3378
-3611
-3379
-3043
-2627
-2351
-2379
-1948
-1348
-1512
-1637
-797
-39
-71
-302
-115
566
1364
1381
825
1091
2357
3423
3206
1876
1468
3091
4488
3572
2436
3000
3660
3450
3303
3193
2708
2457
2413
1829
1421
1353
495
-753
-829
-642
-1402
-2169
-2605
-3126
-3086
-2809
-3499
-4206
-3427
-2691
-3167
-3389
-2933
-2621
-2425
-2038
-1949
-1600
-802
-749
-1200
-711
153
237
-108
-9
425
784
852
905
1169
1598
2627
3226
1724
488
2595
4725
3191
1621
2684
3156
2590
3077
3275
2160
2171
2765
1771
1060
1597
882
-767
-605
-106
-1476
-2728
-2755
-3205
-3519
-3005
-3557
-4780
-4243
-3306
-3896
-4225
-3468
-3042
-2844
-2139
-1829
-1662
-990
-771
-1134
-623
479
469
-307
-75
949
1359
1131
953
936
1393
2962
3800
1933
303
2469
4937
3597
2038
3084
3693
2949
3168
3490
2642
2436
2882
2079
1334
1741
1155
-578
-628
282
-703
-2304
-2417
-2379
-2934
-3046
-3402
-4366
-4206
-3287
-3322
-3539
-3093
-2916
-2995
-2537
-1985
-1544
-1116
-1171
-1395
-733
299
314
-391
-428
480
1073
928
820
993
1218
2203
3326
2134
64
1264
4096
3763
1954
2589
3574
2858
2882
3476
2861
2552
3370
2924
1829
2120
1935
132
-466
538
0
-1728
-2056
-1932
-2620
-2818
-2919
-3832
-3856
-2908
-3073
-3636
-3165
-2889
-3074
-2713
-2083
-1619
-1122
-1072
-1451
-1205
-231
379
-42
-460
123
877
818
369
330
719
1319
2178
2398
1312
614
2110
3654
2702
1458
2351
3201
2710
2767
3115
2535
2203
2691
2359
1712
1640
1038
-51
15
239
-1120
-2584
-2402
-2039
-2586
-3077
-3357
-3778
-3704
-3308
-3367
-3483
-3366
-3234
-2799
-2300
-2002
-1587
-1462
-1718
-1451
-643
-264
-350
-384
-247
245
800
768
404
596
1341
2002
2524
2189
784
752
3146
4063
2318
1702
3016
3320
3106
3659
3450
2527
2873
3449
2647
2057
1998
951
30
509
236
-1444
-2113
-1723
-2276
-2816
-2732
-3450
-4173
-3581
-3102
-3478
-3443
-3096
-3004
-2623
-2089
-1821
-1667
-1656
-1741
-1369
-538
-212
-416
-472
-151
439
970
889
463
776
1495
2024
2689
2305
588
1162
4108
4191
1809
1950
3365
3035
3038
3920
3205
2162
2765
3047
2251
2184
2043
663
85
804
112
-1776
-2286
-1945
-2270
-2626
-2988
-3685
-3417
-2521
-2869
-3587
-3293
-2880
-2759
-2368
-1952
-1871
-1898
-1901
-1542
-876
-534
-526
-514
-317
140
660
628
249
358
986
1306
1629
2305
1848
180
734
3463
3651
1512
1323
2618
2742
2759
3107
2446
1760
2499
2776
1804
1201
1002
183
-170
197
-403
-1790
-2259
-2302
-2831
-3042
-3197
-4029
-4048
-3165
-3073
-3635
-3687
-3403
-2973
-2342
-1976
-1815
-1583
-1196
-811
-484
-277
-73
62
435
1022
1327
1148
835
798
1346
1896
2081
2479
2420
1022
681
3024
4122
1854
535
2114
3102
2684
2685
2705
2306
2865
3505
2664
1909
2147
1508
375
636
781
-776
-1873
-1431
-1430
-2113
-2762
-3805
-4121
-2933
-2626
-3978
-4385
-3288
-2525
-2503
-2745
-2679
-1997
-1274
-1324
-1533
-1172
-798
-627
-89
534
604
574
730
870
1248
1721
1763
2059
2828
2174
816
2063
4242
3112
1168
2331
3768
2927
2448
2985
2592
2272
2952
2670
1642
1826
1676
125
-181
594
-534
-2265
-2078
-1954
-3185
-3658
-3615
-4296
-4042
-3115
-3762
-4529
-3492
-2494
-2818
-3101
-2532
-1536
-793
-772
-1007
-600
-19
75
182
465
574
669
758
584
480
970
1374
1341
1870
2331
1126
370
2192
3323
1924
1709
3196
3187
2510
3112
3200
2250
2293
2635
2105
2037
2223
968
-211
224
116
-1529
-2364
-2433
-3276
-3498
-2799
-3542
-4729
-4072
-3518
-4147
-3745
-2755
-3047
-3263
-2360
-1496
-1198
-991
-879
-817
-345
289
398
345
711
1286
1582
1596
1437
1342
1705
2068
2352
3093
3147
1559
1351
3495
4091
2318
2021
3086
2911
2618
3243
2935
1851
1926
2194
1616
1140
747
-402
-977
-559
-928
-2430
-3348
-3231
-3049
-3395
-4277
-4991
-4618
-3855
-3961
-4038
-3550
-3258
-3164
-2540
-1988
-1589
-1079
-1040
-917
36
668
379
398
771
1019
1344
1641
1413
1198
1738
2372
2131
2284
3146
2569
1004
1936
4213
3793
2158
2776
3821
3362
3160
3431
2885
2718
3296
2567
1592
1879
1545
85
-204
113
-1016
-2280
-2321
-2447
-2965
-3155
-3937
-4982
-4273
-3218
-4078
-4885
-3901
-3197
-3358
-3022
-2577
-2399
-1718
-1138
-1384
-1208
-342
-24
-230
151
736
804
549
522
737
1164
1424
1281
1795
2682
1817
666
2263
3869
2538
1559
3022
3660
2897
2991
3209
2485
2402
2667
2083
1765
1891
797
-466
-341
-432
-1767
-2673
-2393
-2527
-3139
-3324
-3661
-4171
-3999
-3991
-4329
-3758
-2889
-2962
-3061
-2626
-2209
-1675
-1253
-1077
-733
-154
63
242
538
841
1060
1262
1368
1591
1878
2035
1832
1878
2848
3143
1639
1320
3694
4699
2844
2094
3361
3513
3047
3516
3370
2479
2490
2505
1763
1563
1455
189
-622
-211
-563
-2062
-2874
-3124
-3557
-3541
-3497
-4533
-5131
-4211
-3715
-4318
-4446
-3769
-3373
-3056
-2579
-2118
-1665
-1193
-747
-543
-370
57
487
716
1102
1508
1512
1525
1667
1737
1978
2139
2220
2911
3298
1963
1756
4063
4696
2556
2360
4003
3912
3315
3901
3815
2816
2774
2915
2277
1635
1065
-97
-655
-345
-964
-2610
-3318
-3261
-3520
-3736
-3987
-4911
-5317
-4568
-4118
-4275
-4030
-3807
-3966
-3674
-2997
-2525
-2261
-1931
-1558
-1224
-904
-556
-375
-304
141
694
818
743
854
1189
1763
1954
2076
2907
3056
1870
2292
4475
4526
2760
3108
4299
3867
3665
4327
4015
3155
3207
3132
2554
1995
1199
27
-264
-108
-1083
-2741
-3417
-3388
-3427
-3459
-4073
-5216
-5256
-4364
-4172
-4419
-4078
-3700
-3639
-3147
-2358
-1919
-1762
-1463
-1141
-831
-477
-153
-81
102
530
948
991
1006
1329
1906
2394
2326
2547
3506
3563
2149
2347
4419
4658
3121
3062
3801
3615
3500
3837
3341
2466
2395
2387
1969
1400
474
-592
-761
-645
-1643
-3055
-3405
-3294
-3459
-3455
-3740
-4747
-5027
-4247
-3789
-3867
-3680
-3520
-3346
-2694
-2007
-1766
-1549
-1001
-584
-466
-23
539
578
623
1134
1433
1495
1802
1988
2091
2555
2753
2704
3449
3793
2466
1869
3724
4796
3493
2637
3353
3585
3277
3465
3306
2185
1643
1954
1816
995
307
-440
-1214
-1280
-1505
-2783
-3964
-3968
-3740
-3967
-4397
-4956
-5458
-5185
-4447
-4141
-4365
-4528
-4170
-3423
-2820
-2539
-2138
-1762
-1638
-1354
-616
-57
-69
-113
206
740
1483
1869
1541
1423
2280
2860
2690
3198
4072
3375
2286
3493
5375
4892
3317
3382
3958
3888
3959
4045
2949
2003
2449
2596
1386
338
-206
-942
-1224
-1002
-1929
-3537
-3944
-3325
-3383
-4236
-4912
-4989
-4682
-4387
-4272
-4257
-4153
-3958
-3385
-2752
-2349
-2075
-1704
-1614
-1321
-360
378
191
110
718
1452
1849
2090
2175
2209
2529
3098
3204
3221
4194
4618
3294
2682
4463
5397
4125
3328
3938
3927
3612
3693
3065
1982
2052
2280
1258
336
173
-476
-1429
-1514
-1770
-3036
-3910
-3616
-3559
-4110
-4592
-4958
-5221
-4851
-4388
-4401
-4510
-4332
-3814
-3127
-2819
-2607
-1974
-1540
-1263
-649
-12
93
168
714
1227
1466
1831
2165
2006
1949
2586
3115
2866
3071
3963
3732
2295
2487
4281
4538
3236
2753
3005
2990
3173
3163
2227
1668
2067
1837
847
328
88
-644
-1003
-952
-1709
-2990
-3501
-3516
-3767
-4082
-4502
-5164
-5305
-4958
-4879
-5003
-4791
-4390
-3967
-3608
-3424
-3027
-2208
-1563
-1176
-566
-21
126
601
1512
1973
2003
2608
3185
2922
2829
3553
3929
3678
4241
4893
3723
2318
3601
5310
4316
2619
2869
3356
2991
2813
2456
1482
1323
1879
1290
181
-221
-620
-1322
-1363
-1332
-2317
-3541
-3773
-3734
-4004
-4226
-4424
-4782
-4726
-4371
-4399
-4411
-3917
-3342
-3019
-2857
-2590
-1917
-1153
-835
-676
-76
652
1004
1118
1447
2055
2616
3040
3163
3023
3123
3578
3707
3541
4071
4510
3179
2005
3477
4689
3223
1982
2531
2503
2012
2034
1558
470
540
996
246
-692
-926
-1464
-2217
-2166
-2069
-2837
-3604
-3690
-3841
-3968
-3884
-4076
-4481
-4477
-4276
-4022
-3610
-3232
-3119
-2765
-2208
-1715
-1164
-696
-579
-235
646
1300
1309
1402
1948
2395
2647
2915
2945
2810
3058
3499
3305
3208
4104
4479
2983
2106
3586
4442
3150
2279
2619
2341
2184
2496
1704
308
579
1123
371
-354
-546
-1434
-2185
-1798
-1888
-3248
-4138
-4057
-4183
-4220
-4137
-4812
-5519
-4840
-4110
-4232
-4170
-3714
-3481
-3085
-2450
-1897
-1246
-747
-710
-206
904
1473
1365
1545
2263
2793
2931
2933
2892
3009
3392
3452
3051
2851
3481
4016
3099
1817
2308
3378
2909
1911
1766
1866
1917
1751
1013
380
615
693
-43
-586
-784
-1294
-1796
-1890
-2255
-2973
-3287
-3309
-3677
-3856
-3642
-3862
-4303
-4050
-3569
-3334
-2996
-2525
-2170
-1726
-1296
-797
-185
194
382
1001
1729
2102
2344
2442
2508
2749
3103
3179
3196
3172
3113
3087
3010
2441
2242
3038
2996
1235
776
2453
2704
1135
637
1221
997
838
887
286
-268
208
231
-524
-871
-1140
-2053
-2350
-1924
-2426
-3360
-3460
-3402
-3905
-3911
-3712
-4160
-4258
-3487
-3194
-3411
-3024
-2396
-1986
-1377
-767
-581
-437
79
720
1199
1538
1786
1860
2005
2493
2894
2910
2799
2849
2885
2780
2654
2468
2168
2513
3262
2626
986
1155
2658
2495
1013
667
1074
1055
1127
1054
309
-173
302
295
-391
-745
-988
-1605
-1776
-1707
-2147
-2589
-2712
-3186
-3519
-3067
-3029
-3692
-3612
-2863
-2625
-2894
-2825
-2351
-1557
-903
-727
-723
-396
235
665
906
1161
1418
1470
1772
2160
2061
1673
1723
1857
1717
1671
1608
1205
850
1434
2233
1728
461
733
1935
1895
916
511
585
876
1349
1139
381
156
520
537
200
-77
-469
-1011
-1183
-1116
-1348
-1885
-2365
-2711
-2506
-2011
-2298
-2981
-2846
-2299
-2066
-1803
-1639
-1605
-1057
-300
-205
-81
566
997
1030
1287
1777
1963
1921
1961
1963
1921
2149
2367
2162
1995
2033
1785
1629
1664
1720
2088
2020
638
53
1599
2178
714
-93
527
784
704
473
-222
-825
-403
-5
-502
-1186
-1442
-1704
-1880
-1689
-1880
-2725
-3378
-3268
-2911
-2473
-2455
-3198
-3545
-2582
-1698
-1706
-1867
-1606
-968
-314
-131
64
540
593
575
1234
1817
1699
1580
1532
1541
1836
2009
1572
1274
1484
1615
1377
1168
1014
842
1203
1772
1229
75
492
1748
1571
328
178
652
549
162
25
-103
-85
102
-221
-824
-880
-711
-1260
-1776
-1491
-1449
-2049
-2355
-2204
-2215
-2047
-1865
-2156
-2268
-1422
-760
-1074
-1300
-824
-217
-86
-37
173
588
673
600
705
1089
1360
1312
1097
1301
1716
1590
1112
941
1263
1604
1415
723
612
1083
1510
1551
1037
97
340
1541
1564
634
635
1055
872
928
1224
959
439
422
434
436
403
-20
-771
-882
-509
-642
-1300
-1772
-2028
-2006
-1659
-1765
-2410
-2480
-1926
-1699
-1697
-1566
-1388
-1216
-1046
-889
-386
91
18
-83
328
841
971
736
545
833
1232
1089
643
626
969
1069
894
623
516
493
787
1121
690
-520
-432
1095
1415
274
-68
395
297
360
597
307
-76
247
435
248
248
99
-545
-695
-249
-472
-1187
-1373
-1393
-1633
-1506
-1217
-1610
-2103
-1887
-1599
-1534
-1185
-938
-974
-698
-236
39
305
488
548
926
1383
1620
1523
1264
1233
1713
2079
1751
1164
940
1284
1448
954
335
189
116
248
791
399
-988
-885
787
857
-511
-603
160
-41
-163
368
281
-197
63
414
302
398
448
-166
-510
-174
-284
-980
-1353
-1415
-1520
-1368
-1420
-1800
-1986
-1847
-1878
-1660
-1272
-1317
-1498
-1193
-729
-572
-285
23
110
306
923
1209
1153
1195
1379
1502
1823
1718
1011
688
1189
1360
723
119
56
50
37
551
530
-693
-1050
539
1177
261
166
923
914
1217
2027
1711
825
1307
2045
1620
1339
1564
1015
276
596
698
-197
-926
-1079
-1291
-1479
-1707
-2172
-2417
-2344
-2412
-2224
-1755
-1922
-2160
-1625
-1074
-953
-529
-156
-260
-5
626
858
779
819
748
719
1085
1278
678
22
184
615
320
-167
-170
-249
-691
-442
429
47
-1236
-772
924
931
44
326
896
712
967
1380
1003
639
1064
1132
771
740
425
-466
-743
-251
-451
-1207
-1522
-1567
-1782
-1774
-1712
-1956
-2055
-1743
-1597
-1485
-1166
-919
-737
-333
105
497
722
818
1033
1344
1612
1750
1532
1212
1409
1704
1477
1060
768
442
346
530
298
-308
-421
-249
-493
-401
488
547
-886
-1127
586
1119
14
-214
437
502
819
1318
882
321
784
1114
763
519
239
-390
-522
-107
-436
-1241
-1316
-1159
-1472
-1359
-1059
-1472
-1855
-1322
-870
-964
-791
-524
-430
-31
419
508
550
546
580
889
1095
867
616
464
405
483
431
145
-178
-287
-227
-135
-314
-610
-531
-360
-583
-759
41
928
255
-895
51
1751
1423
489
931
1255
1115
1693
1924
1078
740
1174
1078
844
845
432
-190
-102
53
-307
-701
-1004
-1388
-1404
-1047
-1104
-1517
-1422
-1238
-1287
-1000
-679
-999
-1085
-539
-415
-565
-468
-452
-553
-333
-110
-310
-536
-458
-319
-271
-323
-333
-346
-323
-254
-277
-388
-376
-189
-248
-513
-477
245
779
-246
-1359
4
1852
1188
-99
446
1202
1235
1747
2100
1279
870
1826
2277
1757
1547
1535
1072
967
1325
1010
280
126
-8
-450
-496
-296
-662
-1270
-1418
-1181
-964
-1044
-1196
-1297
-1333
-1003
-470
-671
-1154
-953
-487
-372
-229
-263
-516
-302
124
40
-142
-7
-14
-229
-302
-244
-227
-228
-333
-544
-651
-111
555
-36
-1171
-281
1525
1205
6
396
1296
1600
2060
2196
1502
1458
2438
2601
1940
1857
1860
1246
1287
1745
978
-163
-175
-50
-478
-670
-879
-1541
-1731
-1260
-1180
-1534
-1693
-1698
-1618
-1396
-1208
-1100
-1144
-1262
-1199
-903
-595
-512
-766
-958
-753
-475
-427
-548
-748
-844
-756
-763
-790
-759
-737
-774
-757
-857
-741
221
705
-390
-897
787
1997
1236
643
1261
1650
2074
2792
2678
1817
1954
2711
2563
2065
1969
1529
807
867
994
309
-460
-740
-1090
-1283
-1077
-1213
-1855
-2122
-1809
-1507
-1558
-1723
-1842
-1829
-1448
-833
-567
-874
-1000
-480
84
238
124
-230
-443
-38
412
115
-466
-572
-409
-265
-294
-480
-707
-681
-448
-358
-421
-255
441
909
306
-134
1321
2730
2038
1218
2161
3042
2884
2896
3013
2608
2697
3353
3009
2205
2219
2093
1276
1038
1134
455
-381
-625
-906
-1339
-1542
-1953
-2528
-2571
-2390
-2535
-2663
-2663
-2658
-2415
-2106
-2161
-2106
-1745
-1723
-1783
-1270
-864
-1091
-1300
-1107
-817
-552
-534
-793
-831
-386
-6
-226
-635
-373
281
435
88
59
355
973
1743
1501
417
1083
3078
2995
1532
1847
2913
2751
2760
3176
2703
1992
2387
2491
1877
1609
1426
535
257
645
69
-1095
-1461
-1487
-1692
-1817
-2223
-2873
-2956
-2601
-2669
-2819
-2707
-2674
-2678
-2394
-2099
-1959
-1819
-1750
-1673
-1268
-821
-704
-830
-788
-387
-16
11
-144
-30
357
767
788
553
731
1371
1700
1479
1416
1512
1542
2155
2819
2126
1162
2095
3446
2930
1937
2280
2649
2260
2335
2637
1987
1201
1385
1575
1093
582
289
-205
-367
-241
-719
-1565
-1773
-1565
-1699
-2157
-2483
-2447
-2423
-2582
-2575
-2394
-2459
-2495
-2110
-1890
-1883
-1457
-1088
-1396
-1375
-514
-47
-464
-754
-427
32
283
302
12
-244
56
763
857
314
91
458
797
903
838
489
280
941
1855
1707
699
696
1865
2327
1815
1521
1774
1941
2202
2137
1677
1338
1616
1683
1363
892
505
80
-139
-199
-468
-967
-1333
-1388
-1521
-1802
-1995
-1959
-2071
-2410
-2596
-2265
-1920
-1981
-2166
-2048
-1672
-1145
-763
-908
-1134
-878
-350
105
238
-33
-321
-46
596
797
476
237
377
536
663
758
612
449
544
711
724
735
663
553
1022
1505
930
461
1359
2018
1268
827
1483
1755
1451
1401
1403
958
830
1071
937
496
241
22
-252
-342
-608
-1021
-1127
-1134
-1575
-1855
-1747
-1915
-2286
-2128
-1772
-1883
-2014
-1812
-1584
-1468
-1257
-987
-828
-725
-437
-4
207
230
318
431
607
946
1144
1016
919
1107
1371
1489
1275
950
902
1104
1111
916
630
444
558
648
737
941
764
-80
35
1164
1321
310
176
832
843
704
981
858
226
322
752
512
2
-14
-276
-589
-390
-247
-884
-1350
-1226
-1326
-1633
-1659
-1682
-1993
-2017
-1717
-1657
-1752
-1569
-1314
-1312
-1200
-609
-216
-528
-740
-266
402
536
198
27
428
968
1082
818
559
640
1031
1156
709
400
652
828
547
213
265
413
236
-102
-80
600
983
224
-458
374
1416
1119
382
469
801
991
1164
1082
814
858
1155
1015
685
519
280
-104
-271
-316
-618
-987
-1215
-1499
-1639
-1556
-1726
-2180
-2289
-1914
-1724
-1873
-2014
-1773
-1373
-1154
-1030
-711
-320
-205
-107
296
663
708
611
695
1057
1315
1294
1057
852
914
1145
1105
707
553
755
856
675
384
283
419
519
303
143
626
1222
892
121
436
1408
1468
757
512
773
1058
1158
1015
548
282
428
473
226
-138
-428
-714
-826
-891
-1137
-1556
-1924
-2007
-1887
-1819
-1977
-2096
-1960
-1625
-1343
-1319
-1465
-1321
-721
-278
-327
-381
-116
174
337
355
376
502
736
877
872
861
871
836
774
788
905
954
834
712
717
801
682
524
545
801
838
524
309
702
1334
1096
95
3
1062
1497
754
162
292
569
827
770
243
-177
102
373
158
-102
-170
-398
-666
-683
-695
-965
-1259
-1516
-1639
-1602
-1586
-1787
-2081
-2186
-2072
-1899
-1915
-2049
-2011
-1759
-1550
-1348
-1100
-898
-741
-518
-238
155
515
512
455
867
1423
1463
1258
1419
1803
1883
1688
1554
1576
1559
1442
1168
919
843
964
829
276
-225
-12
640
595
-385
-860
70
861
393
-324
-70
515
855
913
904
757
796
938
946
923
884
537
118
119
261
-34
-582
-957
-1162
-1016
-847
-1112
-1537
-1503
-1367
-1449
-1493
-1405
-1415
-1471
-1352
-1017
-669
-674
-827
-599
-109
194
171
74
195
514
801
725
357
217
494
818
678
300
270
545
723
554
280
159
271
527
489
241
228
689
1117
855
185
187
903
1194
771
464
565
745
931
853
484
194
167
147
172
108
-295
-789
-815
-632
-941
-1477
-1591
-1452
-1481
-1511
-1420
-1435
-1487
-1396
-1313
-1284
-1222
-1135
-990
-731
-566
-510
-366
-267
-283
-104
265
434
321
359
687
886
892
841
752
780
1048
1240
1193
1092
1146
1175
1216
1150
888
666
821
934
566
226
436
809
659
51
-149
488
906
462
-67
49
278
325
214
96
-122
-192
-69
-19
-260
-693
-929
-808
-647
-914
-1264
-1327
-1179
-1176
-1278
-1416
-1491
-1385
-1086
-904
-953
-963
-755
-408
-162
-132
-195
-17
266
417
338
363
543
643
569
553
777
931
850
665
679
842
893
704
552
579
623
574
567
480
278
255
410
382
71
-177
111
646
560
-154
-317
387
734
302
-45
51
144
250
311
160
-149
-271
-204
-70
-132
-448
-688
-578
-409
-603
-956
-1071
-963
-959
-1023
-1089
-1114
-967
-769
-720
-808
-716
-389
-132
-153
-204
31
402
497
364
382
628
821
794
732
806
928
986
910
825
888
1052
1050
812
604
631
789
726
324
-86
-95
44
-19
-315
-599
-717
-411
-29
-271
-992
-984
-359
-214
-651
-871
-697
-438
-162
-74
-245
-370
-57
220
173
-79
-234
-310
-119
97
-39
-394
-496
-339
-255
-355
-470
-589
-614
-499
-427
-432
-404
-347
-344
-312
-151
62
164
106
110
277
493
615
621
579
587
761
978
1012
816
729
850
949
905
752
637
715
796
700
464
278
232
276
182
-45
-194
-51
141
-63
-496
-462
-112
-203
-607
-648
-359
-300
-426
-519
-487
-438
-314
-313
-389
-424
-408
-431
-468
-448
-546
-680
-659
-533
-550
-668
-772
-740
-627
-544
-614
-633
-505
-369
-310
-283
-153
11
149
206
297
414
532
641
704
769
892
1046
1115
1113
1126
1197
1306
1317
1192
1076
1111
1164
1066
805
595
584
610
466
151
-133
-155
77
83
-404
-882
-701
-262
-363
-809
-896
-640
-452
-407
-478
-619
-623
-472
-404
-458
-469
-488
-514
-443
-347
-466
-674
-724
-684
-720
-794
-811
-854
-879
-832
-778
-746
-685
-588
-521
-399
-134
74
112
124
266
531
666
669
677
778
995
1244
1255
1033
981
1168
1269
1167
990
757
640
729
704
432
198
176
193
127
-64
-326
-453
-297
-231
-518
-821
-680
-390
-482
-706
-740
-649
-603
-556
-618
-750
-732
-596
-537
-520
-509
-566
-568
-429
-313
-372
-492
-449
-299
-192
-84
7
34
100
275
406
425
477
589
665
753
867
968
1006
988
1006
1013
1023
1068
1064
892
756
759
782
722
613
406
278
280
242
93
-82
-185
-285
-400
-504
-566
-628
-697
-803
-862
-854
-745
-665
-810
-1049
-1002
-800
-720
-824
-918
-920
-745
-550
-456
-487
-486
-352
-189
-111
-80
2
46
147
273
325
316
437
507
512
604
774
869
880
826
826
879
881
811
785
784
771
798
815
750
645
550
428
333
281
256
152
19
-58
-75
-131
-252
-383
-468
-526
-597
-696
-772
-802
-858
-996
-1072
-1019
-921
-958
-1132
-1203
-1021
-773
-720
-911
-1053
-863
-530
-434
-564
-604
-444
-177
52
105
12
38
243
479
600
594
546
563
710
889
953
854
737
751
872
950
903
770
684
687
701
655
527
385
278
210
166
137
76
-60
-232
-293
-270
-297
-414
-514
-559
-538
-542
-648
-745
-767
-706
-649
-651
-637
-593
-549
-536
-580
-578
-491
-367
-359
-330
-192
32
125
58
68
323
588
652
574
564
743
990
1125
1102
1090
1150
1284
1349
1341
1232
1194
1208
1244
1165
1002
867
770
654
601
549
406
261
150
51
-67
-172
-322
-445
-553
-698
-851
-925
-980
-1047
-1144
-1244
-1234
-1195
-1241
-1355
-1398
-1326
-1226
-1196
-1215
-1167
-1001
-848
-815
-817
-738
-616
-528
-490
-476
-411
-297
-169
-114
-94
-33
101
281
408
424
379
477
650
723
731
743
807
915
1036
1041
960
930
975
1059
1032
878
731
674
674
646
536
383
296
252
146
60
7
-25
-79
-140
-201
-242
-304
-414
-497
-561
-603
-551
-544
-637
-657
-598
-557
-565
-584
-593
-557
-485
-455
-478
-486
-453
-350
-269
-233
-165
-72
-5
68
139
138
156
237
302
330
351
395
414
428
437
456
446
396
462
528
462
397
423
420
404
370
290
266
326
337
315
268
221
229
212
149
88
21
-63
-90
-119
-190
-236
-270
-320
-345
-377
-378
-400
-460
-507
-528
-507
-506
-510
-506
-486
-446
-361
-305
-294
-250
-205
-167
-129
-119
-79
-13
21
42
78
156
231
315
358
365
374
380
363
343
343
357
365
357
350
331
301
271
260
240
222
227
221
185
130
50
7
7
25
23
-26
-62
-54
-49
-77
-140
-217
-232
-239
-270
-336
-414
-438
-407
-394
-406
-453
-481
-467
-482
-519
-537
-466
-364
-295
-287
-269
-205
-143
-108
-85
-63
-35
24
96
124
155
194
232
285
338
379
401
409
401
401
428
459
454
434
384
356
348
322
283
240
239
275
303
283
226
176
189
217
181
118
84
73
48
-10
-50
-114
-140
-153
-151
-132
-117
-108
-148
-217
-273
-281
-282
-311
-348
-344
-337
-338
-337
-330
-303
-246
-194
-163
-170
-198
-203
-204
-191
-157
-137
-127
-131
-115
-107
-102
-54
15
86
144
190
229
249
272
279
273
271
263
252
254
267
255
240
215
184
199
225
249
273
223
161
140
169
168
120
75
63
76
100
111
78
43
28
64
64
36
8
-9
-34
-53
-88
-141
-163
-182
-217
-244
-271
-292
-315
-334
-350
-319
-264
-233
-217
-233
-246
-221
-220
-246
-257
-239
-197
-166
-146
-132
-99
-75
-60
-33
2
29
9
3
2
-15
-25
-27
-18
-16
-5
13
-1
-14
7
51
86
106
91
75
128
193
229
212
191
219
258
306
345
334
327
341
363
387
387
344
304
304
305
292
251
200
156
111
64
37
-9
-53
-69
-88
-110
-127
-145
-191
-236
-258
-243
-249
-297
-328
-313
-295
-294
-295
-284
-273
-238
-227
-271
-296
-288
-258
-224
-213
-200
-163
-143
-147
-133
-103
-56
-21
-13
-2
-2
5
33
64
89
105
115
134
170
183
167
147
148
200
255
315
353
387
427
450
459
457
458
449
439
408
377
380
391
370
344
304
297
302
268
216
155
103
62
-11
-86
-123
-146
-196
-284
-350
-403
-445
-481
-549
-616
-655
-661
-674
-697
-728
-733
-690
-653
-640
-644
-640
-607
-544
-488
-442
-376
-335
-297
-233
-176
-134
-90
-31
32
86
135
199
239
243
269
284
309
351
369
418
467
505
548
586
633
644
647
661
677
700
691
657
639
623
601
588
529
455
389
339
300
236
163
97
53
17
-18
-40
-80
-146
-232
-301
-379
-459
-526
-572
-578
-571
-571
-571
-571
-557
-528
-506
-482
-471
-456
-433
-421
-409
-402
-370
-309
-277
-238
-194
-155
-86
-38
-8
38
59
62
80
94
111
106
126
166
202
238
265
306
349
389
407
394
383
405
417
421
435
453
456
450
445
409
357
325
296
234
183
139
92
43
-5
-41
-79
-118
-161
-211
-259
-316
-387
-436
-456
-460
-469
-486
-492
-473
-457
-442
-419
-408
-408
-398
-375
-350
-325
-281
-239
-189
-126
-70
-20
12
41
73
101
129
153
173
201
237
260
286
314
335
364
394
417
444
456
459
452
431
423
430
422
415
401
379
354
325
282
233
209
176
143
110
73
34
-9
-34
-71
-116
-153
-190
-237
-268
-305
-337
-370
-412
-427
-441
-457
-458
-446
-456
-470
-479
-466
-426
-406
-396
-385
-391
-369
-332
-300
-273
-267
-233
-186
-165
-140
-101
-69
-31
4
28
42
48
71
67
63
99
123
134
138
145
162
187
211
244
270
291
310
332
367
389
412
429
463
493
480
470
491
499
496
498
480
447
413
401
399
361
334
320
293
275
245
192
141
79
20
-28
-67
-111
-145
-180
-202
-233
-289
-327
-359
-376
-393
-423
-442
-456
-470
-479
-487
-507
-511
-514
-516
-519
-510
-503
-511
-495
-486
-474
-445
-400
-353
-333
-312
-278
-253
-223
-170
-122
-98
-59
-4
38
71
112
169
213
249
277
295
319
345
389
428
453
479
506
521
534
539
532
534
525
511
500
487
462
431
408
383
365
332
281
235
204
179
135
92
50
11
-8
-50
-102
-142
-185
-212
-233
-268
-308
-351
-393
-416
-447
-472
-472
-476
-495
-509
-510
-499
-486
-464
-439
-417
-378
-336
-311
-277
-235
-196
-163
-132
-96
-54
-23
14
51
76
98
127
166
199
238
273
302
337
366
376
374
371
373
364
350
349
351
341
334
345
349
337
316
293
268
246
223
208
182
141
104
73
39
-1
-35
-55
-85
-102
-128
-180
-228
-273
-301
-325
-347
-362
-382
-404
-403
-407
-413
-409
-381
-353
-342
-320
-303
-292
-270
-244
-208
-169
-139
-99
-51
-10
23
50
79
108
137
161
174
185
193
208
232
251
278
301
306
293
277
279
286
289
287
291
289
291
302
314
325
322
302
264
231
214
196
173
144
127
109
75
28
-26
-64
-91
-121
-170
-210
-224
-243
-265
-291
-313
-325
-333
-330
-336
-350
-349
-339
-341
-350
-349
-335
-315
-301
-283
-258
-233
-214
-201
-181
-166
-140
-113
-91
-75
-75
-70
-59
-30
20
55
81
108
134
161
183
189
198
212
214
220
228
232
234
230
229
232
228
228
224
214
211
217
212
200
191
177
164
148
130
102
81
63
59
56
56
47
43
49
34
12
-11
-26
-36
-46
-64
-80
-96
-116
-129
-132
-136
-131
-128
-123
-112
-120
-125
-116
-103
-94
-83
-80
-106
-126
-119
-109
-94
-73
-48
-31
-13
5
17
24
10
3
-11
-23
-20
-20
-14
1
9
10
2
4
14
33
45
55
73
72
70
72
75
58
43
30
22
22
15
21
34
41
49
49
37
30
17
1
-14
-18
-14
-16
-8
0
11
16
10
-2
-13
-23
-28
-21
-12
-22
-37
-50
-64
-74
-85
-94
-89
-79
-65
-54
-52
-65
-76
-75
-67
-56
-54
-44
-33
-34
-29
-4
24
26
22
22
22
10
0
2
1
5
20
36
48
67
66
55
33
12
9
12
16
12
1
-5
4
12
23
38
62
91
105
118
121
97
61
39
36
24
20
28
52
68
85
104
95
60
31
16
4
-14
-29
-35
-34
-23
-19
-14
-16
-18
-19
-33
-43
-59
-76
-86
-91
-89
-78
-62
-55
-47
-33
-22
-9
-7
15
32
32
31
14
7
2
-4
-2
-9
-24
-37
-41
-34
-21
-8
1
-9
-27
-27
-22
-23
-10
13
36
58
60
54
58
61
66
63
53
43
33
28
19
8
0
-4
-23
-30
-18
-13
-15
-30
-48
-56
-60
-58
-47
-44
-33
-28
-43
-53
-64
-66
-66
-56
-50
-53
-45
-28
-6
12
21
22
18
15
7
-7
-7
-9
-8
18
56
91
100
95
80
56
25
2
-13
-31
-34
-21
-6
11
8
4
22
37
35
19
3
-14
-20
-11
6
20
35
43
41
38
11
-15
-27
-25
-19
-18
-23
-36
-40
-26
-22
-21
-12
-6
5
20
26
21
2
-20
-21
-14
1
21
26
26
11
3
20
51
75
76
61
34
2
-37
-58
-67
-66
-46
-19
22
52
66
58
47
32
20
16
7
0
-2
-11
-9
7
22
36
37
17
-5
-15
-20
-7
8
23
52
77
64
21
-27
-57
-56
-40
-12
6
20
19
15
12
-7
-36
-77
-109
-130
-137
-129
-121
-92
-59
-34
-15
-14
-32
-56
-74
-85
-74
-55
-40
-21
-3
26
53
61
62
64
63
58
48
31
27
38
55
70
69
56
34
19
18
21
27
27
28
37
46
33
13
-3
-16
-16
-11
3
18
10
1
-6
1
13
28
33
15
6
-3
-3
-12
-29
-44
-45
-34
-17
-9
-6
-5
-10
-16
-7
2
-12
-25
-36
-38
-39
-43
-27
-12
-1
7
6
6
-1
-13
-32
-39
-42
-40
-34
-26
-28
-27
-6
11
20
22
14
-6
-17
-17
-12
8
31
59
83
91
107
125
128
123
123
108
90
80
70
61
41
28
22
13
7
-6
-13
-14
-20
-22
-31
-44
-49
-53
-62
-63
-67
-67
-81
-105
-118
-113
-86
-61
-36
-25
-23
-29
-39
-45
-50
-40
-26
-24
-16
-5
9
26
39
54
58
66
63
50
46
42
52
63
63
54
38
15
-10
-20
-23
-9
0
-16
-26
-24
-9
8
18
18
-5
-11
-9
-5
1
8
21
22
8
-9
-30
-50
-48
-36
-38
-42
-38
-35
-37
-46
-55
-63
-64
-61
-55
-45
-25
-9
7
32
29
22
15
11
21
25
17
22
32
27
32
33
23
23
28
42
48
32
8
7
10
-5
-5
-2
0
3
5
11
20
30
29
29
23
11
14
27
30
36
35
21
14
8
3
-3
-27
-51
-51
-41
-26
-9
4
9
11
0
-20
-32
-34
-18
4
21
26
26
22
25
43
56
49
37
17
-15
-25
-18
-8
6
25
46
58
61
57
50
49
41
40
43
50
46
32
17
2
-26
-58
-76
-83
-83
-74
-72
-69
-64
-79
-92
-94
-95
-81
-64
-61
-53
-38
-43
-45
-32
-15
0
-1
2
5
-3
-12
-11
5
23
43
74
98
104
90
63
33
15
10
17
25
20
19
17
7
4
5
22
35
32
11
-21
-37
-45
-44
-32
-17
-8
-3
-12
-28
-43
-67
-74
-78
-80
-84
-84
-76
-66
-52
-40
-24
-9
-6
1
9
9
1
-5
10
28
51
71
77
75
66
56
46
41
44
55
57
67
74
51
