15
14
25
21
21
33
36
44
35
18
3
-11
-10
-13
-21
-25
-19
-9
3
18
17
0
0
18
25
20
6
-6
-10
-3
8
15
14
9
11
2
-18
-27
-40
-50
-37
-21
-22
-40
-69
-79
-79
-80
-73
-80
-86
-61
-38
-28
-21
-13
2
6
7
-4
-26
-49
-52
-39
-49
-70
-62
-40
-16
1
11
15
4
-9
-18
-33
-50
-42
-8
9
14
31
56
67
71
81
60
24
0
-10
-10
-8
3
17
32
31
28
23
-7
-32
-32
-34
-45
-41
-17
22
54
67
76
86
79
69
71
60
46
61
76
77
69
69
62
31
13
18
11
-19
-36
-38
-32
-32
-13
16
21
32
41
28
15
11
21
12
-4
10
28
16
5
22
17
4
7
19
11
-23
-36
-35
-50
-38
-26
-38
-36
-13
15
16
5
11
6
-14
-23
-8
-10
-22
-19
-4
-13
-31
-37
-51
-69
-60
-31
-33
-35
-25
-30
-39
-46
-41
-29
-27
-18
-7
-18
-18
15
35
19
-10
-12
-8
-22
-7
11
-6
-25
-34
-36
-57
-61
-26
-14
-31
-41
-29
-22
-21
-13
1
6
4
23
42
37
50
68
50
27
33
42
44
57
76
69
41
23
16
2
-19
-10
-17
-35
-26
-13
-18
-26
-11
-4
-4
7
22
36
47
60
62
44
37
47
49
34
12
-1
-29
-37
-17
-24
-53
-43
-16
-20
-30
-21
-25
-52
-59
-46
-43
-39
-16
0
-18
-21
14
30
-2
-17
4
3
-8
-3
1
-25
-50
-27
8
-10
-5
30
24
19
43
79
81
72
86
89
53
34
63
45
9
26
51
52
47
71
77
35
11
5
3
7
25
40
13
-1
2
-14
-41
-50
-32
-28
-21
-8
-35
-45
-17
12
12
-3
2
-3
-13
-5
12
-11
-43
-18
7
-16
-26
-10
-12
-41
-31
-7
-42
-66
-38
-34
-69
-85
-63
-84
-127
-110
-66
-58
-58
-27
-35
-90
-88
-30
-12
-39
-20
1
-35
-42
3
6
-37
-12
54
35
1
54
102
88
99
167
174
119
115
147
119
74
106
136
108
112
160
152
94
96
120
66
25
27
-23
-105
-115
-87
-121
-177
-160
-142
-190
-200
-115
-60
-66
-34
17
17
-11
9
1
-71
-109
-93
-108
-160
-160
-140
-164
-202
-177
-143
-139
-114
-73
-70
-90
-78
-47
-50
-68
-42
-5
5
30
52
55
94
169
258
314
338
394
432
406
410
410
362
332
336
330
309
293
299
308
278
275
269
211
169
159
121
60
32
15
-79
-212
-289
-351
-435
-454
-404
-362
-316
-264
-180
-133
-123
-49
-26
-42
-59
-91
-115
-172
-190
-226
-315
-331
-259
-231
-308
-332
-293
-340
-416
-437
-417
-415
-415
-358
-287
-246
-223
-136
-76
-56
17
135
228
274
364
455
492
506
556
580
510
432
390
348
291
258
248
259
249
216
185
196
195
116
1
-95
-133
-180
-197
-193
-195
-170
-145
-107
-98
-50
71
170
284
401
444
397
313
230
106
-78
-237
-343
-488
-607
-644
-652
-652
-583
-488
-441
-374
-290
-234
-217
-196
-151
-126
-36
135
177
117
179
292
314
248
238
282
235
194
162
99
25
-41
-85
-172
-228
-230
-272
-295
-194
-88
-20
123
358
511
537
636
807
917
948
1044
1078
941
833
784
648
378
180
110
-55
-321
-579
-757
-885
-1106
-1277
-1378
-1501
-1558
-1560
-1532
-1519
-1518
-1244
-799
-495
-229
264
976
1414
1608
1977
2430
2673
2655
2550
2451
2227
1857
1403
940
489
12
-390
-688
-980
-1356
-1630
-1662
-1792
-2084
-2224
-2172
-2106
-2136
-2095
-1919
-1735
-1420
-982
-585
-246
228
809
1221
1437
1626
1828
1908
1802
1517
1143
869
544
6
-577
-922
-1108
-1495
-1692
-1439
-1252
-1225
-929
-298
110
120
381
933
1170
1026
963
1166
1186
1043
972
917
874
845
970
1054
937
745
535
387
32
-532
-987
-1280
-1484
-1762
-1903
-1822
-1714
-1512
-1157
-683
-194
254
795
1354
1645
1722
1677
1591
1355
727
113
-336
-848
-1467
-2019
-2133
-2313
-2469
-1905
-1336
-1042
-576
445
1362
1425
1681
2207
2426
2283
1941
1948
1709
1508
1566
1285
1276
1412
1456
1343
1122
1020
477
55
-243
-1162
-2045
-2611
-2882
-3486
-4058
-3668
-3156
-2781
-2174
-1157
-173
557
1555
2319
2580
2666
2645
2432
1743
841
39
-694
-1398
-2156
-2561
-2535
-2353
-2297
-1931
-771
19
437
1249
2338
2790
2417
2491
2731
2472
1792
1249
1296
1087
790
733
776
1102
1161
1237
1289
1041
617
-41
-519
-1386
-2643
-3455
-3842
-4106
-4552
-4482
-3702
-2913
-1912
-846
271
1286
2139
3106
3413
3129
2615
2158
1554
54
-1415
-2356
-2892
-3364
-3997
-3905
-3284
-2157
-911
-159
825
1961
3195
3724
3476
3521
3416
3002
2237
1431
883
367
392
470
317
540
1030
1608
1484
1034
666
-5
-688
-1836
-3204
-4231
-4886
-5151
-5518
-5451
-4741
-3559
-1982
-594
769
2102
3594
4710
4699
4294
3833
3254
1978
82
-1333
-2448
-3319
-4030
-4390
-4058
-3383
-1939
-418
723
1889
3166
4505
4750
4284
4071
3832
3267
2124
1229
613
204
390
404
541
938
1575
2107
1931
1673
1058
218
-621
-2019
-3556
-4894
-5431
-5679
-6244
-5870
-4624
-2976
-1424
240
2262
3669
4856
5559
5372
4678
3312
1942
348
-1617
-3303
-4737
-5311
-5414
-5315
-4245
-2604
-947
558
2371
4338
5102
5273
5526
5440
4690
3277
2326
1539
567
-50
-429
-289
-16
370
987
1363
1667
1395
839
302
-969
-2593
-4089
-5133
-6085
-7174
-7295
-6475
-5195
-3910
-2355
-124
1850
3400
4389
4932
4885
4007
2989
1459
-551
-2287
-3618
-4495
-5537
-5696
-4317
-3083
-2071
-429
2357
4356
4864
5764
6670
6784
5794
4538
3525
1922
696
-247
-1193
-1488
-1537
-1111
-696
-56
558
341
641
710
-162
-1258
-2143
-2726
-4123
-5100
-4968
-4826
-4495
-3747
-2199
-766
355
1783
2767
3370
3303
2850
2339
1082
-298
-1685
-2352
-2633
-3709
-3927
-2803
-1022
-48
639
2742
4601
5696
6231
6606
6744
5736
4875
3786
2114
555
-813
-1364
-2193
-2873
-3012
-2900
-2033
-1942
-1978
-1651
-1378
-996
-1474
-1697
-1775
-1976
-1859
-2045
-1693
-1496
-1068
-41
291
675
810
1176
1539
986
697
301
20
-566
-1153
-671
-852
-1008
-513
565
1634
1619
2467
3811
4396
4411
4185
4636
4398
3636
3036
2209
1708
756
-205
-981
-1871
-2469
-3330
-3740
-4081
-4612
-4762
-4806
-4241
-4059
-3867
-2979
-2253
-1380
-879
-186
712
970
1235
1173
1136
857
277
29
-551
-986
-1506
-1716
-904
-538
-456
-18
1319
2719
2663
2734
3388
4024
3886
3107
3115
2822
2321
2175
1813
1524
1164
1148
1008
413
-66
-814
-1262
-1844
-3057
-4100
-4823
-4929
-5272
-5736
-5326
-4458
-3528
-2615
-1305
-21
751
1825
2788
2817
2189
1722
1546
605
-633
-1322
-1692
-1961
-1665
-931
-400
526
2100
3578
4203
4290
4817
5204
4888
4014
3027
2144
1286
705
-198
-1119
-1304
-1086
-944
-1282
-1396
-1100
-1088
-1436
-2220
-2897
-3532
-4033
-4369
-5102
-5238
-4530
-3549
-2618
-1867
-478
1021
2158
2972
3210
3167
2739
2397
1558
229
-594
-1425
-1483
-940
-864
-501
685
2846
4210
4504
5280
6515
7426
6672
5569
4956
3796
2837
1662
185
-869
-1384
-1388
-1934
-2352
-2295
-2117
-1665
-2009
-2449
-2781
-3177
-3205
-3977
-4729
-4570
-3963
-3418
-3311
-2521
-1344
-227
848
1063
1096
1026
963
710
-463
-1458
-2218
-2350
-1741
-1854
-1832
-894
1231
2990
3257
4177
5676
6907
6849
5852
5734
5131
4109
3029
1348
-59
-1229
-1650
-2279
-3388
-3974
-4206
-3564
-3561
-4235
-4287
-4126
-3500
-3596
-4173
-4163
-3614
-2777
-2703
-2354
-1574
-899
-187
162
676
562
516
920
605
-109
-822
145
963
190
326
1774
3547
3555
3493
4819
5368
5803
5585
5328
5090
4079
4102
3530
2397
1265
378
400
-608
-1604
-2727
-3468
-2928
-3741
-4699
-5004
-4652
-4093
-4467
-4020
-3291
-2584
-1662
-1012
-35
255
651
1201
836
323
-313
-340
-707
-1740
-2100
-1204
300
234
460
2480
4586
5383
5077
5945
6689
5922
5030
4398
3603
1851
909
810
-255
-1194
-1701
-1399
-1153
-1563
-1636
-1770
-1458
-1464
-2305
-2968
-3404
-3657
-4434
-5067
-4683
-4368
-4082
-3323
-2065
-943
-90
1174
1926
1782
1671
1847
1386
36
-1047
-884
-370
-898
-1198
252
2407
3345
3721
5133
6580
7061
6658
6182
5780
4305
2597
1290
-316
-2037
-3437
-4037
-4313
-4730
-4998
-4650
-3598
-3012
-3067
-2748
-2033
-1568
-1769
-2132
-1915
-1768
-1972
-2048
-1921
-1618
-1345
-1012
-660
-573
-229
233
317
-60
-419
538
1198
657
735
1873
3273
3286
3097
4250
5245
5486
5082
5198
5191
4230
3816
3134
2082
898
-341
-968
-2060
-3005
-3829
-4493
-4350
-4578
-4805
-4987
-4678
-3942
-3839
-3343
-2490
-1544
-893
-759
-70
315
309
391
68
-338
-765
-1138
-1688
-2138
-1511
-385
-15
-8
1196
3521
4541
4238
4900
6231
6443
5605
5141
4702
3422
2490
2024
1140
44
-715
-707
-873
-1394
-1702
-1766
-1499
-1820
-2502
-2951
-3241
-3205
-3699
-4352
-4268
-3849
-3318
-2878
-2220
-1522
-682
465
617
524
947
1073
843
-46
-47
1042
1140
797
1196
3028
4318
4158
4856
5939
6377
5623
4932
5202
4037
2592
1906
922
-417
-2070
-2533
-2603
-3210
-3688
-4005
-3451
-3262
-3421
-2980
-2672
-2091
-2072
-2179
-1637
-1604
-1660
-1765
-1655
-1833
-2567
-2575
-2837
-3231
-3493
-3586
-3296
-3304
-1832
-389
-159
1073
3201
5307
5425
5361
6843
7497
7107
5777
5227
4675
2914
2104
1074
5
-820
-1508
-1491
-2261
-2625
-2925
-3329
-3346
-4350
-4672
-4845
-4928
-4765
-5306
-4509
-3141
-2061
-1001
86
1892
2713
3187
3562
3171
2647
1399
327
-962
-1397
-966
-1763
-1542
315
2734
3946
4100
5981
7751
7812
6674
6085
5775
3496
1736
359
-1720
-3159
-4274
-4652
-5057
-5221
-4564
-3860
-2942
-2797
-2405
-1922
-1963
-1656
-2323
-2849
-2686
-2663
-2503
-2226
-1346
-791
-120
1007
1472
2041
2170
2121
1657
1251
2019
1359
503
1061
2393
3318
2706
3196
4688
5315
4685
3998
4696
4034
2761
2162
771
-137
-1032
-2040
-2846
-3458
-3832
-4226
-3870
-4058
-4352
-4040
-4094
-3223
-2537
-2577
-1811
-620
-147
-279
563
1190
1061
1024
781
742
250
-421
-1002
-1113
105
446
146
1007
3230
4837
4184
4316
5793
6205
4925
3531
3387
1897
53
-587
-2083
-3499
-4304
-4419
-4400
-4726
-4658
-4266
-3620
-3816
-4224
-3822
-3757
-3445
-3283
-3847
-3371
-2115
-1603
-1369
-369
596
1323
2275
2675
2644
2658
2527
1815
1560
2305
2267
1641
1978
3914
5204
4587
4983
6545
7037
5736
4881
5171
3730
1935
811
-826
-2405
-3660
-4352
-5120
-5921
-6327
-5958
-5191
-5534
-5597
-4704
-4210
-3601
-2960
-2742
-2159
-956
-225
100
780
1115
1444
1767
1635
1337
1068
891
423
793
1543
1432
1785
3005
5078
6019
5356
5931
7040
6963
5273
4139
3878
2070
507
-573
-2134
-3197
-3751
-3894
-4327
-4859
-4833
-4486
-4257
-5132
-5646
-5165
-5360
-5280
-5090
-5029
-3808
-2220
-958
199
1458
2593
3565
4485
4568
4186
4013
3356
2769
2830
2374
1815
2067
3198
4433
4470
4476
5455
6446
6119
4656
4178
3415
1665
335
-1427
-3098
-4370
-5273
-5730
-6552
-6782
-6452
-5801
-5548
-6002
-5216
-4573
-4597
-4448
-4334
-3540
-2810
-2134
-1289
-337
742
1187
2083
3020
3145
3173
3010
2608
2759
3470
3169
2750
3606
4887
5587
5274
5210
5776
6045
4921
3248
2721
1235
-583
-1709
-3286
-4383
-5186
-5322
-5673
-6248
-5885
-5313
-4481
-4726
-4969
-3934
-3702
-3753
-3784
-3401
-2435
-2001
-1267
-288
854
1615
2316
3412
3569
3688
3879
3536
2960
3184
3787
3119
2965
4220
5562
5621
5310
6305
7094
7036
5867
4923
4347
2319
650
-1013
-3162
-4697
-5870
-6455
-7544
-8202
-7972
-7436
-6535
-6733
-6127
-4832
-4506
-3915
-3609
-2923
-2047
-1861
-1291
-468
483
860
1487
2606
2705
2780
3035
2730
3074
4066
4177
3721
4395
6337
6863
5970
6189
7132
7252
5956
4774
4356
2706
946
-137
-1778
-3423
-4425
-4701
-5562
-6650
-6962
-6799
-6240
-6781
-7334
-6390
-5692
-5453
-5380
-4561
-3048
-2469
-1995
-844
639
1283
1529
2897
3546
3231
3296
2973
3357
4192
3765
3334
4272
6145
6399
5427
5906
7153
7359
5741
4744
4703
3048
1417
-19
-2050
-3782
-4982
-5290
-6460
-7641
-7508
-6888
-6358
-7078
-6955
-5536
-4739
-4369
-4586
-4064
-2805
-2319
-2014
-1696
-801
-30
437
1480
1922
2069
2462
2863
4222
5134
4739
4769
6255
8218
7677
6452
7190
8301
7966
5778
4902
4704
2654
1234
-135
-2068
-3714
-4585
-4819
-6818
-8314
-8242
-7725
-7529
-8780
-8351
-6714
-5895
-5233
-5008
-3554
-2006
-1066
-151
15
1050
1483
1705
2381
1766
1718
1558
1788
3473
3610
3314
4079
6298
7862
6690
6556
7749
8646
7741
5615
5651
4660
2660
1774
-31
-1804
-3376
-3814
-4617
-6871
-7734
-7792
-7109
-7813
-9455
-8446
-7120
-6079
-5773
-5477
-3409
-1987
-889
-210
641
1656
1519
2555
2943
2374
2242
1771
3359
4464
3281
3088
4942
7473
6785
5607
6810
7708
7378
5333
4824
4779
2728
2155
1398
-328
-1785
-2401
-2138
-3958
-5870
-6776
-6759
-6627
-8818
-9424
-8463
-7849
-7377
-7789
-6076
-3889
-2849
-1739
-737
1011
1304
1877
3198
2730
2457
1685
2601
4632
3577
2766
4025
7206
8049
6179
7184
8795
8995
6985
5468
5855
3467
1684
1037
-756
-2479
-4100
-3556
-4115
-5918
-6493
-6509
-5485
-7018
-8599
-7610
-7127
-6855
-7788
-7144
-4924
-4275
-3191
-2154
-347
851
1076
2795
3272
3310
2708
2453
5265
5643
3873
3870
6724
8837
6499
5937
7795
8395
7022
4875
5314
4024
1384
1043
-168
-2116
-4240
-4278
-3848
-5858
-6916
-6894
-5623
-5818
-7944
-7258
-6309
-5728
-5907
-6404
-4488
-3274
-2677
-1996
-718
913
600
1569
2868
3062
3006
2099
4088
5900
4503
3768
5436
8631
7854
5662
6935
8355
7792
4900
4581
5133
2279
1097
605
-661
-2392
-3694
-2769
-3809
-5660
-6329
-5756
-4927
-7196
-7971
-6771
-6117
-5849
-7220
-6308
-4405
-4034
-3481
-2890
-1123
-669
-595
952
1592
2087
1063
1663
4909
4528
3092
4217
7670
8747
6130
6591
8757
8732
6042
4497
5743
3527
1128
839
-386
-1680
-3379
-2939
-2951
-4765
-5212
-5045
-4046
-5272
-6827
-5794
-5436
-5080
-6153
-6329
-4103
-3508
-3317
-3077
-1464
-226
-660
509
1191
1654
1168
1102
4464
4849
3447
4253
7460
9783
7113
6502
9002
9796
7609
4730
5865
4740
1477
775
-657
-2009
-4052
-4580
-4124
-5960
-6807
-6758
-5362
-5511
-7473
-6416
-5556
-5000
-5658
-6450
-4167
-3393
-3314
-2950
-1831
-244
-833
-88
714
990
1081
173
2927
4533
3174
3363
5890
9095
7322
5797
8229
9475
8089
4959
5288
5061
1737
902
-379
-1825
-3609
-4724
-3954
-5605
-6657
-6381
-5451
-5000
-6722
-6117
-5103
-4451
-4262
-5401
-3759
-2353
-2123
-1814
-1360
425
389
503
1394
1677
1908
669
2548
4867
3544
3320
5447
8799
8068
5742
7667
9348
8356
5156
4689
5554
2612
1122
216
-1160
-2391
-3859
-3318
-4339
-5775
-5610
-4852
-4040
-5753
-6031
-4785
-4216
-3856
-5344
-4599
-2772
-2409
-2197
-2391
-935
-530
-756
87
47
368
-715
357
3320
2457
1816
3544
7156
7573
4691
5992
8334
8044
4864
3466
4847
2560
601
-120
-1175
-1927
-3685
-3241
-3675
-5510
-5662
-5127
-4201
-5821
-6456
-5017
-4614
-4043
-5009
-4293
-2287
-2052
-1521
-1503
-111
861
621
1362
1058
1295
454
805
3627
2935
2127
3661
7054
8142
5217
5831
8129
8278
5426
2984
4153
2512
315
-534
-1925
-2452
-3871
-3375
-3179
-4912
-4959
-4384
-3313
-4625
-5889
-4641
-4455
-4047
-5004
-4963
-2718
-2313
-1832
-1652
-384
965
557
1524
1734
1848
1332
1137
3979
3646
2187
3290
6215
7989
5367
5316
7909
8345
6063
3238
3985
2901
-30
-1043
-2523
-3242
-4660
-4693
-3785
-5400
-5717
-4625
-2934
-3512
-5315
-3853
-3085
-2940
-3784
-4632
-2650
-2071
-1969
-1787
-1184
415
315
954
1480
1752
1835
1016
3724
4813
3006
3300
5787
8583
6597
4934
7370
8503
6793
3435
3671
3717
270
-1313
-2857
-4025
-5508
-6561
-5441
-6497
-7478
-6834
-5239
-4635
-6501
-5556
-3962
-3456
-3404
-4479
-2617
-1063
-1065
-766
-429
1314
1446
1582
2390
2365
2557
1208
2907
5090
3200
2717
4672
7917
7258
4636
6661
8575
7539
4128
3234
4284
1432
-677
-2043
-3450
-4505
-6159
-5260
-5779
-7540
-7197
-5842
-4547
-6249
-6456
-4524
-3853
-3373
-4530
-3601
-1393
-1081
-544
-327
1256
2139
1918
2981
2910
3109
2275
2370
4913
3820
2426
3513
6469
7718
4987
5377
7712
7880
5353
3054
4225
2418
-535
-1248
-2564
-3680
-5628
-5544
-4819
-6374
-6621
-5931
-4651
-5401
-6571
-4820
-4249
-4002
-4658
-4786
-2185
-1458
-1324
-976
123
1732
1545
2356
2867
3137
2867
1850
4658
5526
3431
3650
6275
8889
6597
5188
7749
8792
6934
3635
4097
3767
163
-1100
-2535
-3836
-5394
-6327
-5172
-6424
-7522
-7020
-5565
-5069
-7020
-6154
-4966
-4680
-4634
-5862
-3913
-2165
-2189
-1779
-1106
1000
1185
1211
2289
2546
2955
1589
2995
5710
4157
3247
4941
8313
8083
5236
6804
8607
7629
4461
3444
4380
1261
-937
-1754
-3238
-4407
-6060
-5199
-5187
-6748
-6539
-5341
-3777
-5262
-5942
-4193
-3622
-3155
-4611
-4182
-1614
-1479
-1285
-833
824
1740
1284
2395
2651
2944
2212
2147
5190
4797
3110
3981
7005
8588
5660
5614
8013
8058
5751
3439
4317
2553
-585
-1163
-2606
-4042
-5918
-5913
-4896
-6504
-7143
-6392
-4608
-4752
-6611
-5406
-4459
-4208
-5189
-6284
-4008
-3214
-3576
-3080
-1526
347
-110
843
2214
2460
2522
1566
3933
5891
4244
3990
6227
9433
8318
6142
7943
8964
7547
4506
4076
4185
571
-1038
-1562
-3103
-4927
-6065
-4686
-5086
-6479
-6316
-4921
-3664
-5611
-5837
-4022
-3592
-3720
-5054
-3952
-1980
-2512
-2657
-1516
628
654
171
1841
2746
2973
1753
2544
5987
5356
3730
5309
8848
9509
6641
7361
9642
8864
5770
4042
4597
1606
-1523
-1838
-3301
-5259
-6803
-5868
-5042
-6674
-7109
-5925
-4070
-4744
-6334
-4990
-3977
-3898
-5168
-5454
-2754
-2271
-3231
-2691
-652
490
-372
436
1800
2091
1117
289
3179
4539
2482
2684
6170
8973
7190
6111
8739
9630
7283
4658
4970
3918
95
-1073
-1666
-3391
-5247
-5681
-4526
-5310
-6511
-6024
-4122
-3542
-5748
-5777
-4246
-3756
-4690
-6098
-4152
-2370
-3103
-3057
-1374
455
135
414
2183
2980
2729
1386
3086
5946
4603
3312
5519
9099
8515
6001
7653
9574
8160
4882
4338
4837
1300
-1194
-1478
-2657
-4646
-6252
-5250
-5076
-6620
-6850
-5426
-3879
-5364
-6397
-4885
-3794
-3851
-5509
-4737
-2077
-2152
-2812
-1929
324
801
-33
1120
2243
2492
1065
1066
4528
4897
3033
3913
7913
9916
7232
7103
9789
9902
6862
4366
5054
2974
-921
-1773
-2657
-4508
-6662
-6636
-5425
-6388
-7138
-6153
-3968
-4004
-5892
-5047
-3489
-3123
-4643
-5587
-3124
-2167
-3160
-2772
-747
494
-369
209
1660
2192
1281
-39
2590
4606
2711
2420
5773
9125
7638
5997
8622
10228
8224
5154
5296
4879
1140
-438
-1078
-2602
-4780
-5837
-4563
-5105
-6542
-6425
-4745
-3620
-5364
-5518
-3946
-3158
-3720
-5446
-3822
-1625
-2444
-2882
-1491
402
-48
-398
1077
1630
1470
110
1277
4588
3885
2424
4366
8439
8754
5946
7224
9528
8629
5352
4083
4786
1669
-1082
-1485
-2882
-4759
-6367
-5694
-5292
-6490
-6697
-5589
-3798
-4645
-5720
-4340
-3355
-3097
-4585
-4566
-2055
-2067
-2825
-2070
-263
278
-482
422
1213
1575
687
215
3291
4139
2472
3110
6651
8892
6648
6402
9085
9529
6888
4462
5326
3862
485
-402
-1405
-2834
-4570
-4886
-4146
-5206
-6198
-5888
-4056
-3868
-5672
-5151
-3982
-3112
-3993
-5175
-2869
-1572
-2266
-2138
-462
954
73
328
1332
1750
1414
-51
2073
4391
2958
2510
5483
9126
7798
5880
8179
9829
8121
4687
4613
4661
1125
-570
-1311
-2635
-4346
-5625
-4716
-4876
-5902
-6102
-4669
-3210
-4703
-4999
-3818
-2919
-3079
-5130
-4135
-2068
-2720
-3484
-2607
-570
-685
-1243
-288
418
607
-819
397
3550
2721
1545
3669
7639
7660
4915
6446
8952
8065
4733
3848
4763
2093
-256
-1019
-1989
-3139
-4797
-4454
-4201
-5189
-5679
-4951
-3234
-3969
-4810
-3791
-2724
-2185
-3919
-3810
-1367
-1250
-2112
-1793
165
611
-172
536
1063
1466
247
184
3531
3889
2266
3188
6995
8677
5936
5840
8274
8553
5561
3143
4123
2511
-363
-1270
-2324
-3304
-4928
-4934
-4154
-5029
-5626
-5175
-3262
-3361
-4909
-4255
-3325
-2493
-3676
-4727
-2638
-1716
-2250
-2410
-936
465
-134
268
970
1597
1204
51
2693
4360
2789
2562
5637
8798
6818
5405
7637
8791
6837
3398
3745
3679
365
-1240
-2127
-2761
-4176
-5050
-4103
-4561
-5342
-5424
-3917
-3090
-4848
-4711
-3668
-2817
-3132
-4830
-3269
-1552
-1920
-2208
-1367
610
604
306
1011
1660
1951
416
1458
4095
3389
2327
3940
7656
7552
5030
6435
8359
7534
4050
2729
3674
1124
-1368
-2139
-2897
-4008
-5289
-4682
-4470
-5189
-5349
-4318
-2746
-3965
-4883
-3809
-3004
-2748
-4563
-4717
-2538
-2224
-2928
-2763
-793
33
-304
589
1310
2093
1242
1251
4405
4752
3279
4069
7546
8917
6109
6039
8249
8416
5486
3059
3930
2330
-616
-1779
-2855
-3699
-5284
-5408
-4882
-5748
-6115
-5516
-3871
-4169
-5465
-4569
-3483
-2651
-3609
-4400
-2175
-1109
-1550
-1688
-540
583
35
475
973
1288
1047
139
2628
4527
3358
3189
6087
9117
7472
6162
8175
9072
7171
3982
3801
3332
86
-1491
-2418
-3506
-5075
-5678
-4731
-5244
-5898
-5483
-3912
-3393
-5025
-4694
-3601
-3041
-3394
-5051
-3843
-2040
-2136
-2373
-1794
-180
12
-9
708
1209
1616
652
2068
4858
4289
3478
5358
9023
8730
6173
7514
9260
8179
4777
3630
4021
1140
-1173
-2086
-3218
-4673
-5943
-5341
-5462
-6376
-6282
-4988
-3705
-4978
-5491
-4137
-3281
-3086
-4539
-4128
-1804
-1425
-1853
-1466
208
888
664
1313
1746
2282
1544
1550
4361
4814
3336
3961
7442
8874
6319
6149
8165
8309
5727
3611
4091
2328
-585
-1652
-2628
-3894
-5602
-5666
-5109
-5940
-6388
-5592
-3989
-4325
-5568
-4851
-4027
-3614
-4637
-5463
-3487
-2368
-2736
-2772
-1506
-79
-289
236
1226
2039
1843
1048
3553
5436
4062
3714
6662
9485
7557
5933
7850
8760
6724
3697
3578
2943
-195
-1722
-2671
-3871
-5386
-6059
-5294
-5723
-6509
-6176
-4761
-4176
-5440
-5226
-4179
-3438
-3666
-5050
-3803
-1995
-2119
-2356
-1412
390
601
558
1326
2034
2431
1423
2513
5132
4753
3721
5526
9150
9125
6814
7811
9516
8911
6080
4610
4787
2362
79
-965
-2453
-4050
-5354
-5062
-4996
-5855
-6158
-5242
-4057
-4947
-5649
-4865
-4202
-3948
-5187
-5226
-3240
-2760
-3207
-2640
-845
158
68
632
1455
2179
1557
1539
4243
5052
3479
3846
7214
8651
6232
6013
8179
8385
5823
3740
4147
2750
134
-941
-2051
-3366
-4649
-4729
-4410
-5144
-5641
-5044
-3634
-3760
-4872
-4567
-3877
-3552
-4514
-5378
-3677
-2425
-2918
-2890
-1365
145
176
544
1336
2028
1846
744
2240
4239
3328
2538
4847
7730
6780
5374
7010
8168
6760
4193
3671
3320
749
-1040
-2189
-3562
-4808
-5456
-5097
-5355
-5970
-5748
-4543
-3745
-4714
-5068
-4248
-3493
-3731
-5194
-4595
-2648
-2622
-3116
-2197
-274
482
537
1434
2319
2806
2124
2437
5067
5469
3870
4865
8255
8875
6634
6989
8896
8436
5770
4128
4178
2203
-336
-1296
-2480
-3903
-4950
-4946
-4905
-5574
-5868
-5037
-3655
-4159
-5289
-4734
-3971
-3912
-5236
-5916
-4167
-3189
-3779
-3494
-1529
7
241
962
1984
2821
2592
1890
3759
5530
4269
3551
6272
8875
7358
6067
7868
8802
7140
4732
4336
3756
1040
-729
-1788
-3363
-4873
-5344
-4946
-5259
-5756
-5534
-4040
-3064
-4272
-4649
-3651
-3006
-3758
-5335
-4511
-2921
-3267
-3622
-2355
-643
-308
5
1049
1905
2247
1316
1947
4699
4832
3318
4719
8178
8443
6428
7190
8852
8122
5649
4484
4460
2237
-144
-1125
-2438
-4111
-5394
-5403
-5375
-6091
-6542
-5733
-4274
-4838
-5938
-5363
-4485
-4450
-5777
-6136
-4447
-3767
-4172
-3408
-1387
-307
-196
757
1740
2299
1873
1147
2933
4583
3399
2951
5841
8410
7291
6484
8183
9069
7760
5718
5148
4011
1154
-354
-1336
-3108
-4616
-4979
-4567
-4679
-5174
-4962
-3405
-2716
-4030
-4430
-3748
-3567
-4492
-5792
-5172
-3817
-3916
-3906
-2353
-675
-316
168
1332
2122
2243
1381
1799
4223
4662
3227
4287
7555
8349
6898
7417
8943
8631
6740
5379
4831
2735
417
-540
-1859
-3774
-4957
-4851
-4623
-5044
-5523
-4745
-3174
-3509
-4627
-4328
-3701
-3751
-4865
-5491
-4245
-3473
-3857
-3212
-1387
-393
-329
491
1785
2404
1765
927
2327
4201
3384
2389
4516
7155
6685
5729
7007
8074
7122
5211
4409
3547
1139
-409
-1179
-2865
-4523
-4951
-4506
-4461
-5068
-5143
-3732
-2725
-3891
-4572
-3821
-3492
-4134
-5283
-4995
-3649
-3554
-3646
-2223
-410
86
371
1611
2617
2690
1868
1904
3969
4597
3024
3429
6416
7612
6178
6315
7804
7690
6142
4606
3858
2175
-105
-974
-2020
-3914
-5064
-4944
-4581
-4879
-5369
-4945
-3541
-3377
-4460
-4416
-4016
-4149
-4901
-5463
-4402
-3501
-3669
-3112
-1351
-223
-191
590
1894
2361
1885
1222
2282
4065
3564
2610
4382
7196
7197
6114
7131
8037
7337
5744
4537
3474
1261
-278
-1125
-2801
-4259
-4674
-4375
-4436
-4935
-5015
-3932
-2735
-3581
-4299
-3719
-3576
-3929
-4846
-4884
-3833
-3706
-3670
-2454
-822
-190
239
1605
2479
2458
1835
1646
3173
3975
2862
2884
5459
7332
6568
6403
7525
7844
6923
5315
4319
2911
905
-126
-1400
-3051
-3996
-4068
-3885
-4183
-4399
-4010
-2854
-2726
-3889
-3907
-3577
-3800
-4441
-5247
-4650
-3731
-3710
-3288
-1865
-440
2
695
2011
2556
2247
1622
2009
3615
3924
2820
3414
6058
7019
6065
6453
7295
7111
6016
4404
3182
1457
-318
-1436
-2949
-4303
-4843
-4631
-4489
-4915
-4995
-4202
-3137
-3623
-4627
-4454
-4445
-4725
-5335
-5660
-4565
-3803
-3674
-2810
-1235
-78
298
1279
2310
2441
2001
1530
2600
4107
3561
2679
4241
6733
6629
5526
6243
7120
6940
5459
3912
2985
1273
-202
-1396
-3009
-3855
-4033
-3932
-3968
-4262
-4099
-3159
-2500
-3404
-4110
-3799
-3778
-4198
-5227
-5222
-3846
-3270
-2962
-1930
-454
497
1014
2058
2653
2554
2185
1851
2960
3905
3022
2926
5276
7262
6538
6012
6921
7296
6589
4850
3631
2502
569
-772
-1958
-3127
-3838
-4056
-3811
-3849
-4124
-3967
-3035
-2886
-4008
-4233
-3899
-3993
-4693
-5521
-4698
-3481
-3168
-2556
-1232
140
693
1064
1792
2165
2052
1380
1568
3222
3367
2046
2720
5481
6312
5117
5358
6242
6168
4831
3092
2324
1046
-691
-1696
-2721
-3618
-4149
-4040
-3601
-3751
-4059
-3533
-2506
-3002
-4170
-4034
-3619
-3803
-4673
-4847
-3337
-2516
-2589
-1684
-46
986
1253
1955
2740
2723
2237
1733
2538
3938
3353
2604
4382
6814
6834
5975
6556
7046
6474
4850
3383
2568
795
-713
-1526
-2837
-3848
-4169
-3864
-3744
-4285
-4244
-3275
-2878
-4087
-4779
-4250
-4338
-4945
-5537
-5001
-3608
-3198
-2777
-1323
263
972
1417
2491
2926
2555
2013
1575
2536
3317
2386
2376
4442
6022
5514
5402
6124
6173
5587
4009
2782
1740
-12
-1122
-2129
-3366
-4096
-4266
-4061
-4248
-4464
-3860
-2873
-3206
-4417
-4354
-4157
-4702
-5395
-5940
-5025
-3824
-3578
-2663
-957
502
1189
1945
3106
3389
3049
2551
2396
3340
3756
2968
3274
5398
6626
5972
5927
6414
6329
5550
3927
2901
1787
195
-580
-1678
-2908
-3471
-3613
-3365
-3689
-4074
-3334
-2428
-3059
-3987
-3682
-3851
-4495
-5003
-5504
-4743
-3890
-3703
-2603
-1009
209
1037
2076
3211
3390
3072
2704
2887
3880
3671
2832
3791
5865
6318
5504
5833
6322
6118
5081
3527
2759
1514
124
-621
-1985
-3242
-3811
-3854
-3785
-4266
-4409
-3662
-3312
-4193
-4741
-4474
-4754
-5100
-5413
-5541
-4504
-3815
-3565
-2270
-563
676
1334
2209
3096
2993
2519
2092
2188
3039
2974
2446
3491
5359
5718
5115
5509
5904
5656
4649
3174
2243
806
-463
-1066
-2319
-3207
-3406
-3323
-3370
-4117
-4186
-3325
-3141
-3923
-4390
-4549
-4913
-5110
-5780
-5948
-4716
-3998
-3415
-1915
-335
907
1670
2699
3629
3377
2931
2677
3134
4041
3598
3024
4291
6157
6186
5557
6114
6520
6303
4954
3332
2375
886
-106
-1043
-2613
-3271
-3314
-3329
-3856
-4536
-4131
-3391
-3439
-4296
-4717
-4626
-4816
-5111
-5821
-5472
-3882
-3152
-2387
-835
786
1807
2377
3453
3830
3171
2711
2221
2474
3193
2600
2081
3455
5140
5064
4685
5083
5349
5385
4295
2907
1918
562
-197
-1092
-2381
-2793
-2992
-3209
-3586
-4098
-3812
-3292
-3484
-4083
-4314
-4524
-4777
-4896
-5567
-5204
-3707
-3046
-2108
-450
1018
1993
2751
3776
4036
3657
3390
2739
2788
3257
2548
2190
3712
5327
5109
4656
5142
5694
5670
4164
2693
1917
661
-262
-1464
-2926
-3390
-3442
-3419
-3824
-4504
-4283
-3704
-3990
-4993
-5362
-5211
-5211
-5519
-6168
-5599
-4072
-3243
-2227
-582
999
2239
3085
3849
4159
3933
3625
2864
2602
3188
2753
2141
3264
4781
4912
4404
4662
5350
5419
4265
2997
2268
1153
79
-1204
-2779
-3407
-3523
-3708
-4086
-4481
-4024
-3338
-3772
-4634
-4846
-4846
-5046
-5590
-6298
-5862
-4476
-3651
-2727
-1156
449
1878
2866
3662
3984
3710
3434
2846
2758
3426
3006
2365
3479
5196
5509
4959
5258
6111
6145
4760
3482
2948
1963
909
-426
-1927
-2414
-2577
-2894
-3434
-3992
-3626
-3072
-3576
-4487
-4584
-4352
-4450
-4847
-5495
-5096
-3860
-3201
-2501
-1153
532
1885
2508
3104
3419
3163
2887
2154
1749
2327
2280
1727
2491
4218
4819
4423
4692
5422
5505
4302
3035
2384
1233
103
-1110
-2583
-3126
-3297
-3635
-4064
-4536
-4049
-3275
-3653
-4370
-4365
-4194
-4398
-4817
-5267
-4825
-3507
-2748
-2144
-777
970
2372
2981
3550
3902
3394
3037
2481
1725
2022
1984
1171
1705
3550
4445
4058
4259
5271
5774
4929
3635
2959
2097
1097
-110
-1775
-2715
-3157
-3718
-4281
-4759
-4436
-3845
-4148
-4730
-4611
-4205
-4250
-4441
-4595
-4287
-3124
-2200
-1686
-518
1177
2531
3358
4095
4492
4241
4014
3274
1821
1749
2334
1608
1002
2134
3758
3964
3752
4399
5145
4967
3664
2611
1968
1091
-150
-1871
-2700
-2900
-3595
-4096
-4474
-4720
-4583
-4538
-4680
-4847
-4853
-4860
-4677
-4609
-4953
-4340
-3199
-2599
-1676
-239
1150
2073
2828
3308
3059
3025
2727
1342
950
1974
1757
660
1599
3999
4862
4488
5010
6291
6919
5967
4634
3981
2990
1598
86
-1206
-1894
-2638
-3281
-3546
-3832
-3939
-3763
-3880
-4223
-4335
-4266
-3926
-3744
-4122
-3776
-2439
-1535
-1044
151
1693
2800
3671
4029
3980
3900
3416
2182
798
936
1220
-134
-477
1352
3000
3003
2992
4340
5439
5196
4029
3121
2385
946
-285
-1512
-2767
-3496
-3943
-3955
-4287
-4824
-4632
-4286
-4415
-4848
-4942
-4666
-4443
-4443
-4571
-3886
-2616
-1898
-1054
355
1667
2612
3223
3656
3668
3171
2485
1406
695
1050
889
213
797
2505
3652
3879
4444
5362
6017
5718
4655
3913
2976
1928
744
-997
-2209
-2778
-3267
-3935
-4528
-4426
-4091
-4053
-4260
-4211
-3937
-3802
-3701
-3893
-3769
-2860
-2096
-1632
-673
670
1692
2471
3125
3265
2961
2516
1984
894
118
605
569
-78
539
2532
4016
4052
4415
5445
6048
5525
4183
3403
2535
1307
-78
-1711
-2651
-3369
-4021
-4509
-5028
-4854
-4449
-4255
-4066
-3855
-3516
-3119
-2652
-2712
-2766
-1936
-1338
-907
1
931
1787
2679
3106
2983
3171
3164
2167
831
499
973
397
-383
514
2427
3506
3507
4107
5584
6422
5762
4785
4346
3431
2099
643
-900
-2148
-3270
-3932
-4393
-4986
-5117
-4705
-4448
-4594
-4398
-3837
-3332
-3191
-3440
-2980
-2017
-1567
-1102
-292
613
1408
2014
2107
1967
2076
1526
495
-374
-996
-786
-592
-967
-588
1313
3040
3207
3651
5021
5978
5715
4855
4407
3462
2125
764
-1043
-2439
-3382
-3897
-4320
-4978
-4839
-4109
-3393
-3152
-3082
-2642
-2493
-2313
-2165
-2123
-1709
-1274
-563
107
638
1573
2402
2779
2788
2749
2504
1790
535
-654
-252
313
-559
-585
1551
3481
3547
3647
5158
6560
6460
5495
4807
3908
2578
926
-1032
-2438
-3474
-4186
-4557
-5137
-5195
-4396
-3625
-3330
-2995
-2633
-2535
-2134
-2092
-2772
-2893
-2255
-1633
-1481
-1022
151
1146
1562
1645
2077
2024
1010
158
-1040
-1397
-710
-1171
-1573
-11
2533
3486
3753
5310
6832
7430
6739
5759
4993
3394
1767
80
-1758
-3153
-3954
-3908
-4220
-4569
-3913
-3001
-2282
-2145
-2113
-1948
-1798
-1783
-2614
-3017
-2444
-2064
-1781
-1201
-35
961
1572
2206
2381
2306
2018
1570
402
-830
-303
39
-998
-881
1520
3704
3906
4453
6229
7488
7280
5927
4820
3793
2269
332
-1905
-3607
-4651
-4934
-5156
-5669
-4961
-3691
-2988
-2605
-2292
-2185
-2310
-2141
-2685
-3585
-3319
-2713
-2251
-1879
-1089
181
1228
2039
2170
2140
2162
1564
469
-1115
-1497
-589
-1015
-1774
-377
2354
3575
3670
4875
6572
7495
6812
5447
4708
3631
1916
-197
-1903
-2785
-3608
-3984
-4299
-4255
-3500
-2998
-2403
-1955
-2131
-2561
-2419
-2122
-3357
-4207
-3535
-3077
-2799
-2287
-1142
277
1581
2543
2621
3030
3212
2312
1120
-84
92
577
-228
-464
1249
3577
4295
4670
6081
7294
7687
6739
5543
4471
2756
1190
-628
-2370
-3415
-4012
-4068
-4372
-4435
-3695
-2863
-2372
-2509
-2653
-2672
-2561
-3004
-4447
-4562
-3867
-3754
-3305
-2443
-1069
407
1721
2414
2292
2747
2808
1902
651
-637
-360
134
-671
-957
758
3291
3981
4160
5475
6674
6917
5706
4532
3712
2315
809
-1077
-2422
-3088
-3768
-3732
-3645
-3563
-3152
-2602
-2035
-2373
-2897
-2900
-2729
-3385
-4707
-4321
-3444
-3438
-2910
-1906
-353
1082
1961
2578
2845
3358
3085
2133
1243
-73
-61
650
20
-431
1145
3790
4647
4800
5837
6718
7192
6291
4676
3402
2122
863
-1141
-2665
-3314
-3985
-3945
-4003
-3890
-3354
-3034
-2430
-2441
-3025
-3247
-3188
-3544
-4740
-4712
-3791
-3497
-3076
-2298
-684
830
1635
2502
2841
3147
3197
2486
1606
-1
-489
496
199
-675
392
3132
4192
4077
5184
6308
6845
5993
4497
3647
2149
457
-1342
-2725
-3416
-4464
-4328
-3730
-3838
-3521
-2811
-1836
-1740
-2384
-2559
-2591
-2850
-4117
-4654
-3811
-3480
-3157
-2376
-823
888
1939
3049
3500
3720
3839
2968
2286
879
-562
-78
245
-535
-455
2028
4312
4557
5070
6198
7248
6871
4913
3710
2621
1031
-842
-2701
-3402
-4099
-4324
-3626
-3343
-2965
-2360
-1390
-942
-1760
-2342
-2429
-2588
-3821
-4978
-4212
-3529
-3234
-2445
-1216
748
2185
2933
3359
3483
3804
3160
1883
454
-980
-541
-8
-977
-986
1356
3775
4019
4446
5715
6213
6187
5009
3354
1799
140
-1168
-3015
-4418
-4858
-4952
-4300
-4090
-3855
-2862
-2112
-1817
-2262
-2796
-3122
-3339
-3770
-4908
-4748
-3699
-3201
-2174
-1084
318
2096
3294
3993
3842
3738
3663
2760
1384
-484
-863
398
224
-671
524
3666
5238
4941
5709
6749
7379
6726
4563
3005
1622
225
-1364
-3205
-4128
-4643
-4234
-3462
-3704
-3485
-2512
-1662
-1789
-2589
-2997
-3219
-3301
-4215
-5050
-4032
-3187
-2678
-1471
-77
1678
3083
3880
4116
3888
3831
3174
1847
212
-1198
-860
-36
-595
-1117
713
3578
4245
4146
4857
5630
6159
4893
2825
1527
379
-689
-2300
-3647
-4109
-4057
-3167
-2921
-3403
-2827
-1526
-1095
-1872
-2415
-2495
-2546
-2899
-4098
-4198
-3036
-2585
-1914
-736
600
2282
3534
4230
4221
4146
4359
3578
1930
56
-907
-175
-93
-1466
-1426
1295
3587
3514
3643
4683
5547
5336
3532
2005
907
-451
-1677
-3244
-4249
-4507
-4392
-3660
-3514
-3310
-2242
-1264
-1055
-1576
-1931
-1904
-1738
-2514
-3838
-3230
-2067
-1889
-1245
-285
1132
2868
3782
4076
4068
4256
4060
2867
1284
-479
-1476
-1046
-1082
-2255
-1828
888
2773
2746
3006
4055
5192
5109
3108
1507
894
33
-1371
-3101
-3929
-3912
-3643
-3172
-3254
-3153
-2136
-1076
-960
-1723
-2164
-1932
-1729
-2756
-4170
-3715
-2582
-2347
-2110
-1094
755
2430
3345
3795
4016
4306
4057
2850
1412
-75
-1333
-1243
-1085
-2192
-2222
251
2544
2708
2771
4136
5617
5461
3639
2377
1894
960
-496
-2027
-2690
-2829
-2810
-2296
-2086
-1971
-988
71
280
-126
-651
-678
-437
-1359
-2870
-2655
-1554
-1530
-1650
-712
1037
2527
3242
3586
3971
4289
3809
2336
916
-410
-2266
-2716
-2205
-3310
-3975
-1988
622
1342
1283
2543
4266
4877
3711
2384
2043
1300
-93
-1799
-2830
-2884
-3082
-2855
-2493
-2372
-1528
-452
244
70
-605
-592
-406
-1113
-2960
-3806
-2750
-2431
-2811
-2184
-512
1312
2413
3026
3532
3930
3728
2550
1188
-292
-2369
-3333
-2838
-3538
-4725
-3310
-156
1396
1489
2698
4664
5900
5476
3809
3105
2870
1738
-98
-1732
-2263
-2464
-2410
-2240
-2306
-1601
-525
217
325
-284
-590
-410
-441
-1873
-3419
-2663
-1631
-1859
-1838
-518
1496
2730
3385
3782
3958
3953
3012
1389
-503
-2379
-3903
-4305
-4129
-5084
-4971
-2252
378
1234
1631
3555
5843
6144
4607
3332
3193
2455
694
-1182
-2116
-1972
-2018
-1881
-1394
-1134
-455
489
835
195
-626
-574
-430
-1306
-2977
-3383
-2066
-1643
-2096
-1313
805
2463
2842
3108
3480
3431
2692
1164
-543
-1970
-3634
-4821
-4169
-3938
-4728
-3216
310
2336
2558
3750
6097
7437
6739
5037
4373
4059
2558
511
-985
-1204
-1401
-2078
-1984
-1627
-1398
-984
-400
-51
-673
-1316
-1134
-1105
-2295
-3704
-2996
-2011
-2512
-2399
-1003
576
1248
1573
1970
2016
1883
841
-709
-1869
-3250
-4780
-5234
-4332
-4306
-4523
-2037
1277
2568
2827
4420
6640
7181
6066
4862
4521
3847
2025
295
-652
-1265
-1915
-2203
-1838
-1502
-1170
-508
73
97
-340
-511
-328
-830
-2284
-2948
-2148
-1919
-2698
-2337
-809
250
733
1077
1319
1540
1174
-25
-1104
-2004
-3561
-5094
-4720
-3517
-3935
-3794
-903
2334
3228
3347
5198
7085
7175
5779
4617
4366
3257
1405
-139
-987
-1281
-1829
-1881
-1377
-1090
-529
264
824
464
-168
-5
-53
-1073
-2585
-2977
-2189
-2401
-3095
-2387
-731
284
638
1430
2061
2112
1735
663
-484
-1518
-2620
-3545
-3552
-2706
-2555
-2059
195
2382
3175
3825
5323
6396
6245
5339
4437
3814
2685
1355
494
-276
-972
-1221
-993
-782
-731
-355
196
432
290
-133
-664
-1181
-2032
-3484
-4327
-4307
-4601
-4819
-4112
-2928
-1989
-887
302
1037
1432
1326
866
247
-662
-1772
-3014
-3422
-2592
-2283
-2393
-1088
1306
3027
3567
4302
5518
6277
5897
4847
4047
3009
2019
1292
168
-705
-887
-512
-297
-459
-79
596
988
793
-112
-824
-1335
-2256
-3624
-4604
-4617
-4825
-4867
-4288
-3723
-2568
-940
388
1002
1290
1777
1744
1148
60
-1428
-2329
-3089
-3540
-3106
-2833
-2240
-289
2439
4022
4411
5702
7151
7453
6657
5319
4365
3694
2803
1025
-586
-525
-312
-719
-1008
-790
-26
335
94
-503
-1067
-1350
-2003
-2934
-4163
-4930
-4800
-4737
-4508
-4058
-3083
-1484
-263
480
1149
1965
2214
1546
737
-362
-1382
-2463
-3938
-4028
-3095
-3019
-2694
-451
2251
3296
4324
6448
7878
8126
7422
6710
6138
4870
3162
1560
736
105
-677
-685
-566
-506
71
296
240
249
-217
-1288
-2226
-3021
-4785
-5861
-5618
-6042
-6177
-5052
-3503
-2281
-1230
404
1886
2716
2793
2277
1784
479
-1136
-2496
-3957
-4062
-3437
-3342
-2420
160
2881
4079
5355
7475
8667
8500
7466
6342
5145
3389
1583
-141
-1419
-2091
-2312
-1859
-1756
-1491
-180
495
561
585
-47
-1208
-2338
-3551
-5552
-6916
-7042
-7401
-7104
-5803
-4251
-2468
-601
1412
2792
3473
3689
3125
2098
408
-1378
-2965
-4820
-4910
-3661
-3539
-2951
-263
3062
4798
5910
7890
9213
9184
8016
6503
5127
3209
1325
-356
-1668
-2123
-2173
-1763
-1393
-664
843
1277
1139
1126
156
-1135
-2231
-3861
-6189
-7474
-7490
-7975
-7676
-5964
-4066
-1769
693
2894
4514
5615
6024
5100
3858
2219
-130
-2021
-4073
-5343
-4519
-3905
-3665
-1442
2376
4807
5814
7835
9673
9962
9080
7522
5879
3890
1981
-316
-2541
-2725
-2544
-2901
-2373
-1159
-36
391
692
841
-269
-1784
-2916
-4343
-6497
-8140
-8336
-8373
-8056
-6629
-4840
-2475
338
2721
4412
5646
6480
5953
4483
2626
-55
-2326
-4316
-6450
-6668
-5302
-4393
-3004
559
4628
6825
8368
10251
11350
11100
9387
7073
5057
3175
827
-1751
-2776
-2827
-3249
-2784
-1735
-994
-120
554
726
97
-1238
-2737
-4272
-5975
-8107
-9367
-9063
-8384
-7414
-5725
-3136
-142
2350
4318
5637
6534
6730
5384
3420
1306
-1126
-3196
-5264
-7043
-6669
-4931
-3853
-2201
1435
5196
7298
8553
9768
10562
10098
8174
5819
3631
1494
-743
-2698
-3448
-3466
-3345
-2568
-1518
-455
535
872
774
217
-1281
-3108
-4588
-6249
-8257
-9247
-8910
-8140
-6963
-5061
-2376
701
3358
5154
6392
7220
6972
5498
3634
1382
-982
-2811
-4697
-6224
-5527
-3524
-2562
-1075
2637
6205
7809
8984
10360
10755
9837
7735
5125
2667
396
-1876
-3744
-4395
-4316
-3953
-2806
-1515
-486
516
1052
940
-7
-1787
-3732
-5384
-7072
-9047
-10121
-9610
-8389
-6947
-4950
-2052
1084
3666
5835
7435
8178
8005
6803
4896
2319
-348
-2334
-4084
-5504
-5319
-3309
-1501
-108
2705
6424
8853
9578
9913
10279
9720
7519
4377
1677
-322
-2304
-3881
-4534
-4462
-3745
-2310
-680
476
1162
1525
1638
931
-1106
-3457
-5182
-6928
-9084
-10442
-10043
-8883
-7581
-5230
-2106
805
3410
5657
7155
7655
7196
5703
3669
1524
-1068
-3578
-5236
-6264
-6847
-5696
-3246
-1487
399
3622
6733
7882
7815
7928
7793
6295
3563
960
-816
-2206
-3550
-4291
-3820
-2733
-1511
-206
914
1784
2154
1863
886
-718
-2738
-4779
-6458
-7983
-9150
-9125
-8032
-6408
-4281
-1630
1266
4092
6373
7594
8076
8127
7385
5661
3511
1290
-1014
-2840
-3986
-5020
-5415
-3890
-1797
-814
744
3652
5902
6333
6333
6802
6602
5361
3610
2086
951
-35
-744
-1260
-1223
-631
55
662
1016
1107
855
170
-882
-2386
-4181
-5643
-6676
-7704
-8655
-8444
-6907
-5278
-3593
-1424
1158
3645
5379
6406
6761
6758
6290
4881
2934
708
-1367
-2977
-4606
-6286
-7162
-6035
-4300
-3641
-2161
1009
3996
5315
6007
7266
7937
7463
6141
4574
3376
2042
524
-698
-1228
-1131
-986
-511
99
254
402
379
-257
-1469
-2970
-4300
-5483
-6677
-7929
-8418
-7579
-6390
-4951
-2901
-356
2425
4803
6615
7609
7786
7461
6154
3996
1342
-1620
-4000
-5970
-7800
-9014
-8286
-5916
-4115
-2165
1161
4956
7505
8433
9159
9621
8824
6792
4322
2108
-15
-1896
-3254
-3979
-3726
-2932
-1805
-235
1007
1693
2045
2082
1372
-826
-3121
-4393
-5809
-7819
-8989
-8286
-6954
-5564
-3345
-713
2069
4774
6618
7461
7583
7295
6089
3861
1155
-1783
-4053
-5543
-6995
-7954
-7391
-4786
-2085
-378
2297
6048
8924
9744
9660
9742
9074
7143
4252
1411
-579
-2136
-3352
-4063
-3858
-2709
-1525
-232
1069
1499
1445
1273
476
-1679
-4341
-5992
-7472
-9329
-10425
-9980
-8514
-6861
-4500
-1437
1491
4258
6415
7663
8235
8041
6920
4992
2805
192
-2399
-4009
-5425
-6481
-6272
-4825
-2209
7
1735
4621
7873
9565
9201
8663
8545
7430
4970
2052
-77
-1410
-2516
-3255
-3350
-2307
-1036
-80
1345
2047
1789
1598
831
-887
-3367
-5557
-7067
-8787
-10162
-10636
-9738
-7842
-5812
-3294
-341
2901
5596
6949
7822
8301
7930
6482
4118
1870
-453
-2635
-4276
-5926
-6504
-6124
-4864
-2217
-187
1354
4125
7522
8793
7861
7825
7911
6202
3517
1020
-523
-1690
-2866
-3587
-3442
-2099
-1024
-211
1168
1556
1202
777
-355
-2225
-4659
-6710
-8099
-9325
-10262
-10453
-8952
-6653
-4545
-1755
1575
4772
7037
8495
9611
9650
8672
6924
4619
2380
-246
-2643
-4200
-5600
-6011
-5571
-4321
-1971
-163
1462
3913
6388
7396
6892
6553
6045
4667
2488
-37
-1370
-2021
-2766
-2974
-2427
-1216
-243
766
1829
1624
1055
519
-933
-2793
-4809
-6856
-8312
-9056
-9499
-9366
-7696
-5314
-3113
-241
2910
5577
7759
9032
9537
9331
8316
6542
4062
1639
-682
-2747
-4009
-5072
-5593
-5117
-4158
-2216
-162
979
2461
4687
6253
5845
5013
4825
4176
2803
840
-481
-977
-1341
-1314
-1243
-685
410
1124
1646
1466
727
258
-701
-2340
-4291
-6098
-7099
-7430
-7685
-7687
-6233
-3827
-1955
36
2478
4735
6551
7523
7803
7627
6967
5774
3773
1671
-243
-2326
-3893
-5044
-6079
-6164
-5625
-4717
-2944
-1419
-440
1229
3437
4354
3739
3571
3974
3547
2098
700
123
-180
-308
-471
-685
-27
774
1056
1051
670
373
-182
-1389
-2609
-4081
-5426
-5976
-6343
-6775
-6415
-4845
-3117
-1571
489
2750
4620
5897
6589
6977
6888
6214
4846
2939
1094
-789
-2643
-4278
-5844
-6541
-6235
-6075
-5233
-3179
-1563
-327
1806
4046
4847
4915
5448
5690
5184
4312
3198
2233
1749
1572
1010
549
955
1289
1384
1352
1057
758
-66
-1055
-1991
-3498
-4911
-5689
-6256
-6870
-6730
-5506
-4282
-2861
-869
1171
3197
4783
5719
6329
6578
6105
4609
2690
896
-1152
-3249
-5187
-6750
-7316
-7303
-7095
-5775
-3215
-1208
376
3084
5771
6740
6980
7392
7293
6516
5194
3519
2080
1489
1054
115
-258
333
1033
1431
1486
1272
983
444
-677
-2307
-4046
-5492
-6619
-7715
-8619
-8450
-7289
-5847
-3854
-1366
1085
3503
5637
6941
7376
7463
6878
5100
2880
594
-1848
-4113
-5935
-7357
-7916
-7583
-7087
-5825
-2925
-76
1500
3531
6303
7862
7756
7370
6891
5942
4561
2620
855
54
-199
-536
-668
-108
663
1246
1570
1405
771
-259
-1705
-3445
-5426
-7330
-8722
-9383
-9574
-9257
-7729
-5451
-3054
-468
2182
4769
6925
8197
8588
8304
7383
5548
3026
536
-1799
-3896
-5477
-6472
-6615
-5977
-4962
-3714
-1481
1369
2988
4071
5872
7289
7184
6045
5108
4424
3190
1457
-14
-543
-374
-309
-170
511
1551
2392
2588
2195
1451
608
-731
-2808
-4744
-6239
-7424
-7948
-8019
-7766
-6559
-4259
-1888
61
2191
4468
6210
7157
7240
6639
5714
4402
2500
154
-1808
-3274
-4485
-5227
-5664
-5332
-4235
-3060
-2021
-402
1741
2705
3075
4092
4844
4470
3564
2901
2304
1569
747
107
114
618
1040
1487
2147
2709
2890
2636
2105
1145
-417
-2231
-3967
-5388
-6819
-8045
-8192
-7432
-6433
-5025
-2900
-602
1634
3694
5129
6183
6906
6521
5292
4050
2480
430
-1485
-2948
-4302
-5314
-5444
-5348
-4986
-3996
-2891
-1967
-628
899
1426
1608
2503
3286
3080
2615
2539
2689
2708
2389
2208
2578
3174
3419
3301
3284
3306
2912
2047
952
-344
-1769
-3219
-4555
-5664
-6641
-7012
-6616
-5931
-5018
-3536
-1666
-63
1453
2978
3870
4345
4664
4283
3330
2311
1237
-220
-1658
-2583
-3305
-3643
-3751
-4031
-3825
-3040
-2370
-1886
-994
500
1315
1684
2641
3576
3876
3642
3651
3810
3673
3252
2724
2735
3011
2908
2679
2692
2876
2619
1918
1327
555
-643
-2030
-3301
-4201
-5194
-6130
-6320
-5861
-5318
-4496
-3117
-1613
-240
1147
2244
2907
3455
3475
2840
2110
1316
243
-812
-1524
-2278
-2940
-2803
-2559
-2410
-1951
-1504
-1037
-417
482
1174
1236
1681
2595
3053
3020
2890
3235
3822
3707
3248
3177
3502
3599
3376
3191
2969
2716
2252
1495
539
-681
-1793
-2885
-4244
-5452
-6378
-6723
-6532
-6443
-6181
-5077
-3520
-2210
-1124
192
1346
2103
2666
2592
2008
1374
819
24
-962
-1561
-1867
-1905
-1893
-2057
-1864
-1228
-644
-450
-478
171
1051
1105
975
1421
2150
2278
2132
2579
3211
3455
3544
3845
4138
4363
4440
4074
3553
3017
2060
709
-659
-2038
-3404
-4643
-5590
-6204
-6718
-6678
-5868
-5031
-4167
-2809
-1209
6
856
1804
2479
2733
2708
2372
2052
1750
1221
597
244
97
-102
-144
-94
-387
-629
-647
-1051
-1665
-1952
-1729
-1462
-1611
-1169
165
1431
2179
2949
4145
5127
5632
5805
5595
5225
4808
3913
2471
1189
264
-879
-2071
-2920
-3654
-4165
-4481
-4705
-4740
-4659
-4236
-3636
-3346
-2920
-2137
-1321
-755
-379
105
620
1219
1702
1840
1947
2273
2460
2219
1856
1479
1018
401
-536
-1581
-2326
-3018
-3859
-4147
-3988
-3454
-2185
-1024
64
1827
3839
5172
5863
6551
6948
6810
6228
5095
3718
2569
1442
204
-723
-1294
-1752
-1806
-1520
-1680
-1766
-1563
-1841
-2242
-2676
-3330
-3754
-4056
-4554
-4789
-4381
-3604
-2955
-2037
-798
222
1294
2279
2698
2773
2670
2219
1401
418
-771
-1856
-2601
-3520
-4269
-4195
-3698
-3165
-2322
-1060
809
2583
3545
4448
5674
6412
6112
5492
5015
4310
3344
2247
1157
429
202
100
-32
331
762
975
1388
1289
632
164
-610
-1883
-3141
-4213
-5061
-5575
-5775
-5690
-5012
-3910
-2790
-1607
-358
700
1466
1952
1959
1538
1099
582
-200
-976
-1589
-2023
-2097
-2027
-2011
-1470
-475
252
866
1579
2134
2757
3245
3053
2756
2927
3033
2400
1765
1607
1523
1486
1390
1249
1507
2182
2613
2564
2665
2848
2641
2043
1169
232
-746
-1952
-3166
-4247
-5241
-5666
-5672
-5658
-5354
-4393
-3210
-2225
-1076
-43
727
1577
2145
2032
1775
1817
1518
928
652
436
271
534
709
505
657
1071
1138
945
635
164
114
286
-405
-1095
-622
-46
-125
-70
589
1324
2071
2762
3031
3440
4131
4319
3855
3242
2468
1559
585
-815
-2494
-3730
-4651
-5727
-6691
-7269
-7255
-6795
-6342
-5768
-4759
-3546
-2415
-1217
-201
346
1014
1857
2187
2117
2257
2623
2793
2617
2249
2195
2564
2500
1826
1460
1447
1011
199
-527
-1180
-1516
-1412
-1659
-1991
-1354
-175
676
1412
2496
3701
4833
5654
5938
6015
6123
5836
4953
3798
2499
1147
-157
-1647
-3213
-4379
-5244
-5880
-6211
-6373
-6369
-5788
-5005
-4520
-3816
-2833
-2084
-1405
-601
-148
172
873
1465
1578
1772
2283
2834
3169
3138
2935
2916
2749
1716
419
-431
-1443
-2765
-3844
-4623
-5269
-5157
-4296
-3626
-2684
-801
1379
3122
4586
5889
6902
7715
7921
7176
6123
5322
4241
2602
999
-147
-1185
-2187
-2851
-3403
-3838
-3907
-3811
-3837
-3925
-3871
-3616
-3325
-3155
-2974
-2593
-1876
-998
-296
367
1462
2616
3240
3693
4163
4433
4430
3984
3114
2124
1123
-35
-1481
-2759
-3786
-4599
-4883
-4913
-4833
-4408
-3158
-1424
-184
860
2435
4229
5319
5531
5571
5671
5354
4411
3051
1827
998
113
-922
-1733
-2034
-2062
-2174
-2331
-2470
-2456
-2509
-2814
-3157
-3536
-3914
-3979
-3808
-3825
-3682
-2916
-1882
-990
8
1161
2158
3008
3485
3422
3233
2880
2137
1201
269
-677
-1446
-1934
-2382
-2657
-2505
-2144
-1664
-1024
-368
341
1261
2337
2931
3134
3675
4246
4244
3839
3552
3399
3210
2803
2175
1604
1363
1295
999
496
188
105
-104
-475
-1006
-1560
-1907
-2330
-2997
-3590
-3954
-4035
-3954
-3848
-3532
-2925
-2172
-1359
-575
25
449
863
1161
1055
675
432
221
-186
-636
-962
-1051
-943
-790
-712
-435
-7
165
327
556
594
491
711
1064
966
784
1170
1813
2090
2181
2433
2991
3601
3709
3338
3208
3470
3236
2329
1601
1208
617
-186
-804
-1366
-1949
-2287
-2596
-2979
-3228
-3374
-3379
-3262
-3148
-2977
-2717
-2276
-1762
-1400
-1126
-602
22
352
407
528
818
924
761
507
331
204
37
-258
-528
-610
-769
-971
-935
-802
-757
-587
-97
468
797
1006
1615
2416
2720
2675
2776
3078
3151
2817
2412
2276
2266
1928
1336
964
812
446
-100
-535
-957
-1461
-2025
-2556
-3010
-3505
-3906
-4041
-3933
-3866
-3699
-3179
-2448
-1743
-1153
-581
67
628
913
1010
1000
927
712
445
214
-26
-147
-188
-287
-223
-56
53
249
556
734
817
890
902
1198
1408
1152
1239
1901
2211
2037
2135
2588
2899
2835
2629
2548
2672
2665
2099
1423
1111
654
-229
-1031
-1630
-2213
-2779
-3316
-3671
-3840
-4006
-3958
-3534
-3192
-2989
-2581
-2050
-1594
-1273
-1064
-826
-468
-215
-219
-200
36
142
233
531
798
1103
1487
1795
2037
2316
2456
2417
2453
2408
2121
1845
1641
1548
1546
1336
1150
1465
1867
1846
1872
2280
2579
2587
2520
2237
1944
1919
1601
833
300
-27
-648
-1295
-1850
-2485
-2940
-3265
-3749
-4179
-4426
-4565
-4616
-4599
-4625
-4591
-4301
-3979
-3770
-3501
-3111
-2676
-2103
-1580
-1228
-656
97
634
1115
1681
2180
2652
3042
3211
3299
3330
3153
2830
2504
2091
1502
949
608
469
316
37
59
452
793
929
1195
1710
2173
2435
2465
2455
2557
2482
1981
1498
1287
872
212
-287
-721
-1237
-1694
-2227
-2736
-2997
-3354
-3851
-4090
-4156
-4291
-4329
-4189
-3969
-3507
-2940
-2474
-1743
-695
121
744
1639
2446
2925
3396
3704
3672
3639
3522
3027
2494
2132
1555
998
664
254
-53
-119
-182
-124
197
305
418
949
1391
1460
1624
1945
2202
2468
2513
2314
2300
2413
2137
1575
1192
737
32
-667
-1495
-2389
-3091
-3811
-4495
-4907
-5358
-5773
-5615
-5265
-5120
-4701
-3947
-3142
-2209
-1283
-639
162
1225
1805
2027
2393
2690
2798
2931
2904
2647
2600
2519
2111
1842
1749
1356
1066
1086
761
338
315
236
66
205
253
161
576
1101
1136
1246
1705
1963
2002
2030
1811
1551
1410
996
316
-197
-749
-1508
-2116
-2700
-3432
-4021
-4420
-4786
-5049
-5216
-5270
-4996
-4492
-4109
-3580
-2733
-1839
-1018
-162
653
1417
2224
2771
3096
3447
3645
3578
3614
3593
3261
3069
2982
2620
2285
2172
1831
1418
1272
990
462
179
-46
-464
-628
-730
-1068
-1156
-852
-727
-693
-304
138
405
738
1017
1120
1245
1236
908
471
33
-593
-1365
-2023
-2704
-3359
-3846
-4193
-4313
-4248
-4162
-3878
-3268
-2620
-1986
-1245
-483
215
938
1542
1975
2421
2795
2989
3226
3387
3314
3327
3424
3358
3201
3173
2977
2606
2404
2063
1481
996
493
-269
-864
-1243
-1819
-2186
-2051
-1986
-2019
-1564
-908
-410
155
797
1296
1672
1959
1887
1650
1482
1084
444
-179
-751
-1346
-1900
-2339
-2701
-2932
-3049
-3038
-2838
-2667
-2540
-2208
-1806
-1485
-1135
-728
-360
-21
328
577
789
1077
1270
1342
1511
1632
1557
1505
1517
1388
1233
1110
783
479
299
-53
-440
-714
-1032
-1377
-1584
-1763
-1990
-1901
-1566
-1416
-1182
-630
-63
370
876
1385
1744
2149
2448
2430
2375
2350
2083
1658
1251
811
289
-165
-576
-998
-1332
-1571
-1662
-1575
-1502
-1434
-1271
-1116
-1022
-924
-858
-911
-878
-756
-724
-634
-389
-114
191
601
953
1273
1754
2132
2256
2356
2373
2200
1994
1682
1075
392
-175
-849
-1595
-2122
-2544
-2941
-2949
-2740
-2711
-2420
-1684
-1026
-503
133
720
1239
1736
2088
2306
2550
2726
2630
2482
2339
2045
1676
1353
957
444
-23
-505
-996
-1413
-1857
-2238
-2442
-2613
-2774
-2733
-2545
-2320
-1957
-1485
-951
-359
268
857
1408
1988
2460
2871
3250
3360
3265
3187
2944
2457
1954
1346
554
-163
-827
-1605
-2264
-2681
-3130
-3419
-3263
-2957
-2679
-2087
-1211
-504
163
975
1689
2273
2802
3076
3133
3160
3000
2522
1980
1468
822
136
-527
-1214
-1800
-2282
-2741
-3046
-3200
-3375
-3454
-3320
-3177
-3040
-2686
-2204
-1762
-1254
-715
-181
458
1117
1604
2118
2649
2914
3021
3056
2888
2533
2176
1650
904
240
-383
-1096
-1661
-2067
-2445
-2639
-2612
-2583
-2433
-1939
-1406
-957
-375
298
914
1487
1974
2364
2740
3026
3058
2926
2772
2487
2057
1562
987
391
-190
-836
-1452
-1977
-2456
-2851
-3070
-3127
-3101
-2833
-2424
-2036
-1609
-1091
-553
10
544
953
1323
1707
1967
2075
2199
2251
2175
2082
1977
1752
1517
1312
1016
690
440
199
-106
-346
-545
-768
-977
-1101
-1185
-1251
-1203
-1005
-774
-529
-149
296
716
1089
1456
1756
1977
2173
2164
2015
1792
1456
1010
537
88
-496
-1031
-1385
-1742
-2075
-2284
-2396
-2439
-2326
-2135
-1926
-1574
-1143
-843
-533
-114
213
499
761
936
1016
1075
1082
971
868
776
653
622
593
453
354
283
96
-134
-324
-578
-882
-1116
-1379
-1693
-1870
-1945
-2019
-1971
-1767
-1543
-1190
-625
-90
396
978
1501
1880
2219
2426
2408
2305
2101
1708
1255
812
292
-263
-711
-1133
-1484
-1680
-1744
-1702
-1560
-1380
-1185
-880
-562
-313
-95
107
310
475
536
565
626
685
729
787
866
904
933
1020
1011
911
820
652
441
295
101
-216
-511
-738
-1008
-1248
-1358
-1470
-1521
-1345
-1106
-899
-589
-164
252
651
1071
1431
1796
2120
2246
2207
2057
1809
1451
1062
675
262
-137
-521
-845
-1068
-1243
-1388
-1406
-1255
-1097
-987
-807
-614
-489
-351
-291
-300
-251
-251
-343
-354
-325
-392
-391
-238
-77
58
297
502
586
749
901
892
913
975
862
650
520
332
57
-105
-243
-449
-543
-452
-405
-392
-225
90
370
607
850
1064
1291
1449
1415
1314
1247
1069
784
494
230
-68
-352
-560
-748
-878
-973
-1053
-1099
-1128
-1150
-1146
-1078
-1012
-1000
-999
-1008
-979
-921
-932
-937
-833
-699
-626
-509
-339
-214
-75
93
212
323
517
700
775
815
786
611
402
251
33
-239
-397
-542
-746
-845
-828
-858
-783
-486
-165
116
471
828
1124
1468
1710
1764
1789
1785
1668
1461
1236
958
647
345
41
-267
-551
-786
-921
-982
-999
-999
-968
-914
-853
-811
-845
-833
-759
-741
-768
-728
-663
-606
-482
-309
-160
11
248
454
620
803
910
927
920
878
694
445
225
-52
-405
-747
-1007
-1271
-1474
-1486
-1427
-1329
-1038
-626
-231
180
732
1254
1653
2032
2285
2403
2502
2508
2287
2003
1742
1383
967
610
247
-136
-399
-593
-800
-897
-945
-1036
-1083
-1060
-1077
-1114
-1077
-1053
-1036
-965
-863
-744
-562
-346
-165
52
319
570
853
1124
1282
1406
1488
1445
1335
1149
800
385
16
-424
-920
-1269
-1529
-1833
-1933
-1825
-1769
-1580
-1123
-686
-324
142
602
945
1321
1600
1678
1768
1815
1658
1428
1239
941
592
296
-30
-386
-646
-872
-1110
-1237
-1400
-1639
-1801
-1883
-2004
-2111
-2100
-2080
-2004
-1839
-1703
-1481
-1107
-772
-471
-52
357
654
983
1287
1412
1454
1486
1353
1121
926
624
250
-10
-263
-566
-707
-761
-860
-820
-600
-378
-118
270
658
997
1363
1693
1904
2116
2284
2267
2220
2167
1980
1716
1471
1164
846
509
124
-234
-529
-820
-1148
-1359
-1554
-1760
-1843
-1877
-1919
-1918
-1871
-1802
-1648
-1448
-1282
-1069
-752
-425
-134
177
462
691
961
1206
1320
1391
1457
1442
1381
1320
1122
862
638
393
120
-155
-348
-500
-602
-582
-513
-427
-256
27
313
582
867
1151
1383
1584
1683
1706
1729
1649
1449
1193
904
572
234
-117
-479
-771
-1030
-1287
-1489
-1638
-1795
-1922
-1982
-2016
-2023
-2007
-1945
-1809
-1629
-1448
-1239
-999
-719
-406
-80
246
553
848
1117
1305
1418
1457
1423
1309
1121
901
628
315
14
-308
-649
-915
-1113
-1295
-1400
-1394
-1308
-1173
-881
-512
-158
239
678
1086
1459
1778
1901
1949
1958
1889
1703
1483
1211
875
544
149
-247
-589
-912
-1213
-1431
-1587
-1744
-1810
-1842
-1841
-1738
-1573
-1393
-1195
-957
-725
-472
-184
119
413
699
988
1236
1430
1558
1593
1583
1501
1351
1146
906
617
275
-34
-350
-689
-977
-1184
-1368
-1466
-1404
-1287
-1113
-815
-414
4
450
910
1319
1696
2043
2267
2347
2356
2251
2039
1752
1377
942
483
7
-459
-872
-1222
-1548
-1790
-1938
-2061
-2082
-2039
-1990
-1883
-1742
-1604
-1452
-1249
-1043
-845
-607
-327
-42
277
600
876
1174
1443
1623
1738
1830
1824
1685
1494
1257
931
542
172
-207
-561
-857
-1082
-1214
-1216
-1095
-896
-594
-200
208
632
1054
1403
1705
1953
2127
2145
2064
1929
1700
1389
1036
636
260
-98
-465
-785
-1036
-1248
-1423
-1532
-1603
-1658
-1670
-1657
-1609
-1517
-1441
-1355
-1219
-1081
-939
-754
-534
-317
-98
148
370
564
735
879
967
1019
1028
954
823
635
365
70
-222
-509
-788
-1053
-1273
-1448
-1557
-1538
-1415
-1225
-939
-605
-209
207
573
886
1183
1452
1605
1655
1636
1518
1353
1140
864
578
290
4
-255
-453
-626
-773
-901
-976
-1010
-1035
-1051
-1076
-1090
-1098
-1080
-1057
-997
-912
-846
-715
-547
-385
-151
111
379
672
925
1126
1303
1454
1549
1567
1509
1410
1233
1016
784
518
247
-3
-216
-351
-417
-397
-301
-157
47
316
622
903
1146
1342
1491
1575
1598
1536
1404
1269
1071
810
523
226
-89
-412
-693
-955
-1182
-1363
-1489
-1621
-1719
-1790
-1850
-1879
-1868
-1816
-1734
-1585
-1400
-1215
-964
-675
-389
-70
264
588
902
1157
1315
1424
1501
1503
1412
1296
1103
854
602
337
33
-273
-552
-812
-1017
-1155
-1260
-1300
-1224
-1085
-925
-679
-376
-76
206
477
738
947
1120
1236
1304
1289
1200
1051
876
657
430
184
-70
-304
-552
-795
-985
-1111
-1177
-1195
-1221
-1210
-1172
-1142
-1100
-1018
-897
-727
-538
-301
-67
179
463
726
973
1178
1340
1446
1493
1459
1343
1154
901
571
216
-149
-527
-897
-1217
-1502
-1696
-1784
-1775
-1698
-1508
-1203
-847
-430
42
531
969
1375
1741
2047
2277
2428
2444
2379
2248
2045
1780
1492
1155
783
409
11
-346
-705
-1010
-1246
-1393
-1524
-1615
-1635
-1627
-1570
-1449
-1285
-1083
-823
-569
-335
-85
134
343
548
685
778
835
818
747
647
488
296
87
-168
-442
-695
-942
-1146
-1321
-1433
-1486
-1465
-1382
-1219
-986
-705
-336
76
479
882
1306
1659
1977
2209
2358
2417
2408
2267
2075
1828
1468
1120
755
357
-32
-367
-698
-940
-1109
-1264
-1344
-1331
-1322
-1292
-1214
-1127
-1026
-904
-808
-692
-563
-449
-343
-239
-153
-67
35
107
170
228
254
248
198
100
-41
-215
-400
-589
-783
-947
-1053
-1132
-1186
-1157
-1048
-900
-709
-450
-124
239
602
957
1302
1619
1857
2045
2158
2170
2124
1992
1757
1482
1165
829
480
134
-212
-499
-734
-941
-1099
-1209
-1297
-1352
-1346
-1326
-1244
-1129
-995
-852
-707
-585
-433
-255
-66
117
284
422
540
640
666
676
643
574
455
288
84
-135
-373
-634
-865
-1073
-1219
-1321
-1368
-1353
-1242
-1057
-837
-548
-228
146
532
891
1209
1529
1814
2028
2176
2232
2204
2118
1979
1753
1536
1283
1011
744
468
186
-83
-309
-519
-661
-757
-844
-887
-863
-877
-877
-847
-807
-744
-692
-639
-563
-456
-366
-261
-144
-23
66
117
136
114
49
-58
-191
-339
-522
-701
-852
-1012
-1138
-1235
-1283
-1255
-1141
-979
-760
-479
-188
153
519
846
1126
1397
1608
1737
1825
1845
1784
1668
1543
1342
1139
910
659
425
169
-72
-302
-486
-641
-734
-814
-868
-889
-893
-934
-949
-956
-954
-925
-887
-848
-776
-675
-593
-463
-341
-220
-124
-26
1
20
20
-24
-60
-114
-204
-312
-391
-471
-533
-566
-587
-566
-450
-329
-187
-22
159
349
562
744
904
1082
1220
1312
1366
1363
1320
1271
1179
1045
897
746
606
485
343
209
105
28
-30
-97
-171
-252
-335
-380
-407
-431
-455
-487
-501
-482
-471
-454
-433
-429
-424
-410
-407
-419
-419
-429
-426
-432
-456
-493
-508
-524
-530
-509
-503
-506
-472
-394
-303
-208
-97
26
183
357
529
716
863
1014
1144
1239
1288
1308
1306
1280
1228
1157
1047
905
776
641
515
412
285
147
32
-99
-236
-327
-414
-494
-559
-659
-734
-788
-847
-901
-906
-914
-886
-831
-780
-722
-663
-606
-553
-493
-479
-479
-473
-451
-449
-419
-421
-439
-458
-505
-528
-537
-541
-556
-517
-444
-339
-221
-88
64
237
412
549
672
761
823
885
946
986
1019
1022
992
962
922
856
805
740
653
602
550
496
453
407
334
272
233
181
142
86
15
-49
-103
-167
-222
-258
-312
-338
-352
-376
-400
-394
-403
-412
-387
-418
-461
-506
-564
-622
-651
-677
-689
-672
-661
-638
-580
-504
-451
-385
-312
-252
-172
-74
5
71
150
212
267
298
284
239
180
133
78
39
-1
-33
-40
-5
50
89
153
218
323
432
513
583
626
659
678
661
629
583
521
439
371
299
228
171
102
33
-34
-57
-101
-159
-188
-214
-238
-245
-276
-327
-361
-390
-407
-411
-425
-439
-438
-410
-362
-291
-211
-137
-52
67
170
257
358
440
520
583
621
653
669
641
584
522
462
401
331
257
189
138
86
36
5
-36
-81
-137
-206
-254
-306
-363
-410
-422
-437
-473
-515
-557
-583
-596
-613
-643
-665
-681
-678
-667
-673
-682
-682
-670
-658
-621
-568
-530
-483
-448
-404
-350
-277
-188
-91
16
130
282
437
588
723
859
964
1047
1098
1092
1076
1049
1002
949
900
824
740
669
589
497
410
340
300
277
250
221
211
187
158
135
114
85
51
23
-30
-78
-146
-238
-311
-372
-435
-488
-536
-594
-640
-682
-729
-766
-798
-838
-877
-916
-948
-972
-971
-948
-910
-837
-723
-587
-453
-309
-174
-42
95
233
363
492
609
718
821
878
923
953
953
920
865
786
690
600
520
461
404
344
291
261
238
224
209
187
171
169
192
209
218
207
197
168
127
85
36
-15
-79
-141
-195
-249
-309
-365
-418
-467
-505
-532
-541
-550
-556
-551
-548
-540
-511
-473
-415
-342
-256
-175
-90
-5
54
118
173
204
217
222
216
205
179
128
70
16
-25
-63
-85
-108
-128
-135
-129
-123
-113
-90
-66
-47
-38
-29
-5
30
69
91
115
153
173
195
215
220
221
224
217
205
182
143
121
92
53
23
-21
-75
-134
-173
-208
-270
-300
-325
-327
-282
-242
-201
-148
-75
-6
88
181
259
352
423
446
472
489
467
450
406
334
288
250
216
184
148
93
56
43
36
37
13
-16
-60
-87
-111
-152
-175
-192
-212
-226
-255
-297
-319
-345
-368
-377
-374
-352
-331
-303
-287
-261
-219
-205
-188
-173
-166
-159
-167
-198
-229
-234
-246
-242
-217
-202
-181
-142
-86
-17
66
132
193
286
351
399
445
478
485
489
492
493
482
473
466
433
414
390
383
391
396
395
386
373
346
301
268
234
211
189
154
112
43
-6
-56
-129
-203
-259
-301
-312
-326
-348
-380
-412
-436
-448
-449
-455
-457
-473
-496
-519
-549
-581
-589
-587
-571
-546
-518
-476
-434
-383
-315
-241
-166
-97
-13
68
116
168
185
207
234
249
249
255
269
268
282
283
271
260
276
299
333
378
409
437
470
483
485
496
497
467
431
383
334
295
266
226
180
143
76
25
-12
-61
-125
-188
-232
-266
-287
-316
-340
-333
-328
-326
-322
-324
-316
-301
-288
-277
-259
-242
-224
-204
-172
-139
-116
-85
-63
-42
-27
-22
-10
16
26
19
23
25
45
75
94
118
142
174
187
197
203
201
200
186
174
165
164
157
150
142
133
134
126
105
90
59
35
15
-3
-21
-53
-81
-108
-125
-146
-154
-171
-177
-160
-165
-163
-145
-119
-92
-73
-58
-37
-16
8
42
63
50
42
35
27
11
-11
-25
-50
-66
-81
-95
-98
-97
-95
-88
-67
-47
-23
-4
5
18
55
76
102
128
133
128
111
92
76
72
64
45
17
-11
-34
-52
-54
-57
-61
-57
-36
-22
-19
-7
-19
-51
-58
-55
-45
-24
-17
-11
-15
-3
7
14
35
63
90
92
86
85
92
99
96
91
79
56
36
20
4
-9
-30
-53
-69
-73
-74
-77
-72
-49
-20
-5
-6
-4
10
28
42
37
21
9
-1
-11
-16
-20
-20
-18
-31
-31
-21
-13
-3
-4
-11
-32
-61
-66
-59
-64
-70
-67
-58
-49
-41
-34
-27
-19
-12
-6
1
-1
7
25
30
42
45
59
76
93
103
105
110
112
115
106
86
74
80
79
77
62
55
38
18
15
8
10
-2
-14
-31
-43
-42
-37
-31
-24
-13
-11
-27
-29
-18
-8
5
12
22
25
24
25
27
19
12
-1
-35
-62
-83
-88
-88
-85
-90
-92
-80
-69
-46
-27
-13
-3
0
-4
-3
6
11
10
15
23
17
6
2
5
-4
-9
-17
-32
-40
-38
-42
-39
-32
-31
-23
-20
-26
-25
-26
-26
-27
-24
-32
-28
-13
-7
7
8
9
15
18
10
7
9
21
27
26
17
2
-1
-10
-8
-6
-14
-20
-28
-29
-25
-20
-15
-12
4
19
30
46
64
80
89
82
81
73
66
73
69
81
87
68
54
46
38
35
28
24
18
17
7
7
26
39
52
59
64
69
65
58
49
36
17
0
-14
-25
-30
-32
-41
-45
-54
-71
-74
-79
-93
-98
-95
-88
-81
-83
-86
-78
-71
-68
-64
-62
-53
-32
-9
3
6
-3
-17
-20
-18
-16
-14
-4
3
3
6
7
-1
-7
8
27
36
33
36
56
61
58
58
57
49
38
35
20
7
7
20
18
8
-9
-27
-38
-46
-48
-40
-27
-25
-24
-24
-26
-16
-13
-20
-20
-24
-23
-17
-13
0
14
13
11
10
1
-2
3
-3
-9
2
1
-21
-25
-17
-4
15
18
13
22
30
22
27
28
7
11
21
17
17
14
1
-1
13
8
14
17
2
-4
-3
-3
2
19
15
9
19
26
27
32
41
43
47
38
11
0
-6
-22
-34
-36
-37
-37
-39
-41
-36
-19
-11
-10
5
-3
-18
-13
-2
16
37
42
41
50
40
34
42
57
59
46
35
23
16
6
-7
-19
-24
-30
-40
