-62
-53
-45
-32
-21
-14
-21
-33
-38
-45
-48
-36
-32
-33
-12
5
11
11
12
21
21
8
-25
-35
-21
-12
-4
-2
7
8
9
19
23
21
13
7
9
15
13
-2
-18
-28
-25
-19
-13
-18
-13
-6
-9
4
18
19
15
9
-9
-17
-17
-14
5
15
25
26
24
46
74
84
73
60
48
52
51
33
31
26
18
19
20
21
15
3
1
2
7
9
12
19
12
2
-4
3
9
4
1
-3
16
29
35
40
29
28
23
19
14
-2
-12
-20
-11
5
15
20
9
-4
-9
-12
-13
-29
-45
-40
-25
-3
12
4
-10
-18
-17
-25
-35
-44
-61
-62
-60
-46
-35
-34
-31
-31
-30
-37
-41
-52
-48
-31
-28
-15
2
1
-2
-6
-16
-3
15
18
21
13
6
3
9
23
27
38
31
24
18
-1
-12
-20
-28
-21
-8
-6
-7
-7
4
13
8
-3
-28
-49
-52
-47
-35
-26
-17
-8
-4
4
13
11
0
6
17
20
31
28
14
12
16
22
31
23
4
-23
-28
-2
25
58
62
51
45
42
27
14
12
8
8
12
18
21
28
26
8
-13
-25
-32
-35
-42
-50
-31
-15
-8
2
6
1
6
7
5
23
50
75
82
69
52
38
16
3
-3
-17
-21
-27
-35
-30
-17
-18
-24
-24
-17
3
15
17
18
25
28
27
32
33
33
37
38
25
24
24
17
6
-6
-13
-22
-44
-52
-53
-64
-68
-68
-48
-24
-9
1
16
21
29
32
13
-1
-20
-34
-37
-36
-30
-13
7
6
-14
-32
-41
-41
-35
-38
-30
-24
-26
-15
5
15
25
24
8
7
5
0
3
11
23
32
22
11
-9
-22
-9
13
25
22
15
1
-25
-23
0
19
22
5
-17
-28
-34
-39
-29
-25
-27
-16
-18
-5
0
-4
-1
-6
-15
-25
-22
-11
10
30
37
26
8
-9
-29
-34
-43
-62
-55
-38
-13
2
3
10
6
10
12
2
2
26
39
38
31
19
27
41
36
43
60
62
56
45
30
19
26
36
42
45
42
16
1
6
24
48
48
63
83
96
75
28
-5
-8
-7
-12
-3
-6
-8
-1
-11
-16
-17
-20
-16
-2
-20
-51
-55
-39
5
33
35
22
-1
-18
-36
-35
-37
-42
-31
-23
-21
-35
-35
-18
10
21
-20
-61
-75
-71
-46
-19
4
9
7
-5
-21
-59
-98
-94
-69
-27
-17
-15
-20
-22
-23
-63
-75
-47
-33
-20
-13
-17
-16
14
22
30
66
74
67
36
-25
-73
-70
-45
-4
63
76
51
32
27
42
24
3
2
9
8
-9
-38
-39
10
48
70
23
-68
-129
-118
-36
40
45
7
-18
-7
59
119
140
159
140
119
93
50
52
90
125
119
27
-103
-175
-126
-5
88
105
-13
-177
-206
-131
-15
67
76
56
4
-50
-103
-131
-57
65
162
170
80
-37
-65
33
104
99
-9
-140
-187
-159
-73
9
58
55
34
-23
-60
-64
-33
90
158
110
9
-74
-71
9
111
150
95
-14
-137
-206
-178
-85
-20
-15
-78
-150
-119
-36
68
176
218
160
48
-36
-57
11
135
251
249
127
-34
-133
-76
81
202
228
174
69
-31
-69
-61
-52
-55
-102
-147
-135
-130
-123
-31
72
115
91
-23
-55
23
127
219
148
25
-80
-147
-144
-138
-147
-143
-93
-84
-156
-245
-284
-201
-67
-66
-171
-250
-215
-68
87
158
73
-50
-72
-13
86
146
195
198
137
77
-12
-92
-84
70
218
173
-25
-138
-150
-58
59
51
-23
-122
-120
-84
-74
-11
44
105
218
251
180
113
47
75
95
13
-72
-90
-13
100
142
49
-40
-66
-41
51
113
50
-81
-167
-160
-85
-14
26
138
216
142
55
-38
-39
80
258
302
175
103
44
36
169
116
-25
-110
-109
31
-48
-86
-196
-80
509
384
-78
-392
-624
-452
43
278
76
167
233
395
441
68
61
100
405
356
-243
-430
-440
113
641
462
59
-333
-207
220
359
258
-95
-341
-127
35
-103
-113
-38
68
213
-125
-575
-542
-149
212
296
68
-430
-732
-485
-149
-77
-148
-234
-362
-567
-560
-365
-110
140
65
-255
-473
-607
-434
312
611
358
105
-188
-394
-354
7
52
-274
-430
-537
-650
-569
-478
-559
-326
-268
-751
-1019
-1020
-11
2213
4079
4086
2264
189
-1202
-1263
-97
735
997
809
-242
-1432
-1923
-1564
-276
1617
2465
1236
-700
-2007
-1707
94
2194
3573
2782
871
-513
-1196
-932
-406
-111
-123
-229
-815
-1902
-2352
-2206
-1163
-295
-362
-1136
-2360
-2322
-1765
-1234
-833
-921
-891
1300
6758
9261
6049
1641
-1674
-2385
372
2236
998
366
-703
-2948
-3694
-3604
-2586
1032
4904
4433
691
-3039
-4462
-1102
3560
4589
2813
-362
-3061
-2516
-909
-710
-326
451
798
930
91
-1838
-2059
41
2197
3260
2126
-413
-1511
-856
-118
240
-18
-596
-387
-167
-580
-878
-1014
-661
432
855
-302
-2211
-3062
-2819
-2345
-1343
217
3739
8242
8592
5646
3632
628
-2040
-337
950
-296
-112
-1529
-5094
-5349
-4899
-5014
-1541
1603
300
-838
-1274
-2667
-277
3751
4209
3914
2474
-1012
-2475
-2368
-2447
-1154
-252
-1441
-2032
-2005
-2385
-550
2065
1991
1009
376
-573
-1037
-182
400
710
1192
397
-578
-1154
-895
-73
417
297
-2103
-4366
-4698
-3374
-1126
-102
3760
12629
17625
12588
3596
-3395
-6614
-2996
2424
2923
1394
-1583
-7202
-10268
-8424
-5322
390
7845
7874
1297
-4920
-7572
-2973
5931
10925
8907
2367
-4059
-5894
-3727
-1640
-340
1087
1798
865
-875
-3144
-4713
-2566
2142
4589
2259
-2582
-6009
-4746
-185
2596
2569
1159
319
77
-496
-1499
-3258
-2629
-824
-603
-2694
-6108
-6468
-903
16349
28402
16475
693
-6013
-8683
-2948
6971
5189
1104
2027
-6116
-12533
-10510
-9031
-1881
12291
13975
-284
-9618
-12539
-6708
10480
17466
10831
2376
-5656
-6506
-1773
-1297
-1736
-18
1258
1187
-2025
-7141
-8698
-4248
2218
3470
-1098
-5475
-6832
-2266
3867
5662
4209
783
-83
-542
-2552
-2784
-3077
-3068
-3400
-5246
-8086
-6422
10709
24666
16018
3349
-3758
-9674
-4642
7175
7325
5933
6458
-3720
-11152
-11316
-9818
-2129
10501
12780
-214
-10273
-12982
-7480
6403
14158
11784
4129
-3195
-4335
-2655
-2061
-455
1607
2672
936
-4109
-8741
-10003
-5922
995
3132
542
-2205
-3860
-1102
3635
5995
5832
4297
2879
266
-2295
-4285
-4004
-2120
-2762
-4935
-1555
10571
16936
13160
5714
-3594
-6873
-1856
3767
5073
6087
2945
-5019
-8549
-9781
-8564
-768
7457
6021
-1755
-9085
-12967
-6987
3725
9531
9382
4511
-69
-674
-657
-278
1130
2329
3808
2744
-2341
-7710
-8308
-4868
-2238
-2029
-4576
-7040
-5384
55
3884
5603
6513
5424
5012
4313
2362
994
-463
-1625
-4805
-9535
-13127
-9086
16302
32525
16043
-365
-9065
-14940
-3775
12044
9426
6793
6891
-7162
-13705
-11291
-11948
-2760
15575
16214
-1581
-13567
-20067
-12557
9003
17942
12842
3150
-6405
-5632
-506
174
1236
1597
2944
3851
-887
-7731
-12002
-7678
229
2084
-1564
-6702
-7888
-2193
5030
6569
4206
1595
681
1821
1429
-212
-2828
-4137
-4780
-8366
-10126
-11591
1975
28885
26822
6231
-3695
-11812
-11272
5558
12462
5448
6197
-457
-13695
-13900
-11848
-8606
7726
21272
9723
-6917
-15472
-17225
-349
17266
17675
9506
-1831
-7789
-4431
-2147
-1273
805
2611
4859
2645
-4137
-10661
-10332
-1231
4493
3275
-536
-5198
-5358
293
5191
5176
3872
2602
1273
218
-1345
-2409
-3265
-2665
-4265
-6281
-7754
-4359
19755
31753
12866
-304
-6330
-12510
-2620
10519
5936
4789
5286
-9367
-15979
-12904
-11040
327
17807
14610
-3677
-13014
-16854
-7268
11986
17056
11301
2202
-7028
-6921
-3769
-4169
-2094
1669
3492
1607
-3182
-8710
-11281
-4552
4299
4580
1544
-2230
-5806
-1687
4546
5462
4305
3511
2105
219
77
-1238
-3820
-3019
-4357
-6730
-6744
-1494
20534
30684
12326
-1382
-7033
-11406
-2006
9035
4534
4504
4730
-8786
-14144
-11987
-9435
2371
17657
13043
-5106
-14002
-16753
-6626
10915
14447
8785
617
-7076
-5993
-2645
-2997
-1340
2290
5433
3683
-2580
-8843
-12347
-6139
3509
4529
833
-2878
-4755
-1497
4109
5741
3284
3052
3437
1237
-54
-2031
-5027
-4396
-3634
-6356
-7146
6648
26637
22380
4372
-5287
-12415
-9867
5246
9330
3650
4919
-1914
-11915
-10962
-9218
-4543
9239
18242
6030
-9614
-15624
-14420
917
15314
13189
3112
-5577
-8324
-3796
785
1600
342
1034
3585
703
-4658
-9361
-10104
-3170
2325
1213
-3375
-5588
-2346
2826
6550
5870
2935
2147
2864
2433
-54
-2526
-4066
-4664
-4916
-6246
2994
22449
23999
8854
-2517
-10028
-10500
1232
9615
7202
5718
-1151
-10240
-10561
-9034
-3906
6616
14561
9757
-3639
-12731
-13006
-2543
9926
13734
6914
-4322
-7924
-3823
-949
1088
2085
173
694
781
-2612
-6807
-8541
-4591
-1480
-2470
-4141
-4450
-1491
4010
6874
4026
1667
2082
2198
2647
2052
-1706
-5047
-5546
-7637
-1237
18997
23624
10116
1132
-7930
-14360
-5054
5115
4922
7410
3945
-9338
-13528
-10623
-6293
4180
13959
8415
-4569
-10688
-11403
-4122
7364
10978
5968
-1263
-6844
-7891
-3432
1687
4632
5001
2527
-2155
-7002
-8004
-5020
-1036
213
-2465
-5700
-7250
-5326
1353
8080
8648
6420
4633
1639
-553
-1073
-1644
-2053
-2398
-2740
7407
19063
12574
2226
-2392
-6083
-3616
3526
3360
2464
5422
-1661
-8363
-8657
-9276
-2551
10067
12210
880
-9426
-13327
-7291
6038
11395
6582
-350
-4688
-3701
-128
-226
-1132
782
2868
2548
-1853
-8156
-11223
-6544
1053
2610
-1393
-6502
-8608
-4066
4235
8574
8450
7099
4197
1692
-252
-3149
-4124
-1171
9215
20337
15706
969
-8802
-12440
-7829
3875
9260
7732
4808
-2263
-7986
-9364
-6096
1559
9353
11925
3456
-8888
-16559
-14989
-2369
9609
11686
6997
-859
-6290
-4281
1186
5552
6707
4728
481
-4233
-6766
-7485
-8249
-7554
-4528
-4099
-5085
-6108
-7130
-4330
1787
6845
8244
8205
5539
2066
550
-1887
-7522
-709
24061
26020
6124
-5663
-15781
-18026
-2834
8491
5343
7245
3727
-7328
-7131
-6548
-4230
7049
18006
11634
-6041
-15592
-17725
-9014
6159
10969
4900
-1718
-3897
-1798
818
3193
5394
5831
6469
4820
-800
-6706
-9665
-8643
-5938
-5550
-8065
-9844
-8891
-4371
701
2786
3687
3743
2677
4189
3241
276
-3428
-4796
18010
32560
13674
-1827
-10396
-17548
-7501
7322
4213
3437
4350
-6094
-8646
-7904
-5130
5338
18582
18151
-799
-15169
-18652
-10440
5127
11787
6447
-3578
-9099
-3854
2621
3627
5351
4959
4293
5614
2258
-3279
-5683
-4298
-1888
-4603
-10200
-12721
-12373
-5754
4110
5792
3706
3467
2305
2549
4898
4001
-254
-4820
-9032
6838
28512
18175
1059
-5416
-13359
-9786
5229
6215
2740
8163
792
-7750
-8190
-9538
-3285
11589
19278
5924
-10777
-18250
-15843
-968
11816
11536
2707
-4657
-3845
1462
3422
4285
4380
2856
3291
1597
-3795
-8488
-8584
-4352
-1992
-4852
-8687
-11025
-8879
-375
5593
5894
4739
3977
3626
3516
1616
-2761
-7340
-10589
6832
27856
16113
-1313
-8112
-14284
-8697
6181
7286
4594
10039
1987
-7808
-8896
-9479
-2575
12417
19219
3082
-13853
-17939
-15242
-1406
11236
10661
3977
-2009
-3009
8
579
2329
5667
5461
4254
914
-5447
-11391
-11374
-5780
-2797
-4356
-6727
-8103
-6433
740
5414
5269
6166
6011
5511
5731
1521
-5251
-11052
-11988
10383
29527
13509
-4362
-12304
-18049
-8013
8750
8832
7764
11257
691
-6253
-7335
-8353
775
16633
20231
2593
-13001
-20813
-19163
-823
12985
12112
7012
-232
-4013
-415
1245
3917
7332
7758
6707
1815
-4508
-12023
-13813
-8074
-4977
-5707
-6423
-7487
-6575
1150
6539
6368
7597
8293
7289
6805
2778
-4892
-11630
-11904
10095
27582
12608
-4246
-13271
-19362
-9474
6816
7778
8242
11560
1052
-5731
-7245
-7978
1165
16406
18710
-6
-14851
-21004
-19272
-2134
10847
9485
4367
-1220
-3580
520
2747
4381
7310
7873
6151
1145
-3889
-10388
-12123
-6009
-4728
-8475
-9811
-9636
-8032
550
6796
5342
6457
7573
6549
6810
3451
-2529
-9896
-7834
16911
25479
6535
-5778
-15313
-19943
-6419
5887
4315
8676
8635
-3221
-5724
-6476
-5027
6082
20530
17707
-3248
-14812
-19436
-15049
2035
10192
6432
317
-5277
-4819
-253
2589
6382
8373
8177
5701
674
-2627
-7403
-7999
-2965
-3432
-7759
-9331
-9505
-7277
166
3756
2731
4265
4877
5781
7103
3150
-2737
-9245
-6042
18591
27722
9131
-4713
-14173
-18397
-5910
5339
3308
7199
7063
-4338
-7456
-8851
-7177
4994
20399
17940
-1787
-12682
-17002
-12123
4605
12651
8460
1098
-5915
-6674
-2166
353
3523
6076
6880
6241
1675
-3098
-7906
-7124
-661
-164
-4362
-6856
-8498
-7019
429
3972
2008
2585
3176
4136
5163
1134
-5357
-12955
-2359
26985
28605
8614
-4501
-16632
-18276
-3352
5771
4974
9002
3187
-7829
-9851
-10901
-5070
9152
22270
14072
-6741
-15307
-17547
-8901
7683
12796
7816
-98
-6674
-5659
-2157
-729
3171
5341
5071
2910
-878
-4180
-8445
-5855
-31
-972
-4362
-6149
-6935
-3712
3373
4604
2316
2829
2134
3019
3251
-2291
-9179
-14416
1645
28720
24770
6185
-5896
-17050
-14232
1494
6425
4906
8489
375
-8558
-9677
-11250
-3915
11746
22573
10738
-8165
-15882
-17982
-5888
10545
12987
7425
-520
-6862
-4668
-1187
-131
2912
4637
5285
2555
-1522
-5660
-9672
-4996
943
349
-2511
-4561
-5474
-1900
4713
4871
2616
2829
2097
3234
2142
-3844
-11153
-13354
9877
30849
18187
2136
-9362
-18780
-10185
5450
6856
7173
8663
-2771
-9730
-11468
-10513
-758
15046
22449
6001
-10778
-17088
-16858
-2397
11125
11527
5642
-1955
-5547
-3522
-2200
746
3837
4762
5669
1225
-3942
-7970
-10541
-4462
1500
-553
-3897
-4536
-3576
1546
6426
4865
3820
4298
3502
3520
500
-6172
-14499
-5278
22938
25278
7344
-3658
-16162
-18030
-1996
7144
5896
10116
5583
-5857
-9412
-10692
-5932
6492
20394
15315
-4399
-14120
-17138
-9866
5446
10504
5901
-66
-3714
-2831
-1717
-920
1289
1869
4806
4670
-1694
-5213
-8450
-8222
-2312
-914
-4203
-5601
-4472
-629
3639
4414
4214
4256
3814
4809
3994
-624
-9061
-10391
12854
27534
12735
-795
-11689
-19983
-10090
3318
4521
6581
6936
-1958
-7517
-10211
-7513
2249
16378
21347
4364
-11816
-16876
-12525
1525
10151
7906
4
-4995
-1942
-9
-561
1944
1850
1786
5562
1650
-6114
-7563
-7220
-4631
-360
-1620
-6146
-7462
-3304
2785
4685
4443
4290
2290
3141
4261
1950
-2747
-7937
7243
25769
16179
1578
-7864
-17588
-13430
-832
1671
3299
5819
-912
-5966
-9270
-8503
-99
11481
19732
9261
-7109
-14355
-12944
-320
8645
7022
2082
-4678
-2960
3079
717
834
2722
861
2912
3015
-2655
-6003
-5203
-3741
-2346
-2671
-5231
-6993
-4110
3160
5525
3437
3608
1833
1411
2991
1887
-790
-4472
8320
24393
15155
900
-8004
-15918
-11414
-130
1189
1498
2697
-3699
-5565
-6601
-6486
1010
10540
16770
7999
-5532
-12382
-11707
817
9338
5374
-1130
-7855
-7019
2308
3813
1545
2154
501
885
1296
-1796
-5275
-5639
-2454
-2203
-4829
-5699
-7128
-5786
2188
7075
5852
4000
547
-354
924
1325
298
-642
14596
26971
13437
-1509
-10453
-16999
-9014
3458
2770
993
-66
-7637
-8721
-6937
-4886
2225
11782
14822
3241
-7173
-10933
-8884
4743
11921
5842
-2366
-9841
-8489
1600
6078
4996
3715
943
-268
-937
-3304
-4814
-4386
-1146
-978
-6113
-7914
-7253
-5204
2676
7615
6109
4510
-55
-2069
-292
-719
-2137
2936
21387
26457
10160
-3438
-13911
-17417
-5494
5527
4654
3700
-1057
-9741
-9808
-7025
-2067
6135
14327
12751
-2388
-11866
-12139
-6404
7474
13959
7188
-2936
-10108
-8099
290
6267
7774
5135
1710
-478
-4482
-7787
-6928
-3891
-409
-499
-5982
-10056
-9033
-3806
4659
9357
8397
5413
114
-2859
-2203
-2323
-3405
7929
27402
23564
4776
-7560
-17200
-15517
-522
7282
6289
4939
-4161
-11495
-9737
-6272
1177
10547
16397
8465
-7665
-14673
-13359
-2818
10884
13888
6750
-4275
-9141
-4907
953
6314
8376
4690
1145
-655
-4640
-8774
-9241
-5481
-1311
-2311
-5843
-9397
-10351
-3072
6606
10184
9861
6571
494
-2462
-1697
-2912
-1740
15011
27607
15786
-213
-12050
-20251
-12807
2075
6877
7680
4725
-6793
-12511
-10288
-4101
4944
14557
15769
289
-13465
-16668
-13036
878
12342
10621
1976
-6957
-8909
-2605
3754
8340
10375
6957
2285
-1990
-6391
-8850
-7710
-3013
-1016
-4536
-7793
-10537
-9802
-454
8132
10695
10235
5357
-635
-1758
-2300
-4058
9048
26984
22643
7072
-7069
-18837
-17951
-5634
3053
7271
8103
-586
-8540
-11037
-7966
2493
12568
18219
10009
-7617
-17067
-16053
-6385
4896
10066
6383
-3343
-7101
-3624
-239
4330
8682
8545
6607
3175
-3139
-7702
-7995
-5516
-3019
-4497
-7734
-9427
-9235
-4949
870
5282
7886
7157
4596
1798
-319
-3414
3572
23028
25288
10764
-2078
-14771
-18180
-7833
448
3059
6389
1942
-6190
-8598
-8113
-597
10579
18092
13528
-2090
-13820
-17427
-9239
4007
7774
4787
-1469
-8052
-5891
576
3678
8250
11372
9307
5032
-1344
-6429
-8582
-6700
-2474
-3337
-8375
-11860
-11895
-7624
-360
4408
6596
7610
4897
1646
290
-3373
2333
22235
26684
12366
-1668
-14867
-19341
-10009
-418
3165
4937
1044
-5685
-8658
-8266
-1054
9430
17455
14220
-759
-12813
-17036
-11177
325
5780
4597
-1635
-7646
-6330
-1983
2357
8065
11387
10961
7534
263
-6112
-7541
-5765
-3582
-3742
-6473
-9770
-11183
-7360
-1448
2577
6558
8250
5889
2668
803
-1784
5269
24771
27464
12144
-2111
-16200
-20063
-8537
518
2923
5195
-347
-8692
-9071
-5907
1278
12656
20998
14963
-1657
-12941
-16918
-10623
1945
5533
1274
-4263
-8528
-7581
-3092
1477
7000
11750
12521
9679
2015
-6271
-7852
-5898
-3659
-3338
-7814
-11762
-11509
-8061
-3141
906
3846
6467
6985
4102
798
-1259
8318
26651
28447
14115
-2640
-17069
-19613
-9164
101
3521
3847
-3014
-10146
-11532
-7923
2930
15110
21717
15620
-1314
-13914
-16181
-8371
2915
5969
1204
-6583
-11704
-9015
-3459
784
6243
11666
13361
11596
4606
-3851
-6010
-4688
-2461
-2780
-7792
-12506
-13756
-9580
-3350
93
2768
5351
4635
4278
2030
-852
12461
28608
25768
13110
-2615
-16878
-17731
-8321
-1047
3608
3826
-3956
-11015
-13431
-9048
3152
16995
23943
14797
-1667
-12744
-15775
-6880
3412
3933
-1387
-7845
-11061
-9531
-5241
38
5067
8810
11326
10510
3946
-1824
-3351
-3329
-2549
-4189
-8068
-11686
-12228
-8422
-4447
-1572
1548
3391
3446
3036
1085
6814
23294
29642
20954
7469
-7844
-16377
-12263
-5256
-1129
2546
-626
-8920
-13459
-13923
-7287
7034
21361
22850
10223
-2979
-11633
-10840
238
7005
4006
-3078
-9725
-11885
-9179
-4465
1168
6365
10022
11310
7268
1298
-973
-428
1086
957
-3181
-9099
-12837
-11918
-7827
-4962
-3362
-1120
14
863
137
1506
15986
29604
27032
16656
2159
-11030
-11804
-5987
-2965
265
561
-6542
-12984
-15208
-12545
-2378
12447
21378
15166
2709
-6275
-9995
-3150
6434
7129
1533
-6099
-11207
-11028
-8376
-3905
1921
5786
7647
6585
1421
-1734
-559
1890
3812
1481
-3815
-8416
-10588
-7560
-4298
-4364
-3816
-3895
-3760
-3071
-2622
8964
26225
28292
18286
6443
-5422
-9271
-3260
920
1312
847
-4108
-10750
-14978
-14407
-8003
3745
16470
16023
4663
-4260
-8248
-3349
6609
10819
6126
-3062
-8282
-9004
-8252
-4799
-767
1130
4248
6472
1539
-3396
-2342
697
4018
3285
-2402
-7000
-8492
-5380
-821
-828
-3104
-5713
-7062
-5822
-5720
2181
20004
26217
18893
9593
-2190
-8708
-3671
2973
5896
5803
-317
-8745
-14023
-14842
-9910
-190
11328
12845
3130
-4801
-9562
-6306
5744
11714
9576
3287
-4177
-5794
-4975
-4619
-1317
1495
2082
2652
-11
-4808
-4934
-1044
2654
2972
-84
-3476
-6103
-4250
963
1626
344
-937
-4857
-7440
-7874
-542
15789
23097
16107
5484
-4239
-8854
-3816
3766
6927
7363
3233
-4179
-9991
-11785
-8230
-826
8976
10819
29
-8780
-10993
-7158
3832
11109
8922
2546
-2098
-2449
-1153
-813
135
1468
2029
2560
-536
-6433
-8348
-5536
-710
1182
-1774
-4508
-5378
-3479
1413
2807
1674
1553
-749
-4130
-2940
5474
13793
13713
7521
-483
-7708
-7676
-2629
2078
7764
7714
832
-4983
-7350
-5301
387
7264
9195
1251
-9162
-13749
-11940
-3936
4492
6808
5017
740
-2841
-1466
1051
3731
7372
6220
2312
-343
-4287
-6549
-5669
-4648
-3973
-4471
-4353
-3649
-3520
-822
1587
1678
3123
3391
-283
-103
8671
14873
11560
4267
-3224
-9251
-9495
-4755
-1172
2073
4245
1776
-1431
-3056
-2831
1203
8684
13098
7860
-1879
-9201
-12567
-8775
-1835
889
1432
1594
-112
-2109
-1814
1425
6127
9309
9211
5765
27
-3778
-5018
-5620
-5682
-6668
-6351
-4656
-4826
-3799
-1202
264
2587
4628
3259
5424
14775
18968
12553
3867
-3107
-8142
-7895
-5086
-3927
-2514
-2104
-3454
-4587
-4430
-2078
3372
10505
12517
6947
-530
-5266
-6216
-4094
-2342
-3388
-5114
-5098
-3611
-2922
-2794
48
4827
7687
8018
6124
1787
-738
284
-280
-3982
-7971
-9609
-9074
-6814
-3789
-2865
-1846
618
1570
939
5928
16489
20014
15105
7138
-2196
-8192
-7634
-4182
-1906
-1174
-3249
-7317
-9876
-8433
-3182
4293
11554
11651
4206
-2077
-4346
-2182
3113
3651
-856
-4510
-6362
-5894
-4417
-3723
-924
3550
6062
6605
5053
1985
1153
2342
2169
-1253
-5298
-6115
-6190
-5948
-5024
-5836
-5376
-1535
886
1191
7422
16522
18185
13448
6343
-626
-4304
-3445
-1749
-857
-394
-3275
-7278
-10092
-10700
-6253
2166
9796
9751
1898
-4918
-6524
-2833
4055
6748
3756
-553
-3491
-4328
-4589
-4245
-1280
3035
5883
6133
2302
-1665
-524
2516
4223
2406
-3268
-6269
-5416
-4381
-2939
-2339
-2745
-1893
-1967
-1170
7497
16351
15845
10386
3576
-3155
-5845
-3361
-260
1374
1683
-1677
-6660
-9606
-8669
-4251
2676
8299
5948
-1329
-7058
-8217
-3244
2666
3864
2160
3
-1725
-2397
-2556
-2155
-52
3365
4826
3527
595
-1599
-726
611
236
-2147
-4038
-3465
-2790
-2132
-2592
-3722
-1679
1870
1673
1211
8195
15213
14119
8276
1081
-4256
-5110
-2230
-133
-134
-260
-2056
-4555
-5415
-5309
-2908
3425
7638
3977
-2812
-7778
-9557
-5053
819
1688
527
-1164
-2535
-2030
-1216
-616
1508
4965
6160
3826
-12
-1817
-422
1153
1065
-1560
-4726
-5315
-3877
-1926
-1676
-2431
-1346
520
865
1675
9091
17591
17135
10332
1563
-6242
-8142
-4092
140
2120
1663
-2070
-5751
-6820
-5406
-1239
5166
9560
6111
-1982
-7902
-9162
-4672
3
514
-967
-3474
-4503
-3176
-1806
-567
2492
5943
6877
5275
1340
-1039
-115
911
-159
-3917
-6721
-6431
-4283
-1804
-1414
-1977
-968
333
-245
3657
14309
18731
14192
7616
-178
-5859
-5379
-2781
-1423
471
43
-3622
-5972
-6122
-3551
2233
8453
8901
1907
-4581
-7474
-6632
-1569
799
-1681
-4846
-5881
-4709
-3241
-2207
-1070
2216
5684
6143
3405
-352
-32
2791
3333
972
-3341
-6380
-5768
-2472
-640
-1597
-1829
-409
-158
-155
7025
15882
15327
10585
4675
-2783
-5855
-4431
-2242
-339
174
-2229
-5702
-7410
-6119
-1580
5254
10923
8443
70
-5509
-7820
-5068
908
1798
-1738
-5238
-6890
-6296
-4124
-1815
748
3949
5266
4330
1246
-1698
-477
2703
3770
643
-4350
-6929
-6046
-3076
-746
6
68
-159
-1391
778
11081
18489
15669
9442
1604
-5496
-6545
-3550
-615
1538
711
-3581
-7706
-8928
-5215
1598
9165
12599
6027
-2963
-6813
-6171
-949
3183
1012
-3822
-7248
-8558
-6932
-3948
-1680
1728
4572
4812
2691
-1494
-2685
197
3212
3743
113
-4816
-7338
-5815
-2367
-292
99
219
192
-185
6648
16894
17475
12297
6232
-1002
-4450
-3367
-1869
-408
-64
-2842
-6546
-9269
-8155
-2828
4089
10814
9632
1410
-3424
-4580
-2327
2997
4181
602
-3287
-6234
-6850
-6085
-5508
-2913
425
2437
3286
766
-2752
-2076
670
2500
2188
-1363
-4793
-5105
-3562
-2595
-2108
-860
23
-597
3373
13854
18122
13848
8770
2763
-1430
-1149
-543
-254
658
-1183
-5385
-8943
-10077
-6706
-678
6589
9188
2105
-4312
-4983
-2660
3106
6681
4367
-480
-4889
-6496
-5642
-4495
-2822
-639
226
563
-250
-3315
-4112
-1768
932
2290
-2
-3697
-5140
-3284
-409
723
-31
-1250
-2807
-2627
7450
18717
16763
9328
2913
-3403
-3808
910
3379
3784
2602
-2559
-8562
-11594
-9279
-2825
4613
9998
4928
-5567
-8577
-6836
-1554
6023
7004
3038
-442
-3145
-3905
-2761
-1904
-238
1307
859
415
-2452
-5665
-3991
-1345
271
330
-2505
-4405
-2867
-240
1646
2527
1969
748
-1781
2502
14920
18079
12023
6043
-830
-4363
-2197
154
2181
3833
1922
-2426
-8065
-11053
-7143
239
8075
9159
-424
-8174
-9160
-6320
907
4991
3457
1199
-1017
-2230
-2126
-1408
331
2406
3026
2475
-832
-5859
-6430
-3405
-579
251
-2475
-5598
-6227
-4175
-982
1188
2181
1999
-630
-1876
7092
17474
15896
9087
2369
-4175
-5322
-2139
547
3119
4290
1224
-3819
-8300
-8398
-2610
5244
10872
6428
-4460
-9378
-8920
-3902
3323
4279
727
-2145
-3794
-3438
-1356
191
1948
3693
3532
2382
-1605
-5628
-4352
-2180
-1442
-2173
-5822
-7860
-5939
-3174
-756
502
635
770
-532
4418
16915
19645
12204
5452
-1152
-4446
-1843
531
1789
2421
275
-2884
-7078
-9033
-4968
1349
8429
8961
-1102
-8521
-9302
-6358
1311
4771
1277
-2262
-3966
-3284
-1789
-469
1670
3735
4355
4130
1322
-3685
-4189
-1191
466
-274
-3745
-7203
-7480
-4477
-1670
-741
-780
-774
-1673
-1507
8140
19132
18079
11111
4068
-2642
-4048
-890
1636
4002
4260
463
-4750
-9502
-8969
-2972
4581
10940
6881
-4905
-10147
-9155
-3928
3789
5483
2064
-1472
-4175
-4170
-2548
-1033
1910
4365
4437
3189
-1417
-5723
-3746
-336
719
-1089
-5565
-8102
-6482
-2816
122
616
232
75
-2407
888
13400
18273
13138
7445
168
-4921
-3354
-409
2298
4953
3521
-770
-5373
-8105
-5654
-25
7159
9196
632
-7818
-10409
-8685
-1038
4850
3407
315
-1752
-2621
-1745
-273
1533
3796
4473
3961
1385
-3944
-5253
-2801
-1167
-557
-3083
-6954
-7413
-4894
-2101
-369
-182
-92
-1266
-3120
3997
14824
14947
9242
3016
-3828
-5628
-2705
476
3530
4429
1836
-2252
-6240
-6656
-2781
3332
9610
7307
-3288
-9921
-10935
-6636
1570
4350
1697
-1168
-3060
-2574
-630
952
3317
5659
5891
4684
359
-4742
-3987
-1322
-432
-1014
-4715
-7487
-6076
-3015
-555
482
748
1294
-1021
-1124
9566
17481
13560
7583
544
-6022
-5713
-2210
1254
4591
4520
1290
-3415
-6902
-5173
-273
6613
11223
4387
-6596
-11391
-11344
-4715
2855
2882
230
-2194
-3818
-2766
-1248
470
3570
5202
4932
3432
-1756
-4896
-2373
97
898
-1199
-5585
-7366
-4777
-1009
815
937
1012
-107
-2806
2806
14333
15815
10091
3809
-3807
-6650
-3775
-690
2834
4584
2148
-1111
-4898
-6266
-2375
3395
9744
9179
-1220
-8786
-10170
-7488
117
3918
1346
-1483
-3455
-3329
-1684
-328
2140
4501
4418
3635
528
-4267
-4082
-1252
681
779
-3312
-7342
-7164
-4102
-669
1175
1399
1357
-855
-2144
6616
15650
13513
8001
1485
-5866
-7139
-4091
-811
2972
3548
320
-3911
-7446
-6274
-1453
4887
10267
5455
-5581
-10601
-10513
-5365
2112
3298
570
-2131
-4053
-3474
-1386
1173
4347
5791
5006
3275
-1073
-4304
-2734
248
1880
-157
-4675
-6924
-5628
-2452
865
2016
1902
1136
-1782
2545
14393
16885
10688
4701
-2833
-7212
-5061
-2639
328
3552
2433
-1380
-5213
-6182
-2381
4043
11347
11374
666
-7976
-10353
-8103
-734
2976
870
-1627
-4103
-5021
-3205
-1187
1317
4438
5170
4452
1603
-3288
-4474
-2099
307
670
-2599
-6823
-7354
-3946
-45
2114
2397
1393
-1790
-1197
9954
18249
14352
7603
474
-6313
-6541
-3356
-726
2626
2896
-711
-4614
-7132
-4993
1245
8578
12413
5812
-4804
-9407
-8837
-3480
2431
2330
-755
-3624
-5767
-4769
-2378
-252
3119
4888
4366
2930
-915
-3914
-2982
-506
1002
-492
-4699
-6951
-5274
-2306
668
1869
1940
1381
-1030
4064
15153
16336
10175
4440
-2844
-7222
-5391
-2837
-180
1969
78
-3753
-7581
-7715
-2583
4191
11231
10319
-193
-7461
-9146
-6661
469
3606
944
-2268
-5294
-6488
-4732
-2071
1006
3830
4056
3089
568
-3179
-3258
-1142
774
998
-2831
-6916
-6761
-3262
807
2695
1868
801
-822
3094
15555
20156
12828
5633
-1001
-6079
-4836
-2348
-757
1581
896
-3135
-7826
-9502
-4906
2807
10723
12552
2878
-6957
-9265
-7206
-201
4805
2280
-1525
-4097
-5573
-4584
-2582
-244
3038
4021
3084
1415
-2804
-4134
-1574
538
1715
-412
-5395
-7709
-4986
-734
2145
2427
1554
-604
-1826
7645
18821
17383
10635
3575
-4178
-6255
-3634
-1402
1528
2350
-1018
-5574
-9637
-8685
-2089
6165
12660
9149
-2207
-8818
-9372
-4414
3337
4514
630
-2770
-5042
-4990
-3016
-1213
1603
4316
4329
3631
61
-4140
-3047
-363
1549
1097
-3175
-6871
-6243
-2615
1141
2445
1411
337
-2035
1252
13196
18054
12894
7074
105
-5539
-5249
-3006
-474
2205
1421
-2549
-7626
-10171
-6708
570
8687
11054
2817
-6372
-9951
-8758
-1596
4053
2393
-1198
-3710
-5470
-4898
-2793
-380
3120
4624
3576
932
-3878
-4957
-1871
655
1734
-1030
-6301
-8066
-4810
-306
2753
2773
1772
92
-1550
5848
15407
14837
10171
4362
-2867
-5739
-4635
-2508
1794
4024
1349
-2967
-7598
-8009
-2763
4577
10601
7912
-1567
-7678
-8899
-4896
2103
3860
1042
-1512
-3695
-4230
-2810
-1106
1929
5264
5496
3166
-1171
-5038
-3522
169
2033
1144
-3666
-7742
-6846
-2579
1139
2312
2284
1998
-303
-1245
6583
14903
14960
11445
4817
-3072
-6231
-5028
-1815
2235
3642
1216
-3337
-7322
-6893
-2623
4013
9717
6741
-2133
-7883
-9505
-5658
1001
2588
543
-1983
-4282
-4269
-2915
-1159
2017
5200
5615
3635
-663
-4563
-3944
-1503
445
-652
-4649
-6807
-6105
-2868
115
1481
2794
3134
992
-1331
3352
11592
15120
13842
7436
-1136
-6292
-6278
-2879
1303
3452
1805
-2079
-5917
-6983
-4257
1220
7682
8362
1630
-5367
-9183
-8007
-2933
1140
1844
-834
-3802
-4467
-3922
-2320
875
3853
4698
3145
338
-2478
-3542
-2214
-1093
-2011
-4230
-5699
-5571
-4049
-2060
-56
2242
3204
2529
23
300
7867
14931
15828
11451
3268
-4244
-6525
-4420
-887
2381
2417
-187
-3794
-6788
-6174
-2238
4414
8518
5248
-567
-4796
-6638
-4682
-610
1834
1234
-466
-1536
-2642
-2734
-915
1790
4015
4427
3512
887
-2132
-2415
-2162
-3276
-3747
-3507
-3924
-4537
-4055
-2744
-282
2394
3376
1530
-2578
-31
10131
16413
16049
10247
851
-5486
-6125
-3333
730
3108
2444
-416
-5564
-9231
-7850
-2457
5132
8760
4560
-1844
-6612
-8010
-3783
921
2157
1311
-783
-2785
-3659
-2597
-562
1753
3931
4315
2740
-53
-1857
-2165
-2480
-1702
-545
-1739
-3696
-4410
-3790
-2185
-43
1587
1227
-1488
-4064
684
11054
16984
16033
9459
393
-5265
-5322
-2595
1088
4523
4017
-558
-6549
-10524
-9362
-2871
6216
10038
5000
-2606
-7719
-8165
-3346
2031
4246
2732
-1044
-3850
-4691
-3344
-894
1790
3809
3809
3033
377
-2830
-3315
-2332
-1029
-596
-2065
-4133
-4966
-3807
-1268
134
232
259
-552
-2660
-1982
6342
15926
18223
13396
4342
-4991
-8358
-4722
185
3970
4089
-224
-5449
-10393
-11315
-6210
2462
9990
9532
1746
-6456
-10674
-7625
766
6304
5562
873
-3758
-5083
-3029
-321
1474
3667
5299
5566
3285
-1511
-3492
-2600
-1326
211
-705
-4714
-6786
-5280
-3628
-1939
52
1363
1552
573
-1427
-1775
5636
15772
18044
13018
4167
-4907
-7855
-5078
-1256
2700
3439
-496
-5494
-10349
-11463
-5743
4035
11673
9783
746
-7002
-10582
-7393
495
4446
2894
-344
-3133
-4240
-3097
-334
2904
6281
8144
6992
2730
-2983
-4842
-2371
55
697
-1427
-5576
-7845
-6781
-3968
-233
2371
3481
4188
2533
-1230
-930
7691
16997
18738
13821
3886
-6881
-10485
-7047
-2328
2401
4120
604
-5582
-10925
-10607
-4483
4746
11738
9495
621
-7767
-11533
-8112
-1130
2634
2170
-845
-4035
-4373
-2293
348
3443
6975
7863
5128
1585
-2441
-4675
-3624
-2463
-2535
-4260
-6820
-7173
-5525
-3382
-393
1909
3037
3663
2326
5
-2234
838
11884
18502
15108
7195
-3280
-10257
-8406
-3115
1886
4782
2622
-2072
-7574
-10505
-6379
1272
8990
11459
4224
-5290
-10281
-9734
-3942
1538
2928
1710
-500
-1908
-1340
833
2904
4681
6378
5971
3047
-759
-4665
-6520
-5537
-3844
-2751
-3508
-5122
-5140
-3916
-1973
896
3239
4148
3623
1676
-230
-2457
431
11360
17011
13535
6576
-3312
-9572
-7351
-2213
2335
4908
2374
-2188
-6171
-8285
-5154
721
7448
10371
4296
-3752
-8915
-9936
-3976
3339
6186
5159
1515
-1817
-2188
153
3656
5666
5168
3161
182
-2803
-4958
-5555
-4221
-2490
-1520
-2254
-4401
-5327
-4361
-2036
1451
4073
3911
2823
1398
-800
-2548
-2319
5258
15067
15428
9421
1035
-7938
-9725
-4882
-136
3443
3301
-973
-5214
-8868
-8427
-3241
2922
8594
7461
-373
-6882
-9636
-6250
866
4258
3671
1113
-1461
-1925
-1232
24
1591
2934
3826
3045
308
-3073
-5341
-4777
-2574
-1325
-1329
-3305
-5538
-4397
-1884
249
3260
4532
3913
3312
1559
-541
-3015
-18
10975
16894
13977
6751
-3838
-10280
-8185
-3539
814
3466
1587
-1739
-5084
-7589
-5384
-113
7093
11726
7037
-1373
-7695
-9342
-3759
2669
4844
3035
-988
-2860
-2138
-400
1654
2669
3033
2884
1730
-711
-4174
-5423
-3927
-2761
-2741
-4797
-7860
-7823
-4676
-558
3200
4803
3880
2718
1971
1111
-268
-1967
2914
12348
14620
9826
1136
-8093
-10613
-7054
-2237
2148
3077
600
-2050
-4958
-5740
-2849
2412
9466
11179
4516
-3069
-8556
-8867
-2753
2420
3638
1542
-1244
-1213
-322
1200
3566
4804
5335
4979
3078
21
-3357
-4954
-4297
-3956
-4416
-5511
-6509
-4956
-1818
977
3292
4482
4511
5038
4762
2780
-73
-3136
1093
10728
13202
8686
974
-7978
-11507
-8409
-3342
1806
4638
3737
920
-3254
-5418
-3282
1538
7873
8769
1799
-4936
-9760
-10897
-5374
-293
1221
1501
1037
421
303
1591
3047
3998
4364
3530
1649
-1713
-5410
-7561
-8154
-7674
-6481
-5203
-4417
-3019
-630
1527
3247
5087
6619
6708
5060
2184
-1634
-4775
137
10069
12576
8363
1116
-7777
-11335
-7412
-1460
4329
7792
6126
1591
-3798
-6728
-4377
996
7325
8923
2752
-4763
-10613
-11913
-6277
188
4312
6060
4820
2044
-746
-1011
825
2915
4860
4613
1475
-3098
-7311
-8837
-7286
-5276
-3391
-2504
-3866
-3695
-1491
460
3531
6311
6793
6169
4333
1094
-2174
-5480
-3971
5132
11010
9433
4468
-3291
-8196
-5972
-1199
3552
7392
7335
3929
-1426
-6138
-6259
-2521
4223
9438
6029
-1588
-7655
-10612
-6591
855
5790
7418
5117
1438
-1258
-2304
-731
1651
3879
4889
2713
-1598
-6501
-9416
-8152
-5074
-3054
-2335
-3071
-3816
-2441
-618
1491
3834
5065
6234
5556
1577
-2860
-6629
-9047
-3774
7877
13107
10210
3727
-4616
-8474
-5901
-475
5666
8557
5913
421
-6077
-9508
-6657
-9
8112
10461
3193
-5474
-10858
-10725
-3099
4643
7152
5468
1527
-919
-1378
-585
1451
2932
4120
4850
2375
-3356
-8437
-9587
-7393
-4091
-1410
-1313
-3730
-4187
-1904
-6
2971
6564
8755
8830
5303
-744
-6185
-8842
-7359
2034
12901
13620
7191
-987
-8189
-8580
-2605
3610
7579
8065
4373
-1299
-6831
-8163
-4351
1697
8338
7802
-1499
-9713
-13554
-10867
-1006
7025
8307
5420
1331
-1391
-1349
666
2472
4034
5304
3600
-1411
-7192
-10804
-10234
-6211
-1780
-132
-1911
-4176
-3568
-808
2615
6365
8349
8102
6076
1508
-4043
-7341
-7826
-6500
-56
9676
12873
9121
3389
-2241
-3569
-64
4044
7401
8695
5708
237
-5693
-9315
-7959
-2243
5347
6755
-388
-7382
-10670
-8646
526
8570
9290
6052
1752
-1413
-1898
-540
1186
2121
2505
1256
-2790
-7242
-9449
-8132
-3738
81
639
-912
-3096
-3600
-806
2892
5607
6375
4711
1570
-2442
-5502
-6476
-5832
-4779
-767
8134
13050
10819
6355
656
-2758
-1594
706
2958
4245
2433
-947
-5367
-9138
-8138
-3305
3301
7214
3382
-3010
-6465
-6098
-315
5472
5863
3332
-160
-2691
-2961
-2359
-741
938
2154
3209
1411
-2530
-5549
-5911
-3101
-301
-276
-2319
-4869
-5584
-2983
690
3193
4609
4360
3069
1906
384
-971
-1353
-1799
-1359
4119
11161
11882
7464
1252
-5160
-7405
-4641
-391
3632
5228
3507
-304
-5206
-6621
-3203
2816
8955
8090
467
-6225
-9688
-7657
-1460
2008
1936
386
-1497
-2122
-1813
-522
1960
4063
5011
3509
-923
-5236
-7094
-6381
-4219
-3387
-4378
-5563
-5602
-2276
2888
5765
6824
6871
5764
5230
4538
2234
-767
-3752
-6396
-4259
4471
10543
9066
4304
-1999
-6603
-5398
-448
4870
8612
8587
4651
-1610
-6751
-6559
-1969
4454
7397
1814
-6113
-10180
-10337
-5601
666
3175
3060
2453
1325
198
-89
1093
3083
4321
3722
678
-4054
-8076
-8779
-6669
-4337
-2589
-1845
-2355
-1743
855
3431
5655
7160
6675
5112
2767
-653
-3849
-6028
-7187
-6603
-778
7971
10816
7545
2465
-3001
-4858
-1525
3220
7083
8313
5326
-492
-6788
-9356
-6141
-441
4287
3447
-3479
-9574
-11339
-8538
-2102
3039
4696
3713
1622
733
731
1637
3911
5479
5394
2843
-2297
-6377
-7688
-6506
-3545
-1868
-2192
-3032
-3318
-990
2749
4892
6337
6495
4703
3232
1438
-1046
-3235
-4909
-5668
-6546
-2767
7098
11957
9872
6021
152
-3067
450
5319
8279
8792
5099
-1108
-7472
-10627
-8778
-4940
-168
1241
-3969
-8643
-9901
-8688
-3114
3211
6970
8455
7467
5177
3043
2498
3410
3503
2605
585
-3170
-6453
-7891
-7815
-6018
-3498
-1902
-1405
-1250
316
3154
5123
6477
6195
3403
743
-1421
-3345
-4545
-5800
-6470
-7096
-4706
5553
14998
15830
12392
6089
37
217
2998
4502
5135
2417
-3014
-8766
-13068
-12867
-9582
-3988
2264
2478
-1486
-4081
-5345
-2057
5557
10760
10962
7457
3293
315
-1418
-1376
-1119
-1692
-2211
-2820
-3718
-5024
-6141
-5395
-3148
-1232
-230
200
477
1043
1504
1280
775
-540
-1661
-1358
-1128
-1491
-2762
-4204
-5144
-4349
3949
15567
18545
14155
7092
-1668
-5547
-3371
-683
1470
1380
-1684
-5437
-9747
-11697
-8815
-2574
5655
9050
4518
-992
-4832
-4796
1360
7094
8017
5699
2128
-756
-2261
-2114
-1190
-917
-212
655
-363
-2226
-3935
-4842
-3968
-2895
-2129
-1576
-1494
-672
400
818
1633
2191
1738
1774
1672
1003
-55
-1737
-3022
-4516
-1196
9813
16849
14714
8220
-919
-6923
-5679
-2110
1402
3609
1936
-1685
-6191
-9789
-9111
-4810
2865
9086
7086
1534
-3295
-6173
-2942
3287
6854
6856
4322
1348
-1529
-3508
-3523
-2978
-1560
891
1668
18
-3109
-6239
-7024
-5674
-3293
-928
-302
-282
253
-131
-203
1069
1427
1740
2607
2059
643
-1372
-3586
-5293
-5511
1481
12609
16168
12265
4463
-4953
-8288
-5332
-1321
3155
4925
1959
-2395
-7313
-10384
-8133
-1459
7005
10411
5593
-1002
-6108
-7547
-2344
4388
7303
6343
3053
-316
-2745
-3486
-2364
-952
1182
3615
3199
-330
-4776
-8125
-8349
-5372
-1768
-134
-410
-793
-777
-586
671
2655
3934
5058
5347
3199
-5
-3260
-5906
-6872
-5879
1315
12665
16705
12035
4129
-4309
-7433
-3439
2257
6707
7450
3280
-2858
-9345
-12444
-8813
-1384
7100
10117
3765
-4238
-8930
-8484
-1446
5757
8152
6937
3458
-186
-2971
-4554
-3970
-1683
1489
3486
1628
-3416
-8305
-10188
-8403
-4625
-858
1091
446
-571
-965
-787
1090
3625
4863
4465
3156
954
-1643
-3405
-4115
-4226
-3496
2985
13651
16977
12243
5038
-2904
-6069
-2906
890
3475
3773
474
-4199
-9143
-11179
-7167
703
9513
12315
5498
-2979
-7932
-7672
-1177
5197
6732
4571
680
-2878
-5175
-5218
-2813
360
3889
5649
2749
-2703
-7568
-9569
-7324
-3614
-690
521
-1167
-2727
-1925
-326
2148
5009
6227
6103
5146
3226
908
-1540
-3176
-3434
-4311
-2490
6195
12897
11010
5250
-1794
-6887
-5539
-710
3161
5049
4019
480
-4008
-7624
-6999
-2053
4691
9022
4989
-3298
-8048
-8772
-4552
2310
5550
4597
2283
240
-1055
-1488
-1034
-120
1029
1791
493
-3393
-8053
-10991
-10383
-6956
-2581
861
1224
204
171
844
2649
4990
6195
5918
4726
3008
575
-2258
-4831
-5921
-5818
-4737
1833
10994
12843
8205
2420
-2960
-4524
-1844
989
3581
5120
3214
-899
-5618
-7737
-4670
1450
7755
8177
995
-5243
-7280
-6160
-1241
3153
3812
2694
1303
106
-1091
-1832
-1168
296
1766
2443
762
-3457
-7729
-9167
-7038
-2849
1166
2735
1349
-203
-249
692
3309
6397
7439
6786
4835
1459
-1849
-3799
-4763
-4914
-4888
-5191
-1330
6825
10586
8347
4163
-958
-3531
-1267
2895
6659
7870
5692
1522
-4209
-7499
-5524
-1668
2916
4235
-1643
-7673
-9762
-9090
-4346
1194
4014
4904
3928
2032
-150
-2132
-1824
-413
109
233
-1782
-6274
-9332
-9382
-7033
-2918
795
2023
1203
1072
2687
4276
5873
7435
6649
4356
2240
-938
-4066
-5433
-6082
-5515
-4803
-5456
-1710
7690
13766
13601
9913
3631
-847
-83
3298
6746
8303
5877
-23
-6878
-10456
-9191
-4970
1396
4451
132
-5272
-8159
-8519
-4006
2457
5880
6088
4023
501
-3171
-4926
-3786
-2260
-1141
90
-762
-3710
-6238
-6931
-5116
-1680
1575
3548
3375
1830
941
1000
2107
4194
5011
3902
1853
-851
-2780
-3223
-3119
-2759
-3035
-4674
-3509
4371
12734
14535
11386
5297
-1063
-2459
475
3782
5865
4891
382
-5528
-10038
-10601
-7410
-1593
3286
1737
-3653
-7303
-8198
-4479
2503
6705
6553
4187
1084
-1271
-1934
-1415
-1209
-1298
-149
354
-1720
-4304
-5954
-5438
-1803
2593
5074
4316
1658
322
917
2662
4934
5495
3314
556
-1391
-2607
-2838
-2236
-1689
-2036
-3604
-4409
109
9270
15443
14869
9372
1303
-4766
-4857
-1368
2314
4265
1889
-3676
-8968
-11199
-8863
-3517
2518
4782
644
-4564
-6882
-6158
-2172
2026
3639
2830
649
-1471
-2856
-2807
-1533
-177
1464
2283
953
-938
-2542
-3513
-2559
-574
975
1501
200
-1162
-959
-289
1429
3718
4150
3424
2676
1557
421
-461
-1032
-1570
-2696
-4117
-3796
1828
10692
14191
10308
3685
-2609
-4902
-1922
2367
5323
5313
1314
-4117
-8536
-10271
-7945
-2782
1911
1762
-3324
-7786
-8606
-5951
-501
4245
5410
4398
2838
1320
324
112
675
1214
1528
1492
248
-2249
-4437
-4267
-2457
-447
1241
661
-1585
-2497
-1359
1108
3619
4931
4702
3209
1282
-63
-382
311
926
-259
-2536
-5090
-6035
228
10763
14957
11313
4175
-3363
-6732
-4342
423
4301
5048
2352
-2691
-8619
-11306
-8760
-2953
3481
5092
181
-5346
-7773
-6518
-1699
3462
5913
5788
4386
2477
547
-372
212
1353
2741
3891
3012
-227
-3931
-5902
-5555
-3540
-1307
-1071
-2593
-3336
-2469
-200
3189
6080
7044
6324
4536
2493
801
-411
-1038
-2463
-4882
-6974
-8435
-4816
4591
9992
8290
4358
-313
-3011
-1187
2400
5291
6133
3889
-536
-6309
-10278
-9259
-5055
15
2298
-1012
-5600
-7195
-5424
-885
3913
6323
6118
4769
3364
1905
835
511
240
140
641
467
-1304
-3865
-5696
-5816
-4589
-2777
-1661
-1495
-412
1813
3823
5558
6776
6391
5078
3833
2096
369
-710
-1850
-3711
-6395
-8745
-10150
-8414
484
10709
13115
9903
4656
-1250
-2457
1603
6030
8745
7861
2535
-4528
-10425
-11718
-8065
-2492
2524
2104
-3864
-8474
-9541
-7096
-728
5202
7664
7486
5488
3035
746
-594
-42
1249
2740
3148
138
-4598
-8392
-9901
-7924
-3954
-471
1105
930
1053
2336
4128
6628
8897
8818
6857
3909
375
-2060
-3704
-5551
-7421
-9402
-10510
-9648
-3369
8110
14765
13772
10129
4453
700
2674
6110
7765
6769
2093
-4294
-10400
-13736
-12095
-8043
-2908
387
-2487
-6572
-7358
-5515
-7
6630
10110
10378
8261
5017
1995
-336
-1093
-537
214
166
-1755
-4981
-7983
-8755
-6025
-1791
1646
3374
2741
1924
2807
4309
6065
7248
6372
3961
1028
-1859
-3724
-4701
-5816
-7139
-8767
-9587
-8479
-5014
4054
14663
17114
13083
6993
-144
-2645
669
4057
5557
3672
-2367
-8700
-12757
-13038
-9503
-4627
237
1175
-2998
-6227
-6267
-3577
2522
8521
10820
9656
6342
2533
-880
-2930
-2678
-1186
141
187
-2011
-5313
-7240
-6179
-2514
1482
4228
4720
2977
1692
2142
3070
4377
5312
4115
1481
-1009
-3289
-4723
-5131
-5310
-5641
-6015
-5278
-3988
-903
7691
15671
15754
11187
4648
-1804
-2869
325
2753
3556
1840
-2484
-7256
-10606
-10563
-7983
-3649
1525
1814
-2072
-4004
-3763
-1147
4252
8525
9308
7385
4430
1571
-1293
-2732
-2109
-1123
-101
-35
-1477
-3028
-3967
-3092
-731
982
1807
1756
849
539
852
1287
2122
2420
1609
556
-873
-2094
-2221
-2456
-3259
-4356
-5376
-5274
-4398
-205
8708
14048
11820
6915
992
-3396
-1952
2107
4512
4897
1826
-3518
-8575
-11603
-10547
-6430
-751
3088
857
-3769
-5805
-4780
-206
5803
9161
8971
6549
3381
310
-1859
-1980
-1048
220
1336
589
-1329
-3304
-4920
-4569
-2721
-1040
229
363
-89
-123
-251
725
2724
3455
3586
3035
645
-1608
-2591
-3030
-3093
-3339
-4182
-4904
-5030
-2467
5181
12184
12586
8884
2991
-2372
-2677
464
3528
4667
2350
-2106
-6985
-10952
-10700
-6718
-1350
3215
2143
-2425
-4455
-3864
-362
5454
8746
8325
6301
3843
1377
-779
-1588
-1207
-377
810
588
-1611
-4087
-5968
-6228
-4693
-2729
-924
72
147
499
1082
2018
3887
5044
4857
3831
1763
-219
-956
-1204
-2036
-3742
-6104
-7558
-7339
-4421
3604
11854
12881
8674
2771
-2726
-3120
929
4863
6700
4657
-783
-6575
-10763
-10977
-7238
-1834
2785
2489
-1809
-4439
-3847
-188
5753
9716
9967
8316
5552
2230
-536
-1962
-1943
-837
403
-70
-2353
-4717
-6337
-6113
-3892
-1415
557
1374
1030
999
1610
2802
4647
5712
5112
3498
1189
-1208
-2645
-2983
-3017
-3804
-5819
-7889
-8347
-6862
-692
9278
13671
10604
5310
-546
-3374
-868
2910
4905
4153
90
-5300
-10391
-12939
-10781
-5592
575
3592
696
-3180
-4358
-2305
3017
7872
9245
7949
5092
1648
-1260
-3100
-3159
-2213
-1223
-688
-1727
-3592
-4724
-4687
-3368
-1649
-87
1236
1417
1524
2378
2921
3774
4842
4414
2764
1128
-281
-1191
-1215
-1358
-2444
-4871
-7540
-7780
-6205
-2730
5379
13192
13442
8945
3716
-876
-934
2928
5763
6170
3487
-1690
-6571
-10025
-10114
-6682
-2109
2277
2705
-939
-3313
-3137
-328
4770
8450
9043
7504
4334
752
-2090
-3478
-2760
-988
185
-144
-2135
-4892
-6530
-6007
-4340
-2396
-186
1289
1431
1461
1461
1460
2710
4211
4237
3344
2181
687
-1003
-2575
-4200
-6188
-8282
-9217
-8064
-5986
-1334
7226
13035
12267
8721
4388
1388
2303
4687
5593
4638
1289
-3449
-8510
-12466
-12277
-8219
-2102
2967
2506
-1005
-2828
-2166
1618
6551
9186
9219
6820
2895
-587
-3308
-4191
-2648
-1054
-702
-1753
-4252
-6365
-6611
-5399
-3403
-1012
1118
2166
2306
2482
2677
3164
4522
5319
4535
2975
791
-2018
-4180
-5380
-6311
-6793
-7293
-7585
-6633
-4367
1311
10063
14838
13735
10285
5455
2141
2469
3621
3902
2784
-578
-5145
-9960
-12600
-10606
-5845
38
3808
1975
-1222
-1978
-334
3873
7983
9268
8180
4906
1077
-1666
-3622
-3818
-2727
-2294
-2259
-3045
-4754
-5745
-5540
-4072
-1914
278
2230
2679
2187
2328
2617
3273
4458
4594
3308
1527
-992
-3536
-5168
-6205
-6539
-6655
-7107
-7049
-5619
-2973
2676
10725
14980
13814
10014
5209
1933
1391
1956
1893
604
-2289
-6213
-10050
-11734
-9599
-5374
117
3865
2499
297
76
1574
4997
7811
8065
6196
3155
431
-1687
-3587
-4126
-3613
-3190
-2213
-1780
-2835
-3605
-3272
-1888
64
1825
3183
3317
3017
3504
3503
3317
3664
3123
1664
202
-1863
-4085
-5191
-5638
-5819
-5732
-5978
-5877
-4272
-1539
3146
10221
14693
13630
10007
5238
759
-758
99
925
426
-1779
-5577
-9927
-11952
-9948
-5614
-48
4167
3568
1095
-194
-177
2119
4798
5460
4480
2247
-336
-2578
-4495
-4871
-4179
-3241
-1541
-935
-1744
-2433
-2604
-1874
-714
589
1940
2663
2848
2855
2137
1473
1728
2029
2049
1359
-653
-2784
-4139
-4690
-4599
-4687
-5143
-4935
-3178
-858
2440
8763
14246
14552
11823
7017
1315
-1154
-149
1234
1545
-270
-4441
-8929
-11509
-10388
-6547
-1543
3232
4098
2217
855
386
1838
4107
5187
4944
3386
1148
-1160
-3544
-4818
-4511
-3336
-1389
-142
-652
-1861
-2922
-2831
-1841
-675
892
2027
2541
2683
1861
895
1005
1445
1832
1399
-626
-2703
-3974
-4627
-4547
-4503
-4836
-4661
-3064
-269
2687
7333
12858
14418
11775
7521
2338
-957
-586
408
111
-1434
-4508
-7885
-9574
-8745
-5900
-2046
2286
4362
2881
1203
636
1067
2986
4706
4738
3249
1127
-950
-2794
-3812
-3614
-2699
-1379
-402
-918
-2330
-3547
-3609
-2414
-987
546
1836
2253
2224
1948
1548
1724
2213
2161
1490
-15
-1772
-2879
-3770
-4306
-4344
-4386
-3892
-2274
-241
1661
4945
9812
12433
11150
7961
3632
-266
-1152
-630
-1019
-1849
-3451
-5921
-7755
-7985
-6626
-4118
-464
2387
2135
1026
665
673
1929
3495
3679
2723
1459
65
-1634
-3052
-3709
-3560
-2651
-1385
-791
-1414
-2410
-2849
-2479
-1445
-11
1648
3072
3671
3502
2917
2215
1798
1794
1674
775
-787
-2372
-3830
-5004
-5231
-4712
-4217
-2946
-815
956
3399
7874
11516
11597
9543
6061
1527
-1128
-1477
-1725
-2038
-2695
-4656
-6805
-7445
-6331
-3796
54
3660
4228
2772
1900
1171
1409
2946
3550
2950
1784
246
-1518
-3243
-4152
-3907
-2747
-1145
-123
-439
-1534
-2221
-1990
-1123
-18
1367
2550
2736
2372
1525
450
293
993
1605
1326
-61
-1590
-2791
-3748
-3791
-3634
-3859
-3104
-1178
554
2288
5340
8690
9839
8675
6151
2176
-1199
-2014
-1828
-1726
-1833
-3179
-5439
-6843
-6536
-4934
-2201
1259
2832
2066
1578
1410
1534
2718
3362
2689
1569
294
-1032
-2312
-3219
-3263
-2401
-1132
-158
-177
-1117
-2039
-2294
-1875
-1017
235
1566
2310
2430
2114
1512
1105
1128
1281
968
-113
-1334
-2358
-3401
-3870
-3633
-3332
-2573
-873
947
2719
5686
8942
9808
8269
5733
2434
-411
-1417
-1767
-2608
-3353
-4137
-5373
-6065
-5292
-3566
-1222
1727
3022
1797
601
207
477
1695
2612
2454
1610
566
-234
-1171
-2187
-2380
-1850
-983
-39
124
-719
-1787
-2291
-2105
-1678
-864
324
1051
1146
920
520
165
335
989
1084
551
-120
-1059
-2043
-2574
-2806
-2999
-2724
-1473
476
2615
5497
8413
9036
7486
5358
2798
600
-214
-668
-1460
-2068
-2671
-3564
-4379
-4380
-3368
-1735
298
1269
358
-501
-481
22
1258
2236
2179
1592
827
291
-288
-1099
-1228
-750
-312
-14
-316
-1255
-2053
-2376
-2250
-1758
-963
100
780
936
1013
1110
1247
1587
1919
1703
1151
448
-730
-2034
-3161
-4078
-4441
-3961
-2526
-554
1913
5231
8026
8488
7108
4979
2643
1142
745
252
-801
-2129
-3785
-5436
-6316
-5759
-3976
-1711
216
672
-150
-747
-146
1171
2386
2968
2651
1790
1006
485
-353
-1285
-1395
-934
-518
-313
-824
-2015
-2871
-2978
-2645
-1953
-942
57
728
992
973
902
891
1257
1773
1860
1528
541
-876
-2122
-3178
-3728
-3654
-3230
-2002
-50
2560
5991
8336
8154
6412
4171
2359
1349
712
73
-1061
-2557
-3867
-5082
-5690
-4816
-2772
-438
1198
1135
107
-454
136
1674
2861
3138
2717
1805
1035
530
-307
-1066
-1102
-930
-818
-978
-1836
-2857
-3311
-3103
-2481
-1660
-890
-256
143
476
1007
1479
1940
2427
2455
2022
1120
-212
-1409
-2387
-3006
-3200
-3267
-2946
-1822
362
3814
7431
8987
8018
5725
3379
2053
1557
1003
-67
-1778
-3434
-4630
-5610
-5632
-4254
-1993
455
1608
1077
119
-234
763
2574
3623
3528
2674
1349
201
-576
-1322
-1761
-1653
-1322
-1161
-1659
-2633
-3337
-3329
-2785
-1980
-1272
-890
-485
30
641
1164
1340
1527
1595
1315
837
-109
-1324
-2154
-2705
-3102
-3317
-3520
-3070
-1468
1411
5191
7942
8383
6959
4636
2687
1757
1219
520
-427
-1897
-3520
-4875
-5743
-5388
-3624
-1033
1153
1679
1031
270
280
1566
3125
3733
3293
2338
1303
327
-655
-1649
-2161
-1968
-1368
-963
-1411
-2399
-3070
-2969
-2186
-1176
-388
141
582
1004
1332
1364
1284
1346
1431
1328
683
-495
-1591
-2265
-2478
-2434
-2442
-2230
-1449
468
3498
6248
7647
7267
5540
3735
2345
1383
618
-206
-1200
-2401
-3740
-5024
-5704
-5157
-3216
-956
342
509
-86
-434
238
1502
2523
2662
2100
1466
799
12
-827
-1559
-1690
-1216
-577
-425
-1087
-1900
-2203
-1795
-1038
-438
8
342
715
1072
1102
859
711
821
1061
987
190
-876
-1570
-1769
-1614
-1624
-1806
-1675
-597
1830
4525
6251
6682
5940
4535
3200
2048
920
17
-793
-1702
-2792
-4125
-5174
-5279
-4113
-2162
-537
200
229
6
126
750
1452
1842
1817
1498
959
174
-731
-1417
-1555
-1249
-817
-624
-970
-1611
-2090
-2228
-1991
-1513
-931
-386
84
449
577
523
536
711
1032
1254
1011
345
-425
-1039
-1387
-1467
-1501
-1430
-920
340
2317
4066
5024
5150
4545
3734
2892
1993
924
-138
-1078
-2077
-3115
-4121
-4645
-4212
-2915
-1370
-258
255
364
585
1170
1786
2187
2252
2078
1817
1269
349
-661
-1314
-1354
-948
-583
-620
-988
-1406
-1619
-1532
-1252
-847
-356
78
433
521
252
2
-24
226
629
720
314
-377
-1066
-1477
-1607
-1544
-1251
-807
44
1331
2571
3594
4238
4297
3986
3342
2343
1282
323
-506
-1280
-2178
-3106
-3810
-3962
-3317
-2214
-1148
-281
280
694
1138
1430
1662
1821
1757
1596
1126
339
-375
-821
-838
-581
-411
-511
-733
-983
-1179
-1290
-1222
-840
-338
124
294
97
-220
-413
-367
-103
81
-36
-320
-601
-884
-1160
-1375
-1474
-1293
-772
82
1197
2360
3314
4018
4415
4381
3994
3405
2631
1796
904
-183
-1364
-2522
-3403
-3842
-3759
-3187
-2424
-1626
-868
-269
219
599
916
1220
1399
1340
949
269
-370
-820
-1050
-1118
-1192
-1285
-1412
-1488
-1493
-1435
-1270
-982
-539
-56
302
465
391
277
231
251
329
304
128
-75
-279
-557
-826
-983
-931
-571
175
1219
2300
3112
3582
3857
3902
3728
3377
2709
1805
832
-202
-1222
-2216
-3113
-3646
-3716
-3374
-2707
-1949
-1214
-505
165
762
1280
1664
1924
2024
1821
1329
652
-22
-478
-681
-814
-967
-1211
-1424
-1433
-1348
-1145
-887
-629
-256
137
454
617
609
554
511
428
296
45
-305
-588
-795
-953
-1072
-1144
-979
-422
552
1678
2560
3119
3362
3297
3083
2780
2344
1799
1042
48
-1052
-2153
-3149
-3793
-3896
-3590
-3034
-2335
-1553
-814
-143
516
1047
1521
1863
1872
1596
1037
339
-254
-662
-891
-998
-1045
-1120
-1156
-1099
-882
-530
-149
249
635
988
1184
1233
1155
925
694
472
191
-107
-392
-639
-869
-1046
-1179
-1252
-1053
-544
260
1166
1826
2225
2507
2662
2688
2600
2232
1544
661
-314
-1249
-2111
-2808
-3216
-3319
-3158
-2820
-2313
-1655
-884
-8
851
1546
1934
2046
1921
1584
1143
604
65
-397
-829
-1149
-1390
-1534
-1468
-1232
-831
-376
54
394
635
836
967
1028
994
851
597
228
-179
-620
-1004
-1250
-1354
-1282
-1149
-948
-656
-239
413
1229
1989
2585
3010
3121
2948
2608
2127
1572
969
297
-430
-1190
-1872
-2399
-2638
-2563
-2207
-1574
-861
-135
520
1033
1487
1799
1856
1715
1404
951
453
-90
-670
-1213
-1680
-1975
-2091
-2031
-1750
-1390
-1021
-594
-188
133
408
629
738
736
626
337
-85
-512
-842
-1097
-1316
-1451
-1495
-1400
-1087
-622
-20
638
1170
1645
2110
2462
2707
2824
2769
2542
2153
1589
909
167
-532
-1054
-1395
-1609
-1700
-1653
-1480
-1154
-699
-193
372
934
1353
1611
1581
1268
789
245
-243
-631
-966
-1329
-1703
-1979
-2087
-2005
-1730
-1279
-720
-150
385
747
878
856
738
594
410
122
-259
-695
-1163
-1635
-1963
-2028
-1824
-1385
-795
-163
443
960
1385
1815
2254
2697
3023
3062
2815
2286
1523
698
-12
-641
-1127
-1462
-1699
-1827
-1928
-1889
-1623
-1179
-537
176
847
1350
1610
1680
1523
1215
878
570
298
70
-223
-646
-1072
-1339
-1331
-1097
-732
-307
116
489
758
873
896
833
710
579
331
-42
-514
-1082
-1610
-2025
-2249
-2191
-1882
-1352
-730
-138
409
933
1401
1833
2240
2560
2732
2632
2224
1558
803
95
-480
-949
-1351
-1657
-1922
-2084
-2066
-1914
-1578
-1086
-506
110
617
954
1124
1166
1112
998
832
572
273
-70
-433
-777
-1087
-1260
-1231
-1010
-688
-343
-3
274
506
669
719
687
595
476
262
-18
-330
-717
-1084
-1344
-1433
-1296
-929
-394
200
747
1209
1610
1962
2265
2513
2680
2684
2440
1941
1261
520
-206
-749
-1101
-1404
-1617
-1752
-1839
-1869
-1788
-1508
-1056
-459
175
668
956
1008
875
661
405
165
-57
-312
-624
-981
-1359
-1663
-1760
-1652
-1402
-1084
-758
-468
-220
4
185
295
332
315
223
49
-167
-412
-671
-861
-951
-933
-749
-412
49
584
1105
1568
1974
2277
2490
2642
2689
2583
2298
1863
1354
799
261
-237
-658
-921
-1070
-1124
-1115
-1060
-890
-623
-286
85
414
660
821
854
757
578
330
62
-206
-493
-774
-1040
-1270
-1391
-1411
-1362
-1256
-1095
-890
-627
-342
-138
-50
-72
-174
-298
-460
-594
-669
-749
-824
-933
-1026
-1013
-835
-495
-51
443
937
1361
1661
1829
1912
1962
1985
1929
1730
1350
877
411
-34
-439
-769
-971
-1021
-965
-855
-706
-538
-321
-24
292
574
757
884
965
967
862
628
348
50
-216
-414
-594
-788
-934
-982
-942
-841
-695
-546
-378
-201
-109
-87
-145
-262
-391
-490
-529
-550
-594
-670
-765
-811
-733
-537
-230
152
528
836
1069
1246
1392
1488
1552
1557
1468
1270
954
564
168
-190
-490
-659
-734
-785
-814
-805
-725
-579
-377
-149
71
304
471
537
518
400
245
110
-14
-154
-314
-492
-658
-778
-815
-774
-696
-540
-339
-168
-21
107
209
249
243
202
120
3
-99
-198
-318
-405
-488
-550
-518
-405
-195
94
408
694
905
1055
1144
1193
1203
1178
1103
978
794
521
201
-113
-349
-478
-542
-570
-579
-542
-485
-410
-291
-139
17
158
279
317
274
156
16
-88
-183
-264
-366
-474
-570
-650
-643
-583
-506
-399
-278
-173
-88
-11
21
14
-4
-25
-76
-163
-234
-281
-310
-345
-369
-343
-248
-94
99
313
525
743
963
1107
1158
1148
1133
1126
1048
887
684
440
162
-113
-366
-585
-715
-757
-736
-694
-665
-614
-516
-363
-222
-71
88
208
249
199
124
26
-74
-158
-243
-364
-475
-538
-576
-554
-519
-460
-364
-291
-232
-178
-133
-103
-96
-120
-164
-222
-266
-263
-255
-229
-167
-84
16
140
306
512
739
954
1136
1214
1209
1195
1136
1019
883
738
580
367
112
-140
-360
-500
-542
-513
-470
-423
-362
-268
-179
-110
-16
92
188
223
190
102
-26
-169
-286
-372
-450
-517
-573
-605
-584
-520
-420
-305
-180
-49
36
67
25
-33
-77
-114
-163
-239
-308
-366
-384
-355
-296
-214
-109
34
201
357
489
609
702
767
809
810
755
650
543
426
288
133
-41
-194
-302
-359
-367
-341
-282
-190
-79
11
71
115
169
242
294
314
284
207
100
-24
-154
-264
-344
-409
-451
-462
-468
-471
-422
-346
-258
-177
-102
-47
-10
-4
-20
-18
-15
-38
-80
-132
-181
-202
-183
-150
-119
-87
-32
35
121
225
304
354
400
424
428
402
362
301
220
156
80
15
-52
-94
-137
-183
-177
-137
-74
-23
17
56
80
122
165
184
184
157
123
105
54
-7
-58
-111
-160
-191
-201
-203
-168
-111
-53
-13
0
11
22
29
34
27
5
-46
-119
-179
-209
-188
-134
-71
-32
-14
6
36
79
145
219
276
306
294
245
196
131
64
4
-68
-134
-198
-251
-286
-298
-270
-232
-190
-142
-85
-15
60
116
161
191
187
159
117
85
52
23
19
20
-16
-71
-132
-169
-164
-130
-85
-32
29
75
112
117
107
97
79
66
28
-33
-105
-148
-152
-129
-105
-92
-58
-8
87
161
209
258
276
286
283
248
194
116
29
-55
-153
-240
-318
-371
-420
-441
-420
-364
-279
-200
-116
-44
20
108
196
263
305
327
337
322
288
228
160
89
8
-86
-159
-211
-253
-254
-250
-243
-206
-160
-111
-51
31
98
141
169
162
141
119
119
118
102
74
53
35
8
4
25
54
71
80
83
51
30
18
-1
-2
-7
-20
-59
-107
-145
-165
-153
-130
-91
-37
5
31
49
59
59
70
75
68
54
25
-1
-14
-19
-39
-63
-81
-92
-98
-100
-88
-77
-38
17
61
96
108
112
93
63
32
-5
-55
-118
-143
-140
-111
-73
-47
-17
1
31
70
99
145
188
229
243
223
189
136
73
4
-46
-95
-152
-206
-252
-282
-279
-245
-171
-72
26
90
135
183
220
259
269
264
241
204
151
75
20
-38
-101
-146
-188
-225
-246
-223
-169
-111
-45
9
41
65
95
120
119
112
98
48
-8
-72
-138
-180
-215
-230
-235
-227
-198
-149
-81
-23
51
109
140
154
132
108
77
43
7
-22
-46
-85
-131
-154
-155
-128
-81
-49
-20
-8
10
50
98
148
186
227
260
257
247
223
162
84
17
-28
-55
-77
-88
-83
-70
-52
-11
26
52
79
100
90
93
87
53
23
-10
-37
-56
-86
-126
-158
-183
-204
-188
-131
-79
-28
21
60
83
82
68
55
44
44
30
-3
-33
-59
-66
-62
-43
-23
-10
5
6
19
45
62
79
87
90
87
79
57
17
-16
-42
-60
-78
-94
-103
-112
-112
-87
-46
1
38
65
77
86
84
76
81
74
65
41
12
-23
-51
-69
-84
-95
-88
-75
-49
-5
43
79
94
78
57
51
50
45
26
-9
-62
-93
-119
-124
-112
-97
-64
-29
-3
28
56
69
80
104
124
128
118
105
91
72
59
32
-2
-25
-54
-83
-108
-130
-128
-105
-64
-26
4
10
3
17
16
17
5
-8
-8
-33
-47
-51
-57
-65
-82
-74
-61
-55
-45
-28
-19
-17
-8
2
4
8
16
18
18
21
15
10
-6
-21
-31
-30
-12
1
12
21
33
37
42
59
65
79
92
90
98
86
62
51
46
45
35
16
-1
-12
-24
-28
-34
-49
-58
-53
-45
-37
-28
-20
-22
-15
-18
-24
-18
5
27
31
29
27
30
33
27
36
47
60
56
34
1
-20
-26
-21
-11
-15
-8
-16
-16
-26
-16
3
15
52
67
76
76
68
65
52
41
17
9
-1
1
10
9
9
9
8
-5
-11
-23
-21
-11
-10
-18
-29
-41
-45
-58
-85
-119
-138
-145
-140
-133
-116
-83
-47
-22
-4
-1
8
26
28
32
33
49
65
53
33
9
-14
-42
-72
-84
-92
-95
-91
-77
-54
-29
-1
24
49
72
67
58
46
53
49
45
60
60
59
60
59
46
36
33
19
5
1
-8
-14
-14
-19
-10
5
6
-1
-21
-36
-58
-73
-68
-68
-57
-21
6
17
