19
-1
-21
-29
-29
-20
-1
16
24
29
29
25
23
20
15
4
-4
1
11
8
-6
-13
-16
-19
-28
-28
-21
-18
-23
-31
-36
-35
-30
-30
-34
-26
-7
15
40
54
53
46
38
22
6
3
4
-2
-19
-28
-24
-19
-14
-3
7
12
2
-7
-10
-1
-2
-4
7
9
14
28
42
45
43
49
47
36
27
17
10
10
14
2
-13
-34
-50
-43
-35
-37
-37
-30
-18
2
15
15
3
0
2
7
15
21
25
24
29
36
29
21
21
30
34
27
23
10
-3
-10
-11
-11
-12
-10
-5
-9
-15
-13
-12
-3
-1
-8
-9
-21
-31
-33
-33
-33
-28
-22
-19
-21
-20
-20
-30
-31
-30
-27
-19
-12
4
18
21
11
15
17
3
1
3
-1
5
10
0
1
-1
-9
-19
-22
-19
-21
-14
-16
1
21
25
22
18
16
17
24
22
18
14
4
-4
-8
2
11
9
4
0
-8
-18
-16
-12
-22
-32
-38
-36
-25
-22
-9
14
26
40
38
25
15
19
25
19
11
6
19
30
32
25
14
15
11
8
12
14
7
-10
-8
-4
-9
-11
-7
1
8
9
2
-6
-3
-2
-15
-24
-27
-36
-34
-27
-20
-12
-20
-38
-57
-61
-52
-42
-29
-13
5
20
28
42
48
52
65
74
67
55
47
41
30
23
8
-2
-2
8
7
-4
-1
-9
-14
-11
-6
-4
-8
-2
3
3
2
14
30
28
27
22
20
15
14
11
-2
-17
-31
-32
-29
-38
-49
-56
-51
-42
-47
-47
-52
-50
-36
-19
-11
-15
-7
0
7
16
27
49
57
53
45
29
9
6
7
-2
-24
-37
-32
-26
-16
-10
-10
-15
-14
-13
-13
-8
-5
-2
1
4
-2
-3
-6
5
15
16
17
26
34
29
22
16
13
16
24
24
18
13
6
-8
-19
-27
-40
-52
-47
-29
-13
-9
-18
-34
-45
-48
-44
-32
-18
-5
-7
-7
7
18
23
39
44
43
59
64
57
52
56
64
66
57
42
29
8
-1
10
10
13
18
19
6
-17
-27
-29
-28
-29
-21
-13
-12
-10
-17
-18
-28
-32
-35
-23
-7
-5
0
-5
-18
-30
-27
-15
-9
-1
4
-6
-7
2
1
-8
-21
-12
-1
8
25
31
29
29
19
6
7
6
12
12
7
9
4
-1
-17
-30
-32
-17
-11
-6
6
3
-6
-17
-21
-12
5
20
21
8
1
-3
-6
-1
1
6
-2
-12
-13
-11
-10
3
2
-1
11
6
1
0
0
0
3
15
12
14
18
8
1
-7
-14
-8
-4
-18
-34
-31
-31
-35
-25
-14
-16
-27
-28
-31
-40
-37
-17
3
26
39
39
31
29
33
34
34
41
38
31
40
41
38
39
29
2
3
12
7
4
15
17
9
5
0
-9
-17
-17
-12
-4
2
2
-3
-12
-15
-9
-18
-30
-23
-7
-3
-11
-24
-36
-45
-47
-33
-22
-20
-24
-18
-8
-3
-11
-26
-28
-6
14
13
11
12
13
11
16
18
20
18
21
25
20
23
26
35
37
35
32
29
20
-1
-15
-16
-8
-9
-9
-8
-1
13
22
30
21
10
6
-14
-29
-43
-61
-56
-38
-20
-7
1
9
-1
-25
-35
-34
-20
-4
23
34
36
39
28
23
32
35
30
34
35
35
18
2
-1
-3
3
2
3
6
2
-15
-36
-43
-48
-36
-25
-21
-5
6
13
19
21
14
-5
-12
-13
-11
-12
-17
-21
-26
-22
-15
-6
-3
-16
-28
-27
-25
-18
-22
-2
12
15
16
8
5
-7
-1
0
4
21
33
42
47
41
20
8
-6
-22
-22
-25
-38
-40
-31
-16
-11
-20
-13
-8
-14
-8
-14
-20
-27
-36
-36
-37
-35
-30
-15
11
37
39
26
14
16
17
10
23
43
46
47
56
69
83
86
88
89
100
104
99
91
68
64
61
52
51
37
28
29
40
34
27
32
18
7
6
-8
-11
-2
0
-13
-19
-31
-53
-68
-79
-97
-116
-133
-125
-103
-108
-80
-56
-54
-52
-32
12
24
45
66
75
79
59
48
29
28
12
-47
-55
-65
-94
-137
-174
-158
-166
-196
-214
-217
-208
-214
-206
-193
-170
-156
-158
-125
-115
-149
-156
-150
-160
-191
-191
-143
-117
-92
-30
11
51
67
101
151
156
204
244
257
250
245
288
315
332
319
328
360
300
258
253
254
215
168
174
154
117
48
7
-5
-36
-28
-5
-3
-21
-30
-14
-23
-28
-42
-68
-82
-96
-77
-75
-92
-104
-126
-155
-193
-196
-160
-120
-67
-27
-9
32
45
58
91
89
72
56
62
32
-18
-16
4
24
-2
-26
0
-20
-52
-78
-76
-55
-32
16
16
52
112
140
194
246
308
320
342
395
381
358
323
307
292
275
274
239
185
86
1
-85
-187
-233
-263
-302
-372
-408
-439
-514
-554
-536
-493
-485
-498
-449
-375
-338
-346
-336
-266
-253
-308
-304
-271
-260
-300
-358
-354
-406
-505
-586
-584
-534
-541
-504
-369
-172
14
210
539
904
1179
1373
1601
1906
2041
2041
2081
2139
2058
1782
1540
1355
1045
669
357
95
-206
-510
-715
-919
-1110
-1260
-1361
-1416
-1539
-1614
-1644
-1640
-1639
-1673
-1627
-1584
-1564
-1621
-1661
-1602
-1578
-1609
-1590
-1435
-1318
-1248
-1100
-677
-249
-69
252
876
1543
1768
2050
2763
3260
3309
3261
3617
3746
3316
3015
2948
2710
2004
1453
1184
701
15
-562
-826
-1146
-1659
-2060
-2186
-2234
-2370
-2500
-2430
-2246
-2177
-2070
-1808
-1459
-1289
-1163
-862
-673
-566
-511
-354
-182
-240
-226
-135
-33
-69
-60
303
530
620
833
1308
1751
1750
2048
2600
2809
2662
2555
2845
2673
2146
1950
1854
1519
809
435
238
-238
-686
-1014
-1151
-1386
-1662
-1793
-1908
-1958
-2046
-2071
-1927
-1825
-1743
-1710
-1560
-1342
-1354
-1350
-1228
-1058
-943
-991
-875
-807
-817
-725
-674
-465
-410
-160
290
566
890
1192
1722
2006
2092
2480
2793
2811
2528
2559
2659
2114
1635
1472
1265
598
-68
-174
-456
-989
-1316
-1431
-1616
-1919
-1988
-1991
-2066
-1988
-1832
-1735
-1704
-1608
-1440
-1340
-1222
-1134
-1107
-1047
-996
-1060
-1110
-1087
-1053
-986
-821
-588
-526
-203
544
915
1082
1617
2584
2905
2740
3421
4189
4165
3662
3892
4290
3581
2875
2725
2583
1726
778
531
141
-509
-1106
-1447
-1637
-2027
-2356
-2488
-2479
-2453
-2617
-2624
-2362
-2321
-2467
-2416
-2083
-1940
-2051
-1905
-1638
-1639
-1625
-1447
-1304
-1151
-836
-446
-395
-77
754
1160
1348
1915
3012
3503
3298
3914
4661
4681
4183
4222
4540
3711
2784
2488
2203
1305
296
-18
-386
-1210
-1906
-2126
-2318
-2689
-3018
-2991
-2829
-2878
-2916
-2855
-2560
-2620
-2813
-2636
-2374
-2363
-2579
-2282
-2032
-2154
-2225
-1993
-1491
-1379
-1136
-784
-481
344
922
1277
1632
2624
3734
3534
3725
4674
5182
4672
4099
4747
4563
3409
2871
2796
2227
829
186
31
-752
-1641
-2056
-2079
-2516
-3042
-3165
-3110
-3100
-3164
-3227
-2946
-2650
-2666
-2704
-2596
-2264
-2406
-2441
-2133
-1923
-1773
-1862
-1505
-1214
-947
-575
-404
464
1141
1445
1849
2835
4208
4127
4164
5348
6184
5806
4966
5577
5738
4278
3329
3329
3016
1428
388
370
-430
-1657
-2280
-2205
-2606
-3498
-3558
-3201
-3204
-3509
-3561
-3062
-2799
-2917
-2781
-2355
-1977
-2170
-2201
-1810
-1708
-1736
-1772
-1344
-1021
-1087
-867
-712
10
766
958
1268
2075
3562
3786
3518
4592
5649
5484
4444
4841
5555
4322
3016
2729
2633
1144
-355
-358
-904
-2309
-3338
-3303
-3428
-4367
-4641
-4100
-3894
-4330
-4402
-3642
-3133
-3349
-3270
-2580
-2048
-2263
-2196
-1419
-1015
-1097
-1223
-629
-76
-103
117
333
1170
1834
1968
2401
3239
4523
4414
4257
5496
6399
6141
5268
5870
6294
4814
3621
3371
3055
1316
-128
-217
-1017
-2477
-3400
-3352
-3738
-4892
-4971
-4199
-4109
-4703
-4723
-3729
-3400
-3994
-3694
-2764
-2427
-2825
-2565
-1525
-1423
-1776
-1646
-895
-534
-807
-497
113
983
1367
1427
2074
3192
4178
3830
4000
5374
5946
5265
4730
5740
5768
4133
3376
3514
2970
1092
108
181
-796
-2187
-2857
-2758
-3277
-4284
-4232
-3820
-4025
-4558
-4351
-3528
-3645
-4209
-3767
-2800
-2720
-3376
-2925
-1877
-1804
-2172
-1749
-606
-338
-558
-115
919
1871
1880
2151
3235
4501
4848
4431
5321
6569
6396
5361
5483
6475
5678
4067
3648
3684
2641
996
542
232
-1160
-2316
-2499
-2693
-3709
-4399
-3988
-3773
-4364
-4739
-4197
-3681
-4183
-4541
-3812
-3040
-3401
-3804
-2917
-2058
-2315
-2597
-1616
-550
-710
-866
78
1448
1790
1596
2347
3725
4569
4365
4653
5909
6372
5680
5151
5844
5908
4513
3535
3507
2983
1256
217
107
-751
-2212
-2920
-2857
-3484
-4647
-4900
-4471
-4641
-5246
-5238
-4475
-4336
-4880
-4725
-3884
-3392
-3745
-3520
-2282
-1698
-1939
-1621
-298
365
39
410
1917
2914
2626
2868
4292
5543
5333
5057
6193
7092
6524
5569
5856
6118
4660
3237
2960
2565
912
-577
-685
-1145
-2530
-3380
-3129
-3202
-4158
-4573
-4142
-4028
-4649
-4938
-4420
-4150
-4572
-4777
-4245
-3644
-3821
-4006
-3283
-2428
-2230
-2267
-1391
-341
-225
-290
704
2286
2668
2626
3720
5476
6050
5598
6331
7609
7573
6536
6449
7259
6455
4632
3934
3978
2746
535
-408
-538
-1656
-3213
-3515
-3203
-3793
-4729
-4633
-4114
-4511
-5130
-4840
-4156
-4340
-4887
-4636
-3964
-3932
-4256
-3774
-2931
-2690
-2770
-2049
-794
-375
-325
440
2014
2781
2659
3495
5222
6189
5833
6174
7524
7812
6801
6396
7037
6496
4597
3513
3450
2600
570
-647
-736
-1436
-2851
-3591
-3356
-3546
-4462
-4765
-4275
-4183
-4827
-5211
-4742
-4594
-5079
-5294
-4807
-4353
-4625
-4520
-3553
-2764
-2733
-2507
-1436
-597
-403
159
1609
2721
2829
3362
4967
6217
6096
6248
7580
8313
7554
6848
7283
7151
5399
3819
3518
2784
839
-692
-1127
-1759
-3248
-4148
-4003
-4019
-4772
-5287
-4915
-4605
-4940
-5226
-4803
-4495
-4773
-4981
-4680
-4224
-4304
-4247
-3550
-2899
-2604
-2318
-1440
-572
-245
548
1928
2877
3119
3846
5564
6349
6054
6657
8082
8512
7455
7103
7541
6709
4873
3692
3299
2039
84
-988
-1447
-2458
-3825
-4472
-4407
-4659
-5136
-5030
-4644
-4565
-4687
-4471
-4128
-4168
-4177
-3908
-3600
-3402
-3113
-2500
-2075
-1934
-1517
-823
-323
-194
227
1345
2213
2480
2876
4130
5651
5996
6012
6982
8103
7947
6960
7028
7302
6261
4661
3761
3258
1652
-239
-1073
-1644
-2853
-4072
-4384
-4496
-5178
-5597
-5273
-4988
-5115
-5133
-4594
-4382
-4676
-4414
-3698
-3352
-3627
-3295
-2259
-1879
-2069
-1814
-695
-151
-501
-29
1334
2132
1958
2382
4109
5201
4996
5406
6961
7892
7203
6652
7253
7156
5485
3850
3378
2606
567
-1125
-1706
-2375
-3771
-4685
-4569
-4796
-5626
-5858
-5345
-5328
-5917
-5804
-5031
-5026
-5459
-4989
-3996
-3841
-4233
-3453
-2012
-1668
-1936
-1174
409
767
163
870
2601
3270
2851
3546
5622
6526
5965
6487
8260
8779
7500
7085
7947
7377
5164
3686
3600
2534
102
-1361
-1614
-2387
-4008
-4719
-4437
-4803
-5763
-5853
-5298
-5560
-6271
-6031
-5164
-5213
-5751
-5178
-3942
-3646
-3848
-2920
-1501
-1215
-1478
-578
819
764
242
1316
3108
3464
2924
4051
6238
6706
6265
7266
9074
9026
7641
7729
8321
7030
4686
3700
3470
1693
-624
-1546
-1779
-2868
-4278
-4476
-4275
-4928
-5663
-5563
-5243
-5673
-6085
-5627
-5270
-5537
-5568
-4702
-3874
-3927
-3589
-2306
-1405
-1366
-1206
-113
731
529
779
1902
2850
2832
3052
4614
5844
6004
6307
7541
8470
7894
7385
7679
7373
5802
4143
3434
2351
270
-1439
-2189
-2915
-4319
-5349
-5509
-5739
-6359
-6648
-6381
-6415
-6802
-6752
-6409
-6434
-6586
-6061
-5137
-4802
-4546
-3419
-2168
-1678
-1426
-401
709
812
1095
2285
3395
3640
3857
5327
6627
6752
6975
8058
9009
8563
8131
8542
8264
6809
5342
4703
3660
1611
-10
-775
-1701
-3151
-4073
-4232
-4674
-5458
-5738
-5541
-5802
-6294
-6155
-5640
-5729
-6067
-5680
-4904
-4696
-4832
-4110
-3008
-2489
-2346
-1672
-584
-233
5
1040
2247
2754
3035
4358
5789
6140
6279
7149
8194
8022
7341
7409
7348
6310
4918
4203
3493
1855
288
-561
-1322
-2541
-3591
-3928
-4251
-4932
-5437
-5434
-5475
-5865
-6087
-5921
-5862
-6021
-5823
-5144
-4669
-4408
-3665
-2664
-2003
-1565
-722
485
1111
1542
2526
3428
3865
4216
5206
6158
6360
6773
7586
8119
7922
7650
7826
7352
6141
5152
4473
3269
1581
409
-418
-1453
-2594
-3369
-3869
-4504
-4991
-5101
-5327
-5890
-6094
-5699
-5618
-6190
-6334
-5663
-5145
-5267
-5288
-4394
-3414
-3143
-2812
-1880
-899
-586
-42
1268
2124
2364
2993
4465
5379
5258
5734
6960
7398
6603
6375
7018
6565
4928
3922
3695
2581
678
-430
-824
-1807
-3198
-3687
-3703
-4410
-5234
-5093
-4639
-5113
-5771
-5313
-4538
-4840
-5332
-4728
-3718
-3665
-3980
-3128
-1893
-1530
-1466
-521
675
852
1238
2660
3663
3582
3920
5488
6401
6088
6284
7512
7997
6992
6525
7032
6601
4982
3928
3861
2934
1013
-184
-683
-1619
-3104
-3906
-4056
-4750
-5649
-5779
-5635
-6076
-6527
-6237
-5826
-5994
-6039
-5407
-4732
-4660
-4488
-3526
-2668
-2387
-1919
-828
-22
291
1156
2313
2986
3326
4286
5646
6052
6035
6626
7476
7364
6571
6605
6719
5808
4463
3831
3521
2277
923
285
-186
-1071
-2096
-2550
-2913
-3572
-3961
-3992
-4261
-4803
-4829
-4352
-4365
-4934
-4875
-3974
-3499
-3826
-3615
-2492
-1767
-1829
-1465
-334
123
297
1297
2451
2807
2978
4383
5566
5380
5457
6498
7152
6196
5452
5945
5586
3978
2764
2602
1818
-33
-1170
-1557
-2392
-3711
-4296
-4219
-4863
-5770
-5788
-5496
-5936
-6565
-6063
-5225
-5401
-5757
-5059
-3808
-3576
-3777
-2893
-1762
-1370
-1173
-229
729
836
1422
2642
3331
3336
3891
5358
5903
5515
5767
6810
6990
5890
5660
6115
5417
3878
3084
3052
2015
421
-155
-218
-1029
-2418
-2903
-2740
-3359
-4260
-4390
-4168
-4676
-5341
-4932
-4454
-4734
-5004
-4321
-3368
-3456
-3407
-2375
-1300
-1091
-1040
106
1089
1297
1840
2808
3445
3393
4046
5252
5493
5346
5779
6507
6108
5130
5207
5189
4075
2716
2308
2064
676
-582
-939
-1247
-2207
-3166
-3222
-3316
-3958
-4315
-4231
-4293
-4759
-4744
-4301
-4458
-4754
-4458
-3651
-3497
-3788
-3188
-2231
-1785
-1765
-1124
-154
135
660
1677
2464
2673
3165
4436
4977
4767
5062
5955
6132
5252
5140
5537
4877
3541
2901
2943
2010
475
-148
-212
-857
-2105
-2621
-2476
-2942
-3722
-3943
-3783
-3997
-4409
-4320
-4168
-4318
-4378
-3856
-3352
-3653
-3681
-2860
-1979
-1854
-1814
-851
-30
334
870
1781
2576
2864
3679
4617
4933
5115
5615
6203
5816
5191
5203
4968
3954
2792
2467
2126
909
-312
-858
-1153
-1962
-2925
-3331
-3516
-3942
-4398
-4592
-4679
-4804
-4647
-4417
-4523
-4545
-3982
-3145
-2933
-2876
-2108
-1185
-776
-700
-88
605
954
1562
2272
2732
2892
3676
4673
4777
4729
5199
5850
5489
4732
4887
4845
3867
2668
2262
1933
662
-460
-907
-1282
-2129
-2942
-3184
-3509
-4112
-4499
-4458
-4612
-5053
-4945
-4529
-4477
-4571
-4161
-3252
-2827
-2738
-2161
-1287
-568
-337
94
839
1262
1802
2346
2833
3121
3588
4434
4758
5015
5465
5876
5769
5249
5274
5114
4199
3110
2477
2037
980
-75
-695
-1203
-1879
-2604
-3022
-3363
-3662
-3810
-3899
-4093
-4377
-4362
-4114
-4131
-4254
-3938
-3210
-2778
-2711
-2172
-1277
-630
-384
45
843
1232
1726
2435
2912
3125
3538
4531
4796
4572
4883
5420
5268
4366
4164
4205
3313
2043
1410
1242
292
-935
-1467
-1784
-2391
-3163
-3517
-3820
-4352
-4573
-4549
-4751
-5165
-5114
-4557
-4388
-4547
-4270
-3532
-3003
-2945
-2485
-1516
-823
-614
-275
549
1140
1686
2326
2869
3281
3716
4558
4907
4931
5311
5837
5876
5133
4857
4922
4103
2799
2060
1827
961
-229
-851
-1220
-1820
-2612
-3068
-3356
-3731
-3993
-3999
-4112
-4520
-4668
-4360
-4163
-4286
-4163
-3518
-2931
-2795
-2471
-1622
-811
-494
-112
751
1503
2160
2849
3464
4100
4761
5515
5683
5563
5930
6312
6022
5186
4991
4956
4010
2711
1921
1425
346
-755
-1390
-1969
-2596
-3149
-3433
-3926
-4495
-4574
-4469
-4727
-5144
-4992
-4555
-4667
-4946
-4686
-4077
-3676
-3516
-2836
-1806
-1042
-531
99
833
1368
2123
2947
3348
3610
4320
5279
5263
5020
5582
6195
5826
4807
4830
4962
3767
2267
1634
1309
71
-1270
-1774
-2178
-2925
-3520
-3557
-3608
-4086
-4235
-3935
-3992
-4447
-4460
-3926
-3918
-4359
-4149
-3327
-2883
-2968
-2481
-1349
-445
-148
204
1132
1936
2686
3334
3821
4407
5118
5742
5610
5490
5963
6227
5695
4860
4715
4475
3309
2019
1280
648
-448
-1497
-2141
-2730
-3408
-3843
-4075
-4534
-5039
-4964
-4661
-4930
-5270
-5021
-4507
-4601
-4848
-4399
-3571
-3068
-2913
-2270
-1178
-325
161
717
1591
2531
3460
4096
4467
5090
5946
6453
6300
6357
6937
7080
6180
5179
5088
4691
3097
1527
842
154
-1228
-2457
-3019
-3521
-4161
-4564
-4846
-5204
-5423
-5145
-4908
-5241
-5400
-4922
-4467
-4711
-4915
-4269
-3395
-3011
-2808
-2014
-831
-36
401
978
1687
2451
3274
3801
4099
4651
5627
6133
5909
6059
6798
7023
6119
5347
5439
5053
3543
2105
1412
615
-724
-1859
-2517
-3121
-3683
-3963
-4167
-4505
-4711
-4493
-4315
-4684
-4920
-4590
-4363
-4712
-4902
-4329
-3533
-3257
-3096
-2293
-1212
-479
-36
647
1543
2572
3559
4127
4579
5361
6387
6763
6544
6818
7492
7520
6587
5939
5852
5072
3481
2118
1311
310
-969
-2011
-2798
-3641
-4359
-4745
-5136
-5651
-5831
-5446
-5356
-5821
-5978
-5404
-4983
-5268
-5339
-4601
-3691
-3411
-3152
-2163
-1032
-415
4
723
1461
2225
3101
3736
4164
4906
6033
6538
6401
6644
7279
7208
6165
5469
5252
4292
2663
1405
602
-574
-2004
-2937
-3544
-4225
-4757
-4954
-5136
-5561
-5817
-5614
-5586
-5902
-5989
-5576
-5164
-5094
-4734
-3842
-2930
-2515
-2036
-900
252
895
1412
2235
3053
3770
4445
4922
5331
6112
7052
7297
7246
7674
8224
7779
6638
6168
5792
4451
2741
1692
925
-372
-1653
-2417
-3041
-3801
-4305
-4412
-4673
-5170
-5258
-4874
-4960
-5423
-5336
-4821
-4700
-4987
-4851
-4005
-3388
-3308
-2790
-1638
-700
-442
-59
793
1545
2246
2842
3420
4051
4878
5685
5893
6184
6912
7441
6962
6140
6059
5702
4398
2986
2112
1122
-396
-1578
-2344
-3267
-4276
-4918
-5192
-5724
-6332
-6273
-6044
-6263
-6550
-6216
-5551
-5356
-5278
-4684
-3668
-3066
-2812
-1940
-635
279
662
1356
2296
3004
3749
4421
4920
5476
6332
6905
6858
7001
7628
7794
6957
6165
6069
5423
3739
2321
1579
571
-942
-2136
-2837
-3604
-4480
-5071
-5410
-5872
-6233
-6117
-5987
-6266
-6360
-5796
-5278
-5380
-5454
-4784
-3853
-3393
-3059
-2073
-803
-183
107
860
1775
2532
3214
3765
4285
5052
6020
6428
6544
7036
7635
7437
6548
6259
6252
5409
3890
2786
2040
706
-725
-1579
-2242
-3061
-3859
-4293
-4755
-5323
-5521
-5540
-5828
-6377
-6435
-5875
-5536
-5636
-5524
-4658
-3761
-3400
-2874
-1784
-483
342
941
1759
2464
3166
3780
4206
4608
5426
6415
6656
6634
7226
7912
7541
6609
6392
6370
5254
3601
2544
1744
385
-1042
-1970
-2768
-3641
-4331
-4595
-4981
-5416
-5421
-5353
-5725
-6380
-6487
-6088
-6004
-6207
-6036
-5143
-4274
-3921
-3343
-2154
-958
-254
438
1354
2300
3332
4044
4426
4912
5864
6607
6619
6814
7432
7813
7241
6392
6138
5600
4185
2659
1732
852
-426
-1435
-2258
-3086
-3739
-4263
-4712
-5260
-5538
-5410
-5388
-5665
-5873
-5516
-5200
-5421
-5558
-5205
-4407
-3853
-3452
-2637
-1551
-519
105
800
1624
2406
3286
3803
4027
4581
5676
6201
6009
6288
7159
7540
6897
6335
6365
5802
4286
2934
2072
880
-715
-1836
-2609
-3527
-4279
-4534
-4709
-5209
-5567
-5526
-5656
-6118
-6382
-6023
-5715
-5929
-5976
-5449
-4660
-4182
-3688
-2670
-1436
-458
285
1283
2257
3222
4262
4907
5315
6043
7169
7577
7457
7896
8599
8579
7682
7185
7232
6467
4936
3647
2787
1471
-185
-1353
-2302
-3359
-4263
-4701
-5056
-5585
-5826
-5741
-5830
-6232
-6339
-5887
-5655
-5778
-5628
-4966
-4413
-4295
-3878
-2876
-1883
-1339
-807
130
927
1694
2548
3150
3606
4422
5622
6043
6096
6827
7660
7469
6488
6128
6082
5050
3389
2302
1695
505
-959
-1835
-2396
-3097
-3899
-4377
-4765
-5326
-5669
-5788
-5910
-6317
-6460
-5989
-5658
-5559
-5314
-4516
-3735
-3480
-2900
-1821
-727
-17
692
1620
2385
3252
4023
4542
4969
5792
6735
7003
7248
7922
8455
8153
7453
7262
6808
5441
3895
2923
2076
539
-902
-1830
-2566
-3327
-4060
-4424
-4679
-5059
-5367
-5570
-5936
-6490
-6707
-6636
-6807
-6979
-6685
-5862
-5298
-5037
-4228
-2963
-1895
-1305
-503
574
1443
2300
3025
3642
4321
5409
6369
6612
6961
7828
8438
7942
7197
7159
6785
5354
3749
2843
1922
387
-993
-1928
-2710
-3493
-4056
-4320
-4599
-4895
-4961
-5021
-5302
-5634
-5580
-5382
-5506
-5584
-5223
-4550
-4081
-3624
-2683
-1517
-623
-17
835
1852
2743
3554
4153
4677
5375
6290
6783
6883
7347
8082
8201
7473
6984
6878
6126
4549
3065
2183
1027
-581
-1861
-2693
-3337
-4079
-4627
-4957
-5342
-5590
-5657
-5819
-6168
-6396
-6234
-6171
-6369
-6298
-5761
-5141
-4870
-4368
-3283
-2152
-1432
-808
110
954
1724
2446
2991
3510
4248
5259
5787
5985
6674
7562
7721
7091
6832
6945
6236
4755
3601
2940
1792
203
-946
-1632
-2422
-3364
-3951
-4253
-4591
-4900
-5016
-5160
-5552
-5738
-5574
-5547
-5746
-5699
-5136
-4614
-4377
-3812
-2683
-1559
-899
-225
796
1737
2497
3163
3796
4388
5141
6013
6355
6553
7123
7823
7816
7110
6891
6833
5994
4556
3490
2824
1667
306
-732
-1583
-2518
-3418
-4042
-4642
-5247
-5609
-5763
-6035
-6395
-6379
-6115
-6177
-6354
-6056
-5418
-4990
-4743
-4074
-2961
-2033
-1455
-750
225
1032
1715
2446
3073
3595
4375
5302
5756
6022
6721
7500
7458
6928
6917
7000
6084
4594
3729
3145
1942
505
-467
-1069
-1854
-2729
-3336
-3766
-4211
-4625
-4858
-5091
-5388
-5475
-5395
-5536
-5696
-5406
-4887
-4642
-4509
-3849
-2770
-1967
-1520
-758
296
1061
1715
2438
3178
3764
4483
5267
5652
6034
6727
7301
7066
6527
6503
6416
5418
4033
3246
2589
1318
-76
-976
-1583
-2382
-3243
-3812
-4216
-4617
-5006
-5264
-5472
-5762
-5837
-5772
-5842
-5926
-5609
-5021
-4717
-4488
-3726
-2617
-1941
-1599
-848
195
951
1580
2250
2931
3649
4587
5336
5658
6155
7025
7586
7226
6776
6872
6680
5576
4285
3667
3022
1755
504
-329
-989
-1837
-2687
-3422
-4018
-4451
-4825
-5187
-5581
-5809
-5742
-5670
-5807
-5725
-5111
-4462
-4176
-3820
-2917
-1866
-1260
-939
-251
559
1067
1575
2130
2668
3240
4071
4670
4887
5386
6181
6589
6256
5991
6178
5827
4551
3388
2897
2232
922
-299
-935
-1382
-2044
-2708
-3104
-3322
-3696
-4085
-4436
-4855
-5130
-5227
-5329
-5536
-5456
-4927
-4380
-4090
-3659
-2681
-1594
-1053
-720
30
852
1407
1869
2384
2906
3519
4342
4931
5292
5896
6600
6788
6354
6083
6121
5631
4401
3350
2874
2174
1010
-85
-744
-1202
-1864
-2592
-3109
-3405
-3705
-4109
-4480
-4782
-4954
-5077
-5366
-5598
-5538
-5210
-4915
-4774
-4353
-3454
-2498
-1921
-1475
-680
159
764
1298
1858
2492
3256
4146
4740
5129
5797
6535
6682
6219
6036
6157
5642
4459
3523
3023
2147
792
-259
-864
-1448
-2152
-2776
-3143
-3333
-3512
-3813
-4277
-4634
-4757
-4827
-5069
-5315
-5100
-4561
-4191
-4049
-3600
-2696
-1865
-1463
-1084
-256
564
1056
1510
2113
2758
3425
4165
4668
5037
5674
6363
6500
6093
5967
6146
5661
4424
3469
3048
2242
933
-154
-807
-1390
-2169
-2935
-3437
-3753
-4078
-4469
-4864
-5162
-5324
-5413
-5660
-5863
-5624
-5162
-4828
-4664
-4175
-3277
-2452
-1918
-1417
-536
356
1049
1698
2327
2920
3589
4348
4799
5123
5786
6508
6636
6303
6312
6476
5887
4710
3910
3433
2475
1182
263
-154
-574
-1219
-1879
-2322
-2515
-2787
-3210
-3695
-3993
-4102
-4245
-4520
-4762
-4627
-4306
-4133
-4097
-3683
-2851
-2141
-1709
-1180
-332
352
833
1475
2256
2920
3580
4456
5054
5359
5879
6475
6495
5933
5687
5713
5052
3732
2739
2205
1215
-153
-1193
-1832
-2413
-3122
-3824
-4269
-4447
-4694
-5018
-5330
-5537
-5598
-5692
-5838
-5850
-5536
-5066
-4721
-4466
-3934
-3144
-2489
-1999
-1411
-605
44
603
1390
2158
2751
3444
4365
4947
5184
5730
6480
6665
6242
6119
6284
5714
4429
3528
3112
2246
1002
112
-316
-709
-1287
-1814
-2155
-2344
-2621
-3005
-3366
-3561
-3604
-3680
-3840
-3975
-3881
-3667
-3467
-3266
-2845
-2242
-1782
-1423
-935
-322
91
520
1299
1999
2414
2910
3808
4520
4720
5099
5806
6114
5644
5297
5393
4967
3811
2829
2292
1467
232
-817
-1374
-1828
-2471
-3104
-3490
-3669
-3917
-4236
-4577
-4807
-4875
-4918
-5022
-5113
-4931
-4550
-4194
-3934
-3577
-2960
-2401
-2020
-1559
-916
-379
5
694
1537
2146
2709
3651
4565
5025
5528
6355
6907
6697
6432
6515
6227
5158
4049
3440
2792
1738
637
-109
-567
-1079
-1747
-2303
-2613
-2874
-3248
-3709
-4088
-4224
-4339
-4576
-4731
-4662
-4424
-4189
-4024
-3759
-3281
-2770
-2393
-2027
-1562
-1144
-766
-63
790
1314
1775
2826
3988
4499
4884
5769
6674
6715
6300
6324
6325
5360
3981
3175
2604
1519
226
-662
-1200
-1777
-2478
-3094
-3512
-3744
-4008
-4333
-4617
-4742
-4749
-4776
-4835
-4723
-4376
-3997
-3629
-3216
-2668
-2140
-1744
-1316
-807
-440
-284
104
798
1292
1551
2232
3400
4193
4538
5204
6186
6575
6254
6175
6404
5984
4826
3915
3439
2607
1381
336
-215
-692
-1461
-2192
-2585
-2788
-3163
-3677
-4115
-4290
-4465
-4801
-5019
-4975
-4786
-4591
-4319
-3953
-3421
-2843
-2366
-1889
-1427
-979
-638
-232
460
1109
1491
2020
3047
3898
4186
4565
5442
6023
5710
5405
5724
5669
4575
3490
3086
2531
1381
253
-344
-756
-1464
-2223
-2723
-2909
-3100
-3434
-3641
-3676
-3664
-3799
-3954
-3890
-3691
-3492
-3182
-2851
-2548
-2048
-1481
-1087
-759
-216
296
558
1024
1721
2171
2390
3034
3964
4370
4509
5171
5974
5795
5118
5109
5193
4226
2840
2281
2018
1096
-138
-933
-1242
-1702
-2559
-3201
-3288
-3333
-3690
-4084
-4087
-3960
-4188
-4471
-4455
-4323
-4318
-4198
-3907
-3675
-3430
-2965
-2422
-2084
-1709
-1133
-728
-383
315
1033
1448
2007
3064
3910
4200
4732
5763
6190
5661
5418
5677
5219
3935
3075
2846
2189
836
-286
-639
-828
-1548
-2441
-2750
-2572
-2745
-3305
-3584
-3411
-3389
-3763
-3910
-3693
-3540
-3462
-3144
-2802
-2532
-2051
-1460
-1083
-802
-270
235
479
874
1588
2108
2408
3142
4119
4570
4705
5376
6173
6070
5626
5752
5669
4590
3347
2768
2168
877
-385
-977
-1234
-1868
-2814
-3358
-3335
-3367
-3775
-4073
-3965
-3873
-4076
-4259
-4203
-4056
-4028
-3877
-3525
-3179
-2785
-2162
-1619
-1325
-893
-266
71
235
900
1679
2018
2280
3167
4159
4457
4657
5431
5994
5636
5250
5344
5069
3960
2941
2514
1802
508
-631
-1138
-1469
-2153
-2844
-3041
-2953
-3138
-3429
-3432
-3256
-3330
-3589
-3498
-3203
-3226
-3363
-3075
-2643
-2514
-2338
-1819
-1368
-1171
-807
-255
-52
63
740
1437
1588
1950
2989
3758
3832
4166
5053
5361
4782
4568
4885
4539
3391
2552
2308
1673
421
-565
-839
-1153
-1989
-2711
-2784
-2738
-3186
-3664
-3712
-3685
-3997
-4241
-4045
-3872
-4110
-4155
-3611
-3156
-3112
-2748
-1925
-1359
-1147
-732
-147
176
736
1690
2266
2409
3102
4286
4785
4750
5324
6251
6196
5558
5531
5687
4904
3626
3062
2751
1732
400
-303
-479
-1107
-2127
-2720
-2739
-2849
-3375
-3756
-3722
-3730
-4002
-4108
-3992
-4032
-4057
-3749
-3395
-3359
-3222
-2638
-2132
-1992
-1659
-937
-503
-401
239
1252
1665
1824
2841
4108
4351
4222
5049
5986
5619
4865
5068
5231
4115
2800
2434
2169
952
-387
-851
-1027
-1797
-2705
-2894
-2756
-3015
-3462
-3601
-3516
-3580
-3747
-3602
-3266
-3109
-2950
-2509
-2069
-1889
-1679
-1171
-807
-755
-436
181
421
419
1016
1890
2119
2096
2899
3971
4173
4079
4799
5653
5424
4898
5173
5255
4203
3077
2775
2286
983
-127
-507
-852
-1743
-2621
-2881
-2933
-3449
-4072
-4254
-4250
-4467
-4783
-4740
-4541
-4588
-4621
-4221
-3714
-3621
-3482
-2835
-2196
-1991
-1664
-881
-326
-106
562
1578
2064
2179
3064
4322
4653
4491
5095
5937
5732
5032
5069
5159
4210
3045
2600
2184
965
-306
-868
-1211
-1985
-2799
-3053
-3035
-3324
-3760
-3777
-3602
-3627
-3720
-3515
-3205
-3240
-3282
-2809
-2282
-2240
-2072
-1317
-801
-789
-459
256
517
446
1101
2087
2322
2350
3306
4465
4589
4544
5451
6224
5662
4979
5298
5397
4281
3139
2945
2531
1146
-95
-509
-858
-1770
-2526
-2749
-3021
-3622
-3989
-3954
-4067
-4340
-4345
-4060
-4081
-4315
-4108
-3498
-3209
-3266
-2810
-1968
-1614
-1594
-1132
-380
-144
-176
444
1324
1560
1669
2662
3737
3881
3981
4941
5600
5020
4527
4986
5046
3979
3134
3080
2618
1410
498
130
-450
-1376
-1962
-2210
-2590
-3037
-3229
-3314
-3539
-3746
-3772
-3742
-3832
-3868
-3603
-3213
-3081
-2942
-2419
-1776
-1418
-1230
-715
-8
260
333
982
1846
2167
2214
2874
3827
4117
4127
4659
5275
4988
4436
4530
4436
3515
2545
2141
1636
593
-327
-846
-1306
-1965
-2618
-3003
-3252
-3581
-3930
-4085
-4135
-4228
-4384
-4394
-4285
-4227
-4073
-3696
-3279
-2967
-2557
-1946
-1447
-1227
-800
-78
307
315
880
1912
2336
2280
2938
4155
4545
4297
4777
5762
5748
5026
5017
5320
4657
3477
2932
2582
1712
732
62
-464
-1114
-1710
-2139
-2514
-2905
-3149
-3202
-3340
-3589
-3720
-3581
-3428
-3528
-3526
-3116
-2736
-2640
-2362
-1672
-1136
-954
-524
180
535
526
1038
1996
2337
2184
2750
3881
4152
3781
4204
5146
5021
4146
4020
4356
3729
2487
1939
1707
885
-132
-828
-1368
-1934
-2406
-2977
-3550
-3766
-3786
-3988
-4332
-4365
-4231
-4140
-4110
-4011
-3729
-3364
-3034
-2787
-2406
-1839
-1321
-1001
-632
-48
404
497
828
1603
2121
2196
2565
3490
4009
3969
4249
4974
5188
4677
4500
4703
4328
3387
2722
2398
1779
952
194
-387
-786
-1266
-1935
-2499
-2652
-2842
-3353
-3760
-3744
-3740
-3931
-3991
-3906
-3776
-3526
-3221
-3045
-2736
-2103
-1490
-1233
-937
-282
263
334
509
1233
1818
1870
2065
2887
3555
3602
3708
4350
4757
4305
3879
3980
3805
2967
2185
1849
1382
577
-171
-731
-1227
-1750
-2229
-2608
-2891
-3156
-3387
-3516
-3572
-3570
-3520
-3464
-3458
-3427
-3176
-2789
-2625
-2436
-1844
-1227
-987
-700
-52
534
729
949
1662
2353
2554
2705
3387
4103
4281
4329
4789
5262
5059
4632
4578
4491
3847
3020
2467
1930
1261
522
-201
-760
-1177
-1664
-2292
-2701
-2897
-3134
-3506
-3737
-3760
-3853
-3984
-3973
-3847
-3756
-3623
-3386
-3090
-2714
-2269
-1922
-1629
-1240
-789
-468
-308
91
739
1159
1300
1692
2506
3116
3259
3555
4249
4562
4297
4155
4302
4027
3166
2415
1989
1429
577
-208
-648
-913
-1356
-1968
-2304
-2328
-2528
-2887
-3041
-2955
-2919
-2930
-2832
-2651
-2473
-2185
-1874
-1671
-1325
-824
-494
-386
-44
480
718
687
951
1601
1991
1922
2075
2760
3251
3161
3145
3677
3930
3485
3105
3198
3058
2410
1872
1663
1279
560
-134
-620
-1025
-1533
-2122
-2606
-2909
-3181
-3547
-3928
-4114
-4176
-4305
-4437
-4380
-4142
-3842
-3611
-3411
-3005
-2432
-2025
-1740
-1233
-604
-180
-43
290
1028
1643
1894
2147
2943
3745
3918
3961
4511
5087
4918
4500
4549
4578
3992
3189
2685
2200
1502
744
57
-391
-727
-1193
-1761
-2018
-2009
-2203
-2588
-2693
-2514
-2490
-2597
-2554
-2322
-2156
-2079
-1958
-1744
-1407
-1050
-800
-538
-131
267
490
600
917
1412
1717
1792
2097
2708
3050
2989
3136
3621
3676
3191
2917
3011
2714
1862
1186
859
392
-386
-1186
-1630
-1915
-2407
-3067
-3427
-3414
-3577
-3874
-3923
-3742
-3674
-3731
-3563
-3268
-3074
-2825
-2507
-2259
-2006
-1588
-1198
-949
-600
-126
282
494
808
1367
1838
2055
2320
2940
3584
3831
4023
4569
5096
5001
4716
4804
4737
4134
3339
2868
2406
1569
617
-45
-486
-1135
-1892
-2491
-2740
-2947
-3317
-3599
-3642
-3635
-3675
-3575
-3394
-3252
-3005
-2687
-2448
-2200
-1816
-1386
-1083
-771
-362
28
300
481
795
1209
1472
1516
1713
2328
2787
2763
2848
3335
3565
3181
2948
3077
2801
1982
1312
1042
489
-401
-1130
-1551
-1975
-2504
-2920
-3124
-3157
-3209
-3271
-3225
-3053
-2883
-2711
-2473
-2225
-2005
-1749
-1485
-1369
-1181
-730
-320
-113
175
657
1088
1266
1321
1664
2147
2423
2529
2953
3643
3969
3962
4264
4875
4932
4537
4492
4593
4108
3233
2701
2269
1479
512
-281
-783
-1286
-1909
-2544
-2908
-3069
-3354
-3700
-3803
-3686
-3742
-3842
-3792
-3683
-3538
-3320
-3071
-2823
-2534
-2156
-1790
-1477
-1115
-758
-430
-238
-22
425
921
1152
1230
1775
2497
2769
2784
3229
3801
3672
3260
3289
3357
2796
2019
1679
1367
642
-221
-780
-1056
-1476
-2052
-2513
-2549
-2508
-2772
-3037
-3001
-2804
-2774
-2782
-2556
-2185
-1879
-1650
-1374
-1034
-665
-292
-8
250
587
914
1095
1106
1269
1696
2041
2042
2170
2891
3505
3489
3528
4149
4527
4151
3771
3827
3600
2795
1995
1515
1005
231
-612
-1178
-1501
-1950
-2477
-2816
-2856
-2958
-3263
-3410
-3372
-3361
-3430
-3457
-3326
-3130
-2956
-2849
-2719
-2392
-2008
-1831
-1724
-1398
-1006
-784
-715
-638
-288
211
494
584
1095
2098
2690
2708
3100
4029
4410
4034
3869
4198
4134
3310
2514
2166
1885
1184
301
-90
-127
-456
-1134
-1394
-1195
-1270
-1681
-1807
-1613
-1631
-1831
-1918
-1896
-1849
-1830
-1832
-1785
-1602
-1338
-1168
-996
-753
-561
-391
-218
-150
152
771
1168
1111
1482
2601
3176
2907
3200
4285
4476
3556
3208
3673
3385
2104
1262
1152
714
-468
-1541
-1814
-1917
-2449
-3153
-3334
-3081
-3133
-3424
-3451
-3179
-3034
-3089
-3090
-2959
-2807
-2680
-2527
-2395
-2153
-1773
-1437
-1137
-799
-475
-247
-160
-102
209
707
864
736
1339
2488
2981
3012
3739
4998
5259
4625
4608
5200
4957
3794
3145
3101
2569
1442
631
481
263
-403
-1091
-1310
-1339
-1594
-1994
-2234
-2235
-2360
-2721
-2994
-2985
-2921
-2973
-3069
-2972
-2677
-2504
-2406
-2155
-1799
-1523
-1314
-1183
-1085
-690
-4
246
81
675
1879
2304
2046
2551
3780
3978
3134
3071
3748
3430
2148
1438
1402
917
-176
-943
-990
-1042
-1497
-1977
-2003
-1718
-1736
-2018
-2039
-1749
-1662
-1843
-1917
-1696
-1440
-1508
-1609
-1428
-1042
-820
-803
-588
-210
23
122
218
307
606
1140
1399
1277
1708
2890
3469
3220
3682
4905
5075
4267
4250
4834
4440
3242
2603
2439
1791
725
-116
-540
-831
-1319
-2022
-2317
-2065
-2147
-2697
-2947
-2740
-2902
-3523
-3764
-3532
-3527
-3806
-3805
-3424
-3107
-3083
-2983
-2627
-2344
-2264
-2173
-1920
-1728
-1468
-825
-236
-113
412
1662
2340
2319
2867
4164
4676
4124
4084
4748
4654
3613
3020
3034
2645
1771
983
704
600
94
-553
-749
-657
-1024
-1689
-1784
-1598
-1900
-2418
-2450
-2143
-2188
-2425
-2368
-2077
-1879
-1782
-1601
-1281
-1017
-874
-615
-323
-265
-141
410
876
803
1016
2083
2876
2750
2922
4021
4539
3917
3646
4184
4179
3166
2340
2176
1787
834
-70
-450
-607
-1104
-1808
-2134
-2094
-2262
-2718
-3032
-3054
-3228
-3636
-3860
-3794
-3789
-3893
-3831
-3592
-3425
-3286
-3049
-2758
-2522
-2261
-1796
-1327
-1143
-871
-70
726
965
1229
2295
3344
3575
3781
4790
5696
5470
5160
5630
5787
4888
4004
3836
3493
2508
1592
1161
845
294
-263
-638
-885
-1131
-1500
-1841
-1944
-1981
-2224
-2476
-2510
-2501
-2562
-2649
-2641
-2506
-2341
-2227
-2159
-2115
-2018
-1818
-1651
-1548
-1424
-1041
-439
-97
60
735
1846
2411
2489
3086
4058
4233
3786
3875
4217
3832
2877
2304
2099
1497
582
-295
-810
-1082
-1596
-2196
-2462
-2439
-2660
-3113
-3271
-3116
-3149
-3374
-3402
-3218
-3035
-3021
-2977
-2730
-2390
-2162
-2060
-1704
-1194
-935
-739
-265
102
279
737
1409
1794
2120
3002
3872
4151
4464
5376
5983
5696
5526
5907
5745
4784
4080
3827
3223
2179
1256
605
63
-518
-1272
-1925
-2161
-2434
-3038
-3568
-3624
-3648
-4099
-4473
-4384
-4301
-4510
-4603
-4388
-4114
-4008
-3890
-3481
-3025
-2844
-2636
-2034
-1479
-1314
-906
18
601
737
1503
2716
3239
3402
4286
5325
5400
5054
5402
5775
5158
4226
3863
3512
2682
1756
1048
652
251
-402
-1096
-1299
-1363
-1834
-2349
-2421
-2390
-2855
-3244
-3112
-3090
-3404
-3514
-3214
-3015
-3042
-2860
-2327
-1801
-1569
-1278
-623
-25
142
441
1296
2044
2165
2504
3660
4495
4465
4668
5474
5873
5541
5322
5414
5043
4168
3493
2927
2117
1163
233
-520
-1102
-1753
-2515
-2959
-2982
-3280
-3912
-4070
-3820
-4039
-4623
-4682
-4404
-4547
-4842
-4670
-4302
-4201
-4213
-3952
-3441
-3096
-2873
-2425
-1791
-1350
-1121
-477
558
1114
1252
2080
3416
4052
4050
4667
5735
5959
5512
5519
5750
5351
4534
3949
3498
2802
1883
1051
612
206
-540
-1268
-1462
-1554
-2147
-2724
-2785
-2847
-3357
-3768
-3661
-3568
-3840
-3956
-3571
-3253
-3269
-3109
-2540
-1949
-1709
-1426
-688
74
292
461
1361
2312
2446
2595
3663
4666
4690
4741
5592
6139
5646
5190
5329
5133
4190
3220
2660
2071
1139
45
-670
-1010
-1591
-2552
-3158
-3163
-3523
-4318
-4575
-4356
-4656
-5275
-5227
-4874
-5064
-5304
-4875
-4269
-4128
-3970
-3270
-2432
-2009
-1786
-1126
-193
272
332
995
2259
2862
2809
3532
4962
5513
5279
5791
6897
7072
6386
6146
6322
5932
4850
3881
3379
2832
1836
715
152
-141
-960
-1973
-2345
-2428
-3040
-3747
-3912
-4060
-4645
-4984
-4781
-4810
-5192
-5179
-4656
-4338
-4327
-3949
-3085
-2388
-2222
-1943
-1069
-269
-237
-166
879
1921
1878
1770
2908
4141
4120
3866
4662
5574
5300
4525
4514
4733
4098
2905
2173
1875
1194
-7
-928
-1215
-1569
-2368
-3039
-3118
-3243
-3737
-4072
-4092
-4236
-4527
-4530
-4315
-4319
-4288
-3783
-3200
-2933
-2639
-1921
-1042
-563
-345
214
1119
1624
1576
1951
3084
3791
3616
3894
5220
6095
5753
5707
6726
7320
6600
5895
6065
5955
4749
3392
2790
2377
1268
-242
-1126
-1377
-2024
-3197
-3886
-3918
-4167
-4897
-5341
-5265
-5419
-5800
-5837
-5654
-5663
-5564
-5013
-4450
-4169
-3823
-3084
-2322
-1964
-1685
-948
-29
370
396
1044
2254
2720
2441
2955
4340
4839
4368
4608
5726
6006
5110
4721
5155
4903
3594
2551
2359
1967
716
-526
-905
-1057
-1905
-2936
-3163
-2944
-3296
-3953
-3963
-3653
-3898
-4317
-4140
-3791
-3852
-3791
-3135
-2495
-2350
-2056
-1209
-515
-398
-97
813
1599
1616
1643
2533
3468
3514
3299
4125
5337
5407
4944
5500
6487
6206
5157
5001
5351
4619
3050
2128
1911
1122
-423
-1630
-1993
-2402
-3395
-4282
-4507
-4570
-5128
-5686
-5622
-5462
-5646
-5702
-5320
-5085
-5174
-4848
-4179
-3896
-3802
-3154
-2230
-1840
-1719
-1057
-66
384
399
775
1753
2599
2746
2786
3653
4766
4937
4690
5280
6213
6082
5305
5202
5435
4792
3565
2877
2572
1770
574
-346
-818
-1367
-2225
-2918
-3108
-3237
-3623
-3865
-3759
-3692
-3804
-3698
-3325
-3130
-3057
-2556
-1978
-1825
-1654
-956
-293
-152
-65
466
1120
1350
1273
1376
1950
2567
2643
2421
2976
3990
4149
3767
4130
4972
4886
4090
3838
4022
3548
2437
1608
1133
405
-654
-1687
-2399
-2863
-3435
-4179
-4650
-4735
-4898
-5178
-5300
-5178
-5044
-4949
-4754
-4552
-4256
-3700
-3116
-2809
-2419
-1587
-813
-438
-126
440
1092
1536
1794
2071
2646
3423
3793
3710
4037
4962
5339
4930
4993
5792
6013
5207
4618
4821
4599
3368
2203
1755
1308
307
-862
-1564
-1809
-2361
-3244
-3725
-3726
-3900
-4360
-4539
-4290
-4173
-4279
-4086
-3725
-3574
-3407
-2989
-2647
-2493
-2170
-1703
-1313
-1080
-831
-410
10
256
352
617
1262
1852
1972
2195
3063
3815
3753
3688
4368
4911
4383
3680
3801
3835
2855
1675
1242
1020
187
-1029
-1767
-1972
-2388
-3167
-3705
-3650
-3544
-3817
-4058
-3740
-3364
-3321
-3147
-2684
-2294
-1998
-1548
-1011
-616
-347
-62
307
699
940
1076
1399
1846
2022
1944
2246
2956
3248
3078
3492
4496
4788
4419
4643
5411
5359
4510
4161
4304
3759
2426
1508
1202
464
-868
-2036
-2526
-2824
-3536
-4254
-4398
-4337
-4557
-4775
-4511
-4051
-3953
-3900
-3471
-2958
-2877
-2833
-2332
-1876
-1912
-1914
-1493
-1058
-1024
-1138
-832
-277
-48
-194
-66
602
1118
1061
1079
1925
2867
2885
2789
3631
4525
4299
3812
4103
4314
3571
2622
2226
1792
838
-206
-863
-1257
-1784
-2394
-2767
-2775
-2735
-2842
-2724
-2318
-2114
-2111
-1821
-1384
-1270
-1296
-979
-584
-594
-636
-314
-12
18
9
106
420
748
794
707
920
1547
1895
1744
1895
2744
3294
3023
3026
3754
4161
3684
3156
3230
3146
2219
1131
562
50
-972
-2061
-2732
-3227
-3814
-4348
-4725
-4822
-4722
-4637
-4437
-4015
-3592
-3277
-2938
-2503
-2138
-1952
-1700
-1336
-1170
-1138
-795
-297
-120
-95
221
722
979
975
1032
1391
1897
2174
2190
2493
3346
3944
3949
4095
4857
5432
5120
4800
5092
5005
4110
3223
2698
2088
1114
125
-597
-1109
-1604
-2196
-2684
-2800
-2821
-3054
-3230
-3078
-2996
-3211
-3180
-2855
-2803
-2906
-2725
-2472
-2498
-2501
-2140
-1716
-1563
-1446
-1019
-455
-71
76
237
608
1166
1594
1591
1639
2347
3045
3009
2986
3615
4146
3899
3538
3610
3489
2710
1775
1087
344
-495
-1367
-2153
-2671
-2941
-3236
-3568
-3488
-3219
-3188
-3175
-2836
-2489
-2493
-2464
-2178
-2038
-2098
-1884
-1541
-1450
-1284
-777
-299
-136
42
495
944
1122
1248
1433
1597
1901
2223
2293
2333
2834
3426
3442
3363
3839
4344
4144
3685
3682
3764
3277
2395
1657
1184
607
-243
-1075
-1584
-1864
-2220
-2740
-3044
-2941
-2888
-3133
-3328
-3212
-3142
-3333
-3415
-3303
-3242
-3229
-3041
-2706
-2465
-2198
-1730
-1263
-909
-546
-221
91
400
619
692
988
1526
1705
1635
2060
2854
3068
2957
3424
4127
4038
3510
3606
3927
3535
2670
2204
2021
1490
653
-114
-541
-885
-1435
-2004
-2261
-2289
-2395
-2486
-2384
-2265
-2253
-2140
-1980
-1999
-2057
-1828
-1484
-1396
-1404
-1078
-518
-225
-260
-59
490
819
703
681
953
1070
1050
1162
1360
1499
1822
2246
2404
2560
3050
3463
3378
3174
3235
3198
2691
1918
1280
732
64
-813
-1702
-2189
-2456
-2974
-3588
-3707
-3530
-3665
-3978
-3946
-3716
-3673
-3732
-3648
-3421
-3110
-2805
-2534
-2150
-1630
-1109
-748
-429
-27
316
540
691
803
892
958
1069
1240
1404
1528
1824
2411
2957
3230
3625
4388
4862
4751
4668
4861
4769
4134
3394
2893
2381
1581
550
-328
-768
-1176
-1918
-2554
-2655
-2655
-3012
-3402
-3391
-3271
-3325
-3383
-3242
-2957
-2609
-2311
-2038
-1668
-1181
-706
-412
-200
38
215
252
254
287
298
164
73
281
513
466
677
1432
1968
1970
2284
3055
3354
3068
3061
3378
3131
2374
1835
1516
929
103
-668
-1232
-1640
-2084
-2589
-2857
-2822
-2811
-2958
-3013
-2893
-2678
-2414
-2217
-2039
-1755
-1326
-1029
-896
-569
-49
226
224
356
674
865
827
795
911
1007
967
987
1196
1425
1505
1770
2355
2719
2804
3166
3791
3980
3728
3683
3814
3567
2836
2129
1637
1053
197
-780
-1437
-1811
-2309
-3037
-3462
-3414
-3485
-3793
-3866
-3595
-3389
-3305
-3168
-2927
-2599
-2301
-2177
-2090
-1742
-1267
-1070
-1053
-799
-411
-300
-399
-321
-72
21
-144
-162
266
698
774
907
1634
2374
2546
2760
3478
3983
3861
3755
3963
3888
3260
2580
2084
1553
755
-142
-758
-1081
-1457
-1984
-2304
-2214
-2104
-2153
-2103
-1800
-1467
-1303
-1132
-940
-810
-712
-595
-529
-495
-372
-218
-174
-242
-260
-123
-6
-157
-349
-213
-39
-253
-412
-14
462
504
670
1465
2213
2404
2595
3214
3666
3573
3403
3388
3174
2464
1572
886
330
-472
-1526
-2194
-2436
-2860
-3516
-3776
-3591
-3548
-3732
-3719
-3326
-2958
-2898
-2847
-2472
-1964
-1801
-1807
-1437
-886
-684
-696
-395
30
145
175
456
665
502
462
716
787
704
1031
1621
1849
2102
2840
3581
3872
4155
4718
5062
4995
4816
4670
4335
3704
2923
2132
1418
769
4
-744
-1248
-1576
-2016
-2417
-2477
-2444
-2555
-2675
-2549
-2354
-2345
-2410
-2289
-2078
-2026
-1964
-1779
-1597
-1543
-1468
-1305
-1246
-1280
-1255
-1212
-1309
-1360
-1234
-1171
-1258
-1035
-494
-187
-147
288
1146
1650
1799
2287
2997
3236
3099
3124
3231
2930
2379
1941
1535
993
364
-262
-761
-1107
-1469
-1900
-2141
-2112
-2071
-2192
-2239
-2030
-1772
-1656
-1618
-1481
-1175
-858
-764
-733
-461
-98
-35
-154
-75
139
162
13
-42
62
227
327
296
429
973
1455
1510
1721
2517
3121
3143
3275
3878
4211
3906
3604
3594
3408
2791
2137
1665
1234
612
-205
-862
-1177
-1551
-2251
-2761
-2788
-2881
-3202
-3364
-3256
-3152
-3127
-3067
-3006
-2945
-2756
-2563
-2573
-2572
-2381
-2159
-2182
-2197
-1942
-1702
-1604
-1489
-1209
-824
-405
-90
134
617
1316
1684
1767
2338
3181
3395
3296
3703
4258
4204
3890
3926
4070
3828
3291
2839
2573
2236
1633
983
663
494
15
-511
-596
-601
-953
-1217
-1131
-1128
-1403
-1573
-1582
-1671
-1810
-1908
-1994
-2040
-1986
-1944
-1971
-1880
-1618
-1376
-1198
-926
-642
-502
-321
-7
114
61
252
580
560
352
660
1171
1079
766
1110
1669
1486
1069
1245
1596
1371
812
614
662
341
-358
-772
-747
-908
-1449
-1758
-1595
-1661
-2102
-2270
-2115
-2192
-2451
-2510
-2422
-2421
-2441
-2299
-2051
-1782
-1498
-1123
-698
-267
183
606
993
1411
1703
1805
1999
2278
2251
1995
2039
2349
2344
2064
2260
2797
2921
2744
3029
3572
3662
3429
3426
3624
3474
2889
2314
2057
1722
894
71
-158
-374
-1190
-1940
-1986
-2091
-2759
-3221
-3158
-3337
-3898
-4186
-4092
-4129
-4351
-4380
-4110
-3718
-3445
-3123
-2517
-1740
-1228
-941
-442
260
597
486
577
967
974
489
349
782
902
471
485
1232
1663
1424
1620
2502
3003
2824
2842
3334
3564
3154
2678
2614
2548
1991
1281
991
824
260
-409
-605
-624
-1037
-1499
-1541
-1562
-1950
-2294
-2257
-2225
-2445
-2561
-2254
-1820
-1652
-1479
-916
-209
103
210
601
1170
1370
1161
1105
1306
1248
734
374
544
718
371
-37
206
840
954
710
1069
1838
1986
1616
1693
2114
1984
1327
942
949
684
-45
-685
-971
-1272
-1845
-2314
-2499
-2716
-3126
-3340
-3308
-3429
-3681
-3713
-3450
-3282
-3279
-3027
-2426
-1923
-1693
-1234
-367
412
739
1026
1597
2103
2185
2024
2037
2115
1902
1401
1004
959
1016
816
617
909
1548
1868
1943
2460
3321
3684
3552
3755
4227
4251
3779
3385
3130
2638
1885
1087
421
-151
-836
-1620
-2217
-2462
-2824
-3341
-3545
-3476
-3558
-3646
-3415
-3220
-3210
-2960
-2412
-2054
-1850
-1408
-819
-406
-197
-41
185
334
178
-147
-306
-386
-700
-1099
-1280
-1310
-1297
-1158
-938
-704
-258
365
807
1201
1867
2505
2806
3015
3326
3507
3291
2885
2571
2293
1838
1157
590
276
-127
-714
-1119
-1201
-1361
-1615
-1656
-1554
-1627
-1686
-1381
-977
-810
-680
-210
325
545
617
902
1354
1512
1352
1324
1466
1302
788
412
251
-22
-489
-822
-953
-1066
-1135
-1021
-893
-793
-367
229
582
833
1388
2019
2271
2250
2278
2356
2188
1703
1147
769
399
-240
-913
-1274
-1578
-2135
-2604
-2711
-2845
-3149
-3232
-3039
-2978
-2999
-2687
-2238
-2030
-1956
-1668
-1223
-1009
-1029
-827
-398
-195
-280
-281
-70
68
-24
-87
45
135
109
86
90
161
348
625
846
997
1348
1968
2474
2718
3116
3786
4291
4362
4306
4486
4575
4249
3702
3288
2917
2310
1496
745
238
-318
-1004
-1516
-1805
-2087
-2375
-2542
-2611
-2624
-2593
-2555
-2536
-2476
-2300
-2108
-1990
-1921
-1785
-1601
-1415
-1289
-1280
-1129
-848
-787
-909
-863
-665
-698
-1024
-1199
-1060
-1091
-1304
-1130
-727
-576
-407
118
687
1121
1583
2183
2739
3154
3490
3704
3829
3819
3519
2993
2580
2058
1135
341
-26
-448
-1123
-1530
-1566
-1692
-1938
-1905
-1644
-1505
-1403
-1239
-1121
-1021
-916
-903
-933
-843
-738
-715
-619
-433
-266
-144
27
174
203
303
500
503
352
417
593
458
128
156
493
465
291
660
1276
1608
1843
2373
2955
3280
3426
3435
3357
3157
2692
2055
1475
887
41
-897
-1479
-1876
-2505
-2996
-2937
-2879
-3135
-3187
-2867
-2653
-2767
-2854
-2691
-2623
-2838
-3064
-3072
-3008
-3125
-3237
-3065
-2742
-2547
-2344
-1780
-1054
-642
-420
20
566
789
763
962
1421
1504
1287
1530
2079
2234
2254
2822
3589
3896
4050
4607
5118
5169
5064
5054
4971
4604
3955
3235
2654
2077
1278
433
-24
-298
-876
-1468
-1642
-1726
-2103
-2490
-2568
-2585
-2847
-3178
-3243
-3146
-3247
-3486
-3438
-3147
-3070
-3067
-2657
-2001
-1648
-1424
-826
-107
174
202
459
821
873
587
387
485
458
-11
-345
-99
208
121
187
877
1495
1604
1836
2552
3060
3058
3057
3214
3197
2849
2415
1999
1544
911
146
-445
-819
-1356
-2034
-2310
-2372
-2723
-3114
-3091
-2938
-3057
-3139
-2904
-2681
-2607
-2469
-2175
-1847
-1482
-1018
-526
24
603
1139
1633
2178
2674
3026
3302
3528
3579
3364
3022
2665
2221
1621
1026
557
235
67
-105
-207
59
508
676
818
1465
2121
2252
2241
2501
2622
2159
1492
1042
578
-225
-1169
-1938
-2454
-2992
-3684
-4136
-4187
-4236
-4465
-4461
-4183
-4058
-4033
-3788
-3430
-3259
-3117
-2810
-2455
-2176
-1822
-1255
-694
-218
332
1027
1663
2086
2447
2866
3172
3217
3079
2872
2667
2361
1879
1417
1110
754
397
348
469
474
631
1136
1572
1744
2116
2697
2948
2847
2801
2775
2467
1969
1529
1176
714
101
-456
-829
-1150
-1524
-1774
-1853
-1980
-2122
-2061
-1933
-1950
-1974
-1833
-1672
-1685
-1707
-1501
-1200
-1068
-1049
-786
-328
2
231
577
1078
1451
1596
1621
1657
1646
1365
931
600
305
-213
-840
-1181
-1384
-1758
-2024
-1925
-1758
-1707
-1388
-768
-310
23
581
1258
1681
1861
2060
2265
2279
2032
1630
1302
1058
573
-120
-596
-805
-1174
-1655
-1883
-1854
-1863
-1876
-1698
-1497
-1344
-1100
-762
-470
-283
-74
219
491
624
697
961
1368
1568
1563
1779
2139
2259
2112
2045
2107
1921
1433
958
612
104
-662
-1362
-1786
-2160
-2694
-3000
-2825
-2612
-2609
-2323
-1543
-896
-606
-162
557
1097
1259
1414
1676
1757
1500
1100
829
652
374
-17
-296
-344
-406
-679
-805
-617
-533
-659
-612
-405
-454
-675
-680
-637
-797
-959
-922
-830
-814
-728
-464
-55
304
526
822
1306
1645
1614
1562
1714
1671
1265
889
674
339
-199
-667
-944
-1103
-1301
-1518
-1429
-970
-600
-493
-77
753
1197
1238
1623
2275
2478
2291
2322
2492
2374
2015
1732
1659
1618
1299
840
697
694
273
-294
-470
-604
-1141
-1682
-1919
-2215
-2669
-2953
-3038
-3095
-3116
-3021
-2809
-2511
-2190
-1875
-1411
-852
-495
-267
150
593
657
538
627
722
499
105
-184
-326
-562
-980
-1220
-1131
-1068
-1161
-1090
-749
-405
-158
126
538
1057
1547
1876
2212
2708
3090
3189
3347
3667
3761
3593
3455
3293
2946
2546
2140
1649
1161
677
49
-573
-930
-1295
-1856
-2210
-2306
-2493
-2671
-2597
-2456
-2382
-2229
-1976
-1721
-1454
-1187
-945
-701
-465
-342
-333
-244
-147
-204
-261
-233
-189
-189
-272
-334
-361
-422
-492
-515
-493
-517
-572
-493
-386
-362
-252
-13
172
348
670
984
1173
1366
1591
1730
1794
1817
1735
1611
1499
1222
791
461
183
-231
-612
-796
-1010
-1295
-1448
-1474
-1538
-1578
-1485
-1418
-1349
-1199
-1103
-1045
-864
-674
-655
-577
-347
-163
-73
123
427
679
910
1162
1421
1689
1902
1962
2024
2181
2219
2032
1827
1732
1525
1150
826
584
348
70
-226
-435
-481
-443
-476
-474
-285
-62
-28
21
256
450
432
373
386
337
153
-122
-356
-522
-745
-1043
-1310
-1373
-1378
-1499
-1588
-1532
-1450
-1473
-1441
-1310
-1246
-1239
-1202
-1183
-1229
-1218
-1107
-1009
-916
-757
-505
-152
175
447
794
1228
1548
1710
1928
2166
2220
2075
1863
1650
1328
876
418
5
-352
-692
-1061
-1328
-1398
-1414
-1461
-1379
-1084
-790
-552
-222
154
468
753
1081
1319
1437
1602
1782
1849
1827
1800
1801
1751
1593
1330
1084
892
533
24
-375
-647
-1050
-1522
-1816
-2000
-2230
-2404
-2420
-2342
-2166
-1923
-1639
-1268
-806
-395
-93
257
600
768
881
1025
1073
1002
879
711
476
202
-89
-415
-749
-1036
-1283
-1448
-1514
-1569
-1599
-1553
-1443
-1300
-1133
-864
-566
-301
17
467
914
1277
1715
2194
2595
2875
3129
3391
3508
3470
3334
3048
2668
2218
1612
1006
510
-13
-617
-1110
-1404
-1692
-1952
-1994
-1939
-1894
-1778
-1595
-1349
-1066
-825
-613
-327
-33
83
113
222
282
157
19
23
-33
-170
-226
-241
-325
-428
-501
-589
-689
-813
-953
-1046
-1122
-1241
-1320
-1262
-1137
-1042
-884
-547
-162
142
491
963
1408
1715
1993
2297
2518
2582
2542
2433
2247
1960
1509
1028
661
256
-254
-673
-935
-1185
-1519
-1764
-1811
-1823
-1877
-1889
-1813
-1679
-1587
-1488
-1285
-1013
-817
-707
-465
-145
33
123
325
559
643
644
717
830
847
753
659
614
520
308
67
-57
-168
-361
-490
-473
-430
-420
-366
-213
-49
57
190
362
520
673
839
1044
1274
1436
1603
1764
1832
1827
1808
1788
1677
1477
1283
1099
821
444
34
-380
-775
-1208
-1660
-1994
-2266
-2541
-2745
-2821
-2793
-2732
-2617
-2355
-2029
-1755
-1480
-1151
-816
-561
-338
-65
201
387
556
715
852
937
983
1037
1067
1081
1051
1021
1034
1019
940
837
766
657
478
323
210
77
-57
-93
4
163
336
575
899
1247
1552
1827
2124
2394
2478
2459
2456
2383
2133
1771
1406
1013
550
12
-460
-819
-1184
-1604
-1956
-2131
-2261
-2490
-2633
-2559
-2496
-2553
-2549
-2417
-2313
-2279
-2255
-2147
-1961
-1771
-1582
-1331
-984
-649
-365
-40
354
698
923
1138
1329
1439
1470
1428
1350
1178
931
667
419
189
-53
-288
-432
-506
-562
-552
-435
-246
-29
205
491
815
1069
1252
1434
1578
1632
1627
1596
1525
1351
1112
897
712
489
225
-6
-157
-311
-490
-605
-634
-655
-704
-715
-671
-631
-647
-658
-641
-593
-549
-531
-464
-386
-342
-302
-197
-51
40
115
259
396
458
527
636
706
692
614
498
358
202
20
-186
-351
-554
-822
-1030
-1134
-1218
-1304
-1341
-1304
-1162
-971
-806
-544
-208
50
262
507
737
890
985
1074
1172
1260
1258
1203
1205
1180
1048
878
789
696
503
318
169
-7
-204
-382
-544
-713
-903
-1067
-1183
-1257
-1312
-1378
-1370
-1251
-1113
-1007
-803
-494
-230
-3
273
558
775
955
1100
1211
1283
1301
1258
1194
1141
1041
845
667
539
344
112
-43
-157
-277
-368
-390
-378
-336
-220
-87
45
227
443
573
692
884
1025
1041
1026
1023
926
738
561
360
86
-207
-556
-944
-1288
-1571
-1853
-2111
-2246
-2336
-2452
-2511
-2505
-2504
-2486
-2370
-2185
-2017
-1830
-1572
-1336
-1130
-885
-598
-306
16
356
616
822
1068
1272
1414
1599
1818
1938
1960
1970
1940
1818
1657
1533
1417
1269
1148
1063
962
911
896
894
983
1130
1211
1260
1335
1371
1341
1320
1312
1243
1140
999
819
649
498
346
172
-26
-248
-473
-659
-818
-1002
-1185
-1323
-1454
-1599
-1711
-1803
-1921
-2029
-2100
-2092
-2014
-1950
-1891
-1771
-1571
-1364
-1113
-752
-364
-31
242
514
750
964
1118
1195
1217
1174
1011
736
492
224
-117
-431
-665
-861
-1038
-1180
-1272
-1329
-1309
-1217
-1055
-790
-485
-191
110
457
788
1053
1325
1588
1751
1839
1867
1864
1833
1747
1635
1503
1349
1138
904
699
499
273
50
-145
-312
-465
-557
-579
-588
-567
-531
-485
-387
-283
-195
-120
-42
66
172
236
273
262
186
108
33
-51
-135
-241
-376
-539
-729
-919
-1059
-1113
-1120
-1071
-995
-941
-888
-836
-739
-612
-478
-316
-150
-5
119
230
296
304
299
331
371
396
437
501
553
593
645
701
746
788
815
817
795
756
693
579
439
267
54
-161
-349
-547
-775
-992
-1193
-1377
-1552
-1662
-1720
-1724
-1680
-1614
-1498
-1364
-1192
-987
-775
-540
-265
29
322
619
900
1168
1412
1597
1740
1842
1922
1967
1976
1969
1933
1836
1676
1516
1311
1101
903
700
502
322
180
42
-71
-146
-159
-102
-14
96
225
360
458
535
641
686
687
652
572
453
266
28
-278
-612
-929
-1284
-1655
-1995
-2310
-2597
-2823
-2966
-3053
-3080
-3017
-2872
-2664
-2370
-2024
-1651
-1241
-794
-334
80
472
835
1141
1377
1549
1655
1718
1749
1726
1637
1503
1338
1136
948
760
576
428
316
192
69
-1
-49
-87
-65
5
116
266
439
612
774
946
1096
1227
1356
1465
1526
1534
1489
1354
1167
959
705
401
90
-200
-508
-809
-1051
-1285
-1558
-1775
-1885
-1926
-1900
-1817
-1702
-1591
-1459
-1334
-1196
-995
-791
-628
-496
-368
-263
-219
-210
-198
-217
-271
-304
-286
-222
-141
-72
-21
29
78
132
221
347
454
537
660
786
844
879
928
958
935
889
894
926
964
1017
1074
1129
1168
1226
1286
1334
1396
1436
1458
1438
1352
1240
1091
911
705
478
212
-62
-351
-665
-953
-1227
-1470
-1661
-1808
-1920
-1980
-2007
-2013
-1979
-1915
-1815
-1642
-1448
-1254
-1060
-874
-671
-464
-272
-98
46
192
326
432
526
620
693
743
785
796
785
747
687
624
564
504
442
358
267
189
131
93
68
73
109
165
223
263
308
341
329
304
294
274
210
98
-30
-154
-287
-445
-591
-731
-840
-939
-1033
-1076
-1073
-1027
-976
-899
-761
-612
-467
-310
-144
2
119
225
321
432
526
597
662
738
807
824
864
915
922
921
947
942
883
833
777
671
537
422
301
170
38
-90
-222
-324
-388
-439
-474
-481
-475
-469
-489
-518
-521
-521
-517
-516
-492
-465
-429
-356
-277
-223
-202
-162
-76
0
43
105
176
228
268
303
305
261
204
160
101
37
-26
-96
-165
-230
-290
-332
-343
-329
-292
-251
-199
-136
-51
49
116
193
276
346
400
453
491
496
473
449
431
384
318
245
169
93
38
2
-15
-10
3
18
30
79
146
223
338
447
533
619
695
740
759
770
756
718
681
606
496
339
163
-15
-241
-477
-675
-853
-1044
-1223
-1376
-1527
-1667
-1760
-1805
-1824
-1804
-1757
-1697
-1608
-1502
-1376
-1235
-1072
-908
-745
-572
-423
-253
-79
96
291
456
611
770
901
1012
1122
1234
1298
1328
1352
1346
1293
1239
1193
1154
1112
1058
999
947
896
861
851
854
866
873
900
910
894
881
856
806
734
619
483
332
147
-34
-192
-386
-595
-773
-934
-1107
-1250
-1354
-1446
-1520
-1575
-1580
-1577
-1554
-1498
-1432
-1347
-1240
-1107
-975
-837
-714
-602
-473
-339
-212
-79
38
147
234
297
356
404
456
489
494
484
482
482
438
376
336
322
318
318
334
369
413
448
499
562
627
698
775
830
876
930
951
940
927
904
863
817
746
654
570
477
357
233
127
24
-98
-206
-288
-375
-459
-535
-614
-676
-715
-751
-783
-798
-793
-799
-802
-777
-754
-724
-682
-625
-548
-470
-402
-317
-232
-177
-125
-65
-25
23
94
137
163
181
191
200
204
199
190
185
178
180
189
193
200
194
170
161
152
126
116
108
87
51
8
-44
-99
-126
-160
-198
-243
-280
-313
-387
-472
-528
-575
-629
-658
-668
-686
-692
-679
-662
-633
-584
-528
-455
-377
-294
-192
-90
25
150
280
406
507
592
670
737
809
883
945
992
1029
1059
1070
1079
1093
1105
1101
1106
1096
1056
1015
972
919
868
805
753
706
643
573
509
446
347
233
99
-41
-183
-334
-472
-613
-761
-905
-1054
-1200
-1324
-1454
-1571
-1649
-1699
-1731
-1763
-1767
-1758
-1746
-1717
-1661
-1565
-1456
-1328
-1178
-1033
-884
-729
-580
-416
-237
-60
117
294
451
589
718
847
965
1067
1155
1239
1329
1412
1472
1522
1585
1648
1685
1727
1766
1788
1775
1740
1697
1645
1570
1483
1377
1266
1149
1010
866
697
518
319
108
-113
-322
-526
-738
-931
-1114
-1290
-1452
-1608
-1733
-1831
-1911
-1968
-1995
-1988
-1952
-1874
-1768
-1663
-1554
-1420
-1286
-1171
-1051
-903
-744
-584
-428
-280
-158
-43
92
199
286
365
434
487
516
541
562
568
579
607
619
626
652
668
673
665
657
671
703
741
771
793
812
820
827
810
779
735
684
638
574
499
394
285
193
93
1
-92
-188
-278
-362
-413
-454
-475
-476
-476
-475
-482
-487
-483
-471
-456
-430
-400
-386
-378
-345
-279
-204
-143
-88
-31
-7
11
32
41
56
74
95
115
131
140
139
133
136
129
116
126
149
165
162
157
153
147
146
153
154
143
118
89
70
44
1
-27
-48
-74
-98
-146
-176
-190
-220
-231
-229
-230
-220
-197
-171
-136
-100
-82
-90
-95
-90
-93
-90
-89
-93
-73
-25
5
46
105
158
204
252
291
334
383
445
503
534
553
566
560
539
512
482
451
419
396
368
336
288
231
172
110
45
-24
-78
-145
-212
-266
-319
-369
-431
-494
-543
-589
-636
-673
-723
-773
-827
-866
-880
-882
-886
-873
-853
-838
-816
-784
-753
-752
-753
-749
-717
-667
-602
-524
-452
-389
-307
-218
-119
10
123
241
375
487
581
677
773
856
936
998
1055
1131
1196
1237
1270
1296
1309
1310
1296
1253
1212
1176
1129
1082
1008
924
836
768
701
609
521
446
357
268
163
49
-56
-148
-213
-283
-361
-444
-508
-560
-613
-677
-775
-873
-944
-1000
-1044
-1077
-1088
-1098
-1091
-1076
-1075
-1086
-1102
-1091
-1055
-1014
-953
-873
-786
-707
-645
-577
-482
-381
-295
-221
-140
-73
-36
6
57
128
198
284
364
410
444
465
471
485
507
523
551
581
613
642
662
676
702
709
698
693
679
667
664
644
612
577
552
515
477
437
390
340
295
264
227
196
168
147
107
56
9
-43
-85
-111
-137
-185
-247
-298
-336
-376
-421
-439
-434
-434
-433
-447
-464
-465
-468
-473
-467
-461
-466
-468
-464
-473
-482
-470
-435
-385
-335
-287
-250
-215
-183
-177
-191
-215
-229
-228
-209
-160
-105
-70
-45
-7
24
42
44
36
36
34
41
59
80
107
134
173
207
239
283
325
343
359
388
423
445
462
470
474
480
490
498
493
488
462
430
408
389
376
370
357
343
322
299
293
294
282
280
296
299
284
272
259
212
154
88
18
-51
-111
-178
-231
-262
-287
-320
-366
-393
-417
-450
-490
-539
-578
-614
-660
-703
-739
-744
-734
-732
-719
-708
-696
-676
-663
-645
-621
-599
-566
-525
-468
-412
-345
-283
-222
-158
-113
-74
-20
45
103
162
220
290
355
422
488
547
609
657
695
738
785
805
808
825
853
862
852
830
801
783
738
680
645
603
555
491
429
402
374
325
261
196
145
91
7
-66
-139
-207
-280
-353
-413
-463
-503
-553
-599
-640
-679
-722
-768
-789
-792
-789
-779
-772
-762
-760
-753
-745
-750
-738
-708
-663
-606
-539
-485
-434
-363
-283
-201
-142
-103
-56
8
58
88
135
187
228
271
306
342
373
396
435
476
503
536
575
616
646
652
648
657
664
669
686
699
711
711
702
682
642
595
548
489
435
397
359
336
309
256
198
140
78
29
-7
-28
-59
-115
-180
-222
-261
-309
-344
-386
-424
-447
-478
-498
-503
-509
-519
-527
-520
-518
-543
-563
-567
-567
-573
-571
-541
-518
-525
-528
-505
-487
-476
-433
-388
-371
-344
-312
-285
-252
-202
-152
-100
-61
-30
22
67
99
141
176
212
253
295
335
346
357
389
396
397
417
424
430
441
462
493
504
512
513
497
484
465
456
447
437
435
426
432
418
380
356
342
333
322
310
294
266
251
224
174
128
63
-5
-66
-131
-183
-218
-241
-259
-293
-338
-371
-399
-420
-432
-454
-481
-511
-532
-533
-538
-532
-520
-503
-487
-487
-489
-464
-448
-452
-440
-431
-409
-374
-360
-355
-342
-319
-293
-266
-230
-182
-137
-94
-50
-1
39
60
78
90
108
139
163
179
200
239
295
345
395
435
447
453
463
464
449
439
452
459
457
450
438
422
414
403
397
397
392
391
382
368
361
344
310
273
244
232
217
188
146
103
65
8
-31
-36
-53
-68
-77
-93
-121
-158
-186
-213
-250
-270
-271
-269
-261
-251
-245
-261
-288
-330
-383
-427
-453
-460
-459
-455
-434
-405
-389
-361
-305
-270
-256
-253
-264
-271
-264
-232
-196
-150
-114
-89
-67
-48
-27
-13
-4
6
15
17
30
59
89
113
142
163
177
195
215
230
235
234
236
246
243
244
244
232
221
214
208
205
209
201
190
188
186
176
157
143
131
112
95
85
67
38
-2
-19
-16
-28
-49
-56
-69
-78
-77
-88
-97
-96
-100
-99
-90
-76
-67
-62
-52
-65
-88
-118
-155
-183
-192
-178
-156
-139
-125
-107
-84
-76
-73
-57
-31
-2
13
21
38
59
75
98
115
112
111
106
96
83
73
61
61
64
71
79
72
64
46
38
50
69
78
72
68
65
58
46
42
31
20
17
25
27
25
39
46
48
55
53
33
9
-3
-12
-30
-42
-53
-69
-83
-96
-109
-119
-130
-135
-128
-122
-125
-125
-131
-130
-114
-99
-82
-71
-61
-48
-35
-22
-12
-8
-3
16
19
29
31
10
0
3
2
-4
-6
-7
-15
-8
14
23
29
23
16
16
20
27
17
7
14
32
38
34
18
6
-6
-2
15
19
23
32
42
48
48
33
4
-14
-20
-16
4
30
48
44
44
52
54
44
33
25
21
27
31
22
8
-17
-33
-28
-26
-29
-40
-37
-36
-46
-43
-26
-13
-14
-7
5
3
-3
-1
5
0
-13
-16
-22
-26
-25
-38
-62
-76
-71
-59
-59
-59
-46
-36
-17
-13
-19
-11
6
2
-5
11
26
32
40
46
51
55
51
54
56
63
74
74
66
62
65
62
58
55
59
69
67
66
76
75
75
72
66
63
62
58
46
35
26
16
-1
-3
1
5
1
-7
-21
-29
-27
-30
-32
-30
-32
-52
-76
-100
-106
-101
-110
-113
-112
-108
-101
-94
-93
-88
-77
-66
-57
-54
-46
-36
-43
-63
-72
-79
-77
-59
-52
-48
-35
-29
-33
-41
-43
-48
-49
-40
-23
5
22
31
39
46
59
73
85
98
93
98
103
93
81
67
63
56
49
47
51
60
69
75
77
81
80
61
35
19
15
10
12
0
-21
-22
-3
11
12
17
8
12
21
13
7
-6
-24
-37
-48
-50
-36
-19
-17
-18
-20
-23
-29
-32
-34
-34
-29
-25
-18
-19
-26
-28
-10
11
24
20
4
-14
-31
-30
-29
-28
-25
-21
-10
-13
-20
-12
1
29
43
36
23
10
-7
-34
-49
-41
-26
-9
1
0
2
19
34
44
54
63
58
47
31
7
4
11
12
21
36
35
27
17
-2
-14
-11
-9
-14
-15
-7
-6
-12
-6
1
3
28
49
48
40
32
9
-10
-16
-18
-20
-25
-27
-24
-13
6
-2
-24
-27
-21
-27
-50
-65
-73
-58
-48
-58
-42
-10
1
-5
-12
5
23
35
43
31
6
3
-2
-26
-33
-29
-9
5
0
-9
-14
-25
-30
-34
-39
-45
-55
-58
-56
-35
-2
20
26
26
30
27
21
23
39
60
82
83
65
45
27
5
-18
-12
-3
3
23
27
31
44
55
75
80
73
53
29
20
16
6
9
33
46
42
36
15
-16
-46
-75
-100
-125
-139
-146
-136
-113
-88
-52
-36
-23
-16
-16
-22
-52
-57
-40
-25
-1
20
33
