-20
-20
-7
2
5
16
26
41
30
9
-6
-19
-21
-9
3
0
-8
1
17
25
27
31
33
18
10
12
21
24
13
-4
-22
-28
-31
-35
-35
-42
-39
-30
-28
-30
-34
-43
-45
-32
-28
-27
-33
-37
-51
-49
-47
-54
-51
-38
-21
-7
-16
-28
-30
-30
-19
-14
-9
-11
-1
11
25
35
41
43
36
39
41
42
41
33
26
20
17
12
8
3
-12
-16
-13
-16
-6
10
14
-1
-14
-22
-17
-6
-4
-5
2
11
1
-10
-21
-6
-1
-1
9
7
0
-19
-26
-35
-45
-30
-15
13
9
-14
-10
-1
10
20
37
48
43
33
27
32
41
35
30
33
17
8
12
2
7
10
9
7
11
9
1
-4
-4
10
16
23
19
2
-2
-4
0
-1
0
6
13
27
32
42
41
37
39
35
27
4
-3
-8
-11
-6
-11
-6
-5
-13
-23
-37
-46
-37
-29
-30
-31
-27
-19
-22
-17
-2
9
14
13
12
1
-6
4
23
21
4
-7
-22
-35
-37
-37
-28
-16
-11
-5
5
7
18
8
1
13
15
20
22
24
21
7
5
7
-8
-21
-33
-47
-48
-48
-56
-55
-56
-42
-25
-28
-33
-26
-10
-6
-11
-14
-10
2
20
31
32
33
36
27
5
-19
-38
-44
-42
-20
-1
1
-3
4
13
-5
-18
-26
-31
-13
11
24
19
17
17
9
0
-13
-15
1
29
39
21
-7
-21
-16
-6
7
20
32
29
16
11
15
14
17
20
13
10
31
59
67
66
50
28
20
26
37
45
53
37
9
-12
-21
-13
-5
1
11
12
12
-3
-5
7
14
23
16
11
15
24
21
3
-4
-1
8
22
33
36
29
20
14
6
-5
-20
-26
-34
-44
-40
-31
-16
-2
-5
-5
-10
-26
-17
-15
-33
-44
-44
-24
-1
7
4
-10
-21
-38
-37
-49
-66
-62
-68
-64
-48
-50
-49
-56
-65
-55
-37
-28
-44
-52
-55
-56
-32
-14
8
31
41
42
35
39
40
54
61
56
70
58
46
48
42
43
35
20
-1
-23
-27
-13
2
3
16
23
9
-6
-22
-20
-10
12
18
9
6
5
9
13
20
10
7
10
6
1
5
23
31
27
14
-4
-9
-5
-4
-10
-4
1
-4
-6
-15
-22
-17
-2
18
30
28
5
-32
-48
-39
-28
-6
10
22
14
-15
-23
-24
-10
16
39
52
48
33
21
23
40
62
52
9
-16
-17
-21
-16
-7
-14
-15
-22
-21
-16
-9
6
23
47
53
50
34
18
20
28
37
40
19
4
-18
-44
-47
-26
-15
-18
-24
-40
-54
-51
-41
-20
-5
-19
-33
-36
-18
8
31
47
41
10
-14
-38
-41
-14
-3
5
-3
-26
-44
-43
-27
7
53
61
24
-32
-50
-40
-13
42
62
43
14
-16
-25
-18
-5
29
44
21
-19
-78
-113
-110
-74
-12
31
28
4
-38
-91
-82
-34
31
78
65
15
-36
-80
-77
-9
31
43
43
-6
-50
-59
-43
12
68
48
21
-9
-47
-19
20
64
105
98
75
42
14
30
60
90
124
112
56
-7
-64
-64
-3
7
4
23
6
-25
-57
-82
-89
-60
0
48
35
-29
-68
-66
-34
34
68
40
-12
-48
-38
-20
-18
-18
-3
26
25
-11
-52
-51
6
75
75
5
-57
-62
-2
56
65
37
-11
-16
44
92
98
70
46
59
75
67
61
36
14
54
85
52
0
-29
-28
4
47
54
39
26
8
-20
-92
-131
-105
-24
76
60
-49
-139
-156
-96
31
134
136
110
45
-27
-33
-16
9
16
-10
-51
-98
-186
-232
-135
-31
-8
-61
-161
-185
-122
-66
-33
-50
-95
-122
-98
-107
-124
-112
-112
-43
46
16
-60
-95
-117
-93
-83
-76
-62
-108
-118
-70
-58
-27
69
150
203
174
61
14
37
107
206
255
243
171
21
-72
0
114
167
116
-13
-113
-128
-94
6
102
167
231
124
-91
-78
101
278
380
286
122
-3
-46
114
267
325
360
390
299
69
-40
-38
27
182
228
90
-46
-171
-161
-24
38
166
220
-8
-199
-273
-314
-315
-321
-334
-231
-48
-36
-221
-441
-474
-321
-123
25
138
120
-13
3
120
107
69
63
-74
-291
-394
-249
-10
200
280
55
-250
-379
-265
112
391
433
420
302
199
110
-96
-162
-101
-55
-24
-123
-184
-38
157
383
593
654
585
426
209
-5
-207
-375
-228
50
50
-28
-181
-430
-261
192
289
211
128
-82
-159
-166
-175
-88
-54
-42
-226
-503
-543
-456
-190
-104
-350
-395
-491
-656
-381
-41
95
266
175
-110
-185
-155
95
390
354
283
185
-88
-382
-505
-408
-276
-40
135
39
-71
-51
44
112
57
258
721
775
588
350
-267
-632
-129
524
344
-402
-824
-707
-159
372
615
598
328
356
557
479
672
778
337
-316
-1230
-1771
-1298
-620
166
892
590
367
602
503
884
1128
533
117
-652
-1797
-2018
-1938
-1874
-1144
-512
-98
962
1997
2508
2699
1874
929
693
-11
-286
16
-513
-668
-655
-1076
-729
27
943
1825
1744
1130
393
-449
-478
115
195
51
-78
-265
-64
97
251
467
112
-365
-815
-1164
-1085
-944
-1077
-1664
-2317
-2693
-2586
-2015
-1401
-1492
-3618
-1464
10607
17092
10405
2052
-6375
-9031
-2386
976
1299
949
-3978
-6180
-5612
-5677
767
8297
10221
9494
1031
-9577
-10349
-5105
2734
7499
2367
-5051
-8466
-6756
-176
4932
7047
6760
3401
1191
204
-895
-361
592
1316
9
-4540
-7253
-7107
-5314
-52
3272
2215
1849
497
-1003
739
1151
-287
-4909
-8204
8072
23565
12736
-322
-9886
-16728
-5470
3718
3147
5970
905
-5925
-5185
-7870
-1755
12605
15564
14011
2299
-18173
-20589
-11115
625
11910
6499
-5632
-9840
-7479
2638
11273
13532
12949
6954
918
-2065
-5065
-4396
-1885
-1761
-3092
-8033
-11951
-9623
-5892
1782
9877
9200
7396
5474
241
-259
185
-4888
-8705
-2640
14229
21575
7298
-7994
-14254
-12380
138
9107
8206
5926
55
-6104
-7085
-5764
3836
15948
16820
8957
-8914
-26007
-23079
-8502
6403
12912
3343
-8170
-10308
-3465
8926
16374
17128
12888
4026
-1906
-5512
-8034
-5162
-3180
-4864
-7845
-13626
-15176
-9859
-2989
6500
12643
10965
9003
5504
-404
-2691
-4835
-8231
-5269
7431
18492
11057
-6501
-15535
-14008
-3462
8428
11819
9227
3107
-4142
-6351
-5196
451
12343
16825
9327
-4980
-22516
-26149
-12844
1810
11760
9338
-2376
-6948
-3715
4806
15154
17675
14406
7586
-1954
-6884
-8150
-7097
-3966
-5545
-9732
-12608
-14325
-9741
-2080
4372
11373
12235
8683
7435
3088
-2438
-5499
-8613
-5380
7872
17061
8944
-7202
-16911
-15457
-3080
8896
12273
10686
3683
-4720
-6527
-4060
2795
13553
16236
7548
-8004
-24382
-25938
-11311
3726
10903
6182
-4493
-6934
66
9985
17444
18349
13783
6961
-833
-6364
-7817
-7479
-6655
-8324
-12432
-14605
-14498
-9677
192
9252
14976
15451
10808
6547
3749
-1332
-5870
-4647
2286
10592
9756
-1639
-12680
-17165
-11166
1971
10600
11871
8542
1592
-4679
-4943
983
10448
16852
12740
-494
-17405
-27142
-20508
-5781
6304
8366
-1235
-8378
-5258
3899
15860
21874
18169
11416
3612
-2643
-4769
-7216
-9988
-11697
-14894
-16958
-15660
-12867
-6781
2619
10638
15390
15961
11554
6455
2813
-2176
-4690
-772
4463
10587
11022
-4068
-17695
-18413
-12004
2741
14055
12452
7030
-1316
-8664
-4777
4497
13794
19298
9456
-8296
-22412
-29096
-18776
-1105
7973
7968
-1385
-10327
-5705
6871
18731
24945
19971
9200
-380
-7028
-6953
-6034
-9652
-12876
-17004
-19944
-16972
-12022
-4450
5886
12416
15715
15624
9796
4841
2551
-2021
-6446
-9901
-4721
17264
21771
-492
-13931
-20984
-17454
5142
16180
15686
14135
256
-10017
-7171
-3497
12940
25893
13987
489
-17993
-32565
-19293
-702
10975
15163
820
-11423
-8197
1575
16250
23404
18178
10064
-633
-7205
-5898
-6086
-6408
-6791
-12300
-15069
-14770
-14101
-6351
3501
11576
17304
14662
8685
4297
-138
-1687
-3778
-10265
-11372
4819
21401
13289
-4455
-15775
-18987
-6086
9397
13656
12930
4953
-6962
-10439
-8252
1603
18097
20111
9702
-6691
-28497
-29340
-10131
6505
17316
10893
-6532
-11159
-5038
7738
20612
20969
14791
5376
-5108
-6847
-6787
-8772
-6613
-8587
-13949
-14402
-15953
-13237
-2033
7985
16149
18750
12908
7673
3808
-1304
-4129
-8849
-14497
-1336
22087
19376
-734
-15335
-23087
-12098
7599
14584
15855
8877
-6134
-11616
-11681
-5449
13645
21328
13636
150
-23251
-32317
-17419
669
15957
16360
-209
-10120
-8576
846
15205
20972
17563
9712
-1912
-6704
-6856
-10857
-9432
-6599
-9867
-11270
-14088
-15330
-5561
5878
14475
19783
15088
8441
6069
-949
-7321
-9842
-14278
-1454
24130
21662
-295
-15972
-24996
-12954
9654
16529
17113
10769
-5335
-11422
-10822
-5467
13421
22171
14903
2135
-21421
-32556
-18215
-47
14515
15791
316
-9353
-7952
254
13256
18367
15787
10346
450
-4938
-7128
-13044
-11418
-5551
-7021
-8899
-12524
-15652
-6024
6659
14398
19130
14891
7796
4798
-1499
-7612
-10474
-12450
3830
26078
16434
-6342
-19442
-25395
-9135
13333
16704
14718
6755
-7537
-10512
-9169
-2450
15435
20599
13304
-13
-24374
-31337
-14589
3473
18305
15097
-3879
-11298
-7529
3072
17430
20067
15157
9427
-652
-6455
-9695
-14892
-10107
-4085
-7708
-10807
-14825
-16009
-4698
8292
16311
20012
14810
6761
2075
-4003
-8182
-8793
-3730
16610
25172
3047
-16369
-24258
-21423
1434
16369
14274
11206
-489
-10805
-8909
-6632
6117
21256
16797
6368
-11445
-31363
-25144
-6247
8794
18246
6309
-11338
-11928
-3965
10015
21830
19582
13564
4979
-5794
-8225
-10684
-12144
-5720
-6120
-11846
-14008
-16341
-10877
2527
11826
17841
18347
10500
3678
-1758
-6745
-6472
-979
14513
23773
5072
-16680
-23465
-21559
-3892
13983
13878
10345
3855
-6444
-6665
-3255
4725
20025
21015
8624
-8451
-29068
-29302
-9267
6723
15337
9371
-8523
-14248
-6409
6221
19578
23184
18347
8913
-3928
-9783
-10915
-10751
-5406
-5134
-11125
-14841
-17499
-12950
85
9762
16087
18070
11751
5920
-222
-7600
-6614
951
16186
25701
6175
-18371
-25296
-22085
-4844
12344
11453
6472
893
-6646
-5744
-1986
5231
19069
21456
11565
-4934
-26275
-28976
-11435
4708
13420
8356
-6364
-12060
-5930
5834
16836
21320
20340
11689
-2192
-10124
-12376
-10792
-4726
-4692
-10941
-14372
-16488
-12388
-235
8872
13932
14706
9387
4239
-661
-4048
4110
18713
21147
7919
-11461
-25017
-22716
-9377
3576
9751
5774
-3269
-8260
-6812
60
10477
18035
17480
9373
-4509
-17242
-19427
-11419
-689
4049
-1109
-9265
-10508
-2717
7699
14772
16935
14117
8681
3045
-2252
-6206
-8057
-8099
-8637
-12568
-17154
-15841
-8004
1451
7614
6834
2289
1810
11963
28306
29845
14161
-645
-11484
-15452
-10132
-6556
-4800
-2900
-6697
-9702
-7641
-3534
7745
18876
18749
12489
-486
-12206
-8553
-957
2731
2595
-6827
-14401
-12047
-6661
-131
5191
8691
12329
11345
6493
3649
1646
1414
2499
-2262
-9791
-14977
-17513
-13253
-5576
207
4052
4294
3789
2454
-1802
-567
11709
26710
27628
9908
-10392
-19749
-15800
-3520
5143
4542
-1066
-8013
-11616
-7573
1216
12441
20586
17217
5508
-9056
-18437
-12604
629
8532
7022
-4378
-15881
-15722
-5059
6779
13061
14490
12667
6773
357
-2496
-2336
7
1177
-4075
-12380
-17293
-16986
-9598
1092
8424
11251
8873
3655
-236
-4056
-6002
4465
22874
25107
8091
-11720
-23304
-18155
-3058
7635
11930
7306
-3189
-8715
-9802
-5092
8585
18215
17737
9533
-8963
-23380
-20026
-6804
8137
13312
3001
-8976
-14033
-9477
3743
12953
15436
14041
4049
-6635
-9571
-9153
-4053
1770
-1691
-9134
-15306
-17956
-9937
2938
11133
14346
9821
1089
-4286
-8002
-1665
20153
31883
19534
-1481
-21433
-28091
-14624
1235
10205
12545
3898
-6644
-10865
-9441
2966
17785
21295
16371
428
-20291
-24651
-14940
-1405
10863
9511
-1725
-9212
-8986
1298
12721
16215
16191
10738
1321
-3927
-8597
-11348
-7619
-5633
-6545
-8505
-14027
-14174
-5615
5389
16482
19277
11303
2247
-4843
-8377
-4383
8699
25272
24840
1888
-19919
-27069
-19379
-224
12997
13217
7806
-2129
-9401
-7699
-1042
10781
20152
17278
6357
-11187
-26485
-23196
-8180
5175
11511
4437
-7904
-10637
-3035
9249
18635
20750
16672
6044
-4731
-9480
-12160
-11005
-6484
-7816
-12392
-14868
-15975
-10076
2733
13373
18983
16658
6792
-2387
-8218
-3282
16904
30628
21498
-1459
-24651
-32525
-19615
-1342
10660
13591
5544
-5140
-9598
-7059
3929
17649
23187
18165
2548
-17345
-26048
-19666
-6306
5040
5011
-5256
-13072
-10693
963
14099
20186
19582
14451
5918
-1230
-6342
-10134
-9688
-8194
-9961
-14125
-18694
-17916
-8270
4985
15033
17472
12705
6609
652
-3797
3532
20722
28382
17327
-5969
-27461
-31569
-18524
-1945
9280
10287
2470
-5031
-8503
-4808
8198
19835
23419
18101
133
-18942
-24369
-17794
-4160
6067
2524
-7540
-13569
-10405
2638
15200
20689
20890
13947
4872
433
-3849
-7973
-8880
-10408
-12736
-14875
-17925
-16855
-8304
3728
14492
18209
13437
6249
-322
-1742
9384
25197
28120
12787
-10770
-26469
-25551
-13483
-594
6156
4514
-1353
-6530
-8112
-1967
10363
21146
24264
15237
-3303
-18940
-21779
-11543
2426
6788
-1408
-13274
-18307
-10783
4527
17678
23545
20330
11003
2299
-2395
-2237
-330
-1808
-7123
-15394
-23156
-23855
-17107
-6109
5708
12737
13663
10559
5171
649
-210
8394
25709
32306
16643
-8751
-27383
-27860
-12617
1203
5917
3176
-4983
-10507
-9760
-4039
7970
19860
23824
18099
914
-18175
-23405
-14462
-123
8128
1125
-13025
-20302
-15363
237
15622
21999
21372
14831
5341
-469
-3113
-3669
-1357
-2249
-9828
-19719
-26490
-23539
-10105
5215
14861
15268
8932
3199
-187
-360
9680
26632
31947
16850
-8147
-27090
-28481
-14264
1734
9710
7338
-2213
-10331
-11850
-5671
8073
21642
25652
17578
-788
-19214
-23974
-14107
913
9275
3396
-10450
-18640
-13798
669
14033
20214
19732
13361
5501
949
-1864
-3753
-3717
-4899
-9294
-15380
-20535
-19594
-10560
1904
11698
13515
7857
2089
-841
-1395
6445
22475
29930
17812
-4884
-22897
-25438
-13096
1624
9077
7558
-236
-7544
-10191
-6896
3741
15824
20793
16320
1613
-16472
-23098
-14682
323
10166
5789
-7185
-15477
-12408
691
13346
17641
16079
10252
3149
-22
-1596
-2998
-2532
-4059
-9031
-14294
-17926
-16005
-6949
4130
11632
11768
6194
1389
-1162
-2253
3150
17520
28003
19269
-2906
-21038
-24911
-13549
2437
10614
9603
1982
-7503
-11407
-8157
1603
14979
21543
15907
915
-17041
-24468
-15333
204
10140
7015
-6132
-15530
-12819
7
13618
18567
16135
9660
1221
-2891
-3271
-3703
-2431
-2673
-7902
-13610
-17262
-16811
-8107
4486
13201
14862
8173
-390
-3365
-3780
-61
13612
26039
21746
3373
-16214
-24210
-15894
-1411
8295
10228
4057
-4837
-10041
-10193
-2680
10244
18223
16431
5013
-12579
-23588
-19125
-4632
8077
8761
-1984
-12586
-13402
-3054
10183
16675
16731
12270
4132
-1649
-3764
-4659
-2892
-2317
-6718
-11731
-15550
-16329
-9380
1842
10613
13787
9890
3352
-994
-3594
-978
11288
25234
24826
7390
-12447
-21760
-16766
-3158
6803
8887
5520
-1633
-7328
-8300
-3728
7812
18002
17822
8294
-7836
-20649
-18967
-7104
5085
8435
-946
-11767
-13606
-5863
7026
14865
15665
13718
6953
-64
-2228
-4016
-3892
-1996
-5511
-11186
-14902
-17278
-12599
-1736
7257
12121
10577
4254
302
-2257
-3871
3987
19831
26887
15640
-5349
-20839
-21354
-10106
2009
8336
7073
9
-6791
-9766
-7149
2972
14579
19149
13947
-1264
-17700
-21665
-12538
532
7641
2720
-8157
-13266
-7845
4000
13078
15613
14590
10146
3693
-735
-4136
-5805
-4642
-5921
-9933
-13200
-16268
-14310
-4183
5934
10835
10864
6296
2249
584
-2159
1113
15544
25922
18982
645
-16489
-21032
-11663
201
7297
8121
1835
-5293
-8637
-8119
59
12193
18210
15742
3588
-13837
-21140
-14062
-1656
6949
3681
-7826
-13996
-9817
1321
11596
14669
13703
10932
6094
2512
-1295
-5531
-5879
-6385
-9764
-12291
-15090
-15482
-8079
2056
9104
11727
8730
4476
2271
-1553
-3642
5194
20950
25615
11236
-9410
-21229
-18553
-5444
6284
9631
5572
-2477
-8696
-10233
-6231
4853
16006
18710
11895
-4368
-20253
-20847
-8625
4777
9635
617
-11367
-13040
-5179
6290
13634
14308
12944
8944
3086
-483
-3572
-4974
-3450
-5320
-10001
-13456
-16098
-12718
-2861
4959
9144
9862
6414
3314
309
-3987
-694
14037
26816
22718
3008
-16503
-21863
-12959
740
9788
9366
1580
-6757
-11547
-10838
-1985
11022
19072
17279
4333
-13600
-22173
-15433
-1036
9360
7021
-4805
-13117
-11130
-1473
8710
13435
13866
11587
5612
-301
-3487
-4800
-3140
-1808
-5027
-10404
-15814
-17054
-9548
580
7034
9637
7097
2802
429
-3261
-3899
6383
21101
26835
15875
-5867
-20590
-19463
-8067
5120
10865
5836
-3211
-10726
-13531
-7491
4642
15822
20641
12981
-4746
-19191
-20918
-9641
5709
11094
3141
-8605
-14533
-10261
988
10364
14685
15523
11420
3888
-2413
-5786
-4698
-951
-681
-5527
-12790
-17897
-15195
-5500
4312
9875
10032
5997
1537
-2226
-4448
1793
18238
30216
23184
2022
-16998
-21822
-11843
2138
9661
8033
-611
-9808
-13586
-10339
322
13762
20822
16692
1719
-15922
-22335
-13722
1374
11023
6849
-6073
-14464
-12615
-2689
8187
13430
14767
13045
6516
-370
-4650
-6486
-4014
-1133
-3619
-9568
-15569
-17174
-10320
-334
6492
9361
7348
3218
614
-2726
-3533
7535
24845
29427
14586
-7820
-21809
-19244
-5767
6013
9279
4123
-4697
-10933
-11948
-5824
6939
18477
21251
12308
-6250
-21699
-21482
-7787
7871
12800
3019
-10451
-15405
-9002
3196
11770
15092
15252
9811
2229
-2357
-5437
-4900
-1018
-1805
-7390
-13723
-18972
-16263
-5852
3006
8067
8744
4616
1286
-1141
-3545
4243
21686
29990
19842
-1089
-18759
-20768
-9671
1838
7355
4580
-4100
-10337
-11926
-8400
3177
15713
20298
15072
-515
-17424
-21356
-11309
3644
11617
5138
-8326
-15889
-12252
-227
10384
14572
15620
12133
5140
757
-2349
-3513
-328
-46
-5692
-12908
-19341
-18861
-9217
955
7283
8914
4788
1192
55
-1790
3653
19423
30137
23809
4029
-15881
-21451
-12092
-87
6462
4654
-3795
-10334
-11729
-8524
1851
14089
20264
17802
4272
-13450
-20901
-14516
-558
9799
6085
-7002
-16245
-14962
-3878
8329
14194
15589
12866
6584
2061
-842
-2650
-839
-256
-4903
-11597
-18413
-20566
-13015
-1687
6132
9202
7092
3055
1042
-875
1094
14183
28408
27212
10254
-10663
-21820
-16673
-4034
4754
6334
88
-8333
-11831
-10588
-2820
10290
19377
19913
10145
-7597
-19626
-17188
-5025
6843
7892
-2642
-13440
-15088
-6535
5571
13031
15191
13644
8761
3961
727
-1742
-1487
-448
-3803
-10395
-16892
-20522
-16176
-5665
2820
6831
6854
3992
2295
807
-808
7331
23589
29641
18219
-2556
-19317
-20071
-8976
1205
6243
3569
-4991
-10571
-11966
-8295
4063
16778
21541
16215
-609
-17731
-20817
-10793
3452
10217
2678
-10515
-16669
-11447
1130
11894
15930
15023
10680
5272
1649
-732
-1262
-45
-1963
-8092
-14895
-19963
-18602
-9105
777
5837
6766
4168
2148
2200
611
3815
18121
29573
23541
4456
-14584
-21276
-12959
-1173
5037
4731
-2036
-9054
-11085
-9522
-851
12995
20755
18816
6525
-12392
-21798
-15146
-1622
8822
6819
-6256
-15783
-13883
-3133
9519
15921
15510
11966
6317
1798
283
-265
406
-479
-6745
-13885
-18393
-18949
-11404
-625
4704
5682
4557
2425
2614
2206
2006
11760
25205
25712
11654
-7796
-19611
-15737
-5038
2372
4856
521
-6685
-9877
-10019
-4604
7629
17297
19072
10733
-6513
-18927
-17400
-6450
5533
7820
-1777
-12148
-14116
-6469
5543
13437
15156
13386
8878
3571
558
-401
-650
-1424
-5406
-12028
-17453
-19228
-14594
-4474
3532
6122
5952
4353
3042
2398
611
4807
19024
27786
19048
-6
-16578
-20011
-10331
223
5114
4424
-2228
-8678
-10339
-8187
1560
14747
20098
15541
1132
-16244
-20798
-11382
1628
9436
4416
-8339
-14267
-9544
1363
11893
15137
13324
10614
5463
1008
-65
-1222
-2071
-3678
-9811
-16198
-18805
-16921
-8017
1993
5513
5644
4617
2880
3657
2517
1556
12187
24083
21505
7844
-9729
-19483
-13672
-3950
2568
5760
945
-5892
-8428
-9416
-2735
10028
16698
16815
7418
-10190
-19071
-14962
-4133
7319
7507
-2866
-11034
-11152
-2503
8751
13768
13805
11565
6793
2791
832
-1035
-1926
-3224
-7916
-13590
-17300
-17268
-10839
-1163
4823
6139
5276
3786
3904
3632
1739
7909
20285
22788
12643
-3385
-16415
-16058
-7240
-248
4252
2775
-3905
-7582
-9136
-6324
5146
14640
17114
12156
-3824
-17657
-17485
-8955
2530
7787
630
-8928
-12033
-6710
4298
12037
13790
12923
9264
4407
1317
-1057
-2307
-2302
-5253
-11236
-16312
-18428
-14597
-4937
3022
5598
5727
4831
4622
4951
2053
3897
16257
23903
17930
3109
-13527
-18527
-10456
-1951
4198
5178
-1658
-6930
-8776
-8192
1467
12272
16160
14531
1727
-14483
-18758
-13113
-1811
7704
4683
-4931
-11090
-9562
328
9954
13756
14031
10697
5862
2467
-493
-2268
-2268
-3962
-8461
-13765
-17765
-16538
-8767
463
5519
6139
5079
4400
4431
2403
1734
11027
22315
21633
8929
-8445
-18583
-14602
-5116
2204
5161
791
-5970
-9257
-9473
-2674
9264
16343
16713
7749
-9089
-18945
-16014
-5664
5366
7167
-1104
-9814
-11087
-3395
6908
12844
13982
11689
7528
3773
877
-1153
-2250
-3679
-6971
-12015
-16139
-16391
-11408
-3012
3237
5036
5106
4651
4402
3576
930
5301
18567
24358
15468
-917
-15492
-17588
-8571
-52
4529
3522
-3146
-7901
-9306
-6728
3902
14300
17424
13147
-1191
-15990
-18249
-10165
1772
8720
3732
-6367
-11237
-7220
2654
11010
14156
13294
9965
5689
2010
-293
-1850
-3260
-5612
-10218
-15029
-16798
-14319
-6974
1053
4387
4948
4818
4237
4170
1393
953
12338
23687
20821
7146
-9770
-18561
-13017
-3582
2706
4455
-970
-7441
-9911
-9464
-1851
9795
16021
15771
5785
-10694
-18888
-15299
-4493
6510
6979
-1861
-9863
-10636
-3139
6631
12405
13894
11771
7321
3203
121
-1763
-2517
-3996
-7671
-12535
-15842
-15631
-10573
-2429
3106
5098
5671
4489
3672
2129
-299
7283
21676
24983
14875
-1964
-15892
-15476
-6642
559
5027
2215
-5322
-9141
-10486
-6433
5082
13987
16925
11855
-3252
-15430
-16122
-8462
3410
8628
2444
-6542
-11120
-7414
2130
9523
12726
12595
9183
5196
1889
-683
-1634
-2454
-5148
-9403
-13756
-15871
-13482
-6722
205
3837
5267
5174
4039
3034
388
1566
13865
25142
21971
7866
-8802
-16905
-11542
-2720
3249
4671
-1348
-8231
-10731
-10227
-2562
9292
15915
15722
5772
-10163
-17526
-13133
-2254
8103
7909
-1501
-9823
-11037
-3991
5736
11274
12722
11073
7029
3208
180
-1953
-2365
-3036
-6267
-10868
-14962
-16101
-11438
-3611
2082
4763
4918
3229
2240
862
-990
5821
20236
25789
16864
201
-14409
-16008
-7490
412
4822
2156
-6337
-11412
-12379
-8772
2467
12704
16177
12722
-641
-14235
-15990
-8132
3856
10660
5135
-5342
-11521
-9412
-182
8413
12307
12796
9813
4875
870
-1805
-2723
-2097
-3296
-7330
-11998
-15725
-15555
-9612
-1999
3338
5947
5219
3007
1985
14
542
11739
24831
24893
12344
-5114
-16518
-13870
-4709
2555
5203
-391
-8345
-11509
-11743
-5226
7058
14448
16086
9892
-5280
-15171
-13209
-3982
7815
10839
2336
-7356
-11789
-7412
2816
9933
13024
12827
8129
3078
-158
-2514
-2413
-1604
-3738
-7924
-12700
-15998
-13850
-6904
333
5132
6119
4004
2354
1544
-320
3766
17249
26131
21029
6130
-10725
-17555
-11641
-2735
4016
4086
-3775
-10253
-12572
-11038
-1214
9855
15078
14863
4254
-10832
-16321
-11699
-291
10051
8183
-1847
-10414
-12014
-4453
5068
10800
13769
11632
6093
2097
-1291
-3048
-1882
-2073
-4948
-9246
-14277
-15750
-11417
-4314
2420
5824
4959
3073
2652
1862
212
5747
19151
25388
17975
2554
-13245
-17936
-10609
-1437
4625
2986
-5133
-10225
-11996
-9432
1298
11106
15634
14239
1212
-12955
-16129
-10483
2199
11487
6679
-3791
-11319
-11509
-2202
7234
12291
14669
10730
4580
959
-3441
-4909
-2169
-2299
-5176
-9596
-15286
-15871
-10283
-2577
4874
7579
5614
3837
2878
1622
770
6501
19905
26112
17191
620
-14737
-18377
-9116
941
5504
2756
-5534
-10775
-11715
-8261
2551
12853
16767
13639
304
-13829
-16645
-9037
4439
12380
6147
-5363
-12636
-11113
-775
8456
12654
14009
9552
3490
291
-3712
-4822
-1608
-1732
-5223
-10376
-16502
-16672
-9922
-1495
5457
7258
4806
3482
3499
2209
1653
9226
22307
25415
14414
-2845
-17076
-17553
-7268
1396
4677
435
-7876
-11513
-11549
-6898
4587
13677
16451
11914
-2447
-14971
-15338
-5929
7653
12707
3919
-7638
-13746
-9932
1664
9950
13386
13412
7685
2273
-925
-4847
-3993
-639
-2347
-6742
-12824
-18206
-15949
-8178
32
5871
6251
4286
3549
3175
2392
2118
9690
23232
24711
11309
-5729
-18343
-16646
-4961
2125
3750
-577
-9106
-11829
-10832
-6699
5274
14536
15862
11158
-3518
-16444
-14351
-3060
9443
13002
2549
-9543
-13572
-8434
2752
10637
13218
13042
7910
1756
-2056
-5116
-3455
525
-1063
-6792
-13806
-18626
-15336
-6267
2226
6972
6922
5085
4604
4203
1814
1741
11984
24715
23278
8955
-8583
-19485
-14907
-4116
1684
3097
-2469
-9816
-10840
-10449
-5151
7342
15137
16924
11188
-5293
-16328
-12787
-1549
10787
11693
-514
-10948
-13265
-6839
4365
10482
12523
12628
7490
1639
-2650
-5826
-2990
1335
-869
-7075
-14538
-19093
-14545
-4968
3025
7099
6270
4593
4742
4154
2400
2679
10989
22819
22348
8407
-7943
-18037
-15131
-5233
792
2246
-2280
-9319
-10995
-10590
-6289
5474
14350
16568
11112
-4303
-15611
-12997
-2101
9623
10616
-318
-10290
-13351
-7821
2916
9502
12643
13716
8660
1935
-2823
-5811
-2831
1896
131
-6157
-14056
-18983
-14373
-4589
2847
6545
6333
4952
4883
4398
3181
2829
8968
20909
23204
10695
-5695
-17070
-16500
-6784
235
1848
-1792
-8523
-10895
-10367
-6853
4278
14377
17066
12830
-989
-14086
-13585
-3515
7467
10156
1293
-9312
-13767
-9989
-287
7742
12468
14231
9479
1957
-3050
-5400
-2730
1786
185
-6609
-14550
-19081
-14817
-5837
1170
5315
6113
5593
6140
5941
4954
3582
6617
18057
23519
13206
-2685
-15642
-18219
-9301
-1641
688
-835
-6624
-9369
-8963
-7766
1588
13378
18162
16665
4673
-10991
-13981
-6261
4223
10362
4336
-6982
-13304
-12292
-3532
6667
12695
15262
10993
2375
-2614
-4846
-3631
991
429
-6190
-13497
-18459
-15897
-7489
-663
3964
6358
6549
7235
7153
5774
3972
4556
13744
22542
16592
1408
-13028
-19481
-13418
-4481
-8
731
-3509
-7363
-8102
-8401
-1677
10624
18044
19181
10189
-6682
-14846
-10212
250
9718
8229
-2732
-12209
-14577
-7321
4532
12392
15416
12207
3747
-2114
-4594
-4606
-813
285
-4796
-11302
-16521
-16753
-10685
-3685
2109
5987
6875
7581
7734
6063
4232
2475
7408
19012
20009
7272
-7988
-19568
-19189
-9208
-2047
1062
-338
-5870
-8538
-9327
-6306
5890
17135
20601
15972
14
-14619
-14610
-5335
6241
10663
1756
-10228
-15868
-11515
1159
11263
15061
14086
6759
-24
-1835
-2909
-1117
1517
-2307
-8748
-13716
-16601
-13085
-5387
775
5311
7873
8666
8906
7700
5286
2588
4161
13609
20073
13476
-1211
-15654
-20878
-14431
-5338
876
1567
-3480
-7328
-8988
-8104
1222
13374
20076
19493
7064
-9830
-15705
-9889
1646
10015
5716
-6108
-14677
-13967
-3464
7678
13512
14830
9838
2959
-87
-2267
-2175
582
-1132
-6161
-11044
-15990
-15324
-8757
-2844
2352
6658
8515
9591
8336
5183
2874
884
6153
18110
19090
6043
-10185
-21899
-20339
-8684
213
3389
437
-6210
-9244
-9398
-4548
8859
19987
22203
14898
-2982
-16752
-14580
-3758
7397
9380
-1698
-13464
-16329
-9619
2763
11590
14398
13048
6962
1653
-95
-1156
227
1248
-2911
-8694
-13889
-15914
-11061
-4476
513
5601
8290
8967
9138
6669
4282
2435
1355
9194
18429
13287
-1180
-15401
-22328
-15136
-3709
1698
2291
-2857
-8266
-8045
-5830
2271
14921
20286
18174
7637
-9169
-15656
-9973
-791
7196
4143
-7346
-14353
-13747
-5095
6133
11627
13241
10740
4340
1289
114
-1414
-435
-2039
-7434
-11488
-14415
-13868
-8704
-3535
1471
6203
8307
9164
8608
6187
4235
1270
1634
11024
16540
8516
-5155
-17288
-19795
-10455
-1334
2298
1477
-3740
-6182
-4590
-1887
6733
16043
18432
15640
4272
-9803
-13285
-8771
-587
5928
1245
-8301
-12878
-10791
-1398
8067
12187
13379
9981
4715
2755
278
-2186
-2032
-4134
-8027
-10628
-12837
-11896
-7558
-3298
1708
6463
8654
9587
8435
5235
2637
-223
1417
10818
14496
5941
-6452
-16677
-17207
-8099
-1362
1232
1128
-2483
-3184
-2189
-1257
6445
14589
16621
14381
2723
-11284
-14259
-9451
-742
5385
239
-8449
-12029
-9351
-191
8423
12087
13195
10155
5301
2547
-1269
-3968
-3141
-4194
-6681
-8661
-11493
-11360
-7599
-3463
2360
7908
9577
9411
7296
3727
1676
-1134
373
10652
14455
5815
-5589
-15793
-17005
-8548
-2541
1108
2836
-645
-2709
-4095
-4404
4818
14717
17640
15385
1746
-13689
-16250
-11139
-1435
5967
734
-7813
-11665
-10102
-446
8677
12283
14364
10825
4399
1241
-2716
-4292
-1937
-2945
-5365
-8042
-12839
-13552
-9719
-4449
3342
8800
9175
8358
5682
2494
1367
-1273
525
11218
15769
8144
-3742
-15237
-17206
-8776
-1340
3740
5390
836
-2642
-4440
-4018
5586
15901
19191
16190
2209
-13450
-17368
-12124
-798
7058
1505
-8172
-13150
-10532
583
10304
14276
14898
9719
3811
1422
-1546
-2125
2
-1191
-4653
-9596
-15024
-15047
-9956
-3465
3260
7015
7049
6379
4971
3164
2510
239
253
8789
14439
8034
-3250
-14040
-17117
-9412
-2318
1313
3247
30
-2861
-3742
-4116
3659
14191
18216
16808
4538
-12301
-17187
-11948
-1858
5895
923
-8634
-12413
-9450
680
10062
13503
14426
11078
5670
3238
619
-1004
792
-98
-4829
-10369
-15814
-16411
-11062
-4396
2309
6812
6800
5803
5296
4212
4479
3172
1097
7382
14055
9418
-555
-11515
-17333
-11569
-4680
-936
2874
1147
-2431
-3481
-5101
697
12737
18458
17576
6974
-10861
-18264
-13581
-4510
3647
1120
-7881
-12142
-10227
-1993
7326
11764
13824
12631
7846
4681
1649
-1298
-313
-724
-5610
-11276
-16825
-18581
-13703
-6707
83
5796
7311
6972
7678
6911
6094
4821
287
2554
12542
14290
6141
-5859
-16932
-16839
-8561
-1114
5513
6252
581
-3581
-5829
-1861
10583
19256
19681
11557
-5938
-18644
-18121
-9752
1223
4373
-2589
-9286
-11013
-5473
5206
12684
16330
16400
11036
5897
2714
-918
-1538
-1213
-5032
-10805
-16873
-20745
-17897
-10306
-1899
5214
7917
7467
8067
8411
7554
6361
1473
-596
8680
15508
9457
-2794
-16270
-20748
-11792
-1946
4478
6896
1432
-3867
-4731
-2954
6706
17280
18928
14181
206
-16774
-20858
-14046
-2918
5735
2174
-7169
-11807
-8997
2077
13464
18246
18554
13870
6833
3141
-218
-3002
-2521
-5070
-11249
-16985
-21860
-20484
-11805
-2749
4850
9367
9012
8944
10203
9297
8376
5288
-1466
527
10592
11595
2345
-10373
-20313
-17332
-6586
1266
6344
4905
-1340
-2618
-1422
1828
10649
15452
13373
6693
-8165
-19897
-18102
-9366
790
4427
-2328
-9322
-9687
-1908
10159
16924
17965
15924
9945
4520
1019
-3096
-5016
-6265
-10825
-16106
-20333
-20538
-13656
-4944
2309
7954
9378
9590
11939
12985
11466
8178
783
-6443
-2592
7924
9548
651
-11692
-19448
-14587
-3403
3919
7357
5620
1493
1391
949
1277
7642
11528
10331
5362
-7871
-18346
-16474
-8869
483
4557
-486
-4837
-3623
3251
12493
15763
15406
14326
8966
2851
-2403
-8206
-10138
-9864
-11898
-14341
-16995
-16870
-10236
-1988
4940
10179
12046
13316
14714
13092
8798
3687
-2824
-9245
-7571
2945
8219
2497
-6984
-14082
-12212
-2877
4888
9811
10161
5278
1525
-2527
-5452
431
7821
9859
6998
-4711
-16859
-18166
-11763
-734
7629
6080
1818
-40
1631
7822
11824
12885
12736
6245
-2125
-7088
-11299
-11885
-9465
-9707
-11355
-13211
-13806
-8903
-972
5878
11257
13510
13132
11865
8863
4548
-342
-5752
-11236
-12822
-4061
7174
7554
370
-7708
-11226
-4422
4984
10076
12113
7761
-305
-6465
-10400
-5900
4809
10084
9443
1282
-12587
-18155
-12831
-1440
10858
13583
7711
1181
-2612
974
7749
9769
9032
4916
-2587
-7225
-9711
-11303
-9148
-6799
-7075
-7468
-7949
-6509
-451
6283
10367
12250
12071
10570
7868
3007
-2609
-6583
-9809
-12786
-9376
2417
11312
10034
2540
-5319
-5978
1035
7436
10535
8509
746
-6169
-10536
-10664
-2540
6469
10172
8642
-1079
-12377
-14135
-6111
7325
16798
13847
3923
-4223
-5938
-157
5771
6654
4944
574
-4965
-8399
-10991
-10393
-5149
-1373
-912
-2458
-5517
-5265
-679
4131
8723
11251
9372
5631
672
-4485
-6466
-6694
-8225
-10535
-8203
3011
14457
15184
7354
-1756
-5470
-1305
4756
7860
6309
-534
-7982
-12380
-11892
-3762
6720
12337
11406
1840
-10306
-12634
-4151
8375
16180
11321
-996
-9465
-9854
-2988
4111
5390
3184
-1034
-5547
-6702
-6229
-4056
998
3621
2078
-1811
-7054
-8028
-3069
2906
8060
9490
5202
113
-3194
-4953
-4392
-3659
-4759
-7756
-7968
1484
14129
17199
10161
107
-5495
-3457
1387
4531
3976
-1027
-6291
-9178
-9388
-3843
5198
11873
13116
5736
-5471
-10290
-6438
3119
10603
8204
-665
-8487
-9915
-4163
1323
2780
2788
1382
-114
-274
-1381
-1638
1017
2853
1971
-1991
-8006
-10116
-6190
-93
4935
6108
3570
1208
107
-414
-294
-912
-2060
-4312
-7558
-3918
7201
14906
14624
7187
-2536
-6324
-4881
-1114
4222
5131
869
-4138
-8929
-8101
289
8297
12332
9596
-1259
-10286
-10857
-4775
4069
7234
2418
-4171
-8489
-7064
-876
3975
6524
7130
5089
2573
-140
-2870
-2273
73
3
-2725
-7648
-11556
-10258
-4698
1848
6695
7793
5588
3235
1559
122
472
1039
-1186
-6264
-10512
-5686
8028
17286
15100
5089
-5859
-8777
-3081
4302
9240
7793
742
-6054
-10459
-8973
-1014
6452
10367
7531
-3201
-12131
-12899
-6590
2818
7230
4639
-459
-4877
-4535
15
3777
6268
7011
5011
1665
-3189
-7327
-7117
-4527
-2548
-3075
-7023
-10182
-8646
-3009
4541
9888
9983
6669
3053
648
382
914
-678
-4691
-10077
-12426
-4697
9221
17205
14753
5254
-3322
-4227
304
5892
9211
6257
-971
-8162
-13135
-10808
-1671
6330
9035
4504
-5155
-11860
-11510
-4106
6542
11741
8726
1730
-4422
-5065
-195
5695
9121
7418
1604
-4573
-9631
-11037
-6933
-1060
1851
131
-4969
-8903
-7346
-468
7773
12336
11006
6140
930
-2560
-3074
-2009
-2147
-4038
-7721
-11389
-7489
5385
16865
19950
13831
3064
-2248
-766
2404
5335
3981
-1886
-7411
-12132
-13220
-7763
-973
4692
7479
3018
-3834
-6593
-4182
3492
10083
9520
4453
-1726
-4676
-2155
982
2453
1532
-2179
-4759
-5923
-6387
-3747
48
1848
1477
-2301
-6674
-5583
-506
5130
8846
6496
759
-3110
-4129
-2186
583
788
-2256
-6565
-10045
-9305
-73
13583
21788
20562
10832
-1214
-6349
-4404
168
4214
1978
-5496
-11789
-15463
-13073
-3905
5121
11325
11784
3977
-4322
-7306
-3715
5514
10940
8017
802
-6854
-8748
-4646
-713
1669
1103
-1320
-1256
-948
-1125
571
1627
1198
-53
-3387
-5460
-3838
-1376
1090
1785
-153
-1261
-715
1018
2975
2788
249
-3614
-7085
-8435
-5095
5413
18089
23203
16576
2385
-9096
-10634
-4887
2151
4731
159
-6881
-12326
-13633
-7477
2611
11334
15090
10150
562
-6787
-8493
-2316
5875
7363
2869
-4141
-8968
-6786
-1734
1633
3205
2158
1455
2336
1808
691
-144
-894
-1531
-3535
-6266
-7289
-6165
-3735
-940
734
1629
3037
4064
4510
4264
2623
387
-2449
-5518
-7293
-5610
2420
12850
17133
12832
2169
-8002
-9498
-4084
2664
6624
3322
-3530
-8324
-10910
-7363
1742
9647
14997
12928
1827
-8002
-11717
-8039
2397
8839
6510
473
-5901
-7611
-3678
546
4462
6729
5755
4303
642
-4625
-6521
-5206
-2384
-907
-3800
-8033
-9257
-6902
-1397
4072
6198
6898
6242
4389
3468
1707
-225
-1905
-4682
-6705
-7777
-5415
2787
11201
13714
8424
-1298
-7058
-5553
-704
4049
5022
899
-4442
-8569
-8494
-2380
5463
11459
12085
5084
-4581
-11156
-10267
-1708
6413
8168
3920
-2912
-6205
-3745
969
4780
5943
4058
1544
-861
-4270
-6359
-6029
-4707
-3442
-4216
-6537
-7265
-5028
-581
4500
7844
8292
7159
5014
2876
1542
-58
-1731
-3929
-6605
-8411
-8491
-3141
7072
13878
13321
6549
-2541
-6012
-2482
2583
6371
5603
-230
-5759
-8897
-7657
-443
6909
10465
8904
414
-8763
-11364
-7010
1966
8862
8231
2373
-4398
-7220
-3996
1012
5084
6757
4065
-163
-4407
-8691
-9015
-5731
-2041
770
-562
-4609
-5778
-3478
1243
6760
8662
7297
5845
3122
225
-1241
-2842
-3684
-4343
-6218
-7753
-7280
-2125
7733
15891
16250
8882
-226
-4190
-1823
3265
6686
4884
-705
-5499
-7850
-6273
-665
5217
8533
6946
401
-6282
-9197
-6367
1003
6543
6353
1840
-3606
-5792
-3423
888
4277
4698
1637
-2587
-5840
-7598
-6817
-4183
-1431
476
-682
-3872
-5205
-4034
-649
3778
5817
4967
3330
1301
-462
-1441
-2623
-3344
-3958
-5475
-6100
-5690
-3656
2728
10647
14552
12819
5835
-1369
-2487
564
4283
6491
3851
-959
-4707
-7415
-5491
62
4399
6897
4674
-2263
-7787
-9137
-5006
2864
7412
6101
937
-4585
-5517
-2076
2212
4718
3156
-1006
-4415
-6197
-5853
-3662
-1172
1113
1546
-1403
-4933
-5915
-3339
1835
6185
7295
5406
2094
-1090
-2473
-1603
-299
-31
-2086
-5937
-8282
-7540
-3459
4215
13333
17525
12986
4502
-1617
-2156
2174
6290
6556
2549
-4192
-9107
-9148
-5602
73
4787
4998
1537
-4012
-8437
-7198
-1297
5418
9209
6719
76
-4757
-4604
-706
2903
3125
648
-2979
-6171
-6341
-4616
-2770
-87
1603
1398
-49
-2779
-3631
-858
3166
6438
6667
3403
229
-1340
-2045
-1166
-365
-1231
-3383
-7073
-9076
-7069
-2152
6470
15972
19734
15612
6691
-658
-1792
1074
3475
3146
-925
-6761
-10485
-10766
-7377
-1144
4201
5760
3011
-2631
-7027
-6772
-1961
4346
7100
3900
-2253
-7121
-7712
-3944
336
2077
687
-2980
-5793
-5134
-1600
2697
5823
5789
2927
-718
-4129
-5032
-2526
826
3247
3077
113
-2055
-1590
-68
1697
2591
1033
-1457
-3678
-4954
-3693
-1071
3324
10427
15766
15607
9803
893
-5100
-5293
-2364
1190
2602
44
-3992
-7418
-8392
-4722
958
5245
6164
1487
-5510
-9323
-8245
-2345
4196
6094
3600
-1045
-4811
-4523
-1650
1212
3032
2438
443
-871
-1668
-1513
-133
990
1277
83
-2989
-5509
-5437
-3063
766
4167
5103
4235
3109
2059
1745
2039
2024
1267
-1316
-4938
-6794
-5523
-363
7418
13237
13064
6694
-1374
-5346
-3661
954
4899
5577
2396
-2813
-7280
-8651
-5815
-623
3391
3427
-1150
-7203
-10229
-8080
-1453
5500
7990
5927
2146
-639
-576
879
1577
1812
1055
-926
-2582
-3522
-3348
-1703
-350
-489
-1836
-3907
-4414
-2136
1087
4001
5650
5593
4989
4403
3675
2648
1296
-171
-1723
-4237
-7517
-9732
-9844
-6904
-1450
5054
11476
13613
9923
4448
292
-94
3002
5069
3778
-787
-7292
-11603
-11455
-8074
-2799
1443
1905
-456
-3623
-5215
-2929
2360
7543
9526
7026
1823
-2959
-5101
-4452
-2110
339
1046
-353
-3294
-6066
-5725
-2500
1206
3853
3748
1394
-976
-2125
-622
3084
6176
7269
5903
2302
-863
-1922
-1770
-1082
-1372
-4017
-7498
-10015
-10090
-6482
-193
7527
15071
18132
14652
7599
874
-1951
-461
1723
1861
-1153
-6587
-10890
-11679
-8868
-3328
1965
4548
4273
1380
-1822
-2061
857
5444
8747
7386
2377
-2884
-5981
-5608
-3049
-652
373
-352
-1950
-2688
-1726
348
2412
3545
3226
1584
-527
-1693
-1301
221
1815
2006
900
-559
-1747
-2103
-1966
-1967
-2407
-3454
-4767
-5489
-4928
-2923
639
5101
9555
12726
12025
7511
2226
-1435
-2173
-1058
-676
-1872
-4299
-7068
-8375
-7439
-4819
-959
2260
3172
2178
-317
-2361
-1114
3067
7391
8336
4568
-813
-4295
-4698
-2748
-584
379
307
-231
-337
494
1709
2575
2736
1901
248
-1550
-2929
-3123
-2034
-376
975
1171
589
159
384
839
573
-654
-2524
-4118
-5113
-5276
-4419
-3045
-526
3440
8231
11976
11255
6830
2574
317
443
899
-455
-2722
-5440
-8202
-9130
-8080
-5202
-730
2727
3732
2490
-47
-522
2323
5999
7741
5202
-311
-4645
-5922
-4509
-2090
-602
-148
-135
-195
0
333
852
1453
1683
1483
594
-920
-2080
-2500
-2033
-935
-482
-551
-298
228
1408
2328
1623
215
-1272
-2834
-4008
-5188
-5911
-4425
-614
4767
10442
12899
10630
6232
2422
842
1058
556
-1030
-2832
-5104
-6933
-7310
-6042
-2487
1941
4297
4008
1639
-857
-514
2332
5120
5921
3764
191
-2269
-3306
-3021
-1577
-119
772
817
-54
-720
-554
-287
88
416
-270
-1674
-3192
-4270
-4114
-2647
-452
1576
2935
3477
3394
2987
2002
430
-1802
-4457
-6577
-7861
-8290
-6866
-2730
3040
8750
12123
11332
7834
3943
1613
1440
1266
-360
-3245
-6665
-8904
-8869
-6964
-3794
-474
1447
1782
966
-162
430
3145
6235
7813
6296
2642
-437
-1865
-1838
-1351
-1593
-2246
-2706
-3017
-2843
-2121
-1233
-601
-469
-742
-1182
-1130
-225
1210
2545
3163
3094
2811
2726
2624
2420
1767
56
-2246
-5022
-7363
-7980
-7512
-5959
-3429
-360
4152
9504
13553
14290
10923
5663
1585
-410
-1265
-2435
-4571
-7154
-9107
-9559
-8132
-4948
-637
3406
5752
5779
3866
2205
2737
4844
6683
5811
1560
-3299
-6560
-7257
-5416
-3383
-2203
-1752
-2088
-1815
-790
398
2088
3397
3594
2830
1000
-965
-1826
-1471
-250
1058
1265
595
-3
-36
846
1679
1316
-565
-3404
-5760
-6990
-6804
-5133
-2336
1594
5903
9803
12285
11343
7725
3670
145
-1450
-1965
-3124
-4390
-6190
-8137
-8199
-6388
-2753
2350
5770
6324
4742
1610
202
1721
3810
5238
3910
-590
-4820
-7155
-6881
-4108
-1657
-274
335
-98
-283
174
834
1960
2789
2419
1016
-1176
-3152
-3295
-1536
1001
3054
3316
1939
322
-398
-441
-721
-1884
-4122
-6086
-6742
-6476
-5235
-3254
-894
2786
7288
11030
13393
12538
8435
3631
-798
-3405
-3895
-4202
-4491
-4881
-6157
-6700
-5529
-2766
2060
6451
8284
7775
4815
1763
766
876
1642
1540
-1043
-4257
-6625
-7458
-5686
-2790
-251
1791
2301
1585
964
672
1204
2166
2246
1471
71
-1597
-2483
-2340
-1440
-224
408
292
-329
-1116
-1332
-1400
-1913
-2694
-3657
-4000
-3617
-3008
-1813
-369
1273
4075
7504
10459
11517
8725
3840
-387
-3127
-3203
-2379
-2782
-3402
-4512
-5394
-4276
-2379
390
4060
6094
6325
4812
1470
-721
-766
115
1287
669
-1943
-4006
-4825
-4049
-1959
-360
724
1637
1767
1396
872
397
535
1112
1219
577
-531
-1511
-1420
-530
303
542
21
-701
-1062
-1121
-1526
-2294
-2994
-3401
-2831
-1755
-1076
-276
775
1920
4014
6594
8841
10493
9057
4340
-682
-4811
-6135
-4631
-3520
-2953
-2948
-3942
-3714
-2279
-378
2897
5709
6525
5625
2141
-1970
-3748
-3389
-1514
-194
-1585
-4317
-6289
-6327
-3856
-291
2560
4268
4503
3308
1730
637
237
670
1303
649
-1319
-3803
-5735
-5312
-2971
-597
949
996
156
117
704
1265
1797
1340
324
-288
-1113
-1676
-1489
-1123
43
2338
4710
7096
8409
6653
3319
202
-1936
-1575
-201
364
428
-823
-2744
-3429
-3195
-1680
1165
3157
3581
2193
-923
-3041
-2879
-1271
904
1477
-236
-2327
-3493
-3065
-1286
353
1259
1344
690
-106
-767
-1035
-868
-327
195
-3
-834
-1781
-2039
-1233
25
748
655
-10
-655
-401
234
460
418
-101
-696
-779
-896
-1047
-790
-300
756
2423
3938
5632
6890
6051
3714
764
-1787
-2154
-1186
-298
30
-1293
-3363
-4203
-3646
-1408
1959
4150
4388
2622
-673
-3004
-3256
-2070
-250
271
-999
-2529
-3237
-2504
-504
1443
2546
2717
2098
1366
1033
645
21
-594
-1405
-2341
-3220
-4013
-4015
-2765
-955
730
1747
1816
1691
2056
2567
2797
2289
817
-1002
-2646
-3897
-4527
-4470
-3788
-2375
-28
2692
5383
7590
7976
6505
4053
1484
153
-18
-85
-524
-1959
-4027
-5301
-5330
-3772
-767
1892
3145
2711
661
-1169
-1564
-624
1236
2345
1765
132
-1760
-2799
-2507
-1425
-176
710
836
307
-423
-1098
-1187
-555
260
696
283
-621
-1175
-832
252
1230
1594
1412
1123
1158
1271
933
23
-1255
-2384
-2856
-2646
-2182
-1753
-1273
-376
1390
3610
5762
7255
6840
4723
2017
-501
-1789
-1809
-1484
-1439
-2258
-3860
-5027
-4953
-3165
132
2997
4107
3161
614
-1372
-1441
-214
1264
1590
262
-1589
-2813
-2781
-1502
10
930
1301
916
189
-253
-678
-726
-342
-14
98
-259
-743
-704
-42
864
1575
1842
1772
1830
1946
1635
592
-1046
-2475
-3077
-2885
-2382
-2241
-2518
-2724
-2032
212
3529
6927
9061
8631
5995
2430
-551
-1707
-1401
-874
-1190
-2939
-5408
-6965
-6475
-3656
422
3735
5022
3968
1312
-946
-1653
-922
372
795
-329
-2303
-3988
-4333
-3120
-1155
683
1725
1735
1202
609
245
497
1091
1344
937
-189
-1499
-2142
-1875
-862
282
988
1310
1435
1360
1119
603
-219
-967
-1413
-1656
-1926
-2487
-2942
-2669
-1194
1623
4823
7396
8488
7643
5639
3123
725
-593
-993
-1087
-1486
-2746
-4456
-5481
-5074
-3001
-96
2140
2833
1767
-167
-1483
-1811
-1191
-37
608
441
-452
-1637
-2193
-1845
-915
163
727
615
160
-504
-1010
-988
-657
-201
86
-143
-653
-965
-771
92
1156
1871
2123
1883
1281
510
-466
-1383
-1836
-1934
-1922
-2113
-2489
-1908
556
4469
8341
9944
8413
5149
1979
-52
-745
-900
-1227
-1928
-3136
-4587
-5451
-4940
-2629
951
4012
5046
3590
692
-1406
-1685
-799
244
431
-482
-1950
-3404
-4283
-4105
-2810
-778
1147
1926
1364
268
-412
38
1119
1641
1154
-403
-2350
-3427
-3162
-1675
357
1833
2290
1945
1326
1024
1178
1236
785
-138
-1604
-3185
-4349
-4838
-3819
-880
3232
6807
7711
5684
2834
1271
1528
2634
2935
1493
-1156
-3743
-5194
-5070
-3583
-1303
1037
2413
2196
741
-826
-1186
-52
1356
1766
868
-657
-1766
-2228
-2393
-2393
-2056
-1155
186
1132
977
31
-756
-465
687
1448
1163
43
-1023
-1140
-491
341
822
591
147
65
222
401
297
-363
-1309
-2167
-2757
-2832
-2399
-1729
-733
667
2814
5784
7684
6898
4374
1891
731
891
1022
196
-1421
-3181
-4262
-4282
-3503
-1845
393
2353
3466
2943
1125
-251
-426
173
410
-594
-2280
-3537
-3815
-3224
-2541
-1946
-865
792
2422
3140
2546
1301
632
886
1337
973
-459
-2185
-3204
-2894
-1463
124
1196
1526
1247
809
437
158
122
178
-194
-955
-1665
-2113
-1934
-991
265
2176
4631
5851
4980
2943
853
-80
392
1021
799
-434
-2181
-3494
-3844
-3259
-1801
-13
1464
2105
1312
-370
-1575
-1410
245
1823
1718
122
-2026
-3387
-3235
-2269
-1297
-502
-2
216
321
10
-474
-318
538
1644
2002
974
-702
-1775
-1432
-50
1110
1102
24
-1312
-2104
-1994
-1312
-612
-249
-472
-998
-1373
-1247
-194
1785
4693
7520
8077
5943
2671
55
-569
413
1355
1149
-525
-3052
-4914
-5287
-4166
-1799
628
2022
2045
806
-704
-1182
-322
1236
2208
1591
-309
-2372
-3479
-3231
-2193
-1148
-505
-202
-39
149
395
716
1131
1591
1812
1410
385
-838
-1607
-1452
-488
548
922
437
-540
-1376
-1693
-1449
-804
-183
73
-110
-571
-857
-482
621
2422
4766
6552
6523
4701
2080
52
-478
53
777
809
-390
-2295
-3858
-4370
-3586
-1839
14
1087
956
-126
-1233
-1546
-881
298
1202
1277
382
-1075
-2268
-2634
-2066
-939
43
316
-190
-922
-1215
-794
174
1177
1609
1203
175
-838
-1151
-564
591
1707
1970
1114
-303
-1587
-2113
-1748
-1004
-419
-253
-476
-718
-588
-9
1068
2926
5230
6739
6409
4280
1559
-288
-621
79
675
268
-1213
-3012
-4163
-4204
-3124
-1352
324
1129
712
-465
-1451
-1498
-494
838
1426
852
-465
-1774
-2333
-1967
-1125
-199
437
375
-336
-1232
-1691
-1216
57
1400
1956
1343
-48
-1301
-1570
-791
434
1396
1461
551
-834
-1963
-2395
-1944
-850
169
610
392
-29
-264
-57
802
2304
4146
5508
5515
4005
1737
-58
-539
162
1011
1050
-36
-1676
-2859
-3062
-2254
-889
397
1114
912
-41
-1110
-1545
-994
180
1169
1287
486
-699
-1527
-1612
-1071
-259
349
340
-342
-1301
-2010
-2074
-1294
-25
1002
1284
686
-384
-1116
-1026
-159
1004
1705
1433
320
-1058
-2028
-2102
-1409
-463
158
188
-81
-337
-310
150
941
2063
3261
3981
3883
2857
1337
134
-277
8
406
360
-285
-1206
-1934
-2114
-1632
-706
332
1005
999
451
-244
-577
-320
242
607
437
-216
-928
-1288
-1213
-883
-533
-335
-398
-586
-676
-556
-211
260
673
845
716
321
-192
-536
-619
-491
-306
-298
-619
-1154
-1594
-1602
-1057
-325
177
285
96
-108
-83
301
886
1330
1459
1361
1256
1206
1251
1283
1138
785
226
-371
-760
-838
-689
-501
-449
-601
-774
-721
-396
41
314
321
194
119
120
129
63
-136
-345
-372
-217
-86
-101
-276
-466
-473
-211
251
711
1016
999
787
524
279
128
43
-31
-209
-459
-761
-1013
-1025
-775
-332
120
393
430
277
110
57
212
468
616
539
318
94
60
326
706
1110
1391
1310
860
330
-45
-248
-229
-215
-373
-674
-1097
-1375
-1388
-1150
-765
-382
-100
-35
-110
-210
-246
-123
105
338
398
284
117
-62
-94
30
158
234
245
97
-174
-467
-740
-836
-721
-558
-413
-296
-202
-69
151
460
773
1024
1129
996
649
202
-194
-378
-333
-269
-276
-330
-422
-432
-226
165
675
1228
1575
1576
1315
938
552
293
86
-229
-601
-1057
-1499
-1661
-1507
-1105
-555
-3
386
571
612
520
452
444
406
295
9
-384
-698
-854
-806
-583
-353
-215
-125
-75
-78
-111
-151
-126
-82
-100
-157
-210
-222
-113
113
359
502
497
378
218
87
16
-13
-38
-151
-340
-522
-670
-687
-542
-251
95
385
623
740
762
786
806
772
702
562
299
-68
-507
-848
-963
-826
-508
-147
114
237
341
480
677
882
972
876
567
159
-290
-645
-790
-772
-676
-611
-566
-567
-538
-385
-93
324
667
802
758
589
435
392
440
509
499
340
58
-252
-480
-561
-503
-392
-327
-358
-416
-409
-327
-146
108
348
529
587
514
368
212
104
70
37
-65
-265
-509
-679
-727
-609
-385
-125
143
344
435
405
371
387
460
515
387
130
-173
-426
-574
-651
-658
-616
-502
-356
-248
-181
-99
4
112
213
257
234
189
167
153
181
227
239
244
225
150
35
-68
-138
-178
-231
-308
-367
-403
-392
-306
-192
-63
113
291
452
557
555
458
280
82
-89
-262
-425
-551
-643
-674
-626
-481
-291
-49
244
478
621
683
678
631
563
452
312
165
-24
-230
-413
-533
-572
-527
-409
-291
-184
-88
20
129
237
338
395
441
452
423
345
218
101
21
-21
-74
-149
-237
-301
-289
-224
-112
37
178
251
258
226
179
186
247
293
264
115
-86
-293
-457
-522
-497
-395
-279
-196
-127
-45
86
256
470
598
552
416
229
71
-36
-93
-137
-209
-287
-392
-451
-455
-379
-193
19
172
192
136
59
22
26
34
41
10
-51
-136
-231
-262
-202
-64
90
222
289
267
207
147
103
73
17
-65
-164
-239
-242
-186
-77
56
200
305
332
289
186
69
-31
-126
-191
-270
-350
-400
-425
-390
-269
-89
102
263
363
409
416
406
394
344
233
64
-134
-285
-371
-443
-480
-436
-368
-272
-143
-48
48
131
164
172
159
114
50
-18
-92
-150
-147
-112
-75
-30
18
74
137
192
227
247
215
128
20
-75
-125
-118
-56
11
46
64
95
118
80
52
39
38
48
7
-54
-131
-167
-139
-82
-39
-41
-1
77
164
235
281
309
303
282
216
114
33
-30
-84
-118
-134
-131
-110
-105
-117
-108
-80
-57
-26
-4
-4
-25
-28
-6
21
58
70
67
56
31
7
7
6
-40
-90
-150
-189
-184
-153
-92
-41
16
67
106
131
129
118
100
76
28
-42
-123
-196
-246
-247
-201
-158
-127
-92
-22
67
161
225
265
291
276
241
183
109
27
-46
-98
-138
-153
-175
-195
-203
-207
-196
-159
-103
-62
-22
3
9
27
45
55
64
70
69
73
86
73
34
-7
-49
-70
-70
-62
-47
-10
44
75
93
115
144
169
178
184
163
123
60
-14
-95
-164
-204
-222
-204
-187
-161
-114
-61
12
92
178
233
261
260
250
241
206
164
90
2
-80
-147
-188
-225
-243
-253
-249
-208
-180
-151
-102
-35
32
84
121
145
162
147
119
83
37
0
-53
-126
-177
-210
-210
-177
-155
-152
-127
-68
2
80
148
176
194
218
208
176
129
57
-2
-52
-108
-154
-178
-180
-177
-132
-47
43
124
190
250
288
304
298
294
285
234
174
107
35
-31
-102
-168
-210
-228
-223
-195
-168
-142
-123
-99
-47
9
50
87
103
106
112
94
54
28
-6
-69
-101
-111
-131
-145
-161
-162
-137
-93
-35
24
75
85
92
112
107
95
87
55
-1
-43
-75
-107
-115
-135
-147
-106
-55
2
54
82
102
125
141
140
122
93
74
61
23
-14
-36
-50
-46
-57
-89
-109
-104
-92
-70
-56
-57
-45
-26
-8
25
44
49
58
71
65
50
42
16
-13
-47
-82
-106
-106
-85
-54
-19
-7
6
29
44
66
78
77
55
18
-23
-53
-62
-66
-55
-52
-52
-42
-19
26
66
94
101
104
111
119
119
86
45
26
15
11
6
-16
-41
-52
-62
-49
-32
-35
-28
-28
-42
-28
-12
-5
11
40
68
85
88
74
59
48
34
15
-6
-25
-61
-100
-115
-122
-107
-61
-14
8
13
16
22
47
67
74
69
27
-24
-69
-106
-122
-121
-117
-110
-83
-49
-7
60
117
161
192
203
193
165
120
89
66
30
-2
-43
-75
-76
-68
-56
-59
-70
-74
-70
-62
-47
-28
-9
16
32
66
92
85
88
83
73
56
33
0
-29
-66
-123
-167
-188
-179
-129
-70
-30
-11
8
23
32
56
68
61
42
2
-40
-63
-76
-91
-94
-93
-78
-48
-15
14
37
60
73
92
92
61
35
22
25
21
18
13
1
-14
-36
-55
-52
-51
-52
-53
-66
-73
-64
-38
-7
38
82
92
96
97
92
82
58
32
8
-10
-53
-93
-120
-135
-122
-92
-56
-8
36
70
86
79
82
99
108
99
69
15
-39
-76
-95
-96
-85
-68
-42
-10
23
44
67
84
104
131
153
154
146
143
131
123
100
73
38
-4
-33
-58
-87
-95
-100
-106
-98
-88
-78
-54
-22
9
46
64
76
74
63
36
1
-9
-24
-49
-80
-104
-119
-114
-89
-70
-39
-11
12
39
54
69
72
60
48
33
6
-41
-87
-103
-105
-95
-87
-84
-88
-93
-91
-74
-23
42
84
99
81
55
55
66
76
67
33
3
-28
-69
-92
-105
-108
-103
-104
-106
-94
-68
-31
21
63
94
122
132
131
118
107
95
91
73
29
-15
-48
-62
-53
-32
-15
2
-3
-18
-7
16
38
45
45
28
3
-12
-40
-60
-77
-92
-93
-82
-70
-61
-43
-14
13
29
37
53
72
70
74
79
75
67
64
63
48
17
-9
-17
-31
-52
-62
-68
-68
-63
-41
-12
12
34
42
45
38
35
38
39
35
30
27
15
-1
-9
-29
-42
-48
-52
-40
-34
-29
-12
11
18
16
18
14
18
32
42
53
67
65
41
20
-3
-26
-28
-33
-32
-15
10
32
54
75
78
85
91
90
84
53
8
-27
-48
-52
-54
-63
-73
-71
-70
-68
-54
-36
-19
-11
-17
-20
-4
19
34
22
-10
-47
-66
-72
-75
-64
-51
-37
-26
-19
-23
-25
-14
-8
6
19
21
13
3
-4
-3
8
-6
-29
-39
-47
-61
-76
-83
-78
-67
-59
-51
-36
-16
0
25
47
58
61
67
58
36
19
2
-3
3
8
15
23
28
33
47
52
56
56
44
40
40
38
39
38
34
27
27
20
22
27
27
29
18
9
8
6
5
-4
-14
-20
-25
-29
-39
-47
-45
-38
-20
2
11
2
-9
-15
-13
-8
-8
-8
-6
-1
4
5
13
23
29
32
36
34
35
43
47
43
28
18
18
23
21
11
1
-14
-22
-34
-36
-22
-16
-6
6
19
29
34
40
42
48
42
20
2
-25
-43
-37
-34
-42
-36
-26
-38
-46
-55
-59
-42
-29
-22
-16
-13
-13
-6
-7
-9
-22
-37
-52
-62
-54
-38
-16
-4
-8
-1
-5
-14
-17
-16
-20
-18
-14
-14
-11
-13
-14
-4
2
4
7
-1
-9
-11
1
18
24
14
9
10
17
40
48
34
25
19
13
