1
0
0
0
0
-1
1
0
0
0
0
0
0
0
0
0
0
0
0
-1
0
0
0
-1
0
0
1
1
0
0
0
0
-1
0
1
0
-1
0
0
0
0
-1
0
0
0
0
0
-1
-1
0
0
0
0
1
0
0
0
0
-1
0
0
0
0
0
0
0
0
1
0
-1
0
0
-1
0
0
0
0
0
0
0
0
0
0
0
1
0
0
0
0
-1
-1
0
-1
0
0
0
-1
0
0
0
0
1
1
-1
0
0
-1
-1
0
0
-1
0
0
-1
0
0
-1
1
-1
0
0
-1
0
0
0
0
0
0
0
1
0
0
-1
1
1
0
0
0
0
0
0
0
0
0
1
0
0
0
0
0
0
-1
0
0
-1
0
0
1
0
0
1
0
0
0
1
0
0
0
0
0
0
1
-1
0
0
0
1
0
-1
0
0
0
0
0
-1
0
0
0
0
1
0
0
1
0
0
0
1
0
0
0
0
0
1
0
0
0
0
0
0
0
1
0
0
0
0
-1
0
0
-1
-1
0
-1
0
0
0
1
1
0
0
0
-1
1
0
0
0
0
1
0
1
0
0
1
1
0
0
0
0
0
-1
0
0
0
-1
0
0
1
0
0
0
0
1
0
1
0
0
0
0
-1
0
0
0
0
0
-1
0
0
0
1
1
0
0
-1
0
0
1
0
0
-1
1
0
0
0
0
-1
0
0
0
0
0
0
0
0
0
0
0
1
0
0
0
-1
0
1
0
0
1
-1
0
-1
-1
0
0
0
0
0
0
0
0
-1
0
-1
1
0
1
1
0
0
0
0
0
0
0
0
0
0
0
0
0
0
1
0
-1
0
0
0
0
0
0
-1
0
0
-1
0
0
0
0
0
0
0
1
1
0
0
0
0
0
0
0
-1
0
0
0
0
0
0
-1
-1
0
0
0
0
0
1
0
1
-1
0
0
-1
0
0
0
1
0
0
0
0
0
0
0
1
0
1
0
0
0
-1
-1
0
0
0
0
1
0
-1
0
0
0
0
1
0
-1
0
0
0
0
0
1
0
0
0
0
0
0
0
0
0
0
1
0
0
0
0
0
0
0
0
0
0
0
0
0
-1
-1
0
0
0
0
0
0
-1
0
0
-1
0
0
0
0
0
0
0
0
0
0
0
0
0
0
0
0
0
-1
0
0
1
0
0
-1
1
0
0
0
0
0
0
0
0
0
0
-1
1
0
0
-1
0
0
0
1
0
-1
0
0
0
0
0
0
0
1
-1
0
-1
0
-1
-1
0
0
0
1
0
0
0
0
0
1
0
-1
-1
0
0
0
0
0
0
0
-1
0
-1
0
1
0
0
0
0
1
0
0
0
0
0
-1
-1
0
0
0
0
-1
0
1
0
1
0
0
0
0
-1
0
0
0
-1
0
0
0
0
0
0
0
0
-1
0
0
0
1
0
1
0
-1
0
1
0
0
-1
0
0
0
0
0
0
1
0
1
0
0
0
0
0
1
0
1
0
0
0
1
0
0
0
0
0
-1
0
0
0
0
0
0
0
0
0
-1
0
0
0
0
0
0
0
0
0
0
1
0
1
0
0
1
0
0
1
0
0
1
0
0
1
0
0
0
0
0
0
0
0
0
0
0
1
0
0
-1
0
0
-1
0
-1
0
0
1
1
0
0
0
-1
0
0
0
0
0
0
1
0
0
-1
0
0
0
0
-1
0
1
0
0
0
0
0
-1
0
0
0
0
0
0
0
1
0
0
0
0
0
-1
0
0
0
0
0
1
0
0
0
0
0
0
0
1
0
-1
0
-1
1
0
0
0
0
-1
0
-1
0
0
0
0
-1
1
0
0
0
1
0
-1
0
1
1
0
-1
0
0
0
0
0
0
0
0
-1
0
0
0
0
1
-1
0
0
-1
0
0
0
0
0
1
1
0
0
0
-1
-1
0
0
0
1
0
0
0
0
0
0
1
0
0
-1
0
0
1
0
0
0
0
0
1
0
0
-1
0
0
0
0
0
0
0
0
1
0
0
0
0
0
0
0
0
1
0
0
0
0
0
0
-1
0
0
0
0
1
0
0
1
0
0
0
1
-1
0
-1
0
0
0
1
0
0
0
0
0
0
1
0
0
0
0
0
0
0
0
0
-1
0
0
0
1
0
0
0
1
0
0
0
0
0
0
0
0
0
0
1
0
1
0
-1
0
0
-1
0
0
0
-1
0
0
0
-1
0
-1
1
-1
1
0
0
0
0
0
1
0
1
0
0
0
0
0
0
0
0
0
0
0
1
0
0
-1
0
0
0
0
0
0
0
0
0
0
-1
0
0
1
0
0
-1
0
0
0
0
0
0
0
0
-1
0
1
0
0
0
0
1
0
0
0
0
0
-1
0
0
-1
0
0
0
0
0
0
0
0
0
0
0
1
1
1
1
0
0
-1
1
0
0
0
0
0
0
0
0
0
0
0
0
1
0
0
1
0
1
0
0
1
0
0
0
0
1
0
0
-1
0
0
1
1
0
0
-1
0
-1
-1
0
0
0
1
1
0
-1
0
1
0
0
0
0
1
0
1
-1
0
1
0
0
0
-1
0
0
0
1
0
-1
0
-1
-1
0
0
1
0
0
0
1
1
0
0
1
1
-1
0
-1
0
0
0
1
0
0
0
0
-1
0
0
-1
0
0
-1
-1
1
0
0
0
0
-1
0
1
0
0
0
-1
1
0
1
0
1
-1
0
0
0
-1
0
0
0
0
0
0
0
0
0
0
0
0
0
0
0
0
0
1
0
0
0
0
1
0
0
0
0
0
0
0
0
0
0
0
0
0
0
0
0
0
0
0
0
1
0
0
0
0
-1
0
0
1
0
0
0
0
0
-1
0
0
0
0
0
0
-1
0
0
-1
0
0
0
-1
0
0
0
0
-1
0
0
0
0
0
0
0
0
0
0
0
0
0
0
0
-1
0
0
0
-1
0
-1
0
-1
0
0
0
0
1
0
0
0
0
-1
1
0
0
0
0
0
1
0
0
0
0
0
0
1
0
0
0
0
-1
0
-1
0
0
0
0
0
0
0
0
0
0
0
0
0
0
0
0
0
1
0
1
1
0
1
0
0
0
0
0
1
0
1
0
0
0
1
0
0
-1
0
0
1
0
-1
0
0
0
0
-1
-1
1
0
0
1
0
0
1
0
0
0
-1
1
0
0
0
0
0
0
-1
0
0
0
0
0
0
0
0
0
0
0
0
0
0
0
0
0
0
0
0
-1
0
-1
0
-1
0
0
0
0
0
-1
0
-1
1
0
0
0
0
0
-1
0
-1
0
-1
0
0
0
0
-1
0
-1
0
1
0
0
0
0
0
0
1
0
0
0
0
0
0
-1
0
0
0
0
0
0
0
0
1
0
1
1
0
0
0
0
0
0
0
0
0
0
1
0
1
0
0
0
0
0
0
0
1
0
0
0
1
0
1
1
0
0
0
0
-1
0
0
1
0
0
0
0
0
0
0
0
0
0
0
0
0
-1
0
0
0
0
0
0
0
0
0
-1
0
1
0
0
0
0
0
0
0
-1
1
0
0
0
1
0
1
0
0
0
0
0
0
0
-1
0
1
0
0
0
1
0
0
0
0
-1
1
1
0
0
1
0
0
0
0
0
0
0
0
-1
0
0
0
0
1
0
0
0
0
0
0
-1
-1
1
0
0
1
0
0
-1
0
-1
1
0
1
0
0
0
0
1
-1
0
0
0
0
0
0
0
0
0
0
0
0
0
0
-1
0
0
0
0
1
0
0
0
0
0
0
0
0
-1
0
0
0
-1
0
0
1
0
-1
0
0
0
0
1
1
1
0
0
-1
0
0
-1
0
0
0
0
-1
0
0
0
0
0
0
1
0
0
0
0
0
1
0
0
0
0
0
0
0
-1
1
-1
0
-1
0
0
0
0
-1
0
0
0
0
0
0
0
0
0
1
0
0
0
0
0
0
0
0
0
0
0
0
0
0
-1
0
0
0
1
0
0
0
0
-1
0
-1
0
1
0
0
1
0
0
0
0
0
0
0
0
0
0
1
-1
0
-1
0
0
-1
0
0
0
0
-1
0
0
0
0
0
1
0
0
0
0
0
0
0
-1
0
0
0
0
0
0
-1
0
0
0
0
0
0
-1
0
-1
0
0
0
0
1
0
0
0
0
0
0
0
0
0
0
0
0
1
0
0
0
0
1
0
-1
0
1
0
0
0
0
0
0
0
-1
-1
0
0
0
1
0
-1
0
0
-1
0
0
0
-1
0
0
1
0
0
0
0
0
0
1
0
0
0
0
1
0
0
0
1
1
0
0
0
0
0
0
1
0
1
0
0
0
1
0
0
0
-1
1
1
0
-1
0
0
0
0
0
0
0
0
0
0
0
1
0
1
0
0
0
0
0
-1
0
1
0
0
-1
0
-1
0
0
-1
-1
0
0
0
0
0
-1
-1
-1
-1
0
1
2
3
4
4
6
6
7
8
8
10
11
11
11
10
8
7
5
3
2
2
5
4
1
-4
-7
-13
-19
-23
-23
-33
-40
-38
-32
-32
-29
-25
-22
-27
-31
-26
-21
-22
-19
-16
-16
-19
-22
-15
-4
13
31
53
65
67
67
58
53
56
61
67
64
55
48
35
28
34
29
17
17
22
27
28
31
37
20
-14
-23
-26
-50
-65
-57
-30
-4
0
9
19
-2
-40
-36
-21
-36
-47
-67
-83
-91
-103
-85
-78
-83
-71
-47
-21
-21
-41
-65
-73
-78
-99
-114
-109
-106
-98
-99
-127
-118
-67
0
40
58
44
-31
-111
-160
-203
-244
-254
-254
-245
-176
-70
45
179
269
330
369
374
308
199
103
63
53
14
31
128
222
270
300
350
436
437
427
492
501
437
348
268
164
24
-52
-34
19
30
32
53
14
-37
-71
-101
-86
-93
-104
-113
-168
-179
-226
-256
-218
-173
-116
-145
-208
-339
-496
-657
-693
-559
-438
-323
-214
-142
-118
-130
-156
-195
-217
-244
-272
-241
-203
-123
-6
85
160
245
316
389
421
450
374
261
286
336
382
413
482
545
524
481
457
479
534
547
532
517
434
330
258
184
112
-50
-197
-250
-269
-259
-226
-118
-36
-103
-297
-480
-618
-737
-801
-754
-613
-559
-577
-608
-671
-798
-835
-676
-557
-499
-390
-259
-180
-188
-99
74
206
343
434
408
290
180
106
72
-26
-84
-39
27
181
361
577
732
751
742
752
718
578
431
345
278
176
77
18
-5
-56
-185
-201
-123
-113
-142
-30
87
28
-28
50
62
-157
-255
-149
-141
-263
-335
-247
-227
-290
-256
-127
-62
-14
185
385
461
384
304
234
87
-45
-69
-111
-163
-207
-291
-295
-176
-7
101
200
261
247
104
-37
-81
-146
-232
-291
-283
-318
-312
-224
-143
-189
-227
-157
-86
-81
-41
67
78
37
3
72
131
115
93
111
144
178
186
168
177
182
183
209
304
355
416
465
545
553
445
438
389
179
-19
-46
-44
-148
-160
-16
-31
-166
-148
71
285
238
46
-190
-547
-917
-980
-740
-542
-360
-55
205
359
317
13
-453
-1092
-1464
-1286
-750
-57
503
851
912
658
320
47
-193
-410
-583
-553
-277
41
268
411
479
460
338
266
332
338
188
63
90
190
194
61
-55
-264
-503
-492
-181
78
215
466
667
652
466
262
39
-277
-534
-513
-272
-7
242
426
509
429
396
389
235
0
-241
-337
-273
-124
55
146
138
32
-110
7
215
23
-600
-1118
-1411
-1486
-1158
-360
472
794
712
353
-50
-503
-910
-988
-878
-748
-390
126
475
528
379
244
84
-1
5
71
145
154
201
290
346
365
280
139
136
135
96
96
161
285
359
429
518
506
341
155
21
-83
-182
-87
112
276
424
514
524
371
193
77
35
121
277
446
536
511
611
651
490
287
95
-10
-57
88
183
168
146
188
358
372
202
-156
-682
-1131
-1362
-1427
-1279
-1000
-711
-509
-404
-306
-302
-428
-738
-1001
-1057
-983
-714
-450
-376
-438
-412
-297
-216
-118
-13
52
96
260
455
583
533
346
299
250
173
242
375
545
667
733
789
701
473
224
3
-124
-100
-92
-102
-23
12
-4
149
337
311
250
192
44
-171
-229
-118
-43
-22
64
162
84
100
248
324
309
217
80
1
-102
-195
-150
23
278
470
527
427
171
-155
-488
-827
-980
-1009
-937
-833
-661
-357
-185
-100
-54
-51
-83
-117
-201
-291
-256
-128
-24
46
162
203
172
170
228
320
406
470
454
418
333
116
-10
127
259
320
413
504
410
165
82
170
276
244
183
226
214
216
353
445
485
550
606
701
712
514
280
139
56
119
221
378
583
600
438
271
169
-62
-359
-557
-738
-901
-1013
-1009
-902
-973
-1134
-1148
-962
-650
-527
-697
-880
-1074
-1415
-1480
-1108
-749
-573
-334
-67
180
283
293
218
-81
-294
-219
66
347
452
461
315
164
343
750
1046
1051
1035
1001
731
358
41
-241
-505
-522
-198
204
431
479
512
425
125
15
79
66
47
20
-58
-101
-84
-39
-9
-12
42
164
258
250
208
127
53
-115
-272
-281
-177
-31
-100
-302
-509
-784
-977
-945
-730
-470
-263
176
1061
2457
3715
3801
2640
630
-1784
-3880
-4828
-4267
-2719
-911
796
1995
2444
2235
1502
334
-977
-1939
-2058
-1502
-840
-280
40
192
376
550
850
1190
1181
770
221
-295
-861
-1506
-1964
-1879
-1301
-515
314
1232
1865
1936
1754
1262
152
-1454
-3077
-4145
-3530
246
6346
11079
12418
10789
6287
-70
-5505
-7970
-7677
-5681
-2525
1217
4386
6107
6239
4528
999
-2857
-5486
-6547
-6079
-4481
-2702
-1215
122
1197
1658
1427
602
-296
-693
-610
-87
349
-253
-1761
-3447
-4628
-4554
-3154
-853
1826
4093
5427
5514
4144
1827
-902
-3554
-5429
-6189
-5861
-4622
-2391
39
1563
2452
2749
1960
602
508
3056
6320
7081
5272
2401
-1334
-4912
-5982
-4422
-1901
709
2938
4432
4951
4626
3795
1800
-1013
-2766
-3054
-2544
-1518
-244
512
601
706
741
268
-599
-1404
-1808
-1730
-1130
-400
-367
-1136
-2095
-2845
-3199
-2826
-1731
-426
762
1837
2145
1026
-622
-1873
-2802
-3376
-3061
-1961
-1021
-132
1216
2159
2139
1710
1002
-33
145
2818
6079
7780
7866
6061
2248
-1876
-4318
-4908
-4557
-3137
-368
2457
4128
4951
5032
3454
685
-1341
-2148
-2605
-2442
-1345
-401
-139
-21
289
238
-347
-736
-645
-395
-66
421
194
-1015
-2059
-2696
-2921
-2183
-539
1365
2731
3585
3706
2208
-286
-2472
-4026
-5063
-5296
-4364
-2963
-1546
57
1101
1443
1585
1280
930
1997
4544
6451
6486
5024
2111
-1929
-5646
-7119
-6043
-3902
-1188
1996
4507
5579
5387
4101
1537
-1459
-3348
-3744
-3181
-1873
31
1632
2069
1774
1326
248
-1341
-2313
-2462
-2423
-2182
-1549
-1197
-1559
-1964
-1914
-1450
-740
402
1970
3016
3234
2793
1372
-779
-2950
-4524
-5289
-5297
-4359
-2632
-527
1459
2854
3588
3443
2369
1706
2793
4668
5610
5510
4222
1292
-2327
-4847
-5421
-4541
-2472
458
3120
4663
5117
4574
2779
300
-1780
-2858
-2813
-1921
-687
507
1438
1931
1868
1154
-48
-1159
-1884
-2112
-1745
-1317
-1572
-2337
-2842
-3102
-3118
-2345
-832
948
2500
3562
3744
2530
492
-1521
-3427
-4923
-5256
-4480
-3320
-1657
445
1938
2876
3721
3740
2911
3083
5248
7355
7557
6462
4017
-218
-4546
-6746
-6540
-5002
-2159
1816
4879
6068
6043
4751
1947
-1447
-3758
-4534
-4410
-3383
-1442
585
1825
2457
2522
1562
-1
-1193
-1754
-1935
-1721
-1669
-2409
-3443
-4053
-3956
-3195
-1653
693
2709
3752
3894
2936
896
-1715
-3876
-5386
-6364
-6204
-4897
-3014
-884
1127
2761
3633
3375
2488
2381
3854
5707
6677
6335
4160
586
-3186
-5829
-6347
-5004
-2285
1011
3490
4916
5317
4268
2222
-125
-2353
-3737
-3826
-2831
-1510
-51
1538
2515
2661
2193
1230
-157
-1368
-1588
-1336
-1791
-2761
-3186
-3328
-3490
-2784
-1031
876
2344
3697
4471
3616
1534
-719
-2881
-4981
-6022
-5480
-4446
-3113
-1096
847
1880
2370
2506
1787
1457
3499
6467
7743
7582
6288
3161
-1160
-4476
-5540
-5191
-3663
-351
3198
5007
5365
4909
3236
420
-2027
-3264
-3917
-3768
-2484
-793
654
1606
2041
1668
396
-876
-1514
-1583
-1493
-1758
-2436
-3243
-3703
-3548
-2682
-1095
995
2955
4352
5021
4447
2581
139
-2097
-3960
-5255
-5243
-4159
-2688
-1117
520
1931
2524
2216
1347
1023
2590
5331
7048
6968
5234
2169
-1499
-4568
-5722
-5181
-3578
-881
1951
3832
4501
4025
2506
186
-1932
-3063
-3356
-3037
-2153
-801
642
1395
1336
763
-412
-1648
-2217
-1889
-1374
-1730
-2861
-3876
-4457
-4455
-3651
-1880
594
2902
4758
5727
5273
3435
799
-1829
-4007
-5313
-5463
-4516
-2672
-367
1788
3208
3779
3667
2772
2126
3525
6073
7166
6493
4534
1610
-1814
-4640
-5393
-4581
-2937
-404
2126
3597
3770
2877
985
-1563
-3626
-4546
-4581
-3773
-2261
-464
1164
2186
2221
1444
212
-995
-1595
-1419
-861
-1011
-2055
-3213
-3890
-4149
-3751
-2241
207
2780
4950
6342
6233
4412
1550
-1476
-4302
-6360
-6975
-6347
-4782
-2354
332
2473
3512
3697
3280
2821
3962
6422
8017
7601
5472
2439
-1014
-4066
-5195
-4444
-2755
-42
2975
4869
5158
4200
2428
-149
-2715
-4102
-4343
-3643
-2191
-92
2045
3191
3447
2946
1633
2
-1208
-1653
-1658
-2040
-3146
-4523
-5489
-5650
-4970
-3369
-1006
1607
3963
5348
5356
4110
1685
-1419
-4356
-6368
-7159
-6623
-4914
-2647
-232
1743
2940
3263
2429
1775
3512
6621
8138
7676
5642
2097
-2104
-5549
-6738
-5868
-3726
-280
3387
5615
6069
5237
3112
-117
-2959
-4557
-5108
-4390
-2432
52
2208
3591
4230
3818
2171
257
-1005
-1498
-1751
-2473
-3611
-4939
-5944
-6009
-5022
-3064
-473
2144
4094
4873
4524
3228
887
-1969
-4683
-6556
-7213
-6804
-5213
-2914
-443
1940
3575
3932
3252
3436
5654
7898
8550
7271
4057
83
-3868
-6343
-6104
-4172
-1140
2445
5500
7263
7221
5642
2829
-407
-3113
-5049
-5564
-4505
-2569
-121
2239
4053
4953
4340
2793
1079
-439
-1334
-1932
-2751
-3929
-4905
-5197
-4991
-4094
-2406
-233
2042
3784
4771
4749
3387
1086
-1798
-4655
-6550
-7135
-6524
-4862
-2405
377
2856
4404
4494
3543
3194
4490
6255
6778
5793
3395
-161
-3862
-6170
-6166
-4481
-1772
1453
4080
5372
5296
4096
1825
-1069
-3425
-4794
-5099
-4158
-2217
148
2215
3821
4696
4306
2970
1337
-108
-1242
-2304
-3232
-4314
-5394
-5610
-5133
-4016
-2231
-153
1969
3327
3971
4239
3343
1088
-1806
-4355
-6016
-6715
-5979
-4089
-1725
794
2950
4431
4470
3541
3869
5552
6940
6995
5424
2660
-742
-3972
-6048
-6285
-4500
-1610
1449
4048
5353
5187
3603
885
-1939
-4381
-5935
-6017
-4668
-2381
158
2581
4262
4889
4515
3135
1237
-478
-1867
-2966
-3849
-4609
-4889
-4696
-4067
-2566
-524
1408
2930
3695
3916
3485
2189
241
-2377
-4711
-5862
-5844
-4688
-2868
-667
1526
3190
4217
4030
3846
5395
7499
8372
7239
4439
977
-3005
-6316
-7035
-5603
-2810
888
4270
6390
6667
5362
3161
176
-3001
-5417
-6577
-6379
-5020
-2565
245
2518
4246
5149
4959
3707
1559
-813
-3245
-5212
-6057
-6206
-5458
-4019
-2304
-277
1459
2754
3318
2966
2460
1993
1140
-552
-2793
-4498
-5535
-5862
-4957
-3037
-778
1352
3281
4330
4397
5489
7806
9054
8255
5819
2396
-1652
-5495
-7277
-6597
-4221
-381
3743
6399
7010
5927
3697
491
-2963
-5456
-6674
-6691
-5530
-3413
-1083
968
2799
3925
4045
3559
2510
794
-1523
-3747
-5011
-5632
-5692
-4665
-2856
-942
1113
3143
4164
3881
2937
2087
992
-846
-2733
-4203
-5373
-5981
-5467
-3836
-1885
46
2110
3685
4275
5201
7461
8945
8054
5804
2410
-1937
-5807
-7933
-7617
-5159
-1287
3213
6592
7866
7514
5633
2476
-1080
-3956
-5760
-6496
-5658
-3776
-1741
367
2394
3996
4658
4185
3116
1498
-845
-3340
-5583
-7055
-7189
-6310
-4686
-2456
11
2323
4005
4687
4203
2907
1239
-672
-2534
-4194
-5242
-5225
-4388
-2877
-695
1344
2678
3756
4475
5150
6921
8973
9565
8176
4866
464
-4155
-7995
-9391
-7807
-4146
573
5211
8301
8906
7287
4255
520
-3147
-5847
-6902
-6450
-5031
-2957
-749
1205
3027
4362
4769
4458
3514
1608
-1232
-4108
-5963
-6658
-6478
-5153
-2865
-388
1802
3612
4800
4640
3099
1223
-772
-3207
-5368
-6327
-6301
-5923
-4710
-2608
-638
890
2189
3395
5526
8985
11631
11618
9206
5051
-107
-5330
-9280
-10425
-8674
-4763
409
5185
8126
8756
7382
4478
573
-3035
-5438
-6508
-6261
-5181
-3442
-1337
617
2504
3773
4003
3803
3203
1794
-531
-3442
-5754
-6898
-7007
-5771
-3738
-1566
850
3154
4743
5020
3877
1833
-786
-3461
-5700
-6970
-7157
-6509
-4842
-2540
-367
1423
2577
3672
6190
9702
11939
11957
10003
6046
892
-4323
-8191
-9461
-8282
-4661
481
4917
7804
8911
7898
5025
1195
-2182
-4555
-5728
-5519
-4716
-3510
-1811
118
1934
2905
3287
3374
2525
776
-1387
-3645
-5355
-6122
-5567
-3892
-2053
-153
1746
3179
4046
4318
3716
2047
-427
-2959
-4826
-5891
-6280
-5708
-4117
-2125
-130
1535
2358
3323
6153
9621
11328
10907
8443
4306
-760
-5989
-9238
-9789
-8310
-4591
184
4386
7125
7784
6685
4252
959
-2202
-4375
-4991
-4681
-3938
-2450
-572
1456
3256
4191
4347
3809
2512
803
-1339
-3684
-5266
-5830
-5362
-3910
-2228
-569
1150
2552
3264
3112
2264
748
-1389
-3728
-5657
-6704
-6815
-5982
-3910
-1084
1403
3053
3762
4731
7069
9200
9967
9240
6755
3352
-897
-5297
-7904
-8444
-7058
-4063
-543
2806
5124
5915
5110
2914
120
-2657
-4412
-4819
-4684
-4134
-3075
-1416
747
2366
3243
3643
3317
2299
511
-1814
-3818
-4966
-5229
-4328
-2595
-934
613
2187
3278
3617
3277
2491
1171
-978
-3263
-4965
-6175
-6676
-5844
-3815
-1602
334
2023
3152
5003
8442
11236
11716
9913
6528
2455
-2470
-6786
-8413
-7899
-5769
-2327
1315
4247
5852
6301
5304
2679
-255
-2458
-3558
-3823
-3681
-2750
-1421
-151
1503
2671
2951
2997
2597
1579
-192
-2396
-4036
-5076
-5444
-4525
-2761
-943
832
2531
3730
4032
3615
2535
617
-1807
-4220
-6066
-7102
-7214
-5988
-3805
-1267
1180
2675
3709
6115
9290
10784
10155
7957
4465
390
-3614
-6234
-6603
-5511
-3045
15
2117
3597
4347
3925
2615
729
-990
-2375
-3067
-3104
-3285
-3139
-2585
-1573
59
1102
1632
1820
1137
51
-1490
-3154
-4054
-4262
-3725
-2590
-1425
-139
1240
2362
3225
3924
3901
2735
891
-1278
-3554
-5479
-6433
-6099
-4809
-2997
-778
1344
2487
4148
8011
11514
12333
10967
7500
2669
-2600
-7014
-8539
-7808
-5545
-1831
1286
3093
4032
4063
3026
1047
-632
-1844
-2640
-2535
-2277
-2125
-2047
-1693
-387
606
895
1322
1453
949
-296
-2061
-3576
-4538
-4742
-4103
-2702
-1002
609
2132
3044
3252
2960
2056
776
-947
-2999
-4756
-5825
-5995
-5562
-4639
-3135
-1266
513
2327
5768
10337
12959
12811
10495
6207
1152
-3563
-6832
-7548
-6133
-2909
875
3254
4526
5140
4449
2707
704
-979
-1962
-2036
-1488
-1393
-1536
-1221
-647
179
767
1197
1697
1417
701
-372
-2252
-3691
-4039
-3542
-2451
-1155
471
1837
2413
2814
3077
2553
1329
83
-1220
-3101
-4832
-5526
-5547
-5137
-4005
-2196
-430
690
2938
7441
11060
11873
10976
8013
3048
-2308
-6740
-8917
-9019
-6869
-2740
650
2579
4011
4367
2962
635
-1014
-2107
-2787
-2135
-1187
-932
-1055
-1028
-468
-123
-143
409
1247
1308
348
-1051
-2784
-4263
-4734
-4338
-3011
-1268
461
2107
2995
3223
3024
2224
1175
-227
-2126
-4063
-5533
-5995
-5505
-4327
-2651
-723
1015
1860
3462
7265
10639
11619
10648
7927
3792
-1299
-5685
-7562
-7283
-5125
-1455
1808
3762
4740
4714
3471
1510
-167
-1407
-2078
-1932
-1701
-1380
-1141
-1132
-602
-9
209
352
750
852
29
-1356
-2672
-3676
-4281
-4110
-2795
-1152
242
1562
2357
2555
2263
1836
1193
-191
-1869
-3372
-4726
-5495
-5169
-3777
-2073
-359
1300
1980
3076
6594
10471
11900
10947
8501
4739
-285
-5007
-7427
-7663
-6155
-2928
578
2976
4303
5012
4573
2793
643
-1003
-1928
-2542
-2600
-2064
-1677
-1341
-583
178
564
888
1242
1246
426
-698
-1625
-2575
-3352
-3365
-2591
-1800
-854
212
938
1470
1928
2118
1469
75
-1688
-3747
-5689
-6733
-6421
-5305
-3608
-1399
502
1340
2362
5694
9445
10819
10359
8251
4167
-1163
-5876
-7990
-8190
-6688
-3089
597
3230
4501
4652
4140
2154
-57
-1504
-2509
-2704
-2509
-2011
-1523
-1269
-474
326
830
1207
1169
1385
1069
-169
-1159
-2261
-2945
-2894
-2492
-1182
456
2173
3741
4541
4879
4414
3210
1255
-1491
-3912
-5777
-6707
-6252
-5019
-3223
-1176
898
2281
2450
4167
7756
10020
10148
8288
5294
1494
-3582
-7438
-8837
-8375
-5742
-2422
598
3120
4428
4875
4104
2063
-45
-1875
-3114
-3760
-3932
-3527
-2842
-1535
33
1268
2109
2057
1550
881
-423
-1774
-2894
-3460
-3381
-3251
-2550
-1301
-6
1578
3085
3974
4207
3658
2144
-311
-2939
-5235
-6713
-6545
-5353
-3657
-1246
1318
3034
3709
5530
9819
13019
12705
10702
7292
2080
-3660
-8029
-9726
-9040
-6334
-1896
2206
4828
6651
7235
5846
3194
556
-1685
-3617
-4608
-4665
-4462
-3709
-2271
-542
685
1326
1991
2152
1396
44
-1636
-3168
-4343
-4924
-4766
-4066
-2568
-599
1280
2936
4145
4775
4192
2319
-174
-3228
-6119
-7879
-8098
-7093
-5364
-2520
671
2607
3355
5363
9604
12298
11569
9464
5904
878
-4553
-8744
-9854
-8877
-5900
-960
3071
5599
7194
7561
6395
3511
588
-1687
-3495
-4430
-4968
-4690
-3504
-2006
-117
1231
1907
2284
2311
2179
1024
-1056
-2931
-4427
-5395
-5719
-5161
-3497
-1340
940
3154
4621
5148
4903
3499
510
-2874
-5360
-6895
-7259
-6410
-4505
-1988
738
3175
3656
3950
7427
11137
11441
9670
7382
3733
-1932
-7049
-9363
-9772
-8179
-3816
1350
4721
6562
8152
7954
5162
1934
-685
-2764
-4408
-5290
-4697
-3552
-2134
71
2039
3153
3315
2961
2592
1348
-929
-3107
-4478
-5118
-5457
-5387
-4242
-2096
313
2481
4218
5239
5080
3670
1209
-1734
-4546
-6780
-7632
-6696
-5096
-3286
-492
2620
4016
3871
5771
10015
12104
11021
8878
5417
347
-5450
-9586
-10873
-10159
-6546
-1199
3108
6282
8311
8700
6740
3173
-4
-2876
-5059
-5837
-5822
-5044
-3273
-647
1708
2791
3515
3714
3060
2313
853
-1445
-3891
-5594
-6142
-6548
-6304
-4164
-1047
1812
3998
5511
5876
4474
1909
-1309
-4801
-7691
-9130
-8635
-6962
-4935
-2142
1056
3413
4087
4566
7926
12110
12968
11263
7995
3358
-2235
-8277
-11798
-11868
-9303
-3797
2281
6703
9484
10351
9196
5708
1099
-2829
-5703
-6992
-7027
-6159
-4181
-1523
1386
3387
4067
4005
3323
2685
1511
-775
-3194
-5418
-6899
-7329
-7072
-5602
-2800
601
3833
5908
6535
5906
4059
1205
-2109
-5064
-7054
-7661
-6717
-4984
-2850
69
3293
5146
5067
6386
10729
13523
12837
10733
6885
1332
-4746
-9473
-11383
-10851
-6891
-334
5075
8304
9933
9677
6854
2262
-1861
-5339
-7850
-8321
-7584
-6043
-3791
-949
1904
3474
4109
3923
2959
1794
-46
-2362
-4696
-6354
-6603
-6394
-5641
-3651
-828
2425
4989
6247
6091
4649
2637
-115
-3400
-6320
-7805
-7346
-5961
-4295
-2037
747
3137
3831
3720
6092
10422
12474
11529
8986
4633
-1208
-7254
-11397
-12175
-10050
-5043
1603
6593
9191
10139
8990
5515
819
-3201
-6086
-7615
-7392
-6041
-3629
-696
2101
4499
5375
5040
4180
2839
1015
-1797
-4455
-6214
-7470
-7979
-7795
-6304
-3768
-817
2452
4488
4877
4513
3353
1208
-1915
-4943
-6643
-7190
-6576
-4854
-2851
-629
2093
4394
4720
4925
8729
13163
13370
11046
8149
3679
-2664
-8953
-11892
-11489
-8663
-2467
4197
7833
9366
9712
7893
3386
-1825
-5307
-7469
-8287
-7216
-5123
-2572
225
3217
5080
4972
4338
3687
2394
227
-2036
-3674
-5293
-6323
-6170
-5532
-4000
-1198
2248
5119
6277
6301
5749
3972
881
-2673
-5837
-7943
-8325
-7220
-5529
-3356
-526
2602
4634
4110
3949
7222
10540
10854
8889
5557
1435
-3976
-9519
-12024
-11232
-7526
-1109
4974
8593
10057
9822
7724
3373
-1874
-5836
-7762
-7745
-6545
-4532
-1718
1290
4091
5751
5823
4836
3058
1021
-1170
-3372
-4956
-5854
-5897
-5329
-4550
-2902
-427
2185
4398
5364
5610
5420
3674
471
-3209
-6325
-8032
-8431
-7307
-5049
-2799
17
3327
4992
4004
3830
7507
10852
10414
8415
5150
201
-5549
-10565
-12099
-10748
-6649
443
5869
8266
9384
8630
5529
377
-4430
-7369
-8948
-8335
-6177
-3549
-287
3031
5835
6940
6129
4633
2511
-88
-2521
-4341
-5597
-6240
-5723
-4734
-3663
-1628
1188
3837
5445
6179
6475
5394
2951
-189
-3898
-7114
-8756
-8614
-7223
-5155
-2144
1642
5051
6444
5067
3603
5685
8988
9129
6764
3815
601
-3678
-8359
-10179
-8676
-4790
1200
6210
8394
8845
8136
5835
1295
-3692
-6675
-7763
-7450
-6127
-3692
-120
3414
6169
7348
6439
4233
1621
-697
-2782
-4765
-5940
-6066
-5464
-4808
-3963
-2098
162
2046
3444
4429
4950
4152
2022
-804
-4193
-7006
-8323
-8475
-7384
-4970
-1705
1919
5016
6682
6069
4239
5626
9648
10372
7928
5563
2874
-1016
-5625
-8127
-7218
-4510
294
5371
7374
7457
7136
5389
1206
-3728
-6658
-7851
-7738
-5928
-3184
75
3219
5455
6356
4885
1827
-794
-2877
-4679
-5816
-6189
-5727
-4876
-4185
-3404
-2215
-474
1401
2908
4190
4983
4530
2744
83
-3215
-6431
-8216
-8227
-7117
-4905
-1539
2111
4807
5937
5417
3237
2218
4867
6932
5599
4176
3165
906
-2813
-6312
-6840
-5205
-2219
2057
4375
4720
5296
5116
2767
-1429
-4824
-6012
-6013
-4720
-2109
909
3754
6046
7270
6292
3412
572
-1517
-3078
-4294
-4834
-4200
-3416
-3118
-2635
-1657
-185
1318
2470
3660
4601
4543
3523
1539
-1448
-4580
-6660
-7373
-7263
-5921
-2740
604
2784
4314
4941
3634
1379
2307
6068
7034
5701
5111
3948
1050
-3188
-5952
-6062
-5101
-2063
1398
2724
3753
4937
4595
1439
-2819
-4887
-5189
-4689
-3075
-605
2137
4248
5907
6222
3955
960
-1226
-2368
-2999
-3872
-3975
-3312
-2943
-2743
-2588
-2102
-909
344
1374
2572
3777
4078
2946
667
-2250
-5149
-7220
-8227
-8240
-6396
-2824
543
2866
4450
5013
3422
1073
2221
5317
5807
5497
6137
5422
2334
-1546
-3495
-3927
-3703
-1120
1840
3141
4229
5106
4374
1000
-2528
-3430
-3547
-3503
-2325
-316
1804
2999
3677
3370
998
-1569
-2869
-3377
-3930
-4627
-4423
-3631
-3260
-2978
-2648
-2381
-1831
-687
994
2773
3873
3761
2535
327
-2561
-5465
-7575
-8300
-7547
-5058
-1339
1746
3664
5118
5600
3622
961
1928
5064
6394
6794
7191
6329
3452
-621
-3243
-4179
-4038
-1787
904
2628
3897
4527
3931
1477
-1352
-2820
-3433
-3341
-2288
-375
1627
2791
3307
2951
1320
-949
-2500
-3111
-3744
-4180
-3971
-3353
-2922
-2822
-2515
-2001
-1024
665
2374
3747
4253
3622
2177
-277
-2856
-5068
-7032
-7519
-6230
-3625
-433
1908
3560
4854
4786
2868
212
213
3303
5829
7328
8305
7787
5653
1388
-2783
-4793
-5664
-4330
-1626
299
2257
3752
4195
3076
442
-1087
-1691
-2072
-1242
-99
1044
1778
1927
1981
806
-877
-1917
-2560
-2844
-3282
-3356
-3052
-3104
-3112
-3082
-2673
-1639
-257
1365
2514
3174
2977
1348
-686
-2725
-4776
-6473
-7381
-6952
-5551
-3442
-1024
1000
2835
3845
3385
1225
-496
2547
6899
8071
8609
8233
5833
1588
-3867
-6767
-7609
-7189
-3581
-114
1840
4166
5879
5614
2994
687
192
-809
-1357
-485
500
1244
1291
1392
1204
-81
-997
-1553
-2016
-2251
-2743
-2869
-2902
-3147
-2930
-2619
-1796
341
2308
3265
4009
4147
2656
65
-2302
-4173
-5753
-6704
-6555
-5254
-3320
-1104
1024
2426
3436
3891
2684
514
867
5062
8627
9194
9069
7777
4295
-379
-4950
-7395
-7550
-5651
-1862
848
2492
4891
6092
4769
2228
349
-693
-1584
-1481
-807
-430
260
1057
1537
1279
212
-1064
-2239
-2902
-3257
-3902
-4336
-3892
-2865
-2013
-1219
-59
938
1369
1741
2284
1878
252
-1147
-2131
-3326
-4584
-5541
-5571
-4642
-2869
-643
909
2284
3694
4153
3007
1172
2523
6417
8022
7770
6782
4680
1674
-2993
-6391
-7036
-6792
-4127
-755
995
3029
4815
5249
3846
1567
478
-793
-1786
-1531
-1378
-448
563
1070
1417
280
-876
-1546
-2644
-3184
-3897
-4443
-3636
-2445
-1183
-338
72
721
1085
1208
1384
1567
1258
161
-683
-1703
-3495
-5141
-6369
-6781
-5848
-3894
-1467
932
3290
5310
6122
4634
2078
3059
6556
7546
7056
6575
5124
2547
-1589
-4782
-5744
-6009
-3602
-79
1405
3088
5157
6012
4938
2523
903
-586
-1947
-1857
-1500
-1301
-1104
-833
-219
-497
-1560
-2408
-2978
-3150
-3199
-2899
-2125
-1185
-179
214
116
155
124
300
924
1474
1465
760
-325
-1643
-3209
-5060
-6762
-7312
-6394
-4417
-1977
601
3214
5202
5983
4893
2406
2701
6017
7113
6390
6103
4916
2443
-1492
-4995
-6208
-6462
-4211
-187
1785
3612
6157
6901
5648
3150
682
-1006
-2110
-2201
-1823
-1454
-705
292
809
76
-1221
-2253
-2879
-2962
-2861
-2544
-1792
-965
-238
-58
-500
-816
-912
-535
464
1088
1058
897
419
-885
-2972
-5279
-7180
-7914
-6958
-4800
-2114
579
3166
5418
6265
5125
2200
461
2606
5117
5497
5374
4766
3606
800
-3479
-5706
-6048
-4679
-1159
1568
3801
6256
7472
7111
4585
1704
-243
-2029
-2709
-2751
-2443
-1603
-962
-340
-655
-1588
-2223
-2762
-2176
-1737
-1803
-1019
-526
-30
16
-691
-565
-645
-531
758
1705
1921
1233
113
-1254
-3423
-5236
-6496
-7056
-6235
-4326
-1462
1187
3372
5536
6547
6119
3863
1247
2054
4601
5184
4827
4458
3440
1102
-2698
-5259
-5450
-4304
-1382
1358
2722
4446
5674
5368
3328
459
-1163
-2253
-2984
-2877
-2794
-2471
-2143
-1993
-2016
-2617
-2954
-2738
-2033
-1250
-1029
-546
-221
-323
-274
-848
-1100
-532
20
1219
2405
2800
2672
1715
241
-1409
-2971
-4192
-4933
-4397
-2906
-1049
1287
3507
5310
6441
6441
5253
2187
71
2332
4584
4230
4325
4336
3412
974
-2618
-3616
-3419
-2811
-228
1002
1749
3549
3949
3427
1693
-275
-974
-2442
-3649
-4055
-4536
-4287
-4037
-3494
-2944
-3096
-2618
-2019
-1650
-1323
-1401
-1144
-983
-968
-1044
-1749
-1686
-1045
-486
367
581
584
784
61
-1164
-2215
-3183
-4002
-4360
-3629
-2275
-660
1467
3499
5303
6298
5832
4027
837
-144
2984
4935
5133
6369
6901
6330
3434
-640
-1834
-2440
-2159
67
677
2042
4594
5344
5138
2998
437
-1193
-3502
-4891
-5688
-6002
-4839
-3810
-2791
-1667
-1167
-1190
-1475
-1332
-1421
-1748
-1699
-1684
-1519
-1854
-2193
-1979
-2414
-2288
-1383
-712
120
292
210
12
-1107
-1978
-2788
-3662
-3463
-2212
-143
2144
4136
5670
5793
4669
2375
-951
-1149
2461
4888
6121
7731
8473
7463
3198
-1211
-2981
-4526
-4208
-1846
145
2945
5330
6577
6361
3250
614
-1119
-3276
-4245
-4678
-4170
-2786
-1705
-615
-504
-825
-599
-430
-240
-488
-700
-687
-1201
-1659
-2470
-3303
-3618
-3825
-2935
-1740
-819
527
1085
757
-271
-1959
-3301
-4799
-5832
-5003
-3279
-1258
1421
3810
4788
4597
3727
1933
-913
-2372
689
4960
6634
7775
8506
7415
3966
-942
-3776
-4985
-5299
-2788
-166
1791
4535
6406
6388
4016
1315
-495
-2809
-4469
-5259
-5230
-3960
-2677
-1075
247
489
872
963
350
-334
-1199
-1974
-2377
-2437
-2559
-2786
-2729
-2213
-1059
-123
612
1332
1103
462
-261
-1591
-3034
-4327
-4833
-4112
-2862
-1101
1102
3160
4470
4907
4554
3223
738
-1915
-925
2962
5084
6607
7797
7208
5460
1086
-3125
-5042
-6478
-5010
-2247
-344
2670
4674
5483
5115
2532
376
-1667
-3360
-3893
-4169
-2993
-1486
81
1757
1721
1566
950
-345
-877
-2037
-2354
-1772
-1790
-1032
-865
-909
-185
-298
37
616
674
871
252
-614
-1571
-2696
-3392
-4093
-3862
-2780
-1349
584
2153
3314
3505
2955
2525
581
-2509
-2952
855
5052
6751
7992
8783
7411
3450
-1562
-4765
-6720
-7148
-4773
-2281
168
3519
5892
6458
4831
2348
253
-2247
-3900
-4422
-4550
-3574
-2034
-856
-426
-399
-464
-1222
-2185
-2595
-2488
-2185
-1947
-1087
-270
-294
-349
-472
-554
-461
-146
324
143
-102
-81
-537
-1077
-1509
-1792
-1584
-925
27
976
1766
2131
2277
2446
1764
95
-1940
-1424
2979
6231
6908
7723
7573
5398
945
-4100
-6791
-8042
-7226
-4051
-1088
2290
5512
7260
7400
5060
2108
-541
-2845
-3823
-4528
-4609
-3630
-2417
-1214
-573
-159
-432
-1242
-1258
-1099
-859
-681
-578
234
342
-358
-1002
-2037
-2486
-1938
-887
110
658
1177
1112
478
-540
-1925
-2450
-2161
-1295
4
816
1814
2698
2674
2415
1871
562
-1321
-613
3424
6191
7407
8075
7331
5600
882
-4280
-6433
-7742
-6175
-2658
-149
3533
6124
7074
7110
4036
933
-1493
-3902
-4566
-5288
-5351
-3785
-2371
-883
-245
-720
-1183
-1748
-1575
-925
-478
163
733
1228
916
-266
-1343
-2366
-2618
-1866
-1101
-451
80
445
517
-71
-1272
-2504
-2931
-2476
-1642
-913
-1
1640
2616
2295
2097
1691
531
-1264
-1426
2534
5938
6505
7262
6992
4964
1120
-3758
-5979
-6469
-5507
-2475
-109
3019
6408
7774
7908
5699
2835
575
-2480
-4389
-5930
-7099
-5888
-4270
-2710
-1519
-848
79
128
64
312
-52
-73
78
-76
-554
-1764
-2516
-2967
-3123
-2202
-1259
-548
254
1144
1639
888
-605
-1820
-2446
-2555
-2387
-2149
-1642
8
1846
2065
1868
2184
2111
453
-957
1622
5056
5836
5983
5620
4588
1747
-2699
-4800
-5443
-5006
-2130
893
3888
7055
9054
9738
7965
4667
1263
-2504
-5244
-7137
-8078
-6969
-4906
-2452
-175
993
1552
1567
1180
856
142
-635
-933
-998
-1512
-2536
-3200
-3286
-3039
-2263
-887
625
1674
2381
3048
2435
401
-1687
-2991
-3303
-3173
-2688
-1385
779
3131
4356
4218
3885
3187
1301
-1618
-2897
-249
2796
4170
5352
5185
3811
1183
-2623
-4489
-5339
-4996
-1803
745
3058
6115
7575
7490
4807
892
-2220
-5910
-8321
-8914
-8681
-6274
-3024
9
2423
3325
3523
2719
1277
43
-1114
-1504
-1662
-1745
-1605
-2159
-2331
-2388
-2695
-1931
-1159
-322
820
1374
1570
704
-807
-1918
-2728
-2665
-1995
-821
1237
3261
4781
5221
4663
3978
2283
-484
-3346
-3956
-79
3863
5376
6928
7381
6444
3333
-1537
-4028
-5614
-6137
-3549
-1363
1229
4607
6018
6094
3398
-502
-3320
-6866
-8790
-8697
-7714
-4792
-1888
879
3110
3287
2887
1666
132
-539
-1226
-1180
-842
-884
-863
-1631
-2144
-1940
-1933
-1407
-510
644
1977
2601
2874
2235
525
-1147
-2026
-1864
-1273
-158
1703
3488
4675
4552
3403
2289
303
-2001
-3785
-4226
-814
3876
6396
8085
8584
7440
4323
-838
-4180
-5898
-6574
-3987
-1058
1579
4664
6244
6491
4103
274
-2449
-5680
-7787
-7940
-7349
-4963
-2230
282
2197
2478
2564
1724
147
-527
-1110
-1187
-1139
-1293
-1040
-1811
-2395
-2058
-2431
-2214
-1322
-307
1150
1816
2069
1530
-189
-1414
-2363
-2721
-2357
-1907
-320
1473
2315
2649
2032
1385
938
-306
-1797
-3197
-2014
2566
6026
7154
7734
7519
5938
1977
-2408
-4603
-5464
-4157
-1143
1390
3968
6049
6732
5607
1982
-1688
-4422
-6540
-7221
-7259
-6038
-3508
-1097
572
1039
1096
818
47
-355
-1012
-1272
-857
-608
-117
-888
-2338
-2706
-3030
-2988
-2267
-977
1161
2685
3287
3195
1956
241
-1680
-3085
-3255
-2855
-1716
361
2577
4045
4243
3391
2125
876
-570
-2357
-3951
-2844
1857
5696
6987
7927
7831
6011
2357
-2162
-4445
-5122
-4121
-846
1443
3525
5577
5697
4554
1449
-1853
-4044
-6130
-6199
-5342
-4529
-2302
-251
1310
2177
1593
1050
341
-398
-308
-464
-773
-909
-1250
-1904
-2955
-3747
-3992
-3553
-2037
-217
1205
2175
2689
2830
1890
11
-1420
-2090
-1935
-1068
-61
1212
2598
3546
3651
2480
720
-636
-1747
-3064
-4308
-3820
-8
4776
7180
8084
8114
6778
3860
-912
-4333
-5164
-4647
-2537
-467
1428
3508
4037
3503
1615
-1329
-3325
-4727
-4907
-4397
-3939
-2381
-855
296
1146
1026
627
120
166
669
156
-523
-877
-1306
-1866
-2935
-3504
-3402
-2933
-1506
239
1656
2679
3111
3179
2434
566
-1678
-3249
-3400
-3072
-2475
-994
842
2444
3261
3251
2359
587
-861
-1976
-3276
-4176
-2598
2260
6202
7776
8983
8831
6926
2826
-2204
-4591
-5633
-5278
-2826
-918
1476
3803
4072
3538
1261
-1764
-3292
-4530
-5199
-5375
-5008
-2957
-846
641
1706
1737
1499
1283
1248
1239
210
-667
-604
-729
-1362
-2228
-2419
-1704
-745
422
1601
2330
2787
3100
2723
1234
-802
-2040
-1874
-953
-356
28
748
1840
2686
2284
838
-965
-2286
-2441
-2579
-3412
-3829
-1570
3827
7764
8482
8088
6563
4145
-89
-5010
-6914
-7120
-5661
-2308
152
2739
4628
4756
4239
1672
-1015
-2564
-4118
-4302
-4356
-3925
-1827
-269
1198
2353
2632
2854
2221
1909
1463
-335
-1692
-2676
-3065
-3007
-3389
-2771
-1893
-1110
322
1204
1892
2126
1887
1980
1177
-19
-937
-1619
-1167
-999
-1223
-548
397
1210
1492
1265
601
-340
-580
-702
-1466
-2469
-1887
2136
5553
5986
5923
4852
3117
64
-4368
-6203
-6678
-5866
-2387
-389
1178
2890
2990
3149
1297
-1311
-2185
-3166
-2761
-2018
-2036
-558
644
1795
2856
2337
2137
1511
572
262
-943
-2087
-2430
-2053
-1319
-1781
-1868
-1113
-833
-148
214
379
973
1100
1595
1636
354
-465
-934
-1376
-1602
-1790
-1309
-273
1000
2050
2644
3223
3102
2387
1421
-103
-1637
-3134
-1948
2650
5261
6018
7212
6775
4811
632
-4120
-5733
-6668
-6100
-3295
-1667
888
3536
4417
4590
2303
-137
-1518
-3515
-4350
-4935
-4836
-2762
-953
889
2019
2058
2085
1106
346
-414
-1875
-2345
-2411
-1927
-1566
-2387
-2116
-1311
-983
-478
-38
1017
2137
2877
3733
3403
2133
972
-169
-912
-1710
-2014
-1039
257
1720
2727
3091
3171
2180
818
-687
-2393
-3536
-4122
-1864
2665
5002
5920
6399
5691
3778
-783
-4693
-5576
-5698
-3971
-1580
381
3084
4358
4647
3710
697
-1453
-3165
-4260
-4249
-4659
-3299
-838
776
2025
1928
1486
721
-776
-1510
-2775
-3889
-3849
-3708
-2992
-2834
-2680
-1481
-1098
-726
-76
113
956
1745
2186
2210
1076
99
-517
-1224
-1581
-1896
-1384
177
1521
2256
2383
2525
2748
1736
59
-1090
-2024
-2636
-2959
-1397
2971
6567
7998
8467
7509
5276
1451
-2377
-3386
-3740
-3565
-1557
227
1971
3209
3422
3547
2020
-187
-1663
-3236
-4169
-4672
-4378
-2486
-675
304
1038
1551
1358
470
44
-365
-1258
-1642
-1538
-1145
-1195
-1732
-1557
-1395
-1523
-927
64
964
1575
2037
2312
1677
452
-955
-2349
-3131
-3350
-2843
-1503
130
1598
2391
2853
3141
2196
213
-1491
-2714
-3574
-4159
-3736
-86
4825
7504
9038
9243
7556
4728
-33
-3551
-4769
-5834
-4245
-1662
77
2689
4172
4792
4399
1681
-304
-1834
-3494
-3970
-4357
-3386
-1590
-527
1137
2191
2221
1994
1255
797
17
-997
-1242
-1427
-1795
-2742
-3317
-3012
-3139
-2795
-1733
-541
770
1426
1904
1931
264
-1705
-2908
-3762
-4370
-4439
-3425
-1724
-553
-185
216
527
126
-504
-988
-1206
-1075
-773
-336
838
4152
7497
8063
7747
6783
4558
1681
-2066
-3732
-3445
-3493
-1495
927
2109
3814
4554
4354
3118
585
-879
-2025
-3284
-3811
-3805
-2480
-860
240
1421
2074
2289
2060
1490
986
-6
-1019
-1563
-1770
-2149
-2658
-2060
-1292
-1118
-351
465
1033
1353
1275
1481
942
-444
-1221
-1713
-2319
-2930
-3078
-2059
-982
-566
139
962
1349
1326
848
325
-331
-1162
-1342
-1435
-672
2653
5652
6524
6649
6016
4761
1784
-2111
-3484
-3784
-3544
-1546
157
1807
3346
3844
3976
2358
17
-1246
-2665
-3666
-4199
-4091
-2528
-1173
153
1726
2440
2551
1742
616
-137
-1531
-2816
-3210
-3286
-3351
-3297
-2671
-1862
-1151
-198
777
1359
1367
1263
1343
884
-179
-1331
-2293
-3058
-3742
-3531
-2103
-657
451
1678
2681
2840
2070
790
-451
-1472
-2288
-2320
-1874
-829
2722
6535
7773
8047
7311
5532
2800
-1368
-3516
-3866
-4244
-2273
-51
1211
3181
3958
3957
3075
605
-863
-2110
-3561
-3888
-3635
-2233
-595
575
2013
2289
1554
518
-965
-1997
-3093
-3937
-3376
-2682
-2511
-2190
-1736
-1477
-1462
-1159
-297
384
589
1148
1983
1949
877
-460
-1348
-2061
-3026
-3256
-2357
-1242
-179
1007
2252
2846
2500
1844
1065
138
-600
-799
-836
-252
2340
4973
5555
5426
4606
3287
1248
-1981
-3183
-3144
-3330
-1462
114
957
2623
3096
3435
3065
1035
195
-648
-1929
-2182
-2178
-1174
236
1234
2510
2830
2401
1847
869
167
-963
-2168
-2527
-2726
-2604
-2449
-2173
-1338
-892
-321
444
458
327
55
-324
-756
-1850
-2683
-2741
-2970
-3180
-2751
-1548
-68
868
1674
2462
2593
2266
1482
124
-1182
-1886
-1806
-1760
-1447
1109
4188
5419
5811
5371
4229
2526
-385
-2155
-2995
-3962
-2777
-1171
93
2199
3392
4205
3942
1704
-10
-1816
-3574
-4145
-4501
-3538
-1812
-576
1007
2036
2106
1650
623
-65
-893
-2207
-2588
-2298
-2372
-2454
-2414
-2295
-1844
-1463
-1023
-459
-295
106
781
772
269
-224
-501
-690
-1022
-1086
-550
79
486
971
1476
1672
1575
1573
1365
671
311
309
173
-27
505
2628
4325
4470
4656
4375
3330
1447
-950
-1845
-2336
-2505
-979
263
1209
2129
2380
2708
1447
-909
-1945
-2746
-3374
-3596
-3204
-1478
-55
979
2183
2419
1843
1026
418
-391
-1935
-2740
-2607
-2401
-2113
-1788
-1123
-449
-360
-25
463
321
252
675
826
457
-314
-951
-961
-1352
-1978
-1595
-796
-48
728
1304
1908
1971
1518
1159
342
-610
-1121
-1325
-1182
-280
1946
4055
5016
5700
5472
4401
2213
-1024
-2531
-3187
-3748
-2704
-1548
174
2180
2674
3197
2512
329
-1096
-2645
-3735
-3879
-3595
-1936
-242
607
1541
1838
1056
-190
-1242
-1974
-2696
-2988
-2571
-1758
-1210
-1056
-742
-734
-1092
-1169
-1140
-914
-358
346
970
961
465
44
-490
-1309
-2088
-2235
-1538
-514
437
1335
2098
2460
2321
1651
467
-947
-1791
-1684
-1167
-365
1164
3443
5429
5559
4363
3084
1277
-753
-2249
-2693
-1801
-511
1213
3530
4788
4908
4552
3395
1497
-815
-2482
-2842
-2702
-2115
-781
455
1247
1587
1341
798
-251
-1341
-1561
-1791
-2133
-2008
-1816
-1677
-1901
-2318
-2400
-2496
-2688
-2513
-1871
-1114
-607
-140
362
365
-219
-711
-898
-1086
-1231
-1057
-333
632
1321
1850
2133
1746
917
113
-570
-1328
-1759
-1326
-526
129
907
2271
3697
4163
3960
3631
2730
1437
228
-728
-1004
-867
-151
1054
1504
1878
2293
1805
1129
125
-599
-317
-473
-509
-20
137
407
376
236
323
-59
-356
-494
-811
-1200
-1699
-1665
-1601
-2233
-2535
-2366
-2159
-1755
-1358
-817
-208
150
584
716
220
-302
-772
-1312
-1837
-2409
-2401
-1586
-814
-127
506
717
688
468
169
-144
-680
-742
-67
346
396
694
1556
2548
2713
2379
2096
1410
524
-170
-657
-570
144
1314
2413
2982
3239
3149
2577
1683
683
-167
-694
-1004
-1186
-1134
-921
-666
-446
-286
-67
-75
-289
-370
-552
-1036
-1473
-1714
-2075
-2524
-2795
-2708
-2381
-2110
-1585
-707
-72
338
852
1086
635
-108
-716
-1308
-1859
-2115
-1847
-965
114
947
1636
2147
2174
1761
1123
240
-470
-581
-497
-151
352
651
1448
2357
2569
2605
2337
1969
1771
956
459
597
545
905
1094
1013
1320
1097
835
663
33
32
140
-97
-145
-392
-251
101
17
137
125
-37
-96
-471
-849
-1325
-1948
-2276
-2516
-2683
-2744
-2624
-2113
-1673
-1166
-505
-237
-20
18
-279
-463
-969
-1530
-1560
-1450
-1070
-591
-212
613
1336
1408
1208
868
693
538
100
8
318
540
731
949
1057
1364
1983
2348
2418
2316
1818
1355
723
-222
-430
-431
-502
54
279
467
1084
1234
1530
1529
902
653
-80
-969
-1376
-2024
-1952
-1316
-931
-172
373
474
485
12
-510
-972
-1700
-2124
-2167
-2231
-2224
-1993
-1605
-1280
-1098
-923
-786
-676
-619
-631
-616
-710
-757
-675
-686
-535
-243
31
500
916
1075
1159
1163
1217
1275
1032
667
633
722
707
864
1108
1947
2987
2686
1985
1590
921
327
-643
-983
121
741
1280
1971
1858
2025
1775
917
379
-890
-1652
-1404
-1630
-1488
-1053
-388
683
900
964
1006
286
-407
-1123
-1730
-2052
-2344
-1979
-1447
-1330
-1165
-896
-538
-481
-520
-212
-215
-281
-237
-480
-725
-1241
-1653
-1314
-1176
-960
-219
339
871
1128
981
979
718
153
-122
-209
-177
39
340
826
1322
1569
1861
2087
1718
1191
891
578
495
559
735
1241
1433
1388
1508
1232
807
589
370
225
-133
-447
-350
-443
-703
-676
-479
-269
-263
-487
-621
-788
-1169
-1408
-1453
-1606
-1561
-1279
-1148
-1055
-1075
-1112
-876
-929
-1105
-875
-701
-530
-382
-495
-465
-496
-702
-788
-876
-752
-402
-136
185
456
659
875
895
752
522
378
312
159
226
498
726
996
1168
1224
1172
792
546
450
152
216
588
797
942
964
1112
1372
1014
617
489
68
-140
-258
-374
-29
143
198
535
591
591
403
-237
-603
-891
-1193
-1334
-1534
-1458
-1257
-1153
-977
-954
-895
-726
-578
-294
-146
-170
-239
-366
-403
-596
-811
-628
-474
-455
-300
-33
394
713
832
1211
1500
1348
1083
757
435
47
-291
-114
293
635
1112
1440
1545
1537
1328
1114
881
633
537
577
625
625
612
628
646
604
518
324
81
-162
-353
-375
-435
-538
-448
-335
-243
-260
-437
-508
-797
-1220
-1348
-1432
-1622
-1749
-1633
-1307
-1082
-910
-732
-762
-943
-1155
-1227
-1293
-1390
-1257
-968
-668
-416
-116
78
60
76
174
258
284
304
438
541
619
645
502
371
371
558
715
965
1259
1394
1508
1428
1214
1004
707
448
344
365
537
770
938
1052
1067
821
488
324
125
-209
-478
-577
-549
-641
-641
-427
-319
-283
-402
-564
-648
-876
-983
-1012
-1141
-1017
-905
-903
-901
-955
-893
-851
-862
-736
-601
-469
-279
-146
41
100
32
128
171
134
146
147
251
285
245
414
607
832
1030
1154
1312
1259
1075
1040
1089
1044
937
937
1018
986
894
800
804
775
615
659
733
678
719
699
488
244
-19
-199
-383
-584
-594
-434
-276
-140
-19
40
-31
-260
-594
-1044
-1463
-1779
-1913
-1868
-1758
-1516
-1185
-856
-643
-593
-633
-638
-662
-683
-598
-598
-645
-638
-632
-612
-595
-590
-488
-231
-7
278
573
734
980
1192
1200
1035
782
573
431
240
156
324
573
848
1077
1253
1332
1182
895
651
485
317
241
328
540
717
705
558
424
193
-108
-216
-375
-527
-466
-421
-364
-354
-432
-382
-410
-654
-822
-934
-1044
-1098
-1174
-1147
-1011
-914
-899
-838
-790
-762
-653
-592
-574
-570
-562
-535
-533
-561
-499
-307
-81
101
309
488
638
824
866
883
845
750
706
584
458
367
343
457
654
852
1032
1178
1210
1164
1038
751
478
405
429
424
444
459
384
311
218
148
112
24
74
111
-9
-39
-35
-96
-181
-260
-273
-330
-381
-402
-417
-488
-576
-604
-604
-612
-600
-595
-529
-400
-392
-394
-390
-382
-400
-544
-557
-404
-345
-282
-80
161
295
259
246
278
184
13
-17
69
63
115
273
324
349
397
435
497
412
311
327
267
254
262
178
250
279
269
384
323
226
220
78
7
-17
-108
-69
-106
-225
-218
-222
-214
-204
-152
-84
-110
-137
-180
-254
-340
-479
-566
-572
-681
-706
-658
-621
-489
-358
-201
-105
-149
-168
-200
-315
-418
-491
-487
-369
-256
-102
132
292
356
451
432
334
215
-14
-34
32
-63
7
201
335
468
504
546
588
413
309
349
357
343
331
449
520
458
391
312
264
167
31
34
28
70
166
157
251
241
80
98
12
-179
-238
-298
-244
-144
-191
-53
71
-21
-66
-153
-280
-382
-425
-317
-151
-123
-84
-42
-117
-158
-146
-160
-221
-190
-129
-45
34
27
55
57
20
99
90
-63
-108
-112
-92
-54
7
123
248
356
388
295
200
147
114
82
32
38
58
121
180
74
32
-23
-142
-108
-150
-185
-70
-2
136
233
132
130
98
-39
-167
-324
-309
-222
-179
-27
91
114
154
146
60
-128
-367
-495
-507
-471
-388
-195
-20
29
63
45
-82
-228
-388
-469
-409
-370
-266
-58
31
73
83
43
72
32
-39
33
127
167
224
264
320
385
365
404
419
313
266
274
236
237
269
283
292
184
53
-54
-135
-173
-205
-158
-95
-9
127
151
67
-62
-219
-241
-308
-433
-378
-317
-182
-66
-66
62
93
39
101
51
-4
-37
-161
-96
-1
-8
90
55
-5
-12
-137
-147
-107
-129
-89
-65
-11
106
128
156
166
88
65
2
-34
-33
-59
-2
86
121
167
146
135
184
167
204
255
256
235
157
132
161
68
-34
-92
-131
-114
-93
-8
135
225
271
262
145
-21
-172
-339
-446
-446
-380
-217
-43
96
240
252
183
112
-39
-121
-181
-215
-154
-114
-72
-4
47
55
14
-57
-59
-34
-7
54
109
147
150
161
136
-8
-136
-190
-215
-164
-96
7
137
184
166
150
53
-82
-165
-226
-214
-204
-180
-34
81
128
198
182
164
110
-16
-72
-121
-183
-124
-76
-49
26
11
-26
-100
-220
-288
-312
-311
-225
-130
-64
-24
2
13
-24
-46
-107
-153
-121
-114
-122
-55
-64
-80
-45
-62
-43
-14
-12
8
13
36
70
55
31
6
10
17
36
66
71
122
182
153
122
92
55
53
39
86
155
171
266
390
418
400
352
281
213
85
-33
-29
-1
39
124
269
382
410
421
401
338
209
59
-6
-44
-111
-126
-97
-8
63
62
125
119
21
-72
-176
-214
-260
-326
-285
-274
-284
-209
-194
-167
-193
-251
-262
-273
-235
-202
-206
-156
-97
-64
-48
-76
-70
-96
-153
-151
-193
-207
-105
-16
91
183
204
224
139
44
17
-53
-91
-62
-67
-61
-83
-74
3
21
11
15
38
39
19
23
75
106
95
78
109
143
65
2
11
12
-18
-1
95
154
130
101
124
108
10
-84
-113
-133
-152
-145
-78
-27
-38
-37
-10
5
-46
-70
-43
-21
-6
13
46
64
17
-45
-65
-103
-154
-131
-63
23
76
96
128
109
39
-7
-22
-46
-48
-41
26
47
42
71
99
146
114
78
59
20
23
39
30
85
98
92
146
114
77
41
21
85
61
-13
-17
-17
21
21
12
46
17
-21
-12
-31
-63
-82
-69
7
29
3
14
15
-5
-41
-70
-46
-59
-73
-11
48
68
32
15
36
-4
-69
-92
-108
-165
-177
-147
-115
-124
-118
-26
39
42
35
56
82
43
28
81
88
30
-22
-34
-62
-100
-111
-41
62
121
165
217
198
112
70
21
-35
-81
-89
-56
-52
-21
5
9
31
62
113
119
37
-32
-35
-55
-61
-77
-73
-50
-51
13
62
59
69
57
41
-23
-115
-110
-128
-192
-171
-104
-47
-56
-96
-52
-32
-88
-87
-32
-40
-59
-37
14
12
-43
-25
28
20
4
35
62
57
29
38
29
-23
-46
-13
-3
-21
4
49
53
14
1
27
-3
-60
-22
20
17
4
38
81
38
4
26
23
-28
-76
-26
60
45
31
73
101
76
49
83
76
-4
-27
9
59
28
-11
59
83
20
-12
11
12
-37
-17
87
126
88
91
137
119
40
16
23
-25
-89
-69
-2
3
-5
43
101
92
79
82
76
48
7
8
20
-21
-41
14
14
-6
-27
-23
11
-12
-4
42
22
-37
-80
-64
-51
-81
-102
-104
-101
-131
-139
-85
-41
-50
-49
6
29
-23
-64
-39
-44
-124
-163
-121
-61
-42
-32
47
116
76
10
9
-25
-98
-133
-102
-33
-41
-48
6
32
-16
-37
25
46
-14
-46
-10
12
-52
-70
-3
4
-53
-51
42
50
-14
-12
49
57
-28
-31
52
55
-7
-2
63
56
-27
-12
75
55
-13
0
91
92
-9
8
74
32
-25
3
89
84
22
87
182
120
29
50
64
-10
-73
-13
62
36
8
75
147
101
45
71
74
-14
-73
-38
-15
-59
-72
15
66
26
-3
24
0
-92
-133
-91
-70
-86
-65
17
62
14
28
67
20
-35
-20
22
-3
-52
-37
-10
-40
-61
-32
-3
-1
-38
-24
-11
-50
-47
-21
-12
-5
11
8
-4
-19
-20
0
31
55
56
55
38
29
37
40
51
63
39
20
17
15
3
-4
35
66
51
32
44
56
11
-27
-28
-34
-52
-77
-54
-13
-36
-74
-53
-48
-100
-128
-91
-72
-110
-127
-84
-40
-77
-100
-41
-8
-64
-106
-51
-19
-73
-92
-17
35
18
9
55
54
-29
-76
-27
-23
-78
-67
11
66
56
61
108
114
74
63
78
76
35
19
52
76
73
78
118
125
76
58
79
68
41
46
75
86
56
50
66
44
8
-6
2
-28
-67
-47
-5
-1
2
22
51
52
22
23
24
-17
-71
-75
-50
-45
-65
-62
-40
-62
-100
-87
-66
-90
-100
-79
-50
-58
-116
-143
-127
-128
-121
-92
-57
-28
-17
1
35
35
14
31
65
91
103
116
119
121
126
125
127
127
144
162
156
151
148
113
78
76
71
45
14
29
43
22
7
21
49
28
0
-2
-8
-54
-107
-106
-89
-92
-106
-69
-42
-56
-58
-47
-59
-102
-132
-123
-113
-136
-123
-82
-76
-79
-65
-55
-70
-97
-74
-40
-60
-54
2
37
24
3
0
-13
-34
-48
-18
13
-6
7
27
19
12
6
23
27
1
16
43
42
28
44
77
69
55
65
86
67
45
71
108
100
86
112
120
90
66
87
86
37
1
26
26
-29
-51
-15
-16
-74
-97
-70
-59
-86
-61
-4
-16
-62
-57
-43
-73
-107
-83
-63
-74
-77
-47
-13
-14
-14
-15
-15
-39
-45
-11
-11
-26
-24
-14
-6
-23
-39
-36
-17
0
-15
-8
-8
1
14
35
88
114
114
118
110
81
47
34
46
71
77
74
95
88
63
75
88
97
96
83
72
49
22
4
1
-8
-9
11
12
3
-9
-6
-13
-11
-1
-6
9
-2
-33
-65
-86
-77
-54
-45
-49
-31
-34
-59
-52
-46
-52
-73
-76
-44
-52
-76
-58
-24
-13
-28
-8
23
-1
-21
-10
-11
-24
-15
22
44
36
49
60
22
-22
-41
-40
-65
-78
-38
-3
-5
-10
1
2
-6
-11
1
-11
-56
-64
-32
-35
-54
-36
-9
8
-4
-12
3
-11
-34
-24
4
13
1
9
26
23
25
28
39
65
68
63
81
100
90
72
60
51
28
-20
-26
4
14
14
6
4
-17
-44
-42
-26
-21
-34
-29
-22
-24
-47
-67
-52
-52
-29
11
17
19
18
27
29
2
-22
-12
-2
-10
-12
-5
16
32
44
85
97
83
68
50
28
-11
-40
-48
-23
-8
-4
19
33
47
36
22
27
30
25
13
37
48
41
36
50
51
21
17
30
38
21
16
31
26
26
39
51
45
9
-4
-16
-48
-69
-64
-68
-78
-67
-40
-33
-63
-62
-35
-45
-62
-62
-47
-43
-46
-41
-37
-45
-48
-9
13
2
-6
-13
-17
-36
-32
4
5
-9
-1
6
17
2
-9
-5
-6
-14
-16
1
0
0
11
16
-3
-33
-39
-17
1
-5
3
6
-4
-32
-45
-35
-40
-37
1
43
40
28
36
40
21
12
31
37
7
-36
-33
-22
-35
-44
-37
-26
-22
-34
-31
-16
-10
-11
-21
-22
-24
-28
-31
-1
23
11
14
58
82
52
32
59
71
45
43
81
89
57
57
78
65
36
54
92
79
39
35
28
-6
-33
-38
-31
-46
-41
-12
-6
-1
9
16
21
39
50
48
25
7
10
-4
-8
22
36
18
21
41
35
8
-12
-9
-17
-37
-36
-36
-45
-54
-52
-59
-67
-71
-73
-75
-72
-49
-48
-48
-37
-26
-29
-30
-21
-16
-2
25
34
31
31
46
41
14
21
24
6
-8
18
47
32
16
36
52
29
6
29
27
-3
-14
3
15
-19
-24
1
-7
-44
-44
-13
5
-9
-11
5
2
-6
-15
-16
-20
-38
-43
-32
-22
-29
-48
-46
-28
-29
-42
-39
-42
-57
-60
-47
-32
-32
-44
-30
-16
-39
-48
-37
-40
-63
-66
-47
-31
-32
-26
2
2
-12
-1
18
21
29
44
66
74
65
71
74
66
69
80
82
80
78
84
91
93
84
68
76
72
62
56
54
50
37
28
33
38
25
12
12
9
-10
-28
-19
-13
-40
-53
-40
-28
-47
-53
-29
-13
-12
-7
21
21
-3
-5
6
17
19
20
32
16
-9
-4
-2
-4
-8
2
24
19
8
1
-7
-26
-39
-24
-15
-15
-17
-21
-33
-62
-59
-43
-40
-37
-32
-15
-9
-20
-23
-7
-2
12
38
40
23
-3
-16
-35
-59
-54
-44
-38
-23
8
11
-11
-23
-34
-34
-36
-31
-19
-30
-39
-31
-30
-36
-22
10
14
-17
-28
-31
-47
-48
-29
-5
10
23
40
47
36
22
33
38
30
40
43
37
15
4
12
29
33
29
40
47
33
12
-8
-14
-15
-24
-1
24
17
12
10
7
-4
-2
15
23
21
16
32
30
3
-21
-23
-14
-12
-12
-10
-3
5
3
-3
-14
-25
-25
-35
-34
-25
-19
-7
2
11
13
19
28
17
6
6
-3
-19
-27
-17
2
17
30
58
62
51
62
78
70
51
50
51
32
20
32
50
46
39
48
47
34
17
-4
-33
-48
-64
-74
-63
-60
-55
-50
-44
-33
-27
-41
-48
-31
-33
-42
-29
-19
-29
-43
-31
-21
-27
-25
-1
19
7
10
20
29
26
21
16
-1
-21
-27
-29
-39
-43
-30
-20
-17
-2
17
11
-7
-9
1
-8
-3
23
31
37
48
53
46
32
29
37
50
44
38
36
21
13
7
-15
-38
-39
-40
-51
-65
-78
-80
-81
-83
-82
-72
-62
-55
-41
-28
-20
-18
-18
-7
6
22
40
40
41
47
53
51
51
55
49
44
39
34
18
-8
-24
-18
-9
-7
-2
0
-8
-14
-16
-9
-15
-27
-20
-9
-18
-29
-10
5
12
18
28
40
22
14
25
26
11
11
31
42
42
36
33
21
15
12
12
21
29
30
38
54
58
56
55
50
40
25
10
5
5
-10
-3
18
16
7
15
32
7
-21
-22
-20
-40
-47
-19
-7
-30
-30
3
-6
-37
-31
-8
-14
-33
-23
-16
-43
-58
-47
-41
-38
-30
-19
-9
-8
3
9
-12
-8
4
-2
-10
4
-2
-32
-35
-14
-10
-21
2
37
21
-17
-12
-2
-26
-47
-33
-19
-28
-25
-3
-1
-25
-24
-8
-17
-32
-19
-5
-10
-18
-10
-7
-12
8
28
27
22
29
32
28
23
29
18
5
25
36
18
3
-3
-5
-15
-19
-8
-33
-52
-36
-35
-36
-31
-17
-9
-5
1
1
2
-1
7
14
3
-3
-3
-6
0
8
12
22
47
48
26
21
36
23
6
13
21
18
-3
7
35
40
36
53
64
48
49
71
68
41
41
54
35
21
31
41
37
25
45
46
27
26
10
-22
-33
-14
-29
-43
-27
3
0
-20
-5
9
-10
-26
-1
6
-25
-25
-7
-21
-35
-19
2
-21
-42
-7
3
-36
-46
-26
-46
-83
-72
-53
-83
-100
-70
-48
-72
-76
-41
-40
-80
-68
-25
-42
-55
-1
32
3
-12
17
24
1
11
51
57
54
83
98
67
54
75
59
26
30
52
34
16
40
26
-8
-9
25
38
9
16
37
26
9
33
41
8
7
20
-8
-56
-43
-26
-59
-81
-57
-39
-59
-55
-26
-34
-59
-53
-53
-86
-91
-56
-39
-57
-51
-24
-35
-66
-49
-13
-16
-19
6
18
-14
-25
-4
5
0
16
42
37
29
41
62
63
60
76
77
70
67
75
90
96
100
91
98
92
76
73
83
74
40
49
72
61
29
41
60
28
-1
36
43
-28
-57
-18
-21
-71
-41
26
-4
-67
-42
-7
-76
-122
-53
-17
-79
-82
3
-9
-86
-63
0
-43
-97
-29
12
-55
-60
35
32
-49
-28
49
12
-62
-18
33
-32
-64
42
74
-13
-5
74
43
-46
-17
43
-13
-42
28
43
-35
-39
14
-13
-68
-20
44
1
-51
0
5
-74
-71
-7
-14
-62
-19
44
-1
-53
-5
17
-31
-25
38
49
23
41
67
19
-13
8
1
-41
-25
17
-1
-26
-5
9
-42
-49
1
-22
-79
-56
-4
-40
-88
-46
-25
-56
-59
1
33
3
23
76
39
-8
33
63
42
53
99
101
80
91
114
90
52
70
85
52
49
72
63
21
26
40
6
-6
12
5
-15
-2
8
-14
-30
10
21
-18
-35
-26
-61
-103
-69
-36
-69
-72
-18
-8
-46
-30
27
15
-28
3
41
-12
-34
24
41
-27
-39
10
1
-35
-2
48
-6
-58
-12
17
-59
-77
-6
-8
-55
-13
62
17
-38
31
79
6
-25
42
46
-27
-15
60
31
-39
10
72
31
-7
59
95
41
28
83
62
-22
-8
42
-2
-68
-34
5
-47
-68
-27
-22
-73
-80
-41
-45
-72
-52
-26
-51
-55
-18
-26
-67
-53
0
0
-17
22
51
19
-5
7
-7
-40
-33
12
23
5
17
39
3
-17
16
35
8
-17
10
19
-7
-7
30
29
2
13
36
19
-18
-32
-25
-29
-28
-14
4
5
13
32
23
18
8
-1
-21
-29
-16
-8
-2
10
31
33
31
38
14
-20
-27
0
11
-22
-22
7
15
-20
6
49
41
29
51
84
65
26
25
36
0
-23
26
57
34
53
76
58
34
24
34
15
-15
-5
11
-8
-19
9
0
-29
-27
-12
-20
-40
-23
-12
-43
-66
-56
-73
-113
-107
-82
-68
-48
-15
8
0
-10
7
19
-12
-4
44
52
44
51
58
36
14
21
30
15
17
51
60
36
31
35
19
-5
7
16
-8
-23
-21
-22
-51
-68
-53
-49
-54
-32
-26
-30
-28
-22
-31
-50
-43
-35
-50
-54
-29
-13
-12
2
32
35
5
-9
-7
-24
-48
-27
6
10
18
37
30
10
13
25
19
-4
0
17
22
13
12
8
-18
-26
-25
-26
-38
-35
-8
12
22
8
3
15
10
15
26
34
16
4
21
41
56
58
66
57
15
-12
-2
-5
-35
-34
-8
5
-5
-7
10
-2
-18
-7
6
-11
-36
-26
-15
-20
-20
-4
-1
3
29
41
34
31
36
26
22
50
79
65
44
63
58
7
1
25
14
-14
9
52
21
-6
21
41
8
-30
-7
6
-38
-56
-24
-17
-37
-17
30
17
-39
-32
2
-14
-36
-19
17
8
-2
26
44
12
-18
9
9
-23
-35
-31
-24
-43
-41
-25
-29
-35
-34
-18
-43
-61
-62
-76
-80
-81
-75
-75
-66
-49
-36
-42
-43
-23
-25
-33
-15
2
-9
-30
-15
6
-21
-37
12
53
31
28
77
109
78
63
95
89
49
39
76
60
24
52
90
87
49
53
75
48
19
26
10
-13
-22
-22
-37
-49
-28
-19
-10
3
-2
-28
-50
-37
-29
-57
-50
-8
-6
-44
-27
13
-17
-38
-2
23
-1
-21
15
10
-40
-23
1
-36
-62
-32
-24
-55
-49
-3
15
-13
6
46
17
-21
19
48
9
25
65
53
18
48
81
40
12
50
51
-7
-7
42
24
-23
25
78
27
-2
58
64
-16
-16
62
27
-46
4
65
23
-25
31
71
-13
-21
52
31
-40
-11
44
-34
-81
-22
9
-59
-72
20
-6
-93
-82
-30
-76
-115
-37
13
-48
-66
2
1
-60
-26
50
18
-21
25
23
-42
-50
-5
-8
-52
-24
14
-27
-43
2
-4
-57
-41
18
-1
-40
6
34
4
-8
40
46
-5
11
65
41
12
53
65
24
13
46
39
14
33
53
21
-20
-7
-20
-85
-62
-24
-56
-61
-14
14
-29
-48
-3
-12
-69
-51
3
-30
-64
3
33
-2
9
65
59
10
39
85
58
18
48
59
10
9
74
54
-7
20
46
3
-22
32
31
-17
-1
30
-3
-75
-48
-16
-75
-69
0
20
-14
7
54
15
-17
42
66
22
8
46
25
-25
0
31
12
-7
44
60
17
22
44
10
-32
-15
-23
-68
-68
-28
-17
-45
-19
8
-41
-74
-22
-1
-49
-26
19
-1
-41
-12
16
-19
-39
10
43
6
17
70
55
19
55
73
25
6
26
16
-14
-11
10
-5
-18
6
11
-16
-5
25
0
-23
0
9
-28
-40
8
10
-51
-38
24
3
-34
-6
23
2
-28
-7
7
-30
-39
-18
-37
-64
-43
-21
-38
-46
-32
-20
-32
-30
-19
-25
-33
-15
-12
-36
-23
-26
-30
-26
-8
9
-4
-7
-8
-16
-40
-38
-10
5
8
19
35
22
-5
8
46
60
45
61
87
73
32
34
59
30
-6
16
57
50
35
63
84
61
54
84
91
45
22
45
37
15
28
38
4
-29
-20
-27
-57
-61
-32
-32
-52
-36
-39
-60
-70
-60
-52
-68
-44
-23
-37
-42
-23
-10
-9
16
53
57
48
67
67
26
12
27
17
4
40
71
39
24
51
42
-21
-28
17
-20
-68
-30
-7
-61
-78
-19
-1
-66
-67
9
3
-49
0
39
-27
-55
9
26
-43
-34
43
10
-51
3
60
1
-45
12
10
-79
-70
14
-15
-89
-45
6
-34
-59
13
42
-41
-35
46
28
-29
14
55
2
-19
41
75
33
48
110
81
14
36
57
7
-14
24
38
-21
-24
10
-29
-68
-34
-9
-46
-54
-22
-23
-35
-12
-3
-38
-61
-44
-32
-66
-61
-22
-39
-59
-42
-24
-26
-11
29
44
33
43
53
34
31
33
10
-10
3
24
16
25
68
69
36
57
93
66
44
97
117
60
35
81
75
9
33
83
37
-1
31
32
-33
-44
10
-1
-51
-52
-29
-83
-119
-55
-46
-95
-64
5
-17
-63
-7
30
-39
-62
10
4
-73
-46
35
-4
-82
-3
57
-16
-30
62
76
-19
-15
50
0
-67
-8
50
-22
-30
62
62
-9
18
80
17
-58
-6
31
-55
-69
15
18
-58
-30
29
-35
-82
-11
25
-55
-47
42
15
-43
15
75
11
-20
50
60
-16
-26
41
20
-35
32
85
12
-25
47
37
-51
-35
19
-23
-66
-6
29
-34
-34
49
38
-37
-6
35
-54
-95
-12
18
-55
-42
56
34
-32
23
74
-5
-59
10
11
-92
-99
-22
-34
-85
-13
54
-19
-41
45
53
-22
4
76
31
-22
43
82
5
-9
65
54
-33
-7
71
24
-36
20
75
18
-13
56
45
-29
-3
49
4
-56
-32
-8
-49
-54
4
10
-28
-5
39
-8
-49
-1
7
-31
-10
49
47
25
57
80
39
12
36
34
-3
4
44
26
-5
8
3
-26
-26
-9
-17
-47
-40
-28
-56
-52
-16
-31
-58
-8
35
5
-10
27
31
-19
-16
17
-2
-31
23
88
42
10
55
57
12
17
58
32
-9
5
28
1
-11
26
21
-25
-41
-36
-79
-104
-66
-50
-79
-71
-19
-36
-75
-37
-11
-42
-54
2
26
-13
14
64
24
-27
4
25
-19
-40
10
14
