-64
-54
-55
-68
-79
-65
-38
-10
11
38
59
59
64
66
59
42
40
42
38
49
66
85
96
97
92
80
81
81
57
41
19
14
17
-8
-10
-2
12
17
11
17
8
5
1
-5
-5
3
17
12
3
5
17
9
8
34
53
56
49
36
15
-4
-34
-75
-92
-84
-58
-36
-12
38
58
38
0
-12
-17
-26
-16
4
16
25
61
81
68
53
37
-2
-30
-42
-62
-64
-71
-64
-45
-49
-54
-46
-54
-77
-79
-68
-66
-50
-18
4
20
35
56
51
44
38
46
62
38
28
19
-5
4
26
8
-28
-30
-11
-7
-21
-29
-36
-51
-52
-43
-31
-25
-10
15
29
42
39
30
7
-15
-23
-18
2
17
17
9
25
47
37
15
4
-2
-15
-25
-28
-34
-36
-9
17
20
7
-8
-22
-27
-16
-2
2
-6
-2
18
15
-4
-15
-27
-46
-57
-38
-23
1
25
37
45
48
42
11
-12
-29
-35
-56
-81
-68
-44
-25
-12
5
-2
-20
-14
0
-3
-11
-4
3
8
13
32
50
37
28
25
20
15
31
42
29
32
33
29
17
10
-5
-33
-40
-18
20
24
17
25
45
63
69
91
92
61
47
51
43
36
47
45
42
51
50
55
51
54
59
28
-4
-24
-43
-64
-68
-54
-46
-41
-37
-32
-44
-44
-39
-46
-57
-64
-38
-17
2
30
36
21
10
12
25
13
-1
4
15
12
-4
-15
-28
-43
-57
-61
-76
-80
-81
-92
-112
-114
-90
-67
-49
-55
-71
-74
-54
-33
-16
8
40
60
46
26
25
41
46
38
37
32
23
44
76
61
22
5
10
15
10
0
-12
-26
-57
-75
-48
-18
-2
4
-4
-7
8
31
47
39
30
51
77
105
99
63
37
14
18
21
14
-1
-10
-15
-7
1
2
0
-20
-43
-59
-46
-32
-21
-13
-10
-13
-17
7
18
10
-4
-21
-15
2
14
17
20
11
7
4
-9
-15
-20
-21
-14
-3
4
1
-2
-1
13
13
2
3
8
8
5
-5
-14
-9
1
27
26
13
17
27
30
3
-18
-13
2
16
6
-28
-32
2
40
52
38
24
30
39
51
58
69
61
53
37
4
-16
-21
-24
-32
-48
-32
-17
-23
-12
-18
-55
-71
-60
-33
-19
-17
2
7
38
68
103
120
89
34
-5
-42
-69
-47
-59
-66
-65
-91
-79
-65
-31
-40
-69
-77
-55
-33
-60
-57
-19
45
90
119
105
42
32
39
48
56
77
95
93
62
44
43
18
-15
-54
-108
-152
-86
-55
-82
-110
-160
-174
-208
-186
-169
-174
-146
-177
-160
-115
-115
-90
-117
-127
-127
-156
-95
-25
-23
-56
-93
-117
-154
-117
-21
64
65
45
104
175
179
93
98
185
188
174
190
190
185
270
336
349
412
387
385
342
222
194
173
198
319
443
333
149
139
173
99
28
-22
-88
-81
-90
-85
-16
119
190
150
94
35
29
-99
-249
-328
-315
-167
-146
-141
-162
-151
-170
-151
-10
53
105
-56
-302
-375
-133
116
167
247
190
178
225
272
423
437
232
174
265
68
-78
-109
-151
-23
17
-194
-406
-503
-606
-610
-642
-674
-563
-522
-632
-666
-571
-580
-523
-370
-303
-207
-75
-70
-76
0
169
342
391
350
263
219
171
73
29
-40
-113
40
170
239
253
79
29
-28
-114
-170
-136
-47
-61
-48
-6
162
251
185
232
251
177
202
348
436
433
428
449
506
582
488
272
75
-72
-58
-213
-380
-263
-54
248
357
306
3
-315
-190
-2
185
236
156
195
210
90
-15
-180
-557
-681
-499
-343
-369
-443
-463
-596
-670
-617
-564
-446
-235
-252
-387
-288
-329
-114
148
125
332
511
1254
1238
-136
-1210
-1665
-1041
-300
205
445
558
510
-236
-704
-884
-390
-133
240
1361
2161
3138
3489
3036
1763
408
-138
-161
646
1315
1037
51
-1217
-2085
-1680
-288
948
1124
72
-1215
-1909
-1488
-221
1057
1894
1718
712
-219
-1049
-1046
-228
176
576
411
-474
-1082
-1733
-2379
-2827
-2915
-2353
-1346
-611
-571
-800
-1229
-1235
-1321
-165
3571
5551
5947
4919
393
-2241
-2229
-1955
-127
1263
451
-1067
-2665
-4356
-3910
-1465
1589
3377
2597
767
-1279
-1483
-150
1028
1845
1097
282
-205
-1403
-1846
-1700
-900
940
1825
1870
1491
371
-72
203
1181
1972
2010
1944
547
-1385
-3066
-4100
-3269
-1326
-65
277
-532
-2022
-1555
-1398
-1038
-641
1027
6274
7846
7500
4353
-1220
-1859
-1234
-542
1127
1748
458
-1333
-4282
-6784
-5463
-1967
2639
3772
1177
-2087
-4029
-1891
1024
2794
3591
2893
2582
1443
-829
-1561
-1465
321
2134
1267
-486
-2695
-3480
-2537
-1730
-1021
-483
-75
523
-247
-2091
-2498
-2066
314
2104
2317
2463
769
583
-383
-2575
-3074
-2135
1903
5647
8694
8770
2446
-1666
-1459
-938
1972
4417
3053
1602
-957
-5520
-6912
-5035
-1367
2187
2520
-63
-3624
-4432
-1978
1083
4013
4807
4558
4141
1627
-305
-1311
-1739
-40
550
-521
-2147
-3873
-3620
-2972
-1629
-1153
-2085
-1296
-1038
-998
-763
-1043
75
1893
2422
2084
683
-1273
-1299
-2587
-4885
-6289
-8306
-6171
2186
13257
16216
6984
-349
-2779
-2824
1035
3011
3751
5667
2941
-4759
-11178
-12454
-6337
3908
8327
3847
-4551
-8283
-4624
1575
6042
6926
6845
6574
4328
681
-3654
-4777
-1135
2164
1628
-2093
-5704
-6579
-2728
690
-755
-2120
-480
2185
2079
-505
-2778
-292
4868
6467
4657
47
-1496
-828
-1728
-3388
-6816
-8581
-8416
-2551
13243
21851
12048
3097
-447
-3690
-709
1623
2338
6873
7069
-2927
-13086
-16584
-12331
545
10572
8037
-3128
-10090
-8239
-1842
4805
6900
7937
8797
6403
1697
-4908
-8117
-3511
2181
3432
806
-3344
-4071
-2555
-2516
-4457
-5022
-836
3197
2515
-1627
-5235
-3553
2379
6330
6579
3562
-80
-1064
-3952
-6478
-7023
-8334
-7483
2949
20625
18766
3288
-1370
-3691
-2374
3887
2646
1847
7742
4460
-6571
-12749
-15020
-6913
7552
12620
4045
-8335
-11494
-6392
2240
6425
5438
6563
5939
3334
-75
-6244
-5792
1825
5498
5318
648
-3123
-1612
-2410
-4064
-7250
-7371
-1661
1269
860
-2991
-5440
-1527
3477
6210
7099
2692
-72
-743
-5702
-6750
-7643
-8812
197
19904
23974
5839
-3916
-6628
-6065
2462
5026
1651
6216
6886
-4578
-10920
-14069
-9819
5432
14522
8435
-5959
-12616
-8737
280
6598
5338
4462
4624
3214
1010
-4716
-6507
425
5729
5795
2303
-2613
-5740
-7119
-6611
-7287
-7958
-3251
693
1908
1262
-3524
-2070
3199
6653
9522
3886
-866
-2684
-5690
-3557
2132
14921
17422
4393
-3051
-7360
-8284
-1790
3605
5687
8041
3589
-5923
-9730
-10041
-2986
6957
10637
5076
-6272
-10404
-7114
306
5844
5069
3993
1504
-503
191
-1315
-1135
3527
5445
4171
78
-4947
-5895
-5761
-3643
-4359
-6908
-4332
-3017
-1338
-862
-1426
1624
2067
3071
3252
-1325
-2584
-744
-641
-858
11896
24470
12663
-92
-4611
-9872
-4017
4837
3397
3277
3935
-4141
-10514
-12134
-8569
1560
10029
10749
-36
-9640
-10303
-4919
5353
9397
7904
5360
-666
-5037
-5335
-4795
-1084
4043
4317
3787
1053
-3727
-7084
-8571
-6295
-5432
-3334
-2759
-4339
-4703
-6845
-3530
1510
5447
10485
8501
2971
554
-3751
-4752
-3351
4853
25152
21738
2179
-4992
-11013
-9015
1558
4329
3297
7370
4732
-5655
-11635
-11698
-4885
6575
14986
5695
-9391
-12015
-9945
-2235
6458
7389
6066
5006
3209
114
-2949
-1709
3813
7086
5779
622
-4226
-6563
-7711
-6148
-7823
-9014
-6063
-3579
-2079
-3666
-3393
-911
2462
7152
8944
7160
5243
1563
-3632
-5515
-7108
9554
27826
14436
-119
-6480
-13237
-7006
2798
1503
4173
10548
2524
-6809
-11334
-11817
-2894
10279
13263
-556
-10480
-11802
-9264
1212
6459
5233
6906
5835
2601
-311
-5118
-3246
4167
7606
6242
1331
-4498
-9948
-10872
-10143
-11366
-7652
-1596
26
-1926
-4280
-4722
287
8188
12058
12203
7638
1805
-3857
-8019
-11121
-2662
26102
28122
5101
-3768
-13277
-15003
144
6205
4642
11753
9644
-4419
-11944
-13977
-6844
7439
18297
10040
-9311
-16334
-14800
-4624
7593
9726
8155
3922
-1530
-3086
-4978
-4769
3169
8731
7545
2450
-5433
-11032
-11777
-7871
-6879
-7714
-4223
-3235
-4481
-4967
-4524
302
7812
12504
12450
6251
-1050
-5406
-6812
-5959
-5538
16618
32592
8956
-6067
-10484
-16568
-3023
9968
5809
6687
9767
-2617
-11902
-13415
-8439
3348
14974
16049
-3791
-17506
-15549
-7479
6790
12620
9736
5859
662
-1080
-2202
-5122
450
8998
9385
5856
-1894
-9549
-10946
-7923
-4947
-6320
-5190
-2261
-4099
-6671
-5632
-1469
4444
12420
14837
8003
364
-3559
-7157
-6391
-6115
866
27693
25453
-707
-7560
-13673
-12092
5161
10563
5169
9514
7089
-7188
-12887
-12018
-4565
7135
17039
8341
-13465
-18781
-13859
-2956
10653
12222
8448
5314
732
-1692
-4144
-3850
4872
9193
5595
-494
-8339
-12092
-10877
-6453
-5345
-6379
-2695
-2302
-6014
-7148
-5032
229
9437
15595
12087
3459
-2971
-7396
-7305
-6918
-3626
22916
29080
2206
-7872
-13791
-16921
402
11782
6738
9168
9667
-4542
-11743
-11249
-4694
6005
16067
11355
-10943
-19115
-15284
-6246
9012
13185
11612
7675
-899
-3292
-3538
-3638
5531
11778
7172
2051
-4618
-10800
-12059
-9164
-5488
-6075
-4009
-2571
-7419
-8393
-4121
1373
8861
15450
14653
7159
169
-5759
-7620
-7401
-2651
22163
28294
2352
-9736
-14817
-17105
-2407
8874
7586
10263
10685
-1689
-10328
-11061
-2639
9157
17041
11761
-10154
-20417
-17948
-9413
5580
9711
8030
6601
151
-3627
-3232
-2940
6183
13573
8102
2768
-3206
-7842
-9048
-9175
-7706
-8365
-7760
-5513
-7317
-10719
-6239
2693
8455
15570
16244
8571
3400
-769
-4944
-9819
5937
31082
17241
-4814
-11651
-22228
-16133
1879
4658
6736
12655
3911
-5182
-8867
-8587
4354
17417
20027
3197
-15420
-16130
-14509
-5764
6599
4962
3434
2619
-4511
-4322
-1888
653
10038
11943
7327
3652
-1668
-5109
-6626
-8151
-8391
-8674
-9540
-8080
-9693
-11378
-4694
2086
7285
15029
14724
10245
6718
1041
-5236
-5328
19596
31555
7315
-7409
-15826
-23878
-11217
1300
974
7806
10160
-2327
-8356
-9422
-3406
10895
22741
19095
-4456
-16407
-13164
-11321
-77
6851
255
-2050
-3027
-5366
-4341
-3726
3389
11857
10436
7215
2397
-1599
-1199
-3027
-6083
-7885
-9549
-9042
-8556
-11002
-9847
-4420
330
7257
11373
9611
8612
5292
-113
-7072
2674
29249
25025
2951
-7594
-19949
-19535
-4561
447
2002
8773
5345
-4941
-10643
-9018
1157
13432
23715
13264
-8755
-13129
-10787
-5901
3088
3011
-168
171
-1300
-3476
-6447
-5078
3542
7400
7593
6195
1664
329
-599
-3914
-6058
-5746
-5465
-5284
-6703
-9984
-7799
-2149
2823
9077
9081
5928
6175
2726
-7568
-2149
25852
29042
9230
-350
-14116
-20964
-7163
-1341
-1298
9074
6815
-5462
-11170
-14379
-3830
12111
21705
16665
-4656
-13473
-10691
-5715
4424
5556
1104
-604
-4572
-5128
-5016
-7021
1554
8406
4464
3341
-122
-3179
1230
916
-4368
-5536
-5445
-5719
-6067
-8179
-7277
-2576
2175
7408
7836
5198
5097
4854
-1772
-8043
13175
30413
11348
-2879
-9635
-20865
-12552
504
-558
4414
9099
-975
-9417
-12941
-7073
6465
18953
21893
2079
-13319
-11365
-7632
3626
7917
189
-1120
-2824
-3892
-1183
-5942
-3270
7576
6500
3679
1095
-4044
-1873
1053
-1627
-5983
-7668
-5505
-3458
-4941
-5594
-3146
287
6751
8357
4587
5117
5371
1743
-5772
6032
28718
17619
-1255
-6621
-16830
-15465
-3030
-1437
1333
7758
2710
-4237
-10603
-10602
2204
14059
21696
10213
-9350
-10599
-8127
-432
8476
1966
-2207
-1997
-4173
-1022
-2647
-5032
3257
6030
3551
2507
-2129
-3451
-672
-1024
-4957
-7657
-6628
-5008
-5158
-4597
-2205
-117
3897
8136
6541
4631
4464
3273
-2257
-5066
15779
26620
6541
-4517
-10404
-17533
-8174
-1039
-2512
3946
6620
-390
-5560
-11226
-6900
6135
16797
18680
586
-12915
-10371
-6167
4414
7534
-136
-1307
-2081
-1489
-276
-5547
-2232
5581
4142
2532
-177
-4405
-3383
-1591
-3170
-6280
-6538
-4556
-4355
-4962
-3449
430
3482
6996
10018
7474
4922
4054
357
-7870
-740
24295
21954
1579
-5775
-15189
-16285
-3919
-1341
-378
7941
6528
-2336
-9607
-12813
-4002
9139
19799
14004
-6308
-11910
-9460
-4940
4589
2639
-904
950
6
831
-1088
-5274
914
6470
2806
1526
-938
-3710
-2685
-4882
-7735
-8459
-6228
-2275
-2310
-4075
-2609
1104
3954
9018
10535
6880
5349
3184
-4306
-7792
13567
27921
9569
-3628
-10417
-18930
-9783
-240
-1757
4055
8232
953
-6361
-12157
-8338
3240
15069
19583
1903
-12031
-8702
-6701
1251
5858
-149
88
1788
1629
689
-4360
-2817
5168
5436
1567
-963
-3086
-2505
-2531
-6089
-9011
-7897
-4109
-1608
-2360
-3551
-278
3866
6281
8193
7021
5241
5737
2147
-8169
4552
28143
17260
-1209
-7622
-16716
-13110
-1387
-1254
-28
5957
2937
-4618
-11569
-11057
-1091
10604
20021
7474
-12150
-11007
-7052
-928
7656
2644
-950
1578
1905
2525
-1894
-3951
3977
6747
2307
-1288
-4631
-4388
-1523
-3400
-8732
-10452
-7038
-3222
-2579
-3949
-2877
2124
6751
9203
6929
4126
4328
3602
-3657
-3780
18526
24655
5630
-5239
-13458
-16848
-5728
754
745
4781
4776
-1406
-8380
-12219
-5144
4722
15326
15766
-3930
-13427
-9053
-5081
5333
7557
518
434
725
1543
804
-4067
4
6558
4499
490
-3469
-6486
-4623
-1829
-5332
-9469
-8521
-6008
-3627
-3161
-3178
866
5630
8705
9154
5686
3485
4785
1673
-5645
10672
29356
13964
-2288
-8913
-17759
-11545
-577
79
3515
6407
304
-6036
-12464
-10009
1894
12167
19136
4957
-13214
-11384
-8236
734
10900
4500
1266
2594
-168
356
-2382
-3162
5901
7719
2776
-907
-6856
-7612
-3552
-4185
-7904
-8517
-6466
-5084
-3988
-3297
-1300
3604
8019
10349
7470
3629
3413
2968
-4661
-1507
23530
25004
3165
-6428
-14464
-16672
-5195
638
2117
6524
4844
-2206
-10015
-13825
-4956
5969
16649
14732
-6716
-14495
-10027
-4725
7562
8518
2785
3185
1571
796
-1369
-5387
-98
6574
4108
592
-3796
-8114
-6468
-4055
-7041
-10321
-7375
-4391
-4336
-3208
-2379
1159
6131
9213
9033
4876
3271
4261
-1843
-4267
17886
27950
8954
-3215
-11918
-17834
-8400
-1550
940
6432
5344
-217
-6888
-13959
-7038
4311
13173
17091
-931
-14404
-10378
-7107
3340
9712
3103
1845
1575
301
1259
-2835
-1198
6504
5038
1366
-1496
-6123
-6304
-4390
-6540
-10083
-9263
-6694
-4639
-2994
-2157
1391
5897
8247
9510
7028
3465
3972
1178
-6689
7412
28390
16931
-96
-7617
-16657
-11722
-1136
-204
2622
5337
1607
-3008
-10737
-11293
-417
8702
17391
8200
-11244
-11767
-8483
-1447
9163
4678
565
2403
2114
3499
-424
-4510
2600
5819
2074
766
-3501
-6507
-4887
-5764
-9592
-10760
-7773
-4725
-2583
-2009
-1368
3044
7426
9110
8630
5725
3744
1802
-4615
5926
27108
18940
1596
-6461
-16218
-12771
-1901
-1007
1872
4390
-371
-3577
-10040
-12073
-1785
7299
15809
9920
-8568
-11814
-9563
-3653
8914
6527
42
1635
619
2531
2585
-3063
860
6315
3180
213
-2769
-6323
-5764
-4288
-7046
-9703
-8900
-7115
-4671
-2476
-300
3222
7014
8684
7117
3430
2476
859
-3933
12357
30463
15123
-757
-8642
-18573
-10397
1016
470
3952
4542
-3391
-7401
-11960
-10539
651
9728
15819
5252
-11060
-10225
-8523
-2044
10340
6402
359
505
-2045
595
2253
-990
3383
6097
2139
-46
-3609
-5874
-4693
-4682
-5729
-7697
-8484
-6621
-5518
-4293
-27
4242
8258
10398
7428
2979
1489
-469
-3582
15099
32621
15912
-253
-9732
-21527
-12321
1229
1422
5701
6611
-3379
-9195
-12313
-8811
2545
11540
17052
3688
-14179
-12450
-9636
-1394
11629
7266
1321
987
-2264
-787
1953
1248
5755
7990
1912
-2213
-5231
-7484
-5312
-3807
-5582
-7392
-7178
-6360
-5985
-5523
-1621
4628
9645
10799
6315
1985
959
-3310
-3494
19836
32516
13405
160
-11043
-23019
-11848
854
3405
9787
7792
-3303
-10298
-13869
-6511
5152
13457
17188
76
-13742
-9837
-10354
-1510
9890
4257
1334
1668
-2577
-1611
529
1583
5892
5372
1920
-536
-5107
-6747
-6496
-7628
-8060
-7309
-6259
-6341
-6909
-5993
-1712
4169
8837
10238
6496
3035
1399
-5828
2554
28545
25816
6038
-2548
-16112
-20298
-7480
-1341
4370
10033
3314
-5882
-13226
-12529
-130
9269
17268
11932
-10067
-13921
-8724
-6954
6463
10138
1799
982
-422
-2495
-33
1690
5489
8324
3358
-16
-1891
-6381
-5930
-4479
-6698
-8224
-6947
-5996
-6620
-6690
-4410
1591
7576
10696
9176
4184
2852
-932
-3977
16885
32626
16610
2248
-8074
-20597
-14818
-5114
-1384
8345
9597
-373
-8858
-15745
-8818
5441
14544
19384
2816
-16102
-12917
-9936
-2932
9580
7021
1798
585
-2598
-1540
1068
4052
10950
10240
2194
-1401
-4684
-7348
-5743
-5685
-7658
-8524
-7584
-6952
-8196
-8379
-3854
4213
11061
12380
7507
2830
1696
-4332
942
26150
28096
9563
-425
-14339
-21895
-11707
-5295
615
10151
7027
-2476
-11160
-14163
-2243
9169
17763
16376
-5427
-15057
-10740
-9833
-422
5785
2110
993
-1405
-2956
-828
448
6828
13241
8455
2709
-379
-5139
-6466
-7044
-8785
-9103
-9054
-7786
-7569
-8982
-7532
-1885
6278
12810
13284
8574
5206
275
-3174
15619
30771
16119
2471
-7396
-20635
-17325
-8762
-5611
3665
8117
2564
-5188
-13153
-6446
7257
14514
19682
6425
-12546
-12673
-11868
-6573
4194
2174
739
1255
-3694
-2980
-658
2178
11621
14635
8041
3472
-1417
-6388
-6775
-7767
-8688
-8689
-8860
-9290
-11060
-10840
-6275
1386
9317
13137
10681
7620
6088
-630
6901
28884
24422
6288
-2527
-15750
-19955
-10815
-7846
-2876
4019
1531
-2246
-8182
-9710
3233
13735
19725
14706
-5669
-12935
-10537
-8874
990
2804
-2446
-1055
-3507
-6057
-2174
599
7852
15962
12453
6139
1400
-3635
-4519
-5056
-7529
-9062
-9837
-10110
-11696
-13191
-10531
-3243
5576
11728
11788
7823
6923
3272
6371
27051
29624
10890
-163
-12314
-19975
-12392
-8027
-4448
2237
208
-4461
-8573
-9551
2072
13828
20690
18617
-740
-11181
-8070
-9271
-3334
1280
-3513
-2625
-3495
-8333
-7027
-3625
3891
14911
15846
9447
4744
-334
-2686
-3393
-6731
-8437
-8761
-9830
-11660
-14530
-14995
-8840
1254
9083
11223
7425
6226
5360
5109
22655
32434
16239
3556
-7255
-19159
-14646
-8271
-5279
1901
-108
-6654
-10021
-12487
-1510
12821
19011
20625
5550
-9326
-7808
-8451
-4510
2364
-2400
-3716
-2539
-7620
-8270
-6415
-2775
8285
14812
12236
8026
1653
-2446
-3065
-4759
-5112
-5748
-7539
-9164
-12719
-15554
-12512
-3914
5390
10930
8683
4528
3526
3235
17455
32607
22058
7360
-2169
-15390
-15765
-9074
-7389
-377
2083
-5214
-10091
-13174
-6909
8025
18323
22826
11582
-5592
-6610
-5782
-4361
2938
-332
-4534
-2375
-5334
-7977
-6981
-4880
3692
12312
11951
8674
4098
-371
-507
-2208
-4412
-4399
-5708
-7282
-9621
-13388
-13353
-7199
755
7042
7980
4993
3705
2282
12054
30234
26853
11947
2727
-10275
-15291
-9647
-8375
-3603
1193
-4275
-9630
-13906
-11661
2723
14209
20931
17166
-197
-6575
-4131
-3821
1886
1593
-4294
-3679
-5072
-7763
-6630
-6131
-394
8859
10075
7958
5409
905
289
26
-3143
-4730
-5745
-7624
-9603
-12370
-13759
-10445
-3726
2375
4528
3659
3092
1093
7795
26246
28458
14866
5299
-6739
-13821
-8855
-7204
-4690
342
-4036
-10202
-14075
-14251
-1795
11934
19821
19082
3993
-4996
-2692
-1738
3194
3984
-2772
-3732
-4474
-7981
-7177
-6048
-2848
5946
9909
8061
6018
2716
1624
1829
22
-1538
-3230
-5375
-7802
-11364
-13773
-11138
-4755
1050
3005
1419
1549
1262
6247
24161
30387
17990
8288
-2577
-12295
-8967
-5657
-4303
73
-3111
-10662
-15777
-15843
-4357
8905
17919
19878
6344
-3991
-1574
-967
2941
6448
-239
-3792
-4215
-8409
-9158
-7084
-3834
3278
7343
6306
4665
1688
921
1946
371
-430
-918
-3258
-6109
-10026
-13624
-12303
-6004
135
2403
282
-886
-523
3272
20470
31418
20725
10027
999
-9921
-8968
-4397
-2944
1104
-1013
-9583
-16270
-18538
-8745
5973
15008
18891
8752
-4180
-3073
-214
3498
7991
2948
-1971
-2864
-6881
-9278
-8128
-5547
1315
6790
5240
2762
976
-338
872
1222
-22
-707
-1721
-4304
-8160
-12459
-13092
-7803
-1897
1315
608
-2169
-3074
771
16693
30405
22901
10553
2359
-7345
-8130
-3219
-1965
1252
551
-7955
-15908
-19665
-11960
3407
13899
17430
8357
-4504
-4507
-266
3442
8523
5376
-455
-1065
-4311
-8734
-8814
-5897
56
5542
5786
2616
-401
-1007
512
640
247
1319
878
-1845
-5223
-9981
-12656
-7714
-948
1292
949
-1437
-4794
-1410
14418
27544
22942
12025
2653
-6279
-7075
-2628
-341
3006
1980
-6765
-14787
-19240
-13488
1848
13030
16164
8516
-4250
-5713
-524
3960
8778
6991
1688
-180
-2714
-6244
-7691
-5990
-388
4595
4964
2998
-300
-2802
-1666
-900
-1928
-1160
432
-968
-3948
-7385
-11362
-9855
-3044
826
90
-2281
-5362
-1045
15119
24690
18904
10162
1784
-5426
-5468
-1869
1105
4388
2741
-6230
-15468
-19107
-12619
1482
13101
14272
4042
-6036
-6636
-2049
4580
8075
5243
2396
1134
-1612
-5206
-6312
-3987
391
4389
4529
2224
488
-622
-1314
-2336
-3174
-1940
641
733
-2103
-6120
-9223
-7738
-2553
704
479
-1771
-5184
1161
17162
21659
14535
7673
-175
-4375
-3195
-2076
2303
6155
2563
-5006
-14812
-19365
-10594
3353
13042
12362
929
-7401
-7089
-2200
4913
6702
3814
2504
1137
-1325
-3887
-4872
-2231
1696
3440
2315
157
-645
-456
-982
-2799
-5322
-3804
122
394
-998
-4591
-8487
-6420
-1906
25
-327
-2902
-4828
4064
18788
20140
11358
3438
-3685
-4985
-1756
-321
3383
6481
2160
-5637
-13929
-16783
-8028
5241
14195
10523
-2385
-7678
-6067
-1701
6305
6425
1903
2610
1649
-1673
-3522
-3575
131
4165
4672
2282
-897
-1322
310
-1
-2123
-4684
-4651
-1280
-157
-1399
-3871
-6463
-4626
-636
801
-368
-4129
-2649
10286
19497
15023
7100
-809
-6501
-4794
-2518
61
5370
5819
339
-7600
-14829
-12947
-2261
9264
14306
6168
-5705
-8112
-6082
-469
6152
4273
1395
2047
-222
-2764
-3162
-1641
2978
6366
4453
326
-2141
-2038
-559
-756
-2777
-4414
-3941
-2400
-2032
-2871
-4428
-4900
-2216
476
521
-1003
-4017
-204
13251
18771
12287
4563
-3082
-6575
-4348
-3465
-542
5493
5724
174
-7975
-14625
-10987
485
11316
13461
2986
-6483
-6921
-5754
-348
5812
3072
1484
3211
-694
-4311
-3354
-1258
3382
6943
4529
259
-2525
-2214
-626
-2316
-4017
-3793
-3413
-2303
-1785
-3428
-4326
-2759
-602
752
560
-1947
-3403
5235
17370
16601
8531
1279
-5891
-6312
-2802
-2218
801
4669
2930
-2107
-9049
-12291
-6163
4143
12503
10586
-1123
-7037
-5621
-2977
2835
4703
1354
1611
1992
-1555
-4097
-2546
1052
5171
7261
3422
-1464
-2599
-1655
-907
-2234
-4453
-4336
-2613
-1861
-1951
-3296
-3610
-1134
672
721
-657
-3683
-1404
11757
20266
13816
4748
-2926
-7671
-4549
-1894
-1329
2108
3150
-88
-5252
-10821
-9527
-513
8445
11638
4794
-5842
-7633
-4523
-379
4455
2983
-38
1336
1156
-3105
-4883
-1779
2353
6334
6410
985
-3444
-3411
-873
-476
-2853
-4119
-3375
-3470
-3373
-3108
-3967
-1690
1602
1129
-91
-2379
-5127
3101
17778
18803
9906
1543
-7396
-8566
-3178
-1334
1400
4373
2202
-2300
-8607
-11502
-5527
4351
12740
10708
-1556
-8015
-6540
-2751
4171
5766
1559
808
1435
-520
-3537
-3873
-93
4435
7120
5063
-777
-3920
-3056
-1717
-1680
-3369
-4113
-2536
-2939
-4158
-4522
-4305
-157
3739
2051
-1056
-5257
-3696
11056
20355
14239
5266
-3681
-9202
-5652
-1984
-951
2258
3133
-346
-5863
-11335
-9719
-597
9824
13925
5561
-5772
-8435
-5509
-167
4480
3537
1061
1791
1712
-1497
-3241
-836
3101
6691
6861
2040
-2569
-4062
-2469
-860
-2887
-3735
-1711
-2030
-3053
-3558
-4940
-2839
2139
3716
1814
-2705
-5913
4239
18783
18370
9066
-943
-9752
-9123
-3322
-891
1504
3306
1281
-3177
-9024
-10718
-4338
5722
13024
9397
-2614
-8651
-6528
-2617
2281
3978
435
-310
2125
183
-2946
-1540
1231
4483
7462
4419
-917
-3194
-3918
-2147
-2084
-4773
-3344
-1427
-2111
-2284
-4027
-3827
1149
3878
3797
1567
-4528
-498
14708
19516
12487
2708
-7923
-11310
-7091
-3211
372
2415
1122
-2371
-8268
-10973
-5877
3385
12251
11840
846
-7810
-8489
-4331
1375
3772
1465
-1135
-379
730
-1192
-1419
1504
3908
6603
6374
1248
-2068
-3265
-3610
-2842
-4390
-5247
-3307
-3108
-3588
-3661
-4030
-939
3333
4160
3300
-1266
-2209
10359
19605
15277
6488
-4519
-11239
-8637
-5256
-1921
2056
1879
-860
-5985
-10794
-7497
1294
11141
15010
5332
-6259
-8668
-6186
-1121
3876
3386
253
-550
-662
-1854
-1492
1566
4519
6522
6879
3404
-690
-2553
-2328
-1479
-2916
-4066
-3530
-4243
-4446
-4364
-4496
-1517
2745
4793
4686
735
-2063
6813
18306
18242
10066
-589
-9924
-11293
-7119
-3580
-556
1124
-840
-5373
-10077
-10164
-2598
8918
15806
10809
-1048
-8265
-7954
-3657
1655
3974
1134
-1280
-1116
-2523
-3352
-321
3609
6457
7529
4566
-294
-3507
-4347
-2900
-2738
-4417
-4455
-4408
-5679
-6388
-6338
-4647
128
3992
4564
2401
-837
5231
17400
18818
11431
2255
-6862
-9382
-7277
-4784
-1355
-339
-1763
-4877
-9653
-9985
-3544
6813
14989
11946
1217
-5447
-6090
-3079
1272
3243
2271
379
-873
-2130
-3485
-1590
2684
6112
7902
5850
1521
-1504
-2946
-2760
-2990
-3672
-2988
-3377
-4464
-5569
-7445
-6057
-1230
2798
4624
2198
-292
6844
16859
18476
13071
2839
-6204
-7761
-6936
-5348
-1817
-888
-2409
-5942
-11024
-10652
-3976
5664
14117
11975
1321
-5155
-5139
-2375
1709
3879
2196
7
-1004
-2688
-3739
-1893
1411
5092
7273
5895
2939
-363
-2699
-2820
-3228
-3619
-2500
-2962
-4658
-5706
-7484
-7405
-3255
1370
4228
3061
542
6719
16432
17618
13135
5050
-4255
-6210
-5370
-5529
-2398
-933
-3068
-6294
-11339
-12185
-5899
3797
12252
10806
1286
-4659
-5232
-2609
1869
3552
1830
121
-1257
-3311
-4181
-1958
1642
5040
6886
5380
2934
1022
-1165
-2197
-2964
-3443
-1844
-1475
-3342
-4683
-6228
-6807
-3640
449
2777
2324
1738
8031
16389
17413
12872
5108
-3025
-5208
-4056
-3393
-1729
-1101
-2826
-6529
-11606
-12428
-6719
2748
11113
10327
1821
-4792
-6256
-3346
1308
3965
3080
125
-1877
-3436
-4690
-2774
1170
4334
5835
4753
2253
322
-625
-1676
-3837
-4323
-2471
-2160
-2902
-3526
-5555
-6489
-4111
-942
1739
2344
2657
9249
16908
17306
12639
4858
-2202
-3733
-3264
-2554
-1220
-1191
-2565
-6281
-10999
-11714
-7025
1895
9698
8713
1325
-4370
-5849
-3897
-131
3144
3554
1312
-699
-2432
-3874
-2465
1196
4659
5843
4308
2292
-14
-1191
-652
-2497
-4115
-2660
-2403
-2959
-3106
-4474
-5191
-3638
-1322
836
523
1119
8825
16197
16500
12269
4128
-2532
-3058
-2772
-2139
-626
-1411
-2587
-5315
-10277
-11211
-6999
980
8495
7381
853
-3605
-5120
-3118
24
2087
3099
1894
-264
-1754
-2502
-1701
935
3975
5181
4055
2027
-126
-888
-577
-2236
-3778
-3099
-2984
-2987
-2682
-3274
-3262
-2225
-1094
320
-334
228
8803
16988
16863
11926
3682
-2741
-2905
-2315
-1608
-349
-1600
-3374
-6197
-10718
-11163
-6668
929
7786
6587
-66
-4304
-5320
-3313
771
2987
2745
1743
39
-2397
-2912
-829
1638
4534
5460
3448
1354
-1217
-2324
-1287
-2144
-3284
-3067
-3943
-4371
-4016
-4044
-2718
-784
-3
435
-1090
-956
7492
15923
16460
12064
3755
-3144
-3541
-2761
-1870
14
-425
-2252
-5448
-9947
-10265
-5740
1729
8338
6704
-113
-4478
-6059
-4225
81
2756
3236
2310
475
-1695
-2767
-765
2966
5934
6506
4581
1432
-1929
-2826
-1763
-1891
-2059
-1742
-2947
-4220
-4464
-4388
-2789
-135
1134
1252
-788
-1405
6180
14640
16308
12748
4617
-2023
-2708
-2575
-1347
580
-119
-1297
-4279
-9385
-10434
-6770
186
7197
6563
468
-4024
-6826
-5970
-1592
1701
3039
2618
1075
-1150
-3034
-2087
1431
5242
7056
5939
2714
-1448
-3830
-3723
-3456
-2714
-1675
-2779
-4380
-5311
-5856
-4403
-1424
635
1350
-453
-1307
5929
13902
15122
12325
5136
-1493
-2188
-2003
-1008
1212
650
-1015
-3927
-8665
-9755
-6445
-157
6453
6111
566
-3778
-6936
-6450
-2138
1184
2828
2824
1324
-441
-1853
-1395
1238
4450
6496
6643
4225
-356
-3200
-3956
-4417
-3099
-1375
-1866
-2979
-3916
-4821
-4304
-2176
261
1938
549
-443
6109
13625
15012
12178
4976
-1581
-2651
-2288
-841
1303
972
-712
-3866
-8115
-9122
-6444
-706
5506
5553
668
-3916
-7650
-7813
-3842
185
2380
2345
1213
-217
-1724
-1824
82
3447
5713
5846
4498
302
-3614
-4432
-4535
-3608
-1682
-1424
-2570
-3930
-4782
-3833
-1574
439
2172
1143
48
6498
13488
14562
12498
5655
-629
-1223
-1610
-520
2281
1643
-167
-2859
-7862
-9241
-6217
-1059
5012
5224
713
-2787
-6575
-7209
-3288
-105
1730
2361
1679
738
-545
-957
404
3040
5020
5421
4309
844
-2520
-4366
-5371
-4413
-2569
-1817
-1970
-3128
-4734
-4681
-2815
-705
1435
863
194
6397
12577
13320
11436
4806
-1411
-1747
-1440
-288
1604
838
-409
-3203
-7510
-8128
-6289
-1935
4089
4142
200
-3265
-7130
-7016
-3278
-886
606
887
494
442
-108
-23
1037
2877
4639
4857
3578
855
-1580
-2918
-4319
-4537
-3071
-1721
-1077
-1107
-2254
-3190
-2322
-705
1150
834
922
7520
12996
13071
10996
4162
-1438
-1098
-1128
391
2823
1239
-317
-2600
-6996
-7461
-5038
-914
3996
3134
-396
-3227
-7445
-7329
-3219
-1144
0
95
-869
-859
-432
173
1527
3204
3893
4013
3068
-96
-2111
-2655
-3844
-3944
-3172
-2524
-1273
-868
-1738
-1894
-1308
-580
994
77
-296
6930
12751
12600
10704
3958
-2033
-1596
-1012
890
3465
1800
-70
-2496
-6880
-7314
-4799
-253
5258
4369
-254
-4086
-8300
-7929
-3047
-113
908
730
-378
-913
-419
879
2740
5231
6103
5157
3712
262
-2174
-2438
-3394
-3406
-3001
-3544
-2876
-2277
-3009
-2713
-1398
-586
627
-448
-671
6275
11304
11457
9998
2691
-3237
-2615
-2074
519
3562
1737
-510
-3502
-7599
-6847
-3968
305
5468
3942
-904
-4602
-8724
-8255
-3481
-432
724
213
-739
-789
-584
531
2889
5324
6165
5567
3427
-314
-2171
-2495
-3570
-3570
-3045
-3200
-2554
-2082
-2952
-2807
-1260
316
1949
634
832
7705
11427
10829
9457
2581
-2576
-1654
-1540
921
3820
1739
-218
-3061
-6676
-5003
-2020
1577
5903
3639
-1528
-4862
-8474
-7364
-2160
29
289
-145
-1514
-2033
-1255
71
2351
5140
5836
5231
3255
-598
-2050
-2211
-3336
-3185
-3426
-4260
-3130
-2624
-3499
-2863
-1532
-194
1475
-62
301
7264
10886
10868
9765
2445
-2792
-2083
-1992
630
3503
1789
90
-2931
-6931
-5855
-2913
1736
6727
4453
-701
-4565
-8659
-7371
-2028
529
1236
411
-939
-1011
-389
1028
3421
5877
6581
6124
4100
372
-1356
-2040
-3413
-3485
-3411
-3915
-3342
-3181
-4137
-3848
-2602
-954
763
-12
2835
9690
10949
10443
8443
862
-2573
-1860
-2183
794
2499
379
-862
-4209
-7100
-5236
-2597
2219
5923
2455
-2230
-6019
-9307
-6422
-1833
-532
-299
-2022
-3730
-3186
-1511
635
3558
5656
5152
4773
3050
313
586
-20
-2101
-2705
-3586
-4158
-3007
-2530
-3099
-2671
-1887
-455
360
-557
4650
11849
12460
12084
8469
472
-1864
-1204
-1164
1828
2681
802
-580
-4557
-6645
-4395
-1468
3993
6325
2143
-1564
-5577
-8541
-5470
-1867
-525
-135
-1893
-3734
-3748
-1992
1014
4471
6233
5215
3988
2037
34
199
-264
-1738
-2719
-4102
-4828
-4189
-3821
-3609
-2701
-1982
-908
-1340
-1701
5382
11723
11542
11259
6451
-1014
-1862
-1403
-1068
2032
2215
573
-992
-4964
-5876
-3544
-652
4748
5555
1016
-1779
-5431
-7367
-3932
-1202
-344
-257
-1945
-3515
-3493
-2139
401
4212
6030
4861
3759
1362
-210
720
-286
-1785
-2320
-4081
-4324
-3223
-3705
-3549
-1950
-965
-194
-1422
-1410
6182
11483
11058
10796
5401
-1129
-1567
-1587
-247
2956
2338
620
-1619
-5728
-5750
-2887
661
5552
5051
633
-1999
-5300
-6095
-2693
-567
-20
-468
-2010
-3089
-2887
-1335
1169
4335
5271
4160
2909
136
-829
16
-1156
-1877
-2254
-3741
-3329
-2588
-3209
-2834
-1916
-1309
-927
-2709
-1870
5886
10774
10732
9556
3028
-2716
-2260
-1680
292
3083
1838
-423
-3165
-6749
-6082
-2911
1124
5698
4157
-670
-3567
-6720
-6403
-2321
-145
166
-972
-2994
-3725
-2566
-527
2368
5579
5671
4130
2453
-489
-866
202
-628
-1081
-2186
-3927
-3145
-2050
-2328
-1518
-334
-105
-436
-2576
-199
8063
11531
11734
9882
2047
-2849
-2240
-1498
1706
4338
2440
68
-3632
-7216
-5563
-2038
2582
6419
3591
-904
-4212
-7341
-5628
-1603
544
1036
-440
-2347
-3359
-2508
-12
3184
6358
6526
4861
2593
-561
-898
-315
-1291
-1400
-2146
-3673
-3377
-2844
-3078
-2188
-679
114
-439
-2769
-54
7544
10530
10887
8585
825
-3734
-3497
-2638
803
3282
1854
-162
-3828
-7016
-5379
-1739
3372
6405
2691
-1719
-5060
-8191
-6554
-2839
-852
-97
-1127
-2658
-3221
-2494
-232
3273
6502
6814
5092
2155
-1117
-1574
-1232
-1819
-1944
-2728
-3467
-3008
-2797
-2994
-2167
-385
747
106
-2335
-436
6842
10659
10866
8303
974
-3728
-3647
-2774
540
3581
2902
1023
-2642
-6303
-5494
-1909
3753
7302
3826
-803
-4301
-7508
-5880
-2088
-447
-113
-1088
-2402
-3037
-2095
300
3155
6177
6813
5237
2891
1
-706
-664
-1622
-1863
-2864
-3988
-3352
-2779
-2702
-1843
-48
647
38
-1732
-912
6363
11617
11858
9859
2884
-3271
-3903
-3237
-352
3558
3789
1989
-1644
-6363
-6379
-2631
2812
7793
5568
-143
-3627
-7424
-7564
-3173
-886
-612
-1212
-2737
-3675
-3191
-1121
1831
4910
6353
5534
3116
106
-1017
-1383
-2292
-2291
-2786
-3845
-3508
-3191
-3537
-2871
-1177
55
256
-678
-2358
1628
9267
11312
10654
7253
-53
-3611
-3807
-2779
1086
3525
2944
747
-4179
-7290
-5137
-732
5498
8016
3472
-810
-4968
-8671
-5648
-1505
-661
-367
-1387
-2771
-2549
-943
1448
4142
6418
7123
5764
2689
-232
-1648
-2691
-3108
-2700
-3096
-3805
-3717
-4065
-3963
-1997
-193
736
919
-924
-1868
3255
9564
11639
10901
6083
-732
-4277
-4823
-2386
1696
3328
2524
-819
-6326
-8428
-5461
155
6373
7301
2637
-2205
-7195
-8933
-5162
-1977
-765
-710
-2048
-2826
-2393
-764
1786
4462
6825
7682
6316
3351
75
-2042
-2789
-2889
-2449
-2398
-2895
-3624
-4834
-4714
-2711
-102
1770
2039
350
-816
3746
10289
12539
11858
7083
-520
-4096
-4352
-2680
1387
3051
1327
-1717
-6615
-8460
-4709
1007
6919
7710
2377
-2501
-6416
-7839
-4424
-1483
-581
-211
-1214
-2278
-1985
-845
1239
4476
6924
7473
6411
2897
-633
-2223
-3190
-2923
-1995
-2480
-3472
-4843
-6579
-6100
-3397
-388
1918
2022
-276
-2014
2303
10532
14710
14104
8678
26
-4741
-5192
-3440
792
2966
1601
-1433
-6806
-9382
-5686
508
7111
8465
2717
-2578
-6646
-8296
-4898
-2292
-900
302
-1183
-2508
-2263
-1848
698
4780
7093
7622
6030
2282
-537
-2289
-3308
-2656
-2190
-2855
-4025
-6133
-7671
-6898
-4337
-533
2141
1747
587
-1393
-775
7766
14821
14852
12009
4386
-3477
-5129
-4687
-2340
1452
1522
-387
-3650
-7879
-6366
-1041
4474
9383
6582
-208
-3511
-6549
-6678
-2928
-811
193
122
-1384
-2236
-1657
488
3956
6717
7241
6383
4074
1097
-979
-2693
-3383
-3318
-4007
-5388
-7010
-8120
-7874
-5372
-1092
1878
2697
2351
979
-676
2554
11194
15312
14084
10146
1362
-5380
-6482
-5620
-1976
1136
388
-1803
-5511
-8073
-5218
83
5932
8612
4278
-1203
-4498
-6621
-5045
-1702
-410
-96
-603
-1257
-1061
205
2687
4761
5995
6455
5827
4131
1250
-1294
-3167
-4980
-5835
-5910
-6505
-7143
-6967
-5938
-3473
107
2809
3978
4163
2925
1321
4685
12086
15028
13543
8943
10
-6462
-7415
-6372
-3198
-121
-78
-1922
-4903
-6543
-4261
66
5417
7671
3301
-1087
-3600
-5998
-4478
-1999
-1533
-540
203
157
214
1005
2541
3863
5359
6456
5634
3560
403
-3077
-5706
-7472
-7259
-6197
-6323
-6455
-6865
-6675
-3414
1042
3841
5373
5024
3438
1865
2973
9878
13947
11338
7502
-149
-7775
-8523
-7143
-4168
-244
-209
-1822
-3772
-6371
-4927
-297
4519
7649
4953
-445
-3538
-5637
-5320
-1823
417
1100
1660
1369
572
897
2814
4939
6553
6862
4990
2119
-1898
-5106
-6243
-7160
-6349
-5056
-6091
-6889
-6465
-5463
-1898
3068
5996
7263
6721
4463
2842
1846
5960
12548
12033
8674
3172
-5596
-8108
-6510
-4891
-78
2363
730
-853
-4383
-6328
-2901
1442
5902
6771
1449
-3127
-5404
-6000
-2713
227
1108
1901
1327
708
1109
2409
4121
4840
5063
3509
569
-2008
-4620
-5651
-6163
-6885
-6539
-6586
-6828
-5442
-3400
-1137
2220
5188
6152
5833
4491
2825
1216
234
4893
9913
8341
5896
987
-6342
-7943
-7006
-5090
-438
1208
386
-568
-4244
-5362
-1834
1670
5816
5999
669
-2639
-4300
-4674
-1690
244
827
2101
2784
2900
2300
1494
1611
2184
2587
1661
515
-1161
-4015
-5247
-6407
-7642
-5961
-4230
-3428
-1304
-148
448
2654
4875
6364
6904
5284
3047
-50
-2253
2975
8513
7728
6423
1057
-7312
-9172
-7850
-5159
173
2618
2050
110
-3975
-5120
-1850
2853
7756
7194
1836
-1191
-3938
-5413
-2576
-470
972
3258
3378
1677
-73
-897
-398
1138
2676
2714
1906
-298
-3731
-5987
-7263
-6990
-4657
-2650
-1638
-1025
-1312
-707
1681
4265
6387
6666
4593
1642
-1747
-4113
180
7050
7619
5430
483
-7294
-9341
-7023
-4039
1611
5016
3882
2288
-1110
-3920
-1534
2545
6582
7927
3190
-1404
-4481
-7358
-5329
-2052
-261
2526
3114
1040
-695
-1646
-845
2045
4138
4102
3026
74
-3004
-4866
-6300
-6057
-4320
-2910
-2231
-1792
-1601
-872
1541
4374
6501
6829
5366
3064
-117
-2994
-4421
-391
5177
5834
4619
544
-5656
-6763
-4337
-427
5379
7991
6368
3092
-2171
-4726
-2222
1542
6367
6713
-46
-5672
-9162
-9997
-4918
275
2857
3696
2094
-134
-1292
-1196
629
2768
3567
2978
694
-2757
-5388
-6728
-7538
-6562
-4017
-2347
-1433
-690
-696
-45
2612
5564
7384
7340
4480
179
-3819
-7027
-8258
-2807
5368
7871
6978
2992
-3647
-5192
-2000
2117
7131
8629
5639
2051
-2732
-5587
-4063
-1458
2704
3259
-2249
-5756
-7673
-7790
-1890
2915
4028
4578
3419
1551
779
773
1718
3235
3935
2858
-522
-4609
-6232
-5777
-5041
-3371
-2035
-1968
-1305
-583
-454
818
3274
5690
6498
4940
1197
-3047
-5849
-6476
-6395
-2428
6030
9820
9237
6834
731
-2486
-1051
1019
5002
6814
3710
56
-5093
-9947
-8707
-4117
1837
4782
564
-4102
-6575
-6792
-1271
4318
5762
5851
3836
1265
38
-595
503
2047
2202
1500
-835
-3766
-4872
-4505
-3156
-1998
-1964
-1926
-2117
-2475
-1938
-455
1849
4114
4458
2632
-148
-2596
-3293
-2089
-1216
-1681
1985
7837
9018
8835
6479
638
-2253
-2117
-1106
1074
1711
398
-1700
-5603
-7728
-5558
-2285
1885
3283
-165
-2379
-2857
-1923
1592
3345
3201
2413
946
171
-333
-162
325
408
496
-148
-1796
-2850
-2889
-2810
-2563
-2992
-3847
-3771
-3299
-1302
964
1353
2476
3353
2284
2525
2413
1032
576
-720
-2157
-2839
587
7329
9449
7966
4125
-2843
-6016
-4122
-1524
1987
4077
2371
-688
-4705
-6907
-4690
-825
4160
6250
2541
-961
-3423
-4576
-1571
1119
2624
3555
1885
208
-1026
-1510
-200
1030
1544
1000
-742
-2844
-3978
-4220
-4204
-3897
-3587
-2944
-1930
-257
1124
1385
2491
3632
3565
4115
4049
2524
621
-1655
-3423
-5156
-3665
3473
8103
8329
6953
871
-4318
-3173
-783
2631
6389
5559
2229
-1626
-5313
-5382
-3227
445
3619
1442
-2217
-4539
-6918
-5519
-1622
959
3197
3566
2393
988
-832
-996
-110
857
1738
1110
-853
-3183
-4818
-4964
-4085
-3022
-1983
-1078
-267
640
1326
2296
3972
4679
4102
3184
1554
-599
-2306
-3640
-5339
-6791
-2768
4840
8563
9570
7240
1211
-1322
-210
1964
5842
7125
4513
1123
-3889
-7992
-7389
-4744
-579
1580
-1565
-4898
-7076
-7950
-4192
559
3220
5014
4943
3523
1822
348
-126
-325
-154
-40
-848
-2588
-4660
-4966
-4641
-4483
-2953
-1154
236
1762
2259
1614
1693
2534
3286
3560
2166
137
-1716
-3889
-5360
-6010
-6361
-2099
6931
12573
13517
10963
4595
22
-651
195
3012
4976
3295
-224
-6036
-11717
-11759
-7902
-1521
3441
1401
-2669
-4842
-4886
-429
5474
8549
9420
7929
4064
451
-1968
-3044
-1928
-128
265
-835
-2845
-4974
-5408
-4875
-3979
-1549
756
1774
1978
472
-1533
-1760
-357
1511
2640
1836
211
-765
-1848
-3134
-3238
-2441
-443
6788
13803
13592
10576
5009
-2549
-5058
-4062
-2540
176
422
-2260
-6016
-10751
-11515
-6717
74
7270
8954
4077
-617
-3691
-3227
1746
5751
6699
5616
2670
-1522
-4835
-5039
-2869
368
3189
3193
388
-3247
-5903
-5467
-3509
-1714
543
647
-1240
-2556
-3843
-3398
41
3665
5553
5384
3199
1256
909
745
294
-489
-1563
-2079
1589
6659
6635
4375
617
-4759
-6356
-5313
-2949
1571
3787
2853
741
-3335
-4478
-959
2657
6520
5829
-318
-4398
-6602
-6444
-1966
1564
2462
2628
1264
-807
-1789
-1401
612
2678
3264
2101
-977
-4250
-6611
-7256
-5867
-3577
-959
167
-635
-1390
-1561
203
4201
7926
9373
8088
4941
1898
142
-1283
-2797
-4252
-6108
-7677
-5454
839
4866
6343
6588
2788
-639
-752
495
3765
6999
7234
4502
-647
-5287
-6179
-4375
-531
1878
-902
-3926
-5709
-6484
-2916
1549
3895
5131
5060
3981
2144
538
43
-259
-441
-815
-2337
-4246
-5727
-5916
-4292
-2531
-756
1031
1337
1675
2243
2201
3287
4741
5032
4330
1965
-1372
-3176
-3582
-3303
-3533
-5639
-7208
-6706
-2028
6098
10586
11022
8608
2915
-387
-324
647
3934
6054
3792
-122
-5108
-8846
-7768
-3926
627
1837
-1647
-4280
-5922
-5591
-984
2820
4360
5314
4151
1535
-355
-1208
-1056
-93
684
207
-1603
-3394
-4628
-4373
-2493
-1134
145
778
-439
-1000
-967
-637
1358
3573
4311
3596
1506
-1216
-2228
-1593
-990
-1567
-3910
-5718
-5938
-1997
6414
10586
9858
7870
2775
-925
-426
1232
4305
5977
3696
177
-4875
-8591
-6716
-3084
699
2057
-1928
-5144
-5936
-5035
-402
3737
5325
5831
4683
3136
1186
-995
-1326
-720
-206
-85
-1453
-3891
-6137
-6495
-5059
-3326
-824
944
723
1043
1315
1230
3053
4868
5243
5086
3202
411
-929
-1388
-1805
-3156
-5906
-7483
-7291
-4277
4323
11260
11363
10212
6631
1010
227
1473
2718
5587
5237
1415
-3282
-8864
-10169
-6907
-3170
920
1080
-2307
-3927
-4832
-3613
539
3600
5196
5369
3505
737
-1883
-3056
-2735
-1543
-238
-574
-1758
-2704
-3649
-2882
-1358
-546
1052
1446
865
1346
735
603
2443
3246
3146
2715
837
-934
-1634
-1990
-2024
-3121
-5055
-5245
-4556
-1739
5714
10961
11041
9929
5588
417
-431
258
1934
4420
3230
-614
-5318
-9930
-9898
-6586
-2663
897
-613
-4238
-5522
-6066
-3813
678
3681
5602
5864
3946
1431
-1185
-2117
-488
1711
3110
2742
495
-2273
-4056
-4130
-3321
-2094
-776
-562
-862
-720
-516
764
3097
4494
4679
3831
2111
1121
923
315
-422
-2134
-4878
-6197
-5974
-3818
2565
9120
10914
9687
5716
678
-710
422
2177
3854
2656
-769
-4800
-8958
-9999
-8079
-5126
-1414
-1039
-3713
-4790
-4663
-2580
2203
6284
8045
8158
6937
4386
1625
101
-96
458
769
-546
-3072
-5565
-7241
-6792
-5211
-3588
-1256
283
1230
2554
2853
3630
5486
6517
7035
6550
4616
2564
589
-1502
-3285
-5006
-6887
-8254
-7785
-5837
-2374
4279
9616
10249
9290
6091
2306
1627
1651
1861
2051
-112
-3225
-6890
-10561
-10693
-8300
-4844
-1015
-822
-2270
-2018
-1208
2317
6964
8552
8595
7012
3701
1058
-1068
-2516
-2738
-2738
-3119
-4090
-5304
-6025
-5573
-3481
-1331
222
2506
4118
4840
5801
5710
5271
5381
4929
3946
2100
-821
-3445
-5276
-6436
-6622
-6571
-7062
-7018
-5962
-4163
344
7447
12321
13266
11429
6518
1680
-36
-349
227
721
-1272
-4848
-9136
-12385
-11512
-8080
-3203
1662
2121
637
375
283
2418
5791
7070
7189
5674
2457
-461
-3232
-4768
-3801
-2255
-1003
-388
-1214
-1907
-1658
-803
640
2083
3334
3906
3802
3402
2257
1407
1600
1256
248
-1010
-2719
-3550
-3267
-2532
-1747
-2115
-3316
-4324
-4658
-2948
1019
6454
10986
11256
8207
4415
658
-806
203
921
810
-595
-3695
-6963
-8999
-8486
-5347
-1588
1702
2769
1205
205
423
1634
4075
5612
5420
3926
1313
-1233
-3131
-3610
-2330
-849
192
348
-910
-2197
-2465
-2116
-1313
-500
202
680
640
608
256
-115
564
1251
1472
1608
921
-7
-396
-1518
-3209
-4537
-5885
-6234
-5134
-3173
-851
1987
6552
9926
10014
9088
5926
1432
-326
-676
-798
-261
-1051
-3338
-6051
-8025
-7399
-4816
-934
2767
3015
1770
1004
234
1922
4693
5605
5617
4606
2735
704
-1246
-2224
-2428
-1823
-619
-625
-1732
-3096
-4318
-4165
-3159
-1882
-1
1217
1624
1576
598
103
816
2027
3414
3232
1017
-1434
-3787
-5362
-5331
-5007
-4850
-4353
-3798
-2908
-971
2899
8407
12029
12239
9873
4826
170
-1290
-1390
-964
-544
-1948
-4441
-6783
-8128
-7408
-4929
-1033
2381
3177
3021
2593
2127
3436
5228
5902
5640
4174
2086
-360
-2859
-3951
-3885
-3356
-2674
-3041
-4246
-5140
-4980
-3600
-1955
-50
2023
3266
4052
4193
3291
2843
3062
3350
3361
1992
-139
-2249
-4276
-5204
-5443
-5532
-4658
-3778
-3134
-1424
734
4456
10034
12866
12211
9428
3904
-594
-2119
-3082
-2665
-1940
-3137
-4470
-6263
-7999
-6926
-3711
762
4653
5260
4245
2952
1832
2754
3977
3771
3147
1765
-484
-3115
-5773
-7143
-6699
-4760
-2298
-1079
-1254
-1738
-1662
-599
780
2414
4186
5105
5446
4529
2142
349
-534
-732
-421
-998
-2561
-4121
-5305
-5711
-5235
-4250
-2634
-936
100
1147
2302
4360
8245
10942
10412
7610
2603
-2356
-4330
-4316
-3284
-1738
-1447
-2368
-3925
-5441
-5037
-2712
725
4001
4268
2269
274
-1394
-982
868
1702
1678
743
-949
-2623
-3955
-3946
-2288
-88
1978
2841
1615
-94
-900
-930
-237
926
1817
2054
1772
753
-828
-1600
-933
323
1463
1520
-22
-1819
-2783
-2974
-2338
-1211
-206
474
173
-494
-328
744
4552
9579
11008
9102
4862
-688
-3606
-3590
-2407
-204
683
-373
-2011
-4849
-6523
-5217
-2340
1788
4091
2649
441
-1609
-1993
593
2786
3563
3229
1195
-681
-2180
-3402
-2894
-1739
-785
-23
-692
-1977
-2245
-1653
-502
543
1042
1292
1064
547
-59
-867
-804
127
696
677
-414
-2329
-3476
-3558
-2715
-1332
-319
270
-210
-1606
-1870
-688
2515
7804
10860
9608
5714
257
-3676
-3949
-2145
680
2566
1653
-694
-3821
-6332
-5666
-2837
830
3653
2931
342
-1833
-3066
-1675
1109
2896
3745
3009
897
-1067
-2568
-2497
-609
1295
2284
1573
-770
-2813
-3242
-2345
-798
426
732
422
-99
-607
-899
-550
444
1219
1416
822
-369
-1069
-896
-119
531
381
-186
-878
-1781
-2296
-1968
-837
1822
5709
7905
7028
4315
865
-1557
-1501
281
2265
3018
1836
-959
-4463
-7038
-7052
-4646
-1076
1701
1518
-604
-2385
-2784
-744
2396
4159
4438
3239
1224
-359
-1686
-2187
-1594
-925
-344
-649
-2316
-3859
-4490
-4020
-2448
-944
29
899
1392
1677
1767
1608
2061
2740
2984
2817
1723
118
-706
-765
-604
-374
-545
-1149
-1888
-2601
-2417
-971
1627
5660
8670
8160
5723
2519
-264
-529
584
1423
1738
628
-1634
-4036
-6275
-6800
-4946
-1985
849
1599
27
-1510
-1964
-674
2077
3865
3938
2902
1057
-723
-2264
-3460
-3443
-2474
-1336
-694
-1319
-2814
-3487
-2863
-1584
2
1044
1438
1979
2280
2155
1887
1400
1311
1589
1514
1030
89
-858
-1338
-1855
-2538
-2977
-3062
-2611
-1926
-1704
-1492
-801
1213
4977
7657
7780
6392
3472
776
-5
-156
39
231
-829
-2544
-4534
-6299
-6076
-3935
-639
2315
2594
1351
243
-387
950
2938
3496
3250
2132
563
-440
-1548
-2502
-2422
-1709
-572
72
-579
-1681
-2524
-2492
-1434
-277
687
1439
1908
2343
2257
1552
1044
1005
1390
1710
1247
46
-1313
-2185
-2546
-2700
-2727
-2563
-2111
-1552
-1233
-745
205
2316
5950
8290
7853
5787
2202
-1023
-1913
-1810
-1139
-394
-921
-2160
-3888
-5583
-5582
-3948
-993
1816
2108
1010
-209
-962
349
2330
3123
3264
2313
959
51
-1528
-2804
-2886
-2511
-1344
-344
-809
-1658
-1994
-1649
-437
795
1460
2060
2522
2672
2360
1360
652
816
1206
1598
1167
-413
-1878
-2646
-3087
-3343
-3363
-3018
-2117
-1075
-383
139
818
2885
6645
9112
8807
6565
2654
-789
-2178
-2542
-2092
-1575
-1857
-2566
-3930
-5408
-5379
-3658
-484
2597
3073
1803
90
-1289
-458
1268
1914
1878
992
-30
-558
-1476
-2170
-2012
-1496
-268
741
305
-638
-1091
-951
-183
515
529
480
762
1224
1357
663
-275
-683
-456
154
396
-179
-918
-1155
-1188
-1217
-1186
-994
-340
436
691
507
349
1096
3536
5841
6071
4832
2490
32
-893
-911
-672
-227
-212
-814
-2176
-4135
-5500
-5366
-3473
-816
620
619
-153
-985
-465
810
1625
2230
2130
1760
1421
210
-917
-1366
-1186
85
1026
560
-581
-1697
-1944
-1211
-346
204
555
1063
1798
1955
1196
199
-419
-213
648
927
315
-567
-1282
-1438
-1385
-1471
-1455
-1131
-600
-377
-418
-236
727
3393
6072
6418
5061
2643
93
-772
-490
-42
339
-1
-854
-1994
-3636
-4819
-4602
-3045
-718
564
298
-598
-1597
-1245
505
2030
2962
3211
3021
2745
1891
760
-150
-655
-411
-52
-589
-1878
-3133
-3642
-3233
-2402
-1738
-1186
-306
758
1547
1621
976
310
400
1171
1751
1486
517
-473
-1138
-1818
-2327
-2657
-2695
-1881
-1313
-1382
-1161
-604
1622
5344
7252
6891
5062
2030
38
-326
-308
211
374
-363
-1294
-3160
-5096
-5479
-4433
-1779
802
1329
802
-144
-590
547
1969
2942
3465
3248
2811
1700
-330
-1883
-2540
-2217
-954
-382
-1108
-2157
-2928
-2875
-1984
-986
-14
1183
2384
3055
2728
1668
647
477
1238
1825
1484
289
-1164
-2080
-2636
-3034
-3026
-2701
-1839
-1042
-1063
-1272
-1210
352
4143
7328
8052
6990
4275
1592
499
75
76
155
-407
-1286
-2997
-5350
-6720
-6464
-4271
-1177
580
985
584
82
999
2484
3506
4309
4369
4060
3176
886
-1551
-3177
-3612
-2449
-1222
-1315
-2303
-3535
-3960
-3128
-1863
-312
1463
2901
3786
3521
2087
722
270
1033
2190
2242
999
-960
-2840
-3856
-4062
-3715
-2833
-1537
-482
-432
-749
-700
607
4066
7419
8178
6827
3881
655
-906
-1385
-1396
-981
-1076
-1737
-3195
-5560
-7113
-6727
-4273
-509
2032
2595
2158
1328
1500
2570
3229
3509
3486
3302
2855
1227
-1111
-3076
-3961
-3348
-2262
-1982
-2376
-2860
-2730
-1813
-710
402
1698
3182
4425
4597
3538
1912
695
665
1148
988
-124
-1794
-3133
-3824
-4072
-3923
-3503
-2509
-1082
-345
-320
-207
574
3343
7103
8655
7636
4906
1259
-1167
-2056
-2264
-1797
-1422
-1512
-2234
-4089
-5902
-6179
-4450
-956
2230
3439
3272
2270
1449
1548
1593
1378
1305
1442
1578
782
-1000
-2744
-3695
-3180
-1636
-535
-254
-390
-456
-117
368
926
1713
2715
3727
3918
2805
982
-591
-1124
-721
-304
-569
-1352
-2113
-2674
-2991
-2971
-2751
-1978
-642
210
418
465
807
2599
5159
6185
5490
3578
1100
-381
-857
-1015
-848
-847
-1127
-1642
-2885
-4129
-4243
-3053
-752
1213
1675
1234
447
152
793
1365
1587
1697
1733
1755
1095
-269
-1508
-2205
-1916
-893
-302
-484
-1073
-1621
-1680
-1369
-829
161
1310
2193
2371
1462
177
-535
-471
202
604
-19
-1059
-1915
-2451
-2520
-2353
-2169
-1644
-925
-508
-238
52
943
2993
4847
5200
4374
2797
1289
739
665
527
307
-326
-1093
-1918
-3004
-3753
-3589
-2398
-706
325
349
-60
-365
26
883
1447
1643
1682
1836
2048
1705
835
-27
-565
-477
-158
-408
-1130
-1937
-2471
-2573
-2469
-2103
-1287
-54
1336
2252
2203
1711
1486
1691
2203
2273
1362
41
-1156
-2072
-2551
-2884
-3150
-2877
-2278
-1636
-941
-313
964
3168
5021
5745
5335
3983
2624
1708
945
348
-316
-1173
-1904
-2735
-3688
-4301
-4234
-3234
-1802
-792
-243
40
277
805
1367
1719
1972
2159
2450
2571
1980
902
-194
-935
-1128
-1068
-1212
-1706
-2223
-2426
-2243
-1738
-1058
-108
1050
2092
2646
2480
2001
1695
1641
1668
1233
81
-1240
-2394
-3138
-3290
-3297
-3185
-2770
-2292
-1615
-728
376
2237
4124
4902
4760
3766
2401
1540
1046
777
489
-292
-1260
-2172
-3191
-3837
-3752
-2978
-1753
-868
-525
-384
-280
238
1108
1807
2267
2504
2638
2771
2540
1900
1054
64
-766
-1368
-1936
-2515
-2993
-3141
-2867
-2448
-1944
-1114
12
1336
2660
3440
3575
3232
2564
1849
1045
-1
-1065
-1936
-2656
-3206
-3673
-3917
-3664
-2980
-1805
-344
1057
2715
4382
5108
4913
4187
3112
2329
1902
1421
736
-282
-1474
-2477
-3226
-3576
-3443
-2860
-1950
-1243
-1006
-884
-642
-21
1007
1943
2455
2507
2329
2238
2193
2001
1564
818
-5
-757
-1470
-2121
-2689
-2971
-2751
-2265
-1722
-1135
-533
297
1361
2290
2815
2791
2291
1667
1047
366
-404
-1306
-2138
-2623
-2915
-3011
-2836
-2454
-1655
-419
1017
2571
3787
4261
4192
3717
3011
2395
1857
1289
705
-43
-1015
-2102
-3152
-3837
-3864
-3278
-2394
-1702
-1482
-1484
-1287
-688
299
1359
2190
2677
2831
2672
2257
1673
1013
455
38
-375
-893
-1666
-2489
-2976
-2957
-2409
-1582
-785
27
891
1683
2370
2687
2512
2102
1603
1037
336
-654
-1799
-2690
-3177
-3215
-2951
-2638
-2128
-1296
-105
1453
2878
3669
3907
3755
3343
2755
2056
1352
686
48
-592
-1381
-2411
-3319
-3684
-3330
-2399
-1491
-940
-691
-561
-216
420
1141
1772
2275
2655
2800
2533
1893
1112
448
100
10
-167
-671
-1415
-2103
-2458
-2389
-2030
-1512
-868
-87
731
1413
1805
1841
1690
1530
1319
928
279
-543
-1347
-2016
-2457
-2710
-2802
-2613
-1996
-889
461
1595
2312
2696
2860
2944
2988
2813
2452
2015
1343
505
-486
-1607
-2470
-2912
-2896
-2518
-2156
-1890
-1686
-1436
-1003
-401
210
834
1425
1921
2274
2330
2014
1465
914
512
274
37
-304
-744
-1245
-1598
-1673
-1567
-1224
-684
-75
534
1013
1271
1366
1301
1103
892
603
170
-399
-1047
-1618
-2061
-2345
-2357
-2104
-1579
-603
534
1460
2055
2245
2221
2238
2303
2270
2027
1515
772
-28
-811
-1545
-2108
-2414
-2370
-2143
-1942
-1783
-1674
-1437
-945
-265
423
1025
1431
1642
1760
1710
1515
1273
967
664
345
-40
-475
-894
-1224
-1385
-1406
-1335
-1144
-841
-423
69
514
812
995
1083
1090
1028
862
573
240
-161
-621
-1054
-1415
-1606
-1578
-1219
-582
48
578
972
1230
1422
1599
1773
1912
1939
1723
1244
545
-251
-912
-1306
-1443
-1447
-1453
-1511
-1569
-1527
-1337
-1013
-534
56
608
1039
1242
1213
1097
1014
995
973
819
504
72
-389
-731
-955
-1084
-1078
-954
-812
-683
-584
-442
-144
245
635
939
998
881
697
503
279
26
-193
-409
-632
-829
-986
-984
-719
-292
182
556
782
920
1033
1187
1345
1466
1474
1301
963
469
-131
-720
-1108
-1273
-1344
-1377
-1410
-1438
-1381
-1135
-750
-326
112
543
862
1041
1108
1050
910
745
605
432
153
-169
-470
-684
-768
-758
-667
-495
-308
-110
82
215
311
415
493
468
299
49
-215
-412
-495
-550
-647
-717
-739
-709
-543
-357
-158
140
486
802
978
952
853
765
729
734
672
476
184
-168
-513
-812
-1058
-1161
-1078
-902
-733
-616
-546
-447
-262
46
444
773
948
1004
981
893
780
641
506
435
367
219
-3
-269
-498
-594
-558
-438
-301
-211
-172
-190
-251
-304
-326
-299
-249
-223
-245
-283
-292
-269
-205
-98
58
306
535
675
751
747
682
634
598
526
438
294
83
-115
-270
-373
-402
-383
-319
-281
-294
-311
-316
-270
-182
-96
-16
37
42
33
10
-17
5
114
232
312
336
267
200
163
182
262
318
318
271
168
34
-53
-63
-16
34
10
-116
-324
-608
-847
-945
-907
-755
-551
-375
-268
-189
-103
60
346
665
909
1042
1022
838
573
340
124
-9
-91
-177
-277
-413
-553
-639
-605
-466
-282
-89
44
74
69
31
23
37
16
-27
-110
-202
-282
-324
-331
-312
-232
-146
-58
53
137
227
329
431
541
599
629
646
601
528
426
278
99
-110
-341
-581
-788
-912
-909
-810
-704
-597
-479
-307
-58
230
519
751
857
890
887
764
565
344
161
34
-75
-174
-283
-364
-381
-308
-176
-58
50
161
223
193
83
-58
-172
-269
-339
-411
-512
-609
-623
-560
-474
-330
-171
-25
168
368
514
607
656
695
733
718
637
501
337
178
-20
-212
-412
-602
-748
-850
-895
-863
-748
-611
-428
-220
-21
241
518
791
1052
1178
1189
1111
935
719
492
256
43
-157
-346
-480
-560
-591
-560
-459
-307
-111
36
150
255
276
254
196
68
-74
-221
-358
-465
-569
-649
-665
-618
-514
-374
-208
-30
155
328
452
516
544
585
600
554
456
297
123
-63
-277
-447
-604
-717
-732
-679
-594
-517
-468
-372
-218
-22
199
408
600
754
840
816
724
573
393
264
108
-76
-253
-428
-514
-536
-529
-486
-378
-241
-74
120
252
331
363
338
287
187
51
-49
-98
-144
-206
-302
-380
-394
-340
-205
-48
75
168
225
239
252
246
233
249
241
195
116
-19
-156
-249
-306
-315
-307
-301
-286
-253
-226
-184
-117
-28
90
227
339
408
457
466
450
407
356
273
165
57
-60
-161
-260
-354
-367
-310
-227
-122
-33
70
192
305
379
421
418
374
307
189
69
-59
-190
-284
-358
-428
-463
-431
-360
-271
-171
-85
-9
46
101
134
155
202
257
297
284
228
147
91
27
-47
-88
-139
-163
-156
-176
-237
-268
-253
-208
-121
-34
47
112
140
133
108
100
85
64
53
15
-45
-117
-169
-178
-137
-85
-42
-5
31
66
94
138
184
217
230
231
175
68
-1
-28
-43
-81
-149
-210
-244
-237
-220
-216
-199
-162
-103
-35
15
70
159
258
344
405
404
347
287
192
64
-63
-201
-308
-377
-443
-497
-520
-504
-456
-375
-260
-123
44
199
327
420
467
486
457
405
343
263
175
81
-25
-125
-206
-249
-251
-263
-282
-286
-267
-207
-113
-35
20
89
144
177
189
186
199
220
208
173
118
50
-21
-90
-147
-189
-211
-206
-191
-193
-168
-121
-60
6
77
145
189
196
178
177
168
159
132
100
69
40
30
27
32
55
97
136
128
114
137
164
186
184
165
128
67
-5
-74
-133
-184
-207
-213
-200
-165
-133
-125
-95
-39
3
28
52
71
79
61
33
12
-12
-21
-28
-65
-121
-167
-204
-233
-263
-289
-266
-221
-182
-131
-87
-53
-18
34
81
126
174
205
193
150
104
66
12
-46
-87
-120
-127
-125
-120
-94
-48
-4
40
66
81
113
126
126
127
118
107
90
66
68
92
112
118
103
56
16
-10
-17
-16
-21
-20
-32
-59
-82
-93
-95
-91
-92
-90
-85
-96
-98
-101
-103
-83
-56
-13
14
25
28
35
60
76
112
125
102
97
80
29
-37
-96
-141
-163
-147
-140
-125
-90
-70
-32
16
48
79
114
143
159
171
171
156
148
136
102
58
13
-26
-27
-18
-10
-12
-26
-36
-40
-13
16
45
87
95
97
95
86
84
82
96
92
78
45
-14
-79
-134
-162
-160
-142
-122
