26
46
63
56
31
19
16
32
49
48
35
29
45
57
59
63
65
70
46
19
2
-11
-13
9
50
46
27
12
-6
-8
-3
-14
4
36
30
0
-10
-10
-21
-34
-45
-46
-28
-1
-10
-28
-57
-85
-86
-64
-61
-61
-24
30
63
50
-8
-45
-17
13
12
-6
3
36
64
53
-5
-51
-29
19
32
4
-52
-83
-79
-57
-76
-119
-117
-68
1
31
18
8
64
141
136
64
7
19
81
103
47
-10
-26
20
60
6
-78
-98
-52
10
2
-106
-176
-139
-48
13
4
-25
9
93
123
68
38
70
114
100
11
-131
-236
-197
-110
-46
-11
-19
-38
-61
-88
-117
-71
12
69
88
54
-44
-108
-51
24
73
97
34
-11
-32
-99
-112
-75
-52
-47
-21
-42
-90
-76
-37
-2
30
30
28
44
37
10
37
110
156
199
194
187
225
256
243
193
182
176
165
120
54
18
72
108
67
36
-4
-5
42
48
0
-47
-8
46
20
-63
-133
-104
20
113
58
-36
-75
-59
6
2
-67
-76
-11
56
29
-76
-127
-39
110
131
7
-138
-221
-217
-173
-213
-320
-354
-287
-181
-64
-43
-67
-20
75
101
42
-10
-51
66
236
229
171
66
-80
-112
-131
-139
-99
-8
-1
-103
-176
-232
-182
-65
76
167
158
100
10
-55
-35
73
243
339
258
81
-6
52
126
167
110
13
-19
-93
-198
-179
-160
-39
163
102
-139
-239
-170
-40
104
58
-130
-59
126
74
11
-4
-31
143
203
-11
-102
-47
-45
-51
-64
-164
-139
7
35
-67
-134
-163
-93
78
73
-23
-46
13
77
-70
-314
-146
253
368
156
-285
-511
-174
291
451
292
228
302
304
235
-39
-106
309
680
577
252
-46
-72
213
377
217
-99
-140
37
169
251
49
-122
19
139
135
24
-180
-148
108
141
1
-101
-128
68
256
117
-120
-322
-365
-298
-287
-246
-244
-141
56
141
200
114
-57
-50
8
125
227
163
175
165
-17
-121
-208
-258
-243
-203
-313
-451
-407
-356
-220
-60
-37
-121
-188
-309
-468
-288
-16
57
142
-174
-469
-382
-353
-231
-262
-259
-156
-202
-42
-78
-290
101
689
1111
1509
1509
1020
616
223
43
192
143
183
225
-144
-786
-1303
-1256
-754
-263
116
-154
-647
-871
-1147
-1075
-652
-459
-485
-737
-1155
-1211
-929
-844
-1044
-1287
-1471
-1923
-2096
-897
2083
5492
6007
3569
1273
3
-97
739
1141
981
935
431
-1010
-2199
-2484
-1508
533
1872
942
-1120
-1522
-258
1770
3446
3176
1792
873
1134
1662
1321
198
-751
-872
-747
-1268
-2021
-1887
-1486
-1469
-1988
-3380
-3709
-2142
-169
896
530
-418
-689
727
2985
4744
6778
8372
6786
2773
-499
-1895
-1539
40
663
-439
-1486
-2488
-3202
-2627
-1403
-55
1589
2327
1026
-368
-721
-83
1598
1993
553
-778
-1626
-2188
-2034
-2145
-2940
-2406
-1151
-672
-891
-906
-517
-428
-289
-726
-1552
-1335
-775
-677
-1101
-1932
-2611
-2254
-1170
-943
-934
-981
-1488
-2157
-3006
-3100
-2196
2032
12549
18174
9272
-559
-2493
-2062
1341
5256
2609
196
1355
-3054
-8616
-8047
-5431
217
7797
6204
-3658
-8058
-5577
40
7221
7707
2419
373
390
1005
1985
246
-74
1740
1065
-1405
-3425
-3224
-1428
-96
-544
-3931
-6023
-3590
-63
1829
1887
-147
-1592
-124
1741
2484
2730
2107
586
-2741
-5839
-7371
-1911
16184
20636
3833
-4973
-5991
-6778
937
6755
2177
2796
5693
-3346
-10168
-8867
-7109
1359
12149
4952
-10609
-12415
-8763
-1648
9473
7104
-333
851
1321
2788
5106
2665
2405
4123
2425
-1496
-5287
-5354
-3033
-1225
-2394
-8658
-11322
-5882
91
4461
4857
464
-1269
854
3185
4888
5632
5333
2700
-826
-3967
-3152
10495
18148
5607
-2915
-4577
-9008
-3856
4210
2484
4217
7209
-618
-5995
-4519
-3178
3207
11677
6736
-6784
-11078
-9093
-4488
3898
4498
-1545
-2833
-1909
83
2360
1878
2067
2561
1910
-120
-3251
-3760
-2270
-1298
-2883
-8190
-11397
-8905
-4857
-504
2164
-23
-2856
-2015
981
3511
5024
6165
3494
4220
15399
14921
-8
-5553
-4517
-4120
298
971
-4972
-4212
1217
-686
-4346
-3900
-630
5639
11465
7843
-3818
-9614
-6395
67
4964
3589
-1181
-4787
-4444
-17
1670
213
325
1153
2477
2670
573
-457
-212
142
-217
-2375
-4837
-4852
-2910
-1779
-2407
-3498
-3727
-587
2552
2862
3184
2827
3598
8875
15484
12363
1973
-1992
-2825
-4399
-1975
606
0
955
1029
-4949
-8150
-4432
534
5710
8144
2767
-5190
-5663
-735
1730
2071
914
-1601
-1917
-555
-413
-2027
-2196
955
2307
457
-1163
-1787
-50
1869
243
-3733
-6344
-5642
-3008
-815
-1350
-4102
-4939
-4072
-3127
-1389
1612
4303
5244
14011
23761
14375
641
-1700
-2275
-823
3650
375
-4548
-1815
-3774
-10238
-9713
-5964
-158
8835
10529
733
-7706
-6059
-638
4330
6820
2767
-2797
-4798
-3254
-688
-680
499
2538
1907
151
-1656
-1639
158
1379
-12
-2708
-4536
-5123
-3375
-2477
-3799
-4595
-4729
-3570
-1280
-100
1182
3003
3239
1992
118
8298
21096
16759
4027
-1719
-5378
-5265
483
225
-3238
-111
-579
-6642
-8199
-6931
-3686
5637
11571
3147
-6994
-7912
-5314
1408
7821
4020
-2020
-2812
-101
2752
2334
1127
782
1494
2330
1009
-411
-1409
-1123
-95
-2512
-6882
-7434
-4684
-3172
-1888
-1399
-3280
-3078
213
2363
4159
5073
4336
2007
2399
13554
19278
8283
-1358
-3844
-5433
-3315
125
-2120
-2825
1276
-697
-6183
-7566
-5268
1180
9685
9665
-1209
-8518
-6542
-786
5067
4671
-1329
-4367
-1956
2172
3113
1977
1760
1734
2576
2080
-321
-3
1000
526
-750
-4747
-8993
-8199
-4922
-3951
-4121
-4253
-5404
-3617
1123
3299
4344
5899
5295
3739
11230
18735
11002
1829
-1370
-4847
-4095
-823
-3000
-4280
-563
-2373
-7024
-6614
-4773
-265
7109
9244
2372
-4115
-3392
-219
2017
1141
-2004
-2659
-1667
669
2171
267
138
794
-87
-367
-420
397
1574
293
-3784
-7107
-7588
-6029
-3154
-2312
-4005
-4861
-4743
-3768
-464
3041
5073
6071
5467
1256
-2058
10035
24447
17116
2437
-4353
-8914
-7547
-872
-1083
-2665
2296
1471
-5470
-8488
-7375
-1466
9367
14106
3799
-8309
-8996
-3639
2670
5513
1725
-2331
-1720
3172
4423
-52
-1926
-970
741
1917
-373
-2282
-864
637
-887
-5397
-9577
-9094
-4527
-1279
-1258
-2676
-4022
-2643
1645
4930
6460
6286
4747
-128
578
18069
25941
9284
-4422
-7712
-8835
-3627
1220
-2677
-2831
2731
-765
-8027
-8889
-4791
4387
15060
13067
-3211
-13096
-7801
462
5295
4419
-625
-3653
-1445
3811
3154
-648
620
2924
2967
1132
-1184
-1665
-823
-1428
-5148
-9587
-11175
-7926
-2962
-1643
-3228
-3784
-3121
184
4952
7047
8508
8248
4497
-2604
496
21919
26532
5424
-7538
-10556
-12211
-5279
257
-3682
-2485
1458
-3903
-9571
-9173
-3912
6185
16149
12662
-5906
-14539
-7857
-1160
5831
7257
41
-4130
-936
3973
3381
727
744
1116
904
-52
-1795
-2227
-780
-2188
-6153
-9360
-11297
-7473
-1773
-825
-870
-1464
-3066
406
5360
7317
9492
9322
913
-6570
10747
29748
15081
-3926
-7417
-10609
-7095
850
-3685
-6506
2365
2390
-5843
-10217
-9490
199
15553
19939
3166
-13725
-11550
-2897
5271
8464
890
-4030
-898
4761
5941
804
-1048
2070
3533
1675
-1757
-4108
-2262
284
-3496
-9847
-13757
-11502
-4022
-36
-474
-1908
-3857
-1182
4741
5983
6663
8407
4502
-4375
4785
26932
21633
628
-6108
-9137
-9049
-1528
-1877
-5440
1504
4089
-3926
-9960
-10201
-2721
10190
17933
7603
-11778
-14851
-5190
2454
6405
2382
-3477
-2655
3607
8126
3339
-1238
2208
4545
2062
-750
-3213
-3297
197
-1808
-9843
-14125
-12386
-6897
-1621
-306
-1576
-2426
-475
4192
6160
6968
9681
7853
-202
7540
27108
20075
-241
-5202
-8197
-9271
-1533
-2017
-6480
215
1670
-5400
-8123
-8750
-2858
10671
17198
6961
-9360
-13664
-7435
1598
6782
312
-7077
-6669
-1637
5522
5696
177
1419
4689
2191
881
734
-1683
33
122
-7641
-13702
-13232
-9663
-6095
-3547
-2663
-4079
-2588
2758
4825
5989
9038
8810
3283
8255
26680
24311
2938
-5672
-8232
-10740
-4299
-1210
-5820
-2900
-653
-6261
-8273
-7248
-1919
9247
16867
10259
-6560
-12740
-7381
386
8684
5210
-4922
-6653
-2920
3547
6509
609
-1006
3532
2915
1407
1728
-661
-492
468
-4200
-10549
-12400
-8425
-4855
-3723
-1791
-2501
-2751
801
2444
5679
10387
8303
3171
14397
30865
20667
263
-7145
-10668
-8815
79
-979
-7845
-4974
-4573
-9093
-7880
-5510
-475
10445
16762
6122
-9840
-10139
-3906
2698
10795
5339
-6478
-7604
-2053
4027
5942
1570
-343
1729
1907
1957
523
-1450
251
-607
-5696
-11139
-13330
-9137
-4652
-3804
-3340
-4282
-3850
1419
4498
7035
7312
3037
16000
32570
19985
934
-6155
-10716
-6860
702
-1661
-5138
-3180
-5426
-10716
-12398
-8040
1734
11784
15456
3053
-12190
-11054
-2882
5432
9944
4199
-3269
-6343
-3888
1589
2986
3258
5118
3670
285
-311
-840
-1173
1069
-272
-6062
-10820
-11594
-8154
-4793
-3142
-3534
-5032
-3136
2200
4943
6675
5670
5101
21400
30731
13591
-689
-6019
-8846
-3066
-242
-5308
-4868
-1402
-4841
-9359
-11961
-8340
4532
16584
15114
-2204
-14467
-10139
-1996
6702
8108
-540
-4634
-3954
-2355
-135
774
3415
8325
8845
3671
-1180
-2737
704
3795
-1694
-8866
-11858
-11492
-7520
-4564
-5217
-6287
-5237
27
4753
6427
6303
4865
17294
32592
21626
3698
-2599
-7105
-4002
2622
-3107
-9080
-5397
-5266
-8851
-9848
-9032
-2368
10791
18764
7811
-8895
-9924
-4368
1998
9278
3792
-7071
-8115
-3399
-973
-1718
-657
2589
4985
6407
5321
534
-955
3381
3774
-2403
-9440
-12103
-9450
-6179
-4473
-6080
-11389
-10542
-2169
4006
5178
5291
17508
32488
24300
7801
344
-4826
-1473
6170
1507
-6101
-6716
-8603
-12250
-12869
-9955
-3722
7549
16710
7250
-8272
-8674
-3396
3315
10365
4997
-4983
-7374
-5697
-2420
-1897
-3329
13
3190
3909
4981
2507
547
2791
3453
462
-4998
-8704
-7470
-5838
-5195
-5233
-8397
-9357
-5342
-1301
3610
5146
2666
15026
30753
22465
7541
984
-3936
-929
4556
-162
-5638
-4770
-6181
-10708
-14032
-13188
-3927
10679
18125
7302
-8312
-10101
-4631
3750
11317
5546
-4932
-7023
-3485
89
-204
-1476
893
3136
4269
4896
1248
-450
4030
4401
-1176
-6609
-9916
-9146
-5732
-4511
-6762
-10261
-9915
-4826
-1040
1660
2421
4260
20549
32576
19325
4265
-843
-3233
1334
4247
-2795
-6266
-4243
-6605
-11738
-15292
-13130
-2057
12468
16852
3637
-8982
-6979
-638
7532
11969
3095
-5159
-4171
-1127
338
-812
-1620
810
4274
5550
3442
516
2177
6383
5127
-1161
-7094
-9020
-5491
-2022
-3548
-7215
-9732
-8968
-3858
478
1340
357
4947
21879
29576
16268
3792
-2166
-3259
3536
3936
-3531
-4439
-3753
-7828
-11877
-15789
-12980
-285
10839
11464
237
-10336
-8899
-500
8580
9181
541
-3995
-3747
-3483
-1849
-1960
-2841
1175
3935
1489
-640
-1699
873
6115
4332
-2309
-6223
-7289
-6217
-4328
-4553
-7063
-8827
-6774
-3024
-2131
-1311
-622
3895
21897
31095
17170
4419
-1089
-2413
3787
4612
-1489
-2453
-3071
-7737
-12408
-15778
-11090
1804
11706
11454
-311
-9863
-5963
1996
9677
11126
1511
-4309
-2508
-1560
-1199
-2158
-3083
546
3661
2448
-466
-2711
670
6174
4455
-1423
-5404
-6660
-3707
-882
-3276
-6713
-8351
-6952
-2253
-692
-1238
-804
7042
24635
27400
11631
658
-3432
-812
7016
5474
-1309
-2792
-4306
-7576
-10678
-13380
-7494
4606
11600
8164
-5155
-12708
-6710
2974
10664
8878
-501
-4281
-2787
-823
514
-1375
-2162
1405
2993
1120
-1808
-3921
-784
3663
1517
-3041
-4943
-5182
-3310
-1612
-3801
-6876
-7027
-3581
-570
-1869
-2204
-1265
3360
19498
27693
15193
2629
-2475
-2021
3711
4742
757
-254
-1934
-6585
-11306
-14797
-10174
1782
9722
8463
-2703
-12039
-8167
947
9649
11656
3879
-1664
-2204
-1391
694
-120
-2344
-255
1519
-823
-2491
-3008
-1318
1873
128
-3789
-5854
-7174
-4762
-1026
-2217
-5250
-6400
-4715
-1967
-1816
-739
257
7152
23394
23438
6658
-2162
-4424
-2153
5535
5271
-230
-543
-2750
-7178
-10007
-11233
-4406
6785
12790
7100
-7572
-12556
-6154
1981
11167
9034
-1092
-2624
-762
1139
3858
1626
-568
2740
3616
-30
-2429
-3055
-979
704
-2075
-5932
-8148
-7060
-3033
-630
-1759
-4383
-5152
-1583
1811
1247
1464
1012
-93
12944
27254
17123
1464
-3063
-5212
-2529
1766
334
-404
662
-2252
-8392
-13534
-10681
-61
9154
11386
1412
-11014
-9182
-960
5511
9662
4730
-1214
-1298
-618
1833
2291
-436
1476
3181
370
-876
-1413
-1205
1460
6
-4514
-7809
-10323
-7826
-2613
-1505
-2346
-3478
-4301
-1718
549
1604
1915
8327
25054
25988
7870
-2696
-6905
-6540
1329
2534
-1367
-1328
-3415
-7528
-11111
-12859
-5211
6791
13894
9637
-5539
-12358
-6121
1324
8626
7924
-913
-3916
-2947
-819
1966
316
165
3791
4196
2601
898
-1493
-469
1553
-1242
-5924
-9372
-9409
-5262
-2136
-2954
-5467
-6476
-2893
1268
1797
2707
1577
6829
24669
26319
8938
-2003
-7091
-6933
-22
1200
-1837
-1447
-3556
-7855
-10402
-11227
-4453
7057
14017
9798
-4496
-11629
-6799
789
9105
8624
284
-3059
-3681
-1972
2566
2793
1567
3511
3345
1748
1138
-895
-581
888
-1839
-5499
-8573
-10039
-7658
-4308
-3132
-4310
-5276
-2271
727
1511
3396
2244
7917
24403
25147
9280
-2030
-8777
-9302
-2067
425
-1041
-301
-3465
-8930
-11890
-11003
-2275
9643
16420
11059
-4357
-10983
-6110
308
7754
7364
-783
-4461
-3588
-960
1859
2062
2587
5143
5794
4566
2367
-135
375
1032
-1958
-6265
-9514
-9449
-5935
-3805
-4722
-6157
-6603
-3148
1725
3800
4663
5060
12576
25719
23350
7875
-2647
-7961
-7112
-1405
-520
-1925
-1959
-5192
-9353
-11837
-10763
-577
11969
16511
9466
-5464
-11792
-6477
1308
7609
4947
-3059
-6436
-5894
-2947
810
1620
1843
4656
5026
2475
937
-252
570
810
-3479
-8163
-10230
-9141
-4906
-2629
-4869
-7437
-6907
-2482
1840
2981
3133
1974
6194
20852
26179
13496
286
-7341
-8890
-2976
123
-1176
-870
-3279
-8188
-11981
-13596
-6083
7424
15983
13678
-312
-10554
-8234
-1575
6726
8862
1193
-3742
-3919
-3056
271
1625
937
3731
5346
3615
2329
658
1087
2133
-1542
-5839
-8464
-8724
-4487
-2114
-4055
-6097
-7488
-4091
2065
3390
2727
3788
12615
25457
23109
8223
-3453
-9087
-6811
-498
156
-1713
-2437
-5857
-9316
-12008
-11201
-1047
11441
17456
10507
-4826
-9756
-4814
2180
9574
7476
-1021
-4632
-4615
-2582
862
1051
655
3414
4374
2510
557
112
2333
2316
-2056
-7048
-10052
-8110
-3209
-1507
-3281
-6583
-8126
-3977
1085
2112
1319
6371
19289
25205
16492
3243
-6891
-8993
-2617
1289
-1281
-2516
-3799
-8443
-11894
-13232
-9864
1616
13644
14726
2988
-8030
-8526
-3162
5195
9749
4635
-1615
-3166
-2926
-1723
-5
12
366
2655
2948
1111
-374
537
2883
1304
-3501
-6940
-7758
-5625
-2122
-1060
-3511
-6512
-5706
-2133
343
653
1654
10826
23181
22628
10902
-765
-7934
-6657
-1165
-199
-1832
-2668
-5373
-8883
-11425
-12098
-6011
6206
15052
11018
-2011
-8138
-5492
466
8369
8923
1559
-3091
-2763
-974
-150
-275
-443
360
2960
3848
124
-1939
970
1342
-1369
-4232
-7664
-7498
-3043
556
211
-3222
-5359
-3483
297
2729
1629
6409
20674
24006
12391
722
-8769
-10157
-1617
2160
-839
-2575
-4532
-7718
-9794
-10441
-7231
1467
12287
13651
1826
-7427
-7576
-2935
6042
9574
3704
-1977
-3485
-834
2151
1261
290
583
1159
3116
1500
-3220
-2402
633
0
-2966
-7443
-9157
-5976
-1834
411
-943
-3682
-3137
-573
2108
2660
2783
13118
24579
19264
6073
-4643
-10899
-6466
1096
821
-1700
-2738
-5609
-7916
-8912
-8480
-3056
7085
13730
6949
-5682
-9368
-5769
1545
8569
6451
-361
-3470
-1913
1992
2899
1028
1031
1870
2624
3032
-683
-4509
-2168
-31
-2487
-6770
-10108
-9300
-5208
-1246
152
-2117
-3540
-1366
765
2016
2145
7247
20623
25216
13972
341
-9059
-10567
-3521
1169
-423
-2285
-4606
-8030
-9428
-8955
-5776
2194
11317
11873
933
-8718
-9430
-4482
4853
9089
3467
-2517
-4316
-1570
2750
3077
1436
1973
3345
4274
3194
-1693
-4271
-1580
-439
-3168
-7327
-9904
-8260
-3677
-240
-465
-1926
-873
1178
2918
3421
3845
13658
25944
22041
7575
-4916
-11967
-8552
-688
603
-1817
-4082
-7781
-9685
-8820
-6553
-532
8493
14103
7912
-4636
-9290
-7150
-528
7781
6348
-1041
-4449
-3661
105
2952
2219
1708
2994
4640
5047
1157
-3799
-3324
-906
-1714
-5393
-9079
-9447
-6955
-3971
-2247
-3016
-3112
668
4379
4474
2713
7373
20598
26255
17044
3195
-8636
-11848
-5459
-858
-1364
-2918
-6381
-9964
-10545
-8900
-3843
4869
12895
13028
2689
-7152
-8553
-4005
4657
8331
2485
-3755
-5813
-3124
1727
2460
891
1592
3669
5722
4799
-331
-3018
-1428
-602
-2501
-6604
-9336
-8572
-5949
-3787
-3952
-4707
-2684
1060
4028
4070
4002
13361
25460
23602
11037
-2597
-12143
-10556
-3287
-1670
-3698
-5716
-9305
-11956
-11216
-7619
-356
9591
14957
8725
-2843
-8281
-7068
-163
7953
6607
-1077
-5837
-5625
-1639
2030
2431
1593
2150
4442
5833
2951
-1094
-1515
-521
-1007
-3974
-8016
-9097
-6891
-4247
-3175
-3627
-3288
-662
3214
5070
3376
8044
21494
26655
17869
4836
-7536
-12244
-6105
-664
-1253
-3016
-6773
-11398
-12346
-10517
-5302
5064
14848
14715
3595
-6777
-8944
-4715
4708
9732
4050
-3405
-6588
-4924
-458
1688
1388
2200
3825
5353
4834
298
-2005
-687
-353
-1835
-5861
-9212
-8199
-5412
-3750
-3952
-4916
-3292
862
4459
4253
4566
15582
27144
22889
10375
-1515
-10782
-9453
-1980
-1037
-3216
-5064
-9825
-13236
-13118
-9571
-445
11065
16470
9067
-3264
-8208
-6781
455
9294
8053
228
-4771
-5845
-3313
-360
32
1263
3592
4972
5657
1824
-2836
-1759
-82
-944
-4013
-8205
-9054
-7092
-5509
-4909
-5481
-4585
-788
2940
3486
3018
11580
25232
25650
14089
1842
-8478
-10768
-4517
-1248
-3076
-5058
-8729
-12513
-13421
-11068
-3926
6914
15760
12873
457
-6650
-6994
-2578
6703
9113
3150
-2361
-5174
-3520
-348
65
1145
3870
5273
6137
4029
-1418
-2946
-1475
-1405
-2715
-5866
-8062
-7720
-6390
-5064
-5844
-5450
-1330
2343
3500
2915
8774
22859
27718
17799
5173
-5420
-9691
-4841
-595
-1143
-2235
-6125
-11376
-13630
-12714
-6616
3716
13575
14518
2905
-6632
-7181
-3925
4233
9457
5136
-1182
-4831
-4285
-1009
-176
-49
2000
3585
4979
4660
-126
-2856
-1587
-1177
-1571
-4413
-7824
-7270
-5575
-4343
-4783
-6043
-3536
1031
3607
3570
7482
20098
27840
20884
8196
-3531
-9374
-6206
-1767
-1197
-2065
-5655
-10854
-13398
-13672
-9374
526
10964
14783
6253
-4735
-7844
-5788
1598
8206
5564
-1006
-5117
-5123
-2230
-872
-705
1091
3111
5221
6155
2261
-1854
-2116
-1680
-1715
-3560
-6782
-7601
-6704
-5473
-5351
-6266
-4469
100
3399
4619
10380
21522
26270
19766
8435
-2483
-7467
-5066
-2033
-1380
-1826
-5176
-10489
-14148
-13732
-8350
605
10389
13105
4363
-4710
-7266
-5396
1755
7712
5544
-239
-4052
-4327
-2296
-845
228
1569
2285
4119
5156
1701
-1538
-2204
-2834
-2914
-3909
-6392
-6904
-5594
-4934
-5780
-6254
-4080
-393
2035
3781
10400
20997
24684
18556
8527
-1545
-6218
-4073
-2107
-2509
-2960
-5539
-10088
-13720
-14472
-9702
-57
10059
13132
4722
-4704
-7321
-5079
2059
7776
5893
491
-3223
-3088
-885
95
861
2784
3692
4533
4802
1812
-158
-362
-1940
-3007
-3997
-5733
-5774
-4254
-3253
-4544
-5629
-3364
657
2926
5165
13764
23303
23379
16160
6769
-1563
-3680
-1474
-1478
-3135
-4260
-6984
-10407
-13090
-13696
-9473
-461
9018
10446
2609
-5017
-7504
-4207
2432
5940
4671
64
-4095
-3883
-2031
-1260
532
2906
3380
3864
3158
-413
-1770
-1063
-2275
-4070
-5499
-7334
-7663
-5372
-3550
-4671
-5868
-4460
-1592
-263
3370
15225
24977
22243
12846
3022
-3204
-2720
60
340
-1653
-4570
-7700
-10543
-12787
-12287
-7641
1073
9601
8360
-245
-6331
-7667
-2737
4159
6104
4156
578
-2180
-1623
-332
-119
1609
4328
5405
5528
3858
406
-1157
-498
-898
-2940
-5035
-6565
-6853
-5554
-4557
-4516
-3853
-1753
-252
165
7975
20836
24249
18108
8831
-492
-3128
-205
1216
974
-1066
-5183
-8153
-10835
-12076
-9159
-3501
4788
8461
2437
-4390
-7776
-6805
-686
3532
3613
2122
-721
-2536
-2602
-2266
-379
3056
5748
6703
4780
882
-1120
-1472
-1482
-1468
-2953
-4976
-6380
-6918
-6351
-5736
-4458
-1352
272
-1715
2200
14993
22515
19697
12291
3148
-2271
-1463
855
1908
1121
-1844
-6126
-10303
-12301
-10159
-4624
3008
7743
3930
-3021
-6685
-6792
-2531
2117
2827
1335
-102
-950
-1480
-1947
-880
2317
4977
6029
5133
1981
-575
-1368
-2086
-2741
-3664
-4752
-4814
-5095
-5623
-5427
-4966
-2867
964
425
-1573
7063
18807
20457
15685
7478
-1275
-2898
277
1801
1791
1060
-1628
-6424
-10587
-10971
-7919
-1349
6329
5887
-1316
-6420
-8649
-6379
-1224
498
184
4
-628
-1133
-2055
-2231
530
4389
6515
6257
3830
1297
416
-869
-3407
-5199
-5773
-5265
-4265
-4508
-5816
-6251
-4287
-20
2170
445
4687
16126
20508
16095
9307
862
-3251
-384
2501
3293
2625
55
-3319
-7844
-10617
-8468
-2972
4425
7474
1930
-4626
-7640
-7054
-2207
964
-483
-1565
-1602
-1744
-1504
-1120
1027
4298
6142
6963
5793
2513
1525
1687
-1398
-5306
-7476
-7468
-5783
-4375
-4028
-4730
-5128
-2345
1152
689
4439
15810
20727
16297
9648
1001
-4066
-2268
68
1711
2552
169
-3654
-7378
-9203
-7365
-2684
4365
7765
2368
-4443
-7609
-7866
-3599
-19
-1527
-3381
-3623
-3194
-2694
-2674
-472
3718
6422
7621
6861
3956
2401
2341
408
-2962
-5663
-7321
-7211
-5770
-5037
-4640
-4031
-2105
16
-3
5590
16982
20804
16120
8255
-951
-5062
-3628
-1848
283
1632
289
-2670
-7180
-9556
-6647
-567
7278
9858
2950
-4804
-8875
-8601
-3334
7
-1307
-3625
-5590
-5694
-5009
-4360
-1027
3610
6968
8917
7702
3629
1861
2645
1210
-1770
-4326
-6481
-6832
-5884
-5544
-5239
-3885
-980
976
600
6391
17353
20505
16583
9474
-315
-4511
-2883
-2124
-774
1143
920
-1124
-5179
-7935
-5948
-170
8312
11558
4844
-3160
-8162
-9088
-4968
-2118
-2277
-3175
-4977
-5603
-6033
-6815
-3942
1862
6679
9421
8968
4804
1787
1934
807
-1652
-3505
-5259
-6024
-5857
-6493
-7880
-6529
-1125
1755
1803
9101
18271
18233
14258
7671
-1414
-3942
-2463
-2627
-1506
-910
-1924
-2812
-4951
-5563
-2684
2867
9833
10455
4389
-660
-4766
-5742
-2749
-2377
-3983
-4480
-4623
-4752
-5910
-7045
-4759
400
5250
7780
7212
4808
2861
1789
18
-2404
-4064
-4387
-4033
-4838
-7111
-7904
-6183
-2197
1571
1027
4894
15688
19483
15883
9732
104
-4566
-2962
-2818
-2507
-1278
-1471
-2551
-5543
-7064
-4382
639
8976
12905
6271
-968
-4611
-5611
-2761
-1748
-3916
-5664
-6313
-4860
-4654
-6746
-5722
-1737
2318
5809
7053
5580
4174
3515
713
-3082
-5058
-5060
-3283
-2155
-4283
-7252
-7132
-3699
146
577
2818
13120
20485
18420
12271
2519
-4859
-4331
-2723
-2749
-2120
-1743
-2147
-4667
-7729
-6744
-2160
5712
13366
11274
3108
-2502
-5341
-3222
106
-1008
-3701
-5702
-5498
-4563
-5802
-5730
-2259
1342
3709
5188
4952
4521
4896
3220
-703
-3941
-4519
-2786
-1329
-1868
-4068
-5684
-4334
-677
1286
400
5080
16112
20992
17664
10083
-716
-5980
-4311
-3784
-3156
-1537
-1708
-2915
-5558
-7831
-6510
-1175
7942
13688
9149
1333
-4284
-7569
-4735
-1208
-2396
-4327
-5975
-6901
-7107
-6986
-4845
-1092
2082
3977
4886
4467
4128
3525
537
-2504
-4117
-4395
-3082
-2549
-3505
-4206
-3909
-2232
472
1508
692
5414
16018
21155
17585
9115
-1011
-6226
-5717
-4642
-3478
-1782
-1721
-3647
-6437
-8594
-7258
-1207
8622
14996
10994
3080
-3301
-7562
-5105
-892
-1322
-2561
-4523
-7156
-7433
-6392
-4827
-1575
2480
5084
6439
5828
3301
1397
-269
-1245
-1977
-3355
-3542
-3707
-3969
-3355
-3287
-2723
-887
832
1427
4295
13355
21145
19583
11523
1235
-6885
-7866
-4849
-3292
-3043
-3506
-5344
-7981
-9450
-7307
-1665
6951
14859
13730
5115
-2633
-7098
-5941
-904
354
-2291
-5541
-7719
-6962
-5461
-4664
-2425
1382
5504
8855
8030
3138
228
-213
-653
-780
-2714
-5391
-5401
-3844
-2728
-3063
-2962
-909
1793
3767
3787
7556
17082
21136
15584
5589
-4722
-8978
-6051
-3251
-3087
-3314
-4030
-5881
-7589
-7254
-3787
3630
13028
16210
8826
-666
-5584
-6381
-1775
2438
-340
-4778
-6529
-6159
-4783
-4104
-3049
-54
4001
7817
8207
3774
94
-478
-1415
-2497
-4140
-6515
-6202
-4932
-5109
-5309
-5080
-3118
532
3485
3219
3121
10822
19644
18508
10423
482
-7245
-7505
-4505
-4272
-4400
-3710
-4253
-5686
-7076
-6063
-670
8367
15764
13411
4010
-3032
-6266
-4717
474
1043
-3102
-5946
-6463
-5162
-3119
-2080
-1043
1808
5788
8049
6076
1450
-1091
-1270
-1991
-3436
-5211
-6369
-5294
-3987
-3940
-4022
-3745
-1328
2755
4301
2555
3460
11489
18894
16902
8634
-980
-7375
-6775
-4327
-3887
-2933
-2430
-3231
-4370
-6287
-5783
39
8717
14091
10278
913
-5889
-7750
-3903
1199
-79
-4569
-6383
-5613
-2693
-106
-421
-219
2895
6405
7629
4692
-455
-2477
-2334
-3312
-3948
-4989
-6000
-4155
-2402
-2847
-3297
-2415
471
3483
3710
989
1782
11538
19941
17364
9108
-449
-7414
-6566
-3441
-2419
-582
385
-1092
-4006
-7503
-6779
326
9614
13872
8377
-1268
-7064
-7167
-2337
1552
-543
-3763
-3868
-2283
-262
-122
-1623
-375
3522
6341
6555
3271
-1357
-2880
-2688
-3553
-4111
-4450
-4130
-2091
-1888
-3803
-4057
-2660
191
2477
995
-1942
-792
8785
19163
18128
9065
-133
-6678
-6686
-3619
-2513
-820
497
-1199
-4739
-9054
-8902
-1260
7867
11977
7336
-2742
-8835
-7988
-3522
402
167
-1981
-2197
-2182
-2307
-1871
-2058
-731
2934
5135
4603
2230
-1310
-2750
-1759
-2158
-2622
-2393
-2867
-1716
-1321
-3637
-4391
-3222
-1259
727
555
-1353
-1532
6900
19767
21541
12361
2458
-4650
-5170
-1101
227
67
232
-1505
-4836
-9110
-9786
-2991
6076
12334
10496
36
-7269
-6971
-3248
2148
4000
863
-2141
-3370
-2919
-2024
-2402
-1529
1648
4113
4877
3516
46
-1925
-1813
-2012
-1731
-1849
-2947
-2516
-2694
-5480
-6948
-5687
-3203
-400
655
-268
-1335
4125
17341
22932
15719
6562
-1379
-4863
-1700
-443
-1514
-941
-2277
-5308
-8516
-10375
-5898
2774
10092
10955
2517
-5575
-6115
-2740
2362
4463
856
-2754
-4173
-4185
-2546
-2180
-2070
1095
3972
5081
5707
3883
1082
163
-636
-1411
-1697
-2866
-3748
-4577
-7364
-9297
-7965
-5159
-1718
900
1465
-110
1271
12745
23051
20118
11792
2644
-4825
-4494
-2731
-3278
-2001
-1989
-4536
-7879
-11619
-9715
-1436
7019
11113
6179
-2608
-5302
-3315
344
3128
970
-2883
-4743
-5073
-3550
-2668
-2615
299
4012
5970
7348
6575
3501
1799
910
-1173
-2771
-4085
-5625
-6188
-7910
-10391
-9583
-5626
-906
2428
3270
1341
-402
7790
21915
24936
17522
7326
-3656
-7672
-5356
-4725
-3956
-2534
-3621
-6487
-10586
-11224
-4866
4321
12233
12031
3129
-2923
-4111
-2867
707
545
-2686
-4533
-5238
-4166
-2552
-1833
80
3115
5776
8109
8624
6094
2885
269
-2332
-4275
-5310
-6448
-7884
-9313
-10858
-10632
-6750
-1718
2052
3572
2978
1784
4183
15562
26020
22907
12716
1432
-7992
-8019
-4477
-3897
-2491
-2500
-5401
-8571
-11095
-7980
629
9714
15369
10854
633
-4427
-5407
-2907
1115
-210
-3287
-4291
-4655
-2583
-493
110
3006
6962
9869
11068
8612
3737
-502
-2933
-4549
-6432
-8011
-9165
-9861
-10235
-10400
-8537
-3840
875
4007
5595
4688
2355
5324
17136
25203
19952
8545
-3199
-10544
-8514
-4576
-4185
-3772
-4023
-5937
-7967
-9197
-5868
2481
11545
14791
7043
-3907
-8512
-8094
-3439
1014
-848
-3951
-4687
-3752
-1144
277
1217
4024
6998
9096
8600
4586
-41
-3666
-5960
-6605
-7643
-8833
-9169
-9601
-9486
-8597
-5825
-299
4323
6434
6705
4399
1924
6753
18774
24237
17050
5176
-5785
-10890
-7846
-4421
-3723
-2803
-3278
-5532
-7290
-7352
-2973
5205
12613
13189
4189
-5025
-7626
-6684
-1925
2151
88
-2212
-1855
-562
1561
2426
2972
5346
7459
8678
7774
2680
-2772
-5458
-7007
-7187
-6696
-7585
-8919
-9398
-8570
-6587
-3222
1839
5173
6196
6609
4911
2098
5232
16278
22815
16957
5704
-5152
-10853
-7720
-3919
-4034
-3457
-2919
-3900
-4986
-6650
-5360
704
7888
11164
6315
-1806
-6204
-7156
-3573
2152
2292
-429
-599
186
1548
2212
1585
2475
4597
6797
6975
2878
-3030
-6382
-6841
-6717
-6424
-7114
-8744
-8417
-6704
-4981
-2409
1164
4070
5902
6735
5449
2690
2677
10967
19780
17523
8854
-1081
-9585
-9848
-6462
-5757
-4278
-2490
-3354
-4979
-6978
-7262
-2527
5378
11727
9623
1441
-3894
-6630
-4745
1843
3319
190
-1334
-2205
-1350
502
218
305
1977
4221
5791
3405
-1456
-4715
-5695
-4978
-4462
-5976
-7908
-8233
-7067
-4929
-3036
-935
2345
5040
6442
6536
4059
1801
8027
19318
21168
12722
1404
-9110
-12141
-8346
-6050
-4903
-3191
-3206
-3781
-5240
-6554
-2655
5547
13386
14328
6199
-2536
-6387
-4642
1094
3491
456
-3131
-3887
-1767
576
367
-883
162
3632
6708
6443
2643
-1886
-3779
-3978
-5504
-6949
-8629
-10035
-7849
-5300
-4344
-2281
688
3879
7084
7940
6547
3647
3521
13305
21989
16668
5077
-6577
-14382
-12641
-8398
-6822
-4583
-2644
-1720
-1608
-3830
-3485
2493
10357
15570
11457
757
-5825
-7094
-3869
538
-177
-3514
-4330
-1832
987
887
-921
-567
3382
8252
10371
7700
1428
-3320
-4622
-6227
-8436
-9413
-10493
-9698
-6984
-5570
-3864
-537
4072
8862
10599
8978
5421
1278
5104
16582
19300
10380
-1436
-12833
-16789
-12066
-7325
-4193
-978
1343
1640
-1244
-3430
-435
5755
12818
14712
5986
-4954
-10294
-10225
-5493
-1370
-1201
-2877
-3023
-202
1466
614
728
3050
7192
10648
9853
4287
-3123
-7521
-8040
-8547
-9620
-10906
-12355
-9992
-5834
-3761
-946
3198
7109
10651
11434
8237
2778
121
7794
17588
14958
3745
-8253
-15956
-13241
-6381
-2680
35
2238
3403
2911
-571
-2441
755
7118
13005
10205
-1046
-9328
-11727
-9482
-3660
-660
-1496
-1856
80
2218
2062
1272
2133
4964
8796
9850
6094
-662
-6694
-8918
-9168
-9888
-10482
-10767
-9414
-5824
-2768
-659
1972
5867
10047
11619
9629
6097
1262
-453
7903
15568
10346
120
-8202
-12542
-9135
-3540
-979
1535
4669
5922
3892
-744
-3189
-386
6124
11606
7889
-2972
-9146
-10076
-7868
-1956
948
390
1544
3088
2818
1834
1316
2435
5776
7931
7068
3258
-3503
-8013
-9443
-10804
-10490
-9297
-8812
-7020
-4275
-2234
-386
1953
5551
9182
10438
8905
4928
-1229
-3255
5239
13490
10075
1250
-6700
-11281
-9146
-4742
-1846
1864
5358
5680
2089
-3867
-6371
-2337
5372
10702
6455
-4770
-11364
-11524
-7918
-1618
1606
1490
2482
3605
3334
2459
1752
2218
4775
6843
6021
2488
-3890
-8913
-10480
-11413
-11209
-9798
-8786
-6717
-3985
-2735
-1072
2976
7672
11426
11990
8291
3306
-2344
-4085
5483
14909
11635
3100
-4834
-10428
-8892
-3556
856
5240
7661
5940
1157
-4604
-5506
-48
6771
10539
5209
-6353
-12077
-12184
-9312
-2249
3012
4568
6057
6612
5203
3683
3074
3609
5412
6059
4322
481
-5724
-10800
-12547
-12731
-11827
-9500
-6870
-4325
-1666
173
1596
4534
8161
11504
12439
8773
2481
-3475
-7894
-7789
1308
11535
11528
4573
-3103
-8792
-7598
-1763
3537
7732
9056
6060
471
-6022
-8685
-5365
799
6477
4739
-4519
-10979
-11811
-7467
2326
9765
11160
9763
6197
2237
117
-964
-350
1129
1578
635
-3172
-9567
-13177
-12351
-10422
-6810
-2566
-1159
-205
1390
1910
3303
6170
9008
11011
9246
3214
-2427
-8081
-10890
-1144
12856
15509
9056
-749
-9505
-9657
-3072
3463
7320
7423
4169
-1898
-8664
-10413
-6570
280
7626
7547
-2040
-10715
-12597
-7775
2681
11317
12021
7457
3594
1446
-206
-1047
-1596
-1330
-129
-140
-2375
-7407
-11673
-10485
-7409
-4727
-1254
-177
-775
483
1099
991
3051
5732
7739
7968
3497
-2893
-7339
-9562
-8246
154
12718
17381
11286
2408
-4845
-6612
-1640
3181
4526
4507
2109
-2990
-7163
-8860
-6902
-571
7885
10483
2895
-5612
-7880
-5186
2413
9489
9069
4462
928
-1299
-2861
-3916
-4286
-2665
108
1297
208
-2880
-5900
-5411
-3007
-1056
28
-904
-2276
-1654
-772
-46
2214
4376
5254
5254
2183
-2311
-4652
-4887
-4249
705
11123
16013
11180
3403
-4732
-8999
-5878
-1428
1777
3944
2567
-1031
-4578
-7373
-5500
1103
8861
11846
4806
-4548
-8212
-6957
-300
6343
5629
1358
-2241
-4835
-5106
-4038
-2651
383
3232
3672
2508
-166
-2986
-2949
-1502
-1541
-2549
-3886
-5228
-4502
-2144
-65
2145
3918
4749
5121
3785
1485
-105
-1713
-3133
357
9608
14742
10805
2712
-5837
-10141
-7602
-2922
1482
5007
4751
1363
-2539
-5662
-4427
2105
9168
10093
2264
-7188
-11255
-10177
-4404
1060
213
-2959
-3846
-3572
-2841
-1560
-59
2312
5257
6271
4552
1272
-2292
-3410
-3087
-4654
-6854
-8304
-8440
-5651
-1574
1413
3299
4478
5021
5660
5307
3451
1526
-458
-2840
-2560
4870
12210
10032
3123
-3695
-8608
-6532
-1055
2841
6294
7479
5345
2152
-2032
-3672
-348
4906
7884
2864
-7253
-13052
-13153
-8194
-631
2130
815
209
114
758
1809
2774
4872
7094
7564
5295
793
-3904
-6251
-6227
-6515
-7386
-7188
-6194
-4302
-953
1833
2920
4507
6369
7190
7472
6221
2917
-1021
-4342
-6105
-1181
9270
13054
7630
104
-6743
-8137
-2937
2881
7726
10109
7950
3388
-2842
-7858
-6390
-887
4511
4329
-4895
-13723
-15581
-11689
-2971
3606
4227
3532
2972
2468
3057
3555
4392
5988
5976
3494
-1007
-6376
-9688
-9502
-8505
-8402
-7841
-7034
-5957
-3005
88
1742
4072
6779
7735
7650
6289
2653
-1711
-4780
-7022
-6201
3150
12955
12402
5729
-1937
-7282
-4808
1882
7362
10862
9805
4542
-2107
-8894
-10454
-5775
231
3618
-646
-9572
-14050
-12149
-4658
4283
7744
7467
6729
5555
5489
5715
4801
4390
4029
2208
-1224
-5633
-8969
-9716
-8421
-7651
-8063
-7359
-5378
-2191
2452
5362
5663
6436
7444
7144
6271
3550
-916
-4599
-7082
-8519
-5065
5626
13568
11705
5776
-853
-4520
-1096
4676
8304
8983
5697
-244
-6866
-11665
-10730
-5623
130
2918
-1584
-8333
-10110
-7418
-594
6616
9537
10172
9156
6541
3968
1522
334
490
329
-898
-3858
-7130
-8854
-8766
-7216
-5746
-4987
-3680
-2188
309
3911
4942
4310
4327
3747
3351
3446
1636
-1168
-4109
-7286
-9071
-6170
4943
15079
14106
8170
1425
-4359
-2258
3208
5273
5531
3188
-1956
-7422
-11285
-9996
-5028
64
4142
2178
-4104
-6354
-4554
744
7865
10852
10025
6977
3081
1396
662
-663
-1721
-2339
-3187
-4332
-5322
-6120
-6513
-5549
-3808
-3125
-3042
-2456
-318
2884
3788
2741
1939
1296
1982
3173
2190
-891
-4569
-7126
-8562
-6076
5104
15799
15792
10070
1963
-5409
-4842
-336
2771
5223
3709
-1715
-6861
-10918
-10641
-5992
202
6263
5100
-1586
-4948
-5649
-2085
5646
9942
9418
6311
2877
1396
147
-898
-574
-704
-1264
-1727
-2823
-3965
-4488
-4046
-3166
-3368
-3469
-2684
-564
2268
2367
757
66
-295
678
3011
2873
18
-2713
-5057
-6781
-6142
2165
14707
18068
12630
4469
-4692
-7082
-2685
1130
3955
3545
-1236
-5512
-8581
-9763
-6657
-1387
4333
5877
1011
-3419
-5549
-4472
2285
8148
8971
6849
3584
1352
-76
-1276
-1409
-1220
-774
558
845
-886
-3290
-4600
-5005
-5628
-4968
-3229
-1707
304
1001
-353
-1064
-324
1558
3809
4403
2781
-228
-3557
-5984
-7479
-2046
11643
19091
15591
7631
-3338
-9245
-5634
-497
3053
4366
1594
-2535
-6493
-9397
-8127
-3913
2869
8224
5257
-923
-5269
-7144
-1922
5497
8086
7553
4993
2133
526
-927
-1706
-1489
-769
597
1395
135
-2800
-5754
-7184
-7564
-7047
-4805
-2413
-632
498
-92
-1042
-294
1529
3703
5535
5201
2470
-1694
-5895
-8767
-7984
2491
16002
18646
12278
1804
-8625
-9755
-4256
827
5275
5696
1547
-3374
-8605
-11144
-8219
-986
7524
9468
3398
-3304
-7755
-6423
2096
9375
10989
8707
4864
1404
-1285
-2968
-3473
-2978
-1364
442
337
-2655
-6556
-8621
-8333
-6711
-4192
-1916
-339
882
257
-1073
-589
1168
4182
7449
7501
4091
-723
-5466
-7882
-7648
-3294
8880
19534
18327
9701
-1320
-9116
-7395
-755
5122
8046
5266
-754
-6389
-10939
-10687
-4800
3566
11145
10949
2756
-5303
-9460
-5930
3763
9957
10185
6743
1334
-2793
-4854
-6188
-5376
-2075
1465
3133
1017
-4347
-8829
-9878
-7693
-4235
-1540
-208
-252
-638
-1222
-1734
-396
2348
5384
7233
5887
2030
-2589
-6455
-7574
-6539
-1882
9839
18845
16076
7219
-3213
-10394
-7907
-823
4779
7529
4985
-479
-5694
-10196
-9112
-2460
5486
12264
10110
-407
-8714
-11658
-7021
3691
9707
8708
4660
-795
-4739
-6276
-6206
-3659
204
3117
3347
-811
-6992
-10337
-9670
-6512
-2700
84
898
117
-888
-1748
-1369
1492
5160
7914
8062
4852
1048
-2091
-4625
-4668
-4010
-1547
8720
17937
15909
8060
-1702
-9031
-6929
-206
4936
6876
3918
-1028
-5706
-9329
-7568
-1670
5373
11737
9778
192
-7693
-11167
-7155
2967
8433
7156
2733
-2851
-5649
-5358
-4265
-2149
499
2604
2925
115
-4920
-8350
-8117
-5718
-3050
-999
-642
-1582
-1687
-1410
-1277
350
3115
6056
7988
7179
4273
32
-4326
-5938
-5433
-3403
4937
14625
14961
7975
-1083
-8337
-7590
-1414
3835
6837
6275
2784
-1314
-5643
-6686
-2510
3699
9742
9636
597
-8736
-12942
-10711
-1658
5446
5485
2304
-1589
-3651
-2957
-2143
-874
1782
3829
4238
1982
-3671
-9219
-10746
-8549
-4464
-645
169
-1597
-2868
-2572
-814
2444
6201
8946
10011
8918
5504
553
-4284
-6957
-6541
-4848
-474
8133
12449
8236
1780
-4314
-6844
-2661
2621
6266
8723
7146
2602
-2140
-5661
-4649
-227
4809
7187
1330
-7659
-12207
-13051
-7917
1044
5030
4339
2386
-47
-1007
-1003
-893
405
1722
2367
1740
-2496
-8278
-11170
-10045
-5915
-1035
1600
1014
-686
-1149
238
3283
6894
9017
9102
7654
4498
646
-3215
-6794
-8079
-7320
-5742
336
8739
10829
7207
2045
-2991
-3026
1726
6463
10439
10640
6216
809
-4944
-7953
-5439
-1098
3060
3110
-3908
-10990
-13694
-11967
-3791
4632
6967
6254
3850
989
-30
-997
-1432
321
1724
1851
-147
-5575
-9947
-9580
-6577
-2250
1359
1504
314
566
2158
4510
6351
7052
6888
6334
5197
2279
-1761
-5203
-8021
-9014
-7730
-5651
938
10829
14241
10991
5651
-209
-1283
2822
7350
10365
9475
4273
-2707
-9694
-11901
-8135
-3063
1921
2168
-4856
-10852
-12452
-10246
-1983
6466
9360
8555
4711
-240
-3341
-4446
-2839
88
1145
402
-2050
-6127
-8659
-8199
-5935
-1648
2566
3832
3329
2010
269
524
3107
5697
6870
6140
3609
-306
-3927
-5643
-6415
-6276
-4752
-3688
-93
8679
14521
13541
9942
4428
418
1470
3820
5468
5666
2360
-3125
-8688
-11607
-9876
-5861
-768
2167
-1756
-7307
-9723
-9302
-2911
5842
9169
7679
3741
-418
-2183
-2294
-1321
-529
-767
-386
-720
-3309
-5672
-5847
-4009
-636
2189
2329
531
-1152
-1185
476
2902
4658
4601
3687
2249
622
-331
-1633
-3007
-3854
-4982
-6031
-4370
3637
13827
17410
14254
7284
-969
-3916
-811
3213
6440
6123
630
-6049
-11194
-12434
-8121
-1465
3995
4012
-2192
-8292
-10282
-6663
2008
8904
9918
6784
1865
-1469
-2070
-1255
43
816
1159
763
-1375
-4187
-5911
-5205
-2198
939
2965
2474
-270
-1620
-1134
-90
2386
4384
3957
2858
1407
-270
-1426
-2436
-2685
-3202
-4699
-5496
-4076
3401
13337
15686
10925
3490
-3711
-4906
-1312
1876
4097
3095
-1250
-5657
-9707
-10552
-6629
-1265
3400
2943
-2954
-7352
-8159
-4694
2772
7546
6991
3876
508
-687
-181
-274
-711
-1014
-946
-144
-32
-1777
-3778
-3410
-1616
-188
998
138
-2033
-1981
-554
1113
2815
2854
2378
3014
3422
3117
2007
-168
-2116
-4603
-6965
-7057
-5222
2718
13911
16368
11142
3419
-4763
-6077
-1053
3867
7402
6561
1483
-3527
-8508
-10232
-6117
-760
4314
5176
-1235
-7715
-10771
-9013
-1021
6322
8782
7151
2671
-660
-1681
-1909
-981
311
1458
2615
1541
-1840
-4977
-6164
-4378
-1582
-39
-322
-2450
-3396
-2314
-614
2323
4940
5984
6702
6047
3995
2230
8
-2186
-3712
-5977
-7136
-6469
-2548
6876
12678
9982
5041
-913
-4640
-1663
3252
6619
8091
5552
364
-5282
-9507
-8489
-4010
273
2606
-973
-7654
-11116
-10408
-4652
3052
7050
7264
5101
2561
1799
1510
947
1002
1414
2052
1829
-608
-4157
-6782
-6871
-5275
-3995
-3341
-3365
-2467
414
3176
5325
7246
7608
7121
7260
6402
4349
2345
-372
-3983
-8260
-12097
-13508
-11686
-3838
7421
12545
10731
5617
-649
-1611
3576
8878
12234
11356
4868
-3242
-10141
-13161
-10417
-5712
-1509
-563
-5818
-11478
-12860
-9785
-1294
7609
12048
12494
9391
5718
3316
901
-102
516
1173
1578
-634
-5552
-10076
-12383
-10495
-5801
-1553
1638
2704
2619
3607
4668
6097
8023
8342
7372
5907
2988
-389
-3686
-7260
-9752
-12210
-14078
-12390
-8005
565
12052
17469
15733
10814
4844
3423
6672
8715
8429
4897
-1796
-7817
-12265
-13761
-11040
-7273
-3229
-1377
-4909
-8296
-8044
-4916
2589
10230
13395
12784
8801
4565
1980
-618
-1700
-1564
-2045
-2411
-3843
-6612
-8471
-8194
-5314
-941
2114
3168
2938
2992
4211
5402
6269
6399
5034
3606
2391
239
-2270
-5100
-8014
-9690
-10768
-10746
-7856
-2880
5092
14879
19348
16993
11303
4583
1505
2862
4277
4255
1715
-3567
-8296
-11718
-13577
-11887
-8454
-4606
-1733
-3225
-5669
-5262
-2706
3427
10287
12946
11881
7942
3143
384
-1389
-2667
-2853
-3247
-3790
-4038
-5008
-6041
-5711
-3963
-1096
1512
2655
2622
2519
3025
3834
4505
4350
2841
1130
-149
-1792
-3641
-5014
-5909
-5992
-5790
-6420
-6139
-3929
738
9375
16625
16840
12846
6464
406
-386
1170
2001
2224
-645
-5340
-9602
-13784
-14317
-10147
-4446
1147
2421
-775
-2665
-2213
1643
8449
11993
11633
8919
3856
24
-2131
-4205
-4637
-4040
-3150
-1257
-524
-2008
-3418
-3598
-2490
-131
2035
2682
2042
1382
1171
736
387
705
1163
1460
1379
245
-1581
-2993
-3532
-3579
-4424
-5441
-4758
-2488
3208
11517
15072
12698
7715
1358
-1335
936
2920
3525
2183
-2227
-6732
-10083
-11368
-8552
-3976
405
2494
-296
-3635
-4122
-2091
3667
9250
10539
9060
5348
1343
-443
-1393
-1498
-327
193
244
-248
-2869
-5793
-6676
-6052
-4338
-2172
-1234
-1581
-1599
-628
759
2319
3860
4257
3787
3525
2615
1334
533
-824
-2823
-5358
-8579
-10290
-8815
-4431
3142
11493
14565
11947
7390
2592
763
2410
3922
3918
1675
-2697
-7544
-11889
-13571
-11290
-6790
-1632
1384
-194
-2752
-3058
-719
5017
10730
13041
12243
7974
2679
-737
-3076
-3561
-2375
-1822
-1732
-2719
-5486
-7561
-7630
-5957
-2916
62
2118
2889
2947
3558
3792
4005
5142
5627
5473
5002
2940
-158
-2990
-5464
-7235
-8298
-9212
-9011
-7021
-3411
3094
10423
13763
12960
9658
4917
1704
1117
1309
1261
302
-2552
-6872
-11032
-12773
-10858
-6398
-873
2463
1513
-607
-1344
432
5097
9322
10584
8822
4720
906
-1566
-3407
-3960
-3599
-3329
-2640
-2472
-3871
-5397
-5784
-4722
-2373
644
3125
3925
4067
3953
3307
3579
4285
4359
4492
3919
1946
-289
-2928
-5667
-7090
-8000
-8869
-8676
-7083
-3758
1919
9377
14810
15422
12754
8224
3968
2660
2871
2550
1454
-1328
-5735
-9877
-12060
-11070
-7195
-2210
1545
1729
-170
-1075
40
3753
8040
10150
9496
5887
1222
-2137
-4546
-5553
-4639
-3846
-3684
-3920
-5386
-6804
-6674
-4820
-1768
1128
3259
3873
2971
2328
2087
2254
3274
3776
3312
2034
-532
-3467
-5816
-7595
-8268
-8112
-8096
-7589
-5899
-2782
2447
9539
15838
17735
15391
10742
4798
933
620
972
710
-817
-4868
-9342
-11388
-10506
-6920
-1975
2028
3345
2304
1436
1735
3323
6347
8404
8170
6165
2623
-1167
-4278
-6275
-6476
-5506
-4295
-3397
-3528
-4532
-5010
-4220
-2526
-448
1482
2750
3286
3596
3665
3252
2992
2964
2471
1505
-235
-2528
-4618
-6141
-6825
-7197
-7584
-7612
-6553
-3506
1453
7727
14189
17591
16355
12176
6146
858
-823
-607
-278
-621
-3432
-7725
-10996
-11786
-8964
-3714
1389
4650
4625
2713
1753
2284
4564
7563
8905
7941
4644
50
-3943
-6749
-7465
-6166
-4388
-2691
-1817
-2376
-3317
-3469
-2382
-214
2525
4995
5962
5348
3968
2155
1093
1369
1643
1190
-340
-2979
-5428
-6783
-7054
-6482
-5552
-4737
-3866
-2177
492
4202
9486
14297
15090
12082
6855
648
-2938
-2873
-2125
-1576
-2090
-4936
-8102
-9751
-9237
-6091
-1428
2843
4686
3778
1925
332
245
2282
4232
4680
3536
417
-3043
-5330
-6273
-5172
-2631
-316
968
550
-1407
-3125
-3350
-1830
675
3017
4224
3481
1948
903
290
725
1599
1571
850
-463
-2154
-3544
-4442
-4743
-4485
-3951
-3313
-2640
-1626
188
3104
7435
11676
13209
11821
7989
2580
-1232
-2537
-2459
-1440
-1254
-3062
-5694
-7720
-8096
-6087
-2196
1637
3479
3223
1759
183
169
1956
3864
5153
4808
2154
-1161
-3862
-5110
-4040
-1734
143
724
-65
-1570
-2705
-2579
-1374
299
2111
3262
2899
1784
508
-578
-264
883
1410
931
-558
-2365
-3799
-4363
-3854
-2948
-1966
-1089
-940
-998
-230
1968
6546
11826
13974
12130
7068
388
-4028
-4514
-2799
-675
-47
-1909
-5150
-7735
-8129
-5932
-1827
2412
4460
3690
1408
-918
-1771
-225
2247
4051
4594
2823
-521
-3366
-4767
-3928
-1350
851
1465
329
-2043
-4105
-4519
-3344
-1165
1040
2201
1818
261
-1049
-1296
-377
1540
2665
1975
199
-1956
-3356
-3320
-2389
-1387
-793
-732
-1248
-1834
-1276
1027
5428
10867
13586
11595
6504
590
-3470
-3668
-1610
353
1095
-411
-3562
-6621
-8329
-7607
-4320
72
3144
3254
891
-1899
-2808
-760
2691
5108
5260
2721
-1011
-3714
-4945
-4436
-2486
-562
462
105
-1758
-3649
-4113
-2964
-628
1470
2240
1778
577
-231
-53
668
1714
2317
2028
1110
-194
-1365
-1845
-1492
-635
190
476
-226
-1511
-1866
-344
3221
8170
11548
10839
7043
1950
-2285
-3234
-1454
938
2493
1935
-726
-3931
-6078
-5983
-3409
345
3214
3404
1104
-1753
-3411
-2521
335
2877
3937
2825
51
-2330
-3553
-3295
-1599
26
742
469
-1091
-3048
-3969
-3756
-2672
-1069
118
349
-193
-589
-246
811
2467
3397
2991
1851
385
-638
-896
-793
-564
-784
-1495
-2568
-4082
-4715
-3308
130
5072
9308
9747
6656
2442
-1127
-1844
288
2718
4057
3324
307
-3521
-6517
-7425
-5747
-2293
840
1678
76
-2450
-3871
-2793
266
3285
4829
4364
2337
172
-1203
-1573
-986
-25
627
468
-799
-2712
-4278
-4594
-3559
-1955
-470
419
403
252
661
1401
2405
3202
3213
2585
1557
527
-257
-689
-723
-942
-1593
-2537
-3894
-4884
-4204
-1776
2153
6642
8996
7971
5059
2061
299
890
2897
4251
3945
1739
-1803
-5293
-7417
-7480
-5676
-2897
-786
-513
-1758
-3169
-3241
-1395
1738
4527
5734
4948
2677
317
-1212
-1547
-927
-220
-40
-620
-2023
-3722
-4599
-4371
-3064
-1090
549
1439
1502
1397
1785
2522
3447
3794
3170
2148
1094
243
-256
-544
-1003
-1722
-2546
-3477
-4121
-3804
-2046
1248
5334
8335
8417
6226
3537
1505
1487
2918
3709
3137
885
-2611
-5812
-7830
-8202
-6631
-3774
-1220
-187
-642
-1702
-1778
-5
2975
5673
6722
5686
3098
411
-1391
-2113
-1893
-1482
-1326
-1708
-2870
-4177
-4852
-4653
-3575
-1927
-237
1025
1688
2092
2500
2970
3500
3573
2846
1706
478
-535
-1168
-1582
-2006
-2706
-3414
-4028
-4615
-4409
-2880
21
4133
7888
9109
7672
5053
2476
1250
1634
2301
2202
839
-1637
-4431
-6635
-7424
-6505
-4190
-1499
177
481
-50
-516
122
1875
3767
4977
4921
3334
929
-1321
-2978
-3565
-3357
-2906
-2597
-2928
-3637
-3997
-3733
-2911
-1609
-171
1075
2041
2640
2952
2979
2755
2458
2014
1521
999
381
-386
-1251
-1914
-2492
-2924
-3182
-3464
-3305
-2269
-164
3042
6488
8617
8715
7384
5509
3945
3240
3027
2737
1798
1
-2303
-4551
-5956
-6088
-4809
-2633
-799
191
390
240
576
1618
3002
4124
4221
3069
1259
-560
-1938
-2660
-3006
-3124
-3053
-3140
-3237
-3198
-3110
-2855
-2348
-1531
-435
599
1273
1698
1911
2007
1994
1550
725
-130
-774
-1027
-1133
-1394
-2020
-3098
-4112
-4613
-4347
-2927
-454
2861
6352
8541
8652
7075
4807
2934
2119
2171
2328
1774
130
-2322
-4827
-6364
-6389
-5045
-2866
-1055
-356
-360
-481
-108
1123
2741
4062
4431
3483
1709
-209
-1582
-2136
-2171
-2028
-2113
-2644
-3324
-3720
-3630
-2872
-1634
-146
1319
2272
2754
3045
3291
3621
3782
3382
2373
987
-286
-1084
-1646
-2050
-2429
-3075
-3588
-3894
-3876
-3011
-1180
1644
4988
7410
7854
6549
4410
2575
1577
1150
907
226
-1104
-2797
-4713
-6286
-6814
-6127
-4379
-2376
-1067
-507
-299
125
1272
2693
3699
4042
3597
2497
1088
-440
-1753
-2626
-3065
-3019
-2777
-2579
-2366
-2057
-1509
-738
194
1219
2174
2895
3327
3447
3178
2648
1864
824
-197
-957
-1412
-1595
-1683
-1884
-2321
-2773
-2915
-2646
-1630
178
2707
5591
7634
7947
6669
4607
2716
1622
1242
1092
753
-181
-1771
-3692
-5363
-6012
-5339
-3494
-1361
-116
101
-114
88
1180
2639
3584
3543
2577
1170
-219
-1441
-2414
-3035
-3289
-3095
-2713
-2573
-2606
-2476
-1967
-1002
193
1304
2091
2510
2644
2551
2203
1573
764
-147
-944
-1525
-1913
-2098
-2112
-2049
-2033
-2071
-2185
-2143
-1473
9
2326
5107
7158
7655
6599
4541
2609
1319
568
232
-129
-839
-1810
-3212
-4758
-5672
-5526
-4127
-2008
-387
351
401
320
822
1613
2104
2193
1698
973
279
-606
-1555
-2389
-2773
-2480
-1853
-1305
-1050
-908
-514
147
856
1381
1550
1454
1353
1225
1099
853
328
-211
-705
-1161
-1345
-1377
-1261
-909
-741
-721
-731
-709
-262
747
2429
4518
5996
6234
5252
3468
1744
687
252
245
331
-41
-823
-2028
-3425
-4322
-4355
-3397
-1897
-682
-67
-55
-86
260
753
1125
1199
936
619
352
-51
-553
-1054
-1467
-1530
-1378
-1251
-1119
-994
-694
-314
130
517
667
725
822
902
966
934
669
234
-334
-927
-1344
-1544
-1381
-881
-403
-60
-19
-170
-145
306
1634
3818
5745
6419
5557
3488
1266
-194
-602
-227
250
165
-615
-1946
-3413
-4382
-4386
-3199
-1414
71
752
416
-229
-486
-341
90
510
517
211
-324
-990
-1526
-1879
-1993
-1717
-1260
-834
-581
-575
-489
-298
3
402
646
637
555
427
367
494
636
711
530
109
-319
-584
-570
-239
85
204
66
-178
-263
35
971
2387
3608
3991
3315
1926
628
-14
35
469
805
621
-70
-1136
-2242
-3028
-3158
-2514
-1468
-622
-318
-579
-961
-1011
-664
-129
332
639
779
884
936
782
454
65
-253
-280
-107
103
217
156
-37
-259
-389
-389
-294
-118
86
289
425
407
200
-119
-352
-474
-450
-285
-243
-263
-297
-325
-176
12
412
1092
1816
2401
2542
2106
1333
622
315
390
639
640
305
-258
-946
-1467
-1792
-1827
-1519
-1150
-829
-689
-764
-866
-851
-579
-236
109
430
658
859
911
770
460
17
-316
-442
-434
-364
-277
-272
-331
-403
-470
-431
-264
-25
259
465
561
520
331
90
-130
-268
-277
-168
-33
96
213
270
342
545
953
1454
1825
2001
1830
1314
721
231
-44
-79
-47
-86
-279
-648
-1127
-1513
-1695
-1703
-1561
-1366
-1276
-1243
-1210
-1109
-840
-607
-428
-233
6
303
532
541
342
31
-255
-436
-485
-402
-207
-15
105
156
116
81
191
423
678
806
693
478
194
-52
-171
-259
-324
-368
-343
-201
38
427
866
1366
1941
2337
2469
2358
2038
1594
1125
648
242
42
-91
-211
-362
-719
-1134
-1416
-1483
-1296
-1067
-903
-805
-863
-927
-905
-814
-612
-337
-127
-10
13
-65
-82
-10
71
81
-145
-547
-931
-1121
-1045
-792
-443
-124
65
117
98
28
-33
-21
4
45
16
-150
-311
-434
-453
-285
-33
286
628
981
1440
1911
2258
2454
2470
2244
1821
1335
801
375
160
36
-30
-217
-576
-951
-1213
-1239
-1060
-841
-660
-653
-762
-872
-895
-758
-449
-9
403
651
585
309
24
-162
-149
1
115
29
-334
-892
-1366
-1523
-1309
-675
137
769
1011
807
372
-88
-344
-291
-62
112
70
-239
-696
-1054
-1127
-848
-222
644
1476
1987
2066
1838
1523
1268
1176
1141
1004
678
129
-501
-1031
-1337
-1388
-1212
-961
-855
-957
-1218
-1476
-1560
-1373
-986
-570
-278
-140
-62
-15
87
263
433
532
467
302
60
-227
-475
-645
-728
-746
-604
-355
5
449
886
1297
1572
1631
1479
1145
727
340
55
-196
-468
-697
-855
-865
-640
-148
599
1415
2096
2482
2532
2319
1994
1669
1366
1071
637
82
-511
-1135
-1609
-1825
-1771
-1508
-1254
-1127
-1114
-1143
-1091
-948
-773
-633
-584
-526
-444
-347
-253
-188
-67
34
59
0
-138
-225
-252
-236
-248
-361
-505
-569
-481
-253
95
433
657
735
622
385
168
12
-37
56
152
172
75
-51
20
299
781
1388
1924
2259
2298
2070
1642
1213
858
539
301
-26
-491
-963
-1356
-1519
-1420
-1116
-800
-611
-537
-597
-633
-610
-490
-284
-191
-254
-486
-840
-1102
-1158
-978
-641
-348
-279
-414
-615
-794
-800
-579
-210
123
279
253
95
-65
-45
189
563
918
1060
896
496
0
-338
-369
-149
298
723
931
922
791
725
820
1066
1381
1574
1499
1121
596
109
-231
-374
-408
-412
-517
-741
-905
-949
-860
-652
-404
-186
-79
-107
-201
-309
-442
-578
-623
-602
-534
-419
-341
-281
-232
-199
-143
-103
-67
-14
29
106
146
114
51
-19
-43
3
116
287
417
426
348
215
105
79
187
447
741
968
1073
1053
967
907
924
1004
1107
1085
872
517
53
-423
-793
-1002
-1018
-916
-781
-678
-666
-669
-661
-596
-461
-322
-195
-174
-279
-472
-682
-825
-905
-913
-872
-826
-785
-735
-647
-540
-428
-301
-147
6
158
280
367
425
423
403
358
303
295
330
395
473
514
503
467
452
512
641
820
1025
1170
1190
1135
1051
979
962
933
873
757
533
233
-108
-395
-555
-611
-619
-584
-564
-584
-632
-675
-658
-541
-359
-197
-142
-246
-428
-615
-787
-916
-990
-1044
-1100
-1198
-1323
-1418
-1416
-1251
-929
-527
-161
118
322
489
661
850
989
1033
982
881
772
640
489
366
313
305
276
193
98
53
95
219
390
561
696
790
813
816
833
816
800
768
625
409
162
-98
-276
-425
-541
-584
-607
-652
-691
-694
-648
-547
-421
-317
-248
-250
-328
-443
-571
-675
-769
-861
-911
-916
-895
-852
-755
-622
-483
-298
-99
93
294
502
695
851
944
972
990
959
880
805
723
647
555
463
338
194
120
125
235
366
468
521
534
557
577
622
665
683
665
601
489
288
85
-47
-139
-230
-362
-537
-690
-751
-759
-686
-587
-517
-449
-419
-423
-480
-553
-598
-615
-648
-776
-958
-1141
-1260
-1289
-1258
-1162
-1010
-798
-550
-323
-110
114
351
601
799
934
1008
1022
968
830
616
407
252
128
49
6
-18
-6
45
134
191
222
278
340
451
540
581
579
551
508
412
305
191
96
30
-5
-33
-99
-181
-228
-273
-280
-237
-154
-32
71
145
174
188
183
120
13
-149
-284
-422
-545
-643
-724
-746
-734
-657
-546
-392
-189
21
229
398
511
559
574
605
619
590
492
352
215
74
-55
-170
-214
-205
-210
-232
-251
-277
-290
-254
-189
-68
85
219
327
404
411
372
318
248
190
125
37
-78
-216
-345
-419
-397
-278
-109
61
168
212
191
133
88
25
-28
-74
-143
-231
-315
-383
-412
-393
-326
-221
-86
42
143
189
206
278
375
475
507
433
292
140
19
-53
-92
-141
-196
-244
-311
-379
-420
-431
-376
-252
-115
2
77
123
197
275
339
379
371
328
218
41
-164
-349
-466
-516
-535
-544
-540
-492
-389
-215
-21
182
383
546
650
661
593
486
363
227
81
-83
-248
-409
-525
-578
-581
-502
-374
-209
-18
150
334
518
668
769
781
749
662
540
433
309
138
-70
-272
-469
-621
-695
-722
-700
-635
-534
-411
-274
-126
25
186
342
465
526
495
402
272
135
8
-134
-275
-409
-538
-629
-647
-610
-509
-343
-158
31
203
355
465
527
574
591
559
470
334
195
44
-91
-192
-274
-320
-312
-272
-208
-115
6
144
281
391
449
473
479
480
481
440
357
231
88
-71
-244
-377
-474
-530
-538
-505
-442
-374
-279
-146
2
143
262
347
366
341
287
207
114
9
-100
-210
-330
-416
-454
-449
-406
-332
-236
-129
-9
92
173
238
274
290
267
184
71
-54
-179
-282
-338
-347
-338
-295
-235
-162
-74
17
128
247
361
433
443
424
374
315
240
136
17
-103
-207
-312
-364
-375
-359
-314
-247
-143
-29
97
217
332
432
500
515
483
426
311
173
31
-110
-244
-385
-489
-561
-575
-526
-445
-315
-169
-16
133
258
368
430
468
472
424
317
174
39
-99
-233
-345
-426
-474
-465
-408
-322
-229
-125
-4
108
224
313
374
430
453
439
368
256
121
-11
-140
-271
-372
-453
-498
-480
-418
-326
-214
-82
58
195
336
455
552
600
589
545
468
354
225
92
-49
-200
-340
-437
-477
-457
-390
-279
-155
-32
72
165
249
307
349
362
327
243
133
21
-88
-176
-244
-294
-325
-352
-354
-339
-296
-226
-134
-29
63
135
190
222
226
220
202
162
92
-4
-98
-182
-256
-301
-329
-322
-288
-225
-140
-47
46
124
202
263
313
341
312
258
186
105
25
-59
-151
-240
-282
-292
-273
-228
-161
-73
6
93
187
263
317
332
308
262
177
56
-40
-112
-178
-225
-255
-274
-273
-251
-219
-160
-78
24
127
213
282
328
346
327
284
230
165
96
6
-91
-168
-227
-277
-307
-305
-275
-216
-151
-74
7
87
159
208
253
279
276
245
193
126
57
-9
-93
-174
-232
-258
-268
-256
-217
-176
-125
-66
-5
51
103
144
172
186
174
156
121
63
14
-31
-73
-100
-124
-147
-154
-137
-98
-40
43
118
176
217
216
208
201
178
148
95
36
-28
-88
-135
-169
-174
-166
-137
-98
-65
-31
5
36
64
94
112
118
111
113
118
100
72
33
-9
-39
-65
-76
-84
-89
-80
-56
-33
-18
-11
-26
-28
-17
-22
-33
-31
-21
-12
-15
-32
-55
-81
-87
-81
-80
-84
-85
-66
-21
16
42
67
74
55
37
21
8
-1
-14
-19
-31
-47
-64
-98
-116
-107
-76
-46
-21
3
29
60
78
90
100
113
121
103
84
63
46
38
26
6
-22
-35
-50
-58
-58
-68
-74
-70
-54
-31
-14
9
33
35
33
31
35
41
45
50
47
41
34
19
4
-8
-21
-10
15
34
27
23
27
29
41
52
63
67
36
-4
-33
-43
-38
-20
3
16
19
8
-2
0
7
11
18
19
13
2
-6
-12
-14
-1
13
13
-2
-15
-20
-20
-19
-20
-14
-16
-32
-36
-44
-48
-30
-2
18
26
27
15
3
-7
-5
6
13
19
15
14
11
4
23
53
72
75
70
44
18
15
9
-1
-7
-12
-20
-26
-30
-38
-54
-53
-43
-43
-43
-46
-48
-37
-33
-37
-33
-24
-13
4
11
11
4
-19
-37
-48
-63
-79
-81
-79
-74
-60
-56
-52
-38
-32
-14
6
16
19
17
18
17
31
50
49
42
27
14
-7
-15
-15
-27
-12
-15
-13
-10
-14
-8
-1
9
18
40
49
52
62
66
68
68
67
70
77
77
61
43
28
21
18
17
20
19
15
2
-5
-8
-2
14
14
4
-12
-18
-11
-10
-5
-6
-4
-6
-10
-2
-4
-3
4
12
14
9
14
20
24
24
15
4
-3
-11
-13
-28
-33
-36
-30
-30
-35
-27
-34
-29
-6
9
1
-11
-13
-18
-24
-29
-27
-16
-11
-13
-20
-23
-32
-30
-12
-6
1
19
32
42
59
63
56
43
30
12
-6
-18
-34
-37
-39
-44
-40
-40
-40
-32
-17
-2
16
35
46
56
67
79
82
69
54
42
19
0
-5
-13
-10
-11
-30
-43
-53
-64
-64
-53
-40
-37
-39
-40
-37
-27
-18
-6
2
-2
-9
-25
-40
-48
-51
-46
-32
-13
-2
0
-8
-13
-20
-28
-21
-10
2
5
-1
-3
6
15
14
-2
-21
-31
-35
-38
-20
12
33
45
61
82
84
79
74
62
59
59
57
46
26
12
3
-13
-29
-43
-48
-42
-33
-24
-13
-11
-9
8
23
32
51
70
62
58
55
40
25
16
9
-1
-11
-16
-5
16
26
31
42
44
30
24
18
2
6
18
21
9
-10
-31
-44
-45
-45
-39
-15
-1
-2
-2
-2
13
26
38
35
34
36
34
30
9
-13
-37
-52
-60
-72
-83
-81
-70
-61
-63
-64
-54
-47
-34
-17
-12
3
11
10
17
13
10
-9
-18
-25
-29
-32
-46
-49
-48
-44
-30
-21
-3
28
64
91
98
91
70
54
41
24
20
6
-5
-8
-20
-15
-7
-3
-5
-21
-26
-23
-19
-26
-31
-22
-27
-26
-18
-11
-11
-16
-22
-33
-41
-49
-63
-77
-72
-48
-20
12
26
21
21
30
40
40
40
40
30
17
3
-15
-14
-1
13
19
18
28
35
51
70
82
87
76
70
74
76
72
59
54
38
8
-25
-43
-52
-43
-37
-25
-12
-2
0
-13
-12
-2
1
-2
-3
4
18
18
13
15
19
17
18
9
-4
-20
-20
-18
-18
-16
-24
-24
-27
-26
-15
-5
-2
-5
-13
-25
-31
-36
-26
-5
0
-9
-13
-14
-6
11
15
15
14
24
37
36
30
31
35
31
23
1
-20
-32
-40
-43
-33
-30
-38
-41
-35
-29
-23
-9
7
22
26
21
13
13
13
11
17
15
3
12
11
-8
-20
-22
-21
-34
-40
-51
-48
-36
-22
-8
-10
-4
-1
-3
-10
-22
-25
-33
-36
-29
-13
2
9
4
10
24
24
32
33
33
31
29
31
18
7
-10
-24
-35
-37
-28
-19
-18
-27
-31
-28
-30
-36
-24
-18
-13
-2
5
29
43
45
46
37
39
43
48
43
42
28
4
-12
-25
-15
-7
-13
-11
-3
-7
6
22
33
33
34
49
50
46
27
6
-2
3
-1
-16
-6
-1
6
16
17
24
38
42
41
