-59
-64
-71
-63
-38
-19
-8
-4
3
8
0
-10
-8
-4
1
19
31
43
36
7
-4
5
10
22
34
40
42
26
10
16
28
34
27
30
40
42
46
48
54
51
50
51
45
35
18
5
-11
-32
-23
-6
-10
-14
-6
0
-15
-22
-12
-13
-17
-15
2
14
5
3
0
-3
-11
-2
0
-10
-16
-3
0
-15
-8
2
5
-8
-28
-38
-39
-29
-24
-19
-16
-45
-64
-57
-53
-44
-28
-13
0
9
8
12
10
2
1
-15
-32
-33
-21
8
14
-1
2
5
6
13
-3
-2
7
-3
11
8
-7
17
35
33
25
12
20
9
-28
-41
-30
-27
-24
-15
-13
-16
-22
2
16
-5
6
36
48
48
45
31
35
34
38
60
37
1
-27
-48
-42
-26
-12
17
25
25
27
14
8
14
26
25
14
11
22
7
-7
12
34
29
24
12
6
4
-19
-26
-32
-44
-50
-46
-41
-43
-26
-11
-7
6
19
29
31
23
12
10
7
-8
-18
-29
-39
-39
-40
-36
-13
-11
-16
-13
-1
8
-2
-1
7
10
10
5
-1
12
20
28
50
62
53
34
15
5
-18
-40
-35
-33
-32
-38
-39
-17
-3
5
18
23
23
28
29
30
37
20
12
5
-17
-15
0
23
46
37
21
12
3
-18
-30
-35
-35
-26
-22
3
15
3
-2
-2
14
28
13
0
-3
-11
-7
-5
-10
-11
-9
-22
-28
-24
-33
-19
-10
-11
-1
0
-4
-15
-23
-28
-34
-22
-15
-13
-6
-3
0
-6
-15
-34
-46
-30
2
19
29
46
47
33
29
13
4
7
13
9
3
19
20
10
4
-2
-20
-24
-22
-31
-32
-31
-33
-21
-13
-17
1
15
12
3
-9
-14
-2
17
20
10
14
12
3
-8
-3
16
14
0
12
3
2
10
10
21
40
63
69
72
87
93
73
63
41
12
-5
0
5
15
38
45
43
44
38
22
0
-12
-18
-41
-75
-81
-82
-71
-38
-22
-18
-35
-42
-35
-38
-47
-59
-71
-58
-49
-35
-18
-10
11
40
57
53
47
33
24
6
-15
-22
-49
-35
-2
7
13
27
46
48
39
8
-22
-17
-19
-35
-25
-22
-31
-13
12
10
3
27
50
44
12
-19
-39
-45
-30
-14
-1
6
-9
-18
0
-14
-49
-66
-61
-56
-48
-45
-58
-87
-92
-53
-23
-12
2
9
-11
-27
-17
10
22
24
44
54
40
58
93
89
43
22
25
35
44
38
23
26
56
58
47
59
65
77
101
90
38
3
17
21
9
37
57
57
27
10
41
61
41
5
-1
-34
-55
-43
-36
-27
25
104
132
90
47
61
68
10
-68
-115
-81
-46
-33
-34
-61
-100
-111
-76
-42
-39
-118
-169
-168
-142
-107
-98
-166
-265
-278
-197
-159
-175
-180
-167
-135
-105
-76
-81
-114
-160
-151
-75
-24
-19
-14
16
59
143
226
214
184
200
212
165
157
199
203
203
211
207
193
218
285
280
289
345
319
298
362
386
308
256
295
314
271
245
223
224
234
221
164
69
6
38
66
-1
-64
-98
-190
-241
-135
-129
-331
-471
-408
-374
-449
-466
-492
-559
-553
-520
-553
-598
-557
-494
-482
-467
-401
-307
-249
-269
-250
-164
-121
-109
-66
10
13
24
78
70
95
213
289
250
203
228
216
186
178
209
295
341
329
326
342
323
305
308
285
192
93
6
-56
-81
-71
-22
-23
6
31
-29
-76
-12
11
-63
-37
43
-68
-238
-158
-26
-9
81
163
60
-59
-16
65
91
93
2
-107
-41
-9
-147
-159
-40
-100
-174
-20
101
-2
-96
-76
-122
-122
21
17
-152
-64
221
207
-6
0
234
315
104
-1
243
378
199
87
164
188
278
499
323
-58
26
274
166
62
127
-95
-194
214
379
79
-43
-50
-117
348
704
-196
-875
53
779
109
-438
-349
-494
-372
243
44
-675
-529
-223
-497
-303
2
-700
-768
592
672
-890
-739
779
597
-110
542
562
-310
549
1690
452
-513
672
983
49
556
977
-577
-1101
265
256
-733
-413
-458
-1569
-1139
201
-571
-2049
-1661
-924
-1157
-987
-606
-1239
-1825
-1101
-293
-418
-594
-597
-848
-736
26
185
-471
-547
102
389
434
464
-85
-92
1680
2331
-214
-1371
1595
3383
1533
679
1511
851
945
3458
3421
345
134
2247
2220
2045
2954
1195
-1232
569
2693
910
-797
-767
-1674
-1762
136
-276
-2962
-3169
-1783
-1850
-1754
-1056
-2198
-3730
-2674
-901
-868
-1270
-1039
-1112
-1177
-161
1021
750
-285
-124
1005
1367
1186
1382
1158
643
1248
2081
1547
871
999
642
245
1083
1415
294
256
1417
657
-956
226
2203
1319
-284
40
502
364
1394
1977
80
-954
864
1805
791
560
408
-1003
-863
1000
645
-1281
-1469
-1062
-1360
-726
-219
-1785
-2728
-1453
-721
-1096
-970
-1354
-2268
-1318
264
-327
-1256
-822
-1055
-1541
-366
316
-1091
-1864
-1008
-616
-691
-558
-1286
-2034
-1095
-190
-833
-1099
-715
-1276
-930
1764
2121
-1727
-2629
2107
4407
1586
447
1602
898
1635
5219
4546
110
412
3573
3056
2353
3591
1302
-1876
915
3969
1274
-1065
-504
-1586
-1935
861
544
-3367
-3633
-1308
-1537
-1765
-623
-1913
-3742
-1806
368
-591
-1437
-1092
-1627
-1323
1057
1635
-585
-1556
-245
695
647
622
387
-222
-116
699
721
-409
-490
1796
2577
-772
-2397
1427
3560
729
-187
1665
617
77
3692
4038
-399
-389
3141
2462
1356
3021
871
-3002
-231
3499
701
-2134
-1212
-1816
-2415
191
129
-3622
-3813
-1328
-1635
-2140
-617
-1262
-3592
-2620
260
646
-585
-1156
-1266
-588
1071
1675
116
-1364
-558
1337
1692
688
459
399
-436
297
2047
327
-2687
-172
3923
938
-3592
-256
3822
918
-562
2844
1497
-2160
1973
5810
720
-1993
2396
2419
-364
2903
3862
-2303
-2450
3585
2188
-2494
-823
-429
-3833
-1632
1625
-2637
-5320
-1548
-1116
-3603
-1191
419
-3561
-4252
5
240
-2202
-1121
-403
-2263
-1016
1938
310
-2392
-673
1273
290
234
1183
-235
-1263
793
1250
-800
802
3813
262
-3852
877
5770
1974
-1104
1779
1709
-365
3332
5660
761
-798
3401
3108
1068
3869
3074
-2887
-1611
4005
2032
-1963
-1102
-1983
-3789
-106
1610
-3502
-5097
-1513
-1846
-3140
-321
-784
-5420
-4402
392
208
-1795
-1162
-1706
-2584
675
2917
-298
-2446
-144
1291
838
1463
1127
-1281
-1105
1686
1641
8
1890
3477
-380
-2554
2866
6304
1572
-1320
1823
2313
751
3650
4551
-600
-1224
3832
3607
857
2806
2035
-2986
-996
4477
1670
-3188
-1993
-1407
-2544
206
1052
-3810
-4804
-608
-270
-2047
-902
-1595
-4213
-1921
1580
-409
-2597
-818
-404
-1368
669
1727
-1534
-2916
-75
1088
-338
-573
-796
-2061
-1222
575
-630
-1588
1607
2553
-2294
-3464
2598
4644
-225
-1472
1458
851
426
3968
3499
-1188
-188
3626
2209
1074
3249
1004
-2737
554
3766
134
-2196
-936
-2086
-2138
1527
782
-4049
-3562
-74
-554
-1512
-428
-1547
-3116
-965
873
-481
-1037
-413
-1287
-1019
1645
1904
-913
-1684
56
925
960
783
-489
-1176
293
929
-24
1538
3907
778
-3332
513
6183
3746
-718
162
894
103
3204
4957
-160
-2719
1929
3533
906
1753
1850
-2680
-2415
3075
2341
-2841
-3308
-2406
-3204
-894
1092
-3076
-6184
-2744
20
-1170
-1601
-1631
-3160
-2526
324
322
-1712
-1807
-1240
-1442
-210
1379
53
-2144
-1475
663
1333
660
-262
-517
496
1381
984
1852
4063
2264
-2310
-490
5998
6052
1173
464
1732
1201
3588
6289
2044
-2253
1302
4336
2181
2121
2465
-2206
-3509
2174
3431
-1658
-3866
-3555
-3861
-1175
1203
-3042
-7029
-4117
-883
-1375
-1740
-2438
-4364
-3058
744
1019
-920
-724
-216
-669
645
2445
1200
-1129
-1035
762
1968
1609
-238
-1341
196
1933
1069
462
2778
3428
-237
-1376
3231
5316
1654
-123
1437
897
940
3982
3095
-1606
-909
2773
1712
350
1760
-444
-3752
-507
2976
-104
-3119
-2925
-3780
-3078
251
-1229
-5944
-5086
-1655
-2134
-2831
-1867
-3289
-4608
-1888
96
-1467
-1844
-657
-1179
-1355
721
1318
-503
-935
366
1114
1327
1202
369
260
1209
1283
936
2496
3886
1549
-1163
1217
5163
4266
1308
1388
2050
1748
3607
4924
1745
-474
2082
3249
1592
1955
1719
-1928
-2153
1980
1989
-1752
-2891
-2916
-3339
-1391
-415
-3674
-5335
-3086
-2278
-2940
-1900
-2038
-4019
-3141
-440
-573
-1568
-629
-428
-1301
-229
1212
384
-552
-4
552
880
1461
1304
755
1000
1489
1634
2624
4028
3011
243
779
4774
5769
2825
1906
3188
2507
2567
4947
3780
-153
657
3312
1753
740
2040
-681
-3892
-602
1799
-2325
-4693
-2969
-3330
-4157
-2474
-2945
-5586
-5083
-3185
-3475
-3268
-2171
-3275
-4353
-2443
-944
-1820
-1854
-898
-1170
-1298
-90
392
-158
-184
336
737
1309
1746
1678
1463
1497
1847
2804
3951
3283
862
658
3753
4769
1918
637
2045
1815
1453
3423
2826
-942
-573
2608
1625
-148
993
-523
-3385
-656
2195
-1514
-4489
-2640
-2125
-3261
-2481
-2978
-5309
-4531
-2143
-2551
-3287
-2202
-2289
-2885
-1172
186
-1028
-1347
208
696
252
580
631
314
993
1630
1079
763
1558
2101
1961
1987
2143
2429
3538
3666
1356
606
3861
5380
2305
916
2950
2641
1310
3395
3786
-152
-516
2904
1998
-337
1312
522
-3354
-1450
2318
-1062
-4834
-2628
-1658
-3748
-3001
-2037
-4604
-5186
-2385
-2096
-3596
-2504
-1650
-2945
-2284
162
-86
-1586
-831
293
60
330
1064
621
304
1090
1169
519
967
1587
1295
1609
2451
2430
2827
3302
1182
-358
2859
5207
2142
268
2383
2156
720
3003
3506
-704
-854
3195
2024
-1257
317
520
-3037
-1719
1982
-1054
-5236
-3507
-2133
-3948
-3803
-3122
-5187
-5758
-3412
-3004
-4339
-3774
-2885
-3311
-2453
-438
-333
-1268
-700
357
485
481
740
751
1031
1683
1635
1198
1608
2074
1712
1854
2594
2559
2972
3952
2611
829
3218
5844
3368
1049
3083
3484
1376
2784
4382
779
-1233
2195
2651
-670
-483
238
-2688
-2715
715
-675
-4642
-3939
-2229
-3473
-3619
-2888
-4561
-5276
-2980
-2292
-3707
-3347
-2359
-2740
-2216
-495
-275
-1042
-748
8
524
1068
1031
585
1264
2316
1867
1077
1669
2261
1941
1981
2496
2468
2866
3642
2264
427
2535
5367
3387
824
2421
3248
1366
2303
4075
1242
-909
2010
2897
-213
-643
275
-1898
-2377
367
-651
-4447
-4419
-2788
-3204
-3316
-3545
-5452
-5186
-2556
-2611
-4318
-3604
-2496
-2653
-1869
-796
-1129
-1091
-380
-552
-67
1326
658
-766
733
2506
1447
587
1385
1641
2061
3043
1926
975
4132
5612
836
-1058
4488
6534
1876
788
2998
1189
601
4670
3974
-1511
-976
2855
1614
125
1409
-1050
-4103
-660
2143
-1622
-4262
-3329
-3748
-3126
-780
-3208
-7242
-4702
-1156
-3148
-4389
-2400
-2966
-3972
-1189
103
-2064
-1784
209
-432
-390
1705
701
-1845
-129
2713
1686
139
796
1295
1619
2567
2077
1468
3812
4835
1326
624
5441
6368
2087
1854
4402
2845
1895
4657
3635
-348
963
3533
1303
91
1334
-1403
-4057
-576
1173
-3153
-5095
-3316
-3617
-3634
-2024
-4230
-7353
-4536
-1418
-3736
-5003
-2629
-2708
-4037
-1827
-247
-2109
-2349
-382
-388
-550
1149
940
-994
177
2807
2334
712
1194
2486
3060
3141
2898
3651
5118
3691
971
3118
7064
5158
1602
2703
3588
2149
3672
4935
955
-928
2498
2527
-585
350
560
-3765
-3790
706
-616
-5255
-5075
-3907
-4572
-3057
-2577
-6588
-7546
-3151
-2052
-4800
-4468
-2721
-3447
-3091
-664
-689
-2372
-1777
-392
-185
575
1189
-141
-774
1342
2901
1797
479
827
2290
3510
3151
2673
4253
4692
1842
1782
6419
7159
2720
1935
4291
3587
3335
5463
3259
-918
1348
4570
1671
-298
1453
-525
-3545
-827
1023
-2971
-5288
-3921
-3844
-3382
-1852
-4262
-7484
-4927
-1530
-3087
-4859
-3868
-3430
-3248
-1537
-822
-1787
-1760
-962
-660
58
784
-94
-1245
-581
1038
1488
470
-451
235
1780
2171
1719
2669
4166
2837
594
2686
6400
5073
1660
2203
3571
2990
4367
5696
1941
-836
2562
4327
1262
425
928
-2129
-3320
-58
-249
-4272
-5086
-4252
-4905
-3885
-2725
-5639
-7456
-4219
-2271
-4046
-4265
-3189
-3807
-3316
-765
-184
-1240
-700
174
322
1475
2420
1062
13
1412
2734
2358
1668
1315
1311
2144
2856
2439
2628
3836
2850
717
2597
6091
4592
1324
2246
3609
2586
3619
5053
1745
-698
2565
4170
1514
1074
1276
-1654
-1891
1047
-824
-4863
-3990
-3086
-5012
-3827
-2194
-6084
-8087
-3762
-2252
-5146
-4625
-2744
-4077
-3589
-451
-738
-2417
-740
491
-618
298
1939
496
-344
1838
2645
1535
1837
2264
1570
2464
3707
2382
2272
4942
3942
30
1821
6292
4382
963
2648
3176
893
3048
5453
906
-1981
2238
3371
-212
184
973
-3042
-3513
865
-342
-4877
-4240
-3383
-5418
-3727
-1450
-5724
-8454
-3723
-1417
-4631
-4654
-2477
-3784
-3775
-447
-467
-2787
-1614
-108
-1071
-271
1536
106
-1193
1036
2576
1663
1301
1275
1004
2499
3751
2389
2601
4797
2824
-34
3884
7544
3433
921
4379
4047
1311
4388
5556
-437
-1341
4148
3281
-663
1051
803
-3702
-2135
1794
-1921
-5840
-3552
-3179
-5094
-2766
-2059
-6819
-7098
-1846
-1707
-5036
-3700
-1745
-3112
-2217
632
-373
-1918
291
1393
-126
677
2141
526
75
2666
3072
1350
1749
2417
1620
2607
4086
2689
2436
4777
3163
-283
2993
7218
3545
208
3265
3541
616
3130
5041
-155
-1554
3586
2874
-1571
70
759
-3755
-2992
1197
-1982
-6162
-3814
-3103
-5565
-3880
-2709
-7083
-7685
-2626
-2336
-5613
-4252
-2379
-4014
-3063
-61
-1361
-3114
-757
171
-1468
-183
1473
-617
-1121
2068
2689
900
1456
2160
1483
2995
4654
3172
3354
5431
2908
507
5394
8235
3003
1101
4857
3942
1938
5227
4458
-1522
-251
4443
1495
-1519
990
-599
-4197
-725
1655
-3224
-5148
-2769
-3939
-4611
-1835
-3562
-7745
-5347
-1719
-3895
-5421
-3352
-3577
-4455
-1827
-544
-2727
-2480
-23
-286
-861
1006
1198
-831
77
2839
2435
929
1824
2303
1713
3229
4429
2527
2765
5717
3751
87
3701
7680
3364
251
3594
3571
913
3704
4614
-1097
-1633
3295
1669
-1944
598
422
-4087
-2349
1349
-2209
-5242
-3004
-3309
-4714
-1974
-2032
-6592
-5899
-1610
-2536
-4599
-2610
-2413
-4420
-2468
254
-1362
-2374
-396
-446
-1358
775
1758
-696
-654
2359
2589
1168
1969
2463
1762
3143
4511
3019
3157
5156
2793
232
4550
7402
2597
501
3856
3157
1369
4693
4211
-1531
-282
4492
1687
-1226
1448
-93
-4073
-910
1691
-3064
-5066
-2488
-3572
-4516
-1456
-2680
-7285
-5416
-1531
-3643
-5293
-2667
-2852
-4866
-2619
-511
-2604
-2933
-537
-1156
-2230
217
998
-1638
-1168
1798
1330
-129
1278
1916
1022
2576
4117
2399
2798
6209
4388
41
3379
8244
4478
961
4289
4156
665
3739
5998
88
-1569
3537
2066
-2049
1098
1483
-4393
-3220
1747
-1695
-5582
-2910
-3154
-5681
-2570
-1347
-6399
-6561
-1890
-2783
-5115
-2424
-2007
-5232
-3437
306
-1334
-2728
-270
-440
-2037
776
2507
-754
-1022
2770
2638
408
1884
2912
1205
2318
4504
2729
2259
5539
4167
-153
3258
8310
4132
220
4032
4371
652
3688
6151
-114
-1790
4086
2823
-1815
1207
1723
-4289
-3003
2165
-1597
-5746
-2845
-2965
-5595
-2610
-1713
-7021
-6795
-1591
-2874
-5913
-3119
-2009
-4821
-3294
-5
-1777
-3086
-342
-125
-1785
384
1893
-866
-996
2469
2330
72
1202
2589
1540
2169
3841
2477
1866
5152
5253
540
845
6184
5468
892
2360
4255
791
1211
5403
2346
-2124
1466
3320
-771
65
2497
-2440
-4617
911
1117
-3961
-3404
-2149
-4924
-3784
-711
-3936
-6628
-3133
-2033
-4585
-3202
-1280
-3670
-3900
-449
-298
-2075
-816
-139
-1485
-161
1746
-236
-1518
1184
2301
434
486
2001
1692
1584
3071
3089
2390
4366
5213
1550
620
5474
6314
1671
1922
4777
1821
408
4746
3548
-1819
317
3385
-204
-580
2428
-1751
-5388
-389
1208
-3979
-4384
-2413
-4770
-4479
-1054
-3380
-6906
-4103
-2014
-4227
-3980
-2253
-3900
-4221
-1116
-710
-2632
-1746
-499
-1210
-232
1608
246
-1289
794
2556
1254
516
1558
1560
1286
2457
2681
1513
2914
5313
3094
202
3402
6572
3313
1476
4378
3593
946
4056
5683
806
-265
3245
1808
-290
2250
811
-3883
-1625
2065
-1386
-4134
-2523
-3540
-4778
-1884
-1909
-5936
-5374
-2266
-3208
-4093
-2333
-2994
-4459
-2206
-386
-2024
-2158
-391
-670
-793
1141
923
-1112
14
2341
1563
489
1758
2303
1692
2611
3385
2086
2415
4964
3810
145
1954
6129
4002
713
2887
3330
266
2345
5481
1244
-1795
1853
2365
-423
1298
1296
-3949
-3665
1246
-624
-4703
-3318
-3006
-5054
-2924
-1297
-5060
-6249
-2868
-2486
-4086
-2968
-2813
-4476
-3039
-507
-1605
-2934
-1678
-1154
-1294
244
800
-904
-661
1761
1964
496
924
2060
1852
1921
2832
2376
1885
4111
5270
1901
331
4466
6167
2516
1830
3702
1538
747
5044
4656
-859
-280
3226
1293
181
2276
-578
-4025
75
2595
-2102
-3882
-1768
-3282
-4070
-866
-1946
-6137
-4520
-1336
-2829
-3639
-2121
-3119
-3931
-1167
-229
-2475
-2384
-725
-925
-569
802
5
-1137
417
1766
783
376
1372
1663
1596
2413
2612
1731
2549
4694
3609
424
1539
5261
4351
1513
2358
2437
281
2371
5197
1157
-2318
847
2006
-545
561
1021
-3372
-3418
1182
-235
-4282
-2950
-2225
-4440
-2619
-273
-3784
-5897
-2556
-1418
-3355
-2932
-2446
-3810
-2740
-303
-1091
-2533
-1479
-618
-659
203
516
-471
-315
956
1353
1290
1544
1650
1873
2539
2800
2325
2366
3977
5061
3026
1034
3259
5728
3866
2135
2927
2018
1286
4131
4249
-295
-723
2405
1414
-177
1194
-731
-4091
-1509
998
-2429
-4239
-2746
-4096
-4834
-1824
-2398
-6347
-5173
-1809
-2761
-3830
-2519
-3025
-3784
-1593
-534
-2202
-2132
-584
-569
-548
415
333
-246
222
929
1371
1679
1305
951
1748
2517
2148
1803
2585
3866
3411
1001
708
3854
4887
2321
1431
2121
1253
1913
4076
2106
-1053
566
2235
504
539
1201
-1713
-2801
343
617
-2289
-2677
-2485
-3672
-2321
-443
-2867
-5095
-3015
-1412
-2355
-2506
-2310
-3167
-2541
-635
-587
-1576
-1250
-544
-380
238
952
723
143
385
1516
2406
1859
880
1327
2509
2790
2307
2014
2612
3914
3358
806
1067
4261
4068
1062
991
1869
825
1635
3394
1078
-1554
115
1072
-363
151
290
-2866
-3438
-229
-196
-2964
-3564
-3614
-4134
-2347
-1241
-4105
-5702
-3135
-1721
-2992
-3069
-2482
-3022
-2449
-665
-727
-1751
-1227
-548
-605
328
1371
446
-658
437
2188
2233
1171
804
1407
2229
2664
2252
1750
2674
4242
3204
782
1699
4498
3785
1545
2051
2365
1041
2001
3730
1700
-450
740
1333
438
1045
535
-2339
-2271
460
76
-2337
-2987
-3390
-3494
-1538
-1205
-4190
-4896
-2621
-2290
-3019
-2098
-2200
-3468
-2299
-375
-918
-1412
-525
-687
-673
1307
1975
88
-361
1391
2330
2074
1852
1547
1530
2297
2596
1650
1108
2348
3843
2636
-48
533
3698
3681
1125
859
1176
-43
969
3341
1389
-1688
-330
1779
1180
804
-8
-2626
-2396
933
953
-2096
-3355
-3272
-2751
-1105
-1148
-4025
-4898
-2873
-2216
-2892
-2868
-3335
-3811
-2451
-1060
-1319
-1749
-1722
-1568
-345
1127
774
-369
-290
763
1831
2412
1817
996
1424
2467
2710
2264
1751
2232
3877
3617
854
433
3362
3879
1589
1263
1668
336
1083
3442
1679
-1413
18
2076
1040
736
873
-1633
-2401
851
1470
-1797
-3002
-2179
-2283
-1723
-1066
-3087
-4795
-2960
-1225
-2449
-3372
-2788
-2731
-2576
-1229
-727
-1755
-1963
-863
-17
249
518
226
-328
406
1941
2121
1130
947
1596
1961
2171
2267
1573
1476
3412
4320
1431
-607
2129
4304
2172
763
1629
653
33
2805
3363
-473
-1494
965
1097
289
945
-769
-3414
-1339
1226
-1070
-3354
-2631
-2712
-2911
-1338
-1852
-4475
-3761
-1377
-2065
-3052
-1960
-2115
-2988
-1168
446
-1026
-1979
-637
135
354
1291
1107
-265
72
1764
2077
1484
1373
1433
1588
2309
2495
1611
959
1827
3406
2987
497
113
2915
3723
1807
1451
1921
641
1085
3684
2709
-648
-411
1444
1153
1082
912
-1625
-2610
-36
574
-1967
-3055
-2879
-3400
-2968
-2349
-4015
-5309
-4037
-3148
-3672
-3265
-2780
-3678
-3447
-1347
-469
-1367
-1465
-591
86
729
1404
1161
515
913
2054
2419
1896
1578
1615
1621
1860
2317
1808
763
1522
3489
2536
-387
65
2910
2671
888
1362
1295
-247
1306
4139
2285
-773
511
2465
1832
1520
1157
-1032
-1346
1149
1296
-1133
-2120
-2120
-2597
-1961
-1399
-3170
-4649
-3600
-2665
-3028
-2919
-2971
-3599
-2763
-876
-719
-1725
-1516
-665
-141
681
1137
335
12
1187
2137
2179
2145
1892
1313
1635
2791
2993
1844
702
1225
3026
2925
121
-915
1436
2483
1134
935
807
-652
637
3723
2243
-1085
138
2173
1296
1510
2143
-707
-2404
455
1343
-1554
-2747
-2380
-3264
-2915
-1558
-3239
-5530
-4313
-2759
-3316
-3180
-2467
-3236
-3506
-1796
-873
-1499
-1251
-30
418
537
1255
1431
820
1004
2117
2723
2331
1958
1996
1996
2143
2611
2270
812
948
3303
3450
-145
-1418
1807
3234
1093
430
710
-887
-447
2978
2425
-1388
-1101
1507
1383
1208
1392
-1183
-2723
328
1797
-1077
-2766
-2500
-2942
-2460
-1037
-2544
-4684
-3497
-1690
-2120
-2223
-1741
-2460
-2538
-890
59
-328
-382
-304
-231
735
1774
1243
393
915
1989
2309
1970
1489
1255
1436
1741
1898
1666
983
185
761
2490
2009
-862
-1149
1955
2839
1180
876
485
-897
1141
4265
1968
-1516
-167
1568
786
1384
1166
-2275
-2700
958
789
-2636
-3309
-3049
-3790
-2378
-1073
-3673
-5404
-3228
-1948
-2839
-2376
-1705
-2513
-2215
-258
441
-317
-642
-205
591
1582
1975
1334
694
1053
1923
2075
1734
1700
1761
1413
1474
1891
1472
535
365
1377
2823
2289
-681
-1474
1891
3375
998
150
939
45
1192
4545
2773
-1488
17
3208
1962
1364
2153
-683
-2841
580
2030
-1464
-2895
-1912
-2580
-2301
-509
-1975
-4356
-2897
-877
-1980
-2602
-1721
-2201
-2841
-1371
-94
-846
-1391
-927
-695
-524
398
364
-687
-316
1131
985
-41
231
579
154
429
1028
400
-63
363
304
818
1607
-210
-2076
643
3210
1115
-222
920
50
-61
3377
3376
-668
-547
2382
1852
1315
2132
-201
-2400
520
2349
-433
-2011
-1554
-2135
-1522
334
-1113
-3856
-3048
-1077
-1282
-1408
-889
-1675
-2055
-245
1012
42
-833
-162
646
1064
1630
1498
279
201
1919
2502
878
50
797
927
644
945
473
-528
-232
321
454
1384
821
-2119
-1554
2768
2685
-653
-243
815
-498
1407
4142
725
-2430
815
2909
1000
926
499
-2489
-1283
2930
1401
-2470
-2137
-1279
-1876
-327
112
-3366
-4400
-1052
-23
-1862
-2008
-1727
-2512
-1200
1289
436
-1747
-881
978
885
590
958
218
-448
1146
2316
764
-587
138
709
405
583
292
-775
-329
844
-161
-757
1348
1015
-2410
-1427
3071
2300
-862
542
1612
-413
1240
4217
1282
-1262
2055
3397
901
1788
2453
-985
-1124
2778
1698
-1651
-952
-540
-2469
-1163
603
-2446
-4661
-2253
-843
-2212
-2113
-1737
-3037
-2756
-507
-570
-1939
-1365
-580
-776
4
1033
139
-767
390
1611
1160
437
394
425
763
1269
915
-69
-233
182
10
-196
782
1225
-1057
-2591
70
2525
758
-863
36
-46
-9
2624
2946
-423
-780
2289
2739
2062
2714
1234
-703
1525
3685
1383
-505
-299
-683
-406
1104
4
-2651
-2469
-857
-978
-1693
-1836
-2258
-2403
-1363
-586
-1153
-1719
-1463
-915
-493
-157
-7
-462
-694
14
751
417
-130
-79
103
505
909
483
-641
-774
-126
-133
-371
703
1196
-1086
-2359
609
2895
850
-432
789
732
1039
4004
3916
44
38
3437
3732
2986
3414
1360
-642
2218
4368
1332
-904
-113
-164
-258
931
-480
-3275
-2604
-693
-1354
-2039
-1679
-2716
-3365
-1627
-441
-1584
-2268
-1713
-1332
-663
322
-154
-1609
-1579
-191
450
-303
-1310
-1486
-844
-456
-471
-574
-1229
-1890
-1112
-302
-1139
-1526
214
658
-1730
-2021
1378
2318
-227
-181
1577
955
1426
4485
3716
238
1341
4119
3149
2500
3310
1258
-370
2426
3524
334
-1017
-255
-989
-884
481
-1020
-3300
-2585
-1511
-1862
-1658
-1841
-3256
-2965
-828
-339
-1316
-1394
-1197
-1088
-53
837
20
-1133
-792
302
850
516
-216
-676
-349
355
559
-53
-732
-761
-145
166
-229
-99
1367
1499
-800
-681
2919
3657
1003
1070
2624
1842
2365
4980
3410
211
2024
4597
3032
2299
2823
520
-409
2602
2772
-815
-1696
-599
-1123
-1018
-155
-1905
-3609
-2376
-1428
-2427
-2637
-2373
-3062
-2787
-1187
-1008
-2340
-2617
-1698
-1149
-1215
-1108
-1163
-1650
-1465
-361
-178
-1098
-1167
-541
-553
-606
-161
-453
-1201
-691
365
188
-602
-583
897
2396
1192
-1101
226
3270
2651
1127
2166
2145
1006
3288
5205
2151
396
2859
3330
2245
3590
2618
-1118
-24
3650
1958
-1016
-512
-686
-1780
-11
543
-2615
-3630
-1487
-1282
-2184
-1491
-2017
-3670
-2697
-663
-1279
-2526
-2262
-2106
-2197
-1218
-503
-1420
-2105
-1180
-167
-332
-692
-635
-783
-764
-98
108
-347
-88
453
192
227
537
168
1272
2880
808
-1422
1793
4461
1838
954
2897
1271
463
4886
5033
-320
9
4060
2826
1433
3156
994
-1863
1448
3485
-393
-1698
-13
-1440
-2183
518
-134
-3701
-3296
-1163
-1908
-2338
-1308
-2337
-3694
-2130
-560
-1590
-2559
-2136
-1887
-1588
-582
-442
-1748
-1833
-251
161
-641
-294
191
-475
-238
1018
663
-121
879
1127
-112
420
1715
919
1275
3042
1197
-1003
2588
5561
2595
1185
3328
2568
1805
5273
5307
478
561
4298
3391
1479
2273
526
-1974
592
2742
-517
-2753
-1858
-2323
-2760
-1168
-1909
-4822
-4366
-2060
-2662
-3789
-2828
-2877
-4014
-2895
-1214
-2171
-3011
-1766
-1244
-1850
-925
-11
-1465
-1945
210
816
-730
-500
494
-295
-225
1328
671
-676
697
1577
144
518
1831
539
678
3603
2461
-877
1686
5322
2940
1325
3432
2443
946
4742
6056
1107
-60
3416
3087
1479
2687
926
-2628
-551
2570
-212
-2863
-1992
-2337
-3007
-1255
-1759
-4904
-4563
-2123
-2652
-3584
-2335
-2551
-3871
-2696
-787
-1405
-2349
-1728
-1276
-1159
-190
189
-960
-1325
135
1064
381
-233
9
358
870
1442
987
124
792
2060
1734
1055
1511
1403
919
2776
4259
1644
-570
2326
4776
2892
1731
2333
963
876
4311
4107
-353
-734
2095
1648
718
1250
-919
-3142
-628
1063
-1561
-2850
-2100
-2928
-2856
-964
-1857
-4106
-3260
-1800
-2251
-1975
-1232
-2345
-3050
-1371
-114
-750
-1262
-1119
-1204
-737
526
661
-596
-1063
99
1022
640
161
140
368
919
1541
1311
523
672
1693
1967
1465
1148
950
1192
3007
3740
921
-945
1707
3638
1879
1121
1303
-241
287
3584
2654
-1283
-995
1309
903
796
1183
-1156
-2536
65
1218
-989
-2052
-2006
-2557
-1879
-516
-1671
-3460
-3016
-1881
-1673
-1647
-1900
-2662
-2538
-1424
-833
-1048
-1160
-1056
-798
-240
414
472
-28
-96
856
1576
906
197
613
1325
1317
1237
1157
727
693
1380
1396
462
123
303
38
481
1781
561
-2289
-1348
2271
1911
-630
-426
-77
-888
1280
3345
40
-2359
739
2565
991
1324
1041
-1781
-1184
2393
1330
-1818
-1537
-907
-1805
-781
246
-2112
-3750
-1988
-717
-1521
-1578
-1353
-2129
-1894
-79
459
-726
-828
342
704
525
1090
1085
315
672
1671
1219
522
990
1145
633
970
1501
785
249
711
968
740
664
442
54
198
1127
2299
1693
-802
-945
2475
3385
703
-49
631
-50
1331
3968
1602
-1843
116
2645
1475
1132
963
-1817
-1986
1516
1337
-1896
-2265
-1503
-1803
-952
-230
-2105
-3454
-2370
-1369
-1393
-1648
-2410
-3008
-2179
-985
-772
-1417
-1960
-1805
-946
-350
-455
-999
-1444
-1170
-281
213
-229
-621
-364
241
765
916
676
455
523
870
1190
1214
728
271
345
779
1250
2046
1789
-393
-648
2708
3567
579
-68
1384
609
1063
3776
2085
-1608
102
2849
1240
886
1611
-946
-1646
2214
2229
-1630
-1768
-337
-1153
-756
243
-1951
-3417
-1301
-274
-1827
-2049
-1475
-2209
-2473
-1286
-843
-1681
-1948
-1420
-1229
-1157
-448
-312
-1317
-1308
276
542
-657
-299
799
216
74
1471
1257
-147
615
1677
552
361
1664
1143
9
725
1026
1018
2609
1647
-1650
84
4430
2724
-117
1411
1379
-165
3189
5033
193
-1170
2963
3114
1252
2981
1842
-1760
436
3993
1015
-1802
-395
-478
-1861
-348
-60
-3039
-3739
-1594
-1483
-2940
-2771
-2678
-3840
-3597
-1682
-1710
-3425
-3198
-1655
-1520
-1497
-597
-923
-1753
-411
1264
616
-106
499
644
496
1468
1884
788
441
1357
1587
1071
1299
1399
766
741
1321
881
550
2029
1992
-992
-1264
2485
2888
-2
394
1521
-264
912
4244
1536
-2479
12
2667
800
799
1259
-1900
-2306
1777
1564
-2100
-2126
-1317
-2348
-1226
-28
-2894
-4524
-1945
-862
-2364
-2091
-1624
-2956
-2727
-421
-211
-1655
-1413
-593
-723
-306
521
-47
-749
-46
905
923
767
584
422
862
1433
1311
1009
1107
1118
1270
1580
1371
937
1168
1440
1355
1085
586
474
1496
1762
262
-179
1091
1209
572
797
233
-875
339
1874
453
-910
-179
57
-100
917
494
-1634
-1464
340
154
-901
-987
-1340
-1824
-922
-345
-1374
-2093
-1613
-1275
-1280
-983
-1178
-1901
-1714
-622
-196
-620
-798
-476
-253
238
939
766
-52
225
1453
1927
1573
1373
1450
1653
2124
2426
2079
1673
1817
2014
1926
1635
1362
1049
966
1160
964
19
-229
731
486
-1341
-1477
102
-17
-949
-455
-707
-1982
-956
686
-665
-2201
-1103
-423
-821
-125
-134
-1877
-1767
90
-157
-1516
-1545
-1463
-1709
-920
-431
-1558
-2331
-1563
-951
-1100
-1107
-1015
-1288
-1304
-581
-129
-592
-885
-521
-207
190
685
352
-399
151
1258
1251
716
656
795
1023
1479
1624
1155
872
1195
1563
1593
1380
1192
1091
1253
1399
1081
483
617
1386
925
-483
-496
636
579
104
308
-251
-940
407
1484
-88
-1203
-258
185
126
727
-77
-1533
-628
867
-45
-975
-786
-1234
-1417
-259
-239
-1686
-1891
-1046
-1021
-1027
-629
-1038
-1464
-702
-11
-542
-718
-243
-542
-969
-76
672
-12
-279
458
611
337
769
759
197
596
1411
1246
869
1118
1258
1300
1505
1233
608
763
1262
1173
692
285
53
733
1470
276
-1431
-483
1347
688
-419
-226
-751
-1088
828
1526
-612
-1164
623
854
231
608
-241
-1826
-750
1040
90
-1394
-1233
-860
-811
-363
-696
-1915
-2083
-931
-374
-875
-1237
-1270
-1404
-1157
-325
-130
-929
-1360
-783
-30
367
272
-247
-351
505
1236
1121
730
578
654
1055
1466
1413
1094
1066
1367
1511
1280
820
534
632
868
752
220
-231
-52
647
683
-568
-1286
-188
647
-47
-524
-591
-1192
-885
532
324
-1236
-1140
-161
-298
-278
-192
-1356
-1919
-560
47
-1040
-1476
-1250
-1494
-1189
-361
-763
-1722
-1419
-688
-724
-801
-495
-618
-851
-297
495
544
253
330
459
636
1107
1358
835
488
1249
2033
1806
1339
1365
1494
1636
1917
1684
1043
1008
1575
1538
1103
1086
921
624
823
822
57
-413
-325
-147
230
-79
-1445
-1555
-63
83
-1029
-1203
-1330
-1925
-811
478
-783
-1989
-1023
-458
-721
-198
-478
-1759
-1338
201
100
-559
-412
-549
-707
190
515
-435
-928
-363
139
286
445
349
67
279
1057
1301
793
439
687
910
1011
1306
1133
620
943
1803
1574
914
1055
1132
554
501
800
194
-305
189
329
-328
-474
-393
-857
-1094
-845
-1210
-1830
-1729
-1495
-1285
-1025
-1570
-2433
-1678
-453
-888
-1451
-1110
-1262
-1319
-44
264
-979
-1059
85
209
205
778
331
-487
406
1523
1005
358
451
459
614
1351
1249
217
66
921
1193
825
689
557
328
672
1236
1052
346
234
638
734
625
541
240
2
334
632
331
-78
-187
-246
-314
-210
-351
-870
-1103
-936
-719
-826
-1124
-1471
-1452
-993
-814
-1135
-1452
-1517
-1483
-957
-326
-931
-1931
-1271
64
76
-274
-203
-613
-511
1082
1669
372
57
1073
1401
1550
2019
1318
423
1383
2492
1954
1285
1310
1205
1276
1811
1585
754
619
972
792
524
568
311
-278
-333
208
366
-121
-609
-665
-441
-244
-290
-669
-873
-583
-194
-306
-569
-731
-806
-744
-544
-446
-724
-935
-716
-386
-391
-489
-717
-965
-698
-243
-323
-765
-931
-811
-219
485
115
-971
-762
547
844
334
92
-148
-158
992
1737
837
73
526
969
1110
1400
866
-204
79
1321
1255
371
-94
-190
-125
329
207
-780
-1251
-827
-521
-782
-1077
-1318
-1466
-1339
-1095
-1079
-1338
-1590
-1519
-1203
-1031
-1030
-1034
-1046
-905
-456
-191
-313
-368
-190
38
317
382
163
194
628
876
814
770
660
583
913
1233
952
693
902
1002
1011
1526
1656
770
368
1193
1577
1065
915
878
414
828
1851
1444
318
396
1030
1012
959
794
70
-206
473
713
189
-221
-366
-449
-294
-293
-817
-1266
-1234
-1148
-1284
-1380
-1504
-1640
-1544
-1252
-1313
-1549
-1577
-1457
-1395
-1211
-989
-1024
-1045
-619
-103
6
-33
4
116
272
579
738
647
575
717
948
982
861
805
797
714
734
897
876
605
359
321
435
648
604
99
-203
213
542
374
181
103
-23
228
733
564
-2
-81
299
530
636
342
-208
-344
96
235
-85
-454
-763
-784
-411
-293
-723
-976
-909
-927
-880
-718
-866
-1160
-1052
-727
-665
-751
-636
-523
-483
-344
-200
-195
-171
-1
185
267
264
373
558
630
576
572
583
595
630
754
706
441
305
418
382
235
200
73
-89
39
218
189
140
-69
-383
-229
343
347
-4
-23
23
-78
336
587
-25
-371
130
476
372
348
34
-412
-196
334
101
-449
-508
-406
-410
-279
-312
-671
-759
-497
-519
-754
-707
-565
-659
-596
-375
-464
-722
-531
-145
-112
-160
-25
95
134
405
554
346
155
416
772
810
733
689
701
798
954
865
571
460
585
546
432
438
320
181
263
360
163
156
425
233
-160
66
495
296
121
248
203
139
618
808
302
38
390
527
415
345
58
-310
-184
120
-50
-412
-650
-770
-788
-533
-632
-1165
-1420
-1142
-1026
-1092
-1065
-1150
-1424
-1297
-864
-820
-1064
-922
-625
-616
-504
-269
-331
-460
-129
191
156
156
399
478
488
633
716
588
599
689
567
452
576
609
407
462
680
564
302
356
419
292
463
689
249
-216
271
831
408
38
314
331
274
913
1099
242
-111
536
773
495
377
104
-230
117
543
147
-431
-545
-542
-583
-508
-592
-982
-1163
-955
-908
-1078
-1076
-989
-1148
-1167
-800
-628
-937
-1025
-727
-630
-717
-547
-387
-383
-64
384
400
245
470
734
698
651
708
664
762
1009
945
631
613
796
748
596
594
516
237
206
375
227
-65
190
302
-176
-374
193
423
36
-4
205
30
97
744
638
-36
61
659
598
556
708
435
119
493
703
222
-116
-22
-94
-316
-266
-394
-817
-945
-703
-776
-989
-953
-916
-1063
-966
-678
-640
-764
-664
-556
-574
-442
-221
-300
-351
-100
55
66
228
370
259
265
424
375
194
235
250
169
268
371
146
-56
103
251
141
80
147
101
45
307
467
105
-109
392
757
486
357
477
359
462
1101
1060
437
443
943
909
742
714
384
44
337
634
236
-85
-86
-187
-286
-111
-253
-636
-706
-537
-687
-905
-937
-1091
-1366
-1323
-1138
-1302
-1420
-1339
-1246
-1231
-1042
-937
-1043
-1074
-808
-667
-671
-583
-491
-477
-411
-241
-135
-66
1
99
149
280
373
338
277
381
566
630
528
435
468
624
801
960
957
667
572
1071
1428
1112
816
925
937
1026
1450
1309
665
635
1137
1200
1020
888
604
462
827
964
495
91
86
133
100
104
-164
-554
-637
-471
-528
-704
-804
-937
-1068
-947
-786
-977
-1168
-1071
-958
-1013
-882
-765
-894
-862
-517
-381
-511
-342
-84
-108
-131
120
207
107
179
365
294
211
332
326
90
139
518
495
223
286
423
306
490
752
372
-21
435
1013
864
607
535
353
339
774
812
221
-97
123
338
381
291
-115
-443
-319
-45
-121
-486
-861
-950
-803
-684
-840
-1128
-1200
-1064
-939
-916
-1027
-1212
-1253
-1098
-929
-959
-1034
-952
-839
-759
-597
-443
-401
-366
-136
79
114
198
442
525
477
632
851
825
719
808
819
675
698
790
541
313
436
596
437
286
287
215
213
506
619
210
-54
353
789
655
509
424
296
495
1025
976
368
156
465
718
729
578
201
-8
288
538
284
-111
-278
-207
-40
65
-117
-384
-433
-268
-246
-348
-530
-728
-735
-534
-417
-472
-546
-536
-483
-376
-210
-231
-346
-302
-143
-89
-45
-17
-18
5
117
171
155
84
57
110
118
82
51
28
-106
-185
-89
-19
-142
-260
-278
-239
-215
-116
-33
-208
-448
-312
13
32
-132
-88
-36
-4
340
589
395
222
511
795
770
763
661
451
537
877
866
524
351
355
301
266
211
-103
-399
-377
-254
-358
-595
-764
-869
-863
-771
-845
-1094
-1203
-1128
-1035
-990
-916
-958
-1067
-890
-551
-410
-455
-436
-326
-159
36
181
145
80
217
393
434
441
438
375
342
425
476
415
340
339
374
381
426
531
416
173
235
501
542
447
486
507
485
657
851
691
511
624
819
855
887
842
623
523
669
730
502
206
99
109
45
-120
-383
-656
-799
-745
-751
-965
-1190
-1246
-1230
-1199
-1152
-1178
-1324
-1407
-1246
-1013
-935
-865
-697
-512
-280
-18
130
163
226
414
635
730
799
894
930
976
1092
1217
1188
1089
1046
1010
965
980
973
744
456
396
470
506
439
204
-91
-136
141
214
-72
-337
-467
-440
-165
3
-258
-560
-468
-173
-23
-79
-355
-631
-516
-140
-59
-329
-606
-691
-589
-446
-477
-718
-998
-991
-779
-703
-849
-1009
-1122
-1108
-929
-804
-858
-949
-868
-658
-444
-308
-260
-258
-91
183
384
509
606
719
843
998
1187
1210
1093
1069
1139
1181
1171
1130
1011
815
733
716
611
419
204
29
-10
27
-33
-149
-372
-562
-453
-201
-207
-411
-494
-377
-162
73
96
-162
-274
-2
295
340
268
59
-111
44
266
153
-164
-280
-220
-156
-80
-174
-484
-656
-532
-431
-503
-590
-631
-624
-508
-375
-374
-480
-469
-283
-85
68
189
253
277
429
628
711
741
817
834
829
919
998
909
787
732
655
622
595
457
268
135
40
-21
-78
-210
-433
-609
-645
-589
-508
-495
-564
-639
-580
-354
-232
-282
-327
-290
-187
51
286
233
100
196
401
489
436
316
114
36
171
231
33
-237
-318
-283
-279
-369
-569
-793
-845
-737
-670
-766
-881
-914
-843
-680
-510
-455
-452
-345
-185
-23
83
111
127
226
360
453
486
520
532
545
620
641
593
521
456
356
306
327
268
91
-35
-51
-43
-48
-49
-114
-164
-103
24
92
119
175
211
309
516
684
680
662
686
730
822
934
891
728
693
801
866
792
617
387
207
132
44
-179
-467
-673
-778
-827
-902
-1091
-1335
-1464
-1465
-1421
-1407
-1495
-1570
-1509
-1317
-1165
-1068
-963
-859
-661
-386
-154
-29
29
108
280
474
589
637
668
742
839
895
877
791
686
636
610
537
438
364
291
219
165
134
72
-30
-121
-124
-85
-29
34
80
25
37
205
344
344
351
450
532
654
861
915
766
705
785
820
773
661
440
230
202
192
-4
-278
-444
-534
-613
-681
-833
-1067
-1216
-1227
-1197
-1170
-1147
-1165
-1149
-1022
-869
-779
-720
-634
-479
-282
-70
95
194
307
426
549
663
708
721
756
793
825
856
828
755
702
630
524
437
361
240
145
104
70
8
-79
-196
-293
-319
-286
-256
-234
-228
-239
-163
-3
94
82
61
78
119
229
342
344
274
299
373
373
312
203
63
-28
-30
-91
-248
-367
-415
-500
-575
-594
-649
-737
-785
-760
-743
-755
-744
-725
-727
-680
-548
-445
-398
-307
-193
-115
-17
110
167
183
237
292
292
296
301
278
256
264
262
232
206
202
201
179
138
83
38
29
37
47
73
107
123
151
200
255
318
372
386
404
480
569
606
622
640
644
686
752
752
659
606
599
554
484
402
259
138
102
76
-29
-181
-311
-409
-497
-572
-664
-802
-886
-886
-865
-854
-824
-799
-777
-725
-653
-618
-580
-501
-421
-318
-192
-91
-29
26
109
193
275
346
380
409
464
524
558
578
580
543
499
459
414
365
320
256
185
141
120
98
49
-2
-28
-31
-24
-23
-49
-91
-97
-41
-1
-32
-72
-71
-63
-72
-68
-88
-170
-233
-237
-257
-310
-356
-400
-455
-466
-477
-536
-607
-645
-681
-727
-728
-711
-721
-710
-664
-607
-526
-423
-352
-310
-225
-102
-21
44
117
191
280
397
489
559
641
727
809
862
913
959
991
973
949
924
878
848
826
771
676
598
540
498
445
366
265
181
146
115
74
23
-18
-21
10
24
11
-14
-16
-1
-1
0
-18
-44
-34
-8
-15
-60
-73
-96
-147
-185
-231
-323
-399
-449
-506
-593
-656
-692
-749
-803
-830
-863
-886
-880
-871
-872
-862
-844
-842
-822
-762
-696
-648
-574
-471
-369
-256
-122
-14
66
175
311
407
461
520
572
621
712
785
796
800
797
771
743
711
650
571
530
517
491
452
402
340
267
221
201
162
143
161
169
152
158
179
191
208
217
220
224
253
253
211
157
104
55
3
-26
-67
-147
-208
-235
-260
-318
-388
-445
-512
-573
-616
-650
-701
-736
-751
-763
-757
-760
-771
-772
-751
-727
-683
-617
-542
-464
-373
-282
-210
-143
-61
3
68
155
232
272
301
335
352
352
369
375
393
413
405
388
368
364
344
309
287
293
287
293
332
356
397
458
512
557
627
711
749
774
816
835
860
911
948
936
910
891
850
781
697
600
464
333
224
104
-39
-209
-367
-496
-643
-803
-930
-1061
-1189
-1282
-1351
-1403
-1436
-1437
-1439
-1440
-1400
-1347
-1276
-1202
-1110
-993
-862
-708
-559
-420
-277
-136
-17
94
204
311
394
468
552
636
723
774
758
749
751
737
710
663
593
521
461
440
407
363
339
309
263
210
156
105
56
17
15
18
16
8
-3
25
42
48
83
113
140
178
194
183
164
164
169
160
142
81
21
-23
-61
-102
-165
-192
-221
-262
-284
-304
-344
-401
-435
-439
-433
-421
-415
-418
-418
-404
-384
-361
-340
-311
-267
-224
-174
-115
-59
-13
28
59
88
144
193
209
231
254
289
319
341
356
348
345
353
348
335
336
356
370
382
375
351
340
338
330
311
293
292
302
306
307
298
281
233
198
191
149
97
30
-38
-84
-132
-194
-259
-311
-357
-390
-425
-467
-514
-558
-588
-609
-633
-660
-682
-675
-660
-630
-591
-566
-529
-494
-453
-429
-406
-385
-365
-315
-241
-158
-91
-43
8
76
130
158
174
185
215
266
330
364
378
405
427
464
520
543
536
512
516
558
592
619
633
644
661
679
707
707
700
690
671
647
609
561
504
443
360
289
254
234
206
154
95
40
-20
-103
-195
-280
-351
-412
-468
-505
-557
-632
-703
-748
-768
-801
-839
-867
-871
-893
-902
-891
-891
-879
-861
-830
-799
-768
-710
-637
-583
-528
-498
-456
-405
-358
-288
-228
-166
-102
-31
46
124
187
213
259
291
336
407
464
513
558
606
624
639
672
699
723
734
741
756
778
784
777
736
690
657
619
602
591
558
529
516
495
445
379
322
256
192
137
54
-24
-71
-125
-168
-190
-237
-282
-320
-343
-381
-429
-463
-489
-504
-508
-509
-503
-484
-458
-424
-400
-392
-383
-391
-386
-365
-354
-320
-294
-270
-230
-197
-180
-180
-162
-123
-92
-64
-56
-41
-25
-21
11
41
64
95
121
151
173
196
211
209
223
251
261
268
291
306
305
298
284
262
248
236
226
198
179
184
163
121
100
77
44
5
-42
-112
-176
-221
-264
-305
-324
-322
-326
-333
-339
-354
-379
-394
-405
-412
-388
-357
-341
-322
-294
-259
-228
-197
-169
-124
-89
-59
-13
20
55
93
125
154
196
231
253
276
298
313
344
374
395
413
416
442
456
455
456
449
448
449
440
412
391
370
359
355
347
322
268
239
220
192
143
104
70
35
15
-16
-57
-109
-153
-196
-243
-297
-335
-355
-386
-403
-423
-455
-481
-492
-489
-487
-506
-536
-574
-587
-576
-548
-507
-479
-459
-440
-409
-375
-347
-327
-298
-262
-213
-170
-136
-88
-39
16
79
132
160
190
231
275
309
327
350
377
392
420
461
477
492
525
549
559
560
554
534
510
500
483
451
426
406
391
377
362
330
292
255
216
171
121
66
8
-35
-71
-99
-138
-183
-227
-259
-280
-311
-339
-356
-369
-389
-408
-427
-441
-445
-444
-426
-426
-430
-421
-415
-423
-417
-410
-408
-386
-355
-322
-288
-258
-240
-209
-173
-149
-115
-83
-66
-35
19
72
116
161
183
193
214
226
235
245
256
275
284
292
293
293
291
284
288
282
284
297
298
297
296
278
264
250
237
225
198
162
151
137
114
69
29
4
-8
-24
-73
-100
-112
-114
-144
-181
-204
-230
-257
-282
-299
-300
-298
-305
-297
-276
-259
-249
-228
-211
-194
-163
-133
-111
-101
-82
-50
-20
-3
24
43
50
77
112
128
146
170
189
213
233
254
269
280
304
331
349
342
332
333
318
314
299
268
245
226
216
207
183
151
117
99
100
88
61
32
-22
-74
-119
-160
-176
-181
-204
-233
-262
-285
-303
-328
-350
-369
-388
-398
-414
-424
-420
-431
-443
-459
-466
-455
-449
-428
-396
-368
-338
-321
-298
-274
-253
-226
-197
-162
-124
-82
-39
0
25
54
79
118
158
193
233
275
323
359
385
400
408
429
448
465
492
519
533
533
530
526
516
501
473
445
428
415
409
387
349
317
302
277
240
201
167
139
101
59
15
-31
-79
-126
-171
-211
-248
-286
-310
-332
-345
-363
-380
-399
-416
-442
-474
-495
-497
-489
-474
-467
-463
-436
-408
-386
-365
-353
-346
-329
-295
-255
-234
-203
-163
-127
-92
-56
-18
20
44
72
107
133
167
193
219
255
288
309
329
347
352
351
357
354
356
359
367
375
368
349
340
331
308
282
267
242
214
192
175
144
118
93
64
42
23
-9
-57
-89
-100
-109
-132
-163
-191
-209
-228
-253
-271
-288
-302
-307
-317
-318
-309
-310
-310
-298
-290
-287
-296
-301
-293
-265
-234
-206
-182
-162
-140
-122
-93
-63
-42
-28
-6
27
47
71
99
114
123
144
157
160
180
201
212
223
234
237
239
244
245
254
259
256
253
251
257
253
241
213
191
179
162
147
132
113
90
74
41
10
-10
-35
-58
-68
-68
-72
-89
-105
-110
-110
-113
-120
-135
-155
-174
-183
-186
-186
-175
-149
-130
-118
-127
-128
-121
-126
-131
-135
-124
-116
-118
-117
-110
-101
-86
-66
-54
-50
-46
-21
8
29
50
53
52
52
58
64
59
75
94
101
97
92
100
114
116
109
103
97
92
83
83
76
65
62
55
39
27
18
22
29
19
5
-3
-3
-6
-8
-16
-24
-14
-4
-1
-3
-19
-26
-28
-34
-27
-10
0
-1
-15
-25
-27
-43
-56
-63
-74
-79
-72
-61
-54
-41
-22
-34
-60
-61
-46
-33
-27
-19
-26
-29
-20
-21
-23
-11
12
30
46
50
45
38
45
66
79
76
63
49
42
47
53
51
40
30
25
20
16
15
25
27
13
1
-3
-2
2
1
-9
-12
-2
9
8
-6
-12
-23
-23
-19
-30
-39
-49
-50
-51
-53
-45
-35
-41
-44
-35
-21
-15
-28
-23
-8
-5
-2
2
-12
-28
-27
-14
10
19
17
7
1
2
12
14
7
9
15
25
31
31
29
23
23
31
38
40
33
28
38
39
47
43
35
17
12
16
8
1
-8
-5
7
22
24
18
11
9
11
12
11
4
1
-1
-10
-32
-48
-50
-52
-59
-63
-62
-60
-61
-73
-81
-79
-68
-62
-53
-30
-23
-14
-9
-12
-3
16
22
12
-2
-10
-10
1
11
24
37
42
38
34
32
22
12
19
32
43
52
53
55
52
53
57
50
38
38
51
54
56
61
59
48
29
14
-4
-16
-27
-40
-43
-41
-33
-40
-54
-56
-51
-46
-44
-22
-16
-3
11
4
-18
-38
-41
-53
-41
-20
-10
-10
-21
-39
-47
-46
-43
-42
-36
-28
-21
-16
-14
7
12
9
0
-4
-5
-20
-21
-16
-3
4
10
10
8
21
26
25
31
25
28
29
27
35
48
56
55
50
35
25
22
15
21
35
40
31
20
5
-2
1
5
2
-1
-6
-4
16
18
28
33
22
12
17
23
25
26
32
36
26
14
8
8
-7
-36
-59
-58
-56
-53
-56
-60
-55
-59
-65
-74
-73
-76
-62
-36
-15
8
14
30
41
45
51
57
53
51
57
58
51
42
7
-27
-44
-46
-42
-46
-44
-50
-36
-19
-17
-13
-7
2
6
2
0
10
28
44
42
36
39
44
50
57
57
55
55
39
20
-6
-25
-33
-48
-64
-71
-77
-79
-69
-55
-46
-37
-24
-17
-15
-26
-36
-52
-49
-44
-49
-52
-44
-29
-29
-35
-41
-34
-33
-31
-14
-23
-24
-13
-1
23
31
35
22
17
24
30
34
47
56
49
41
39
50
56
59
64
64
54
38
34
36
43
60
