85
77
63
46
29
21
14
1
-5
-5
-6
-2
6
6
10
10
7
4
-6
-14
-20
-35
-45
-42
-32
-28
-23
-28
-48
-64
-68
-56
-48
-40
-48
-58
-63
-74
-76
-62
-45
-44
-41
-42
-39
-27
-11
4
17
24
23
15
-15
-37
-46
-60
-62
-57
-32
-6
2
6
10
10
5
10
30
53
64
49
37
30
24
25
38
57
66
84
104
115
119
112
108
96
78
61
39
17
-3
-19
-24
-24
-31
-34
-37
-48
-55
-62
-58
-44
-30
-27
-23
-15
-11
-12
-14
-5
8
24
31
29
25
31
40
32
17
8
-7
-16
-20
-28
-27
-33
-26
-10
5
17
20
22
4
-24
-45
-54
-62
-71
-72
-71
-76
-87
-91
-104
-106
-99
-85
-73
-89
-95
-92
-83
-70
-54
-30
-26
-21
-30
-35
-19
-3
14
40
71
83
79
70
62
64
79
89
91
83
85
97
114
125
115
120
129
132
130
117
105
95
79
64
43
22
1
-11
-28
-43
-42
-45
-38
-22
-21
-36
-57
-76
-86
-95
-110
-112
-106
-99
-81
-68
-45
-24
2
26
27
33
38
53
67
76
72
60
50
53
59
59
58
44
41
34
30
30
28
24
16
7
0
-3
-7
3
3
-13
-29
-48
-48
-41
-36
-26
-16
-17
-23
-31
-47
-53
-55
-72
-82
-84
-94
-85
-78
-58
-43
-40
-34
-25
-16
-15
0
2
6
6
1
11
25
51
59
52
56
60
71
82
74
57
26
-3
-22
-39
-41
-49
-45
-47
-51
-47
-58
-64
-58
-45
-23
-9
-11
-23
-52
-62
-59
-61
-49
-45
-36
-32
-27
-28
-32
-22
-17
-7
8
18
27
36
40
43
44
44
54
71
78
90
97
92
84
66
59
64
69
79
83
74
80
87
89
91
91
95
69
38
20
-7
-19
-11
-1
9
14
9
-4
-9
-10
-16
-13
-25
-43
-55
-64
-68
-74
-73
-69
-73
-73
-83
-88
-92
-100
-112
-115
-114
-109
-94
-78
-56
-43
-31
-26
-27
-15
0
22
48
60
67
73
87
91
88
94
102
111
121
114
99
83
71
56
40
34
29
23
14
22
26
27
26
19
5
-7
-26
-33
-27
-26
-18
-19
-29
-45
-51
-60
-70
-68
-71
-59
-50
-56
-62
-75
-75
-66
-55
-34
-18
-11
-4
8
23
33
48
60
68
70
66
74
81
73
71
70
68
40
16
9
-2
-12
-10
-8
-14
-11
-15
-30
-55
-62
-73
-100
-108
-106
-100
-90
-89
-93
-96
-85
-77
-83
-86
-85
-94
-110
-101
-104
-105
-88
-78
-74
-58
-39
-39
-32
-14
6
8
10
26
26
39
75
94
91
98
100
91
90
96
94
88
110
113
115
135
155
157
154
162
154
153
156
147
115
96
91
78
68
78
81
79
85
83
62
39
34
26
-2
-15
-21
-35
-36
-25
-42
-64
-63
-73
-102
-119
-123
-118
-113
-106
-99
-91
-67
-60
-57
-32
-12
-10
-30
-36
-48
-76
-66
-36
-32
-16
19
25
14
-2
-12
-16
2
24
25
42
72
82
70
69
71
61
65
70
73
63
58
53
17
-14
-27
-42
-47
-52
-61
-89
-112
-114
-138
-166
-172
-159
-145
-132
-107
-100
-110
-133
-148
-155
-162
-156
-158
-143
-136
-129
-95
-54
-41
-35
2
30
27
29
56
62
67
98
120
114
130
156
136
110
130
149
145
154
166
135
90
62
48
44
44
55
55
67
88
97
97
70
37
31
17
-20
-38
-9
26
6
-32
-34
-39
-52
-31
-37
-85
-122
-93
-50
-38
-19
-10
-4
38
56
29
32
63
83
85
91
95
121
164
154
148
198
236
216
218
228
200
177
179
127
32
33
70
47
26
61
76
24
-40
-82
-100
-92
-88
-119
-162
-185
-165
-140
-144
-137
-115
-97
-86
-108
-139
-173
-150
-124
-204
-282
-246
-181
-178
-152
-123
-148
-176
-70
30
-15
-69
-65
-36
-46
-16
27
21
19
21
32
45
63
36
-7
-17
-25
-49
-32
-1
17
69
141
124
56
107
143
40
-28
3
-3
-53
-81
-132
-180
-136
-133
-233
-322
-346
-265
-208
-276
-341
-239
-151
-219
-222
-68
16
51
121
177
129
121
146
129
144
228
290
235
190
168
175
129
107
94
78
30
11
40
76
78
29
29
68
11
-27
145
179
-156
-391
-77
119
-52
-163
17
-9
-103
-22
-58
-253
-277
-297
-516
-458
-155
-146
-380
-329
-283
-411
-427
-280
-345
-416
-237
-76
-39
72
138
112
263
462
483
425
551
719
696
611
695
859
837
946
1393
1307
544
614
1660
1684
816
916
1551
1285
1085
1489
1336
794
1048
1200
619
483
741
207
-319
43
5
-596
-671
-685
-1187
-1175
-804
-1147
-1642
-1446
-1369
-1687
-1594
-1434
-1673
-1716
-1481
-1603
-1703
-1428
-1304
-1432
-1348
-1130
-1009
-891
-767
-785
-632
-301
-31
52
8
-7
274
580
691
804
811
414
254
976
1277
661
378
826
785
584
864
886
210
140
531
305
-113
64
-121
-786
-641
-309
-767
-1222
-1007
-1134
-1452
-1086
-879
-1312
-1370
-1024
-1038
-911
-362
-357
-645
-103
555
319
212
651
822
718
1121
1514
1349
1099
1197
1383
1413
1536
1401
964
939
1369
1341
1007
1331
1521
612
78
1104
1754
905
379
873
941
722
1237
1130
315
382
1112
822
400
478
138
-574
-396
-67
-522
-855
-807
-1165
-1456
-1031
-945
-1380
-1548
-1546
-1651
-1176
-731
-995
-1121
-836
-845
-766
-201
-7
-246
-72
298
266
263
528
298
130
396
692
506
446
321
85
-32
330
1516
1600
-563
-1706
1019
2668
589
-717
704
611
60
1202
1284
-614
-236
1246
253
-624
345
-285
-2079
-1231
-324
-1402
-1833
-1485
-2695
-2992
-1320
-1189
-2682
-2745
-1989
-2106
-1812
-993
-1126
-1697
-1296
-692
-338
-48
58
-240
-73
484
681
578
385
341
393
753
854
708
362
352
153
866
2763
2458
-1022
-1185
3173
3879
608
280
2186
1159
1340
3184
2054
-443
1313
2527
613
664
2048
43
-1487
474
472
-1121
-628
-564
-2692
-1974
185
-678
-2280
-1541
-1280
-1894
-736
108
-1059
-1806
-780
-371
-370
82
-82
-746
-229
607
556
180
100
166
591
761
624
476
607
210
769
2919
2882
-736
-1339
3238
4412
1254
950
3210
1584
1039
3521
3674
881
1815
3106
1281
859
2417
581
-1843
-141
486
-1511
-1779
-1212
-3223
-3697
-1978
-2076
-3310
-2910
-3195
-4240
-2986
-1334
-2285
-3520
-2688
-1700
-1197
-833
-1350
-1959
-881
235
-285
-759
-369
-306
-45
730
613
36
328
609
-167
1176
3942
2564
-2039
-782
4290
3940
472
1448
2713
664
1556
4092
2245
-392
2012
2568
40
509
2482
-299
-2234
-27
176
-1818
-1253
-985
-3368
-3226
-1120
-1512
-3234
-3093
-3077
-2965
-1763
-1182
-2326
-2714
-1945
-1541
-1024
-456
-938
-1253
42
726
66
-333
-71
37
1094
1968
1102
540
1606
1919
656
2282
5354
3424
-1266
898
5857
4606
1256
2748
3515
1533
3089
4948
1807
-436
2715
2685
-39
842
1944
-1728
-2781
-225
-1173
-3182
-1795
-2121
-5024
-3670
-967
-2599
-4648
-3176
-2472
-3235
-2166
-1233
-2379
-2571
-947
-424
-506
-138
-391
-562
555
1353
913
393
447
954
1683
1678
918
923
1684
1773
981
2197
4350
2658
-966
1341
5800
4208
749
2264
3352
1591
2524
4253
1880
27
2328
2175
-5
846
1386
-1934
-2556
-416
-1563
-3472
-2234
-2782
-5084
-3571
-1725
-3609
-4776
-2975
-3237
-4204
-2622
-1606
-3352
-3577
-1544
-901
-1313
-1193
-1082
-983
-149
250
51
-37
397
840
1168
961
764
1088
1466
1183
1133
2676
3699
1445
-675
2326
5214
3120
929
2751
2751
1140
2667
3925
1124
325
2583
1591
-252
1261
923
-2406
-1882
-165
-2396
-3923
-2255
-3261
-5405
-4024
-2772
-4325
-4653
-3497
-3776
-3670
-1983
-1983
-3464
-2692
-687
-280
-640
-431
-257
157
1029
1505
1511
1624
1849
2328
2648
2280
2238
2599
2734
2430
3293
4576
3832
1239
1489
4503
4851
2509
2329
3273
2120
2141
3745
2760
474
1650
2423
685
503
1743
-229
-2099
-531
-313
-2381
-2355
-1652
-3615
-4302
-2480
-2505
-4484
-4264
-3006
-3267
-3316
-2441
-2578
-3184
-2449
-1488
-1152
-1147
-1562
-1781
-782
73
89
8
112
264
851
1222
821
883
1686
1664
1564
3107
3973
1613
243
3014
4840
3140
2301
3249
2376
1959
3629
3550
1047
1161
2553
1292
288
1339
589
-1822
-1408
-517
-1726
-2412
-2257
-3754
-4280
-2651
-2852
-4871
-4774
-3706
-3990
-3899
-2976
-3160
-3793
-3024
-2169
-1575
-840
-1210
-2353
-1082
956
457
-339
566
851
756
1934
2256
1001
1101
2478
2625
2848
3721
2610
844
2418
4710
3599
2244
3136
3047
2071
3257
4250
2441
1362
2449
2335
1009
1092
845
-1018
-1525
-390
-719
-2516
-3446
-3636
-3441
-3288
-3920
-4731
-4458
-4119
-4394
-4325
-3524
-3442
-3872
-3613
-2460
-1393
-930
-1252
-1737
-745
819
1038
471
815
1443
1785
2368
2773
2513
2034
2491
3839
4540
3881
2862
2895
3580
4468
4465
3854
3431
3540
3438
3634
3704
3010
2193
2269
2413
1639
715
-11
-651
-1306
-1193
-1386
-2659
-4010
-3732
-3464
-4349
-4843
-4253
-4484
-5696
-5394
-4104
-3909
-4425
-4088
-3533
-3105
-2411
-1953
-2190
-1938
-1041
-510
-126
421
579
717
1318
2032
2375
2513
2392
2773
4116
4644
3440
2957
4029
4436
4145
4418
4496
3744
3857
4139
3645
3133
3379
2715
1724
1706
1424
17
-718
-450
-1141
-2299
-2851
-3172
-3865
-4141
-4755
-5243
-5097
-4907
-5572
-5936
-5337
-4650
-4531
-4738
-4566
-3880
-3073
-2825
-2537
-1989
-1462
-1342
-651
153
574
630
1209
1772
2077
2319
2498
2890
3534
3926
3246
3035
4022
4996
4266
3598
4070
4547
3919
3584
3795
3326
2782
2738
2353
1647
1505
780
-249
-481
-233
-1381
-2734
-2925
-2749
-3186
-3914
-4350
-4376
-3996
-4297
-4601
-4112
-3241
-3387
-3225
-2629
-2255
-2037
-1493
-1233
-980
-321
215
458
713
1125
1331
1598
1868
2093
2395
2642
3124
3839
3901
2758
2607
4198
4857
3792
3456
4024
3673
3294
3527
3270
2200
2177
2202
1342
645
664
-246
-1429
-1627
-1785
-2814
-3334
-3608
-4400
-4953
-4767
-4863
-5283
-5221
-4958
-4906
-4970
-4265
-3591
-3547
-3400
-2292
-1491
-1462
-1302
-821
-274
300
943
1091
1137
1593
2278
2318
2219
2638
2872
3257
3975
3808
2728
3056
4261
4346
3476
3439
3601
3423
3409
3650
3284
2658
2697
2470
1714
1191
1116
328
-493
-746
-1277
-2330
-2770
-2772
-3274
-3827
-4101
-4524
-4662
-4251
-4569
-5236
-4709
-3629
-3725
-3819
-3194
-2724
-2387
-1630
-1303
-1516
-765
209
169
-8
666
910
1023
1571
1899
1641
2131
3333
3573
2433
1801
2956
4157
3678
2710
2895
2957
2766
3145
3285
2243
1662
2020
1813
1098
756
216
-683
-745
-540
-1260
-2281
-2732
-3103
-3361
-3074
-3276
-4148
-4312
-3772
-3587
-3728
-3695
-3419
-2994
-2575
-2356
-1706
-1131
-1366
-1252
-211
387
352
716
878
958
1767
2738
2245
1793
2456
3342
3859
4175
3373
2437
3374
4719
4263
3402
3699
3525
3164
3574
3992
3082
2380
2190
1892
1533
1346
439
-806
-1085
-834
-1247
-2273
-3240
-4040
-4333
-3749
-3532
-4349
-4884
-4331
-3878
-3847
-3371
-3013
-3315
-3161
-2163
-1672
-1856
-1724
-1297
-1010
-402
236
96
-204
458
1165
1322
1441
1617
1363
1815
3179
3615
2204
1545
2674
3410
2910
2761
3069
2406
2045
2784
3135
2235
1934
1910
1347
1147
1716
1165
-338
-646
-354
-897
-1551
-1965
-3142
-3839
-3145
-2799
-3727
-4349
-4276
-4259
-4019
-3391
-3186
-3315
-3153
-2617
-1827
-1222
-1400
-1860
-1254
-206
157
180
356
420
701
1392
1766
1732
1600
1738
2453
3308
3077
2178
2309
3121
3225
2995
3233
3024
2252
2145
2875
2891
2425
2233
1935
1425
1569
1691
841
-149
-478
-680
-864
-944
-1917
-3270
-3301
-2553
-2959
-3787
-3866
-4040
-4439
-3726
-2927
-3251
-3469
-2856
-2501
-2069
-1269
-1197
-1669
-1067
80
232
200
738
944
775
1523
2294
1901
1419
2078
2906
3088
2783
2503
2855
3474
3372
3141
3743
3719
2790
2649
3498
3202
2579
2727
2551
1789
1714
1390
136
-341
-186
-790
-1577
-1721
-2406
-3336
-3455
-3307
-3775
-3977
-3922
-4146
-4147
-3472
-3180
-3518
-3390
-2655
-2013
-1727
-1501
-1599
-1695
-1195
-230
-42
-402
-76
541
563
939
1680
1404
717
1276
2381
2720
2223
1692
2046
2793
2895
2577
2950
2992
2506
2703
3432
3034
2271
2275
2296
1871
1620
1139
219
-223
-337
-995
-1894
-2301
-2696
-3259
-3757
-3921
-3841
-3809
-4104
-4232
-3748
-3257
-3241
-3405
-3297
-2857
-1950
-1362
-1516
-1594
-1019
-363
189
583
714
930
1348
1570
1782
2115
2060
1738
1961
2915
3272
2430
1699
2247
2961
2850
2715
2642
2279
2165
2720
3122
2577
1886
1761
1755
1731
1617
897
-254
-598
-357
-860
-1751
-2293
-2732
-3134
-3329
-3563
-3510
-3332
-3478
-3787
-3248
-2378
-2364
-2725
-2632
-1984
-1447
-820
-758
-1077
-981
-407
-61
8
217
504
788
997
1286
1687
1640
1424
1788
2447
2934
2849
1993
1578
2579
3360
2974
2762
2886
2509
2579
3367
3313
2220
1987
2300
2144
1869
1628
610
-345
-290
-404
-1138
-1839
-2543
-3106
-2937
-3006
-3613
-3775
-3637
-3983
-3913
-3017
-2504
-2838
-3020
-2536
-1929
-1292
-1013
-1220
-1290
-889
-673
-839
-662
-297
-164
-67
274
513
530
645
725
1144
2226
2829
1547
638
1900
3198
2821
2495
2776
2218
2067
3007
3186
2020
2045
2738
2265
1657
1922
1154
-327
-357
17
-639
-1643
-2227
-2798
-2704
-2562
-3210
-3881
-3458
-3056
-3470
-3381
-2706
-2531
-2808
-2422
-1893
-1368
-839
-798
-1151
-689
7
-50
-161
270
616
651
1083
1368
1251
1257
1534
1885
2830
3363
1857
637
2054
3475
2568
2026
2732
2271
1775
2685
2907
1525
1553
2414
2001
1399
1692
869
-534
-237
168
-870
-1908
-1914
-2115
-2484
-2730
-3234
-3860
-3789
-3509
-3780
-3667
-3187
-3129
-3236
-2581
-2058
-1543
-1120
-1054
-929
-223
202
287
556
558
494
833
1369
1481
1263
1261
1591
2259
3393
3482
1716
1062
3153
4215
2874
2628
3476
2984
2667
3617
3441
2042
2162
2697
2171
1791
1511
10
-1012
-542
-705
-1838
-2509
-2754
-3146
-3145
-3210
-3686
-4012
-3674
-3520
-3600
-3080
-2739
-3002
-3160
-2706
-2349
-1814
-1615
-1770
-1534
-778
-443
-224
-28
-30
26
459
1014
1194
1097
953
1191
2195
3478
3158
1535
1959
3741
3676
2665
2995
2937
2025
2488
3296
2401
1304
1622
1720
1581
1555
795
-740
-739
-232
-954
-1990
-2404
-2594
-2692
-2469
-3001
-3664
-3492
-2970
-3376
-3411
-2656
-2580
-3080
-2749
-2195
-2053
-1559
-1392
-1485
-1049
-370
-312
-45
333
326
418
1158
1918
2091
2033
1980
2192
3290
4161
2725
1070
2629
4301
2970
1894
2738
2165
1165
2278
2918
1340
997
1836
1383
1177
1594
401
-1185
-382
242
-1021
-2268
-2426
-2853
-3010
-2622
-3065
-4057
-3900
-3396
-3718
-3389
-2710
-2948
-3138
-2077
-1375
-1214
-859
-685
-649
-181
390
628
733
813
960
1292
1878
2240
2138
1955
1996
2723
4120
4162
2106
1794
3961
4249
2395
2464
3303
2221
1928
3047
2681
1077
1260
1351
708
917
856
-1048
-1702
-569
-833
-2269
-2708
-2802
-3510
-3285
-2902
-3643
-4221
-3691
-3792
-3977
-3106
-2754
-3693
-3681
-2570
-2185
-2205
-2004
-1842
-1650
-1019
-361
-68
-71
205
788
1282
1829
2153
2108
2036
2374
3533
4506
3544
2004
3100
4644
3673
2650
3668
3397
2067
2508
3169
1960
1189
1364
634
488
990
-113
-1786
-1159
-772
-2069
-2603
-2203
-2963
-3516
-2672
-2750
-3795
-3652
-3373
-3980
-3585
-2477
-2875
-3624
-3059
-2344
-2006
-1728
-1624
-1497
-884
-339
-103
112
305
483
941
1600
1994
2009
2184
2355
3035
4474
4736
3053
2891
4811
4861
3212
3272
3934
2808
2514
3224
2740
1492
1699
1394
519
815
689
-1137
-1692
-768
-1504
-2732
-2707
-2982
-4054
-3773
-3222
-3852
-4093
-3677
-4200
-4342
-3029
-2672
-3471
-3174
-2286
-1856
-1392
-1034
-1071
-499
342
510
671
1359
1781
1720
2017
2711
2759
2583
2580
2639
3593
4531
3408
2057
3550
4804
3490
2606
3574
3423
2608
2988
3036
1950
1712
1823
561
316
900
-400
-2129
-1505
-1344
-2787
-3282
-3456
-4606
-4723
-3886
-4559
-5406
-4810
-4542
-5217
-4584
-3496
-3612
-3728
-2983
-2405
-1965
-1491
-1567
-1345
-469
-41
-52
580
1142
1158
1362
1859
1921
2179
2791
3152
3944
4582
3292
2150
3946
5161
3618
3006
4398
4278
3486
3994
3860
2591
2711
3134
1801
982
1469
295
-1686
-1236
-781
-2373
-3639
-3692
-4234
-4340
-3798
-4636
-5796
-5139
-4422
-5061
-4934
-3973
-3736
-3708
-3095
-2701
-2153
-1562
-1802
-1720
-601
2
-297
92
953
1478
1596
1729
1847
2340
2765
3148
4154
4710
3470
2853
4738
5664
4348
3922
4841
4507
4250
4566
3966
2811
2996
3242
2409
1807
1564
331
-985
-928
-895
-1697
-2832
-3841
-4433
-3938
-3788
-4877
-5557
-4883
-4602
-4968
-4634
-3988
-3916
-3649
-3070
-2896
-2296
-1743
-2145
-1873
-426
-43
-487
-242
454
1083
1477
1390
1331
1907
2238
2241
3164
4092
2990
2067
3953
5348
3948
3290
4279
4012
3680
4633
4314
2823
2840
3076
2033
1506
1470
314
-855
-757
-979
-1839
-2478
-3438
-4574
-4267
-3582
-4571
-5604
-4913
-4433
-5066
-4861
-4127
-4166
-4032
-3248
-2947
-2472
-1635
-1841
-2036
-801
15
-460
-432
295
810
1387
1881
1898
2048
2349
2111
2539
4260
4330
2016
1889
4451
4705
3023
3215
3865
2986
3177
4019
3141
2068
2854
2904
1985
2079
1997
320
-496
75
-411
-1343
-1805
-3033
-4040
-3064
-2976
-4960
-5394
-4073
-4453
-5311
-4394
-3728
-4349
-4013
-3068
-3013
-2639
-1965
-2231
-2081
-713
-140
-587
-358
475
1007
1405
1845
2044
2167
2575
2911
3587
4541
4173
2649
3203
5096
4535
2998
3573
4104
3134
3265
3802
2827
2060
2504
2099
1456
1602
823
-681
-495
150
-735
-1729
-2214
-3063
-3298
-2852
-3671
-4786
-4268
-3825
-4816
-4918
-3779
-3618
-4141
-3634
-2745
-2255
-1848
-1809
-1799
-964
-19
-96
-454
-106
457
907
1350
1629
1599
1811
2107
2237
3296
4272
2972
1645
3428
4817
3252
2602
3785
3317
2649
3712
3730
2223
2081
2368
1723
1737
1828
309
-750
-102
-229
-1483
-2214
-2919
-3784
-3399
-3125
-4410
-5066
-4244
-4509
-5338
-4572
-3921
-4670
-4836
-4006
-3556
-3109
-2570
-2510
-2033
-716
-190
-483
-71
755
1135
1517
2014
2181
2336
2618
2624
3253
4429
3751
1785
2638
4864
4113
2479
3427
3950
2995
3353
3920
2925
2403
2929
2227
1604
1996
1311
-365
-415
8
-1223
-2601
-2789
-3204
-3777
-3448
-3858
-4907
-4313
-3466
-4183
-4284
-3195
-3061
-3196
-2680
-2204
-1886
-1423
-1266
-1125
-515
7
44
109
526
1172
1736
1881
1933
2325
2718
2803
3603
4445
3285
1893
3479
5176
3942
2758
3414
3169
2475
3093
2931
1326
1198
1983
1102
195
524
-123
-1680
-1494
-844
-2061
-3439
-3334
-3383
-3824
-3575
-4091
-5354
-4675
-3431
-4175
-4646
-3602
-3380
-3695
-3053
-2454
-2163
-1685
-1572
-1478
-579
333
260
189
869
1902
2420
2484
2355
2426
2938
3747
4605
4499
3021
2602
4484
5104
3544
3141
3772
3035
2868
3680
2912
1319
1621
2183
1469
836
648
-305
-1333
-1031
-676
-1777
-3172
-3554
-3377
-3094
-3195
-4201
-4936
-4296
-3568
-3874
-4198
-3871
-3462
-3233
-2917
-2485
-2190
-2085
-2038
-1710
-962
-182
-329
-902
-565
691
1487
1405
1223
1516
2052
2961
3914
3393
1836
2615
4975
4757
3084
3388
3872
3089
3466
4204
2951
1690
2229
2441
1830
1510
597
-914
-809
42
-936
-2536
-2732
-2644
-3119
-3103
-3180
-3992
-4074
-3224
-2972
-3202
-3133
-2824
-2566
-2213
-1879
-1679
-1511
-1262
-1013
-871
-518
-115
-134
-358
140
792
941
876
1212
1602
2094
3276
3776
2195
1358
3716
5181
3529
2717
3981
3759
3180
3960
3852
2248
2229
2968
2392
1690
1600
475
-780
-278
-272
-2107
-3168
-2621
-2908
-3613
-3843
-4530
-5224
-4613
-4118
-4485
-4429
-3909
-3664
-3310
-2692
-2328
-2275
-2096
-1579
-1103
-923
-634
-188
-68
42
421
776
828
862
1056
1239
2183
3575
3305
1447
2046
4586
4500
2763
3244
4095
3456
3773
4349
3085
2084
2962
2941
1933
1684
1255
-203
-317
237
-869
-2537
-2760
-2788
-3128
-2916
-3383
-4596
-4518
-3582
-3858
-4138
-3779
-3625
-3494
-2844
-2379
-2324
-2144
-1780
-1318
-826
-488
-332
-66
484
1161
1467
1435
1385
1637
2102
2456
3158
3728
2822
1763
3311
4968
3825
2633
3526
3617
3083
3832
3673
1989
1894
3018
2689
1877
1435
407
-49
747
2
-2160
-2583
-1932
-2879
-3736
-3434
-4073
-5103
-4499
-3913
-4526
-4454
-3896
-4058
-3817
-2872
-2799
-3110
-2643
-2031
-1870
-1390
-626
-426
-282
535
1337
1416
1499
1656
1705
2016
2900
3537
2944
1763
2459
4517
4676
3270
3198
3834
3674
4353
4876
3446
2042
2840
3157
2235
1709
1134
-120
-95
435
-896
-2660
-2555
-2473
-3407
-3531
-3542
-4646
-5085
-4372
-4248
-4306
-3864
-3770
-3730
-2900
-2361
-2420
-2146
-1646
-1444
-1132
-542
-236
-320
-209
492
1208
1413
1219
1079
1379
2145
3170
3342
2110
1208
2952
4731
3634
2030
2723
3287
2851
3327
3674
2299
1577
2560
2692
1916
1468
759
-272
131
472
-1112
-2649
-2416
-2299
-2744
-2868
-3365
-4091
-3809
-3436
-3797
-3838
-3464
-3352
-2962
-2288
-2027
-1883
-1482
-1059
-750
-365
40
220
39
35
706
1293
1117
644
651
1010
1933
2870
2335
775
1472
3944
4054
2207
2207
3206
2771
2993
3912
3246
1926
2501
2871
2071
1494
1123
-135
-564
-247
-1251
-2656
-2799
-3059
-3959
-3793
-3754
-4836
-4924
-3682
-3578
-4046
-3490
-2984
-2933
-2273
-1697
-1706
-1199
-405
-229
11
958
1418
1199
1329
1967
2372
2543
2517
2103
1778
2589
3765
3174
1261
1191
3322
3854
2381
1937
2743
2728
3060
3714
3076
1998
2496
2825
2122
1844
1419
39
-414
328
-488
-2332
-2675
-2508
-3631
-4107
-3813
-4875
-5862
-4863
-4311
-5172
-5175
-4475
-4345
-3756
-2773
-2753
-2785
-1896
-1282
-1379
-826
-52
-107
-175
539
1161
1269
1575
1690
1442
1712
3144
3868
2586
1189
2312
4213
3893
2481
2511
2999
3087
3608
3721
2700
1964
2587
2746
2303
1824
1092
28
215
755
-356
-1997
-2078
-1807
-2364
-2580
-2607
-3425
-3818
-3134
-2999
-3437
-3513
-3383
-3102
-2319
-1788
-1949
-1918
-1456
-1122
-741
-300
-104
-220
-146
417
1029
1343
1462
1372
1520
1928
2492
2962
2800
1755
1886
3563
3890
2314
2005
2788
2548
2428
2905
2362
1277
1713
2243
1635
932
552
-343
-700
-424
-1158
-2650
-2880
-2535
-3122
-3672
-3539
-3805
-4218
-3558
-2966
-3292
-3490
-2848
-2318
-2117
-1754
-1428
-1287
-955
-189
369
389
345
708
1081
1235
1519
1779
1839
1963
2354
2059
1633
2418
2998
1735
923
2405
3085
1743
1238
2200
2159
1911
2463
2342
1357
1507
2124
1476
722
804
337
-823
-895
-808
-1772
-2636
-2575
-3090
-3817
-3563
-3345
-4157
-4362
-3790
-3896
-4052
-3231
-2617
-2841
-2456
-1507
-1197
-1241
-527
198
232
327
1033
1320
1245
1526
1850
1831
2071
2365
2033
1678
2266
3231
3101
1840
1181
2443
3425
2530
1704
2363
2536
2158
2459
2561
1791
1497
1697
1263
1063
1128
211
-902
-455
-92
-1265
-2332
-2492
-2888
-3095
-2595
-3030
-4043
-3656
-2994
-3429
-3325
-2464
-2601
-3057
-2304
-1540
-1636
-1512
-1114
-1114
-737
191
442
152
609
1121
1234
1508
1924
1823
1769
2029
2009
2498
3190
2218
712
2005
3753
2711
1319
2078
2456
1889
2330
2733
1490
458
1122
1546
834
-35
-701
-1273
-1116
-846
-1417
-2635
-3056
-2550
-2248
-2521
-2962
-3146
-3216
-2909
-2294
-2117
-2514
-2452
-1965
-1389
-863
-588
-794
-844
-158
280
318
455
687
705
1065
1478
1497
1553
2030
2227
1915
1932
2306
3025
3159
1963
1063
2503
3699
2477
1381
2244
2486
1927
2253
2227
817
261
1150
887
-326
-827
-1091
-2046
-2227
-1834
-2431
-3623
-3712
-3172
-3247
-3603
-3855
-3749
-3249
-2825
-2919
-2868
-2335
-1873
-1451
-1234
-1123
-675
-162
-167
-157
550
1103
819
578
1043
1496
1459
1346
1303
1375
1735
2029
1550
1233
2163
2952
1943
635
1566
3151
2752
1430
1483
2121
2415
2534
1924
819
839
1614
1066
186
-18
-452
-1276
-1284
-1059
-1745
-2512
-2716
-2835
-2645
-2050
-2416
-3424
-3069
-1875
-1795
-2183
-1905
-1640
-1445
-639
-62
-189
-250
-50
293
828
982
662
525
819
1194
1439
1340
884
782
1258
1839
1727
952
567
1477
2517
2026
591
674
1974
2299
1439
1240
1409
1119
1256
1694
1144
246
527
650
101
-188
-198
-1102
-1755
-1656
-1478
-1745
-2352
-3141
-3109
-2109
-1918
-2830
-3082
-2464
-2248
-2083
-1677
-1608
-1715
-985
-400
-495
-303
82
-164
-155
705
1163
792
540
933
1280
1416
1365
1252
1203
1641
1916
1420
962
1347
2297
2457
1359
432
1491
2676
1974
759
1215
1652
1096
714
765
366
211
519
69
-503
-461
-543
-1358
-1453
-1250
-1587
-2088
-2257
-2364
-2039
-1791
-2431
-2888
-2459
-2010
-2172
-2162
-2044
-1721
-1277
-1050
-1221
-670
102
-144
-440
320
934
648
778
1043
1019
1441
2212
1804
1090
1680
2369
1998
1711
1950
1638
1565
2182
2006
590
624
1768
1413
264
506
1005
379
421
889
455
-341
47
273
26
-35
-71
-715
-857
-411
-809
-1492
-1512
-1516
-1971
-1749
-1519
-2011
-2299
-1745
-1807
-2247
-1821
-1151
-1382
-1540
-781
-235
-276
-208
150
174
585
1245
1181
793
1053
1319
1235
1444
1575
1160
1082
1435
1120
612
752
598
268
825
1114
-202
-689
861
1422
232
-73
720
602
539
1102
1009
192
400
883
607
284
390
73
-476
-400
-376
-770
-1212
-1459
-1792
-1750
-1504
-1817
-2261
-2091
-1785
-1725
-1494
-1326
-1318
-1115
-620
-242
-76
95
324
590
890
1190
1311
1124
1016
1253
1440
1282
1024
843
668
475
401
502
401
-14
-412
-116
412
111
-823
-689
286
451
22
105
321
119
368
708
502
135
430
576
296
200
250
-60
-292
-153
-419
-847
-886
-944
-1444
-1477
-1212
-1455
-1843
-1657
-1315
-1198
-1031
-1068
-1104
-712
-227
4
319
562
435
499
970
1270
1241
1070
957
1073
1273
1293
1066
827
801
888
658
269
262
405
212
-183
-141
480
688
-300
-938
109
1189
802
55
93
368
782
1210
1033
280
227
771
847
435
270
185
-48
-25
114
-99
-502
-585
-624
-799
-870
-762
-912
-1155
-1153
-950
-837
-849
-891
-735
-365
-234
-393
-440
-124
83
14
0
154
179
90
33
77
59
-88
-242
-122
50
-296
-624
-629
-560
-516
-494
-892
-990
-162
193
-900
-1399
4
930
263
-195
356
687
1090
1592
1379
750
1203
1815
1559
1314
1427
1062
602
967
1184
585
101
162
-127
-366
-112
-199
-934
-954
-384
-476
-852
-837
-993
-1173
-672
-333
-657
-763
-367
-323
-464
-209
-109
-455
-572
-208
-127
-464
-651
-624
-604
-446
-342
-800
-1090
-785
-610
-925
-1062
-1030
-911
-244
48
-858
-1074
575
1387
483
400
1558
1834
1748
2330
2506
2003
2206
2726
2495
2290
2409
2008
1459
1740
1849
1090
395
371
288
-49
-428
-822
-1198
-1426
-1517
-1595
-1668
-1790
-1867
-2001
-2055
-1857
-1489
-1465
-1676
-1520
-1250
-1163
-1083
-1113
-1246
-979
-530
-695
-1039
-764
-420
-462
-524
-319
-216
-236
-162
58
281
391
301
371
1239
1973
1404
695
1803
2988
2654
2150
2664
2845
2712
3007
2931
2136
1986
2307
1896
1383
1216
672
-112
9
-48
-892
-1257
-1032
-1515
-2086
-1871
-1931
-2543
-2602
-2205
-2390
-2531
-2172
-2139
-2387
-2110
-1663
-1718
-1792
-1540
-1315
-1265
-1165
-1069
-1008
-734
-359
-309
-365
-57
198
233
542
914
855
945
1445
1515
1313
1537
1951
2064
2048
1851
1972
2836
2890
1386
1004
2554
2886
1547
1031
1400
1097
1057
1273
619
-266
27
314
-229
-761
-868
-1207
-1468
-1210
-1247
-1814
-2338
-2420
-2428
-2320
-2355
-2730
-3001
-2532
-2021
-2056
-2140
-1895
-1720
-1661
-1363
-1050
-997
-875
-514
-113
189
396
599
717
928
1369
1653
1505
1577
2004
2291
2163
2078
2103
2169
2257
2136
1827
1674
1804
1774
1463
1037
760
506
829
1171
581
-400
52
880
402
-305
-29
129
-248
-50
195
-119
-384
-176
-380
-516
-363
-505
-1097
-1090
-732
-947
-1323
-1364
-1482
-1762
-1617
-1396
-1481
-1521
-1218
-1151
-1150
-755
-429
-682
-816
-465
-125
-97
-183
-156
-36
130
393
462
264
351
826
936
620
659
913
899
757
844
810
625
541
594
713
671
476
190
120
211
156
-181
-517
-310
151
-122
-966
-783
194
411
-244
-335
139
439
478
379
231
155
602
837
576
233
330
291
42
16
-34
-320
-487
-674
-944
-881
-638
-875
-1354
-1242
-865
-824
-941
-897
-952
-917
-589
-311
-494
-583
-303
-99
-5
336
545
332
243
620
948
946
799
577
480
619
819
767
653
506
381
390
579
500
270
173
115
73
261
366
2
0
430
489
-31
128
859
923
290
189
607
629
392
218
-8
-272
-133
-12
-225
-441
-455
-582
-716
-760
-801
-974
-1085
-1041
-1015
-971
-916
-850
-814
-701
-509
-467
-594
-497
-293
-234
-237
-72
19
-54
80
411
601
589
539
553
576
747
894
797
590
743
1064
1026
796
801
982
1063
1129
1052
942
953
994
694
324
282
485
413
-225
-510
-107
-3
-769
-1048
-503
-414
-901
-965
-897
-1110
-1021
-770
-1032
-1303
-824
-404
-582
-806
-613
-468
-408
-231
-90
-184
-181
-95
-144
-55
228
280
-26
-57
229
336
187
50
-26
25
293
447
271
115
238
404
458
464
420
420
510
554
477
548
602
408
227
310
261
-97
-292
-312
-427
-539
-551
-639
-792
-965
-1142
-1148
-955
-1038
-1436
-1507
-1048
-758
-1150
-1426
-874
-281
-328
-465
-283
-237
-18
467
565
382
684
1259
1294
1222
1432
1533
1481
1619
1794
1708
1505
1412
1276
1142
1254
1338
1106
744
723
791
562
183
69
98
-15
-147
-212
-417
-639
-654
-646
-703
-660
-540
-686
-831
-707
-620
-744
-730
-616
-654
-578
-327
-320
-485
-470
-404
-431
-304
-145
-308
-489
-463
-344
-216
-157
-351
-427
28
369
47
-255
49
366
377
350
355
266
471
895
833
482
543
862
906
810
759
602
454
547
550
320
125
54
-101
-202
-249
-505
-749
-639
-538
-750
-1074
-1151
-1081
-1040
-995
-1077
-1156
-1006
-718
-701
-854
-790
-552
-437
-403
-260
-139
-128
81
465
602
515
541
721
804
838
771
558
464
590
722
588
390
344
352
291
225
46
-87
43
106
-297
-480
-43
94
-255
-308
-101
-83
77
198
-30
-168
93
211
109
109
35
-195
-121
225
171
-123
-84
106
52
65
223
166
-49
89
299
175
24
126
237
242
322
277
86
101
334
218
-62
-78
-42
-115
-43
17
-80
-29
58
17
39
185
85
-68
-72
47
18
-176
-239
-163
-102
-171
-241
-327
-441
-494
-487
-541
-585
-329
-181
-540
-738
-218
286
143
-3
173
367
510
588
515
368
426
636
670
562
481
423
354
405
438
247
142
189
103
-34
-67
-156
-292
-148
81
25
-99
-46
17
46
96
76
-26
27
93
-34
-239
-301
-313
-409
-375
-316
-308
-336
-328
-303
-330
-411
-534
-539
-410
-335
-452
-526
-510
-495
-493
-480
-474
-462
-382
-317
-336
-265
-98
-113
-323
-203
223
323
109
48
174
281
522
665
505
448
759
982
947
824
766
747
802
901
857
708
589
484
432
466
376
181
117
171
69
-86
-200
-278
-354
-387
-464
-636
-696
-659
-630
-730
-820
-751
-537
-454
-553
-565
-496
-431
-416
-452
-489
-358
-199
-224
-255
-258
-284
-227
-13
63
-19
-37
-55
-51
47
139
22
-61
195
434
373
297
519
742
744
660
666
788
949
1032
1013
1022
1047
1087
1102
1045
912
879
861
657
435
429
419
183
58
124
65
-175
-274
-339
-492
-568
-591
-732
-863
-814
-818
-988
-1086
-972
-945
-995
-966
-971
-1056
-995
-886
-970
-943
-776
-770
-875
-712
-492
-518
-489
-371
-303
-238
-55
78
42
46
185
242
253
393
481
512
579
753
867
740
465
533
970
1140
876
726
850
954
1046
1038
792
544
662
816
719
516
365
214
162
227
218
40
-148
-292
-317
-227
-254
-482
-725
-799
-637
-537
-724
-857
-723
-658
-707
-668
-680
-787
-780
-681
-694
-665
-536
-471
-530
-560
-442
-289
-237
-228
-166
-95
-60
-24
10
-4
-62
-58
90
156
98
85
118
123
188
231
148
180
377
479
405
448
577
630
638
631
627
752
945
991
912
933
1082
1149
1062
921
923
922
772
558
474
476
457
377
220
134
162
146
7
-75
-102
-144
-260
-376
-399
-422
-473
-551
-666
-776
-811
-810
-868
-963
-1010
-989
-1034
-1132
-1138
-1059
-1053
-1053
-911
-810
-879
-889
-737
-622
-492
-327
-274
-240
-41
115
82
149
402
556
491
484
600
742
772
594
435
612
863
839
702
678
732
770
732
511
342
353
341
153
-23
-65
-140
-262
-262
-258
-325
-342
-383
-525
-562
-493
-544
-669
-662
-512
-419
-413
-383
-325
-225
-111
-77
-102
-19
163
186
111
165
288
323
391
529
575
565
636
704
731
797
791
656
602
721
787
655
531
532
477
323
198
98
-33
-106
-161
-300
-386
-351
-347
-456
-520
-479
-434
-522
-652
-583
-426
-415
-486
-480
-458
-377
-242
-233
-321
-278
-129
-118
-171
-166
-161
-180
-197
-219
-194
-121
-69
-54
-14
32
64
99
78
68
133
171
166
168
192
214
202
198
171
104
56
17
-30
-63
-75
-54
-59
-51
2
31
18
42
135
162
123
150
201
166
174
254
285
292
331
373
374
413
476
406
233
217
326
265
158
113
68
60
139
106
-58
-92
-45
-87
-144
-189
-287
-394
-408
-407
-455
-482
-497
-503
-503
-449
-410
-452
-489
-462
-397
-331
-264
-227
-215
-124
47
131
147
181
235
306
382
429
396
384
447
468
461
469
464
472
468
400
283
202
178
110
-5
-90
-121
-163
-227
-271
-300
-343
-415
-471
-497
-550
-589
-613
-649
-669
-608
-585
-583
-529
-481
-438
-418
-374
-298
-217
-169
-77
35
91
135
248
368
427
539
624
673
737
786
820
843
875
879
881
903
900
844
770
683
609
555
507
460
390
341
262
159
63
-49
-172
-298
-371
-450
-561
-636
-648
-699
-758
-760
-788
-820
-788
-723
-725
-747
-723
-723
-711
-610
-497
-443
-372
-271
-157
-60
37
157
208
213
284
429
523
537
566
584
602
667
700
650
603
622
615
541
456
372
301
273
220
116
31
-13
-82
-160
-215
-237
-309
-395
-406
-436
-483
-487
-506
-522
-490
-442
-429
-457
-453
-440
-400
-370
-354
-345
-337
-299
-272
-241
-190
-155
-141
-102
-39
-1
22
89
161
164
150
150
150
156
196
213
218
279
303
292
304
339
335
338
353
335
339
387
436
439
447
456
459
439
448
485
489
494
489
446
399
385
395
381
320
276
232
143
75
53
-4
-87
-159
-232
-299
-338
-374
-449
-526
-595
-647
-666
-694
-730
-780
-850
-911
-948
-943
-922
-894
-846
-791
-725
-659
-597
-544
-508
-451
-346
-251
-177
-93
1
107
203
328
446
547
655
749
824
860
875
901
931
948
962
959
943
960
992
978
911
853
815
744
664
573
451
326
225
115
-15
-109
-199
-320
-428
-503
-565
-640
-700
-764
-822
-862
-889
-948
-1021
-1048
-1049
-1028
-983
-906
-817
-722
-636
-566
-513
-445
-350
-268
-166
-51
55
173
287
383
475
541
597
653
718
784
814
824
817
794
770
759
761
736
697
666
612
560
488
416
324
218
144
81
19
-36
-80
-129
-184
-237
-280
-334
-372
-396
-430
-475
-507
-547
-597
-610
-595
-569
-529
-462
-416
-389
-356
-329
-330
-317
-268
-244
-229
-188
-97
-35
-18
24
81
113
124
113
104
98
99
120
108
106
145
192
198
187
189
192
185
165
141
133
124
98
100
94
89
72
59
66
73
81
85
62
44
49
56
56
49
66
104
128
140
156
160
165
161
146
133
131
138
151
170
180
176
184
189
171
156
143
116
75
48
17
-12
-37
-46
-61
-69
-70
-91
-90
-93
-126
-162
-178
-198
-221
-259
-310
-321
-298
-282
-283
-276
-268
-255
-249
-258
-280
-307
-304
-303
-314
-304
-292
-278
-273
-284
-275
-257
-231
-199
-163
-131
-97
-59
-53
-55
-17
31
60
111
173
229
278
326
382
419
455
488
519
564
617
665
672
667
681
687
684
695
693
659
648
627
587
529
457
388
323
256
177
99
26
-52
-134
-209
-293
-385
-468
-541
-603
-653
-718
-798
-874
-933
-981
-1021
-1050
-1075
-1090
-1087
-1064
-1054
-1038
-982
-914
-852
-796
-724
-628
-532
-436
-337
-222
-100
5
112
236
364
475
593
706
794
871
948
1021
1081
1138
1168
1193
1222
1233
1240
1236
1221
1183
1137
1092
1047
986
918
834
733
636
549
454
349
242
126
23
-85
-204
-332
-474
-583
-668
-768
-866
-935
-982
-1023
-1055
-1070
-1082
-1092
-1090
-1075
-1050
-1040
-1034
-1014
-969
-896
-822
-743
-659
-579
-491
-406
-317
-235
-169
-102
-25
57
141
206
266
334
404
471
513
556
584
609
635
640
649
649
651
648
644
635
615
583
546
513
490
462
432
409
379
344
288
232
176
135
95
60
15
-40
-76
-115
-150
-198
-227
-243
-251
-269
-291
-296
-295
-294
-288
-276
-271
-261
-245
-230
-206
-185
-167
-142
-127
-111
-98
-94
-77
-55
-63
-65
-57
-63
-72
-73
-59
-60
-69
-49
-39
-40
-43
-35
-26
-8
13
3
-8
-23
-35
-32
-39
-49
-34
-32
-31
-19
-11
-2
-5
4
28
55
82
96
107
133
158
177
203
222
235
242
255
273
276
281
275
266
250
225
201
155
114
82
52
38
33
18
-9
-41
-63
-73
-86
-102
-125
-138
-160
-197
-227
-252
-265
-275
-291
-304
-310
-307
-301
-306
-304
-296
-286
-280
-268
-248
-225
-209
-196
-163
-125
-87
-38
11
59
98
139
183
218
241
260
278
291
307
313
324
331
336
336
328
323
305
286
274
251
223
206
183
160
145
125
101
84
65
41
1
-42
-82
-110
-127
-137
-141
-155
-171
-185
-204
-217
-218
-219
-220
-215
-218
-232
-240
-234
-223
-189
-152
-121
-101
-94
-95
-86
-79
-76
-71
-74
-82
-73
-33
-15
-7
14
45
81
101
116
119
115
117
124
136
151
170
183
191
185
160
134
110
85
70
70
73
74
53
13
-11
-27
-47
-53
-63
-67
-64
-65
-83
-114
-141
-147
-120
-91
-72
-65
-51
-48
-66
-80
-80
-70
-57
-44
-22
1
11
13
15
12
13
28
34
43
72
84
71
69
68
67
73
87
97
93
91
89
89
92
82
65
53
34
18
15
26
42
49
38
23
15
15
15
18
27
29
23
16
2
-12
-16
-28
-22
-13
-28
-51
-59
-60
-61
-71
-83
-89
-91
-89
-92
-98
-95
-94
-100
-102
-103
-89
-68
-56
-39
-33
-31
-22
-5
10
20
34
32
20
9
-3
-14
-19
-17
-19
-13
-10
-8
6
17
22
23
21
19
19
15
11
11
9
11
25
37
32
25
29
31
18
15
18
16
31
38
35
38
35
24
26
17
20
41
42
40
43
40
31
25
21
8
-8
-6
2
7
20
26
25
15
14
15
9
-1
-8
-2
17
31
27
14
2
8
12
13
7
-3
-9
-16
-16
-32
-48
-61
-59
-50
-39
-41
-40
-31
-33
-32
-31
-25
-15
-17
-20
-20
-24
-27
-21
-27
-30
-17
-12
-16
-15
-10
-10
-2
9
23
32
34
36
32
36
42
37
26
29
34
31
23
12
26
27
14
-2
-10
-6
-12
-18
-29
-31
-38
-42
-42
-51
-46
-37
-33
-40
-36
-20
-5
2
10
20
24
29
28
32
38
36
25
12
4
-2
-5
-20
-24
-19
-14
-10
-13
-9
4
10
19
25
16
4
1
17
38
43
36
39
46
52
52
54
63
68
56
47
42
42
40
30
17
-10
-37
-58
-70
-73
-66
-62
-61
-54
-69
-82
-72
-52
-45
-52
-55
-50
-42
-40
-41
-30
-24
-26
-35
-32
-7
7
11
24
27
23
22
21
22
23
33
40
39
43
43
50
58
63
67
76
87
92
88
75
68
54
34
24
18
7
0
-10
-13
-13
-29
-33
-38
-47
-50
-45
-48
-52
-62
-87
-98
-111
-114
-107
-93
-84
-72
-62
-58
-42
-24
-19
-18
-9
7
15
38
45
42
42
36
37
47
60
67
82
87
99
96
87
81
70
67
74
92
89
82
83
71
54
50
45
34
23
15
16
14
-1
-2
-15
-42
-60
-74
-84
-97
-93
-86
-78
-76
-87
-103
-111
-113
-111
-101
-90
-79
-66
-51
-43
-35
-32
-47
-46
-32
-26
-9
5
19
36
32
25
21
21
20
32
45
47
44
39
29
22
12
10
20
24
34
36
36
38
37
33
38
41
38
33
18
3
-5
-11
-18
-28
-28
-24
-21
-22
-26
-30
-32
-42
-44
-41
-35
-21
-10
6
26
36
45
43
34
42
71
93
96
87
73
69
71
71
69
68
53
46
47
36
30
25
20
17
11
-5
-20
-31
-30
-31
-33
-39
-52
-52
-50
-38
-33
-43
-55
-56
-55
-64
-69
-58
-42
-31
-36
-51
-65
-82
-86
-81
-75
-72
-75
-74
-67
-61
-60
-45
-15
0
13
35
51
49
40
28
35
53
56
62
64
73
87
98
101
91
74
67
73
75
66
53
49
45
33
24
20
10
10
19
26
23
15
-7
-31
-45
-46
-37
-34
-35
-32
-27
-35
-50
-64
-75
-79
-75
-58
-51
-54
-48
-50
-50
-53
-51
-41
-22
1
-3
0
2
-5
0
3
5
13
13
5
7
13
12
19
21
18
10
3
-5
-13
-19
-22
-12
1
11
15
20
18
20
17
-2
-14
-19
-22
-14
-10
-12
-7
2
8
18
27
32
31
34
41
47
57
62
62
66
72
64
57
48
30
19
16
19
13
-7
-24
-30
-36
-38
-21
-6
10
20
27
34
44
56
59
69
66
61
66
59
57
43
26
19
7
-10
-32
-53
-68
-77
-81
-80
-77
-65
-59
-45
-32
-24
-25
-29
-43
-59
-52
-52
-57
-72
-86
-90
-91
-85
-70
-55
-43
-21
0
-2
-8
-3
2
17
38
45
35
34
40
55
65
47
26
15
-1
-20
-16
-3
10
17
14
12
8
-8
-12
4
15
16
21
34
29
17
16
15
3
-7
-15
-24
-26
-32
-25
-20
-17
-14
-10
-10
-17
-18
-21
-24
-31
-28
-14
5
23
31
39
37
24
9
10
17
29
53
58
45
35
21
11
8
7
16
21
28
32
32
30
11
-8
-18
-31
-31
-25
-23
-12
3
6
14
25
17
22
24
30
32
