5
-2
-5
-9
-18
-19
-32
-41
-38
-37
-29
-11
23
45
46
33
21
10
-12
-27
-24
-5
15
23
27
20
4
-5
-6
-12
-9
4
-1
-5
21
54
71
70
50
32
32
31
30
27
24
31
31
27
13
-7
-32
-62
-81
-98
-89
-65
-56
-52
-28
-1
16
29
18
13
7
5
18
34
39
43
45
27
11
4
-8
-28
-37
-43
-41
-23
-14
-4
-1
3
20
34
29
25
20
15
27
33
38
36
36
43
42
45
37
20
7
-8
-22
-34
-50
-59
-57
-45
-33
-26
-19
-28
-29
-40
-47
-33
-27
-10
14
32
43
43
29
27
33
34
30
12
-5
-15
-7
-10
4
22
25
27
6
-19
-30
-19
-20
-22
-9
-8
-8
-10
-7
-3
-7
-5
-2
0
-2
0
-2
1
-9
-20
-21
-34
-44
-50
-46
-33
-16
-13
-22
-15
-21
-27
-4
18
17
7
2
0
-8
-6
13
25
25
23
22
17
2
3
19
27
27
23
13
1
12
33
19
2
8
14
21
33
43
40
38
28
11
4
9
2
-18
-27
-29
-12
-4
-8
-6
-11
-23
-41
-53
-34
-15
-17
-13
3
17
31
46
50
43
36
31
9
-26
-62
-82
-73
-62
-80
-103
-84
-44
-13
15
18
10
17
31
34
48
53
65
96
114
111
86
76
75
39
13
11
32
53
53
56
32
31
69
86
90
59
11
28
35
5
-23
-46
-48
-5
50
17
-12
36
49
72
115
86
62
62
1
-132
-207
-195
-181
-162
-184
-230
-222
-162
-136
-137
-151
-170
-142
-149
-191
-197
-154
-98
-85
-134
-182
-178
-116
-145
-282
-340
-325
-258
-182
-170
-169
-151
-106
2
74
114
166
143
117
142
103
91
163
216
285
349
297
236
307
422
487
537
495
364
348
376
327
304
324
247
158
105
88
130
69
-18
-23
-37
-84
-124
-180
-263
-300
-184
-51
-12
93
147
94
100
144
51
-123
-241
-313
-272
-158
-69
53
256
403
395
370
371
307
167
-83
-322
-370
-459
-519
-415
-439
-516
-426
-349
-385
-442
-441
-444
-470
-464
-550
-470
-174
32
237
331
176
166
412
484
299
215
317
460
643
736
761
895
1037
1022
925
763
504
165
-80
-283
-513
-439
-342
-367
-370
-539
-589
-392
-186
-29
-31
-83
-261
-391
175
711
486
359
592
593
87
-595
-1241
-2079
-2502
-2713
-3613
-4366
-4397
-4091
-2409
86
748
1320
4084
6556
6976
7202
7167
5343
4243
3776
1061
-1869
-3030
-3847
-4226
-3708
-4328
-4597
-2035
-703
-1367
-950
-1290
-1832
-961
-1143
-2352
-2241
-1167
-754
529
2178
2047
2963
4904
4686
3570
2838
2054
1294
758
-375
-1865
-1410
-1218
-1553
-988
-1764
-2536
-2499
-2584
-3213
-4458
-5171
-5575
-4044
-1006
-229
922
4373
7742
9556
10609
11401
9726
8315
7558
3781
-583
-3742
-5968
-7126
-7971
-8813
-9010
-6541
-3763
-2852
-1370
-308
274
1484
1590
484
-363
-152
226
748
1725
1714
2627
5131
5872
5191
4619
3841
3155
2245
-208
-2906
-3823
-4143
-5406
-6144
-5916
-6231
-5609
-4316
-4496
-5002
-4850
-3901
-1406
986
1086
2204
7017
10282
10589
12238
12791
10872
10290
9224
4628
-359
-3241
-6080
-8251
-9242
-11796
-11798
-7904
-6452
-6056
-3532
-1406
107
2164
2467
1258
1941
2691
2131
3068
3399
2030
3123
5360
4616
3734
4365
3252
1637
245
-2343
-4507
-5464
-6915
-8978
-9092
-8569
-8699
-7430
-6255
-5042
-3186
-1719
1869
4633
4778
6222
9593
11811
10827
11551
11726
8842
8677
7037
1946
-1473
-3941
-6543
-8702
-9487
-11484
-11846
-8001
-7730
-6957
-3011
-1823
320
3519
4417
4643
6120
7391
6119
6973
7010
3959
5870
7150
3916
2013
1450
331
-2546
-4643
-7223
-9728
-8466
-9665
-10644
-8470
-8088
-6312
-3504
-1743
-1105
1300
6548
7336
7437
9717
10527
11840
12528
11785
8802
6882
7352
3343
-1730
-4928
-8157
-9571
-10340
-11902
-13638
-12168
-8889
-7784
-5803
-4276
-2976
1256
4439
4866
5046
7108
8360
8402
9155
7144
5493
6697
5844
2958
-49
-1912
-3690
-5496
-7479
-10857
-11096
-9967
-9969
-8771
-7885
-6064
-3274
-905
541
1208
5100
8155
7896
8953
10708
12082
12579
13595
12762
8835
7783
6365
1607
-2928
-7085
-9983
-11469
-12059
-13993
-15135
-11644
-8987
-7216
-4100
-2220
120
4024
6648
6387
6708
8407
8207
9034
9495
6830
5975
6574
5133
1359
-1842
-4066
-7273
-9338
-11538
-13847
-13471
-12555
-10827
-8084
-5594
-3169
-465
2596
3542
5579
9321
9044
8796
11307
12541
12214
13157
13423
9658
7719
7061
1815
-3208
-6236
-10115
-13198
-13856
-15111
-16591
-13953
-10964
-9240
-5461
-2470
-157
4248
7558
7825
8360
9865
9779
10448
10805
8206
6466
6197
4336
343
-3054
-5740
-9012
-11085
-12963
-14874
-14364
-12892
-10559
-7383
-4615
-2199
449
3362
5283
8184
10274
9614
10998
13815
14063
13594
14440
12779
9032
8370
5930
-1183
-5771
-8223
-12143
-14884
-15751
-17411
-16522
-12489
-10784
-8092
-3322
-808
2446
7247
8878
8802
10640
12321
12774
12992
11078
8491
8363
6517
1494
-1982
-5100
-9182
-11780
-14101
-16546
-16614
-14760
-12727
-9415
-5732
-3821
-398
3341
4369
7482
10835
10629
11075
13864
15392
14423
15370
14760
9756
8557
7042
-205
-6284
-9538
-13325
-17120
-17556
-18533
-19568
-15042
-12087
-10085
-4587
-1622
908
5686
8908
8831
9120
12603
13094
12057
12503
10072
8564
7157
3102
-693
-5165
-8594
-11931
-15159
-16800
-18080
-16165
-13974
-11507
-7165
-4858
-1089
3063
5133
9029
11919
12444
13061
15678
17901
16289
17037
17116
12223
10263
8084
1537
-5277
-9891
-13290
-17789
-19110
-20073
-21252
-16533
-13629
-11787
-5975
-1969
939
5135
9294
10312
11061
14976
14529
13736
14461
11812
10089
7541
4029
-835
-6113
-8141
-12260
-16195
-17766
-18499
-15916
-14642
-12405
-8175
-5455
-2413
-324
3469
8440
10602
11826
13783
17830
19514
18803
20714
18524
14258
12569
8262
852
-6624
-11284
-15949
-19761
-20700
-23597
-22835
-17643
-15375
-12506
-7317
-2891
749
6171
9756
10274
14305
16291
15511
17501
16617
13154
11165
9582
4442
-1877
-4993
-9686
-14096
-16359
-19236
-18835
-16873
-15409
-12695
-9177
-6116
-4415
-127
5599
8268
9608
11923
16753
20079
20111
21720
21084
17463
15868
12910
5545
-2883
-8072
-12791
-17974
-20566
-24536
-25855
-21364
-18825
-17092
-12609
-7862
-3900
1533
6411
7535
10650
14687
15651
17368
17618
15557
14257
13430
9427
3107
-290
-4399
-9466
-12401
-16332
-18129
-17071
-16404
-14669
-11703
-9247
-8029
-3678
3008
5506
6411
9828
15217
18858
19506
21696
22049
19464
18688
16278
9920
2294
-3244
-7843
-13257
-17025
-21515
-23864
-20841
-19671
-19293
-15400
-11096
-7761
-3354
1353
3770
6850
10789
12485
14643
15826
14242
14207
14639
11156
6131
3337
201
-4387
-7889
-11120
-13551
-13844
-14460
-14846
-13058
-11933
-11692
-7438
-882
934
1241
6805
13439
16032
17930
20514
20254
19507
19706
15849
8920
3544
-1256
-6295
-10130
-14278
-19183
-19728
-17120
-17076
-16725
-14014
-11172
-7758
-4121
-2089
-177
3261
6488
9012
11563
12343
12494
14198
14562
11817
8227
5493
3038
-177
-4227
-7592
-8890
-9792
-11215
-11118
-10302
-10849
-9497
-3931
-127
-1130
-34
5975
10197
11455
14151
15425
14977
17152
17447
12427
7629
4955
1066
-3126
-6758
-12262
-15337
-14326
-15257
-16711
-15620
-14195
-12563
-8816
-5685
-5303
-2612
1855
4096
6293
7607
7764
9168
10655
9978
7343
5766
4777
3091
935
-2328
-4205
-4585
-5939
-7232
-8064
-9258
-9311
-5296
-1779
-3327
-2685
2825
6312
7316
9934
11107
10390
13561
15173
9958
6144
5685
3403
762
-1284
-6057
-8894
-7093
-8364
-11450
-11285
-11373
-11199
-8425
-7446
-8387
-5913
-1824
265
2801
4628
4971
7491
9704
8199
6146
5623
5287
4356
2155
-584
-1397
-1065
-2089
-3075
-3876
-5395
-3725
362
-4
-2368
-306
3624
4756
5190
6291
4809
4921
8792
8410
3587
1878
3060
2397
763
-1147
-4303
-4157
-2373
-4907
-7279
-7354
-7979
-7655
-6571
-7379
-7986
-5722
-3145
-1489
-199
-365
622
3980
4297
1927
1408
2046
2628
2434
726
-122
1379
1867
401
-75
-1032
-1616
2302
4159
846
344
3549
5292
5115
5236
3620
2042
5144
6245
1848
-1028
-664
-147
-396
-1080
-3635
-4661
-1346
-640
-2955
-3810
-4554
-3938
-2237
-3199
-5199
-4586
-2136
-923
-238
-472
-1549
553
2449
691
-789
-1034
-590
236
-193
-1491
-1137
1223
1894
1196
716
30
2868
6417
4478
1901
3226
5274
5362
5192
3741
506
1855
4421
997
-3191
-3748
-3275
-3062
-2303
-3725
-6263
-3541
-67
-1435
-3055
-3557
-3428
-1822
-1513
-3651
-4422
-2284
-642
79
366
-592
160
2322
1869
-176
-1797
-1987
-693
-442
-1820
-2279
-269
1710
2119
1769
1279
3894
8075
7340
4545
5134
6745
6435
5870
4533
651
2
2692
1004
-2973
-4124
-3869
-3006
-1200
-1827
-4557
-3016
395
-145
-1580
-2200
-2671
-1717
-1102
-2800
-4359
-3798
-2615
-1372
-867
-2070
-1763
246
116
-1072
-2033
-2913
-2288
-1286
-1681
-1768
-80
1502
2401
3010
2835
4716
8448
8457
6369
6474
6902
6123
5389
3512
-613
-1935
-207
-1805
-5140
-6011
-5799
-4956
-3150
-2808
-3947
-2211
1166
1847
1573
1334
775
1562
2261
232
-2456
-2715
-2142
-2193
-2584
-4111
-4627
-3484
-3623
-4435
-4824
-4862
-3873
-2276
-1630
-1324
785
3179
4368
5285
6228
8460
10934
10870
9903
9896
9663
8485
6967
3826
-694
-2284
-2498
-5635
-8917
-9809
-9551
-8597
-7011
-6168
-5596
-2900
135
1692
2702
2658
2825
4384
4965
3438
1887
1946
1830
742
-971
-3490
-4739
-5459
-7240
-8624
-9699
-10350
-9547
-7788
-6535
-5127
-1928
1081
3173
5831
8931
12290
14109
14545
15162
14656
13387
11896
9040
4670
1178
-682
-3901
-7487
-9594
-11361
-11563
-10314
-9553
-9005
-7501
-4961
-2525
-125
859
772
2871
5332
5949
5610
5300
5957
6316
4996
2539
399
-1379
-4174
-6503
-8576
-11498
-12869
-12527
-11432
-9948
-8276
-5436
-1877
1967
5776
9637
13105
14580
16160
17559
16663
15646
14010
10008
6063
4061
977
-4294
-7244
-8786
-11188
-11756
-11508
-11907
-11194
-9542
-8227
-6422
-3926
-2714
-1073
2287
4416
5498
6795
7936
8516
7958
6456
4890
3521
1044
-2213
-4477
-6932
-9383
-10581
-11458
-11432
-10136
-8655
-7094
-4294
-192
4127
7969
10347
12488
15430
16650
16520
16255
14065
10672
8644
6592
1961
-2401
-4605
-6721
-8301
-9371
-10887
-11072
-10096
-9892
-9747
-8192
-6414
-4891
-2343
-11
1416
3010
4966
6672
7212
6489
5497
5009
3946
1169
-1566
-3804
-6175
-7816
-9201
-10390
-10198
-8885
-7726
-6406
-3543
236
3336
5646
7957
10297
11204
11707
12520
10814
8026
7521
6723
3258
53
-1445
-2813
-3757
-4305
-5944
-7041
-6851
-7220
-7499
-6953
-6901
-6526
-4316
-2177
-1272
-123
1881
4271
5890
5480
4899
5414
4681
2563
729
-1291
-3052
-4076
-5007
-5381
-5408
-5414
-4838
-3375
-1536
536
2984
4488
5703
7725
8576
8756
9332
8363
6201
5616
5274
2440
-173
-747
-1312
-1876
-2045
-2769
-3122
-2760
-2988
-3694
-4136
-4441
-4553
-3839
-3017
-2862
-2658
-1376
570
1482
1213
1067
1292
1069
7
-1405
-2699
-3177
-3436
-4337
-4364
-3264
-2537
-2124
-759
1756
4103
5168
5426
6368
7584
6983
6046
5791
4029
1922
1704
1207
-1362
-3315
-3322
-3023
-3101
-3243
-3218
-2245
-944
-709
-723
-297
-163
-202
359
675
215
69
725
1058
570
-613
-1229
-1345
-2141
-3201
-4538
-5234
-5033
-4814
-4663
-4113
-2717
-1313
-242
1979
4581
6735
8014
8850
9975
9736
8839
7859
5858
3006
533
-781
-2671
-5409
-6783
-7177
-7017
-6598
-6178
-5313
-4040
-2318
-1244
-408
412
760
1661
2748
3171
2733
2266
3263
3602
1788
-147
-1281
-2532
-4283
-5573
-6733
-7932
-8000
-7488
-6915
-5765
-4421
-2552
145
3344
6536
9021
10958
12385
13197
12930
11907
10595
7446
3596
1750
-348
-3908
-6422
-7368
-7852
-8080
-7685
-7160
-5889
-4335
-3402
-1594
208
526
1550
3586
4705
4843
4895
5545
6378
6055
3921
2126
982
-1451
-4032
-5790
-7574
-9019
-9302
-8894
-8303
-7147
-5826
-4061
-652
2799
5377
7572
9555
11413
12253
11785
10790
9473
6676
3932
2445
-414
-4305
-6447
-7340
-8308
-9440
-9958
-9414
-7884
-6505
-5551
-3530
-1642
-358
1551
3522
4678
5268
6030
7135
7455
6172
4316
3054
1459
-1776
-4182
-5204
-6656
-8018
-8564
-8240
-7072
-5995
-5053
-2881
542
3665
5930
8232
9832
10963
11878
12072
11295
8829
6259
5250
3517
-409
-3807
-5150
-5831
-7316
-8626
-9234
-8825
-7831
-7305
-6015
-4415
-3498
-2096
245
2050
3035
3797
5367
6921
6772
4692
3017
2660
750
-2041
-4147
-5624
-6633
-7684
-7976
-7207
-6599
-6110
-4821
-1481
1673
3685
6000
8179
10133
10507
9991
9822
8879
6190
3950
3235
1095
-2548
-4274
-4667
-5554
-6675
-7305
-6570
-5475
-5133
-4857
-3346
-2106
-1511
-158
1668
2734
3195
4120
5186
5601
4749
3275
2101
766
-1471
-3343
-4156
-4735
-5569
-5899
-5170
-3828
-2668
-2514
-812
2646
5222
6426
7583
9426
10319
10143
9871
8670
5978
3567
2619
822
-3271
-6292
-6960
-6866
-7673
-8810
-8240
-6365
-4821
-4109
-3008
-1861
-1128
266
1894
2157
1889
2287
3717
4707
3719
1794
618
-77
-2262
-4914
-6454
-7380
-7590
-7098
-6691
-5659
-4229
-2979
-1084
1980
4924
6595
8293
10126
11189
11157
10550
10073
8380
5381
3919
2702
-416
-3578
-5200
-5661
-6504
-7102
-7060
-6118
-4701
-4089
-3063
-1572
-832
210
2035
3355
3756
3886
4821
5520
5048
3251
1272
-112
-2161
-4578
-6260
-7680
-8482
-8284
-7785
-6344
-4764
-3621
-1842
1227
4215
5918
7328
8814
9602
9920
9576
8385
6588
4008
2605
1270
-1505
-4312
-5849
-5743
-6070
-7090
-7553
-6989
-5548
-4774
-4000
-2666
-1773
-243
1505
2779
3578
3914
4697
5135
4778
3019
677
-706
-2592
-5207
-7448
-9155
-9525
-8984
-8099
-6368
-3885
-1461
261
3290
6624
8620
9957
11065
12014
11902
11182
10014
7957
5032
2663
1167
-1122
-4033
-5885
-6564
-6724
-7336
-7626
-6550
-5039
-3628
-2387
-690
616
1948
3788
5128
6136
6739
6841
6812
6171
4121
1466
-785
-3199
-6425
-8887
-10411
-11370
-11222
-10490
-9165
-6943
-4506
-2292
902
4908
7989
9403
10946
12534
12626
11707
10386
8720
5575
2449
628
-2146
-5663
-8140
-9220
-9475
-10212
-10362
-9293
-7356
-5570
-4246
-1942
18
1702
3962
5908
7424
8322
8985
9469
8901
7122
4471
1908
-1023
-4642
-7621
-10022
-11697
-12379
-12429
-11519
-9230
-6709
-4347
-544
3777
7242
9675
11836
13681
14391
14264
12898
10821
7994
4967
2746
-284
-3893
-6431
-7967
-9047
-10204
-10873
-10628
-9427
-8088
-6853
-4895
-2887
-669
1907
4249
6327
8172
9857
11038
10951
9384
7226
4781
1240
-2964
-6686
-9726
-11808
-13058
-13831
-13299
-11034
-8677
-6484
-2706
1648
5172
7649
9773
11605
12630
12812
11668
10192
8040
5537
3738
1166
-1949
-4160
-5299
-6346
-7859
-8838
-8933
-8258
-7242
-6573
-5561
-3900
-1745
475
2221
4143
6135
7939
9557
9846
8658
7289
5439
2636
-713
-3887
-6404
-8161
-9051
-9909
-9872
-8257
-6867
-4804
-1100
2561
5147
7036
9435
10842
11116
10993
9641
8030
6010
3894
1883
-864
-3093
-4479
-5200
-5731
-6683
-6935
-6567
-5885
-5340
-5258
-4325
-2791
-1300
330
1630
3118
4696
6123
7272
6880
5697
4432
2726
262
-3099
-5812
-7496
-8627
-9025
-9094
-8050
-6144
-4285
-1535
1764
4900
6931
8412
10295
10655
10208
9431
7398
4743
2006
-122
-2359
-4922
-6519
-7341
-7394
-7540
-7769
-7029
-6202
-5062
-3902
-3034
-1635
-181
1220
2835
4436
5695
6534
7970
8584
7270
5603
3652
1296
-1683
-4772
-7413
-9388
-9953
-10154
-9575
-7269
-5131
-2646
1249
5576
8600
9850
11778
13109
12811
11849
9568
6762
3666
859
-1775
-4967
-7236
-8637
-9075
-8984
-9466
-8948
-7851
-6580
-4963
-3754
-2313
-597
1633
3708
5112
6661
7694
8819
9744
8934
7262
4976
2391
-717
-4420
-7595
-10632
-12238
-12628
-12683
-11035
-8691
-5771
-1729
2776
7001
9705
12475
14838
15358
15465
13916
11259
8095
4374
1253
-2421
-5769
-8081
-9767
-10443
-11285
-11231
-10421
-9741
-8097
-6710
-5043
-2926
-749
2005
4415
6789
8633
10115
12047
12260
11052
9231
6375
3061
-1195
-5071
-8663
-11941
-13305
-14117
-13682
-11931
-9955
-6260
-1636
3024
6761
9707
13020
14559
15011
14459
12228
10071
7056
3876
832
-2619
-5334
-7881
-9204
-10252
-11510
-11163
-10810
-10034
-8963
-8078
-6057
-3978
-1453
1453
4012
6920
9208
11546
13066
12522
11506
9400
6633
3157
-1291
-4885
-8142
-10642
-12227
-13137
-11933
-10432
-8390
-4263
364
4587
7435
10433
13358
14192
14409
13019
10605
8455
5619
2778
-645
-3627
-5698
-7779
-8697
-9912
-10764
-10393
-10045
-8946
-8224
-7265
-5390
-3374
-698
1604
3836
6333
8779
10896
11022
10383
9446
7201
4379
443
-3530
-6809
-9403
-10945
-12355
-12232
-10925
-9134
-5508
-1497
2325
5572
8671
11702
12866
13422
12649
10368
8138
5236
2359
-733
-3699
-5503
-6931
-7508
-8082
-8401
-7847
-7608
-6987
-6530
-5946
-4681
-3424
-1283
1020
3189
5459
7688
10322
11347
10973
10420
8655
5983
2134
-1927
-5328
-8305
-10227
-11840
-11799
-10346
-8965
-5464
-658
3552
6821
9847
12914
14079
14253
13392
10831
8289
5157
1991
-884
-3904
-6030
-7352
-7544
-8117
-8949
-8421
-8167
-7761
-7188
-6899
-5867
-4940
-3534
-1296
1030
3392
5509
8193
9819
9757
9314
7818
5807
2688
-1427
-4849
-7673
-9686
-11351
-11883
-10725
-9509
-6607
-2105
2119
5675
8277
11135
13040
13420
12605
10175
8056
5861
2889
-153
-3133
-5059
-6465
-7214
-7411
-8083
-8025
-7611
-7162
-6694
-6507
-5592
-4265
-2537
-532
1393
3724
6125
8555
9956
10028
9957
8727
6557
3969
648
-2434
-5005
-7016
-8730
-9438
-8591
-7507
-5234
-1506
1977
4849
7301
9789
11139
11340
10674
8285
5675
3226
492
-2286
-4907
-6621
-7656
-7826
-7622
-7705
-6988
-6129
-5458
-4827
-4379
-3587
-2952
-2026
-589
718
1975
3323
5359
6801
6956
6684
5511
3929
1561
-1400
-3900
-6010
-7284
-8410
-8230
-6492
-5244
-2534
1627
5480
8506
10545
12777
13951
14043
12894
9522
6185
2882
-642
-3888
-6959
-8857
-10312
-10402
-9652
-9603
-8374
-6580
-4676
-3081
-2506
-1321
108
1590
3206
4577
6015
6959
8244
8972
8048
6610
4312
1611
-1429
-4989
-8111
-10392
-11314
-11920
-11575
-9341
-6929
-3100
1951
6470
10389
13415
15908
17111
17197
15638
11827
8231
4548
85
-4142
-8200
-11323
-13470
-14307
-14431
-14647
-13622
-11974
-10002
-7920
-6220
-3906
-1244
1402
4147
6858
9389
11320
13356
14254
13154
11408
8554
5014
904
-3764
-8003
-11305
-13424
-15113
-15267
-13370
-11250
-7513
-1847
3498
8030
12098
15878
18138
19213
18876
16189
13157
9874
5690
1284
-2999
-6784
-9918
-11711
-13151
-14847
-15263
-14997
-14219
-12889
-11626
-9571
-6772
-3406
422
4337
8001
11189
14488
16497
16298
15073
12743
9310
5082
103
-5021
-9066
-11868
-14351
-15345
-14731
-13445
-10142
-5349
-785
3340
7487
11305
14118
16269
16230
14180
12481
10469
7485
3983
525
-2416
-4810
-6352
-8065
-9873
-10927
-11715
-11954
-12172
-12214
-11268
-9618
-7085
-3793
-115
3432
7246
11229
13453
14313
14381
13106
10635
6970
2745
-1791
-5501
-8284
-11173
-12314
-12066
-11217
-8428
-4566
-743
2491
5773
8974
10860
12338
12141
10235
8873
7273
5024
2312
-64
-1756
-3376
-4201
-5576
-7173
-7936
-9014
-9679
-10180
-10482
-10051
-8931
-6562
-3902
-779
2549
5475
9078
11270
11876
12067
10878
8578
5165
1628
-2085
-5579
-7705
-9958
-10631
-9845
-9137
-6180
-2127
1219
3869
6869
9973
11378
12519
12175
9948
8342
6267
3617
933
-1561
-3363
-4639
-5113
-6213
-7416
-7728
-8346
-8693
-9122
-9394
-8886
-8067
-6186
-3692
-809
2138
4958
8276
10139
10681
10715
9546
7695
4681
1194
-2287
-5437
-7615
-9771
-10542
-10354
-9529
-6275
-2566
759
3906
7111
9941
11337
12574
11931
9831
8458
6403
3905
1327
-888
-2552
-3669
-4018
-5243
-6141
-6358
-7127
-7379
-7971
-8470
-8212
-7518
-5828
-3673
-1039
1430
4556
8039
9349
10070
10394
9543
7791
4939
1841
-1668
-4317
-6567
-8891
-9267
-9539
-8746
-5711
-2439
617
2891
5847
8622
10017
11000
10039
8550
7077
5113
3362
592
-1583
-2884
-3861
-4109
-5368
-6203
-6401
-7060
-7452
-8239
-8464
-8194
-7569
-5790
-3865
-1380
1299
4141
7530
9308
9695
9667
9293
7851
4721
1921
-619
-3052
-5093
-7293
-7859
-7861
-7825
-5661
-2575
175
2164
4552
7328
8814
9849
9437
7957
6746
4978
3189
1023
-1173
-2707
-3619
-3556
-4393
-5392
-5468
-5808
-6066
-6642
-7023
-6920
-6562
-5280
-3790
-2162
-318
1870
4728
6550
7260
7592
7366
6577
4372
1692
-558
-2466
-3873
-5557
-6298
-6078
-5846
-4106
-1381
1361
3385
5140
7553
8760
9181
8778
7050
5552
3764
1785
-271
-2164
-3465
-4652
-4560
-4618
-5024
-4393
-4203
-4087
-4005
-4216
-4249
-4294
-3635
-2617
-1444
25
1365
3594
5473
6112
6401
6022
5265
3648
1505
-625
-2777
-3971
-5080
-5627
-5114
-4908
-3187
-99
2762
4821
6209
8333
9428
9598
8944
6422
4197
2134
-254
-2691
-5241
-6788
-7484
-6912
-6487
-6840
-5928
-5130
-4506
-3846
-3796
-3616
-3332
-2538
-1740
-1051
270
1620
3604
5294
5584
5821
5414
4398
2690
242
-1828
-3818
-5015
-5827
-6276
-5364
-4616
-2995
211
3482
6320
8110
9992
11052
11120
10783
8311
5762
3506
691
-1733
-4160
-6180
-7573
-7444
-6803
-7000
-6244
-5534
-4715
-3283
-3075
-2866
-2070
-1087
76
1241
2599
3539
5101
6703
6710
6556
5676
4194
2669
-139
-2681
-4820
-6518
-7271
-7778
-6981
-5965
-4622
-1732
1453
4939
7230
9024
11138
11501
11474
10221
7599
5069
2053
-580
-3424
-6198
-8279
-9684
-9397
-9464
-9401
-8332
-7668
-6150
-4880
-4207
-3276
-2260
-537
998
2549
3914
4718
6370
7373
7324
6893
5264
3758
1597
-1390
-3986
-6304
-7140
-7771
-7804
-6286
-5083
-2832
406
3794
6892
8542
10704
12192
12448
12204
9964
7625
4913
1756
-857
-3952
-6520
-8548
-9350
-9164
-9542
-8892
-7828
-6567
-4802
-3851
-2786
-1780
-477
1126
2191
3586
4596
5954
7647
7838
7476
6385
4713
2828
21
-2695
-5766
-7758
-8180
-8908
-8243
-6804
-4987
-1905
1509
5349
8054
10012
11818
12183
12338
10975
8207
5465
2275
-371
-3553
-6668
-8584
-10042
-10282
-10487
-10324
-9272
-8304
-6678
-5367
-4061
-2592
-1608
241
1984
3267
4491
5648
7559
8444
8129
7413
5919
4071
1097
-1979
-4761
-7451
-8399
-8730
-8483
-7020
-5484
-2910
692
4595
7796
9794
12019
13037
12965
12401
9862
6932
3998
1201
-1531
-4890
-7397
-9088
-9587
-9643
-10161
-9297
-8227
-7125
-5536
-4420
-2882
-1654
-165
1849
3341
5009
6138
7373
8601
8327
7651
6234
4271
1933
-1611
-4503
-6949
-8817
-9420
-9644
-8394
-6643
-4820
-1756
1959
5868
8362
10129
11963
12331
12369
11289
8503
5673
2538
-211
-2957
-6076
-8701
-10462
-10587
-10913
-11067
-9850
-8762
-7064
-5254
-3786
-1993
-583
1147
2994
4510
5801
6773
8303
9107
8814
8018
6086
3959
1123
-2446
-5384
-7843
-9030
-9277
-8786
-7065
-5087
-2779
226
4262
8064
9934
11592
13042
12982
12325
10719
8115
5088
2139
-580
-3517
-6251
-8734
-10213
-10322
-10571
-10480
-9493
-8282
-6726
-5221
-3651
-2030
-345
1428
2892
4385
5372
6161
7372
7590
6655
5354
3601
1229
-1800
-4831
-7558
-9455
-10005
-9864
-9063
-7164
-4795
-2367
782
4624
8203
10469
11850
12828
12825
12011
10371
7680
4446
1450
-1116
-3781
-6440
-8644
-10149
-10323
-10201
-9861
-8612
-7161
-5331
-3280
-1439
179
1677
3502
5253
6511
7404
7869
8596
8755
7484
5817
3456
517
-2463
-5511
-8010
-10014
-10651
-10042
-9042
-6678
-4108
-1484
2002
5618
9196
11042
12175
13211
12720
12061
10197
7132
3908
622
-1928
-4936
-7908
-10338
-12060
-11923
-12138
-12094
-10622
-9088
-6720
-4380
-2381
-371
1540
3682
5163
6523
7522
7847
8799
8826
7451
5625
3006
154
-3235
-6567
-9208
-11255
-11702
-11175
-9733
-6984
-4009
-730
2852
6871
10771
12813
14145
15006
14623
13657
11558
8585
5256
1886
-1123
-4347
-7571
-10430
-12075
-12126
-12390
-12162
-10650
-8725
-6098
-3594
-1374
956
3056
5188
6905
8264
9195
9456
10007
9767
8154
5967
2849
-498
-4275
-8199
-10914
-12933
-13688
-13281
-11867
-8856
-5887
-2978
688
5015
9273
11729
13446
14591
14537
14106
11982
8892
5750
2085
-1116
-4307
-7798
-11133
-13169
-13250
-13537
-13411
-11940
-9927
-7038
-4510
-2034
854
3135
5511
7778
9533
10707
11167
11458
10882
9257
6797
3426
56
-3924
-8258
-11310
-13398
-14236
-13735
-12136
-9186
-5901
-2744
729
4942
9171
11798
13520
14685
14907
14789
13403
10962
8006
4115
589
-2587
-6242
-9891
-12418
-13148
-13651
-13831
-12713
-10757
-7838
-4905
-2107
1004
3360
5536
7914
9535
10255
10472
10594
10006
8511
6170
2799
-742
-4374
-8311
-11298
-13169
-14061
-13619
-12146
-9492
-6162
-2990
421
4525
8632
11589
13428
14561
14573
14283
13469
11033
8016
4426
619
-2644
-6340
-10448
-13750
-15151
-15528
-15500
-14105
-11765
-8477
-4636
-1216
2344
5470
7900
10213
11829
12329
12068
11836
11151
9410
6691
3045
-747
-4523
-8409
-11552
-13707
-14732
-14241
-12613
-10102
-6762
-3257
-209
3521
7880
11187
13439
14816
15067
14764
14113
12051
8777
5114
981
-2893
-6510
-10750
-14546
-16596
-17193
-17080
-15825
-13140
-9567
-5336
-1338
2620
6579
9274
11279
13026
13622
13232
12505
11488
9627
6850
3285
-850
-4728
-8829
-12704
-15020
-16273
-16412
-15024
-12583
-9353
-5461
-1577
2045
6289
10357
13196
15408
16465
16396
16067
14875
12222
8589
4313
-210
-4371
-8689
-13373
-16796
-18347
-18750
-17771
-15163
-11355
-6842
-2113
2533
6898
10182
12147
13814
14918
14355
12870
11570
10051
7672
4288
334
-3613
-7569
-11480
-14611
-16585
-17556
-17132
-15078
-11969
-8468
-4624
-640
3548
7814
11441
14546
16641
17214
17005
16522
14845
11353
7145
2647
-1795
-5747
-10126
-14578
-17503
-18461
-18134
-16343
-12841
-8893
-4392
835
5438
9217
11874
13386
14645
14886
13574
11904
10906
9094
5846
2615
-929
-5099
-9265
-12843
-15783
-17815
-18287
-17259
-14840
-11541
-7751
-2996
1297
5061
9412
13280
16172
17450
17380
16766
15792
13791
9813
5439
1287
-3247
-7411
-11703
-15840
-18212
-18668
-17892
-16069
-12679
-8429
-3514
1754
5782
9174
11898
13329
14528
14854
13605
11781
10056
7831
4815
1720
-2050
-6253
-9847
-13060
-15424
-16872
-17464
-16179
-13400
-10142
-6280
-1667
2290
5478
9352
12698
14650
15564
15281
14457
13443
11479
7990
3953
150
-3723
-7525
-11395
-15232
-17815
-18286
-17073
-14723
-10975
-6356
-1443
3690
7972
11143
13381
14485
14962
14582
12922
10612
8597
6622
3648
141
-3582
-7577
-10971
-13707
-15879
-17081
-16971
-15120
-11950
-8302
-4256
348
4415
7379
10579
13360
14926
15725
15145
13507
12007
10572
7693
3958
629
-3268
-7038
-9926
-13219
-15994
-16592
-15446
-13308
-9896
-5612
-1273
3700
8088
10867
12975
13965
13794
13196
11539
8862
6311
4014
1155
-2203
-5564
-9147
-12027
-14080
-15813
-16468
-15885
-13931
-10623
-6956
-3452
619
4664
7133
9165
11346
12475
13085
12872
11288
9776
8960
7377
4389
1608
-1304
-4752
-7346
-9854
-12804
-14292
-13229
-11126
-8436
-4468
-349
3909
8229
10997
12677
13683
13335
12247
10731
8004
4604
2210
-188
-3658
-6803
-9407
-11535
-12938
-14155
-14726
-14062
-12212
-9359
-5963
-2663
380
4032
7188
8537
9623
10388
10622
10645
9392
7338
5770
5223
3978
1436
-728
-3260
-5849
-7495
-9414
-11603
-12327
-10598
-8327
-5588
-1750
1690
5717
9186
10560
11490
11471
10254
8762
6546
3432
485
-1135
-3070
-5578
-7336
-9214
-10094
-10180
-10781
-10660
-9560
-7514
-4807
-2209
239
3024
6319
7793
7677
8168
8075
7817
7391
5892
4500
3674
3974
3653
1846
429
-1044
-2432
-3787
-5772
-7594
-8134
-6652
-5104
-3271
-8
2802
5859
8335
8752
8905
8311
6580
4702
2508
-373
-3412
-4614
-5597
-7787
-8723
-9213
-9158
-8564
-8566
-7577
-6212
-4520
-2283
-295
1699
3163
4992
6011
5057
4732
4606
4619
4519
3473
3066
3209
4603
5510
4466
3916
3097
1691
217
-2030
-4345
-5929
-5477
-4473
-3673
-1464
632
3227
5714
5930
5922
5797
4516
2692
494
-1768
-3821
-4714
-5370
-6389
-6132
-5634
-5069
-4231
-4001
-3518
-2925
-2412
-1551
-766
-147
405
1181
1469
793
376
533
1253
2102
2480
3327
4396
5964
8039
8196
7293
6816
5539
3337
849
-2138
-5027
-5902
-5858
-6217
-5132
-3451
-2111
-142
940
865
938
543
-740
-1928
-2882
-3872
-4006
-3470
-2796
-2322
-2163
-1581
-835
-1136
-2084
-2220
-2561
-3153
-2709
-2525
-2468
-1695
-1210
-854
-732
-385
1179
3269
4865
6139
7672
8941
11003
12908
11828
10307
9580
7178
4019
713
-3368
-6402
-7374
-8133
-8672
-7570
-6279
-4632
-2020
-806
-403
823
1265
962
673
82
-242
-116
348
718
822
645
153
-330
-1712
-3335
-4290
-5668
-6351
-6304
-6286
-5402
-4217
-2797
-1510
-776
548
2724
4961
6364
8121
10075
11154
12874
13307
11407
9816
7933
4739
1047
-2786
-6940
-10238
-11584
-12709
-12885
-11094
-8925
-5892
-2637
-557
1191
3057
4209
4236
3951
3492
3093
3121
2503
2041
1784
655
-331
-1607
-3445
-5110
-6209
-6967
-7397
-6461
-5311
-4262
-2431
-690
1054
2197
3456
5668
7590
9094
10063
10906
11277
11573
11313
9093
6923
4773
1151
-2507
-6144
-10117
-12986
-14099
-14331
-13506
-10912
-7759
-4176
-490
2057
4052
5925
6702
6551
6023
4842
3562
2409
829
-293
-1259
-2971
-4180
-5056
-6308
-7197
-7102
-6604
-5889
-4408
-2791
-869
1361
2730
3989
4785
5228
6881
8221
8357
8393
8735
8496
8210
8128
5912
3389
2229
-503
-3904
-6751
-9855
-12078
-12562
-12128
-11128
-8248
-4751
-1693
1914
4761
6448
7761
7959
7127
5629
3529
1325
-301
-1931
-3722
-4304
-4716
-5216
-4875
-4864
-5092
-4453
-3431
-2509
-1258
270
1638
3016
3941
4440
4830
4221
3971
4475
4378
4022
4054
4078
3770
4258
4168
2985
2445
1365
-654
-2356
-4400
-6740
-7986
-7963
-7393
-5897
-3571
-1395
1107
3263
4460
5107
4826
3955
2799
903
-1397
-3069
-3937
-4640
-4711
-3954
-3397
-2347
-1074
-400
253
788
1308
1486
1506
1812
1970
1972
1455
960
372
-628
-516
-161
-230
7
558
1448
2749
4352
4948
5108
5587
5006
3660
2012
-368
-2757
-4415
-5556
-6151
-5732
-4691
-3487
-1719
-272
267
860
1146
796
228
-514
-1265
-1637
-1446
-1191
-555
603
1255
1683
2200
2395
2036
1359
967
141
-947
-1608
-2185
-2755
-3539
-4009
-4441
-4953
-4434
-3420
-2169
-563
1404
3745
6377
9084
10235
10523
10811
9363
6654
3637
-128
-4046
-6746
-8502
-9928
-9803
-8684
-7296
-4696
-2471
-1318
261
1505
1707
1643
1532
1119
1138
1738
1883
2247
3186
3456
3193
2854
2137
994
-607
-2200
-3640
-4986
-5693
-5798
-5886
-5870
-5330
-4644
-3662
-1767
151
2103
4631
7035
9107
11294
13314
13764
12899
11646
9154
5384
1354
-2889
-7161
-10272
-11896
-12502
-11656
-9802
-7803
-4892
-1821
177
1829
3361
4128
4424
4596
4198
3767
3743
3145
2287
2018
1355
159
-968
-2112
-3402
-4915
-6175
-6920
-7351
-7378
-6738
-5553
-4367
-2831
-1036
204
2034
3950
5305
7136
8677
9392
9944
10982
11017
9501
8133
6056
2775
-391
-3775
-7342
-10057
-11351
-11722
-11149
-9346
-7296
-4294
-700
1761
3697
5367
6074
6187
5487
3860
2301
1284
92
-1348
-2137
-2676
-3037
-3105
-3459
-3792
-4153
-4639
-4497
-4073
-3711
-2877
-1627
-388
875
1945
2226
2607
3449
3502
3578
4051
4227
4642
5666
7011
7430
7080
6835
5980
3974
1234
-1674
-4459
-6488
-7632
-8209
-7714
-6250
-4483
-2194
-50
1175
1959
2384
2009
707
-966
-2494
-3468
-4148
-4622
-4161
-3235
-2209
-772
241
704
1332
1617
1341
956
418
-163
-114
49
-173
-226
-477
-1019
-1342
-1740
-2088
-1557
-561
736
2555
4890
7622
9670
10810
11367
10959
9157
6527
3579
77
-3127
-5566
-7512
-8282
-8376
-8092
-6701
-5193
-4318
-3534
-2549
-2000
-2131
-2243
-2280
-1723
-495
586
2104
3733
5115
6586
7148
6809
5832
4304
2575
565
-1583
-3549
-4723
-5439
-6252
-6553
-6538
-6616
-6477
-5831
-4676
-3120
-750
2446
5597
8968
12776
15352
16441
16765
15699
12498
8164
3480
-2100
-7515
-11812
-15110
-16847
-17278
-16737
-14453
-11333
-8520
-5501
-2098
524
2272
3854
4871
5765
6694
7170
7763
8397
8455
8360
7783
6229
4000
1381
-1481
-4464
-7125
-9236
-10347
-10437
-10234
-9413
-7843
-6282
-4704
-2674
-260
2275
4954
7977
11079
13828
16331
17970
18009
16792
14366
10176
4528
-1670
-8171
-14197
-18646
-21491
-22474
-21302
-18530
-14164
-9015
-4310
268
4418
7347
9046
9771
9818
9256
8436
7533
6672
6035
5134
4305
3414
1731
-196
-2410
-4804
-6995
-9065
-10376
-10728
-10301
-9045
-7123
-4738
-2339
39
2329
4549
6802
8312
9676
11364
12437
12943
13337
13012
11287
8992
6282
2150
-2713
-7178
-11164
-14487
-16532
-16935
-15888
-13390
-9792
-5703
-1383
2456
5453
7843
9188
9275
8538
7296
5773
4284
3001
2099
1581
1074
744
451
-321
-1604
-3076
-4496
-5962
-7014
-7483
-7556
-6810
-5367
-3519
-1537
-116
944
1714
2253
2762
2903
3090
3609
4602
5775
7082
8544
8789
8252
7511
5192
1824
-1594
-5184
-8492
-10767
-11975
-12191
-10861
-8581
-6059
-2997
-366
1311
2857
3825
3909
3602
3157
2812
2727
2848
3149
3835
4412
4470
4374
3926
2870
1245
-869
-2901
-4470
-5895
-7051
-7350
-7175
-6868
-5884
-4684
-3946
-3207
-2255
-788
1031
2696
4472
6849
9569
11768
13457
14195
13629
12449
10183
6295
1728
-2799
-7176
-10897
-13351
-14764
-14866
-13305
-11116
-8480
-5391
-2512
261
2835
4495
5438
6369
7257
7678
7859
7867
7625
7326
6299
4636
2818
485
-2298
-5191
-8001
-10569
-12537
-13582
-13673
-12676
-10949
-8767
-5751
-2761
-359
1818
3911
6153
7813
9082
10681
12239
13520
14286
14543
13917
12166
9548
5729
981
-4154
-9401
-13776
-16860
-18665
-18976
-17469
-14159
-10118
-5603
-741
3729
7626
10530
12311
13213
13132
12400
11041
9149
6968
4474
2251
69
-2295
-4580
-6865
-8875
-10687
-12151
-12859
-12836
-11839
-9804
-6955
-3646
-295
3069
5975
8007
9129
9470
9699
9495
8888
8470
8052
7763
7396
6768
5756
4137
2111
-431
-3611
-7113
-10526
-13277
-15097
-15684
-14888
-12858
-9436
-5260
-816
3596
7348
10292
12101
12600
11956
10336
8111
5467
2664
-34
-2656
-4643
-5986
-7142
-7732
-7706
-7395
-7024
-6600
-5864
-4755
-3369
-1729
211
2268
4168
5956
7230
7524
7060
5964
4726
3429
1708
451
-94
-8
762
1715
2566
3070
3194
2887
1616
-581
-3096
-5479
-7621
-9292
-9968
-9515
-7838
-5187
-2216
1041
4154
6491
8162
8861
8357
6917
4986
2644
64
-2083
-3639
-4419
-4349
-3997
-3303
-2182
-1291
-757
-618
-947
-1335
-1617
-1861
-1708
-946
-5
1001
2053
2653
2619
2163
1218
102
-795
-1579
-1822
-1174
130
1721
3747
5866
7127
7655
7604
6206
3555
462
-2884
-6174
-8560
-9822
-10218
-9241
-6917
-3930
-598
2500
4923
6697
7520
7220
6126
4577
2776
1063
-288
-1471
-2123
-2113
-1907
-1570
-1277
-1257
-1392
-1691
-2261
-2943
-3465
-3610
-3273
-2514
-1500
-276
990
1907
2093
1524
523
-596
-1396
-1954
-2244
-1652
107
2317
4461
6624
8108
8661
8514
6903
3720
149
-3424
-6970
-9629
-11020
-11293
-9967
-7275
-4108
-476
3198
6165
8357
9481
9329
8130
6282
4075
1784
-277
-1964
-3011
-3335
-3396
-3230
-2900
-2616
-2485
-2745
-3084
-3316
-3510
-3400
-2733
-1663
-408
974
2278
3211
3587
2922
1516
-215
-1981
-3308
-4308
-4559
-3412
-1226
1154
3875
6773
8629
9429
9622
8190
5157
1909
-1296
-4553
-6988
-8235
-8409
-7046
-4620
-1974
982
3823
5691
6710
6755
5501
3527
1360
-1028
-3209
-4795
-5850
-5971
-5199
-4215
-2877
-1135
191
1010
1549
1530
1112
681
83
-378
-323
-208
-107
78
-105
-713
-1770
-3308
-4954
-6216
-6843
-6773
-5708
-3514
-202
3811
7898
11529
14053
15201
15175
13360
9637
5179
656
-3760
-7396
-9813
-11054
-10697
-8920
-6435
-3487
-476
1944
3710
4714
4524
3399
1945
405
-960
-1846
-2178
-1725
-630
622
1767
2645
3068
2853
1992
575
-1183
-2807
-4090
-4950
-5155
-4914
-4304
-3360
-2609
-2200
-2152
-2566
-3207
-3703
-3583
-2840
-1450
906
4351
8216
11617
14538
16388
16389
14873
11833
6878
1160
-4241
-9341
-13559
-15969
-16677
-15631
-12618
-8823
-4677
-91
3889
6883
9083
9715
8912
7597
5644
3085
649
-1440
-3059
-3736
-4033
-4123
-3441
-2674
-2338
-2042
-2002
-2325
-2564
-2731
-2862
-2544
-1748
-794
339
1339
1955
2491
2440
1421
6
-1329
-1946
-1868
-1649
-763
1552
4526
7127
9429
10742
10617
9896
8014
4223
-142
-4083
-7564
-9959
-10981
-10957
-9280
-5799
-1998
1621
4881
7232
8756
8933
7177
4364
1331
-1939
-4974
-7361
-9040
-9350
-8070
-6066
-3674
-991
1507
3618
4975
5091
4444
3562
2376
1107
-124
-1040
-1236
-1224
-1552
-2041
-2581
-3498
-4936
-6594
-8179
-8644
-7744
-6421
-4109
-236
4414
9074
13313
16409
17751
17859
16616
12993
7830
2554
-2525
-7061
-10521
-12711
-13153
-11517
-8905
-6145
-2986
-49
2046
3422
3386
2101
698
-806
-2369
-3371
-3655
-3166
-1398
1203
3462
5334
7162
8324
8263
6709
4014
1226
-1643
-4750
-7318
-8783
-9154
-8563
-7330
-5755
-4273
-3051
-2137
-1790
-2083
-2564
-1960
-334
1251
3461
7187
11523
15133
18035
19712
19177
17250
13855
7838
645
-6008
-12196
-17188
-20059
-21300
-20441
-16653
-11814
-7047
-1928
2571
5934
8398
8972
7819
6369
4517
2132
289
-900
-1737
-1303
-46
841
1622
2330
2381
1676
50
-2260
-4354
-6146
-7786
-8602
-8298
-7272
-5330
-2812
-609
1293
2980
3947
3921
3222
2202
1701
2228
2870
3559
5527
8518
11014
12701
13693
12752
10269
7420
2780
-3795
-9809
-14144
-17343
-18900
-18566
-16568
-12108
-6118
-729
4280
8773
11445
12631
12290
9889
6482
3139
-281
-3216
-5030
-6093
-5805
-3816
-1737
-160
1387
2336
2449
1623
-305
-2438
-3991
-5296
-6295
-6099
-4809
-2813
-160
2329
4355
6007
6623
6066
4623
2230
-583
-2317
-2578
-2723
-2441
-148
3470
6479
8756
10518
10519
9098
7279
3513
-2032
-6739
-10182
-12769
-13789
-13379
-11552
-7325
-2052
2115
5846
9152
10456
10226
8677
5241
1278
-1992
-4847
-6718
-7098
-6675
-4990
-1742
1172
3067
4696
5486
5023
3542
1076
-1671
-3735
-5212
-6254
-6083
-4823
-3007
-458
1838
3148
3795
3491
2224
272
-2291
-5045
-6798
-6420
-5122
-3771
-802
3908
8209
11131
13513
14286
12722
10616
7072
1043
-4536
-8414
-11699
-13398
-13080
-11881
-8705
-3513
494
3438
6569
7983
7782
6953
4319
860
-1555
-3801
-5656
-5914
-5466
-4305
-1580
926
2310
3715
4424
3843
2576
284
-2350
-4009
-5276
-6128
-5721
-4305
-2213
556
3174
5019
6184
6128
4963
3333
695
-2625
-5574
-7334
-6612
-4760
-3219
66
5310
9387
11975
14488
14492
11934
10010
6487
145
-4983
-8342
-11157
-11934
-10976
-9631
-6077
-1085
1876
4188
6467
6284
5082
3574
22
-3876
-6507
-8652
-9650
-8939
-7753
-5511
-1467
1849
3858
5713
6521
6444
5490
2978
518
-951
-2371
-3260
-2860
-1949
-688
1190
2690
3285
2949
1477
-363
-2517
-5543
-8091
-9343
-9828
-8082
-3807
178
4301
10497
16031
18624
20313
20251
16167
11298
6943
148
-7132
-11578
-14496
-16066
-15056
-13135
-10365
-5413
-1185
1062
3286
4067
2776
1766
251
-2498
-4074
-4313
-4159
-2739
-600
1366
4267
7111
7937
7805
7243
5506
3071
16
-3290
-5566
-6977
-7943
-7724
-6419
-4736
-2499
-83
1541
2503
2875
2604
2035
737
-983
-1813
-2088
-2581
-1409
1915
4121
5293
7889
10086
9883
9272
8081
4245
628
-1307
-4900
-8946
-10289
-10427
-9880
-7467
-5233
-3439
62
2910
3513
4088
3878
2137
977
-356
-2738
-3912
-3675
-3504
-2565
-960
130
1994
4297
4947
4690
4350
3433
2285
675
-1426
-2837
-3319
-3766
-3859
-2897
-1544
56
1761
2787
3286
3240
2597
1606
-250
-2578
-4035
-4578
-5322
-5850
-3687
54
2436
4905
8821
11756
12647
13385
12477
8679
5698
3100
-2113
-6941
-9678
-12063
-12803
-11699
-11239
-9801
-5926
-3073
-1300
1045
1892
1896
2763
2413
1061
790
807
979
2144
2702
2672
4026
5150
4491
3621
2716
1258
-68
-1834
-3750
-4347
-4166
-3923
-3002
-1412
67
1640
2927
3112
2870
2047
315
-1204
-2903
-4972
-5646
-5120
-5133
-4877
-1649
2544
4268
5660
8431
10138
9598
8700
6820
2904
213
-1354
-5063
-8286
-8798
-8914
-8354
-6324
-5178
-4129
-992
918
823
1545
1378
285
816
608
-1046
-871
363
1015
2327
3520
3806
5243
6601
5845
4934
3972
2110
791
-588
-2655
-3636
-3745
-4013
-3653
-2947
-2523
-1656
-589
-362
-440
-638
-1308
-1766
-2481
-3260
-2709
-1869
-1560
-772
1074
4082
6127
6113
6676
8290
7794
5889
5211
2776
-1149
-2156
-3361
-7117
-8878
-8771
-8941
-7547
-5907
-5634
-3043
794
1601
2650
4883
4799
4749
5526
4082
2703
2764
1777
1165
1555
492
-227
1082
1286
521
615
56
-435
-433
-1947
-3334
-3107
-3239
-3343
-2389
-1584
-689
820
1646
1847
2124
1676
908
272
-1104
-2424
-3047
-3593
-3663
-3658
-3668
-1086
2207
2575
3290
6145
7012
6284
6932
5439
1928
1413
918
-2621
-4757
-4895
-5432
-4738
-3546
-3856
-2657
247
972
1058
2007
1633
1236
1928
1218
1
85
164
608
1635
1455
985
2059
2673
1769
682
-432
-1294
-1949
-3563
-4934
-4768
-4453
-4215
-3429
-2465
-1314
128
1047
1585
1942
1582
1237
1240
533
-521
-972
-1084
-899
-773
-1566
-1413
1319
2690
1378
1808
3975
4171
3656
4189
3178
1405
1831
1563
-1028
-2456
-2535
-2593
-1831
-1545
-2452
-1312
1035
1009
673
1273
867
866
1367
135
-1003
-810
-950
-883
-184
-447
-484
1080
1770
1131
928
919
979
742
-598
-1493
-1134
-1314
-1999
-2072
-1985
-1733
-1041
-854
-962
-779
-977
-1050
-893
-1602
-2286
-1825
-1405
-1233
-706
-398
213
2580
4474
4111
4476
6119
6367
5518
5261
3807
1284
656
419
-2009
-3930
-3936
-3848
-3551
-3234
-3519
-2610
-631
-469
-618
420
375
-27
811
807
133
688
1199
1176
1612
1576
1108
1587
1502
245
-463
-688
-1447
-2094
-2665
-3265
-3052
-2613
-2427
-1838
-1131
-948
-320
502
470
14
-163
-358
-735
-1205
-1828
-1979
-1623
-1349
-995
-271
333
781
2217
3656
3562
3627
4785
5234
4633
4560
4052
2780
2540
2265
348
-1081
-1418
-2156
-2716
-2887
-3676
-3972
-2968
-2740
-2910
-2329
-2004
-1506
-5
706
798
1797
2660
2935
3394
3417
2753
2634
2342
1376
420
-648
-1613
-2013
-2707
-3633
-3747
-3746
-3831
-3424
-3135
-2967
-2273
-1635
-1114
-352
40
296
1138
1618
1490
1958
2622
2737
2883
2924
2326
1525
1450
1827
1167
-10
125
736
149
-167
322
-166
-386
670
119
-1376
-1172
-1200
-1909
-1419
-1255
-1593
69
1704
1690
2465
3433
3303
3669
3433
1748
1020
275
-1849
-2887
-3233
-4556
-4859
-4087
-3846
-3170
-2082
-1321
37
1005
726
1261
2260
1950
1499
1423
1056
906
613
-71
-188
-260
-661
-439
-300
-818
-832
-681
-1173
-1460
-1643
-1948
-1711
-1622
-1429
223
1600
1995
3577
5452
5794
6219
6794
5364
3661
2984
979
-1841
-3447
-4780
-5942
-5914
-5952
-5925
-4266
-2533
-1825
-483
783
905
1274
1546
872
413
267
-193
-228
-113
-298
85
806
878
770
834
640
360
-229
-1177
-1635
-1676
-1927
-1862
-1205
-374
399
1301
2267
2813
3007
3243
3207
2318
1328
820
344
-293
-985
-1459
-1207
-568
-531
-888
-380
767
927
523
1022
1670
1510
1809
2558
2077
1402
1788
1477
179
-755
-1712
-2604
-2824
-3587
-4586
-4064
-3268
-3179
-2405
-1323
-816
84
810
536
437
389
-269
-484
-441
-1045
-1068
-151
470
943
1635
2236
3023
3450
2792
2143
1869
1054
60
-708
-1368
-1553
-1304
-1029
-484
224
639
1190
1624
1326
739
145
-684
-1473
-2260
-3087
-3164
-2673
-2286
-1643
-155
1568
2702
3547
4623
5284
4905
4347
3568
1896
399
-457
-1868
-3214
-3575
-3809
-3678
-2913
-2621
-2409
-1521
-1085
-1159
-881
-871
-910
-195
199
264
1144
1941
2333
3161
3431
2787
2587
2313
1175
-19
-1119
-2207
-2677
-3033
-3779
-3675
-2761
-2249
-1824
-1067
-408
267
915
1099
1195
1371
1315
1327
1437
1119
829
1001
977
600
332
49
-166
-294
-777
-1312
-1138
-645
-499
-322
373
1234
1894
2552
2986
2825
2538
2709
2310
989
-41
-741
-1496
-1951
-2492
-3121
-2845
-2133
-1945
-1750
-1306
-1059
-606
-295
-578
-702
-642
-737
-557
-429
-604
-121
685
945
1214
1663
1834
1926
1766
1148
692
233
-495
-853
-1046
-1478
-1346
-724
-391
-32
449
819
1243
1417
953
523
290
-352
-1017
-1385
-1713
-1708
-1393
-1169
-796
-265
440
1422
1957
1901
2344
2928
2702
2528
2534
1918
1530
1655
1081
380
256
-145
-624
-744
-1345
-1960
-1798
-1823
-2145
-1968
-1776
-1605
-928
-632
-663
-110
400
307
419
489
233
293
359
102
73
222
184
378
472
131
-58
-74
-486
-968
-1440
-2056
-2292
-2253
-2393
-2332
-1755
-996
-184
543
1131
1760
2249
2265
1973
1557
1009
275
-582
-1336
-1818
-2187
-2113
-1193
-363
50
1158
2645
3240
3434
3736
3432
2671
2174
1303
37
-796
-1368
-1871
-1952
-1849
-1811
-1335
-660
-293
0
259
288
378
362
-16
-223
-203
-357
-344
-61
-9
11
295
459
351
65
-316
-568
-991
-1710
-2037
-1964
-2039
-1883
-1262
-635
116
1144
1909
2426
2970
3169
3055
2861
2261
1350
594
-126
-902
-1632
-2260
-2513
-2472
-2638
-2754
-2462
-2117
-1662
-962
-525
-72
940
1779
2297
3098
3585
3510
3808
4006
3215
2287
1574
668
-241
-1254
-2497
-3028
-2952
-3273
-3305
-2635
-2025
-1368
-498
-108
206
727
678
446
444
70
-355
-293
-287
-321
-37
273
688
1199
1152
980
1282
1188
578
278
49
-370
-531
-528
-590
-439
-134
180
600
794
671
673
725
485
20
-525
-896
-1058
-1347
-1537
-1383
-1338
-1361
-800
-152
28
281
880
1307
1425
1537
1597
1488
1359
1205
773
277
-44
-410
-882
-1229
-1561
-1824
-1772
-1760
-1903
-1789
-1522
-1349
-1089
-893
-779
-439
-261
-372
-244
38
144
406
833
1092
1444
1874
2088
2261
2398
2251
2151
2084
1548
972
725
327
-200
-469
-662
-813
-715
-584
-589
-522
-420
-399
-377
-499
-757
-994
-1187
-1409
-1700
-1877
-1797
-1616
-1456
-939
-30
709
1328
2231
3036
3407
3638
3750
3479
3058
2499
1436
297
-594
-1579
-2429
-2792
-3213
-3534
-3273
-2917
-2686
-2182
-1662
-1290
-660
-206
-83
208
431
379
578
763
686
910
1274
1264
1291
1505
1463
1316
1158
790
354
15
-380
-820
-1130
-1270
-1191
-985
-653
-113
387
830
1309
1597
1677
1671
1454
1053
516
-226
-922
-1470
-2051
-2554
-2651
-2515
-2350
-1898
-1039
-108
606
1409
2310
2805
2952
3068
2868
2345
1922
1359
600
72
-427
-1072
-1277
-1248
-1492
-1490
-1158
-1042
-1010
-855
-791
-662
-538
-663
-617
-433
-525
-479
-179
-152
-139
143
328
388
505
448
300
307
235
58
2
-21
-82
-62
71
263
426
495
619
803
741
551
415
117
-307
-717
-1078
-1390
-1693
-1939
-2070
-2042
-1955
-1774
-1465
-1031
-606
-157
602
1305
1594
2043
2731
2972
3067
3290
3047
2573
2328
1688
814
306
-303
-953
-1158
-1414
-1792
-1652
-1374
-1267
-940
-664
-499
-125
-54
-293
-232
-292
-636
-691
-714
-945
-902
-766
-722
-442
-212
-100
297
607
626
871
1088
1021
1078
1108
936
938
933
719
663
590
279
107
-60
-421
-667
-953
-1373
-1528
-1581
-1794
-1860
-1785
-1737
-1513
-1180
-898
-505
68
729
1332
1832
2404
2989
3235
3418
3631
3326
2819
2545
1874
818
68
-646
-1435
-1933
-2448
-2923
-2921
-2827
-2790
-2476
-2131
-1792
-1179
-716
-435
47
365
523
910
1084
1022
1238
1422
1338
1295
1091
808
777
497
-9
-238
-499
-926
-1045
-1080
-1235
-1042
-690
-441
-101
139
253
503
612
408
200
-92
-580
-1011
-1433
-1908
-2215
-2385
-2434
-2244
-1894
-1429
-770
44
913
1646
2210
2873
3519
3762
3830
3874
3561
3096
2716
2017
1123
498
-148
-853
-1322
-1771
-2125
-2079
-1984
-1985
-1714
-1398
-1174
-762
-492
-463
-256
-83
-135
-95
-109
-250
-182
-135
-272
-227
-165
-196
-5
164
121
263
535
618
698
729
696
744
607
310
140
-108
-509
-753
-1020
-1437
-1648
-1760
-1889
-1781
-1626
-1478
-1015
-450
-72
433
1067
1533
2048
2630
2866
2887
3016
3035
2813
2549
2132
1520
1024
624
8
-594
-893
-1174
-1444
-1424
-1374
-1366
-1108
-795
-632
-433
-259
-212
-133
-179
-484
-751
-977
-1316
-1561
-1693
-1769
-1640
-1391
-1215
-888
-429
-41
397
789
980
1132
1307
1302
1161
971
745
536
300
-22
-292
-449
-561
-590
-627
-703
-694
-628
-628
-602
-553
-572
-556
-495
-513
-438
-238
-20
292
607
924
1391
1848
2115
2398
2641
2644
2543
2275
1782
1275
763
139
-454
-922
-1338
-1594
-1699
-1803
-1763
-1551
-1302
-1059
-879
-747
-574
-458
-464
-453
-517
-609
-523
-441
-455
-326
-97
50
275
533
643
818
986
942
874
802
630
497
365
90
-76
-133
-298
-399
-444
-571
-624
-606
-741
-903
-946
-996
-1015
-977
-971
-885
-685
-515
-309
-55
186
475
795
1103
1390
1633
1839
2061
2188
2154
2112
2000
1707
1350
931
409
-63
-527
-1021
-1416
-1697
-1946
-2024
-1942
-1851
-1623
-1259
-903
-511
-112
168
432
672
768
817
829
706
551
410
173
-10
-116
-231
-251
-203
-181
-123
35
142
237
341
385
427
441
409
411
461
419
348
324
262
186
110
4
-114
-283
-519
-710
-897
-1152
-1346
-1394
-1413
-1357
-1150
-813
-393
46
526
1054
1541
1882
2089
2126
1984
1706
1250
610
-60
-693
-1309
-1797
-2156
-2382
-2402
-2223
-1924
-1535
-1108
-664
-203
145
363
560
688
721
773
813
784
793
809
805
834
842
809
857
853
718
598
425
172
-38
-216
-405
-498
-520
-485
-325
-138
41
284
508
622
712
668
484
263
-8
-352
-674
-996
-1309
-1476
-1541
-1505
-1276
-897
-444
81
609
1092
1574
1945
2172
2288
2171
1898
1620
1173
604
88
-423
-903
-1236
-1511
-1763
-1803
-1727
-1631
-1450
-1225
-1023
-780
-560
-429
-248
-74
-11
32
57
61
124
178
228
354
507
623
748
862
913
929
937
905
847
733
600
542
439
308
241
176
75
3
-82
-209
-306
-444
-649
-800
-916
-1080
-1206
-1274
-1272
-1162
-1026
-842
-536
-205
143
569
958
1253
1511
1646
1641
1594
1423
1125
812
463
51
-311
-640
-970
-1194
-1297
-1331
-1304
-1211
-1061
-860
-659
-471
-278
-108
15
119
194
246
294
302
324
375
417
494
619
701
714
727
725
707
626
465
307
155
-12
-152
-252
-336
-373
-370
-346
-285
-200
-136
-81
-74
-154
-253
-370
-513
-637
-712
-786
-786
-682
-538
-319
-39
262
586
883
1109
1282
1383
1343
1181
965
687
373
47
-280
-566
-775
-931
-1024
-1008
-929
-821
-671
-483
-294
-104
84
217
303
369
391
408
449
422
371
343
300
285
285
205
102
31
-64
-171
-258
-349
-423
-453
-491
-501
-456
-435
-356
-182
-52
76
254
379
478
605
643
607
560
415
232
55
-194
-419
-555
-701
-785
-747
-685
-579
-394
-207
-9
235
446
607
751
799
782
772
691
543
428
290
139
47
-50
-126
-108
-94
-128
-122
-137
-189
-230
-289
-403
-480
-547
-645
-678
-636
-604
-524
-384
-261
-109
52
174
272
347
347
346
364
309
239
211
184
175
199
219
261
353
397
435
511
501
420
350
228
59
-85
-269
-443
-578
-718
-823
-848
-843
-814
-740
-637
-486
-296
-121
66
280
455
598
718
758
768
752
652
508
355
207
95
-42
-211
-300
-355
-415
-405
-342
-284
-191
-106
-29
58
129
189
244
287
285
290
295
252
190
116
25
-47
-124
-224
-290
-331
-385
-406
-383
-363
-310
-213
-131
-58
18
80
147
207
222
223
224
185
118
50
-34
-119
-186
-267
-297
-271
-249
-206
-123
-46
34
126
190
273
368
428
463
497
491
447
402
329
228
130
8
-96
-172
-278
-361
-386
-414
-434
-391
-294
-196
-82
7
95
193
248
303
341
333
305
294
270
199
123
48
-3
-48
-122
-177
-219
-276
-340
-390
-431
-473
-491
-485
-456
-419
-377
-309
-231
-160
-90
-28
18
85
146
182
200
191
192
208
220
228
244
269
309
360
404
416
413
426
449
457
423
367
296
185
66
-34
-121
-197
-257
-311
-361
-388
-394
-387
-368
-351
-334
-291
-247
-230
-213
-174
-137
-93
-18
43
92
151
206
239
257
275
283
271
227
173
129
90
39
-9
-62
-99
-120
-143
-162
-176
-179
-185
-175
-176
-199
-215
-219
-207
-200
-197
-176
-130
-73
2
67
123
195
242
247
260
275
272
262
245
216
175
143
95
46
5
-40
-76
-100
-113
-119
-101
-66
-14
40
78
136
170
167
183
185
132
61
9
-61
-133
-177
-223
-268
-272
-267
-258
-210
-168
-141
-91
-32
38
107
138
159
185
201
223
255
237
211
198
139
51
-16
-87
-169
-224
-278
-333
-355
-351
-340
-292
-231
-157
-38
74
167
269
372
448
494
526
520
494
445
350
249
130
-16
-134
-246
-365
-463
-513
-522
-507
-480
-427
-355
-277
-185
-91
-2
68
142
223
274
292
290
263
218
169
120
68
10
-60
-117
-151
-162
-163
-141
-99
-39
16
63
113
169
220
246
270
260
225
180
122
55
-14
-85
-181
-257
-328
-388
-406
-390
-356
-294
-222
-148
-55
60
150
221
288
308
304
297
278
249
204
147
84
17
-55
-135
-203
-242
-272
-293
-294
-265
-224
-179
-117
-51
8
78
142
203
253
275
284
281
248
206
171
113
55
-16
-109
-182
-220
-239
-234
-175
-105
-56
4
74
125
177
215
234
249
245
218
183
142
91
46
-1
-59
-112
-162
-203
-213
-226
-235
-216
-188
-149
-102
-42
30
85
119
146
155
157
153
132
104
64
2
-49
-97
-143
-162
-179
-204
-232
-237
-218
-191
-151
-89
-19
34
92
149
198
243
256
260
258
233
195
144
86
14
-67
-137
-205
-263
-292
-307
-300
-267
-220
-152
-67
22
100
153
187
212
221
211
210
196
172
142
93
40
-8
-52
-92
-121
-154
-181
-188
-188
-169
-128
-83
-34
21
86
145
188
211
212
211
196
160
110
57
5
-45
-85
-122
-152
-162
-163
-155
-146
-134
-119
-90
-47
-17
9
43
78
104
119
120
131
139
133
121
80
24
-29
-73
-124
-166
-183
-194
-194
-178
-141
-91
-37
35
101
143
177
189
190
167
142
119
92
60
16
-32
-79
-101
-116
-125
-120
-96
-59
-21
27
74
106
125
137
146
132
109
93
73
52
29
8
-18
-55
-99
-142
-188
-212
-214
-208
-197
-175
-147
-107
-49
7
51
101
136
164
199
212
208
196
168
130
90
54
25
-32
-97
-134
-154
-172
-177
-169
-142
-102
-62
-22
19
56
84
105
128
124
101
84
61
22
-29
-73
-97
-99
-93
-95
-98
-98
-84
-58
-29
10
40
72
93
88
72
64
70
66
63
56
37
13
-15
-38
-66
-81
-91
-106
-119
-118
-95
-72
-54
-29
13
59
83
115
137
130
132
117
96
83
73
72
63
23
-17
-37
-57
-86
-102
-96
-90
-66
-44
-23
6
21
34
43
50
44
53
74
68
46
15
-26
-75
-113
-137
-142
-126
-112
-100
-79
-48
-21
-7
8
21
36
61
82
87
98
104
113
113
100
76
59
41
6
-22
-40
-55
-67
-73
-75
-70
-63
-51
-32
-16
12
34
37
39
50
59
49
48
55
48
39
27
17
-9
-43
-59
-73
-80
-81
-76
-52
-31
-7
20
48
71
69
72
73
68
58
32
11
0
-17
-31
-25
-28
-40
-34
-25
-16
1
14
13
2
7
12
14
23
37
52
58
48
30
12
-3
-21
-45
-68
-85
-81
-75
-88
-94
-96
-94
-94
-91
-81
-57
-28
-3
38
64
69
81
87
79
65
35
4
-16
-27
-19
-10
-15
-30
-31
-24
-29
-45
-62
-68
-60
-40
-22
-7
20
43
53
66
60
