26
20
19
13
-4
-30
-36
-30
-26
-25
-35
-47
-52
-47
-37
-27
-22
-16
-1
8
1
-4
3
3
12
18
21
24
36
51
51
48
39
35
40
50
42
33
31
30
16
-2
0
-3
5
7
3
6
10
17
20
14
9
11
11
15
8
9
23
30
26
14
7
6
15
27
36
38
26
20
19
8
-2
-20
-35
-36
-43
-43
-26
-13
-12
-16
-18
-18
-15
-9
-12
-14
-31
-35
-10
6
13
19
27
31
22
8
5
12
7
-8
-12
-28
-42
-47
-50
-45
-27
-6
2
3
-5
-16
-29
-23
-15
5
30
46
45
34
24
17
20
9
7
15
28
40
50
54
42
26
17
8
-18
-28
-29
-33
-39
-46
-58
-68
-65
-59
-52
-39
-30
-19
-7
-3
-2
-11
-23
-37
-46
-39
-32
-16
-10
5
26
38
49
49
39
29
20
6
-9
-16
-17
-21
-24
-16
-4
9
7
4
12
21
21
11
9
12
14
12
13
21
22
20
25
42
62
56
47
33
19
10
-6
-11
-6
-11
-21
-20
-10
7
10
-3
-9
-29
-42
-44
-41
-35
-21
-18
-23
-19
-18
-7
2
20
34
27
19
25
37
30
26
25
21
16
13
10
13
20
22
23
24
11
5
14
9
3
-8
-5
-9
-29
-51
-68
-55
-14
41
66
76
100
104
90
87
80
63
52
39
9
-39
-87
-97
-94
-98
-109
-105
-98
-111
-121
-100
-73
-64
-71
-79
-85
-98
-93
-86
-79
-60
-19
28
80
126
147
152
145
136
121
93
53
51
56
52
28
-14
-52
-108
-133
-143
-153
-173
-206
-232
-273
-289
-283
-298
-290
-229
-158
-117
-91
-42
19
76
131
197
295
373
362
395
423
407
371
271
190
125
81
33
-3
13
36
36
29
65
93
76
89
118
162
177
187
203
161
116
67
38
15
-2
-27
-31
-6
6
2
-57
-84
-71
-86
-143
-181
-157
-134
-146
-143
-116
-115
-120
-127
-121
-98
-65
-46
-52
-100
-143
-187
-260
-303
-377
-422
-462
-447
-413
-419
-390
-310
-217
-147
-75
9
118
147
124
66
59
80
74
101
107
125
147
178
193
197
214
238
297
340
384
422
471
492
471
491
531
561
547
518
490
524
551
498
376
232
160
123
41
-87
-193
-253
-301
-428
-510
-538
-558
-542
-546
-487
-392
-248
-95
18
103
141
196
191
86
22
12
-81
-205
-255
-295
-360
-428
-385
-294
-224
-152
-47
59
80
120
146
102
18
-40
-87
-163
-272
-313
-372
-503
-576
-649
-743
-783
-694
-621
-618
-531
-376
-255
-213
-76
184
297
375
469
552
512
381
319
157
-63
-223
-319
-409
-496
-559
-563
-601
-305
133
269
447
1033
1817
2091
2185
2592
3060
3164
2967
2825
2725
2410
1986
1585
949
346
-82
-527
-1113
-1675
-2020
-2324
-2456
-2557
-2795
-2867
-2708
-2570
-2594
-2603
-2301
-1926
-1676
-1335
-869
-339
129
807
1362
1547
1843
2305
2528
2295
1923
1696
1393
699
-99
-886
-1526
-2054
-2547
-2967
-3298
-2974
-2378
-2035
-1607
-818
210
949
1502
2122
2633
2977
3260
3466
3390
3105
2995
2835
2325
1930
1538
1131
757
364
-52
-657
-1012
-1305
-1948
-2574
-2854
-2960
-3062
-3079
-2768
-2374
-1832
-973
-224
369
1010
1737
2103
2033
1979
1842
1332
503
-264
-957
-1740
-2479
-2850
-3228
-3360
-2649
-1983
-1626
-900
534
1674
2132
2507
3108
3672
3616
3185
2869
2487
1870
1534
1014
214
-136
-155
-484
-871
-967
-1209
-1404
-1481
-1949
-2504
-2823
-2955
-3077
-3297
-3188
-2613
-2000
-1559
-784
235
934
1585
2247
2620
2753
2672
2252
1686
929
-74
-1029
-1802
-2413
-2844
-3111
-3004
-2055
-1001
-329
643
2294
3714
4353
4777
5338
5810
5613
4891
4158
3406
2549
1774
909
-44
-618
-795
-1074
-1544
-1829
-1949
-1984
-2007
-2495
-2958
-3105
-3130
-3223
-3409
-3258
-2774
-2198
-1771
-1233
-506
246
799
1219
1460
1509
1417
996
365
-441
-1239
-1882
-2443
-2666
-2543
-2185
-1667
-1088
-12
1381
2467
3197
4136
5141
5458
5225
5059
4885
4265
3282
2306
1483
612
-256
-850
-1390
-2007
-2405
-2429
-2456
-2642
-2797
-2894
-2710
-2573
-2697
-2732
-2320
-1792
-1634
-1510
-1055
-397
-38
95
338
606
509
336
138
-366
-891
-1359
-1607
-2107
-2130
-1536
-1185
-849
-93
1217
2112
2558
3369
4336
4711
4605
4520
4466
3879
2993
2371
1474
373
-600
-1419
-2142
-2868
-3264
-3642
-3818
-3761
-3848
-3813
-3539
-3067
-2750
-2646
-2104
-1302
-849
-376
357
1287
1834
2118
2528
2634
2508
2284
1734
1103
418
-147
-824
-1421
-1134
-1090
-1243
-703
734
1888
1934
2574
4015
5046
5171
4902
5040
4968
4173
3410
2512
1308
437
-230
-1125
-2234
-2892
-3257
-3684
-3771
-4073
-4389
-4147
-3772
-3613
-3788
-3563
-2693
-2049
-1853
-1450
-644
42
494
1089
1294
1118
1159
1107
714
84
-274
-360
-729
-1066
-625
-215
-127
293
1608
2704
2949
3455
4388
5168
4980
4396
4288
3989
3011
2052
1235
422
-487
-1235
-1935
-2555
-2868
-3401
-3737
-3904
-4113
-4106
-4062
-3976
-3907
-3687
-3241
-2668
-2233
-1769
-974
-233
132
525
1048
1204
1194
922
306
-78
-536
-827
-1272
-1396
-661
-271
-154
462
2302
3563
3742
4361
5627
6436
6256
5761
5679
5142
3966
3138
2214
944
-300
-843
-1471
-2434
-3102
-3718
-3929
-3919
-4551
-4943
-4898
-4993
-5067
-5047
-4738
-4247
-3572
-2871
-2002
-865
-123
709
1611
1839
1909
2182
2156
1770
1416
1044
530
-94
17
564
604
441
1251
2991
3735
3817
4552
5570
5998
5323
4627
4440
3679
2485
1646
822
-346
-1189
-1806
-2470
-2974
-3413
-3843
-3856
-3810
-4277
-4438
-4352
-4258
-4111
-4145
-3875
-3061
-2292
-1755
-1029
92
1064
1806
2165
2220
2394
2514
2037
1195
416
-151
-515
-1319
-1062
-454
-318
114
1676
3672
4234
4430
5549
6863
6960
5695
5060
4952
3528
2095
1201
60
-1111
-1844
-2489
-3354
-3947
-4093
-4342
-4380
-4956
-5182
-4628
-4694
-5036
-5122
-5013
-4581
-4027
-3478
-2831
-1803
-604
321
1376
1954
2046
2408
2281
1753
986
143
-383
-1042
-591
76
299
636
2407
4733
5487
5682
6761
8017
8169
7110
6396
6012
4362
2463
996
-677
-2321
-3198
-4094
-5215
-5772
-5675
-5634
-5468
-5820
-6016
-5364
-4859
-4830
-4895
-4765
-4415
-3625
-2843
-2125
-866
431
1397
2530
3115
3207
3610
3711
3093
2034
1353
848
-97
-42
372
324
486
2110
4362
4937
4948
6363
7947
8114
6958
6527
6454
5010
3387
2039
567
-994
-1790
-2552
-4132
-5080
-5000
-5172
-5414
-5828
-5807
-5378
-5538
-5879
-5942
-5772
-5257
-4519
-3990
-3594
-2395
-849
-2
1006
1527
1801
2136
2102
1616
855
349
-215
473
1150
799
951
2760
4779
5237
5149
6178
7841
7891
6687
5985
5749
4677
3444
2371
818
-696
-1289
-1708
-2999
-4464
-4866
-4451
-4651
-5928
-6472
-6062
-6015
-6506
-6706
-6240
-5655
-5007
-4211
-2953
-1473
-336
615
1911
2580
2604
2657
2857
2401
1411
889
498
1169
1851
1871
2286
3940
6242
6948
6560
7036
8114
8304
6800
5402
4828
3588
2045
612
-1063
-2536
-2937
-3093
-3986
-4795
-4671
-4227
-4140
-5040
-5770
-5444
-5480
-6117
-6514
-6416
-6157
-5556
-4816
-4018
-2850
-1525
-498
663
1460
1713
1902
2098
1673
888
272
-49
943
1323
998
1478
3778
5688
5950
6412
7906
9128
8874
7799
7071
6180
4340
3042
1725
-285
-2127
-2883
-3677
-5220
-6235
-6151
-5777
-5767
-6431
-6325
-5392
-5235
-5366
-4967
-4155
-3774
-3565
-2762
-1987
-1574
-1057
-46
888
870
871
1759
2117
1304
786
910
1899
2732
2543
2487
3955
6177
6639
6510
7416
8255
8322
7438
6767
6238
4532
3016
2289
942
-1176
-2203
-2125
-3226
-4844
-5040
-4969
-5276
-6062
-6533
-6126
-6170
-6652
-6645
-6030
-5316
-4817
-4118
-3141
-2074
-868
15
1111
1640
1312
1601
2099
1490
536
88
525
1251
1136
1107
2204
4642
5932
5952
6849
8289
9124
8622
7527
6952
5729
3896
2741
1469
-527
-2153
-2514
-3201
-4805
-5551
-5445
-5236
-5540
-6461
-6315
-5770
-5965
-6120
-5908
-5621
-5289
-4642
-3906
-3453
-2637
-1869
-991
-212
-322
-77
923
1152
434
-87
528
2083
2244
1632
2317
4825
6163
5628
6055
7451
8152
7599
6622
6389
5659
3971
3098
2258
492
-1130
-1632
-1928
-3038
-3939
-4206
-4222
-4292
-5193
-5517
-5049
-5075
-5265
-5157
-4645
-3992
-3674
-3247
-2607
-1844
-1451
-1018
6
179
-239
250
646
536
-120
3
1949
2793
2201
2502
5232
6985
6224
6435
8043
8701
7783
6553
6432
5753
3601
2432
1710
-30
-1792
-2215
-2488
-3815
-4716
-4684
-4562
-4568
-5157
-4961
-4221
-4414
-4480
-4076
-3493
-3125
-2787
-2441
-2160
-1452
-1138
-1165
-772
-800
-1162
-835
-705
-887
-1194
-695
1060
1703
1527
2431
5022
6424
5797
6198
7748
8243
7050
5495
5044
4248
2365
1281
652
-621
-1896
-2152
-2290
-3183
-3783
-3905
-3868
-4073
-4920
-4953
-4508
-4818
-4988
-4650
-3929
-3263
-2655
-2111
-1594
-801
-342
7
238
-273
-733
-551
-701
-1245
-1958
-1214
637
1106
733
2117
5369
6647
5964
6692
8548
9007
7435
5965
5733
4292
2175
1204
158
-1677
-3104
-3170
-3416
-4276
-4702
-4433
-3753
-4106
-4774
-3954
-3183
-3540
-3663
-3182
-2550
-2110
-1750
-1430
-796
-137
-242
78
547
12
-179
-35
-233
-666
-1134
-107
1129
1135
935
2914
5767
5928
5418
6776
8126
7865
6381
5507
5165
3316
1462
473
-988
-2970
-3819
-3674
-4348
-5312
-5493
-5111
-4388
-4790
-5323
-4296
-3534
-3536
-3394
-2778
-2072
-1493
-867
-438
250
780
833
1421
1463
701
627
319
-404
-1268
-1632
-487
484
367
532
3103
5578
5278
5230
6847
7902
7227
5633
5126
4639
2620
1011
301
-953
-2654
-2958
-2641
-3258
-3692
-3689
-3532
-3143
-3688
-3970
-3464
-3525
-3703
-3410
-2774
-2258
-1508
-831
-414
551
1057
1226
1891
1666
1022
1056
658
-244
-1357
-1970
-1185
-310
-593
-733
1819
4154
3871
3912
5377
6729
6341
4801
4422
4044
2190
638
86
-1101
-2897
-3054
-2649
-3136
-3506
-3567
-3038
-2507
-3265
-3728
-3173
-3118
-3634
-3824
-3449
-2937
-2158
-1704
-1461
-552
-170
30
620
512
177
319
-8
-927
-1444
-630
244
250
295
1914
4727
5534
5135
6224
7800
7923
6513
5268
4769
3449
1531
66
-1053
-2398
-3351
-3513
-3928
-4355
-4315
-4130
-3599
-3636
-4170
-3749
-3235
-3432
-3587
-3132
-2401
-1804
-1219
-904
-80
729
697
1066
1113
327
106
36
-662
-1459
-1576
-650
78
195
491
2933
5678
5863
5929
7513
8704
8018
6214
5413
5016
3052
928
-121
-1041
-2739
-3487
-3127
-3525
-4024
-3985
-3392
-2619
-2998
-3277
-2539
-2148
-2409
-2422
-1575
-1084
-663
-63
283
972
989
862
1466
1085
278
176
-185
-1318
-2415
-1772
-913
-1271
-1480
132
3092
3991
3608
5123
6950
6764
5341
4627
4433
2726
571
-591
-1560
-3051
-4267
-4196
-4338
-4964
-4943
-4453
-3756
-3710
-3916
-3192
-2502
-2457
-2402
-1841
-1115
-603
-276
14
717
1158
729
1008
1298
377
-105
-61
-892
-2192
-1669
-212
-231
-809
259
2998
4262
3778
4647
6725
7110
5892
5274
5035
3635
1697
540
-468
-1950
-3270
-3470
-3457
-4051
-4365
-4169
-3590
-3462
-3925
-3727
-3037
-2649
-2618
-2224
-1379
-541
240
689
1287
1958
1761
1702
1912
1088
305
286
-319
-1730
-1542
97
262
-316
647
3276
4829
4146
4524
6523
6953
5385
4435
4431
3146
1372
508
-472
-1710
-2848
-3329
-3380
-3861
-4412
-4452
-3898
-3724
-4132
-3740
-2884
-2508
-2521
-2231
-1367
-705
-170
397
1024
1664
1832
1866
1935
1243
529
399
-202
-1490
-1268
417
522
-127
1182
3772
4822
3964
4305
6249
6360
4247
3229
3461
1856
-459
-1173
-1879
-3214
-4015
-3939
-3693
-3854
-4035
-3786
-2989
-2968
-3436
-3059
-2538
-2485
-2311
-1693
-968
-481
-231
193
792
1040
797
1032
1220
571
34
14
-725
-1883
-1175
148
6
-156
2056
4811
5180
4696
5972
8003
7498
5048
4271
4313
2074
-510
-1564
-2464
-3852
-4851
-5211
-5309
-5172
-5225
-5066
-4129
-3793
-3843
-3074
-2257
-1902
-1675
-966
32
755
754
1093
2215
2401
1725
1939
2109
1098
307
-11
-985
-1449
-414
60
-344
342
2810
4517
4246
4305
6034
7035
5497
3760
3687
2885
510
-1149
-2285
-3555
-4676
-5452
-5921
-6036
-5768
-5669
-5016
-4063
-3962
-3662
-2633
-1783
-1369
-1068
-168
1309
2107
2354
3066
4042
4078
3805
3840
3086
1966
1293
116
-1053
-494
81
-781
-992
1332
3615
3644
3538
5103
6798
6158
4360
4033
3615
1552
6
-941
-2614
-3948
-4296
-4939
-6006
-6080
-5688
-5642
-5408
-5226
-4696
-4006
-3744
-3153
-2368
-1788
-868
380
1212
1847
3085
3900
3847
4023
3885
3189
2671
1618
-13
-57
1050
563
-626
811
3595
4150
3354
4271
6345
6275
4017
2998
3197
1634
-775
-1933
-2872
-4260
-4932
-5239
-5925
-6251
-5955
-5612
-5142
-4934
-4716
-3941
-3362
-2969
-2413
-1792
-973
52
786
1328
2304
3115
3152
3537
3740
2955
2590
2433
1109
190
1024
1300
176
606
3273
4709
3970
3832
5647
6629
4783
2944
2861
1944
-249
-1627
-2798
-4377
-5046
-5048
-5573
-6062
-5837
-5478
-5068
-4988
-5109
-4357
-3508
-3162
-2670
-1996
-1022
397
1308
1562
2353
3436
3506
3612
3868
3146
2640
2825
1927
862
1760
2534
1579
1271
3377
4920
4032
3178
4376
5533
3979
2079
2049
1296
-974
-2032
-2536
-4099
-5125
-4662
-4509
-5210
-5175
-4440
-3973
-4271
-4711
-3947
-3265
-3414
-3052
-2351
-1649
-421
811
1408
1947
2732
3243
3680
3979
3299
2691
2736
1830
1001
1904
2798
2322
2113
4284
6040
5008
4156
5464
6283
4301
2120
1859
916
-1519
-3072
-3792
-5025
-6200
-6086
-5755
-6288
-6325
-5494
-4872
-5087
-5283
-4366
-3739
-3731
-3063
-2198
-1538
-480
646
1565
2571
3480
3723
3861
4434
4099
3131
2734
1945
1310
1843
2227
1757
1779
3724
5457
5142
4559
5661
6831
5271
2939
2333
1252
-1059
-2522
-3444
-4824
-5896
-5904
-5793
-6041
-5909
-5139
-4307
-4558
-5003
-4114
-3810
-4432
-3946
-3084
-2666
-1758
-564
380
1511
2470
2879
3486
4087
3746
3329
3190
2270
1684
2327
2529
2007
2034
3816
5615
5234
4384
5482
6544
4710
2553
2065
663
-1909
-3489
-4576
-5764
-6731
-6968
-6553
-6387
-6266
-5355
-3951
-3906
-4419
-3263
-2360
-2702
-2501
-1892
-1106
-137
459
1032
2095
3106
3399
3794
4296
3918
3432
3148
2326
2091
2755
2948
2865
3322
5043
6505
6213
5707
6471
7082
5499
3401
2376
683
-1501
-2896
-4617
-6347
-6975
-6974
-7107
-7221
-6664
-5519
-4474
-4449
-4308
-3024
-2566
-3038
-2792
-2378
-2021
-1272
-546
108
1030
1902
2442
3197
3639
3223
3107
2818
1838
2027
2774
2525
2278
3461
5632
6497
5916
6044
7153
7104
5019
3572
2978
740
-1684
-3053
-4813
-6747
-7612
-7713
-8115
-8565
-8010
-6709
-5872
-6127
-5565
-3606
-3086
-3462
-2740
-1772
-1407
-1187
-484
506
1404
1930
2374
3343
3963
3732
3807
3425
2719
3587
4260
3557
3034
4505
6320
6254
5645
5979
6868
6404
4405
3217
2320
29
-2070
-3581
-5452
-7239
-7656
-7605
-8222
-8328
-7439
-6085
-5224
-5331
-4389
-2574
-2237
-2256
-1503
-630
-145
184
668
1455
2309
2503
2737
3416
3314
3039
3266
2429
2028
3344
3733
2992
3380
5481
6475
6044
6153
6999
7540
6266
4514
3857
2299
-215
-1899
-3683
-5921
-7501
-7858
-8334
-9223
-9242
-8370
-6981
-6460
-6401
-4636
-2960
-2888
-2581
-1464
-400
-88
160
857
1504
1801
1808
2381
2706
2007
2127
2408
1544
2109
3550
3391
3008
4798
7038
6894
6303
7284
8537
8221
6272
5170
4535
2002
-404
-1811
-3956
-6403
-7570
-8059
-9129
-9915
-9673
-8822
-7923
-7919
-7134
-4858
-3790
-3530
-2351
-775
319
919
1705
2684
3367
3383
3387
4038
3619
2695
2949
2308
1614
2816
3430
2855
3563
6005
7048
6327
6474
7644
8196
6726
4765
4392
3000
437
-1097
-2685
-4670
-6313
-7219
-8292
-9392
-9812
-9764
-9075
-9074
-9436
-7744
-5779
-5281
-4837
-3610
-1657
-390
129
1101
2666
3515
3369
3930
4323
3492
3295
3066
2181
2775
3473
3022
3146
5347
7287
6901
6622
7714
8769
8034
6092
5302
4384
2087
532
-1087
-3354
-4895
-5534
-6369
-7807
-8427
-8239
-8077
-8346
-9017
-8143
-6553
-6225
-5706
-4581
-3055
-1462
-453
353
1578
2825
3271
3740
4399
3944
3582
3558
2472
2519
3461
3022
2545
4090
6326
6453
5862
6777
8124
7997
6195
5258
5086
3069
975
-301
-2257
-4188
-5111
-5766
-7118
-8265
-8254
-7778
-7780
-8772
-8810
-7098
-6527
-6664
-5841
-4377
-2751
-1639
-800
441
1958
2820
3318
4250
4478
4152
4398
3835
3710
4811
4590
3742
4624
6888
7310
6149
6309
7555
7869
6223
4658
4593
3331
1199
69
-1412
-3312
-4581
-5264
-6608
-8182
-8512
-8241
-8159
-8894
-9278
-7857
-6916
-7069
-6700
-5509
-4003
-2916
-2110
-1263
93
1372
1805
2620
3299
3184
3620
3519
3107
4028
4495
3936
4368
6684
7876
6981
7155
8580
9103
7684
5843
5602
4660
2481
1088
-452
-2215
-3418
-3829
-4918
-6609
-6893
-6490
-6405
-7296
-8219
-7162
-6220
-6705
-6804
-5971
-4585
-3791
-3304
-2331
-1083
-127
318
1355
2324
2106
2389
2678
2868
4111
4384
3971
4666
6922
7945
6831
6749
7993
8476
6942
5030
4742
3764
1794
1000
-402
-2427
-3409
-3631
-4570
-6261
-6908
-6626
-6195
-6844
-7873
-6823
-5731
-6075
-5987
-5286
-3934
-2728
-2182
-1742
-769
305
423
1008
1777
1469
1734
1782
2013
3752
3910
3119
4162
6929
7865
6689
7049
8567
9056
7316
5249
5203
4043
1651
981
-283
-2300
-3320
-3312
-3958
-5639
-6149
-5864
-5364
-6171
-7655
-6537
-5417
-5812
-5801
-5267
-3907
-2662
-2071
-1564
-445
772
745
1201
1765
1129
1263
1100
1491
3179
3082
2621
4260
6942
7359
6207
6881
8298
8498
6685
4770
4911
3580
1158
441
-746
-2635
-3803
-3947
-4681
-6046
-6455
-6237
-5703
-6786
-8005
-6535
-5595
-6130
-6195
-5375
-3676
-2469
-2041
-1389
-63
1012
1073
1719
1898
1028
1073
972
1933
2987
2307
2677
5176
7497
7231
6621
7718
8900
8773
6616
5099
5142
3275
1543
804
-1022
-2658
-3027
-3095
-4263
-5498
-5807
-5451
-5086
-6733
-7530
-5826
-5648
-6207
-6212
-5517
-3986
-2964
-2468
-1749
-319
424
734
1926
1564
737
1146
1139
2466
3066
2082
2764
5434
7251
6568
6245
7511
8818
8755
6435
5257
5299
3265
1824
645
-1408
-2576
-2786
-3186
-4600
-5492
-5349
-4639
-4347
-6156
-6444
-4821
-4894
-5295
-5514
-4919
-3529
-2882
-2674
-1926
-562
-163
171
1506
1008
243
474
771
2472
2323
1038
2238
5203
6384
5321
5484
6931
7852
7214
5170
4804
4686
2874
2235
1032
-1143
-2113
-2156
-2781
-4368
-5166
-5003
-4228
-4520
-6441
-5862
-4210
-4661
-5122
-5163
-4241
-2908
-2644
-2487
-1470
-256
-180
442
1580
877
532
617
1233
2961
2333
1345
3038
5619
5884
4755
5482
6960
7501
6370
4587
4785
4065
2188
1765
345
-1684
-2285
-2071
-2835
-4561
-5055
-4312
-3456
-4419
-6273
-4998
-3787
-4757
-5224
-4943
-3702
-2774
-2772
-2358
-1117
-351
-472
529
1446
792
741
637
1485
2918
1911
1439
3632
5944
5658
4621
5379
6513
6706
5211
3677
3941
2753
1410
1362
-84
-1739
-2043
-1783
-2603
-4133
-4534
-3794
-3075
-4669
-6221
-4541
-3654
-4398
-4833
-4406
-2685
-1897
-2325
-1939
-605
-89
-313
829
1196
207
99
354
2027
2812
1247
1601
4545
6258
5240
4803
6044
6793
6366
4765
3944
3791
1924
1131
970
-888
-2205
-1929
-1773
-2984
-4087
-3995
-3080
-2574
-4294
-4958
-3333
-3206
-3921
-4379
-4037
-2623
-2015
-2261
-1832
-636
-336
-463
889
977
84
-62
399
2361
2350
752
1818
5102
6232
4595
4493
6187
6762
5557
3766
3496
2971
1014
663
85
-1919
-2988
-2387
-2096
-3627
-4696
-3975
-2756
-3172
-5150
-4773
-3244
-3471
-3967
-4135
-3209
-1951
-1782
-1846
-1107
-135
-314
-56
988
509
-79
-359
520
2535
1848
593
2407
5512
5799
4335
4972
6498
6597
4911
3268
3243
1885
-159
-365
-1370
-3161
-3665
-2828
-2807
-4104
-4399
-3201
-1729
-2518
-4158
-2951
-1893
-2496
-2869
-2809
-1582
-415
-388
-454
340
1176
881
1265
1739
928
470
-5
1003
2372
1126
517
2809
5486
5003
3610
4736
6165
6030
4260
2975
3168
1612
87
-221
-1671
-3184
-3547
-3001
-3567
-4808
-4599
-3519
-2588
-3680
-4800
-3266
-2484
-3150
-3765
-3387
-1802
-1170
-1227
-867
94
821
723
1426
1613
776
571
346
1575
2513
1322
1196
3428
5728
4958
3658
4781
5958
5570
3503
2477
2633
829
-491
-1001
-2427
-3752
-4090
-3555
-4361
-5598
-5024
-3576
-2796
-4228
-4762
-2892
-2303
-2791
-3064
-2028
-290
73
158
845
1852
2134
1889
2751
2506
1186
589
736
2424
2410
920
1733
4482
5974
4460
3497
4961
6075
5294
3022
2060
1612
-427
-1256
-1985
-3571
-4503
-4304
-3820
-4847
-5785
-5054
-3529
-3188
-4866
-4743
-2757
-2634
-3279
-3394
-2003
-321
-144
93
1051
1994
2045
2287
3305
2724
1567
1023
948
2328
2003
639
1669
4427
5655
4259
3792
5214
6049
4788
2465
2057
1702
-357
-1219
-2157
-3794
-4545
-4146
-3971
-5245
-6014
-5238
-3866
-4004
-5734
-5029
-3119
-3220
-3705
-3538
-1899
-139
198
606
1863
2951
2793
3147
4266
3630
2678
2282
2574
3746
2943
1796
3030
5524
6128
4585
4575
5982
6344
4799
2561
2179
1405
-447
-1137
-2525
-4224
-4869
-4482
-4540
-6052
-6629
-5642
-4445
-5167
-6948
-5834
-4034
-4120
-4506
-4159
-2287
-718
-348
327
1749
2891
3007
3785
4437
3280
2512
2254
2734
3714
2672
2050
3711
5854
5804
4304
4656
5817
5855
4130
2062
1830
667
-1031
-1513
-3038
-4486
-4563
-4086
-4716
-6238
-6352
-5374
-4494
-5519
-6946
-5662
-4510
-4779
-4920
-4401
-2575
-1072
-538
279
1882
2982
2767
3362
3826
2709
2052
1724
2329
3323
2513
2104
3711
5938
5924
4685
5179
6205
6252
4464
2744
2640
1381
30
-417
-1948
-3375
-3454
-2952
-3830
-5494
-5378
-4358
-4061
-5383
-6185
-4674
-3964
-4267
-4273
-3804
-2354
-1175
-503
233
1392
2433
2668
3498
3721
2573
1980
1633
2240
2994
2057
1900
3818
6003
6002
4837
5360
6569
6710
4932
3138
2890
1548
23
-886
-2736
-4156
-4211
-3871
-4846
-6234
-5785
-4622
-4393
-5792
-6558
-5168
-4726
-5278
-5325
-4585
-2987
-1873
-892
417
1702
2570
2852
3674
3632
2451
2260
1990
2084
2536
1832
1687
3056
4941
5362
4593
5126
6329
6645
5100
3303
3022
1996
568
-508
-2359
-3664
-3849
-3849
-4853
-5962
-5446
-4696
-4602
-5673
-6255
-4997
-4668
-5052
-4904
-4375
-3061
-1846
-1057
-290
916
2178
2752
3570
3725
3004
2982
2599
2579
3176
2633
2209
3321
5325
5664
4613
5107
6299
6584
5073
3399
3185
2134
716
-381
-2065
-3055
-3114
-3350
-4766
-5978
-5568
-5236
-5331
-6188
-6672
-5638
-5161
-5241
-4991
-4419
-2985
-1576
-606
324
1691
3108
3657
4140
4020
3310
3151
2208
1528
2132
1859
1218
2113
4441
5094
3975
4417
5952
6397
4744
3100
2967
2050
707
-4
-1340
-2542
-2778
-2769
-3908
-5231
-5118
-4908
-5088
-6076
-6659
-5853
-5721
-5990
-5782
-5364
-4042
-2530
-1574
-767
629
2382
3227
3914
4205
3669
3701
3105
2569
3563
3514
2579
3079
5229
5885
4495
4667
6103
6720
5267
3603
3788
2846
1088
313
-891
-2190
-2907
-3015
-3894
-5142
-5195
-5133
-5044
-5815
-6870
-6306
-5820
-5890
-5769
-5128
-3514
-2259
-1519
-786
485
1778
2111
2871
3291
2666
2782
2493
2014
2798
2904
2191
2657
4944
5912
4571
4532
5914
6600
5287
3529
3630
2984
1322
473
-604
-1661
-2458
-2711
-3440
-4748
-5013
-5180
-5181
-5833
-7094
-6776
-6193
-6217
-6184
-5613
-4035
-2705
-1929
-1236
280
1895
2150
2852
3583
2937
2591
2204
1290
1757
2489
1901
1653
3583
5363
4804
4388
5495
6497
5878
4324
4056
3924
2479
1435
655
-489
-1612
-2081
-2530
-3644
-4226
-4405
-4383
-4630
-6001
-6394
-5610
-5532
-6011
-6108
-4920
-3561
-2846
-2243
-905
904
1504
1928
2966
2988
2673
2639
1978
2071
2954
2656
2018
3298
5382
5444
4644
5528
6759
6508
4860
3987
3806
2216
932
230
-1017
-2309
-2919
-3055
-4030
-4964
-5074
-4838
-4571
-5632
-6133
-5177
-5042
-5468
-5502
-4413
-2974
-2273
-1690
-449
1387
2163
2212
3009
3029
2422
2305
1512
833
1606
1875
1194
1624
3845
5069
4526
4928
6368
7129
6221
4965
4819
4020
2507
1685
488
-1071
-2040
-2211
-2947
-4180
-4501
-4403
-4233
-4902
-5950
-5522
-4992
-5422
-5750
-5286
-4194
-3650
-3135
-2093
-853
-10
184
1083
1821
1431
1144
1077
345
389
1449
1349
775
2241
4693
5174
4812
5925
7258
7170
5809
5018
4945
3516
2029
972
-514
-1897
-2534
-2937
-4273
-5142
-4907
-4666
-4718
-5560
-5707
-4661
-4425
-4644
-4289
-3457
-2797
-2302
-1532
-868
16
671
1074
1792
1754
1138
1129
682
-131
783
1569
805
1095
3734
5407
4780
5017
6632
7762
7084
5465
5188
4663
2983
1862
630
-888
-1891
-2242
-3296
-4567
-4716
-4805
-4795
-4886
-5320
-4758
-4118
-4253
-4001
-3447
-2832
-2137
-1338
-895
-446
496
864
992
1167
814
609
415
-591
-827
495
678
19
1425
4085
4850
4677
5852
7313
7830
6839
5764
5757
4812
3063
1824
415
-1026
-2128
-3065
-4368
-5156
-5290
-5635
-5120
-5128
-5644
-4942
-4079
-3862
-3885
-3521
-2525
-1406
-826
-661
293
1234
1051
1138
1200
671
187
-357
-1201
-826
138
-87
-37
1844
3902
4483
4895
6051
7235
7497
6501
5735
5394
3959
2418
1272
-171
-1813
-3010
-3814
-4891
-5748
-6103
-5820
-5164
-5525
-5631
-4489
-3783
-3720
-3542
-2597
-1481
-853
-273
509
1613
1921
1846
2214
2067
1232
643
107
-843
-623
20
-302
-197
1537
3334
3735
4040
5199
6408
6849
5941
5337
5259
3881
2494
1235
-476
-1894
-2598
-3364
-4874
-5600
-5325
-4985
-4946
-5565
-5013
-3702
-3668
-3752
-3051
-2149
-1754
-1173
-176
470
975
1190
1542
1894
1278
494
212
-453
-1228
-438
111
-448
114
2478
4299
4394
4969
6389
7559
7358
5897
5583
5224
3452
1833
87
-1455
-2431
-3147
-4405
-5672
-5439
-5293
-5332
-5271
-5315
-4271
-3585
-3650
-3025
-2199
-1770
-1467
-633
243
655
1289
1819
2125
2271
1818
1570
1210
-278
-875
431
703
-363
475
3508
5006
4656
5295
7008
8218
7320
5767
5824
5071
2840
1150
-339
-1825
-3132
-4181
-5183
-5715
-5676
-5924
-5409
-4918
-5099
-4448
-3951
-3596
-3163
-3269
-2984
-2102
-1286
-1066
-708
168
620
935
1037
704
407
-243
-1208
-1083
-210
-464
-898
748
3434
4415
4294
5542
7441
8045
6825
5717
5897
4781
2524
1072
-228
-1883
-3244
-3759
-4287
-5022
-5276
-5070
-4203
-4100
-4615
-3856
-2967
-2907
-3051
-2923
-2213
-1516
-1089
-752
-201
628
917
1204
1491
1033
590
143
-785
-747
117
39
-182
1357
3971
5016
5292
6568
7940
8450
7340
6482
6265
4253
2037
890
-618
-2723
-3999
-4107
-4761
-5634
-5519
-4860
-4101
-4425
-4575
-3395
-3162
-3507
-3130
-2580
-2227
-1947
-1252
-588
-85
508
888
1303
1242
648
455
122
-942
-1127
-151
80
-229
1212
3907
5070
5199
6309
7960
8550
7371
6250
5863
4242
2283
979
-737
-2529
-3426
-3820
-4561
-5125
-4844
-4284
-3749
-3887
-3920
-3106
-2964
-3038
-2732
-2734
-2596
-2085
-1430
-1028
-720
64
630
671
543
376
278
-456
-1584
-1115
169
170
-251
1368
4187
4991
4927
6116
7709
8168
6736
5610
5407
3742
1537
227
-1123
-2967
-4162
-4304
-4681
-5249
-5274
-4550
-3327
-3423
-3755
-2832
-2546
-2897
-2991
-2956
-2669
-2139
-1644
-1413
-710
263
477
734
886
370
-11
-505
-1362
-1098
-173
-335
-410
1618
4236
4850
4802
5972
7687
8021
6460
5553
5363
3538
1599
527
-1264
-3319
-3944
-3624
-4089
-4879
-4490
-3119
-2451
-3054
-2984
-1913
-1920
-2634
-2769
-2644
-2426
-2154
-1750
-1199
-625
102
594
903
1211
953
533
-32
-937
-676
268
114
-283
1489
4140
4740
4917
6244
7560
7943
6807
5834
5257
3356
1511
197
-1861
-4047
-4469
-4103
-4952
-5301
-4287
-3177
-2760
-3151
-2606
-1504
-1831
-2456
-2339
-2076
-2096
-1931
-1382
-1005
-472
134
473
903
1140
919
671
216
-640
-373
937
881
52
1359
4079
4982
4711
5563
7145
7863
6653
5270
4729
3120
1094
-493
-2432
-4088
-4693
-4908
-5433
-5524
-4945
-4261
-3629
-3487
-3281
-2720
-2932
-3018
-2684
-2892
-2879
-2244
-1634
-1234
-513
382
629
904
1476
1382
930
304
-533
-374
557
352
-262
1298
4114
4951
4749
5727
7370
8131
6924
5641
5275
3718
1366
-223
-1726
-3466
-4389
-4345
-4565
-4963
-4776
-3953
-2959
-3053
-3316
-2747
-2589
-2810
-3034
-3410
-3324
-2843
-2432
-1897
-1060
-287
141
789
1449
1235
806
675
342
333
945
849
185
1382
3905
4642
4385
5391
7037
7773
6791
5665
5284
3819
1816
582
-1003
-3011
-3850
-3724
-4228
-4923
-4613
-3591
-2941
-3302
-3396
-2496
-2355
-2939
-2980
-2848
-2708
-2277
-1693
-1041
-435
275
977
1681
2228
1908
1622
1614
877
567
1296
1329
625
1455
3806
4748
4431
5183
6690
7410
6120
4559
4274
2951
982
-277
-2014
-3790
-4376
-4338
-4998
-5720
-5203
-4201
-3631
-3917
-4024
-3211
-3284
-3685
-3238
-3155
-3262
-2838
-2056
-1307
-587
271
820
1430
2046
1786
1295
906
66
-318
553
916
143
729
3283
4797
4774
5412
7105
8345
7376
5869
5670
4619
2515
878
-974
-2927
-3800
-4100
-4818
-5295
-5025
-4380
-3606
-3428
-3462
-2860
-2869
-3194
-3006
-3426
-3836
-3159
-2439
-2091
-1287
-202
516
1341
2218
2213
1784
1463
637
167
873
1001
57
368
3052
4884
4671
5166
6945
8273
7451
5795
5311
4159
1842
97
-1614
-3554
-4682
-4992
-5606
-6302
-6216
-5463
-4439
-4232
-4530
-3956
-3441
-3461
-3403
-3711
-3905
-3295
-2681
-2167
-1168
-18
950
2099
3079
3193
2747
2574
2114
1180
1178
1531
1017
783
2843
5315
5596
5719
7473
9166
8712
6873
6001
5158
3185
1297
-717
-2810
-4050
-4342
-4717
-5555
-5563
-4669
-3838
-3620
-3705
-3151
-2826
-3066
-2969
-3315
-3963
-3650
-2957
-2561
-2060
-1061
220
1400
2354
2687
2416
2288
1773
433
124
931
504
-601
968
4108
4778
4461
6163
8176
8282
6688
5682
5258
3322
961
-1096
-3165
-4672
-5338
-5792
-6718
-6818
-5907
-5179
-4387
-4227
-4267
-3735
-3370
-3091
-3473
-4009
-3299
-2203
-1827
-1473
-75
1446
2146
2828
3330
3243
2954
2485
1238
292
960
1145
69
612
3504
5100
4776
5869
8141
9002
7842
6498
5992
4403
1840
-59
-2048
-4178
-5307
-5554
-6129
-6497
-5936
-5161
-4223
-3867
-4042
-3716
-3401
-3513
-4036
-4659
-4242
-3144
-2744
-2501
-1058
634
1430
2357
3152
3074
2712
2419
1644
-18
-192
671
-62
-604
1446
4173
4720
5038
7040
8702
8574
7177
6233
5517
3253
731
-1256
-3243
-4726
-5529
-5994
-6340
-6078
-5228
-4285
-3379
-3237
-3127
-2623
-2454
-2501
-3230
-3565
-2639
-2034
-1936
-829
1041
2002
2723
3874
4218
3792
3416
2802
1169
95
803
612
-835
-21
3042
4503
4290
5585
7805
8648
7591
6187
5677
4006
1196
-794
-2708
-4823
-6087
-6470
-6742
-6737
-6015
-5074
-3990
-3602
-3752
-3379
-3086
-3013
-3446
-4138
-3741
-2869
-2610
-1987
-312
994
1601
2732
3533
3376
2856
2297
1206
-327
-228
448
-741
-1256
1405
4163
4393
4794
7063
8709
8512
6901
5856
5074
2418
0
-1672
-3966
-5748
-6036
-6121
-6690
-6448
-5241
-4026
-3291
-3282
-2917
-2368
-2390
-2737
-3506
-3518
-2442
-1906
-1641
-229
1534
2382
3198
4215
4218
3766
3306
2402
534
-707
170
139
-1211
-233
2880
4701
4774
5844
7830
8745
7634
5821
5328
3687
575
-1550
-3622
-5640
-6556
-6919
-7425
-7356
-6334
-5253
-4131
-3704
-3816
-3150
-2699
-2833
-3396
-4153
-3413
-2304
-2122
-1508
111
1675
2541
3582
3987
3689
3456
2631
1330
-267
-555
323
-391
-1100
1098
4189
5231
5436
7280
9328
9467
7886
6630
5929
3304
650
-1003
-3514
-5640
-6296
-6494
-6813
-6493
-5346
-3896
-2713
-2460
-2157
-1553
-1535
-1808
-2611
-3062
-2239
-1676
-1659
-625
978
1947
2915
3880
3912
3665
3096
2014
591
-1055
-994
-547
-1666
-1783
836
3498
4016
4593
6397
7733
7502
5918
4735
3324
601
-1370
-3371
-5847
-6922
-7247
-7623
-7352
-6145
-4960
-3780
-2553
-2337
-2079
-1681
-1797
-2252
-3314
-3502
-2495
-2050
-1771
-497
1160
2494
3533
4039
4016
4069
3498
2277
863
-401
-34
148
-898
-304
2509
4809
5229
6076
7997
9109
8393
6386
5150
3538
537
-1954
-4328
-6323
-7147
-7454
-7384
-6708
-5576
-4447
-2931
-1803
-2084
-1941
-1419
-1722
-2694
-3811
-3454
-2381
-2190
-1885
-305
1713
2735
3474
4241
4189
3769
2879
1604
-83
-1397
-785
-735
-1548
-376
2564
4683
5171
6166
7775
8506
7488
5308
3930
2122
-600
-2620
-4789
-6386
-6580
-6511
-6283
-5574
-4368
-3218
-1950
-1292
-1755
-1599
-1548
-2128
-2867
-3827
-3246
-2129
-1955
-1274
475
2344
3183
3903
4461
4188
3863
2826
1460
-116
-1460
-774
-433
-1016
122
3002
5415
5771
6311
7987
8808
7545
5176
3987
2296
-724
-2762
-4448
-5605
-6011
-6255
-5613
-4730
-4087
-3286
-1942
-1407
-2325
-2436
-2260
-2837
-3848
-4867
-4039
-2830
-2643
-1609
420
2160
3049
3963
4780
4666
3846
2370
1285
-217
-2346
-1978
-1185
-1899
-1477
1352
4254
4636
4914
6747
7840
6548
3936
2860
1643
-1341
-3197
-4363
-5390
-5784
-5565
-4551
-3884
-3282
-2187
-938
-470
-1517
-1932
-1950
-2751
-3535
-4403
-4086
-3004
-2479
-1459
298
2213
3479
4427
5226
4936
4336
3454
2193
649
-1371
-1196
-161
-872
-1025
1251
4470
5308
4984
6379
7690
6956
4455
2961
2089
-773
-2900
-3761
-4907
-5698
-5708
-4710
-3868
-3482
-2685
-1638
-884
-1567
-2256
-2189
-2963
-3784
-4492
-4547
-3610
-3006
-2175
-560
1344
2691
3464
4427
4584
4106
3531
2407
1284
-454
-1087
26
-347
-1120
470
3515
4792
4274
5310
6848
6504
4637
3173
2566
251
-2090
-2766
-3937
-4881
-4915
-4360
-3617
-3199
-2543
-1679
-607
-779
-1930
-1874
-1951
-2635
-3471
-3863
-2752
-1995
-1760
-523
1350
2790
3236
3943
4532
4132
3595
2737
1883
249
-1484
-534
80
-1085
-975
1425
3972
3999
3999
5300
5925
5221
3478
2440
1025
-1327
-2254
-3237
-4450
-4913
-4812
-3863
-3439
-3251
-2589
-1607
-1088
-2131
-2698
-2607
-3127
-3666
-4421
-4133
-3091
-2654
-1733
-227
1396
2468
3266
4177
3858
3306
2819
1686
282
-1836
-2212
-933
-1219
-1858
-617
2493
4139
3694
4509
5821
6036
4760
3118
2413
709
-1053
-1995
-3296
-4028
-4125
-3434
-2807
-2827
-2168
-1203
-350
-747
-1728
-1372
-1555
-2393
-2998
-3477
-2789
-2030
-1404
-340
919
2651
3770
4455
4640
4188
4091
3133
1655
13
-1745
-1276
-664
-1680
-1908
103
2995
3514
3251
4459
5615
5738
4122
2941
2124
73
-919
-1764
-3051
-3797
-3676
-2601
-2555
-2774
-2117
-1291
-737
-1696
-2353
-2081
-2685
-3164
-3911
-4354
-3643
-2783
-1818
-888
661
2173
3093
4074
4040
3614
3422
2408
1080
-576
-1711
-1237
-1205
-1982
-1816
543
2808
2685
2985
4492
5620
5248
3507
2735
1986
503
-484
-1818
-2906
-3177
-2848
-2457
-2734
-2455
-1746
-1038
-917
-1970
-1965
-1806
-2577
-3209
-3905
-3645
-2678
-2077
-1460
-380
1350
2578
3314
3960
3656
3484
3119
1780
218
-1803
-2607
-1823
-2171
-3215
-2680
204
2403
2434
3101
4804
6209
5700
4159
3742
2687
1015
-74
-1522
-2778
-3265
-2926
-2730
-2917
-2494
-1962
-1299
-1281
-2166
-2263
-2408
-2953
-3460
-4121
-3740
-2632
-1815
-1148
102
2201
3527
4057
4463
4353
4259
3543
1983
465
-1113
-1922
-1684
-1908
-2627
-2205
394
2591
2668
3118
4736
6112
5538
4003
3621
2733
835
-815
-2096
-2939
-3813
-3989
-3440
-3192
-2959
-2476
-1382
-1067
-1837
-1827
-1658
-1986
-2795
-3538
-3054
-2164
-1753
-1210
219
2074
3116
3918
4591
4571
4263
3269
1806
383
-1492
-2881
-2613
-2401
-3297
-3012
-6
2603
2720
3118
5408
7240
6529
5069
4634
3584
1752
419
-940
-2299
-3144
-3267
-3193
-3280
-3073
-2512
-1571
-1424
-2305
-2459
-2192
-2493
-3227
-3854
-3526
-2694
-2106
-1658
-593
1207
2571
3299
3671
3623
3345
2648
1335
-305
-2278
-3822
-3635
-3246
-4125
-4072
-1205
1946
2463
2735
5067
7101
6902
5419
4474
3611
1851
204
-1336
-2883
-3703
-3615
-3004
-2817
-2803
-2083
-860
-166
-775
-1197
-715
-923
-1895
-2721
-2846
-2340
-1928
-1482
-515
988
2311
3019
3543
3579
3224
2547
1256
-174
-2086
-3901
-3870
-3216
-3833
-4006
-1318
2141
3185
3587
5501
7543
7859
6491
5214
4074
2271
649
-1015
-2727
-3614
-3696
-3491
-3483
-3196
-2314
-1103
-262
-648
-1062
-830
-899
-1444
-2393
-3002
-2391
-1342
-1099
-894
601
2443
3235
3242
3228
3167
2427
870
-792
-2465
-4285
-4872
-4078
-4182
-4763
-2985
791
2981
3110
4322
6895
8149
6884
5070
4306
3277
1365
-598
-2153
-2929
-3198
-3129
-2842
-2485
-1804
-723
398
386
-437
-618
-583
-1183
-2366
-3333
-2974
-2080
-1954
-1798
-351
1594
2492
2789
3307
3417
2761
1707
397
-1314
-3284
-4166
-3569
-3499
-4110
-3128
29
2692
3337
4064
5913
7404
7053
5379
4147
3066
1349
-545
-2289
-3380
-4046
-4276
-3818
-3354
-2886
-2166
-1097
-243
-472
-920
-1065
-1404
-2092
-3169
-3554
-2752
-2179
-2203
-1448
406
1828
2211
2748
3217
2845
2051
942
-448
-2220
-3833
-4056
-3471
-3461
-3477
-1621
1813
3812
4151
5147
7139
8052
6674
4956
4089
2967
1307
-538
-1875
-2340
-2444
-2168
-1766
-1349
-652
173
974
856
66
-333
-577
-1125
-2520
-3748
-3267
-2407
-2712
-2782
-1240
656
1318
1665
2371
2606
2166
1275
22
-1607
-3402
-4445
-4032
-3485
-3925
-3375
-178
3121
3926
4168
6125
8089
7638
5592
4257
3572
1971
-245
-1975
-2872
-3199
-3134
-2643
-2140
-1744
-1064
-58
491
-271
-1294
-1220
-1085
-2072
-3544
-3767
-2612
-2158
-2375
-1280
708
1864
2197
2606
2766
2319
1735
521
-1215
-2648
-3877
-4376
-3928
-3977
-4177
-2501
975
3235
3472
4509
6773
8115
7204
5257
4219
3309
1593
-414
-2080
-2756
-2876
-2718
-2330
-2046
-1490
-634
233
328
-536
-813
-519
-833
-2027
-3195
-2825
-1769
-1667
-1743
-716
895
1769
2018
2146
2131
1977
1260
-241
-1823
-3108
-4364
-4725
-4138
-4043
-3739
-1545
1645
3367
3708
5002
7107
7760
6364
4960
4540
3399
1428
-88
-1221
-2097
-2531
-2374
-1833
-1435
-1177
-692
61
25
-890
-1270
-1314
-2039
-3229
-3813
-3239
-2712
-2776
-2298
-894
497
1232
1765
2254
2144
1652
963
-243
-1588
-2794
-3784
-3915
-3257
-2952
-2784
-939
2119
3722
3962
5098
6962
7386
5920
4626
4198
3064
1287
73
-695
-1475
-1915
-1667
-1360
-1249
-905
-228
406
124
-703
-860
-774
-1503
-2853
-3547
-3094
-2698
-2959
-2862
-1642
-306
150
530
1088
1133
869
483
-363
-1486
-2416
-3256
-3424
-2659
-2508
-2595
-954
1797
3350
3765
4963
6807
7552
6649
5565
5147
4117
2454
1248
240
-789
-1273
-1070
-953
-1268
-1296
-489
459
127
-1046
-1268
-1022
-1772
-3242
-4205
-4221
-4193
-4498
-4381
-3464
-2229
-1189
-228
522
666
615
525
-116
-1356
-2530
-3287
-3648
-3463
-3313
-3155
-1894
441
2576
3690
4789
6556
7874
7817
6827
6071
5307
3912
2483
1136
-8
-502
-419
-350
-745
-816
21
821
610
-307
-661
-567
-1397
-2993
-4188
-4391
-4330
-4644
-4734
-4108
-2715
-1240
-360
270
1036
1615
1723
1306
213
-1005
-1824
-2788
-3345
-3115
-3184
-2844
-974
1458
2896
3635
5181
7080
7817
7143
6224
5720
4765
3288
1602
-107
-846
-842
-1113
-1588
-1662
-985
-125
-5
-701
-1209
-1094
-1547
-2985
-4427
-5218
-5448
-5762
-6119
-5918
-4824
-3089
-1638
-537
649
1789
2574
2661
1975
895
-163
-1325
-2509
-2844
-2744
-2790
-2029
12
2456
3969
4973
6800
8597
8977
8070
7197
6557
5280
3665
1773
194
-357
-798
-1297
-1430
-1196
-557
-106
-235
-727
-1139
-1709
-2862
-4188
-5600
-6653
-6903
-6971
-6892
-6199
-4590
-2486
-1011
241
1795
2981
3378
3078
2383
1299
107
-1244
-2770
-3018
-2575
-2631
-2008
137
2830
4227
5063
7152
9045
8931
7692
7091
6424
4447
2520
1057
-452
-1461
-1884
-1922
-2002
-2014
-1315
-774
-940
-1609
-2436
-3131
-4131
-5440
-6901
-7687
-7475
-7425
-7114
-5772
-3929
-2019
-168
1788
3148
3670
4084
3941
2879
1439
225
-1134
-2810
-3169
-2621
-2520
-1765
312
2994
4643
5571
7399
8965
9149
8273
7307
6538
4842
3004
1468
-93
-990
-1335
-1577
-2106
-2334
-1673
-1587
-2200
-2909
-3790
-4723
-5808
-6738
-7717
-8395
-7831
-7073
-6316
-4762
-2734
-705
1158
3361
4845
5008
5392
5373
4166
2481
988
-379
-2249
-3051
-2386
-2153
-1803
-67
2790
4860
5633
7169
8959
9576
8905
7677
6826
5574
3981
2375
501
-588
-1032
-1555
-2285
-2802
-2597
-2687
-3130
-3633
-4540
-5248
-5879
-6515
-7249
-7965
-7465
-6487
-5716
-4549
-2885
-765
1111
2698
3929
4296
4608
4503
3429
1917
243
-1052
-2448
-3794
-3770
-3278
-2886
-1888
487
3252
4531
5750
7702
8953
8848
7583
6572
5511
3637
1776
-330
-1717
-2259
-3142
-3904
-4185
-3829
-3543
-3547
-3314
-3661
-4056
-4166
-4738
-5363
-6050
-6033
-5304
-4729
-3765
-2411
-570
1578
3264
4637
5527
6082
6342
5598
4291
2724
1179
-253
-1972
-2978
-2547
-1921
-1587
-396
2186
4519
5591
6702
8049
8714
8203
6853
5442
3660
1573
-303
-2102
-3483
-4414
-4836
-4810
-4624
-4054
-3342
-2779
-2698
-2998
-3129
-3606
-4672
-5667
-6346
-6576
-6533
-6132
-4963
-3318
-1482
361
2278
4166
5239
5694
5868
5373
4168
2525
807
-910
-2759
-3766
-3190
-2361
-1995
-788
2113
4995
6131
7025
8498
9193
8323
6577
5102
3365
1126
-728
-2253
-3318
-3727
-3614
-3035
-2243
-1284
-369
219
392
-235
-1326
-2456
-3793
-5178
-6635
-7443
-7190
-6441
-5304
-3688
-1366
1290
3605
5392
6472
7087
7148
6072
4254
1964
-220
-1967
-3970
-5563
-5423
-4352
-3653
-2546
167
3065
4505
5475
6712
7342
6719
5136
3669
2170
315
-1280
-2322
-2775
-2888
-2571
-1662
-704
-39
312
566
507
-616
-2346
-3839
-5194
-6748
-8290
-8781
-8064
-6994
-5633
-3346
-376
2163
4303
6420
7763
7936
7297
6154
4453
2105
-305
-2311
-3968
-5363
-5777
-4756
-3672
-2711
-534
2553
4647
5445
6522
7723
7743
6640
5280
4136
2809
1306
269
-514
-1034
-1024
-536
0
-4
-158
-100
-360
-1455
-3105
-4302
-5348
-6837
-8072
-8478
-7976
-7155
-6019
-4022
-1561
765
2875
4863
6258
6737
6758
6148
4600
2665
658
-1272
-3050
-4774
-6080
-6039
-4770
-3888
-3094
-721
2615
4596
5366
6826
8381
8546
7699
6917
5949
4382
2867
1610
313
-759
-1234
-1265
-1394
-1756
-1825
-1628
-1787
-2700
-3815
-4538
-5313
-6291
-7266
-7823
-7430
-6446
-5324
-3871
-1922
462
2646
4409
5757
6569
6852
6287
4908
3094
972
-1095
-2992
-4788
-6113
-6056
-4872
-3898
-2547
250
3458
5634
7141
8790
10053
10081
9090
7790
6260
4308
2314
539
-1091
-2232
-2739
-2714
-2494
-2504
-2334
-1802
-1701
-2447
-3575
-4572
-5540
-6630
-7800
-8703
-8581
-7596
-6540
-5151
-2843
-146
2303
4443
6091
7090
7487
7067
5744
3791
1367
-1125
-3304
-5118
-6631
-7001
-5773
-4215
-2643
-163
3188
5968
7612
9039
10183
10201
9079
7393
5497
3254
950
-941
-2549
-3615
-3984
-3949
-3589
-3062
-2366
-1850
-1782
-1884
-2433
-3743
-5168
-5997
-7007
-8329
-8465
-7428
-6287
-4877
-2457
473
2904
5105
7095
8224
8432
7914
6805
4956
2447
7
-2147
-3889
-5307
-6160
-5219
-3386
-1787
354
3471
6608
8373
9342
10290
10496
9641
7757
5587
3559
1316
-705
-2402
-3418
-3648
-3702
-3340
-2554
-1782
-1357
-1288
-1344
-2103
-3477
-4718
-5965
-7367
-8670
-9062
-8399
-7532
-6137
-3746
-858
1889
4277
6468
8014
8710
8678
7595
5664
3333
819
-1548
-3784
-5683
-6745
-6357
-4846
-3543
-1986
829
4184
6472
7455
8420
9210
8822
7245
5013
2989
1103
-856
-2624
-4016
-4529
-4435
-4040
-3230
-2434
-1741
-1156
-875
-1329
-2606
-3776
-4654
-5927
-7401
-8318
-8048
-7039
-5921
-4243
-1742
1350
4212
6347
8102
9262
9728
9421
7970
5707
3116
713
-1791
-4364
-6121
-6932
-6275
-4728
-3480
-1819
942
4243
6326
6965
7819
8470
7876
5976
3679
1879
59
-1744
-3194
-4273
-4335
-3786
-3098
-2218
-1452
-504
232
221
-677
-2218
-3418
-4711
-6616
-8188
-8790
-8346
-7328
-5947
-3830
-989
2270
5122
7319
9065
9959
10078
9267
7261
4657
1917
-585
-3055
-5534
-7107
-7576
-6691
-5000
-3539
-1559
1463
4755
6752
7464
8417
9013
8367
6676
4451
2593
985
-671
-2049
-2950
-2879
-2270
-1606
-700
-145
261
689
398
-817
-2557
-3928
-5130
-6755
-8107
-8637
-8040
-6767
-5326
-3194
-329
2719
5284
7302
8977
9621
9302
8430
6475
3610
623
-1976
-4474
-6992
-8543
-8926
-8206
-6538
-4859
-2850
55
3287
5634
6605
7424
8256
7906
6319
4347
2733
1096
-753
-2002
-2827
-3205
-2811
-1910
-922
-491
-97
652
756
-178
-1679
-2995
-4025
-5385
-6837
-7737
-7494
-6360
-5190
-3468
-826
1973
4446
6465
8155
8919
8646
8043
6502
3789
788
-1845
-4160
-6556
-8431
-9082
-8675
-7238
-5390
-3445
-871
2341
5264
6782
7429
8191
8471
7516
5562
3625
2159
669
-637
-1601
-2184
-1920
-1124
-358
65
323
897
1057
350
-839
-2297
-3546
-4708
-6073
-7353
-7733
-6798
-5630
-4505
-2561
82
2778
5034
6701
7903
8383
8328
7484
5325
2745
513
-1626
-4075
-6428
-7580
-7649
-7195
-5946
-4089
-1992
373
3155
5636
6818
7462
8271
8417
7278
5468
3927
2538
988
-281
-1303
-1899
-1685
-1190
-815
-562
-34
491
306
-391
-1433
-2732
-4091
-5499
-6845
-7837
-8069
-7448
-6554
-5296
-3161
-477
2256
4494
6204
7561
8294
8141
6809
4678
2495
232
-2458
-5318
-7445
-8327
-8717
-8697
-7211
-4646
-2223
86
3198
6364
7982
8579
9308
9585
8319
6073
4128
2412
516
-1179
-2426
-2960
-2792
-2159
-1378
-764
-215
369
678
219
-1130
-2629
-3841
-5168
-6657
-7798
-7917
-7070
-5967
-4431
-1969
1091
3817
5951
8021
9679
10033
9226
7764
5771
3108
-103
-3196
-5857
-7903
-9189
-9611
-9021
-7359
-4869
-2145
690
3712
6503
8172
8659
8733
8309
6853
4584
2279
450
-1119
-2475
-3262
-3464
-2916
-1869
-872
103
860
1387
1544
881
-500
-2170
-3659
-5191
-6914
-8137
-8394
-7725
-6502
-4775
-2326
486
3273
5829
7877
9100
9292
8743
7492
5309
2380
-747
-3312
-5488
-7497
-8571
-8410
-7403
-5974
-3608
-451
2034
4011
6424
8500
8867
8032
7448
6661
4688
2230
355
-789
-1726
-2432
-2376
-1566
-387
769
1757
2586
3030
2963
2240
763
-1190
-3177
-4858
-6455
-8023
-8827
-8352
-6874
-5043
-3214
-771
2333
5079
6853
7828
8253
7887
6608
4449
1600
-1260
-3701
-5923
-7873
-9058
-9102
-8252
-6897
-5036
-2420
518
2732
4377
6053
7194
7032
6017
5140
4116
2471
875
-161
-765
-1075
-851
-96
805
1833
2787
3431
3738
3368
2317
855
-914
-2865
-4987
-6854
-8093
-8772
-8685
-7705
-5976
-3979
-1764
942
3522
5360
6576
7230
7066
6042
4471
2456
34
-2279
-4181
-5702
-6712
-6974
-6395
-5311
-3888
-2174
-199
1974
3429
4163
5025
5821
5560
4300
3361
2888
2060
923
182
270
787
1261
1643
2194
3103
3643
3493
3151
2337
962
-444
-1846
-3574
-5429
-6582
-6931
-7086
-6995
-6132
-4369
-2362
-647
1146
3072
4657
5537
5703
5369
4485
3186
1629
-286
-2261
-3844
-4809
-5422
-5873
-5585
-4476
-3098
-1887
-685
1094
2749
3398
3677
4329
4741
4085
3204
3012
2774
2001
1524
1729
2073
2232
2473
2922
3199
3238
2954
2313
1451
220
-1105
-2433
-3948
-5377
-6394
-6882
-7020
-6941
-6457
-5439
-3865
-2094
-697
549
1959
3015
3413
3452
3182
2492
1558
529
-709
-1812
-2369
-2701
-3047
-3011
-2309
-1519
-828
101
1000
1768
2532
2941
2885
2888
3059
2748
2103
1970
2087
1966
1885
2136
2483
2740
3179
3513
3310
3030
2759
2080
961
-289
-1369
-2547
-3914
-5077
-5839
-6130
-6196
-6099
-5550
-4545
-3300
-2123
-980
119
993
1817
2396
2340
1987
1701
1346
692
-167
-750
-999
-1330
-1612
-1727
-1546
-1020
-639
-493
-318
337
1092
1080
854
1307
1987
2037
1711
1913
2425
2713
2891
3020
3244
3452
3482
3288
2780
2135
1466
656
-306
-1539
-2749
-3596
-4443
-5262
-5724
-5697
-5379
-4990
-4343
-3386
-2213
-953
-31
706
1568
2338
2686
2572
2449
2332
2070
1748
1312
852
529
232
-82
-427
-723
-1012
-1386
-1596
-1777
-1781
-1337
-959
-708
-75
1073
2090
2641
3326
4233
4845
5069
4982
4821
4628
4057
3139
2147
1224
283
-666
-1464
-2300
-3130
-3600
-3893
-4243
-4471
-4471
-4316
-4147
-3960
-3597
-3062
-2451
-1869
-1265
-420
450
1114
1749
2305
2697
2857
2812
2523
2028
1575
884
-211
-1196
-1925
-2610
-3153
-3345
-3252
-2939
-1947
-613
301
1403
3032
4517
5256
5550
5854
5901
5493
4620
3475
2419
1569
682
-237
-907
-1235
-1507
-1791
-1908
-2109
-2314
-2487
-2805
-3295
-3911
-4322
-4568
-4867
-5067
-4805
-4105
-3378
-2673
-1637
-373
740
1694
2437
2872
2919
2714
2304
1401
305
-611
-1538
-2412
-2979
-3205
-3110
-2667
-1771
-800
231
1735
3191
4120
4817
5625
6194
5919
5215
4705
4131
3200
2160
1455
1141
844
738
896
1042
1254
1453
1444
1089
461
-335
-1347
-2430
-3578
-4846
-5762
-6166
-6383
-6408
-5912
-4871
-3699
-2544
-1237
-18
905
1665
2087
2053
1794
1449
900
209
-308
-634
-880
-913
-699
-412
117
881
1501
1832
2092
2594
2873
2556
2171
2201
2175
1590
1016
1091
1330
1240
1342
1780
2232
2619
3051
3340
3197
2957
2545
1681
609
-488
-1745
-3078
-4257
-5342
-6264
-6714
-6682
-6459
-6029
-5224
-4093
-2881
-1864
-851
222
1078
1563
1780
1940
2013
1874
1717
1628
1387
1243
1252
1196
1044
851
756
620
390
95
-331
-490
-431
-716
-1062
-796
-150
237
579
1375
2276
2925
3550
4086
4355
4458
4417
3946
3109
2261
1299
72
-1234
-2479
-3674
-4649
-5310
-5884
-6374
-6466
-5987
-5400
-4992
-4336
-3258
-2111
-1286
-561
333
1125
1737
2244
2614
2817
3005
3236
3219
2987
2830
2653
2223
1578
860
97
-541
-1128
-1848
-2632
-2864
-2432
-2264
-2142
-1355
5
1203
2078
3255
4486
5331
5873
6140
6067
5632
4953
3971
2652
1235
-64
-1361
-2570
-3579
-4533
-5124
-5332
-5390
-5422
-5279
-4674
-4050
-3734
-3364
-2696
-1947
-1400
-907
-235
552
1325
2033
2598
3118
3702
4134
4199
3899
3451
2844
1947
895
-326
-1603
-2609
-3408
-4132
-4599
-4543
-3887
-2916
-1859
-571
1039
2776
4217
5302
6150
6666
6778
6396
5609
4620
3535
2319
951
-287
-1234
-1995
-2648
-3129
-3400
-3564
-3521
-3482
-3667
-3817
-3738
-3604
-3663
-3668
-3444
-3064
-2488
-1749
-974
-218
747
1853
2684
3131
3432
3644
3451
2734
1685
588
-493
-1650
-2763
-3756
-4443
-4700
-4619
-4253
-3575
-2561
-1139
499
1889
3013
4177
5322
5918
5917
5703
5398
4859
3878
2730
1762
974
357
-186
-614
-815
-938
-969
-984
-1154
-1432
-1634
-1781
-2188
-2759
-3110
-3275
-3414
-3492
-3287
-2745
-2007
-1089
-170
683
1604
2501
3025
3081
2912
2596
1993
1065
103
-846
-1758
-2426
-2889
-3251
-3301
-2854
-2188
-1577
-816
126
1064
1940
2563
2869
3079
3418
3645
3317
2779
2526
2279
1836
1367
1123
1051
956
808
590
371
205
51
-281
-857
-1462
-1880
-2164
-2636
-3215
-3544
-3465
-3225
-3025
-2704
-2131
-1338
-621
-89
416
981
1462
1620
1532
1421
1268
964
517
81
-217
-449
-505
-452
-536
-546
-358
-124
-113
-79
221
366
381
539
696
831
1060
1456
1716
1783
2115
2588
2883
2879
2691
2578
2394
2116
1705
1108
644
161
-435
-963
-1446
-1907
-2324
-2642
-2903
-3200
-3408
-3379
-3285
-3282
-3266
-2926
-2388
-2042
-1736
-1284
-756
-272
104
436
660
897
1090
957
632
317
12
-345
-736
-1021
-1168
-1240
-1110
-797
-533
-392
-16
824
1548
1825
2170
2873
3455
3518
3466
3498
3394
3170
2852
2452
2068
1861
1685
1243
796
537
282
-91
-590
-1216
-1897
-2454
-2978
-3597
-4125
-4316
-4240
-4130
-3958
-3529
-2797
-1963
-1245
-566
107
754
1261
1526
1526
1304
1066
845
467
-26
-379
-474
-437
-411
-233
195
683
1108
1457
1817
2121
2198
2285
2384
2205
1876
1800
1924
1712
1352
1396
1684
1783
1653
1654
1813
1763
1536
1256
908
517
-47
-737
-1414
-2063
-2593
-3078
-3456
-3662
-3792
-3698
-3358
-2961
-2676
-2333
-1773
-1319
-1177
-1068
-879
-810
-922
-1000
-951
-971
-909
-656
-366
0
499
1056
1530
1883
2212
2518
2700
2783
2684
2353
1953
1582
1289
1011
647
325
195
268
365
410
579
894
1195
1346
1426
1517
1570
1484
1215
801
415
105
-294
-743
-1206
-1687
-1999
-2169
-2417
-2754
-2994
-3072
-3224
-3453
-3626
-3680
-3634
-3602
-3526
-3261
-2864
-2370
-1718
-1065
-424
319
1208
2054
2683
3284
3853
4273
4425
4327
4048
3676
3266
2665
1897
1221
665
121
-293
-513
-692
-805
-560
-82
244
549
1058
1618
1974
2184
2345
2439
2425
2212
1825
1406
1042
624
68
-459
-958
-1493
-2048
-2573
-3070
-3614
-4126
-4490
-4738
-5002
-5196
-5106
-4805
-4500
-4093
-3383
-2497
-1609
-624
468
1525
2408
3159
3826
4295
4524
4515
4345
4043
3542
2896
2171
1497
934
452
-28
-436
-555
-418
-303
-244
-68
269
639
892
1109
1350
1610
1891
2031
1974
1915
1891
1808
1545
1203
874
408
-168
-793
-1541
-2378
-3114
-3761
-4480
-5209
-5641
-5765
-5834
-5764
-5356
-4696
-3982
-3135
-2060
-1022
-75
968
1945
2700
3292
3833
4250
4356
4293
4140
3819
3437
3083
2709
2194
1758
1457
1075
672
382
121
-188
-348
-291
-305
-431
-327
-31
199
334
558
932
1215
1339
1432
1458
1385
1263
1053
607
-9
-565
-1121
-1863
-2692
-3444
-4134
-4713
-5152
-5447
-5640
-5592
-5209
-4717
-4158
-3437
-2517
-1583
-709
211
1095
1936
2681
3222
3644
4032
4336
4436
4334
4201
4001
3608
3208
2853
2431
1906
1405
1048
625
108
-288
-616
-1017
-1338
-1420
-1433
-1613
-1622
-1302
-1008
-847
-521
75
585
955
1317
1581
1743
1851
1774
1379
816
297
-356
-1201
-1986
-2671
-3270
-3777
-4051
-4047
-3925
-3569
-2949
-2375
-1853
-1102
-206
493
993
1550
2045
2276
2459
2668
2712
2617
2601
2657
2550
2417
2430
2344
2103
1867
1682
1424
1004
542
11
-617
-1162
-1580
-2003
-2348
-2411
-2317
-2234
-1969
-1373
-727
-212
353
1023
1554
1729
1758
1787
1586
1146
629
98
-536
-1237
-1818
-2284
-2676
-2928
-2957
-2814
-2589
-2342
-2035
-1625
-1156
-756
-401
2
369
651
886
1096
1268
1402
1510
1584
1643
1709
1739
1751
1746
1667
1521
1406
1322
1156
913
676
431
75
-326
-670
-1000
-1336
-1658
-1838
-1845
-1826
-1778
-1552
-1116
-710
-409
3
492
860
1069
1205
1253
1169
997
780
519
194
-155
-458
-661
-831
-994
-1029
-919
-856
-863
-767
-625
-585
-641
-729
-804
-902
-1017
-1087
-1095
-1003
-836
-522
-79
391
924
1485
2053
2535
2931
3277
3459
3404
3130
2708
2167
1503
749
40
-589
-1188
-1726
-2112
-2333
-2421
-2308
-2028
-1707
-1306
-802
-269
167
557
1024
1448
1715
1879
1996
2049
2023
1938
1784
1534
1283
1007
582
69
-381
-795
-1288
-1796
-2171
-2492
-2828
-3024
-3015
-2951
-2851
-2577
-2158
-1729
-1276
-651
34
609
1102
1597
2011
2267
2416
2507
2456
2228
1936
1556
1053
486
-55
-619
-1183
-1678
-2088
-2406
-2621
-2699
-2658
-2427
-2049
-1593
-1067
-455
213
768
1238
1738
2182
2485
2613
2579
2442
2238
1971
1583
1140
735
306
-126
-488
-782
-1090
-1384
-1524
-1614
-1765
-1813
-1713
-1629
-1577
-1430
-1124
-764
-370
63
504
935
1366
1802
2151
2356
2466
2484
2330
2037
1701
1284
803
282
-222
-698
-1141
-1434
-1637
-1803
-1883
-1819
-1685
-1548
-1337
-1026
-724
-476
-190
161
481
723
975
1221
1389
1490
1540
1474
1313
1097
800
409
-35
-471
-923
-1368
-1744
-2053
-2288
-2404
-2364
-2213
-2028
-1734
-1341
-943
-564
-150
310
677
930
1115
1243
1327
1354
1316
1227
1124
1024
911
863
851
787
689
631
560
431
314
239
133
-31
-181
-289
-361
-433
-459
-392
-270
-114
96
375
700
1001
1257
1485
1662
1780
1813
1742
1573
1331
1012
609
231
-109
-474
-829
-1082
-1253
-1417
-1519
-1503
-1423
-1343
-1195
-953
-725
-575
-442
-278
-147
-104
-91
-97
-162
-274
-369
-451
-551
-599
-613
-626
-594
-518
-441
-392
-340
-281
-278
-312
-368
-506
-673
-810
-935
-1039
-1109
-1099
-994
-862
-679
-381
-10
326
682
1068
1358
1540
1662
1724
1644
1458
1279
1079
797
528
316
122
-12
-76
-84
-37
66
225
385
489
599
693
696
595
432
216
-79
-383
-670
-979
-1272
-1461
-1540
-1559
-1504
-1329
-1064
-794
-502
-177
135
416
672
902
1015
1053
1075
1032
903
727
550
360
174
22
-98
-214
-283
-297
-282
-245
-189
-87
34
164
323
498
674
841
978
1072
1161
1231
1282
1295
1302
1304
1260
1177
1061
921
741
535
321
54
-274
-627
-969
-1295
-1593
-1839
-2050
-2236
-2360
-2375
-2310
-2168
-1934
-1618
-1256
-862
-420
7
415
792
1087
1278
1366
1353
1245
1077
837
535
213
-113
-409
-640
-825
-959
-984
-941
-872
-729
-511
-260
-34
200
454
677
847
988
1070
1081
1062
1030
984
919
844
726
545
344
128
-110
-329
-521
-718
-939
-1175
-1376
-1527
-1649
-1707
-1708
-1670
-1551
-1352
-1129
-873
-557
-192
184
534
888
1212
1441
1627
1773
1821
1787
1698
1540
1292
996
666
299
-100
-445
-718
-971
-1204
-1333
-1337
-1270
-1132
-898
-617
-350
-19
364
675
913
1145
1352
1471
1507
1507
1471
1363
1207
1056
876
641
394
172
-57
-279
-461
-624
-775
-925
-1057
-1179
-1292
-1393
-1464
-1520
-1532
-1477
-1385
-1229
-992
-689
-375
-64
270
587
813
970
1149
1252
1251
1222
1153
994
758
538
331
85
-176
-344
-449
-556
-567
-457
-322
-195
-2
218
397
565
799
995
1090
1170
1235
1235
1184
1149
1100
993
842
715
590
416
249
88
-132
-376
-591
-798
-1034
-1279
-1486
-1703
-1921
-2055
-2089
-2065
-2002
-1849
-1648
-1435
-1193
-913
-644
-401
-163
41
185
293
386
419
382
332
279
203
111
25
-42
-88
-116
-117
-99
-53
9
110
206
281
384
483
608
752
886
1006
1123
1226
1283
1303
1295
1248
1134
1007
889
705
493
274
26
-242
-482
-672
-853
-1020
-1147
-1215
-1227
-1184
-1079
-983
-923
-812
-680
-563
-449
-294
-127
-16
79
181
289
374
453
549
639
677
671
660
641
612
560
477
376
283
175
42
-65
-159
-239
-271
-263
-253
-208
-120
-7
129
274
414
535
662
745
768
793
815
813
764
691
615
494
339
189
31
-161
-358
-510
-670
-844
-965
-1065
-1184
-1278
-1294
-1299
-1306
-1253
-1140
-1032
-916
-726
-511
-339
-177
43
236
330
423
531
566
580
654
718
684
640
641
609
551
530
514
440
363
367
368
329
325
341
364
379
411
436
439
452
460
465
447
436
413
340
240
119
-28
-186
-333
-487
-668
-838
-971
-1096
-1211
-1273
-1269
-1256
-1219
-1158
-1087
-974
-847
-733
-621
-499
-351
-200
-75
55
163
227
303
378
404
405
427
434
390
343
327
279
212
180
145
96
85
121
166
209
273
373
470
535
629
717
745
785
843
850
788
737
691
599
504
448
370
202
50
-40
-180
-354
-464
-529
-648
-769
-811
-851
-923
-947
-892
-868
-872
-803
-711
-658
-569
-406
-270
-166
-38
91
169
240
354
422
405
407
487
507
450
427
426
406
384
420
449
436
451
489
505
490
498
513
477
421
391
356
272
195
145
96
60
40
31
34
46
69
88
86
76
69
28
-30
-116
-243
-374
-525
-658
-765
-867
-932
-960
-952
-918
-852
-744
-612
-477
-356
-246
-164
-109
-65
-44
-36
-42
-35
-32
-46
-46
-15
62
153
271
385
467
538
603
656
669
654
635
580
490
402
323
229
159
131
107
101
101
130
179
216
262
303
328
333
315
262
183
78
-54
-205
-368
-534
-694
-843
-974
-1085
-1158
-1210
-1250
-1262
-1238
-1174
-1074
-950
-803
-625
-435
-233
-33
153
316
463
597
701
769
793
789
751
706
664
610
577
573
588
602
624
672
707
714
711
697
656
590
495
386
267
152
58
-35
-129
-201
-237
-234
-212
-180
-107
-11
75
134
157
116
16
-129
-291
-496
-723
-935
-1106
-1242
-1354
-1407
-1414
-1359
-1228
-1044
-834
-572
-286
0
268
486
672
820
911
944
942
894
797
685
578
477
384
327
311
304
303
321
352
384
408
404
396
382
360
345
304
291
306
338
380
428
510
579
631
678
701
673
616
554
458
343
185
1
-185
-384
-588
-779
-952
-1115
-1249
-1352
-1429
-1492
-1541
-1559
-1549
-1516
-1444
-1324
-1191
-1063
-903
-718
-516
-315
-118
68
217
340
430
482
488
459
409
336
260
171
88
17
-35
-45
-44
-6
72
154
228
296
359
393
432
483
524
544
556
608
655
686
732
816
906
967
1022
1057
1043
984
909
783
606
409
217
22
-178
-346
-513
-642
-705
-708
-677
-618
-525
-405
-283
-174
-76
-22
-16
-38
-86
-148
-227
-316
-401
-472
-530
-565
-571
-555
-526
-491
-442
-369
-275
-187
-96
-13
55
115
183
228
255
284
315
341
366
407
432
452
459
467
473
454
420
382
345
313
287
247
194
148
117
68
22
0
-41
-118
-200
-266
-343
-449
-543
-603
-666
-730
-758
-755
-742
-703
-618
-524
-442
-354
-269
-205
-180
-154
-133
-134
-137
-144
-136
-117
-61
9
88
181
288
409
531
659
791
897
963
988
957
880
764
644
507
363
223
102
5
-76
-111
-135
-125
-90
-35
28
76
112
121
111
75
22
-58
-150
-240
-328
-411
-468
-498
-523
-542
-519
-471
-430
-386
-344
-296
-262
-246
-240
-238
-244
-255
-260
-261
-260
-240
-204
-167
-111
-46
25
122
201
265
328
390
420
428
433
420
394
355
346
344
338
322
330
347
342
362
381
385
380
352
301
230
131
59
-22
-123
-228
-337
-432
-513
-551
-561
-576
-575
-539
-502
-467
-436
-408
-376
-340
-293
-243
-186
-155
-139
-124
-109
-92
-71
-39
4
56
109
170
222
280
358
429
481
539
605
662
691
707
731
731
692
643
588
516
442
371
278
182
110
65
14
-24
-36
-35
-40
-52
-36
-38
-63
-88
-107
-163
-232
-308
-394
-506
-610
-686
-756
-799
-822
-811
-800
-762
-689
-604
-517
-446
-371
-292
-232
-181
-147
-140
-155
-167
-175
-193
-195
-174
-137
-109
-70
-4
80
167
249
333
409
494
564
598
611
612
617
631
640
640
635
630
626
618
596
567
533
480
418
339
260
172
71
-21
-102
-184
-262
-322
-360
-381
-391
-388
-376
-360
-349
-329
-312
-320
-333
-352
-359
-363
-380
-402
-435
-451
-458
-467
-457
-439
-407
-355
-294
-225
-151
-80
-9
78
162
231
293
347
390
413
441
450
439
440
422
397
355
324
300
272
265
265
263
262
255
244
239
240
242
248
224
170
141
104
55
21
-22
-88
-146
-171
-186
-207
-226
-233
-248
-258
-253
-249
-244
-241
-225
-217
-230
-252
-271
-300
-325
-317
-315
-324
-318
-303
-289
-257
-212
-147
-80
-32
30
95
142
175
215
233
238
254
250
220
173
139
121
110
110
129
159
168
177
181
188
194
202
233
257
279
286
268
251
222
197
159
108
50
10
-19
-71
-110
-142
-171
-198
-229
-262
-289
-302
-321
-336
-337
-333
-321
-310
-310
-301
-283
-265
-245
-226
-197
-165
-140
-85
-32
11
49
99
152
183
203
218
220
213
219
212
190
172
153
146
141
134
115
86
76
61
52
57
64
69
66
74
66
56
45
21
5
-8
-27
-54
-97
-137
-157
-159
-164
-181
-170
-144
-126
-101
-86
-79
-66
-64
-73
-76
-76
-83
-81
-81
-81
-77
-70
-42
11
64
94
143
185
222
272
317
342
349
358
374
380
358
334
304
263
238
220
190
150
117
87
61
54
55
63
63
58
54
38
32
21
-10
-50
-87
-138
-179
-231
-286
-315
-343
-369
-382
-387
-389
-379
-364
-349
-322
-290
-279
-286
-271
-261
-262
-272
-284
-289
-289
-279
-268
-243
-217
-177
-135
-85
-12
72
142
206
275
338
388
416
433
437
432
421
396
368
342
323
295
245
215
217
205
184
162
144
133
125
105
79
66
47
32
3
-36
-68
-94
-118
-134
-145
-148
-150
-163
-178
-193
-194
-188
-190
-197
-202
-220
-239
-247
-241
-236
-240
-240
-239
-229
-207
-173
-135
-93
-54
-27
11
54
91
130
167
205
229
238
248
246
241
243
253
256
255
238
223
212
196
188
190
174
149
136
123
103
87
79
69
54
27
-7
-33
-55
-71
-75
-83
-97
-108
-105
-102
-111
-127
-137
-141
-156
-170
-187
-195
-200
-202
-207
-206
-199
-183
-170
-159
-135
-109
-85
-59
-31
-3
23
47
67
77
100
113
122
128
123
119
122
120
110
112
100
89
97
104
99
103
121
130
121
117
122
112
92
72
57
31
4
-12
-33
-55
-76
-86
-90
-93
-99
-100
-104
-105
-97
-90
-78
-81
-87
-91
-112
-134
-142
-147
-170
-199
-209
-214
-203
-174
-159
-142
-114
-79
-39
-5
26
58
91
114
136
153
167
174
182
207
206
182
167
156
133
111
102
88
79
83
80
72
71
75
93
102
88
67
49
39
25
17
13
-7
-22
-38
-50
-67
-93
-99
-98
-96
-93
-94
-103
-110
-108
-104
-110
-113
-97
-86
-80
-74
-74
-76
-75
-75
-72
-65
-57
-45
-29
-3
23
53
76
87
105
119
132
150
155
142
122
111
100
86
84
76
68
63
51
37
29
25
24
28
19
0
-4
1
6
15
35
40
40
32
17
2
-16
-31
-48
-55
-69
-66
-59
-54
-70
-89
-101
-107
-98
-88
-75
-64
-51
-47
-46
-46
-32
-18
-17
-13
-18
-28
-36
-27
-11
-4
5
18
35
40
37
27
17
14
21
25
33
36
22
4
-4
-11
-22
-19
-19
-23
-24
-15
-8
0
10
26
42
35
25
14
9
1
-13
-19
-21
-15
-13
-23
-21
-14
-17
-36
-43
-34
-37
-31
-23
-22
-27
-20
-16
-23
-24
-23
-26
-17
-6
15
41
44
52
55
57
65
75
81
71
51
44
43
23
12
14
24
30
26
28
24
25
19
13
9
11
16
7
-1
9
11
2
-9
-23
-37
-43
-51
-50
-48
-47
-31
-20
-18
6
19
24
43
58
73
80
69
70
78
64
47
26
5
-7
-12
-16
-16
-17
-24
-20
-6
-8
-5
4
2
-11
-12
2
12
13
3
6
24
21
7
10
13
0
-12
-7
3
-10
-24
-25
-29
-36
-36
-55
-89
-100
-105
-98
-84
-93
-74
-49
-38
-31
-30
-34
-34
-24
-10
-1
6
19
23
27
36
35
37
36
25
19
8
-3
0
-4
-5
3
2
-15
-21
-6
1
2
6
14
19
26
36
52
49
46
46
36
28
20
7
-3
-14
-15
-22
-29
-29
-30
-26
-20
-18
-32
-43
-46
-51
-59
-62
-45
-27
-16
-14
-22
-19
-6
15
11
2
8
16
14
23
34
45
40
21
9
-7
-19
-2
16
19
21
31
32
22
32
