0
-1
0
0
0
1
0
0
0
0
-1
0
-1
0
1
0
0
1
0
0
0
0
0
0
0
0
0
0
1
-1
0
-1
0
0
-1
0
0
0
0
-1
0
0
0
0
0
1
0
0
0
0
0
0
0
-1
0
0
0
0
0
0
-1
0
0
0
0
0
0
-1
0
-1
0
0
0
0
1
0
0
0
0
0
0
0
0
0
0
0
0
1
0
0
0
0
1
0
-1
0
1
0
0
0
0
0
0
0
-1
-1
0
0
0
1
0
-1
0
0
-1
0
0
0
-1
0
0
1
0
0
0
0
0
0
1
0
0
0
0
1
0
0
0
1
1
0
0
0
0
0
0
1
0
1
0
0
0
1
0
0
0
-1
1
1
0
-1
0
0
0
0
0
0
0
0
0
0
0
1
0
1
0
0
0
0
0
-1
0
1
0
0
-1
-1
-1
0
-1
-2
0
1
0
-1
1
-1
-2
0
3
2
3
7
8
3
6
13
11
10
17
20
12
8
7
-5
-14
-10
-5
-13
-11
11
29
33
40
44
25
6
18
33
16
-2
-4
-7
-20
-24
-3
-2
-13
2
20
-3
-34
-50
-60
-75
-58
0
41
43
39
49
6
-38
-27
-25
-56
-75
-58
-89
-145
-140
-117
-155
-186
-115
-68
-71
-50
-19
-63
-118
-51
8
-13
-24
17
12
-50
-28
24
-7
-7
52
96
76
72
129
135
95
77
83
57
38
96
115
73
88
129
128
108
101
118
103
98
106
78
45
48
36
-44
-108
-101
-116
-109
-47
7
15
-57
-118
-121
-158
-187
-131
-67
-82
-126
-88
-45
-57
-51
-31
-51
-33
25
40
67
67
61
18
-21
27
83
114
121
177
215
142
62
67
61
-2
-76
-90
-116
-154
-122
-38
17
-17
-6
78
130
116
91
85
22
-42
-24
-15
10
27
89
157
167
152
140
173
200
217
162
112
115
109
51
1
5
-16
0
50
86
71
36
44
42
1
-52
-59
-45
-51
-5
49
23
-54
-53
-62
-137
-183
-185
-184
-212
-218
-193
-193
-234
-237
-190
-135
-108
-106
-99
-145
-140
-89
-111
-154
-174
-135
-126
-110
-105
-122
-129
-132
-113
-149
-210
-205
-163
-148
-121
-81
-88
-96
-65
4
74
128
192
187
139
135
160
165
180
252
301
338
373
398
369
322
341
317
244
205
228
246
220
237
246
198
129
88
45
-51
-122
-119
-91
-108
-160
-165
-129
-152
-214
-202
-133
-81
-83
-68
-45
-78
-137
-107
-41
-38
-35
0
60
95
82
72
77
50
12
-39
-90
-127
-163
-202
-231
-232
-181
-153
-115
-81
-78
-60
-45
-37
-104
-141
-139
-88
-43
6
46
42
77
112
123
72
65
117
148
94
77
106
115
115
134
150
89
50
86
130
93
75
131
138
93
79
65
56
33
24
-36
-113
-107
-78
-85
-74
-10
17
8
-7
21
46
14
10
42
35
23
54
27
-20
-18
-11
-40
-86
-110
-137
-157
-104
-37
-84
-133
-45
58
27
3
61
39
-54
-75
-30
-80
-143
-45
66
29
-64
-20
40
-44
-76
-32
-48
-130
-141
-100
-121
-166
-157
-96
-55
2
55
51
15
5
20
33
56
21
-37
-23
21
39
51
117
158
117
117
114
65
-7
-22
31
38
94
143
156
133
88
95
74
40
26
22
-9
0
-1
-35
-68
-78
-106
-151
-132
-148
-166
-162
-72
-10
-28
-40
-38
-41
-47
-13
16
22
23
40
28
32
41
25
23
36
52
42
30
32
14
1
-7
38
70
90
121
85
82
97
137
125
87
105
138
146
125
115
123
113
122
118
60
19
-2
6
27
6
-42
-46
-46
-47
-95
-160
-190
-147
-106
-109
-54
-3
-56
-116
-84
-53
-103
-114
-110
-126
-109
-94
-34
-3
3
50
113
70
38
72
57
22
49
99
48
8
31
36
-22
-42
-9
-32
-141
-149
-105
-135
-187
-157
-122
-154
-112
-38
-45
-74
-36
-56
-127
-80
19
29
58
135
123
-48
-151
-85
-85
-161
-110
28
13
-61
36
131
39
-18
36
21
-90
-111
1
79
82
69
80
83
59
106
164
180
168
125
121
105
56
-15
-13
31
37
58
107
138
110
92
98
87
37
25
76
59
23
38
70
70
46
79
129
111
27
75
132
73
61
112
96
-7
-29
13
-21
-101
-85
-27
-63
-104
-85
-88
-134
-122
-86
-128
-162
-128
-118
-153
-129
-107
-146
-150
-48
-18
-125
-105
20
-1
-104
-37
28
-68
-134
-45
17
-13
39
106
73
-46
-76
-40
-95
-102
-40
-17
-12
103
181
151
119
94
78
32
22
16
43
113
151
139
100
87
76
67
75
51
-3
10
61
44
3
35
90
63
27
53
73
41
78
121
59
-17
-48
-53
-50
-73
-101
-114
-108
-79
-88
-75
-28
-33
-92
-56
2
-91
-202
-210
-212
-283
-299
-230
-227
-202
-77
19
20
-27
1
-58
-187
-229
-197
-180
-155
-13
122
109
101
146
83
2
19
32
-12
47
117
141
126
76
57
15
-7
52
173
259
277
268
201
110
103
132
166
190
205
195
174
148
90
27
-23
-67
-108
-40
66
138
191
155
33
-56
-97
-103
1
90
102
61
37
44
-29
-59
20
74
28
7
14
6
-64
-100
-29
-64
-139
-74
14
10
14
49
3
-90
-121
-81
-65
-81
-67
-25
-20
-91
-131
-153
-163
-161
-142
-110
-138
-173
-164
-109
-20
7
7
-9
-14
-81
-137
-129
-147
-79
53
185
211
207
229
153
37
-22
-44
-86
-3
151
174
116
48
-20
-131
-183
-135
-96
-84
-54
33
0
-88
-72
-57
-129
-166
-117
-111
-109
-21
79
70
13
25
4
-61
-23
19
-4
-19
12
63
87
88
127
109
16
29
54
64
94
139
180
160
126
92
18
-31
-7
23
36
46
55
26
11
-13
-49
-68
-80
-84
-52
3
7
-2
24
67
96
79
46
80
95
89
82
51
57
62
54
82
114
72
41
95
136
63
-6
54
72
-36
-96
-71
-99
-145
-75
27
2
-58
-10
-39
-172
-208
-124
-95
-132
-77
-47
-89
-80
14
-1
-98
-83
-4
-8
-55
-15
29
36
69
112
64
8
41
54
34
17
10
-39
-73
-66
-94
-126
-119
-86
-95
-137
-101
-29
-24
-83
-85
-57
-57
-16
-3
40
78
57
60
86
65
-2
23
112
110
78
91
125
132
95
60
10
-34
-42
-22
-17
8
69
91
64
34
-4
-43
-27
44
81
54
89
131
89
30
29
37
9
27
91
92
55
77
71
22
-14
-7
-16
-48
-52
-70
-51
-39
-59
-115
-176
-188
-187
-217
-209
-136
-116
-86
-43
-74
-147
-136
-48
-38
-105
-74
13
16
-29
4
31
-19
-33
60
78
-65
-98
0
13
-55
-84
-90
-75
-64
-49
-60
-100
-69
-29
22
27
25
50
68
127
204
207
226
335
347
283
241
262
205
137
178
228
229
178
221
254
126
4
29
38
-55
-73
-20
-38
-50
4
55
-2
-100
-83
-53
-110
-131
-55
-30
-68
-64
-41
-92
-130
-53
25
51
52
39
-13
-85
-119
-120
-163
-186
-127
-102
-149
-208
-220
-246
-254
-192
-145
-153
-140
-87
-54
-53
-46
6
56
98
158
197
177
173
173
140
104
139
168
133
134
135
90
2
-26
-36
-72
-100
-85
-50
-70
-81
-102
-135
-171
-171
-152
-130
-49
29
74
84
92
83
42
27
0
0
33
66
104
120
114
105
71
10
-29
-66
-89
-110
-117
-101
-103
-101
-92
-100
-155
-218
-209
-164
-169
-175
-79
8
19
52
54
-43
-89
-9
83
120
142
238
299
257
243
250
203
185
266
294
207
162
224
230
130
81
79
35
30
106
115
25
-35
-33
-48
-75
-28
2
-5
46
105
69
-18
-58
-89
-121
-121
-78
-86
-124
-105
-91
-122
-126
-96
-73
-117
-144
-112
-122
-158
-162
-151
-164
-153
-117
-67
-72
-113
-134
-119
-98
-84
-36
15
45
61
124
170
145
111
115
120
100
74
71
72
99
159
165
119
87
78
51
0
-29
-46
-51
-26
-12
-17
0
49
65
62
62
21
-44
-64
-8
20
-17
-52
-25
8
-21
-67
-89
-91
-88
-40
-38
-97
-133
-132
-141
-140
-135
-169
-133
-100
-129
-183
-179
-143
-109
-23
71
106
71
41
47
63
37
51
149
227
246
274
295
283
250
197
163
125
66
8
-7
-41
-112
-160
-171
-172
-190
-181
-176
-193
-165
-98
-45
-38
-22
10
5
30
98
125
114
179
235
198
138
129
153
127
128
165
119
43
51
29
-74
-160
-159
-121
-115
-64
-13
-60
-103
-84
-111
-178
-175
-162
-160
-147
-97
-21
12
74
106
83
81
120
173
223
300
336
312
265
206
124
75
87
115
60
-17
-56
-86
-105
-94
-93
-176
-225
-183
-172
-215
-204
-146
-121
-102
-46
-35
-45
-3
47
63
13
-18
-19
-27
-13
23
45
44
63
60
34
38
26
0
-3
8
-45
-126
-118
-83
-97
-95
-59
-27
-68
-110
-84
-114
-169
-167
-100
-73
-81
-39
3
13
5
40
64
55
53
82
125
149
168
153
118
84
64
52
65
87
85
81
99
104
35
-31
-32
-14
-38
-32
-17
-32
-35
-34
-11
-29
-54
-10
14
-16
-62
-58
-12
9
35
82
61
21
47
69
18
-23
-15
-2
10
62
109
88
85
100
82
17
-22
-8
5
17
24
5
-43
-45
-12
-16
-32
-25
-45
-92
-123
-112
-98
-119
-118
-119
-139
-151
-131
-88
-84
-63
-21
-36
-59
-45
30
81
103
123
96
56
60
85
90
53
39
82
105
140
174
165
122
87
55
9
-26
-31
-10
11
61
84
40
14
33
34
23
47
93
91
80
117
122
64
19
59
92
62
50
67
44
3
3
-8
-55
-94
-112
-142
-190
-214
-201
-206
-205
-170
-195
-224
-216
-183
-168
-169
-145
-125
-137
-125
-82
-74
-88
-72
-54
-83
-95
-46
25
48
86
129
106
76
68
65
23
-13
10
24
20
56
86
92
80
92
81
15
-19
12
27
19
68
109
123
124
109
61
25
45
66
57
77
134
138
123
147
163
125
102
128
104
60
56
51
9
-44
-53
-62
-88
-63
-35
-60
-113
-143
-170
-243
-252
-197
-181
-150
-84
-71
-116
-111
-51
-68
-90
-62
-34
-38
-11
62
82
90
106
120
96
68
80
75
73
102
137
132
140
185
182
149
153
134
60
16
33
39
41
84
111
90
52
47
40
-36
-46
-14
-39
-64
-46
-13
-42
-50
-25
-27
-49
-36
5
8
-30
-68
-103
-144
-164
-184
-172
-120
-70
-64
-68
-24
-2
-36
-47
-32
-76
-145
-155
-103
-84
-101
-74
-60
-94
-123
-85
-11
2
13
70
86
54
34
60
111
99
57
50
48
42
43
64
112
130
123
103
80
57
27
-2
-8
-37
-80
-76
-55
-26
-16
7
4
-40
-74
-86
-103
-140
-146
-97
-58
-49
-10
20
29
30
3
-15
-45
-46
-2
23
57
83
71
63
71
37
-25
-35
-1
2
-22
46
109
96
100
144
175
140
104
129
107
41
33
48
40
35
95
157
153
156
169
128
66
32
-2
-30
-52
-60
-76
-105
-95
-84
-78
-60
-72
-118
-115
-75
-55
-86
-85
-62
-111
-138
-112
-71
-55
-66
-45
-50
-90
-77
-17
27
71
104
109
104
81
52
9
-30
-28
-23
-34
-28
-4
22
48
74
52
-2
-1
30
36
41
58
42
-23
-56
-35
-8
1
13
45
23
-16
-37
-51
-33
-16
4
44
66
67
87
134
170
158
122
87
46
13
-16
-35
-63
-89
-92
-76
-76
-91
-71
-76
-140
-176
-174
-220
-255
-242
-197
-186
-200
-162
-130
-141
-177
-179
-146
-142
-134
-85
-42
3
42
84
111
122
149
174
204
199
194
212
225
231
225
218
219
219
198
174
153
123
103
91
97
89
70
60
34
-8
-47
-33
-18
-50
-72
-72
-84
-139
-175
-169
-200
-239
-229
-195
-160
-125
-71
-27
-7
-8
-23
-27
-12
9
14
48
93
120
151
191
255
266
216
207
181
132
103
108
104
75
76
86
39
-14
19
20
-48
-73
-45
-22
-53
-54
-37
-59
-107
-115
-91
-79
-55
-16
16
20
2
3
14
-4
-18
-14
-22
-46
-56
-53
-59
-80
-88
-104
-156
-196
-201
-174
-160
-167
-156
-145
-148
-150
-119
-97
-93
-90
-47
-11
7
59
99
149
188
209
196
201
189
124
89
64
18
-40
-62
-33
-34
-57
-48
-20
-16
-52
-26
-9
-43
-58
-40
-22
-31
-38
-26
-15
-32
-39
-12
2
-26
-25
-9
-5
-40
-46
14
34
9
43
110
87
32
-6
-2
2
14
79
126
168
183
170
196
201
180
153
129
119
68
-7
-28
-2
-2
-21
7
23
-34
-103
-126
-124
-187
-211
-152
-116
-82
-17
66
138
145
176
252
248
214
192
189
159
115
100
111
44
-13
21
59
83
70
67
35
-68
-155
-252
-386
-407
-374
-330
-239
-97
-23
-64
-87
-106
-138
-194
-174
-42
-3
62
195
227
245
304
381
371
375
440
408
301
222
238
195
98
109
131
9
-144
-141
-109
-187
-256
-217
-211
-278
-268
-226
-240
-292
-360
-458
-584
-641
-640
-651
-644
-572
-515
-515
-439
-339
-262
-164
-48
93
147
164
242
310
371
441
504
515
499
586
676
639
590
677
694
512
424
413
284
111
-2
-19
-114
-264
-262
-223
-279
-327
-303
-319
-392
-452
-445
-458
-481
-455
-433
-437
-343
-222
-136
-17
71
120
170
261
254
178
176
209
176
134
187
229
159
128
233
300
276
261
299
287
230
232
321
352
280
222
197
106
-9
-63
-27
47
102
143
142
155
146
106
54
-35
-177
-312
-400
-413
-404
-391
-355
-311
-246
-264
-289
-257
-210
-185
-159
-86
-57
-55
31
121
144
123
140
198
234
342
484
518
434
373
318
217
145
160
182
95
-56
-164
-284
-415
-453
-445
-358
-269
-249
-284
-329
-337
-336
-270
-123
41
156
230
239
114
-69
-179
-169
-55
102
223
250
201
69
-88
-183
-232
-276
-240
-126
-64
-84
-131
-100
-90
-152
-132
-89
-70
-30
85
204
259
293
277
203
108
79
111
114
165
265
260
189
140
54
-70
-134
-122
-39
44
90
103
31
-24
-58
-204
-327
-310
-240
-156
-72
-26
-18
-41
-47
-8
4
37
150
237
278
263
207
172
120
83
48
35
139
221
244
242
156
31
-110
-166
-166
-206
-181
-150
-197
-255
-318
-410
-499
-511
-426
-269
-69
74
85
32
-13
-68
-144
-163
-97
-4
191
394
500
515
423
342
271
202
227
298
406
505
525
401
210
87
-14
-22
63
218
314
297
214
47
-161
-313
-317
-230
-91
46
69
51
-25
-175
-332
-415
-351
-257
-137
-25
24
-43
-193
-251
-251
-271
-205
-84
-2
59
103
111
65
50
58
-36
-152
-212
-247
-269
-219
-111
-88
-143
-191
-207
-213
-275
-288
-256
-224
-171
-173
-119
-49
-59
-59
-40
-23
3
11
64
144
189
234
307
359
384
394
380
356
303
246
296
379
351
235
98
20
-10
-48
-21
13
-64
-160
-198
-206
-274
-366
-400
-415
-485
-562
-542
-405
-251
-162
-94
-34
-58
-70
10
122
182
164
200
281
361
430
506
564
528
488
485
508
486
442
500
536
505
434
400
421
316
193
112
-33
-240
-402
-344
-272
-374
-449
-432
-433
-485
-494
-418
-437
-549
-516
-301
-117
3
144
284
333
180
-7
-58
-101
-185
-200
-27
160
230
258
263
163
-89
-256
-180
-128
-177
-128
2
35
-68
-112
-81
-109
-274
-377
-262
-178
-200
-122
8
84
78
69
131
106
24
64
275
492
588
647
633
492
308
192
174
185
196
290
385
441
421
387
404
342
221
40
-110
-235
-373
-388
-326
-328
-394
-456
-533
-774
-1073
-1218
-1181
-1065
-928
-648
-342
-167
-101
-100
-154
-295
-341
-208
-109
-38
2
26
4
-127
-165
-48
94
159
202
260
269
231
181
156
152
93
-3
-147
-253
-241
-130
142
452
648
674
535
345
130
-50
-97
-25
132
287
469
644
755
844
826
713
585
451
350
276
260
257
214
143
86
110
117
94
69
-105
-394
-595
-598
-451
-320
-228
-147
-184
-359
-492
-370
-113
153
266
74
-337
-745
-814
-473
77
569
904
976
701
217
-225
-424
-364
-129
184
456
548
366
60
-129
-207
-100
403
1381
2414
2933
2844
2167
860
-821
-2279
-3141
-3366
-2961
-1870
-391
838
1527
1694
1269
231
-969
-1950
-2618
-2842
-2480
-1611
-592
158
543
655
410
-78
-540
-751
-685
-579
-675
-986
-1351
-1622
-1557
-993
-191
440
745
730
353
-110
-17
1567
4535
6791
6822
4873
1664
-1967
-4808
-5905
-5235
-3232
-329
2922
5498
6250
5430
3960
1746
-1112
-3557
-4904
-5045
-3886
-1675
717
2478
2901
1957
489
-992
-2094
-2395
-1800
-516
939
1858
1659
443
-1299
-3042
-4017
-3902
-2810
-750
1896
4163
5089
4280
2134
-466
-2555
-3733
-3936
-3334
-2189
-534
1301
2685
3238
3094
2412
1155
-468
-2075
-3114
-2896
-1263
1143
3298
4288
3838
2441
860
-424
-1126
-1227
-991
-548
65
708
1168
1419
1637
1862
1818
1403
689
-209
-950
-1378
-1578
-1564
-1440
-1267
-900
-359
51
155
12
-233
-409
-538
-712
-979
-1420
-2008
-2462
-2533
-2110
-1341
-560
17
149
-92
-375
-459
-231
148
295
-64
-938
-2027
-2536
-1573
1353
5436
8533
9128
7226
3671
-488
-4093
-6200
-6411
-4786
-1793
1713
4626
6020
5884
4652
2350
-669
-3411
-5081
-5277
-3893
-1452
1088
2909
3434
2646
1101
-556
-1827
-2485
-2419
-1808
-916
-103
87
-480
-1449
-2330
-2698
-2282
-1151
487
2270
3536
3668
2483
302
-2068
-3846
-4669
-4552
-3628
-1966
294
2621
4136
4404
3581
2085
294
-1232
-1751
-992
777
2742
3827
3430
1784
-338
-2169
-3137
-3042
-2048
-535
1012
2195
2851
2943
2439
1486
364
-538
-1016
-1104
-894
-496
-150
-169
-532
-1030
-1379
-1445
-1115
-322
650
1294
1407
1078
427
-356
-1016
-1387
-1540
-1540
-1324
-834
-257
-5
-347
-1171
-2090
-2644
-2507
-1903
-1260
-779
-368
-59
-37
-27
791
3029
5884
7691
7471
5200
1640
-2065
-4809
-6039
-5796
-4179
-1355
2046
4874
6301
6269
5011
2732
-114
-2619
-4092
-4257
-3103
-1019
1144
2513
2705
1905
601
-734
-1706
-2083
-1849
-1296
-724
-248
114
320
403
388
249
2
-121
133
657
1114
1085
412
-820
-2356
-3765
-4576
-4521
-3797
-2630
-1142
320
1478
2418
3473
4942
6359
6576
5072
2139
-1456
-4806
-7010
-7455
-6188
-3630
-326
2937
5135
5706
4915
3230
1044
-1148
-2776
-3519
-3343
-2324
-796
746
1899
2346
2121
1424
401
-477
-914
-1025
-1021
-1017
-1055
-1143
-1213
-1281
-1201
-741
110
1280
2434
3177
3176
2258
546
-1646
-3713
-5133
-5620
-5102
-3904
-2328
-516
1342
2846
3862
4755
5777
6752
6727
5109
2257
-1005
-3851
-5750
-6333
-5535
-3470
-505
2497
4672
5598
5390
4372
2674
410
-1976
-3854
-4805
-4462
-3039
-1283
435
1758
2386
2309
1633
604
-302
-877
-1227
-1401
-1587
-1777
-1791
-1537
-1000
-311
443
1204
1896
2384
2429
1892
722
-745
-2133
-3259
-4006
-4329
-4035
-3022
-1412
402
1909
3142
4443
5988
7262
7312
5766
2953
-349
-3427
-5681
-6688
-6227
-4271
-1360
1757
4173
5403
5598
4869
3282
944
-1518
-3490
-4579
-4465
-3307
-1602
105
1365
1866
1630
916
72
-529
-734
-671
-608
-817
-1311
-1984
-2652
-2958
-2693
-1790
-337
1389
2891
3762
3738
2607
598
-1761
-3902
-5412
-6041
-5664
-4431
-2446
-160
1848
3649
5590
7606
8895
8626
6377
2775
-1094
-4562
-6911
-7697
-6902
-4581
-1166
2175
4486
5628
5714
4960
3443
1194
-1234
-3169
-4188
-4104
-3141
-1923
-748
293
1033
1418
1413
1263
1237
1282
1178
767
0
-1113
-2316
-3121
-3231
-2622
-1555
-191
1424
2792
3256
2679
1273
-718
-2587
-3834
-4599
-4822
-4480
-3622
-2131
-288
1429
3513
6363
8793
9506
8043
4675
710
-2816
-5567
-6916
-6606
-4948
-2131
1136
3531
4752
5215
4930
3923
2076
-301
-2163
-3079
-3140
-2260
-860
312
1179
1620
1456
917
166
-493
-686
-703
-904
-1060
-1191
-1592
-1935
-1967
-1877
-1582
-1039
-298
610
1393
1591
1317
670
-496
-1729
-2698
-3556
-4190
-4168
-3288
-1690
315
2667
5728
8849
10223
9193
6361
2520
-1382
-4470
-6152
-6193
-4881
-2601
323
2769
3781
3893
3561
2509
738
-1392
-3223
-3955
-3619
-2751
-1409
-12
844
1318
1370
781
-102
-889
-1407
-1464
-1158
-805
-249
260
115
-482
-1212
-1878
-2069
-1453
-234
1045
1981
2291
1931
831
-869
-2452
-3554
-4230
-4244
-3316
-1764
-17
1952
4503
7386
9190
8798
6464
3021
-840
-4147
-6052
-6550
-5650
-3433
-499
2258
3793
3895
3488
2977
1797
122
-1316
-2363
-2842
-2527
-1810
-884
141
798
1190
1226
464
-520
-1017
-1254
-1336
-1049
-629
-336
-408
-943
-1495
-1816
-1851
-1163
200
1396
2038
2017
1340
230
-981
-1894
-2335
-2635
-3037
-2940
-2127
-1005
673
3412
6741
9440
10242
8550
5181
1035
-3174
-6069
-6878
-6139
-3996
-609
2627
4664
5405
5049
4012
2362
89
-1879
-2961
-3487
-3342
-2299
-950
238
1037
1115
628
-237
-1284
-1815
-1883
-2021
-1863
-1437
-1274
-1394
-1750
-2105
-1915
-1182
-218
996
1866
1899
1643
1107
48
-1047
-1871
-2572
-3067
-3351
-3410
-2736
-1245
900
4255
8217
10837
11234
9366
5505
723
-3802
-7147
-8435
-7531
-5024
-1354
2320
4543
5231
4718
3117
893
-1415
-3235
-3930
-3703
-2909
-1479
-66
632
772
445
-236
-797
-1116
-1269
-1078
-802
-802
-827
-978
-1416
-1759
-1940
-1890
-1268
-178
978
1849
2218
1950
1235
201
-1018
-1969
-2573
-2898
-2853
-2373
-1426
119
2637
6104
9345
10813
9945
7132
3018
-1575
-5586
-8084
-8513
-6933
-3934
-388
2610
4300
4612
3822
2040
-369
-2437
-3468
-3488
-2873
-1858
-623
666
1602
1772
1459
978
381
-157
-509
-686
-641
-351
-88
-116
-314
-659
-870
-632
-169
547
1380
1717
1414
690
-537
-1983
-3013
-3613
-3862
-3577
-2845
-1846
-586
1082
3643
7003
9671
10339
9027
6109
2065
-2349
-6078
-8086
-8039
-6044
-2624
1115
3921
5365
5555
4359
2070
-607
-2896
-3878
-3593
-2793
-1614
-109
1128
1587
1353
616
-187
-667
-1007
-1123
-964
-805
-727
-726
-1032
-1596
-1968
-1972
-1463
-386
775
1594
1878
1436
429
-760
-1992
-3106
-3724
-3872
-3640
-2937
-1845
-345
2000
5437
8987
10975
10532
8082
4479
31
-4347
-7397
-8619
-7583
-4743
-1359
1798
4106
5112
4933
3598
991
-1855
-3607
-4360
-4230
-3271
-2039
-532
882
1358
1125
736
218
-211
-403
-563
-612
-664
-1045
-1581
-2123
-2635
-2638
-1822
-468
1063
2154
2408
2121
1234
-243
-1700
-2901
-3824
-4228
-4225
-3867
-2661
-888
1441
5311
9429
11678
11720
9678
6173
1895
-2512
-6099
-7982
-7527
-5189
-1639
2039
4578
6203
6713
5674
3457
565
-1998
-3413
-3611
-3179
-2331
-1059
71
728
607
11
-323
-347
-95
364
545
62
-819
-1686
-2472
-3117
-3305
-2541
-689
1374
2571
2735
1976
428
-1401
-3136
-4667
-5634
-5624
-4928
-3626
-1828
-188
2677
7195
10487
11275
9836
6572
2421
-1977
-5612
-7886
-8366
-6489
-3045
628
3371
5223
6182
5541
3610
787
-1766
-2979
-3381
-3083
-2053
-816
441
1490
1704
868
-171
-741
-883
-634
-276
-140
-292
-751
-1343
-1802
-2227
-2102
-826
1142
2979
3962
3943
2919
933
-1580
-3957
-5748
-6727
-6382
-4829
-2452
-66
2111
5565
9232
10692
9708
6567
2281
-1967
-5488
-7618
-8484
-7549
-4548
-1032
1724
3404
4307
4239
2906
615
-2046
-3827
-4158
-3433
-1995
-693
301
1395
2076
1717
384
-984
-1687
-1582
-1002
-525
-198
-210
-392
-533
-782
-937
-781
331
2185
3576
3912
3591
2796
1108
-1135
-3289
-4935
-5584
-5081
-3249
-298
2484
5620
9810
12488
12058
9133
4726
52
-4309
-7097
-8190
-7795
-5195
-1581
1885
4077
4753
4588
3221
1211
-1428
-3888
-4681
-4412
-3153
-1495
-78
1427
2419
2422
1635
635
-478
-1643
-2275
-2538
-2682
-2733
-2504
-1847
-1057
-363
382
1505
2506
3059
3134
2391
1210
-489
-2584
-4426
-6041
-7012
-6788
-5197
-2352
876
4537
9575
13571
13926
11333
6814
1417
-4019
-7795
-9310
-9359
-6613
-2056
2076
5071
6198
6230
4954
2058
-1073
-3828
-5285
-5314
-4357
-2645
-1038
743
2240
2397
1634
441
-584
-1574
-2811
-3714
-4063
-4131
-3900
-2940
-1715
-662
557
1976
3590
4674
4798
3929
2174
23
-2464
-4448
-5862
-6908
-6855
-5657
-3040
523
3650
7941
13358
15759
14330
10561
4918
-1351
-6718
-9697
-10601
-9624
-5608
-414
4001
6320
6800
6664
4314
602
-3051
-5964
-6853
-6466
-4923
-2681
-396
2191
4042
4495
3479
1707
40
-1611
-2911
-3777
-4480
-4966
-4693
-3436
-1720
47
1713
3484
5380
6568
6564
5346
3146
186
-2971
-5606
-7910
-9029
-8431
-6413
-2658
1310
6094
12735
16631
16412
13511
7818
1000
-5637
-10191
-12160
-11809
-7910
-2658
2031
5570
7412
8086
6222
2472
-1629
-5297
-6746
-6754
-5920
-4138
-1962
1226
3775
4492
4260
3267
2135
370
-1918
-3877
-5414
-6194
-6114
-5134
-3625
-1679
782
3374
5587
6666
6639
5566
3651
1012
-2473
-5639
-8040
-9324
-9281
-8046
-4619
-288
5129
12695
17710
17889
15051
10797
4645
-4404
-10478
-12806
-13520
-9466
-4010
1443
5762
7512
9389
7138
2107
-1930
-5819
-7241
-7616
-6660
-4342
-2275
974
3168
3809
3635
2794
2385
890
-1381
-3486
-5344
-6494
-7104
-6412
-4842
-2615
440
3385
5925
7056
6977
6008
4218
1682
-2225
-5511
-7536
-8687
-8601
-7582
-4641
-900
4181
11781
16692
16674
13895
9103
3089
-3652
-8994
-11758
-12128
-8521
-2734
2230
5481
7095
7796
6106
1904
-2469
-5886
-7252
-6844
-5394
-3267
-1053
1902
4529
5122
4331
3192
2447
1665
-168
-2393
-4292
-5687
-6320
-6034
-4983
-3377
-782
2588
5547
7334
7662
6624
4818
2350
-1155
-4653
-7126
-8228
-7842
-6965
-4788
-1632
2607
9781
15583
16743
14671
10313
5156
-1116
-7085
-10471
-11375
-8316
-2811
2160
5456
6699
7394
6199
2087
-2767
-6703
-8128
-7568
-5944
-3759
-1902
663
3053
3728
2941
1616
939
119
-1439
-3265
-5059
-6429
-7102
-6698
-5642
-3882
-1116
2012
5182
7353
7895
7249
5428
2722
-903
-4407
-6718
-8237
-8325
-7065
-4581
-1385
1830
7805
14363
16497
15136
11276
6041
-475
-7131
-10676
-12076
-10036
-4378
1251
5689
7738
8559
7687
3294
-1831
-6418
-9042
-9087
-8064
-5792
-3103
194
3252
4187
3802
2686
1896
1244
-291
-2063
-3958
-5529
-6551
-6883
-6219
-4738
-1902
1822
5226
7613
8682
8665
7242
4513
716
-3340
-6297
-8392
-8837
-7890
-5731
-2098
1601
7829
14676
17111
15730
11238
5820
-770
-7934
-11489
-13005
-11268
-5520
708
6078
8453
9730
9548
5304
-123
-5389
-8250
-8385
-7708
-5360
-2933
157
3767
5064
4755
3243
2103
1747
247
-1428
-3082
-4643
-5533
-6310
-6436
-5500
-3201
142
3605
6341
7590
7543
6245
3868
353
-3746
-6759
-8480
-8913
-8188
-6119
-2961
1272
8596
15080
16794
15471
11316
5634
-1055
-7533
-11137
-12515
-9851
-3827
1991
6438
8685
9962
8520
3621
-1768
-6901
-9397
-9192
-7642
-4921
-2585
758
3995
4835
4214
2657
1742
1094
-461
-2205
-4006
-5056
-5916
-6680
-6655
-5951
-3400
256
3897
6744
7671
7537
6208
3124
-1119
-5099
-7457
-8662
-8627
-7443
-4945
-1476
2550
9443
15179
15929
14112
9486
3944
-2150
-8246
-11025
-11795
-8823
-2995
2214
6774
8927
10195
9141
4249
-1033
-6200
-8758
-8759
-7831
-5180
-2512
1321
5006
5634
4678
2789
1609
853
-794
-2354
-3979
-4941
-5206
-5477
-5695
-5311
-3128
320
3950
6424
7152
7024
5775
2971
-1213
-5423
-8039
-9234
-9110
-7734
-5048
-1511
2471
9081
15429
16757
15042
11127
5481
-629
-6745
-10381
-11643
-9666
-3827
1983
6175
8443
9636
9203
5098
-279
-5253
-8226
-8446
-7578
-5328
-2889
49
3955
5573
4642
2714
1237
466
-1042
-2891
-4699
-5791
-5869
-5745
-5310
-4330
-2313
610
3745
6366
7425
7133
5828
3579
-42
-4426
-7297
-8817
-8945
-7565
-4848
-755
3357
9466
15444
16746
15303
11069
5412
-784
-7465
-10952
-12733
-10912
-4952
424
5478
8342
9866
9501
4746
-456
-5786
-9393
-10119
-9593
-6764
-4010
-548
3640
5326
4915
2982
1517
461
-1460
-3266
-4845
-5662
-5853
-5589
-5081
-4322
-2051
986
4107
6631
7844
7965
6540
4063
89
-4600
-7540
-9077
-9573
-8850
-6306
-1841
2189
7096
13748
17124
16379
13183
7700
1192
-5939
-10875
-12965
-13075
-8278
-1336
4367
8561
10756
11583
8609
2934
-2682
-7653
-9607
-9332
-7214
-3996
-804
3447
6000
5978
4561
2433
976
-1028
-3245
-4991
-6438
-6901
-6972
-6424
-5215
-3054
7
2953
5828
7538
8160
7475
5086
1766
-2563
-6083
-8454
-9963
-9448
-7757
-4261
366
4930
11425
16760
17587
15337
10467
4063
-2649
-8512
-11991
-13218
-10685
-4478
1782
6481
9303
10547
9120
4376
-1101
-5810
-8535
-8948
-7665
-4594
-1317
2123
5566
6659
5582
3645
2026
333
-2148
-4063
-5207
-5909
-6150
-6178
-5727
-4314
-1938
1144
4190
6442
7726
7620
6048
3020
-1337
-5586
-8502
-10174
-10566
-9412
-6567
-2064
2054
6405
13045
17014
16473
13586
8224
2090
-4400
-9352
-11645
-11893
-7945
-2215
3087
6899
8648
9803
7442
2681
-1921
-6013
-7386
-7343
-6033
-3667
-1615
1632
4036
4124
3213
2009
1155
-384
-2398
-3895
-4934
-5513
-5825
-5909
-5591
-4180
-1615
1298
3803
5845
6979
6435
4754
1773
-2394
-6130
-8496
-9540
-9201
-7643
-4692
-416
3457
8382
15066
17903
16445
12895
7184
1281
-4698
-9198
-11085
-10508
-6032
-611
3581
6588
8062
8487
5734
1116
-3024
-6209
-6889
-6714
-5538
-3385
-1263
1881
3755
3545
2690
1851
1136
-585
-2579
-4100
-4948
-5235
-5048
-4365
-3749
-2250
107
2534
4727
6207
6918
6583
4791
1719
-2014
-5146
-7298
-8742
-8756
-7590
-4930
-1292
1635
7015
13776
15963
14744
11267
6162
628
-6131
-10666
-12364
-11183
-6048
-1065
3319
6587
8443
8973
5693
1493
-2257
-4845
-5048
-5122
-4102
-2115
501
3800
5001
4469
3343
2223
1215
-703
-2750
-4301
-4958
-4773
-4286
-3549
-2854
-1542
1
1242
2821
4083
4652
4305
2797
338
-2689
-5210
-7015
-8381
-8641
-7680
-5377
-1831
1070
5557
12200
15439
14964
12140
7242
1611
-4829
-9330
-11350
-11313
-7628
-2753
1701
4925
6986
7787
5548
2016
-1454
-4225
-5168
-5511
-5050
-3527
-1399
1550
3474
3580
2927
1923
649
-905
-2403
-3508
-4240
-4218
-3232
-2041
-1532
-1127
-224
1034
2476
3557
4138
4183
3678
2257
-106
-2519
-4624
-6328
-6939
-6430
-4746
-1708
945
4739
11394
15532
15796
13809
9032
3618
-2607
-7812
-10494
-11842
-9258
-4707
-492
3180
5443
7374
6789
4129
1054
-2504
-4484
-5754
-6157
-5114
-3801
-854
2200
3386
3066
1904
956
-481
-2008
-3303
-4046
-3797
-3149
-1874
-1560
-1965
-1647
-601
1316
2507
3177
3963
4147
3652
1765
-1069
-4051
-6586
-7782
-7621
-6187
-3646
-491
3441
9893
15864
16963
15137
10684
5288
98
-6118
-9970
-11883
-10630
-5579
-1512
2442
5407
7483
8671
5955
2213
-1777
-4700
-5552
-6271
-5459
-4151
-2046
1151
2466
2472
1514
621
424
-739
-2035
-2890
-2890
-2504
-2483
-2663
-3385
-3142
-1869
-265
1403
2610
4165
5114
4635
2749
-372
-3652
-6440
-8130
-8597
-7796
-5383
-1777
1254
5073
11601
15770
15563
12763
8120
3132
-3359
-8721
-11465
-12830
-10249
-5502
-764
3371
6395
9375
9412
6456
2742
-1067
-3368
-5289
-6160
-5490
-3996
-1152
1161
2437
2555
2259
2513
2108
1239
158
-639
-1349
-2138
-2765
-3801
-4193
-3643
-1925
739
2893
4832
6233
6422
4874
1328
-2668
-6177
-8512
-9415
-9110
-7393
-4637
-661
3007
6958
12912
15659
14603
11910
6838
1660
-4819
-10497
-12868
-13637
-10663
-5766
-782
4281
7910
10582
9981
6573
2478
-1949
-4656
-6952
-8017
-6724
-4714
-1346
1095
2042
2755
2746
2750
2022
851
-104
-1097
-1831
-2941
-3588
-4042
-4380
-3113
-923
1904
4382
6055
7205
6747
4550
882
-3107
-6270
-8188
-8416
-7732
-5934
-2731
1229
4632
8301
13711
16437
15524
12043
6472
1336
-5510
-11029
-13150
-13721
-9755
-4275
1030
5809
8633
11029
9682
5572
1021
-3566
-5942
-7865
-8060
-6568
-4832
-1527
485
1322
1772
1659
2157
1617
579
-547
-1743
-2576
-3895
-4745
-5489
-5749
-3987
-1001
2252
4471
5866
6543
5364
2646
-1027
-4311
-6553
-7647
-7446
-6603
-4668
-1779
1790
5190
7518
11460
14718
13745
10918
6120
578
-5055
-10210
-12053
-12485
-9815
-4167
891
5797
8590
10084
9702
5833
1801
-2518
-5496
-6823
-7604
-5929
-3846
-1235
1001
1516
2422
2619
2656
2407
1248
649
-514
-1945
-3418
-4482
-4684
-4636
-3130
-543
2488
4814
5832
6275
4868
2368
-551
-3715
-5849
-7206
-6972
-6050
-4906
-2469
582
3566
5095
8111
12320
12887
11355
7510
2260
-2650
-7920
-10489
-11562
-10732
-5840
-607
4160
7526
9494
10130
7609
4295
244
-3592
-5631
-6994
-6311
-4843
-2964
-208
1444
2972
3822
3435
3068
2323
1420
-250
-2396
-3874
-4794
-4837
-4574
-3856
-2103
361
2785
3784
3708
3106
1794
-202
-2653
-4526
-6029
-6598
-5925
-5116
-3423
-1238
1513
4124
5727
9510
12442
11685
9418
4656
443
-3536
-7977
-9486
-10255
-7664
-2501
1234
5016
7055
8654
8507
5174
1955
-1912
-4533
-5963
-6852
-5608
-4547
-2362
230
1596
3059
3345
3494
3372
2349
1089
-1106
-2966
-4216
-4592
-4347
-4102
-2631
-759
1446
3068
3378
3528
2940
2083
176
-2666
-4289
-5245
-5343
-5424
-5375
-3435
-1333
1240
3273
5064
9421
11549
10744
8567
3944
-428
-5143
-8359
-9334
-9846
-6924
-2716
1348
5050
6832
8411
7546
4859
1949
-1874
-4380
-6363
-6859
-5582
-4239
-1597
697
2577
3935
4072
4316
3374
2262
1201
-325
-1621
-3050
-3402
-3513
-3300
-2006
-458
1645
2903
3627
4460
4149
2801
356
-2064
-3557
-4887
-5809
-6257
-5751
-3655
-1313
1024
3003
4552
8408
11672
11180
8858
4403
185
-3393
-7353
-9302
-10016
-7769
-3041
877
4632
6858
8449
8568
5964
2546
-2211
-5376
-6656
-6970
-5428
-4429
-2366
575
2422
3680
3330
3179
3190
2047
469
-1674
-3450
-4918
-5744
-5796
-5759
-4578
-2181
623
2834
4418
5743
6025
4998
2528
-677
-3514
-5849
-7191
-7507
-6790
-4120
-358
2777
4889
6341
9178
11967
10988
8058
4161
-14
-3638
-7327
-9268
-9977
-8188
-3641
461
4193
6564
8265
8889
6476
2674
-2160
-5541
-7050
-8140
-7401
-6085
-3305
635
3309
5066
5020
4518
3992
2485
487
-2252
-4094
-5309
-5875
-5277
-4773
-3286
-824
2066
4319
5013
5681
5697
4258
1364
-2348
-5300
-7417
-8376
-8168
-6833
-3896
19
3523
5796
6764
7677
10236
11416
9153
5419
1097
-2124
-4972
-7707
-9013
-8773
-5122
-298
3479
6298
7674
9279
8676
5126
600
-4465
-6998
-7910
-7898
-6008
-3678
-30
3456
5439
5976
4620
3638
2362
371
-1702
-4139
-5310
-5662
-5171
-3761
-2772
-1155
1257
3359
4533
4612
4422
3595
1527
-1423
-4346
-6349
-7535
-7617
-6306
-4054
-841
2764
5073
5893
5803
6320
8314
8282
5726
2874
-336
-2650
-4746
-6716
-7123
-6041
-2396
1391
3741
5883
7092
7502
5587
1590
-2836
-6761
-7886
-7381
-6165
-4032
-1528
1886
4291
4639
3701
2163
1554
706
-1003
-2613
-3610
-3673
-3603
-3373
-3108
-2732
-1117
1192
2953
3663
3913
4183
3613
1597
-1340
-3945
-5677
-6433
-6290
-5447
-3588
-773
2093
3599
3987
3746
4227
6935
7620
5398
3211
803
-1032
-3616
-6405
-7240
-6528
-2813
1237
3995
6636
7829
8433
6396
2081
-1785
-5373
-6413
-5982
-5157
-3143
-968
2156
4299
4235
3589
2451
1835
852
-905
-2170
-3453
-4144
-4300
-4220
-3629
-2923
-1043
1580
3406
4393
4790
4955
4187
1722
-1562
-4505
-6395
-7398
-7489
-6405
-4330
-1241
1861
3786
4547
4321
4548
6524
7392
5898
4090
1768
-347
-2561
-5658
-7222
-6664
-3738
377
3153
5401
7097
7740
6673
3121
-953
-4381
-5925
-5597
-4904
-3462
-1414
1633
4353
4632
3703
2408
1278
161
-1910
-3727
-4561
-4509
-3793
-3140
-2570
-1735
13
2182
3638
4449
4676
4436
3529
1222
-2023
-5092
-7086
-7698
-7411
-6223
-3627
-200
2870
4627
5010
4264
2789
3068
4971
5553
4831
3274
1390
-779
-3982
-6365
-7158
-5977
-2492
945
3802
5845
7015
7243
5329
2027
-2036
-4949
-5522
-5025
-3900
-2275
131
2615
3637
2961
1389
24
-1128
-2375
-3507
-4178
-3665
-2613
-1473
-771
-936
-360
763
1742
2518
2536
2477
2070
859
-998
-3525
-5440
-6467
-6534
-5636
-4376
-2128
397
2589
4196
4535
4412
3338
3148
5089
5146
4224
2942
756
-714
-3378
-4885
-4819
-4199
-729
2062
4040
5925
6879
7977
6190
2976
-54
-2974
-3347
-3659
-3623
-2650
-1460
1260
2385
2108
1477
152
-155
-778
-1568
-2035
-2290
-1609
-1365
-1351
-1310
-1238
-774
3
1110
1374
1532
1845
1135
-440
-2719
-4514
-5642
-6230
-5595
-4410
-2365
139
2430
4315
4669
3998
2671
2462
4046
4318
3566
1906
-48
-804
-2592
-3917
-4203
-3634
-423
2665
4998
6364
6463
6622
4639
1143
-2536
-5496
-6002
-5815
-4852
-3006
-898
1949
3463
3479
2546
960
107
-956
-2222
-3185
-3550
-2871
-2247
-1755
-1272
-679
403
1299
1995
2132
1878
1872
1072
-305
-2055
-3743
-4525
-4900
-4493
-3389
-1680
895
3216
4739
4898
3732
2177
711
800
1978
2115
1621
1060
309
-175
-902
-1746
-1661
-783
564
1430
1771
2472
2660
2004
394
-1724
-3292
-4151
-3727
-2551
-1441
244
2276
3542
3211
1744
215
-1097
-2064
-2865
-3150
-2351
-948
120
742
1048
901
673
495
244
79
-17
105
236
-255
-1267
-2241
-2902
-3358
-3648
-3146
-1806
-170
1563
2605
2842
2428
1250
-529
-1450
466
2747
3846
4993
5441
5052
3184
771
-1024
-2793
-2670
-1500
-436
1120
2470
4317
4635
3085
1485
-613
-1483
-1837
-2311
-1851
-1201
490
1496
667
-83
-1262
-2309
-2930
-3261
-2368
-1434
-379
678
776
303
-653
-1302
-1557
-2101
-2260
-1782
-878
5
-89
-685
-1153
-1749
-2580
-3428
-3545
-2647
-1315
259
1568
2423
2564
2064
1433
67
789
3125
3900
4848
4567
3505
2215
-468
-1758
-3423
-3857
-1733
-420
1706
3148
4534
5613
3852
2557
132
-2127
-2514
-3299
-2395
-1759
-1012
305
-420
-601
-978
-1720
-1723
-1819
-672
134
614
1358
677
-85
-1078
-2050
-2261
-2435
-1431
-182
355
923
806
98
-812
-1797
-2716
-3631
-3187
-1729
-294
1307
2403
3324
3488
2322
878
-1358
-1871
822
2713
3688
4188
4018
3729
2018
83
-2319
-4225
-3402
-2125
-513
1054
2601
4786
4773
3564
1627
-760
-1727
-2866
-3398
-3465
-3135
-1178
-104
128
10
-584
-551
-799
-627
63
166
589
803
522
-348
-1635
-2093
-2368
-2515
-1935
-1025
108
1099
1338
841
98
-537
-1228
-1679
-1603
-1095
-180
870
1612
1956
1873
1349
524
-1088
-1459
1377
3991
5487
6366
5613
4885
2955
-244
-3128
-5463
-4919
-3108
-1430
1022
3244
5317
5698
4306
2411
-154
-2057
-3722
-4754
-4474
-3984
-2414
-694
-82
141
6
87
77
-256
-4
85
-259
-657
-1249
-2181
-3428
-4151
-3974
-3093
-1783
-587
650
1581
1916
1730
467
-988
-1752
-2163
-2147
-1529
-235
1461
2668
3292
3434
2620
1382
106
-952
381
2991
4566
6083
5993
4797
2816
-723
-3067
-5441
-6394
-4521
-2645
456
3143
5146
6362
4367
2123
-903
-3887
-5113
-6453
-5602
-3843
-1599
1681
2489
2555
1938
425
-6
-820
-994
-873
-1268
-581
-284
-837
-2026
-3005
-2614
-2247
-1599
-718
59
1261
1958
2072
1201
-321
-1082
-1542
-1876
-1878
-1256
88
1255
1799
1866
1602
1047
333
-965
-1043
1570
3668
5010
5687
4404
3031
734
-1652
-3123
-4873
-4053
-1996
-152
2649
4592
6125
6080
4239
2430
-224
-2241
-3587
-4180
-2905
-1870
-143
1312
1280
1759
1316
780
418
-325
53
-16
-355
-576
-1661
-2672
-3588
-3762
-3273
-2660
-1287
-172
857
1846
2049
1446
-100
-1436
-2380
-3240
-3524
-3161
-1925
-441
786
1780
2186
2436
2298
1530
-11
-729
1441
3169
3713
3562
1920
1121
-508
-2390
-3189
-4210
-2608
-324
1192
3019
3587
4241
3724
1843
-172
-2981
-4284
-4658
-4484
-3367
-2295
-8
1536
1673
1835
1109
687
453
-193
-497
-1074
-1285
-1085
-1193
-1487
-1894
-1825
-1254
-236
437
717
1765
2443
1891
655
-568
-1149
-1627
-2130
-2157
-1604
-291
1374
2743
3391
3345
3093
2000
-123
-2794
-4682
-3309
-128
2210
3726
3913
4139
4189
2379
279
-1901
-2695
-1930
-1269
-78
651
1997
3716
3587
2308
-166
-1777
-2119
-2662
-2509
-2467
-1499
337
895
1110
606
-186
-484
-972
-713
-603
-622
129
336
27
-868
-1876
-1979
-1849
-1465
-807
110
1572
2542
2369
1406
335
-403
-1226
-1936
-2347
-2184
-928
404
1149
1152
483
64
-768
-2012
-3324
-3876
-878
3127
5470
6608
5930
5442
3696
-117
-2955
-5691
-5844
-3607
-1707
1194
2866
4642
6298
4912
2792
-436
-2883
-3505
-4323
-3835
-2978
-1201
1402
2000
2021
1565
910
839
72
-110
-298
-1006
-624
-421
-1083
-2014
-2477
-2104
-1887
-1493
-523
546
1874
2421
1565
172
-1117
-2077
-3028
-3728
-3371
-2225
-813
475
1265
1265
870
669
-471
-2213
-3588
-3622
-396
3051
5052
6575
6407
5982
4045
393
-2248
-4579
-4559
-2651
-1051
1140
2478
3989
5211
3944
1757
-883
-2240
-2286
-2778
-2517
-2020
-952
766
1287
1171
514
12
275
241
286
181
-26
406
283
-725
-1927
-2684
-2439
-2218
-1980
-869
346
1460
2296
2044
1072
75
-639
-1139
-1747
-2038
-1574
-652
-63
-84
-406
-740
-645
-887
-1558
-1690
-1561
482
4032
6236
7376
6556
5039
3775
284
-2800
-5050
-6139
-4034
-2230
-1
2145
3283
5491
5228
3228
708
-2329
-2942
-3485
-3496
-2531
-1903
567
2053
2261
2500
1674
1655
1123
293
325
-776
-1300
-1321
-2078
-2664
-3330
-3013
-2213
-1436
257
1532
2309
2909
2404
1126
-436
-1664
-2449
-3445
-3741
-3268
-2782
-1894
-1132
-654
-196
386
1002
706
239
-141
-334
1650
3925
4938
5457
4497
3658
2241
-940
-3141
-4436
-4140
-2098
-561
1225
2693
3680
4448
2886
640
-1302
-2866
-2922
-3006
-2881
-2465
-1473
730
1498
1232
1250
829
462
-323
-870
-914
-1698
-1767
-1296
-1588
-1736
-1551
-1055
-364
114
780
1207
1424
1424
735
-70
-701
-1198
-1642
-1810
-1354
-810
-456
197
812
840
582
738
936
426
-124
-483
-444
1203
3436
4692
5342
4948
4262
3114
275
-1978
-3495
-3833
-2401
-1380
183
1790
3212
4760
4188
2643
608
-1366
-1964
-2870
-3354
-3030
-2047
222
1389
1761
1996
1465
1336
537
-760
-1407
-2269
-2437
-2454
-3027
-3068
-2998
-2410
-1355
-880
-493
-110
492
1129
815
569
389
-258
-766
-1389
-1899
-2266
-2377
-1589
-829
-379
394
1096
1566
1524
948
236
-524
-181
1950
3849
4646
4942
4458
3612
1616
-1146
-3062
-4282
-3938
-2705
-1323
856
2859
4621
5211
4117
2281
-282
-1997
-2944
-3622
-3220
-2174
-415
1203
1825
2022
1623
861
191
-665
-1362
-1914
-2278
-2082
-1914
-2001
-1968
-1871
-1313
-637
-297
457
1271
1898
2059
1417
735
-84
-1069
-1836
-2374
-2638
-2491
-1666
-596
289
839
1010
1108
1095
744
71
-743
-1473
-1115
484
1818
2711
3264
2954
2572
1664
-49
-1369
-2271
-2072
-899
180
1537
2902
3867
4027
2790
1056
-717
-2195
-2906
-3336
-3010
-1882
-431
1183
1877
1690
1233
518
-203
-1140
-1939
-2210
-2385
-2098
-1501
-1192
-735
-273
129
519
799
1320
1819
2027
2008
1530
832
307
-238
-872
-1477
-1702
-1539
-1143
-514
262
865
1277
1351
668
-503
-1645
-2343
-2701
-1842
788
3035
4464
5384
4957
3736
1424
-1134
-2976
-4403
-4083
-2858
-1438
886
2784
4333
4876
3874
2476
229
-1765
-3142
-4250
-4211
-3462
-1931
-255
829
1818
1885
979
10
-966
-1481
-1888
-2143
-1719
-1401
-846
-85
73
413
597
695
1265
1458
1522
1193
586
403
-88
-809
-1363
-1827
-1823
-1735
-1423
-708
-224
250
536
327
-165
-884
-1607
-1993
-1947
-1450
200
2626
4339
5281
5033
3807
2429
24
-2458
-4033
-4615
-3182
-1104
920
3072
4434
5240
5033
3443
1142
-1289
-2904
-3670
-3859
-3109
-1931
-396
1035
1636
1775
1275
507
-39
-661
-1118
-1390
-1380
-930
-668
-567
-784
-1131
-1217
-1255
-944
-465
94
1027
1700
1770
1282
334
-680
-1867
-2775
-3170
-3144
-2353
-1113
27
937
1354
1360
1099
502
-209
-835
-1073
-405
1396
3160
4225
4845
4459
3359
1853
-228
-1813
-2675
-2576
-1402
-211
1329
2961
3810
3857
2778
988
-544
-1802
-2615
-2772
-2293
-1005
266
1143
1814
1705
964
124
-771
-1462
-1651
-1444
-1040
-630
-108
17
-533
-916
-1149
-992
-584
-166
517
768
1038
1226
514
-396
-1336
-2066
-2406
-2486
-2111
-1765
-1242
-436
93
283
331
138
-315
-699
-849
-734
-895
-425
1183
2080
2548
2809
2350
2018
1115
-42
-879
-1748
-1373
-491
210
1528
2382
2912
2936
2038
938
-656
-1618
-1712
-1926
-1595
-735
437
1585
1947
1908
1413
525
-9
-509
-1157
-1620
-1673
-1402
-1178
-1121
-1327
-1466
-1351
-1097
-891
-756
-419
-195
-77
-12
-20
-282
-706
-812
-922
-983
-838
-616
-226
383
972
1312
1211
834
517
-13
-538
-871
-1340
-1002
626
2142
3125
3768
3795
3277
1828
111
-1194
-2424
-2607
-2088
-1456
-210
1014
2192
2747
2181
1381
215
-639
-920
-1188
-938
-271
594
1362
1759
2014
1681
855
317
-169
-829
-1339
-1330
-679
-225
-247
-349
-687
-928
-1004
-1275
-1547
-1611
-1193
-502
92
499
338
-67
-244
-711
-1643
-2474
-2714
-2265
-1608
-1010
-254
375
703
891
588
-62
-420
-402
0
1083
2343
3279
4042
4409
4190
3122
1243
-437
-1696
-2597
-2679
-2182
-1158
248
1542
2249
2206
1819
1325
793
182
-445
-846
-941
-489
97
123
152
238
44
-325
-783
-1085
-1371
-1651
-1498
-1314
-1275
-1109
-951
-758
-684
-478
-167
92
563
944
989
997
864
374
-196
-939
-1503
-1830
-2085
-1770
-1408
-1077
-444
-22
116
-21
-251
-361
-615
-665
-463
27
1214
2213
2679
2801
2209
1398
209
-1309
-2165
-2669
-2439
-1373
-354
998
2319
3205
3756
3408
2659
1765
698
-77
-793
-1184
-913
-426
-59
124
340
588
568
380
36
-594
-1047
-970
-759
-906
-1200
-1420
-1545
-1485
-1275
-848
-490
122
1104
1581
1637
1464
830
-105
-1213
-2187
-2738
-2693
-1820
-471
699
1800
2757
3124
2965
2306
1327
-1
-1142
-1610
-1842
-1277
-100
1009
2063
2550
2741
2392
1012
-14
-751
-1697
-1621
-1141
-399
745
1494
2155
2161
1529
964
97
-786
-1223
-1531
-1728
-1492
-976
-459
-161
-44
-97
-475
-917
-1217
-1519
-1709
-1527
-1247
-970
-703
-528
-526
-651
-600
-471
-390
-3
620
794
720
620
187
-443
-1178
-1673
-1784
-1666
-1069
-277
360
1030
1662
1811
1477
990
252
-504
-874
-936
-812
-145
1018
2057
2793
3170
3079
2601
1647
827
4
-1029
-1285
-1094
-717
12
699
1195
1347
1178
982
480
-245
-752
-1261
-1700
-1759
-1618
-1312
-713
-81
151
100
99
-98
-595
-1063
-1362
-1538
-1803
-1819
-1523
-1503
-1353
-859
-412
-5
349
549
527
252
-65
-424
-886
-1124
-1097
-943
-457
291
938
1502
2067
2459
2399
1992
1458
820
232
-47
-58
149
1069
2306
3208
3817
3997
3692
2825
1515
259
-980
-1868
-1855
-1533
-927
46
829
1518
1806
1702
1316
359
-498
-1115
-1667
-1763
-1613
-1488
-1341
-1219
-1182
-1415
-1798
-1914
-1932
-2023
-1826
-1630
-1586
-1529
-1583
-1689
-1927
-1895
-1455
-1194
-777
-94
522
924
1054
969
657
175
-462
-978
-1332
-1091
-188
678
1590
2365
2600
2513
2185
1531
648
-94
-295
16
398
909
1817
2534
2878
2910
2336
1600
896
55
-536
-867
-956
-434
106
616
1248
1464
1473
1328
760
-26
-704
-1219
-1562
-1765
-1814
-1642
-1543
-1598
-1577
-1617
-1743
-1734
-1667
-1494
-1252
-1045
-810
-859
-1128
-1317
-1490
-1468
-1288
-1125
-734
-261
275
814
884
768
674
407
65
-362
-711
-836
-869
-575
-185
114
461
895
1173
1014
726
457
275
348
711
1089
1505
2169
2841
3329
3430
3182
2715
1946
1288
836
417
226
480
862
1122
1361
1495
1475
1095
495
-162
-1014
-1747
-2208
-2574
-2816
-2643
-2211
-1745
-1250
-775
-365
-266
-407
-687
-1160
-1526
-1604
-1563
-1391
-900
-353
113
555
869
1098
1084
1023
984
750
480
344
179
-103
-253
-357
-405
-375
-319
-287
-451
-670
-838
-1068
-1306
-1463
-1476
-1228
-791
-327
-58
249
642
953
1225
1297
1264
1237
1130
1010
784
561
589
808
1127
1456
1744
1965
2075
1905
1506
881
177
-266
-557
-805
-850
-804
-667
-409
-331
-336
-318
-417
-553
-869
-1300
-1586
-1863
-2143
-2286
-2335
-2177
-1817
-1458
-941
-481
-222
-15
68
22
-127
-276
-368
-437
-481
-472
-396
-247
28
303
404
501
600
654
616
415
258
256
449
867
1261
1490
1725
1993
2121
2035
1790
1439
1083
898
889
889
899
1060
1333
1420
1291
999
632
267
-71
-454
-943
-1259
-1212
-1013
-878
-737
-603
-542
-430
-391
-555
-820
-1000
-969
-1136
-1413
-1552
-1685
-1588
-1303
-1040
-837
-685
-414
-104
-59
25
64
-44
-100
-157
-222
-347
-342
-177
-47
-17
86
199
200
229
202
209
329
507
724
822
940
1150
1232
1151
1075
1028
988
1094
1243
1212
1108
1128
1125
1033
800
551
537
481
486
507
343
204
29
-189
-406
-701
-914
-870
-765
-639
-526
-402
-290
-318
-444
-740
-1121
-1445
-1662
-1716
-1717
-1643
-1391
-1113
-779
-458
-418
-433
-468
-644
-825
-988
-1100
-1114
-1002
-690
-420
-347
-349
-277
-133
-100
-85
21
134
266
458
575
686
793
902
1090
1282
1536
1700
1817
1919
1867
1639
1258
926
731
588
541
605
646
783
1013
1148
1139
966
770
601
295
31
-161
-318
-406
-422
-322
-173
-127
-91
-94
-340
-637
-984
-1324
-1572
-1732
-1767
-1799
-1673
-1378
-1114
-882
-633
-401
-268
-292
-314
-428
-677
-742
-708
-716
-712
-565
-278
-68
105
337
408
389
474
528
425
307
455
706
851
1011
1239
1334
1328
1334
1147
751
429
334
292
245
351
552
714
864
967
805
520
449
338
75
-143
-145
-57
-71
35
167
152
63
51
12
-240
-465
-618
-833
-1086
-1266
-1312
-1253
-1102
-847
-629
-483
-240
-62
-161
-325
-478
-661
-791
-869
-780
-654
-505
-194
78
215
276
292
227
159
161
162
123
162
305
416
507
611
738
805
762
724
629
421
264
173
131
98
143
333
412
391
357
285
172
3
-85
-126
-212
-233
-229
-324
-423
-459
-434
-396
-292
-137
38
168
285
285
103
-44
-218
-494
-753
-884
-843
-754
-594
-336
-103
66
235
337
188
-77
-256
-430
-542
-476
-303
-168
16
303
451
320
156
-11
-245
-361
-311
-218
-168
-10
306
500
565
664
614
397
227
173
97
-35
15
160
248
403
583
586
424
415
436
225
31
-71
-147
-194
-82
87
47
57
201
227
147
99
152
132
104
168
142
15
-77
-25
-61
-171
-178
-199
-271
-203
-21
71
131
295
411
429
430
427
274
20
-33
-37
-111
-112
-30
49
77
139
199
163
61
35
-20
-105
-87
-107
-169
-220
-251
-295
-404
-507
-532
-631
-738
-721
-668
-600
-509
-336
-223
-205
-212
-271
-406
-524
-576
-617
-638
-554
-388
-215
-102
18
162
209
184
111
52
-25
-103
-26
58
72
198
398
503
528
518
452
309
182
133
23
-28
83
275
419
516
681
749
722
707
589
448
356
344
352
302
350
396
300
184
101
-17
-204
-271
-172
-61
24
183
340
288
203
112
-106
-295
-403
-400
-379
-333
-158
-71
-90
-139
-289
-484
-561
-523
-481
-411
-197
72
239
340
372
284
55
-228
-461
-690
-837
-830
-722
-535
-290
-26
226
354
391
325
177
45
-81
-120
-112
-112
-112
-113
-103
-109
-119
-87
-9
96
270
474
583
630
640
510
269
87
-33
-185
-259
-138
37
162
347
613
752
811
826
727
555
375
248
84
-130
-226
-252
-364
-383
-284
-192
-92
68
258
275
173
78
-76
-262
-455
-632
-817
-898
-801
-697
-638
-482
-256
-91
28
103
76
-74
-166
-247
-386
-469
-437
-354
-292
-130
38
48
2
33
84
73
89
204
298
341
368
336
229
103
21
-48
-101
-77
6
75
159
286
357
360
338
279
219
192
198
173
116
77
95
143
192
233
215
172
118
88
57
22
30
93
174
193
162
147
100
-8
-116
-221
-324
-416
-438
-397
-349
-293
-188
-50
59
83
41
-49
-196
-336
-485
-605
-631
-563
-465
-328
-147
19
119
188
216
149
83
36
-36
-103
-105
-35
13
29
75
101
75
45
93
161
237
353
497
642
756
813
746
627
498
306
105
-16
-59
-102
-69
92
244
344
444
545
557
453
376
278
70
-144
-290
-431
-525
-537
-496
-429
-333
-214
-131
-129
-131
-162
-254
-277
-278
-362
-449
-458
-473
-543
-553
-474
-417
-380
-289
-163
-108
-84
-32
16
21
14
2
-46
-96
-155
-227
-269
-245
-180
-121
-41
84
196
309
425
510
448
350
327
224
64
-67
-123
-189
-211
-114
-10
72
155
272
367
360
313
221
128
88
30
-11
-4
40
73
100
171
204
179
196
237
270
261
245
240
167
51
-24
-81
-177
-275
-324
-333
-285
-188
-59
59
124
167
168
83
-37
-123
-204
-276
-320
-292
-215
-128
-34
62
113
112
107
96
55
-11
-73
-98
-75
-29
34
104
181
265
301
268
216
149
60
-6
-17
-9
-7
43
149
252
302
332
288
145
-12
-164
-295
-382
-380
-296
-211
-118
-11
69
72
21
-75
-215
-347
-402
-383
-312
-194
-68
46
125
160
130
43
-38
-96
-165
-187
-132
-62
-25
-7
0
-24
-51
-63
-58
-85
-106
-93
-40
1
24
36
26
1
-32
-46
-35
-6
50
104
146
193
211
218
191
133
60
-11
-34
-9
45
115
189
255
288
282
241
149
31
-87
-160
-164
-123
-44
59
158
186
148
91
12
-64
-140
-172
-158
-143
-112
-57
-10
25
57
76
75
46
-9
-86
-150
-152
-129
-119
-80
-10
43
75
96
96
66
33
10
-43
-81
-89
-81
-78
-92
-80
-58
-40
-20
16
7
-31
-39
-45
-29
-6
26
18
-2
-12
-20
-32
-63
-56
-26
12
56
102
90
46
36
35
29
26
19
21
29
46
64
80
130
184
226
263
266
222
127
32
-19
-60
-59
-7
56
127
194
229
202
119
11
-112
-212
-268
-282
-248
-170
-52
48
119
119
78
18
-90
-215
-360
-456
-503
-478
-353
-183
-8
97
180
212
139
12
-110
-217
-339
-420
-409
-324
-211
-74
111
251
319
365
360
252
133
55
-9
-57
-65
-18
64
212
341
425
469
515
531
443
338
252
147
68
66
100
137
168
227
218
134
64
20
-45
-127
-175
-203
-201
-157
-111
-153
-249
-316
-374
-430
-460
-441
-416
-386
-324
-283
-294
-281
-263
-288
-339
-376
-432
-485
-461
-376
-290
-216
-95
3
30
4
-34
-94
-153
-160
-129
-60
57
185
305
389
443
480
504
487
427
364
319
308
312
370
489
642
775
861
882
809
701
581
446
326
235
188
185
252
338
378
411
409
358
248
84
-103
-302
-449
-533
-544
-491
-381
-263
-214
-196
-232
-315
-451
-595
-723
-840
-866
-825
-767
-696
-570
-419
-301
-257
-269
-334
-451
-592
-682
-743
-725
-597
-407
-205
-52
87
171
220
218
171
98
44
46
76
130
208
305
430
585
688
703
674
645
587
508
459
452
476
502
570
627
665
692
689
641
526
408
297
176
84
35
4
1
28
76
92
74
39
-23
-122
-249
-364
-423
-430
-434
-433
-418
-380
-345
-345
-384
-442
-481
-503
-523
-561
-582
-588
-585
-534
-475
-410
-342
-261
-192
-195
-224
-254
-266
-246
-177
-107
-53
28
120
181
213
234
233
177
143
157
197
251
305
382
419
442
467
465
442
387
322
257
228
227
234
258
314
395
404
391
377
332
248
167
115
48
-22
-48
-37
-28
-9
51
82
64
39
-35
-128
-206
-285
-332
-345
-305
-258
-224
-187
-150
-135
-145
-147
-163
-188
-197
-200
-203
-207
-198
-167
-136
-86
-28
19
44
50
33
-8
-24
-57
-71
-39
10
49
83
118
109
95
67
16
-40
-68
-73
-68
-55
-9
43
73
116
135
134
128
115
76
28
20
20
30
52
95
123
124
120
115
107
65
45
25
-14
-27
-30
-56
-90
-92
-103
-147
-157
-142
-151
-133
-98
-85
-103
-125
-115
-115
-124
-105
-76
-67
-57
-43
-65
-94
-83
-51
-30
0
40
43
40
67
84
76
72
92
84
62
49
48
53
51
73
86
82
97
103
87
61
59
47
30
36
54
72
75
79
57
39
36
23
-6
-44
-58
-68
-75
-48
-3
25
32
56
67
55
17
-35
-59
-69
-66
-49
-25
11
49
70
96
104
103
89
90
83
63
50
28
18
6
10
20
35
60
67
61
27
5
-3
-16
-17
-24
-36
-36
-43
-50
-73
-91
-97
-100
-99
-83
-58
-56
-50
-47
-48
-73
-98
-93
-75
-60
-59
-66
-58
-47
-44
-52
-66
-67
-76
-66
-45
-36
-40
-29
4
21
44
50
49
57
53
43
23
14
26
31
46
61
69
42
26
39
44
44
32
30
21
22
26
15
-3
13
34
38
51
54
27
-5
-14
-30
-51
-70
-52
-24
-7
0
9
10
-6
-16
-25
-17
-36
-52
-54
-44
-23
-39
-34
-16
-4
-13
-21
-2
3
9
9
17
3
-23
-26
-15
-18
-22
10
44
76
103
102
88
65
48
31
12
23
19
42
86
104
107
89
70
45
32
15
0
-20
-22
7
18
34
29
12
25
49
61
49
44
17
-16
-27
-23
-41
-68
-67
-52
-34
-42
-43
-40
-61
-57
-29
-35
-70
-76
-66
-76
-76
-66
-56
-73
-64
-43
-51
-48
-34
-5
-5
1
23
14
-1
-19
-33
-33
-4
29
48
64
59
54
25
40
53
31
30
37
76
70
44
29
7
2
-10
-15
-22
-41
-43
-29
-4
-2
4
12
23
29
24
29
22
21
16
11
11
11
7
4
-9
-10
10
20
21
20
13
-30
-55
-65
-92
-93
-83
-68
-74
-73
-81
-105
-111
-103
-71
-60
-32
-6
-28
-46
-26
-18
-43
-37
-17
-17
-22
9
58
54
67
101
99
69
65
87
84
82
108
132
131
122
136
114
92
100
97
97
111
115
82
48
45
54
20
-10
-25
-64
-69
-38
-22
-34
-41
-22
-28
-47
-43
-36
-56
-77
-72
-91
-127
-134
-116
-110
-120
-117
-115
-106
-80
-54
-44
-50
-39
-29
-9
19
19
6
-12
4
15
17
52
92
118
115
124
128
119
101
89
89
68
46
30
24
19
13
21
29
26
22
15
10
10
18
22
16
-19
-37
-38
-43
-46
-59
-62
-74
-60
-35
-11
0
0
0
-6
1
-1
-6
0
23
33
23
34
30
8
4
21
28
1
-17
-16
-26
-42
-38
-33
-58
-79
-71
-46
-46
-72
-87
-79
-58
-51
-59
-66
-63
-52
-51
-47
-35
-53
-63
-38
-32
-51
-76
-68
-47
-41
-18
4
21
31
31
22
12
3
-5
-8
-5
16
34
57
97
108
98
93
99
101
95
99
92
88
106
121
124
98
103
130
143
128
114
96
56
36
30
33
29
28
19
10
2
-11
-25
-41
-42
-35
-19
-6
-7
-6
-17
-25
-31
-31
-40
-49
-50
-49
-48
-60
-74
-77
-76
-90
-107
-111
-122
-119
-98
-87
-69
-59
-50
-33
-33
-45
-60
-47
-38
-34
-33
-24
-7
-8
-11
-10
-9
3
28
43
33
37
48
52
44
40
45
38
47
70
80
70
56
57
50
49
57
67
84
82
69
42
36
52
64
59
53
58
32
9
17
18
-7
-15
3
-10
-28
-48
-55
-61
-69
-58
-71
-89
-94
-91
-97
-104
-100
-105
-106
-87
-78
-75
-91
-101
-95
-94
-73
-37
-13
-1
4
11
30
45
59
55
50
50
51
45
26
15
10
35
60
49
42
57
56
41
28
25
17
25
30
26
14
20
41
49
47
34
25
14
20
21
0
-6
21
45
39
31
15
5
16
33
23
-8
-13
-12
-27
-21
10
29
18
28
54
41
5
-2
6
-23
-43
-30
-27
-37
-39
-32
-29
-24
-18
-23
-14
11
25
-4
-18
-12
-18
-26
-17
-2
-24
-38
-20
2
-8
-8
29
49
32
18
10
-16
-23
-6
-10
-24
-2
31
35
29
23
10
6
16
16
11
-1
12
33
30
13
17
32
30
16
2
-20
-17
31
49
28
9
14
15
9
-6
-38
-56
-50
-47
-60
-71
-61
-35
-29
-42
-43
-46
-57
-58
-65
-78
-84
-66
-42
-44
-59
-58
-46
-45
-47
-37
-33
-29
-8
-2
-20
-27
-14
-14
-13
2
19
29
42
56
40
20
23
39
16
-24
-18
5
32
65
82
61
33
35
42
32
27
27
28
21
24
30
37
63
89
90
63
56
62
53
53
65
82
91
107
114
94
54
48
53
43
27
25
15
13
22
5
-26
-53
-67
-70
-66
-55
-37
-37
-39
-32
-32
-52
-70
-73
-88
-108
-108
-90
-68
-55
-48
-57
-57
-48
-35
-30
-34
-22
4
19
13
6
14
16
7
9
13
18
31
39
20
7
2
-6
0
6
0
-6
-2
17
32
40
38
54
67
48
37
23
5
-4
7
30
35
22
12
-2
-26
-44
-49
-56
-57
-35
-8
0
8
6
-17
-40
-61
-86
-97
-84
-62
-65
-60
-28
-9
-12
-18
-11
-20
-37
-38
-17
1
31
49
50
52
51
52
39
31
31
30
47
80
97
62
32
32
22
2
-7
4
11
16
36
36
23
29
37
11
-26
-29
-29
-31
-27
-15
-28
-59
-73
-81
-94
-117
-107
-70
-47
-30
-5
8
12
32
36
27
17
9
15
24
40
54
55
59
51
49
49
56
49
33
39
53
67
53
49
50
46
40
33
40
26
29
46
43
21
-4
-4
-5
-25
-41
-48
-43
-37
-15
-12
-26
-35
-45
-28
-24
-26
-38
-47
-16
16
32
16
16
4
-22
-23
-24
-19
-33
-27
-14
-17
-11
-5
6
-7
-15
-13
-14
-14
-9
1
-9
-12
-7
-6
-3
2
6
-2
-14
-28
-47
-47
-46
-23
-13
-3
25
26
25
22
14
12
6
1
-1
-11
-10
-6
-10
-15
-18
-24
-31
-32
-19
-16
-21
-13
-8
-28
-47
-46
-37
-35
-31
-30
-40
-33
-16
-4
-7
-8
6
24
17
3
7
7
5
17
16
-1
-5
12
18
5
1
0
6
18
37
35
8
-3
4
1
-9
1
19
40
61
81
95
98
112
123
111
105
109
103
86
80
76
61
54
63
64
44
16
17
25
21
21
26
17
-9
-26
-37
-40
-38
-36
-45
-70
-91
-102
-102
-104
-100
-106
-110
-97
-88
-89
-94
-98
-94
-80
-69
-42
-2
19
14
6
-2
-15
-9
6
16
20
28
24
22
27
29
26
23
34
43
42
32
37
55
53
54
55
35
13
8
9
3
2
10
15
24
29
16
-14
-27
-19
-26
-25
-23
-15
-12
-11
-22
-45
-43
-22
-3
-2
1
0
-19
-46
-48
-45
-52
-58
-50
-58
-87
-91
-85
-63
-48
-35
-15
-7
-15
-20
-11
-9
-3
-5
-9
-14
-15
-9
-3
26
44
51
67
87
94
89
94
109
112
105
75
37
13
10
12
35
66
83
85
61
43
25
9
5
19
39
31
8
-11
-18
-31
-39
-29
-4
3
1
-6
-21
-19
-23
-21
-16
-15
-26
-41
-47
-42
-30
-22
-10
-17
-27
-40
-49
-50
-45
-30
-21
-2
5
-1
-12
-20
-8
3
21
18
11
-1
-15
-13
-4
25
46
62
56
33
22
25
39
52
66
70
53
35
23
10
-3
5
33
55
63
51
32
9
-10
-13
-15
-15
-29
-41
-40
-51
-65
-76
-69
-60
-68
-77
-67
-57
-54
-49
-54
-67
-81
-82
-81
-80
-83
-82
-56
-32
-21
-14
1
5
6
4
4
-3
-19
-6
25
44
56
68
62
42
23
21
32
29
37
37
33
30
28
29
32
41
42
42
43
35
21
26
38
41
48
65
84
75
56
40
17
5
-5
-13
-17
-13
-9
-16
-26
-25
0
31
39
28
20
-7
-39
-59
-65
-60
-39
-21
-19
-24
-44
-49
-51
-49
-51
-41
-27
-28
-50
-60
-67
-54
-16
8
34
19
1
0
4
-7
-1
35
52
58
44
42
50
58
48
55
83
92
91
75
64
37
5
-6
0
-2
-9
-6
-1
4
7
5
3
17
15
-2
-28
-41
-38
-40
-41
-56
-51
-46
-36
-21
-13
-21
-35
-30
-29
-29
-49
-58
-34
-15
-13
4
39
47
35
32
43
36
26
32
46
38
27
37
50
34
13
12
18
29
29
21
12
-11
-35
-42
-45
-44
-42
-37
-32
-49
-72
-75
-74
-78
-79
-61
-46
-62
-75
-64
-53
-52
-48
-38
-38
-37
-39
-25
-8
-20
-26
-32
-40
-38
-19
14
36
49
47
50
50
37
34
37
36
44
75
94
95
87
93
88
70
74
86
96
91
85
90
80
66
51
39
25
10
18
39
50
32
16
11
1
-20
-34
-33
-43
-52
-51
-39
-30
-41
-46
-33
-12
-1
-14
-36
-38
-42
-56
-65
-51
-50
-53
-51
-44
-44
-58
-72
-82
-81
-84
-80
-69
-45
-24
-11
-10
-4
15
27
20
5
-2
-2
22
48
61
65
72
78
77
94
99
86
81
81
84
84
87
77
63
52
47
48
54
47
18
13
13
-2
-21
-29
-34
-47
-59
-65
-62
-68
-73
-77
-80
-76
-63
-42
-35
-38
-51
-50
-44
-56
-53
-54
-55
-47
-48
-48
-50
-42
-31
-10
10
2
5
2
-11
-26
-27
-9
2
2
7
15
9
14
33
31
20
7
11
26
25
10
5
11
22
38
42
39
44
44
52
50
40
26
8
-11
-26
-14
-12
-4
3
11
30
27
31
33
35
27
15
22
34
44
34
29
31
26
16
5
-13
-26
-28
-29
-29
-32
-22
-1
4
12
11
5
9
11
10
-1
-5
-2
-7
-28
-32
-20
-17
-9
-10
-4
2
-7
-25
-30
-39
-62
-59
-38
-25
-31
-31
-15
-11
-38
-52
-29
-2
6
-6
-6
-6
-18
-19
9
42
50
54
78
81
60
60
83
95
76
56
64
68
48
25
26
15
-7
-10
19
38
21
12
10
8
4
-2
1
-7
-24
-40
-39
-37
-32
-26
-36
-51
-66
-58
-46
-38
-29
-32
-31
-30
-24
-31
-46
-55
-51
-27
-20
-13
-3
6
-8
-24
-14
-5
8
4
7
2
-18
-23
-26
-38
-62
-58
-25
-20
-39
-47
-31
-18
-26
-33
-29
-27
-27
-12
6
6
-14
-20
1
9
-1
-2
24
36
36
49
66
51
29
43
64
71
70
95
106
78
42
43
60
52
41
41
47
41
39
47
43
20
-3
2
11
5
-4
1
6
-4
1
15
5
-11
-21
-18
-21
-20
-16
-15
-28
-29
-14
-7
-13
-33
-52
-65
-64
-34
6
11
-1
5
15
16
17
26
39
33
20
16
18
-1
-8
12
27
15
3
15
19
3
-9
2
4
-14
-15
1
-6
-31
-27
-14
-26
-42
-44
-37
-37
-45
-44
-42
-39
-37
-9
8
-4
-28
-32
-20
-19
-22
-8
1
-6
3
14
11
1
5
13
-1
-19
-20
-10
-16
-39
-35
-25
-32
-28
-11
14
21
24
28
21
-2
-18
-1
5
-9
-20
2
30
17
-4
3
13
1
-15
-7
-1
-22
-23
-7
3
-9
-18
16
40
31
23
33
43
34
17
19
22
11
14
42
61
50
37
43
42
27
10
8
13
8
3
4
6
1
-3
1
3
7
0
-10
-17
-28
-36
-38
-27
-18
-17
-13
-8
-13
-6
14
21
18
8
11
7
-11
-11
5
21
23
20
31
31
34
39
40
35
26
13
3
9
-4
-12
-1
2
-3
2
17
9
-17
-33
-29
-36
-55
-57
-44
-42
-33
-7
7
-5
-11
8
25
27
21
13
3
-6
-12
-13
-29
-40
-28
2
19
-3
-26
-17
-36
-76
-81
-64
-50
-35
-8
13
3
-12
-2
17
2
-12
1
22
29
6
-3
-8
-14
-12
-4
5
0
-8
2
27
38
40
49
50
41
33
28
23
13
19
37
35
27
11
-5
-30
-50
-45
-38
-29
-21
-25
-34
-29
-23
-18
-8
-9
-24
-28
-7
16
18
-4
-17
-12
-15
-16
6
30
48
49
44
39
32
27
7
1
17
23
14
0
1
-9
-20
-13
-9
-11
-18
-21
-21
-14
-7
-1
-3
-12
-14
-14
-14
-4
10
24
33
21
3
-5
5
15
12
19
38
47
48
60
71
56
43
31
23
23
28
36
32
14
-4
-10
-9
-12
-5
2
8
5
-2
-2
8
5
-7
-4
6
13
17
19
17
15
13
14
17
13
3
-13
-32
-41
-48
-52
-54
-39
-26
-34
-51
-56
-57
-58
-59
-71
-72
-65
-68
-85
-89
-76
-74
-76
-78
-77
-78
-82
-62
-19
12
17
21
22
15
10
16
34
45
46
53
69
76
64
52
54
47
30
31
47
55
46
50
66
69
53
35
33
42
41
39
40
40
33
22
30
29
18
12
9
-8
-27
-31
-21
-25
-24
-15
-6
-4
-18
-19
-20
-27
-34
-22
-13
-26
-28
-15
-16
-20
-17
-17
-38
-60
-72
-64
-51
-43
-31
-21
-15
-23
-20
-14
-12
-6
4
32
40
47
63
67
47
39
34
23
7
3
30
39
32
30
44
37
27
34
31
28
14
7
12
14
22
37
41
26
3
-3
-9
-29
-43
-42
-32
-29
-31
-33
-24
-16
-9
2
9
11
15
23
24
18
20
25
22
16
-1
-16
-39
-39
-16
-14
-16
-19
-12
-12
-25
-35
-47
-64
-72
-67
-57
-40
-28
-18
-17
-30
-42
-31
-18
-25
-12
9
7
2
12
31
44
34
43
53
37
22
21
27
13
-4
6
28
28
10
3
9
9
9
5
-2
-13
-22
-20
-14
-9
-4
1
11
17
9
7
3
-6
-17
-23
-24
-12
-7
-14
-21
-31
-25
-5
9
0
-15
-4
19
12
10
15
5
-2
9
30
42
35
32
45
47
38
32
30
15
-11
-13
0
3
-16
-25
-14
-13
-13
1
4
-25
-53
-47
-35
-42
-44
-20
-2
5
18
31
36
21
0
4
2
-15
-20
3
22
19
20
26
26
17
-6
-26
-21
-24
-13
20
35
27
27
40
51
65
63
67
65
47
36
35
41
37
44
64
68
43
13
5
-5
-21
-16
-3
-6
-24
-49
-59
-73
-88
-81
-65
-47
-49
-55
-45
-27
-29
-36
-43
-60
-61
-49
-45
-56
-65
-61
-61
-57
-50
-50
-50
-43
-17
13
19
11
7
5
-3
-11
-16
-14
-12
-4
24
39
39
38
45
49
50
47
48
42
24
14
15
16
23
28
32
42
23
17
39
43
38
41
52
41
18
12
7
2
-2
-1
4
0
-1
9
5
6
10
5
2
-6
-26
-44
-52
-46
-43
-40
-16
-3
-16
-31
-27
-6
0
-6
-6
4
4
1
10
15
12
1
0
11
9
5
13
19
23
9
21
34
15
1
9
32
27
17
12
8
-16
-27
-8
10
15
-5
8
21
1
-5
1
6
-10
-33
-19
3
3
-7
-8
9
10
-11
-13
1
-7
-21
-30
-34
-42
-59
-62
-49
-31
-19
0
11
9
10
12
11
3
8
18
12
-8
7
32
19
4
13
23
9
6
19
23
8
5
11
24
34
40
49
43
27
27
32
16
6
12
13
0
0
9
2
-19
-19
-6
0
3
2
16
24
25
16
-3
-32
-53
-52
-45
-46
