-17
-7
3
28
50
75
98
100
97
103
110
109
114
119
104
91
98
102
89
78
70
55
77
86
83
90
99
101
86
72
58
68
83
92
98
76
46
11
-23
-33
-50
-62
-42
-16
-20
-40
-53
-72
-87
-84
-87
-79
-51
-43
-51
-32
-29
-38
-5
38
49
71
62
47
49
38
10
-14
-26
-42
-59
-73
-97
-131
-146
-152
-142
-118
-95
-106
-112
-126
-140
-152
-139
-111
-82
-41
-16
-14
-1
14
20
31
40
46
31
13
0
7
8
7
22
27
41
59
70
89
94
67
59
59
58
67
70
79
91
104
98
77
76
73
60
84
95
83
77
52
16
3
6
-5
-2
-8
-51
-81
-109
-121
-110
-89
-87
-92
-76
-70
-83
-63
-47
-59
-50
-53
-65
-67
-61
-43
-12
-8
-17
-11
1
2
15
28
21
18
-2
-7
-4
-11
-8
19
46
51
32
17
26
23
24
21
14
17
-2
0
13
35
71
81
92
99
92
80
67
59
66
82
76
88
116
129
149
174
181
163
106
64
36
22
31
25
6
-24
-66
-98
-96
-96
-79
-52
-55
-70
-80
-95
-106
-92
-54
-32
-44
-50
-60
-93
-92
-69
-66
-65
-73
-68
-66
-60
-52
-53
-38
-43
-59
-42
-28
-53
-65
-69
-84
-86
-93
-89
-48
-23
-11
-5
-22
-60
-87
-103
-109
-79
-71
-93
-88
-87
-89
-54
6
44
64
78
49
46
72
76
116
162
155
158
166
159
178
194
159
151
171
154
148
150
137
150
153
118
87
61
48
53
63
48
30
44
-4
-51
-23
-17
-26
-25
-38
-72
-94
-130
-146
-114
-103
-106
-104
-137
-162
-145
-134
-114
-98
-112
-159
-183
-176
-152
-125
-104
-70
-47
-62
-41
-16
-15
10
40
41
20
0
-8
9
41
50
73
90
42
27
39
18
23
74
74
8
7
3
-3
60
91
99
143
130
103
166
169
131
208
214
143
190
210
156
172
219
147
86
59
-12
13
51
-3
-20
-38
-127
-172
-120
-103
-85
-54
-76
-92
-81
-83
-78
-51
-52
-26
-7
-113
-208
-170
-161
-128
-27
-50
-78
-50
-123
-145
-101
-97
-103
-87
-141
-154
-82
-104
-123
-56
-59
-119
-87
-64
-70
-17
43
64
68
82
51
72
80
90
147
168
142
114
154
109
94
167
146
98
-8
-104
-95
-27
62
96
89
19
-28
-63
-101
-91
-108
-14
53
-84
-131
-67
-101
-180
-94
-11
-29
-83
-180
-215
-176
3
154
108
-8
-91
-67
-133
-160
8
94
161
195
149
83
26
10
-38
-31
23
47
129
92
32
1
-103
-80
59
134
164
248
245
81
-97
-190
-93
79
84
140
295
311
294
170
-100
-137
62
213
203
98
-58
-35
140
74
3
59
74
199
303
226
151
279
437
356
148
-86
-118
126
207
186
278
226
35
126
108
-159
35
151
-56
-61
-53
-226
-341
-224
-192
-266
-310
-542
-691
-541
-414
-373
-307
-422
-601
-528
-289
-186
-98
155
268
144
61
-36
-150
10
84
37
103
34
-131
5
123
27
-134
-415
-436
-226
-223
-353
-143
93
84
117
14
-172
-75
-43
-190
-212
-155
-144
-27
178
132
-89
-63
115
1
-6
187
150
43
58
155
275
383
495
449
331
177
60
43
46
-11
-139
-215
-218
-40
60
193
424
288
172
434
320
64
322
401
139
180
203
37
128
270
52
-207
-194
-201
-396
-346
-87
11
106
92
-102
-168
-95
-288
-240
224
270
15
-13
-102
-328
89
712
546
344
361
81
29
277
187
57
120
107
162
79
-56
7
-121
-289
-217
-203
-424
-415
-53
-165
-437
-310
-332
-471
-431
-233
-69
24
171
208
182
442
729
485
173
252
-30
-223
255
217
83
306
692
1121
411
-725
-1004
-768
-569
-657
-587
192
795
-28
-981
-1129
-894
-1
514
486
169
-447
-568
-633
-783
-346
150
179
-543
-2070
-2404
-565
1321
2296
2857
2350
422
-884
-778
-397
622
1486
565
-637
-1313
-2660
-2522
-578
165
505
641
-573
-1431
-970
-44
857
1805
1941
1348
1110
575
134
401
328
612
1321
603
-743
-1372
-1748
-1460
320
1601
1393
856
-274
-1305
-1422
-700
308
1223
1111
-355
-1042
-1382
-1451
-650
-472
-1083
-2369
-4632
-7796
-2378
11449
13155
5078
1288
-2368
-4489
66
2720
2560
6194
3869
-4629
-7439
-8124
-6433
1888
7381
2337
-3444
-3795
-4178
-818
3852
3567
5191
5932
2455
1008
-1002
-2897
140
2159
654
-232
-1758
-4487
-5276
-4415
-3450
-372
4005
4551
1446
-1158
-2013
-538
2587
3970
3160
1649
-598
-2518
-3132
-2321
-1046
-979
-2036
-5499
-7884
-8620
-2158
16899
22030
9251
2952
-575
-4972
813
6088
2830
6335
5601
-7650
-12989
-11996
-10718
-1537
8583
3023
-6570
-5725
-6011
-1944
7479
6992
7162
9685
4094
669
-1056
-5808
-3603
478
-1847
-3766
-4126
-6908
-7808
-5474
-2884
441
4211
5236
826
-2007
-1675
-286
4058
5678
3676
292
-2632
-3775
-4144
-3768
-4102
-3850
-5920
-9328
-11240
-2022
20887
24536
11628
6178
-1005
-5187
2216
6424
5355
8657
3733
-9412
-14200
-14747
-11620
322
9735
2482
-6862
-6574
-6983
369
11298
10523
11322
11806
4399
1450
-1217
-5407
-1961
491
-1653
-2647
-4921
-8453
-8133
-4708
-2004
3066
8630
7056
232
-3698
-3190
665
6865
8030
5043
1229
-3128
-4221
-5010
-4475
-3213
-4341
-7444
-12627
-16415
-5106
22531
28752
13591
6591
-1805
-8487
-331
6240
6423
11831
5956
-12328
-18971
-18251
-13710
1159
11873
2042
-7991
-6732
-8046
-489
11028
9825
12242
15436
7094
1911
-1583
-7223
-3921
287
-1221
-2197
-4149
-9282
-10890
-4836
1200
2869
5388
4441
-2622
-4999
-2859
1211
8161
10782
6237
-393
-4159
-5851
-5998
-4853
-3665
-6128
-11280
-15461
-8161
18520
28743
14022
7103
1683
-5829
-52
5962
5878
13749
10413
-8545
-16359
-18143
-15942
-1422
11504
2810
-10552
-8723
-8424
-3288
9722
10084
10529
14278
7440
1749
-1495
-5819
-1764
1617
-2340
-4698
-5953
-8092
-9047
-6967
-1926
304
3581
5173
-2610
-6363
-2710
2938
9848
12515
7825
1295
-2082
-5045
-5949
-5525
-4519
-6028
-10660
-14278
-6422
18119
23464
9748
7223
357
-7024
3002
7712
5357
14237
8726
-10489
-14526
-15611
-14214
1045
11978
705
-11286
-9930
-10154
-2044
10298
8191
8994
12189
5732
3426
709
-5282
-555
4412
1122
-1847
-3933
-6603
-7500
-6977
-6642
-5387
881
4206
-672
-2012
-581
3180
9855
10927
7701
3494
-117
-2757
-5099
-7939
-7163
-5292
421
17528
16456
-2301
-7854
-3830
278
4391
6704
5541
8593
7720
-4062
-11384
-10636
-5449
3583
11418
1465
-12562
-10520
-8759
-4060
4961
4021
4606
7014
1974
-929
-1390
-2453
2776
8510
6636
637
-2035
-3035
-8363
-10626
-8686
-7419
-2909
1070
-2834
-6199
-3461
-582
2433
5856
5536
3157
2089
812
-4302
-8278
-8985
-548
24064
29745
7126
-6671
-11477
-14455
-3103
8687
8873
11562
7131
-8243
-14887
-13971
-7572
6323
17670
9752
-6621
-11132
-11072
-4116
7681
9489
8826
7533
632
-3357
-6195
-7662
-942
4622
4269
2232
-1104
-3984
-5696
-5660
-3732
-3254
-2241
-1461
-4617
-6762
-5274
-369
5050
6764
5256
870
-1311
-384
-1015
-3697
-3851
-7980
-7479
19868
31423
9594
337
-163
-8423
-4854
5103
2608
7662
13743
-2518
-16387
-16410
-12207
-1227
14719
9280
-9974
-8864
-5795
-4879
7420
8576
6499
13921
9929
806
-3042
-7927
-5818
686
644
-2984
-5859
-6093
-6895
-7755
-4973
-3905
-1223
2341
-2296
-3640
1022
3621
7970
8445
4322
2827
1130
-172
-999
-5502
-8111
-8886
-13851
2874
30888
22280
3067
1805
-4431
-8599
5405
9388
4158
13342
5762
-16187
-17374
-13271
-12298
4934
15736
-3795
-12345
-6517
-10594
421
12952
8283
11418
12086
2263
600
-1085
-4635
-866
1087
-2826
-5549
-5736
-8637
-10767
-7180
-4443
-4166
879
787
-3260
529
2403
6131
12358
9954
6201
2747
-1564
-2617
-3037
-5917
-8669
-13139
-16266
6472
32268
21482
2820
-438
-5375
-6532
6633
8770
6901
14826
1593
-17517
-18944
-19713
-13501
10138
17785
-2814
-12218
-12186
-13880
1735
14569
12773
14368
10418
1745
-1801
-7191
-6366
1887
3512
224
-3369
-7335
-10785
-12033
-8816
-6224
-4644
2241
4529
-806
-2465
-630
4723
10206
11070
9504
3416
-405
-1499
-7469
-10376
-8908
-12121
-4346
23935
29879
7817
-2301
-3517
-6556
1130
10165
6369
10146
12909
-5219
-17555
-17425
-15474
-1356
16996
9950
-7847
-10007
-11452
-7163
8042
10574
9525
13103
6245
-1332
-4705
-8709
-4508
2821
4596
3309
56
-5723
-11655
-12886
-9308
-5718
-963
4045
966
-3473
-3048
-794
5585
9299
8147
6456
2624
390
-1892
-8197
-9606
-9782
-5630
20291
31917
11227
-2274
-7168
-11908
-3014
7563
6078
9370
11136
-4254
-14822
-14787
-12981
-2213
14695
11791
-5964
-9579
-10349
-7501
7166
9423
7600
11298
4036
-2298
-3480
-8836
-6399
902
2259
1600
128
-3511
-8376
-10197
-8208
-6945
-2070
3162
189
-1633
-2064
-3482
3063
8243
6349
6081
3804
-594
-1567
-4912
-7212
-8805
-4732
20183
30297
11809
75
-6437
-12548
-4155
5617
4580
9518
9658
-7853
-17597
-15709
-12862
-771
17416
11960
-6828
-7636
-9443
-8608
7891
11401
9972
14491
5786
-2853
-4215
-8484
-5661
1406
1894
-1285
-3765
-5414
-9991
-12200
-8979
-6682
-1307
3581
264
-175
1055
589
5593
8027
6153
6603
3873
122
-2527
-7209
-7511
-7163
4867
27023
20405
1895
-1000
-6615
-8202
3821
8116
6595
10414
3167
-11810
-16606
-12150
-5826
3876
11981
592
-10174
-5897
-6420
-1497
8789
9072
10315
10606
3424
-2045
-4007
-3635
-362
1894
1225
-3096
-6984
-7824
-11525
-10921
-5718
-5248
-2401
-1227
-3589
172
4963
6636
8056
8787
7210
4589
2739
-1212
-5871
-6629
-4751
10422
24617
10143
-5593
-5312
-9268
-6159
6727
5961
7420
11284
-2899
-11476
-11409
-10977
419
12208
7776
-8948
-15462
-11306
-6900
4656
11328
6694
5654
5163
30
-1515
-920
504
4681
2027
-1923
-2037
-6925
-9815
-8297
-8023
-8042
-5249
-3269
-7215
-8137
-3141
3581
9136
10345
8950
6356
4681
2840
205
-1263
-6425
547
23183
20588
-141
-6495
-11599
-13226
1781
7631
2555
7883
3731
-8713
-9004
-7160
-3794
6383
15663
5838
-12131
-14283
-12231
-3989
11193
12264
6281
2403
-2442
-2325
-216
112
5042
6960
1811
-1108
-4509
-8415
-8377
-6491
-4947
-5478
-5248
-6628
-9797
-8802
-4810
2559
10207
12390
10327
6237
1920
-297
-269
-1156
-2925
12324
29845
15724
-3908
-8786
-14246
-8617
7965
7672
5192
9798
-1689
-11782
-10886
-8833
-292
12397
16622
108
-15503
-14932
-11979
-351
14713
14951
6964
402
-3917
-4604
-3173
476
6432
6501
2312
-1113
-8129
-12877
-11119
-6700
-2153
-1098
-2641
-6906
-11071
-9407
-3286
3661
9583
11597
8471
4452
-579
-5548
-3830
-4918
1041
26702
28109
2514
-7259
-11531
-15560
-352
9830
4291
7330
5143
-7667
-11660
-9807
-4963
4179
15257
10051
-9788
-14936
-12827
-8422
7354
15079
10196
5199
-279
-3959
-3364
-1581
3690
7143
3937
2447
-1873
-10107
-12386
-11123
-7988
-3489
347
-933
-7997
-9659
-5418
-418
7691
12922
8731
4974
3398
-2840
-3836
-5347
-2676
21716
29024
8312
-3264
-9846
-16658
-6153
7297
7227
9764
8110
-5457
-12963
-11570
-5593
2873
13526
11606
-5126
-11808
-13285
-11586
2704
11687
12486
10314
2126
-3379
-3868
-3053
3013
6840
2737
1133
-951
-7659
-11469
-11737
-9718
-6091
-1523
-173
-4169
-6580
-5247
-2219
3068
9706
10725
7192
2785
-4270
-5462
-6069
-1143
22589
27383
5720
-4806
-9304
-14674
-4052
7733
8106
11567
8515
-4757
-12744
-12618
-5178
3899
13123
8705
-8049
-10810
-9971
-9273
2172
9033
10067
10876
5148
104
-102
379
5593
7379
1462
-377
-1564
-6920
-11236
-13384
-11741
-7386
-3536
-1500
-4308
-6589
-1648
4646
7019
9215
9351
5931
3183
-585
-5284
-6596
-640
10786
11932
1058
-6752
-8992
-5675
2252
6895
7384
6644
3456
-639
-3516
-3972
-474
2579
2780
-1346
-8770
-11425
-9166
-5116
168
3898
5857
5884
2858
948
2371
4823
7864
7847
3748
-170
-2259
-5292
-9772
-11187
-10249
-9243
-7962
-7662
-8825
-8941
-3520
4057
8471
10696
10117
6404
3471
947
-5563
4250
25964
20510
2666
-5230
-15898
-18676
-5241
2749
5735
11697
5644
-5800
-9256
-6799
751
12275
20544
8407
-10216
-12967
-14096
-12059
-552
4378
4149
5505
2396
-2713
-4115
-874
6719
11345
10241
7348
1694
-3617
-6343
-10064
-10138
-6230
-5197
-5953
-8656
-12104
-9539
-1881
4337
8880
10397
8571
6890
2534
-2796
-7876
4028
28668
22910
894
-8601
-18100
-17854
-1601
4977
5808
11080
3322
-7351
-9569
-7037
2158
12128
18788
7699
-11561
-12773
-11142
-8487
2099
5132
3011
2329
93
-2398
-2608
-150
5657
8713
8248
8196
4297
-1277
-5963
-9570
-9950
-6981
-4668
-8011
-11754
-12178
-8344
-1244
4349
8113
7804
8633
8788
4176
-3704
-2757
19466
28258
10196
-3848
-13541
-21842
-13360
-1127
2141
7923
6602
-3484
-9211
-12055
-3727
10215
19216
18077
946
-10975
-11813
-11374
-2978
3355
3003
3212
-985
-6373
-7186
-5509
2402
10617
8937
8009
7350
1133
-1702
-4090
-7637
-5371
-1904
-3514
-9252
-13951
-13195
-6575
-351
4681
7269
5098
4798
5849
1045
-6075
9893
32287
22232
4367
-4646
-18929
-19356
-3926
-152
2259
8592
-4
-9266
-11143
-9952
-722
13578
21156
9210
-4179
-5725
-8141
-3632
3910
1944
2343
3409
-1774
-6439
-8681
-6150
1718
5611
5478
5275
3784
1259
-1646
-3549
-4944
-3155
-14
-2183
-6374
-9755
-9243
-2911
1434
2633
3058
2417
986
1312
-3838
-4883
18630
30579
13216
1036
-6175
-16074
-10156
1512
1642
4935
6901
-3048
-10856
-11918
-6591
2601
14441
15912
-280
-7329
-4370
-4800
1654
5810
2794
3600
3188
-1225
-4866
-5784
-2144
2185
2798
3415
2940
-87
-2141
-4298
-5871
-3567
807
806
-3173
-5138
-5447
-1970
2354
3896
4245
2156
252
325
-3537
-10370
5028
25837
15733
578
-5845
-15477
-12700
-533
1934
4551
7418
-89
-6769
-11449
-11070
-1046
10318
16675
6007
-8522
-10241
-8480
58
7167
4110
3174
1609
-1891
-3498
-5577
-3055
3463
4749
3247
1680
-1366
-3709
-4848
-3970
-4211
-2764
284
-2669
-5831
-5278
-1722
4672
7812
7180
3948
916
1200
1963
-5672
-3096
20137
22041
4870
-3008
-12216
-16121
-4056
3315
4073
8206
3897
-4746
-8242
-9937
-4464
6266
16228
12497
-2799
-7625
-8525
-4982
6580
6724
3666
4298
-320
-3283
-4112
-4926
-171
4001
2313
700
-1032
-3167
-5783
-6902
-6089
-6248
-1576
626
-3931
-4257
-2286
1743
6888
7538
5213
2421
-182
645
-3853
-8333
12473
24763
7832
-2890
-10219
-18654
-9128
2037
2693
6757
6628
-868
-6382
-10766
-7318
1164
11850
15615
614
-7799
-8261
-9085
2788
7501
2653
4820
3122
-550
-780
-3454
-1500
4007
3465
1527
-152
-2217
-5030
-7210
-7102
-8778
-5247
-868
-4666
-5743
-3082
2273
10236
12091
8354
6255
3858
3563
2303
-5315
8218
24794
10759
-3724
-10730
-20120
-13807
-359
2510
5899
6319
-1889
-6004
-7521
-5002
2336
11647
15100
1429
-7899
-7712
-9904
-640
6239
943
2056
1751
-2008
-494
-2217
-2032
3349
3426
1268
-238
-2322
-5528
-6820
-5826
-8954
-8169
-3183
-5691
-7575
-4341
-526
5694
11065
9235
6303
4551
3419
1799
-1617
13183
27637
13346
-2056
-10755
-21229
-15039
-1023
981
4683
5296
-5006
-8242
-8219
-5430
3266
12965
17456
4132
-6542
-6100
-8034
1990
10325
3306
1367
-482
-6110
-3646
-1678
-1068
4819
6117
3116
-233
-3387
-4660
-6214
-3738
-2951
-6181
-5180
-6969
-10070
-6713
-531
5114
9360
7740
4698
2486
646
1786
268
14365
30035
15304
-1258
-8875
-19080
-14247
-1080
1559
5133
4543
-6533
-10701
-11307
-7870
1816
11292
16159
4067
-7518
-7156
-7847
1406
11692
8081
4478
963
-4901
-3618
-1026
99
4086
4408
2283
-700
-4059
-6804
-8454
-4684
-3365
-4579
-3821
-7281
-9685
-6020
634
5818
9363
8361
3686
1317
452
-514
-1181
15419
30444
15828
-75
-10230
-20985
-13265
492
3246
7571
5316
-8364
-13515
-13267
-8140
2687
12041
15332
2449
-8722
-7752
-7851
733
11263
9456
6329
1635
-5555
-5158
-1899
883
5249
5023
1838
-1107
-4002
-7052
-9148
-6907
-3756
-2674
-3359
-6868
-9636
-7646
-524
6833
11197
10068
5381
1314
-342
-2135
-2639
17000
31794
15160
-280
-9647
-21380
-13297
1752
4192
8421
7033
-6570
-13209
-13685
-8794
2042
13028
15834
1328
-8825
-8374
-9200
1007
10183
7505
7529
4500
-2671
-2930
-1636
-8
4623
5678
3188
-295
-4101
-8603
-11085
-8741
-6803
-4268
-3060
-7463
-9907
-6929
-585
6585
11691
10366
5009
960
242
-3744
-2523
20398
29649
11288
-882
-11287
-21831
-11451
2304
5866
11413
7087
-6536
-11900
-12180
-6141
3540
12705
12852
-3727
-10186
-7962
-11374
170
10381
5720
5175
3029
-2815
-1923
1566
4547
7542
6866
4181
1035
-4060
-8160
-10332
-9295
-6444
-5401
-6000
-9565
-11695
-7004
1543
8592
12690
10719
4873
1926
921
-4136
2554
26664
28835
8814
-3334
-16141
-23390
-9829
2217
6618
11221
4478
-7400
-12831
-12021
-3483
7291
17344
12493
-6453
-11539
-11199
-10761
1788
6640
3126
3564
345
-3545
-2796
52
6243
10454
8412
5122
863
-5022
-8887
-9331
-7821
-6859
-5032
-6082
-11787
-13542
-8733
-143
9397
14368
11027
4628
2377
41
-3896
10928
30463
22340
6063
-4998
-20020
-21059
-8114
-308
8726
12268
818
-9167
-13860
-11305
-886
10226
17881
7407
-7991
-9141
-11833
-8813
2516
3885
2519
2652
-125
-1652
-1833
597
6987
8348
7478
6377
52
-4865
-9366
-11322
-7934
-6719
-5118
-5128
-10029
-11144
-5498
2467
9760
13057
10483
5854
3706
-971
199
19946
28920
14840
2361
-9675
-21038
-15304
-5614
747
10175
8323
-2684
-9936
-11622
-4519
4297
14743
16734
186
-7331
-6670
-10851
-3992
3660
2480
2048
664
-1601
-1416
-625
3445
7784
7509
7693
5133
-765
-6169
-11248
-9851
-6585
-6435
-6147
-8817
-12354
-10473
-3364
4244
9163
9589
5848
4415
804
-2381
14536
29083
17582
3919
-6261
-19074
-17414
-7526
-3599
4250
7201
-376
-7466
-12946
-6697
5400
13049
17718
5805
-8399
-8149
-9347
-6914
-5
683
1840
755
-3472
-2571
-2040
462
8554
10249
7382
6189
1002
-4991
-7636
-9655
-7465
-2998
-3744
-7588
-11140
-12622
-7097
3374
10417
11686
7294
4028
2490
-2516
10154
30411
24102
8941
-2918
-18568
-19876
-9891
-4247
4236
7619
-115
-6075
-12031
-10575
2195
13143
19480
10746
-5418
-8828
-10532
-7647
734
141
195
1786
-3231
-5081
-2745
-898
6340
13361
12360
8623
3298
-3688
-8600
-10129
-8265
-5527
-5333
-7810
-11771
-14232
-10248
-646
7744
12460
10545
6271
5327
-456
8351
30029
26725
10699
74
-15303
-20795
-11829
-6056
1320
5820
-1638
-7871
-12921
-10983
2886
14053
21002
14042
-2305
-6859
-10581
-11013
-2361
-371
417
2731
-1973
-5635
-5520
-4083
3637
11701
14321
13083
6525
-1705
-7648
-10934
-9590
-5387
-4075
-7643
-12387
-15373
-14154
-5710
4298
10515
10548
6033
5047
1727
6799
27679
29707
12764
1624
-12374
-20599
-11995
-6235
-1340
4351
-2112
-9387
-13303
-11833
1097
12603
20293
17023
426
-4932
-5605
-8981
-2464
-85
-2318
716
-1980
-6875
-6539
-6218
-1140
8690
12846
12480
9558
1794
-4842
-8100
-7862
-4429
-3356
-5999
-10869
-15289
-15020
-8304
361
7501
9921
6609
3996
974
7416
27027
30814
16479
4013
-10151
-18848
-12281
-6169
-1213
3990
-2185
-10700
-15167
-13646
-810
12648
21358
18489
3394
-3154
-4781
-6822
-1109
1294
-1102
-343
-2829
-6516
-6399
-6957
-3366
5285
10230
11937
9857
2979
-2709
-5473
-5560
-2583
-1510
-5513
-10873
-15023
-15848
-10674
-2794
3542
5734
5209
3931
156
8251
27851
30984
19626
8535
-7052
-16406
-11467
-6448
-488
4328
-2564
-11429
-17377
-16942
-3832
10759
19542
17477
5485
-1955
-5013
-4004
1286
1846
711
146
-4023
-7635
-8540
-8660
-4878
2985
8918
10992
9175
3019
-2398
-3384
-1604
1377
2536
-1899
-8883
-13558
-15093
-11090
-4177
1179
2841
1589
407
-1309
7995
26593
29721
19198
8540
-5427
-13470
-9451
-5275
141
3286
-4187
-12957
-18939
-17678
-5485
8365
17523
14668
4018
-981
-3961
-3264
2507
3260
1467
671
-3183
-7565
-9293
-8706
-4134
2752
6778
8742
7172
900
-2514
-2318
-1370
1888
3144
-1392
-7200
-11743
-13551
-9277
-3651
-130
1035
-434
-2230
-1360
12166
28660
27895
17600
7049
-5409
-10061
-6039
-2126
3524
3413
-5970
-14449
-20735
-17370
-2978
10544
17736
12735
1933
-2656
-4161
-341
6301
6255
4249
1527
-4323
-8251
-9468
-8187
-2955
2999
5673
6104
3831
-1198
-3386
-2408
15
3630
4094
-1087
-7186
-10983
-12005
-8404
-3152
-479
-558
-2039
-5359
-2378
14440
26970
24106
15859
3997
-6705
-6832
-3073
1098
7092
4103
-6539
-15520
-21262
-16101
-1496
11965
16366
7847
-517
-3531
-5565
1475
9568
8559
6323
2223
-4818
-8396
-9085
-7357
-1658
2803
3703
3886
-259
-5054
-4777
-3120
167
4304
4246
-837
-6051
-8508
-8517
-6810
-3214
-352
-2290
-3916
-5867
-3065
14360
25700
20511
13119
1929
-8168
-5864
-1474
2617
8452
4561
-5534
-14746
-20300
-13903
-912
11290
14914
4401
-3256
-4936
-6251
2309
9624
7760
7557
4096
-3830
-6776
-7172
-6253
-707
3954
3617
1665
-1807
-5247
-5656
-3072
704
2293
2188
-365
-5008
-6894
-5091
-3605
-2493
-911
-2469
-5121
-6451
-616
14990
22724
17329
10135
512
-6817
-4798
-1126
4106
9672
4760
-5262
-14586
-19701
-12332
614
11226
12582
2056
-4722
-6557
-6353
2825
9487
8740
8938
5087
-2164
-5047
-5523
-3712
1187
3092
2038
564
-3106
-4993
-4569
-3673
-815
1274
416
-1622
-3293
-4487
-3474
-1360
-24
-541
-2799
-4455
-6815
-134
16523
21873
14599
6290
-3262
-7652
-3443
510
6388
10772
4015
-5484
-13978
-17897
-9363
3657
12656
10903
-256
-6852
-9041
-6506
3137
7985
7345
7141
2881
-2759
-3748
-2882
-341
4286
4361
681
-1911
-5206
-6471
-4869
-3406
-1576
-644
-1817
-3272
-4243
-3906
-1689
-129
798
144
-2580
-5360
-5242
5431
18082
18418
11099
1193
-8696
-9550
-3940
1118
7861
9821
2683
-6629
-14982
-15036
-5677
5235
13078
8215
-3355
-8037
-10120
-6058
3753
7506
7374
6325
1652
-3034
-4063
-1590
3297
7392
6477
2137
-3053
-6852
-5926
-3677
-2109
-112
-719
-3785
-4662
-4313
-2661
1182
2723
2326
268
-3012
-5920
-3727
9969
20416
16728
9013
-827
-9564
-8632
-4044
1252
8970
8988
1192
-6802
-14476
-12992
-1963
8345
12589
5605
-4181
-8670
-10774
-5190
3523
6181
6758
5082
-308
-4192
-3790
-727
4028
7984
6728
1891
-3742
-7155
-6207
-4120
-1844
279
-1344
-5558
-6555
-5563
-2542
2190
3009
1467
43
-3096
-5790
1626
15257
18549
13178
5190
-5298
-9475
-6313
-2953
2770
8294
5817
-1105
-8355
-12231
-7898
2089
11888
11344
1073
-5416
-8598
-8065
-215
5144
5376
4991
2525
-1806
-4609
-2946
1907
6455
8040
5540
577
-5417
-7590
-5642
-3836
-1522
-107
-2694
-6413
-7429
-6105
-1766
2472
3213
1046
-2233
-5330
-4779
7028
18654
16208
8937
830
-8595
-9688
-5289
-1491
4878
6926
1608
-4818
-11384
-11228
-3207
6291
12705
7459
-2472
-6577
-9190
-5435
3222
5513
5405
5387
1045
-3808
-4875
-2328
3097
8289
8603
4876
-1183
-6186
-5611
-3699
-1505
1045
18
-4097
-6603
-6348
-4050
991
4291
2590
-364
-3442
-7077
-93
15732
19722
13179
5369
-5809
-11521
-7295
-3437
995
6287
3529
-3028
-8644
-11604
-6878
2521
11529
11658
1298
-5781
-8688
-9086
-1239
5474
5677
5001
2504
-2038
-4692
-3964
7
5869
9123
7019
1989
-4410
-7439
-4606
-1252
742
1316
-1716
-6627
-7805
-5464
-1516
3421
5018
2299
-1316
-6474
-3677
11676
20104
15932
8247
-2435
-10475
-9283
-4564
479
5300
5213
166
-7642
-12566
-8809
-773
9095
13975
5580
-4340
-8620
-10107
-4377
3560
5817
5108
2913
-1300
-5094
-5203
-1823
3163
7587
7838
3699
-2636
-7041
-5837
-2663
78
2621
896
-4170
-6538
-6411
-3834
1378
4159
3203
956
-4718
-5555
7815
17673
15288
9620
-736
-10160
-9754
-6292
-1874
4234
4909
733
-5385
-11125
-9361
-2398
6350
12507
6737
-1864
-5603
-9254
-5930
2409
5295
5419
4248
42
-3875
-4555
-2494
2028
6523
7377
4850
-1107
-6401
-6685
-4238
-1063
951
225
-3043
-6157
-6426
-3297
1209
3917
4083
2389
-2477
-3454
8317
17928
15701
9962
215
-9946
-10749
-7002
-2560
3564
4655
151
-5677
-10817
-9320
-1715
7309
12581
6954
-2283
-6958
-9431
-6037
1626
4946
4144
2608
-78
-2967
-2837
-454
2635
6431
7306
4955
-118
-6219
-7154
-4592
-2162
261
98
-3647
-6882
-6904
-4301
587
4994
5276
3059
-1303
-2490
8134
18768
17523
10486
639
-9367
-11866
-8676
-3779
2429
4525
1252
-4961
-11053
-10079
-2485
7756
14507
9205
-1505
-7364
-9436
-6395
1132
6112
5544
2775
229
-2755
-3439
-583
3010
6508
7167
4866
296
-6352
-8013
-5151
-2772
137
-5
-4678
-7694
-8056
-6351
-924
3965
4886
3415
-624
-101
10344
17855
16217
10187
387
-7936
-10099
-9554
-5283
1072
1814
-1211
-6132
-11446
-9621
-2476
6710
13276
8554
-708
-6257
-8715
-5704
644
4169
4230
2140
-1024
-3227
-3320
-1018
3413
7182
7698
6109
1336
-4542
-6012
-4789
-2934
-463
-1005
-5074
-7413
-6976
-5232
-1604
1723
3410
2352
79
6766
16528
17281
13400
6445
-3034
-6404
-5737
-5997
-3040
203
-365
-3093
-8417
-10823
-6460
1161
9722
11071
4174
-1946
-6302
-5970
-646
2189
2378
2246
316
-1979
-2628
-2096
209
4148
6018
5377
4146
742
-2720
-3337
-3234
-2788
-1757
-2574
-4871
-6101
-5422
-3684
-1723
-299
370
-438
2427
13018
19202
16518
10893
2180
-4748
-5440
-4932
-3016
37
-654
-3288
-7412
-11662
-10238
-4258
3934
9624
6048
96
-3461
-6832
-4327
1379
3329
3213
1043
-2585
-3971
-3254
-863
3022
5681
5479
4016
1570
-1223
-2024
-2021
-2366
-1975
-2035
-3771
-5465
-5591
-3618
-1450
-670
275
-1864
-3441
6522
17510
17844
13761
6260
-2672
-4778
-3103
-1633
1767
2034
-1590
-5052
-9925
-11033
-6500
-381
6539
6276
484
-2096
-5014
-4910
281
2579
2454
2699
388
-3614
-4350
-2124
611
4293
6002
4156
1754
-549
-1826
-1345
-629
-680
-1343
-2811
-4353
-4600
-3528
-1509
231
296
-998
-4164
-953
11667
18080
15371
9866
419
-5828
-4355
-2182
706
3562
1459
-3282
-8883
-12191
-9136
-3286
3501
6790
1348
-3675
-5262
-6316
-2347
2522
2996
2711
1868
-932
-2955
-2762
280
4519
6063
4786
2243
-995
-2827
-2522
-1708
-1035
-667
-2182
-5028
-5898
-4846
-2631
980
2551
1522
-1888
-3248
6427
16562
16421
12654
4995
-4261
-5557
-3138
161
4996
4498
652
-4412
-11101
-10368
-4142
1825
7084
3534
-4217
-7020
-8700
-5511
1174
2966
2596
1741
-958
-2348
-2436
-791
3739
7253
7086
4649
766
-2419
-2683
-2084
-1764
-1506
-2335
-4112
-5636
-5966
-4085
-647
1994
2966
663
-2525
3686
14006
15875
12465
6651
-2122
-6226
-4815
-2025
3185
5471
2344
-2371
-8419
-10334
-5878
1093
7502
6028
-1507
-6096
-8939
-8018
-2102
1428
1110
943
53
-2573
-3733
-1810
1899
5515
6850
5314
1943
-1738
-3021
-2375
-2092
-2285
-2579
-3273
-4688
-5743
-5067
-2475
499
1927
789
-1587
3221
13522
16431
12372
6534
-1627
-6072
-4573
-2372
2036
5614
3448
-894
-6980
-10159
-6328
569
7447
7462
-348
-6531
-9713
-9143
-3034
1851
1690
119
-979
-3127
-4528
-2548
1562
5715
7669
6190
2759
-491
-1918
-825
195
-709
-1651
-3267
-5273
-5177
-3945
-1840
731
1704
769
-1605
2276
12686
16838
13119
7197
-995
-6459
-5685
-3492
987
5668
4835
1149
-4772
-8976
-6286
-144
6917
8690
1897
-4964
-9166
-9591
-4779
-57
1384
467
-1171
-3213
-4984
-3735
759
5247
7802
7113
3401
-562
-2410
-1713
-412
-237
-945
-2710
-5374
-6357
-5333
-2951
844
2720
1334
-1388
1513
10636
15401
13705
8487
-95
-6113
-6575
-5720
-1748
3373
3682
1416
-3464
-8043
-5979
52
6716
9488
4136
-2993
-7795
-9555
-5819
-1254
375
529
-864
-4011
-6238
-5527
-2130
3249
7068
6862
4952
1375
-2289
-2353
-1407
-1478
-623
-615
-3440
-6141
-6901
-5202
-1179
2487
2788
-72
2831
11924
15267
12556
7887
211
-4929
-4926
-4466
-1628
1945
1856
430
-3243
-6860
-4959
947
7885
9918
4422
-1744
-6012
-7492
-4478
-1275
-893
-1400
-1535
-3068
-5613
-5808
-2961
1487
4980
5653
4594
2284
159
-288
-1104
-2293
-2035
-1577
-1832
-2886
-5014
-5399
-2989
-111
740
-168
4547
13415
16106
13059
6868
-1842
-5699
-4271
-2917
140
2586
1422
-956
-5177
-7450
-3908
2423
8864
9985
3889
-2811
-6750
-6399
-2578
-586
-1031
-2129
-3294
-4284
-5609
-5437
-2367
1627
4041
4042
2679
823
530
1850
1117
-1534
-3021
-3087
-3018
-2864
-3136
-3109
-1537
-93
-1093
-1751
4958
14662
17362
13737
6485
-2739
-6899
-5316
-2882
795
2654
792
-1896
-5950
-7465
-3149
3722
10149
10604
4037
-2676
-6331
-5516
-1596
191
-831
-2822
-4737
-5820
-6144
-5226
-2024
2422
4470
3115
678
-1123
-492
1894
2232
-128
-2552
-4206
-4720
-3780
-3251
-2485
-433
1089
-215
-1573
5018
14630
16734
13348
6809
-2352
-7045
-6053
-3866
-483
1213
-310
-2868
-6762
-7819
-3487
3301
9516
9537
3859
-1647
-5219
-4298
-620
289
-939
-2213
-3934
-5713
-6648
-5703
-2348
1774
3804
2895
546
-1363
-502
2063
2381
244
-1574
-2764
-3471
-3084
-2972
-2527
-231
1441
-311
-395
7290
15073
16468
13813
6572
-2169
-5952
-5882
-4058
-714
314
-922
-2959
-6979
-7788
-3081
3236
8587
8396
3302
-1405
-3768
-2020
608
258
-639
-1636
-3687
-5192
-5863
-5390
-2571
1490
3213
1565
-855
-2113
-953
1345
1379
-988
-2549
-2724
-2793
-2058
-1899
-2179
-280
1913
438
695
8959
15456
14729
11462
4484
-3364
-5210
-4193
-2434
308
-12
-2407
-5104
-8204
-7322
-1850
4506
8269
6117
947
-2655
-3028
617
3346
2033
-141
-1816
-3055
-3855
-4503
-3893
-1367
1540
2256
490
-1808
-3002
-1556
973
834
-1544
-3198
-4171
-3863
-2343
-1851
-1340
584
1405
-935
1701
10719
14926
13588
9660
2120
-3772
-4723
-4327
-1966
271
-819
-2361
-5711
-9220
-7401
-1877
4741
8127
4099
-1504
-4106
-3592
901
4554
3203
314
-1386
-3117
-4320
-3466
-2019
76
2792
2330
-359
-2517
-3300
-1188
1004
-96
-2916
-4546
-4551
-3319
-1954
-1476
-755
1046
1703
-135
3682
13192
16484
13745
9032
1133
-4252
-4409
-3303
-547
772
-1111
-2805
-6231
-8637
-5717
-78
6377
8375
2904
-2814
-5243
-4004
601
3800
2753
341
-913
-2227
-3776
-3587
-1283
2030
4501
3518
-196
-4010
-4532
-1458
614
-421
-3052
-5347
-5660
-4028
-2994
-2462
-924
530
658
-61
4168
12919
16313
13572
8287
809
-4130
-4387
-2991
-416
384
-1462
-3172
-6699
-8568
-4661
1165
7094
9072
3579
-2393
-4614
-3359
847
3732
2561
215
-683
-1730
-3095
-2983
-1319
1917
4869
4074
352
-3420
-4757
-2218
-5
-1180
-3158
-4965
-5838
-4439
-3212
-2710
-853
929
561
-600
4171
13727
17629
14658
8772
361
-5418
-5318
-3504
-947
178
-2028
-4362
-8035
-10996
-7464
-516
5907
8196
3304
-2830
-5093
-3478
735
3561
2428
50
-1063
-1787
-2947
-3007
-1109
2398
5428
4537
1412
-1693
-3058
-907
734
-821
-3229
-5032
-5706
-4353
-3073
-2953
-1492
518
402
-1457
2137
12610
18777
17375
12327
3315
-4237
-4954
-3523
-1310
898
-673
-3342
-7427
-11579
-9104
-2433
4608
9042
5402
-1531
-4876
-4469
-714
2945
2602
381
-969
-2919
-4813
-4284
-2317
1114
4571
3845
503
-2342
-3439
-1300
1202
446
-2223
-3947
-4809
-4422
-3541
-3441
-2472
-554
4
-1922
1104
11195
17395
16460
12588
4826
-2222
-2764
-1371
313
2035
416
-2387
-6609
-10951
-9334
-3862
2784
7988
5388
-818
-4037
-4075
-626
3527
3757
1732
805
-923
-3444
-3890
-2333
794
4411
4260
968
-1793
-3102
-1508
1231
1254
-511
-2171
-3547
-3851
-3587
-3872
-2918
-1125
-919
-3094
-2283
7246
16457
16900
12965
5557
-2967
-3947
-1558
16
2900
2159
-1717
-5914
-11608
-12576
-7074
141
6592
6359
-185
-4711
-5933
-3927
1004
3314
2344
1558
-164
-2902
-4107
-3165
-107
4005
4940
2269
-580
-3215
-3550
-1101
-434
-1311
-1597
-2776
-4288
-4381
-4041
-2962
-431
918
-1236
-2962
3965
14489
17434
14853
8697
-614
-4158
-2782
-1928
1431
3147
305
-3060
-8759
-12579
-8779
-1612
5545
7839
2328
-3589
-6038
-5165
-704
2747
2689
1992
1034
-1107
-3108
-2925
-205
3269
5076
3892
1371
-1006
-2342
-1328
-447
-1539
-1536
-1249
-2800
-3780
-3655
-3458
-1725
541
121
-2862
-651
10272
17892
16770
11932
3041
-4183
-4057
-2735
30
3878
2782
-425
-5450
-11531
-10889
-4850
2916
8915
5609
-1387
-5065
-6939
-4001
1326
3153
2522
1374
-832
-3654
-4170
-1216
2187
4514
4992
2766
5
-1577
-2084
-1558
-1361
-1586
-1070
-2158
-4792
-5599
-5039
-3341
-617
157
-1676
-3845
1774
14148
19092
16066
10042
189
-6095
-5990
-4528
-86
3612
1956
-2218
-8988
-13569
-10372
-2873
6120
9902
4251
-2383
-6936
-8542
-3662
2313
4087
3079
521
-3110
-5408
-3743
255
3550
6150
6552
4183
1238
-1275
-2194
-1622
-971
106
-592
-3972
-6069
-6017
-4850
-2001
397
885
-472
-1806
5282
16707
19532
16288
9663
-844
-6644
-6886
-4937
310
3313
904
-3594
-9866
-12743
-8633
-534
8763
11102
4559
-2202
-7560
-8929
-3334
2120
3135
1601
-2025
-5607
-6442
-4335
-397
3379
6205
6861
4801
902
-2502
-3522
-2611
-1089
-75
-1873
-5797
-7474
-6351
-4744
-2155
173
665
284
-1351
3398
15496
21033
18149
11482
-44
-8274
-8215
-5579
-334
3966
1626
-3111
-8598
-12290
-8909
-1079
8635
13616
7957
98
-5387
-7882
-3730
2221
3931
1873
-1284
-3794
-4909
-3637
-542
3254
6972
8726
7099
2560
-2023
-3931
-3039
-1455
-1101
-3131
-6525
-7692
-6517
-4737
-2193
88
859
987
-495
1795
13403
22041
20028
12775
1472
-8293
-9210
-6350
-2393
2259
1451
-2698
-7245
-12294
-11118
-3466
5770
12354
8692
-349
-5501
-8683
-6987
-196
2374
224
-1691
-3574
-5355
-4809
-1736
2149
5950
8724
7956
3293
-1665
-3937
-3671
-2309
-1798
-3504
-6484
-7882
-6933
-5025
-2956
-466
930
1007
747
-29
6633
18692
21334
15388
6857
-3963
-9483
-8067
-5196
-77
3231
1005
-2630
-8242
-11437
-6649
2070
10911
12997
5538
-2252
-7192
-8954
-3979
1876
2241
313
-1181
-3304
-4534
-2273
1398
4758
9211
10587
6525
700
-3602
-4804
-3720
-2465
-2437
-4679
-7551
-7808
-6386
-4189
-537
1990
2333
2576
235
419
11207
20212
18316
12623
2888
-8096
-10961
-9266
-4778
2342
4079
1157
-4217
-11640
-11802
-4128
5547
13904
11529
1355
-5367
-9660
-8907
-1435
2360
1031
360
-1317
-3560
-2936
-554
2008
6704
10992
9645
4477
-1343
-5503
-6203
-4566
-3108
-3515
-5211
-6220
-5829
-4562
-2160
1128
3360
4467
3605
-415
1699
12754
19084
16918
10566
-1194
-10608
-11025
-8327
-2565
4126
4089
-139
-6297
-12229
-10301
-1520
8281
13209
7635
-2388
-8565
-10760
-7328
-423
2228
964
122
-1041
-2669
-2347
-810
1684
6855
9961
7778
2669
-3807
-7507
-6868
-4690
-2618
-2374
-3759
-4698
-4635
-3415
-888
2280
4035
3757
1288
-2474
248
11369
18686
17000
9917
-1565
-10338
-10743
-7517
-1014
5357
4301
-414
-7023
-13118
-10081
-719
8056
12226
7015
-2454
-8463
-9911
-5951
95
2621
2738
2240
351
-1549
-2091
-748
2462
6897
9435
6875
809
-5242
-7906
-6526
-3706
-1613
-1343
-2691
-4150
-4334
-2827
-686
1873
3639
3010
717
-2207
867
12109
19300
16997
9464
-1978
-9885
-9233
-5576
1103
6704
4188
-1160
-7730
-13215
-9250
106
8229
11746
5555
-3897
-8826
-9110
-4776
975
4168
4040
2242
84
-2515
-3302
-706
3159
7008
8264
4951
-541
-5485
-7314
-5459
-3217
-1773
-1264
-2632
-4226
-4451
-3237
-1020
2140
3751
1589
-1414
-4363
-2164
10714
21017
18798
10919
-338
-10300
-10322
-5640
-73
5638
4187
-1680
-8082
-14280
-11749
-2258
5959
11015
7074
-3219
-9166
-9472
-5054
1961
5971
5539
2677
-442
-2861
-3291
-732
2234
4828
6318
3827
-363
-3321
-5537
-4917
-1671
223
-32
-2079
-5175
-6502
-5220
-2245
1407
2710
494
-1374
-2428
-3480
4029
17469
20885
15167
6977
-4308
-10038
-7455
-3725
2424
5683
745
-4689
-9911
-12932
-7252
1831
8841
10303
3321
-4467
-7150
-5598
-855
3965
5512
3318
734
-594
-2700
-2979
-188
2021
4337
5808
3463
-92
-3233
-4659
-2469
-566
-1080
-2082
-4373
-6328
-5602
-3937
-1644
1482
2318
1541
1158
-1865
-600
11606
20525
18546
12451
1444
-8998
-10355
-7843
-2732
3456
3052
-984
-6558
-12662
-11072
-3757
4469
11307
8714
364
-4139
-5840
-4423
246
3343
3207
1575
-152
-2569
-4580
-2981
277
3260
6231
6411
3690
295
-3292
-4374
-3200
-3131
-3068
-3804
-6530
-7575
-6438
-4194
-203
2776
2803
2546
393
-2216
5305
17761
21136
17263
8350
-4854
-12147
-11573
-7754
-108
4711
2089
-3297
-10412
-13341
-7588
1206
9997
12954
6283
-1301
-5856
-7275
-3252
1940
4171
3788
1636
-1221
-3696
-3612
-557
3148
7238
9363
6945
2450
-2520
-6326
-6050
-4342
-4026
-4226
-6133
-8698
-8352
-5841
-1898
3181
5396
4384
3305
303
-1191
8278
20062
20675
13644
1833
-11243
-15240
-11709
-5588
2025
3356
-1518
-6557
-11555
-11117
-3638
5289
12951
12296
3219
-4413
-8565
-8193
-2650
2445
3888
2237
-38
-1913
-3729
-1789
3068
6741
9730
9666
5283
-168
-5413
-8230
-7123
-5195
-3955
-4070
-6593
-8114
-6595
-3003
2643
7357
8154
6736
4440
449
50
9875
20272
19195
11251
393
-11248
-14344
-10253
-5250
938
2941
-773
-4757
-8448
-8127
-1585
6454
11990
9806
1353
-5497
-9049
-7976
-2396
2215
3327
2735
1437
-565
-1831
62
3647
6361
8141
7028
2543
-3027
-7937
-9616
-7722
-5462
-4168
-5051
-8150
-8859
-5882
-1016
4823
8457
8506
6123
3016
0
-1336
6020
16860
16805
9597
601
-10921
-15185
-11116
-6043
616
3603
640
-2236
-6060
-7461
-2461
3946
9253
9188
2138
-4545
-8652
-8805
-3224
2597
4389
3541
2265
82
-1820
339
3610
4633
5573
4399
255
-3798
-7493
-8621
-6279
-4707
-4384
-4877
-7056
-7023
-3068
1643
5875
8135
7373
4794
2427
264
-1777
3931
15091
16870
10907
2951
-8629
-14163
-11085
-6817
371
5265
2985
-164
-4686
-7653
-4031
1901
8836
11498
5232
-1959
-6897
-8309
-3181
2546
4411
3627
1994
620
-937
-515
1641
2580
3931
4599
1759
-1937
-5256
-7536
-6455
-4670
-4345
-4778
-5868
-5663
-3183
196
3449
5247
5687
5133
3213
868
-2619
-1166
10027
17001
13715
7074
-4483
-13947
-12974
-9004
-2950
4248
4259
1435
-1834
-7516
-7015
-226
7506
13550
10467
1061
-6383
-9646
-6134
61
2917
2278
262
-607
-1480
-1584
348
1306
2756
4904
3469
435
-2404
-5387
-5399
-4310
-4511
-4156
-5242
-6514
-4276
-1485
866
4070
5500
5069
3892
2037
-1037
-2924
4742
15436
15854
10253
823
-11654
-15379
-11966
-6665
1903
4992
2769
877
-4631
-6692
-1310
4772
11368
11730
3561
-3320
-8099
-8619
-3344
-40
217
-159
-392
99
-162
-1
934
2116
4746
6217
4576
1481
-2527
-5507
-5894
-6280
-6842
-6794
-7055
-5791
-2748
-165
2235
4732
6236
6375
4863
2401
-1519
-1705
8276
16561
13416
5800
-5067
-15087
-14574
-9402
-2766
5438
7397
6176
3353
-3449
-4775
-260
5398
11597
9855
1110
-6231
-11612
-11546
-6238
-1607
1449
3033
3462
2259
-75
-129
1527
4295
7668
7713
4057
-952
-5895
-8491
-8367
-7915
-7175
-6999
-7386
-5735
-2759
21
3446
6681
8076
7329
4860
1787
-2933
-3020
7202
14172
10741
3828
-6741
-14630
-11964
-6333
569
8242
9431
7205
2656
-4418
-5545
-1369
4794
10196
6264
-2828
-9524
-14314
-12232
-4679
726
3836
5404
5291
3153
1082
1825
3655
5982
8324
7252
2366
-3524
-8485
-10650
-10260
-9266
-7464
-5690
-5115
-3282
485
2955
5475
8328
8384
6954
4462
656
-4526
-7334
994
10909
10091
5936
-1324
-10717
-10115
-4549
425
8477
11200
8067
4014
-4350
-9542
-7001
-1021
6217
6073
-1599
-8983
-15325
-14469
-5710
2153
7199
8692
7097
4547
1637
1755
3362
3798
5519
4708
-704
-5683
-10065
-12199
-10233
-7875
-5023
-2397
-2307
-976
1786
3198
5767
8592
8882
7819
4894
-63
-5166
-9423
-4580
7854
12767
10985
5845
-4445
-9419
-6116
-1435
6403
11971
9253
3799
-4407
-11632
-10214
-3987
3550
7439
2471
-5310
-11671
-13554
-6994
2443
8637
10459
9145
6087
1718
-894
-1157
-1087
1004
3121
970
-4370
-10159
-12878
-11309
-8021
-4011
-1231
-1246
-1292
-214
1146
3577
6632
9062
9796
6953
1011
-4466
-9287
-8868
3213
14626
15857
11646
1489
-8554
-8712
-4222
2524
9820
9235
4177
-2363
-10904
-12414
-6947
216
7798
7324
-766
-7588
-11781
-8772
1647
10432
12768
10289
5765
333
-3380
-3093
-1798
1
3182
2711
-2585
-8634
-12384
-11743
-7948
-3525
-618
-1206
-2829
-2443
-629
2318
5995
8919
9207
6486
1495
-4016
-7736
-10161
-4468
9784
16244
13225
7117
-3864
-10571
-7574
-2926
4007
9543
7069
2328
-5170
-12209
-10118
-4305
3590
10192
5564
-2869
-8638
-11326
-5291
5207
11199
10717
6927
1819
-3589
-5331
-3742
-2177
1162
3724
1137
-3614
-8523
-11053
-8438
-4181
-416
1524
-2
-1259
-606
574
3533
7508
9483
9076
6138
-17
-6332
-8483
-9103
-4527
8962
16310
13179
7583
-2305
-9560
-6954
-3306
2552
9726
7467
1914
-3813
-11012
-10527
-4098
4353
10900
6218
-2383
-7670
-9929
-3770
5212
9420
8753
4156
-612
-4435
-6548
-4662
-1923
908
3925
1458
-4232
-7752
-9470
-6578
-345
2505
1960
-86
-2783
-3384
-677
3441
7293
9269
7759
3090
-2632
-7063
-7725
-6526
-4501
4721
13408
12004
7449
762
-6932
-7147
-4197
-212
6526
6944
3067
-479
-7272
-9433
-4144
2749
9142
7676
466
-4723
-8651
-5750
1464
4558
5294
2675
-1288
-3134
-4880
-3367
21
1591
4511
4360
-435
-3633
-5539
-4626
-662
236
-1217
-3085
-5488
-4469
-28
3162
5220
6190
4476
2211
384
-1639
-3024
-3760
-5568
-2734
6535
10976
9179
5105
-3184
-8766
-7250
-3766
2845
8691
8065
5636
77
-6745
-5999
-1312
4214
7453
2775
-3833
-8674
-10589
-6321
-1469
1370
2775
1771
1227
600
-174
1410
2841
4557
6581
3854
-607
-4190
-7130
-6094
-4307
-4720
-4441
-4896
-4515
154
3776
5030
7077
6744
5098
4398
2094
-1108
-3467
-6073
-8654
-3741
6457
10051
8104
3901
-3461
-6554
-3281
1311
7968
12012
9703
5038
-3314
-10078
-8979
-4680
977
2521
-3354
-8957
-12425
-12268
-6434
437
5735
7396
6561
5123
2087
1494
3473
4245
5827
5767
703
-4892
-9223
-11315
-8704
-5144
-3150
-2200
-2381
-863
2397
4901
6819
7530
6197
5162
3298
-270
-3630
-6658
-8895
-9937
-3745
8207
13679
12539
8579
739
-3334
-2
4499
10055
13289
9040
1621
-7197
-13403
-12189
-7399
-1765
347
-3473
-6930
-8993
-8506
-2969
3207
8023
9885
8488
6441
3104
800
1020
511
583
-119
-3883
-7458
-10141
-11035
-7856
-4034
-1948
-592
-686
-280
1716
3726
5801
6871
5498
3416
724
-2666
-5811
-7269
-7089
-7982
-2619
9101
13896
13290
10225
1988
-2248
12
2114
6171
8401
3921
-1801
-8907
-14113
-12676
-8588
-2081
2002
-553
-2934
-5120
-6100
-1369
4912
10018
11969
9968
7175
3090
-357
-1235
-2310
-1997
-1047
-2844
-5103
-7093
-9273
-7703
-4210
-2762
-1089
781
2020
4047
5392
5286
5208
3621
1702
960
-771
-2883
-4583
-6201
-8457
-6665
4451
14111
15771
13946
6601
-1757
-2908
-1468
1192
4924
3143
-1408
-6304
-12217
-13712
-11012
-5135
1983
3368
1260
-1068
-4040
-1957
4666
10121
12021
9463
5833
1743
-2945
-4251
-4567
-4687
-2322
-1361
-2785
-4623
-6808
-6080
-2550
-611
912
2535
2634
2953
3407
2656
2133
1928
1262
1479
1477
-326
-3093
-5389
-7524
-8625
46
13807
18888
17576
11171
-948
-7823
-7037
-4352
1322
4777
2169
-2084
-9079
-14207
-12177
-6168
2659
8040
6270
2346
-2724
-4981
-1036
4248
7677
8279
5854
1544
-3537
-6573
-7105
-6408
-2699
1307
1468
-239
-3163
-6515
-5975
-3253
-1330
973
1378
-137
-170
-40
265
2040
2816
2495
2871
2056
-116
-2354
-4503
-6577
-6131
3048
14307
16730
13016
5014
-5184
-8414
-5868
-1507
4990
6710
3466
-991
-8473
-12643
-9572
-2402
6876
10130
5149
-1093
-7448
-8626
-1778
4867
8190
8437
5166
651
-3844
-6594
-6040
-2974
2048
5877
4792
-88
-5988
-9756
-8215
-3886
-230
2402
2154
39
-1191
-1660
-1143
723
3239
5192
5713
3782
-170
-4328
-7235
-8116
-7292
1599
14111
16639
12596
5449
-5187
-9638
-6389
-1369
5833
9041
5494
-134
-9111
-13946
-9879
-2321
7826
11588
5514
-1262
-7567
-8541
-1418
5388
9006
9000
5275
821
-3578
-5583
-4159
-1397
3450
6530
3724
-1925
-8273
-11344
-8493
-4435
-793
1206
-449
-2260
-2671
-1980
363
3847
6976
7861
6055
2554
-1288
-4636
-6314
-5900
-5785
-476
10555
14090
10143
4848
-3686
-8397
-4480
-145
4271
7282
3920
-819
-6448
-10728
-7758
-1549
6125
9964
4012
-3063
-8012
-9630
-3112
4595
8226
8573
5393
1204
-2681
-4780
-3079
-329
2923
5416
2175
-4121
-9858
-13419
-10858
-5477
-1114
1766
581
-2018
-2434
-1140
1767
5448
7821
7964
5734
2135
-1372
-4329
-5721
-5067
-4944
-3796
3923
10686
9881
7445
2928
-2890
-2492
-491
849
5798
6485
2656
-631
-6879
-8955
-4441
823
6945
5886
-1599
-5222
-7167
-5153
1983
5945
6162
4386
1094
-1303
-3151
-3592
-1830
60
1909
1884
-1743
-6493
-10290
-10474
-6607
-2066
1606
2838
1601
399
78
924
3069
5342
6470
6297
4419
832
-2447
-4554
-5975
-5443
-5098
-2945
5715
11221
9599
7349
2313
-2663
-1942
-770
2380
7693
7155
4540
435
-6474
-6867
-2962
1533
6191
2838
-3394
-5762
-7832
-5467
-23
2026
2988
3473
2733
1220
-1320
-2205
-1431
-430
1660
1129
-3169
-7300
-9661
-8207
-3995
-296
1990
1506
-285
-619
367
2303
4997
7095
7289
5867
2999
-1232
-4331
-5466
-5899
-5208
-5829
-4959
2829
8770
9129
8748
4173
-1362
-1113
954
4728
9122
7840
4085
-1585
-8223
-8624
-6492
-2485
2281
-795
-5411
-7355
-9615
-6264
16
3847
6761
6520
4020
909
-3025
-3420
-1529
-633
934
-223
-4795
-7676
-8797
-7609
-3378
180
1734
1609
545
683
2128
4310
7003
7827
6692
4859
1093
-2442
-3863
-4673
-4726
-4339
-6002
-6576
130
8309
11389
11993
8698
1999
-751
396
2890
7366
8234
4328
-888
-7683
-10634
-8285
-4194
907
1120
-2790
-5184
-7856
-6270
898
5947
8223
7898
4906
1543
-1848
-2606
-1933
-2655
-1288
-66
-2256
-4275
-6497
-7830
-4787
-1062
2457
5160
3606
1427
1280
1674
3903
6536
6280
4415
1509
-1713
-3194
-3924
-4190
-3760
-4744
-7122
-4977
3791
10846
13274
12567
6487
15
-1252
-236
2719
6221
4711
252
-5039
-10729
-11613
-8212
-3163
772
-677
-3808
-6020
-6134
-1047
4276
6340
6238
3862
1003
-1214
-2532
-2965
-3471
-2426
-516
-1130
-2533
-4037
-5667
-3502
535
3285
4767
3109
347
-271
678
2762
4878
4815
2805
509
-1677
-3261
-3747
-3109
-2636
-3138
-4167
-5272
-648
9164
14599
14679
10346
1526
-3853
-3557
-1111
3861
6028
2711
-1790
-7628
-10947
-8934
-4684
969
2338
-1266
-3625
-6107
-6243
-1595
2277
4422
4419
1906
-253
-2443
-3296
-1571
-367
943
2003
858
-445
-2295
-3510
-1761
139
1916
2715
593
-1079
-1286
-893
1256
3425
3840
3626
2513
673
-506
-1218
-725
-478
-1715
-3172
-4239
725
9651
12497
10260
5430
-1965
-5189
-3353
-387
3853
4807
1956
-1225
-6632
-9657
-7413
-3683
1400
2685
-1516
-4858
-7417
-6941
-1470
3096
5108
5438
4103
2481
803
144
754
1309
2588
3221
1154
-1698
-4465
-5796
-4003
-1447
2
-205
-2141
-3087
-1807
231
3108
5922
6566
5717
4339
2045
493
246
1
-743
-3089
-6647
-8962
-4419
5193
9530
8547
5101
-1588
-5031
-2978
-88
4241
6825
4985
1719
-4442
-9675
-9445
-6235
-391
2664
-279
-3755
-7109
-7415
-2278
2776
5787
7058
6472
5238
2943
555
-514
-1240
-426
1299
704
-2011
-5262
-7226
-6454
-4353
-1979
-484
-818
-688
703
2348
4213
5995
6811
6689
5705
3281
448
-1517
-2824
-4193
-6006
-7729
-9604
-7258
1722
7733
8235
7393
2952
-1400
-619
1556
4303
6941
5467
1588
-3976
-9376
-9884
-7640
-3361
602
-1073
-4046
-5572
-6244
-2754
2193
4820
6248
6366
4937
3333
1889
649
-98
212
1520
1626
-35
-2371
-4777
-5801
-4924
-3279
-1503
161
1715
3340
4650
5422
5850
5973
5655
4770
3282
1473
40
-1598
-4054
-6969
-9905
-11677
-10224
-2324
7738
11626
10631
7063
1173
-921
2158
5369
8327
8343
3302
-2853
-9236
-12286
-9997
-5886
-954
217
-4009
-7597
-9148
-7273
-548
6152
9973
10926
8794
5031
1600
-262
-503
268
2059
2410
-836
-5497
-9479
-10609
-7671
-2998
964
2872
2498
1685
1877
3085
5278
7356
7751
6424
3507
-281
-3371
-5319
-6436
-7470
-9008
-9991
-10102
-6796
2840
11596
13892
12838
8274
2161
803
2465
3861
5148
3560
-697
-5623
-10118
-11347
-10079
-6458
-1640
-1394
-3430
-3973
-4296
-1365
4288
8225
10203
9615
6793
3494
160
-1834
-2541
-2787
-2233
-2754
-4696
-6609
-7825
-6589
-3298
-185
2128
3232
3096
3469
4550
5229
5473
4856
3145
1256
-636
-2666
-4387
-5795
-6712
-7277
-7825
-7083
-5059
-714
8437
15715
15621
12295
6590
826
374
2179
3136
3438
613
-3318
-6509
-9646
-9987
-8441
-5076
-452
-214
-1823
-2025
-2581
68
5398
8500
9489
8180
4866
1383
-1913
-3633
-3779
-3191
-1767
-1515
-2689
-4126
-4970
-3513
-697
1552
2946
2828
1936
1832
2017
2392
2714
1792
585
270
-756
-2170
-2677
-3354
-3634
-3008
-3029
-3120
-2537
-836
5276
11941
12605
10088
5583
-244
-2098
-1123
160
2165
1521
-1289
-3933
-8175
-10617
-9307
-5979
-814
1394
-92
-1667
-3298
-2250
2070
5205
6457
6400
4363
2024
55
-1677
-2305
-1967
-670
500
253
-1065
-2757
-3647
-3231
-2126
-815
203
801
1146
1406
1580
1334
1235
1915
2733
2760
1858
357
-1381
-2365
-2481
-3308
-4242
-4522
-4537
-662
6232
9010
7852
5397
1257
-1011
208
1709
3024
2687
-48
-2970
-7112
-9929
-8759
-6153
-2030
403
-1614
-2967
-3125
-2079
2562
6301
7344
7533
5588
3045
1416
-120
-759
-496
276
767
-329
-2514
-4678
-5629
-4602
-2498
-540
484
758
1057
1501
2275
3452
4227
4191
3705
2370
614
-743
-1895
-2281
-2538
-4238
-6333
-7061
-6855
-3614
4561
10572
10279
7840
3576
-663
-382
1640
3438
4774
2481
-1415
-5428
-9732
-10197
-7412
-3295
954
1078
-729
-1337
-1676
769
5006
7143
8229
7761
5300
2591
-476
-2586
-2616
-1648
-493
-200
-1921
-4822
-6784
-6591
-4527
-1843
481
1882
2136
2210
2449
2651
3171
3683
3684
3376
2373
597
-1346
-2858
-3528
-4459
-6142
-6874
-6822
-6073
-523
7017
9277
8415
6318
2325
893
2340
3322
4270
3505
279
-3030
-7408
-10483
-9908
-7458
-2788
123
-660
-934
-1359
-653
3413
6622
7822
7924
5821
3040
468
-1718
-2498
-2663
-2116
-1198
-1830
-3468
-5000
-5904
-5133
-3143
-995
958
2106
3004
4119
4549
4682
4564
3569
2660
2219
1492
86
-1644
-3162
-4957
-7064
-8281
-8002
-6653
-2864
4542
10245
10594
8711
5599
2420
2146
3273
3743
3643
1479
-1986
-5342
-9023
-10234
-8200
-4789
-734
790
195
-144
-761
875
4313
6029
6899
6465
3825
1250
-1059
-2928
-3207
-2975
-2414
-1685
-2634
-4688
-5867
-5958
-4483
-1513
1060
2729
3390
3309
3286
2932
2782
3126
2857
2612
2630
1072
-1281
-3032
-4801
-5828
-6395
-6989
-6323
-4869
-614
6595
10264
10004
8758
5558
3405
3687
3727
4355
4130
1830
-992
-5698
-9683
-9713
-7616
-3234
436
18
-875
-1249
-706
2794
6012
7263
7543
5688
3014
908
-1276
-2547
-2956
-3065
-2726
-3044
-4373
-5886
-6494
-5450
-3207
-758
1125
1903
2215
2943
3650
4283
4929
4787
4091
3027
837
-1939
-4523
-6388
-6984
-7031
-7527
-7682
-6682
-4620
546
7979
11647
11439
9933
6431
3723
3279
2872
2457
1464
-1341
-4922
-8696
-10946
-10063
-7125
-2652
624
674
388
642
1718
4783
7476
8189
7229
4799
2313
31
-2246
-3428
-4139
-4499
-3591
-3188
-4272
-5120
-4932
-3477
-867
1560
3011
3471
3557
4290
4848
4505
4175
3206
1674
646
-1022
-3084
-4350
-5380
-5775
-5614
-6032
-6018
-4619
-1731
4016
10314
12602
11561
8926
5088
2125
968
513
327
-77
-1760
-4760
-8238
-10117
-9166
-5963
-1518
1010
789
402
569
1868
4549
6303
6363
5355
3487
1758
-312
-2745
-4058
-4415
-4030
-2820
-2252
-3017
-3790
-3547
-2614
-1226
370
1441
2209
3424
4510
4575
4057
3294
2298
1330
361
-1055
-2636
-3740
-4444
-4725
-4793
-5311
-5332
-3795
-1088
4071
10127
12504
11702
9170
4786
1338
209
93
701
599
-1630
-5065
-8971
-11035
-9599
-5932
-1052
1779
1734
1535
1209
1943
4097
5145
5244
4518
2533
758
-1377
-3622
-4157
-4119
-3504
-2079
-1816
-2467
-2835
-2848
-2262
-979
715
2135
3062
3763
3669
2855
2205
1625
1201
821
-219
-1352
-2574
-4201
-4973
-5048
-5213
-4914
-3867
-2400
-474
3717
9155
11601
11281
9451
5255
1633
626
266
756
957
-1219
-4159
-7053
-8817
-7655
-4692
-1044
1313
1262
1133
1118
1361
2844
3716
3762
3666
2618
1263
-507
-2663
-3656
-3726
-2894
-1330
-887
-1537
-2514
-3643
-3763
-2789
-1393
507
1976
2679
3078
2537
1650
1400
1330
1179
834
127
-1199
-2938
-4377
-5326
-5921
-5759
-4434
-2528
-126
3863
8422
10674
10501
8895
6074
3560
2558
2234
1596
292
-1922
-4681
-7301
-8324
-7257
-4981
-1536
1030
1178
1131
1287
1468
2831
4192
4527
4239
3231
1680
-221
-2038
-3091
-3374
-2659
-1350
-832
-1402
-2324
-2946
-2788
-1652
-86
1312
2166
2597
2872
2582
1968
1300
679
362
-148
-1022
-2080
-3496
-4792
-5256
-5221
-4917
-3827
-2038
-11
3123
7292
9612
9254
7870
5337
2295
795
173
-851
-1644
-2507
-4233
-6128
-7074
-6790
-5298
-2434
41
621
1016
1527
1693
2545
3446
3363
2869
2601
2196
1038
-503
-1951
-3180
-3332
-2288
-1344
-1089
-1412
-2137
-2762
-2633
-1585
-306
1240
2997
3750
3712
3298
2153
1353
1397
1265
896
143
-1546
-3171
-3988
-4522
-4700
-3968
-2268
5
3355
7443
9499
9025
7575
5246
2840
1552
757
-48
-690
-1892
-4108
-6618
-7952
-7364
-5187
-1821
745
1182
1023
1023
1220
2033
2999
3288
2696
1826
687
-1255
-3227
-4368
-4738
-4054
-2722
-1946
-2011
-2495
-2645
-2177
-1276
108
1560
2803
3889
4210
3619
2651
1663
1149
1294
1253
499
-599
-1985
-3146
-3600
-3635
-3556
-3003
-1394
839
3698
7117
8918
8237
6658
4430
1933
309
-622
-1205
-1517
-2152
-3506
-5215
-6228
-5843
-4076
-1128
1232
1605
1272
996
873
1488
2286
2399
1946
1309
659
-391
-1841
-2931
-3340
-2972
-1849
-731
-538
-1080
-1586
-1746
-1449
-674
369
1548
2700
3356
3222
2452
1480
713
418
454
115
-667
-1578
-2718
-3681
-4182
-4400
-3781
-2161
79
3274
6486
7887
7517
5888
3579
1876
866
350
284
-365
-1819
-3570
-5549
-6562
-5820
-3935
-1221
909
1310
917
663
822
1480
2328
2785
2573
2166
1566
372
-930
-1968
-2574
-2356
-1583
-1186
-1385
-1996
-2826
-3166
-2742
-1886
-571
999
2260
2916
2655
1777
1001
509
562
969
591
-286
-1051
-2177
-2882
-2892
-3073
-2555
-846
1423
4484
7186
7856
7059
5446
3496
1943
758
-80
-701
-1490
-2495
-3825
-5124
-5382
-4296
-2222
-30
938
810
389
189
798
1653
2095
2130
1653
1114
683
-88
-947
-1537
-1765
-1444
-887
-717
-1091
-1622
-1979
-2101
-1693
-935
-151
956
1866
2037
1745
1180
655
405
401
344
-46
-622
-1254
-1922
-2671
-3435
-3694
-3015
-1307
1455
4394
6077
6356
5597
4051
2613
1535
629
304
-18
-911
-2319
-4251
-5875
-6160
-4905
-2748
-843
52
94
-64
317
1231
2057
2645
2927
2850
2752
2410
1479
409
-452
-937
-756
-476
-867
-1560
-2243
-2727
-2469
-1804
-979
275
1501
2395
2749
2325
1659
1126
835
840
643
-84
-1187
-2318
-3355
-4185
-4469
-4009
-2687
-391
2640
5185
6378
6350
5210
3762
2701
1838
1258
682
-467
-2015
-3860
-5562
-6142
-5490
-3851
-1722
-295
341
616
579
808
1366
1865
2351
2652
2554
2052
1039
-251
-1281
-1822
-1707
-1130
-859
-1152
-1848
-2711
-3046
-2646
-1772
-440
777
1537
1926
1676
1208
1100
1126
1362
1524
880
-235
-1425
-2491
-3008
-3075
-2749
-1931
-668
1183
3358
5066
6010
6061
5284
4229
3157
2287
1567
614
-603
-2228
-4013
-5147
-5363
-4547
-2906
-1275
-58
634
729
700
932
1337
1920
2500
2642
2310
1572
354
-846
-1613
-2036
-1968
-1599
-1535
-1779
-2128
-2459
-2365
-1827
-963
57
799
1362
1649
1541
1490
1388
1096
812
270
-542
-1300
-2059
-2622
-2817
-2730
-2275
-1442
-74
1838
3645
4882
5401
5084
4289
3392
2527
1813
971
-135
-1444
-2982
-4267
-4900
-4688
-3586
-2140
-826
143
574
722
892
1204
1692
2120
2214
1888
1195
286
-655
-1465
-1996
-2222
-2190
-1971
-1712
-1627
-1719
-1752
-1506
-921
-158
650
1311
1612
1653
1487
1139
826
481
45
-380
-883
-1386
-1774
-2036
-1969
-1500
-641
644
2081
3437
4449
4881
4860
4343
3446
2565
1701
630
-635
-2051
-3372
-4378
-4778
-4318
-3396
-2298
-1084
-93
700
1420
1921
2413
2829
2948
2924
2490
1589
558
-508
-1354
-1845
-2042
-1929
-1753
-1646
-1489
-1419
-1333
-926
-386
150
591
852
999
962
725
385
-47
-476
-720
-901
-1161
-1454
-1827
-2046
-1828
-1179
-178
1027
2181
3071
3702
3943
3814
3503
3018
2437
1792
892
-314
-1631
-2889
-3795
-4224
-4139
-3566
-2784
-1946
-1119
-372
313
1054
1717
2180
2501
2433
1939
1196
305
-351
-777
-1208
-1530
-1795
-2013
-1964
-1657
-1284
-890
-518
-81
374
697
1008
1286
1353
1305
1081
575
32
-405
-606
-586
-554
-654
-808
-845
-631
-46
800
1694
2541
3185
3437
3357
3042
2530
2028
1459
691
-169
-1204
-2267
-3133
-3751
-3939
-3657
-3063
-2280
-1508
-870
-273
324
899
1484
1895
2022
1828
1272
551
-161
-773
-1187
-1408
-1492
-1470
-1444
-1341
-1077
-697
-186
333
845
1264
1474
1541
1515
1360
1128
850
436
14
-333
-663
-976
-1180
-1242
-1182
-867
-279
421
1175
1820
2171
2274
2239
2114
1936
1700
1270
639
-142
-1014
-1864
-2582
-3024
-3098
-2839
-2393
-1885
-1335
-765
-108
658
1445
2144
2501
2498
2256
1772
1150
480
-185
-748
-1127
-1342
-1453
-1513
-1575
-1479
-1170
-732
-227
224
638
959
1138
1228
1117
745
321
-58
-391
-579
-767
-1089
-1328
-1417
-1351
-948
-375
225
923
1514
1915
2154
2192
2173
2144
2005
1686
1105
281
-554
-1270
-1840
-2175
-2329
-2282
-2074
-1802
-1405
-924
-351
348
1097
1730
2039
2048
1780
1296
727
147
-443
-1062
-1582
-1973
-2192
-2244
-2123
-1851
-1467
-934
-324
277
840
1248
1448
1528
1406
1077
726
385
64
-189
-485
-789
-1003
-1077
-879
-437
97
646
1111
1451
1712
1883
1962
1970
1913
1692
1300
766
73
-698
-1394
-1910
-2246
-2323
-2209
-2004
-1646
-1237
-766
-137
573
1269
1852
2200
2259
2067
1668
1127
584
33
-510
-1004
-1480
-1819
-1981
-1997
-1787
-1433
-979
-368
251
777
1167
1328
1299
1181
979
717
428
84
-314
-693
-1019
-1247
-1330
-1151
-701
-118
444
837
1115
1343
1574
1816
2000
2086
1939
1549
966
203
-570
-1215
-1691
-1998
-2190
-2345
-2389
-2312
-2099
-1615
-934
-110
757
1515
2091
2376
2331
2061
1618
1069
523
-57
-669
-1280
-1805
-2154
-2302
-2209
-1859
-1329
-654
45
608
1027
1259
1321
1317
1191
970
675
224
-304
-822
-1252
-1517
-1503
-1229
-821
-354
136
599
977
1360
1768
2123
2390
2411
2139
1678
1037
354
-258
-872
-1421
-1892
-2314
-2579
-2634
-2481
-2044
-1434
-743
76
840
1498
2052
2374
2492
2399
2086
1587
944
264
-396
-1008
-1493
-1825
-1977
-1858
-1543
-1103
-552
-29
454
875
1137
1253
1226
1055
800
419
-75
-622
-1179
-1582
-1830
-1930
-1771
-1450
-1015
-429
171
724
1249
1690
2102
2427
2581
2594
2359
1849
1186
431
-278
-869
-1391
-1795
-2072
-2218
-2232
-2113
-1812
-1393
-833
-122
549
1125
1507
1658
1639
1467
1178
816
415
-34
-462
-905
-1331
-1608
-1669
-1440
-946
-336
256
737
1073
1288
1389
1391
1291
1090
776
299
-291
-883
-1432
-1829
-1991
-1933
-1677
-1273
-819
-281
303
795
1270
1689
1923
2050
2039
1858
1574
1137
576
3
-577
-1081
-1451
-1689
-1783
-1730
-1533
-1250
-904
-500
-49
423
885
1294
1563
1616
1479
1187
787
343
-104
-468
-759
-1005
-1182
-1300
-1285
-1110
-781
-351
82
468
757
958
1049
982
837
629
312
-39
-406
-794
-1121
-1378
-1539
-1517
-1329
-983
-511
12
482
856
1143
1353
1519
1623
1638
1553
1322
914
418
-85
-521
-852
-1074
-1190
-1226
-1211
-1150
-1023
-799
-469
-77
345
700
957
1095
1080
963
766
545
293
37
-199
-469
-717
-897
-1002
-994
-835
-580
-252
127
441
675
840
897
899
874
756
537
266
-57
-350
-605
-841
-996
-1054
-976
-775
-503
-166
181
484
753
964
1111
1194
1196
1106
894
574
194
-192
-528
-810
-999
-1090
-1118
-1076
-982
-856
-634
-305
69
438
725
902
976
960
868
721
539
330
111
-179
-502
-803
-1011
-1051
-975
-793
-557
-311
-42
181
362
506
585
625
603
466
252
-2
-287
-536
-687
-771
-799
-746
-637
-470
-230
29
307
597
820
969
1044
1047
966
823
627
353
80
-206
-484
-711
-881
-975
-998
-911
-754
-559
-290
-30
201
453
647
815
938
962
915
759
516
226
-67
-309
-509
-634
-704
-711
-633
-512
-354
-185
-13
133
263
387
453
471
459
349
170
-38
-262
-429
-513
-544
-522
-487
-393
-213
-19
215
460
644
818
935
934
878
741
521
252
-35
-317
-548
-733
-877
-959
-996
-945
-838
-673
-439
-193
88
380
601
753
841
863
830
736
567
344
121
-90
-295
-463
-577
-656
-649
-577
-470
-331
-171
-13
147
285
374
422
422
361
235
79
-86
-228
-332
-376
-389
-397
-377
-313
-184
-2
212
437
612
724
786
791
763
685
546
393
215
0
-176
-345
-515
-625
-695
-716
-688
-628
-515
-328
-138
28
171
258
315
337
304
234
119
-5
-104
-194
-270
-338
-398
-428
-427
-374
-245
-100
54
203
296
347
365
341
288
223
141
32
-77
-159
-236
-290
-320
-338
-327
-250
-128
23
179
302
424
508
538
533
502
462
391
293
152
-18
-177
-308
-385
-429
-449
-433
-394
-325
-231
-143
-50
35
104
181
241
265
229
159
76
12
-16
-57
-94
-134
-139
-119
-113
-72
8
105
202
278
308
299
272
227
149
71
-7
-93
-171
-240
-312
-362
-358
-309
-252
-155
-27
105
252
374
442
479
497
474
419
327
179
17
-109
-216
-314
-400
-472
-497
-470
-408
-339
-269
-183
-90
9
96
159
200
243
276
265
211
137
71
14
-31
-72
-112
-142
-177
-206
-180
-135
-81
-6
45
75
88
85
56
30
15
-18
-54
-82
-102
-124
-126
-126
-110
-72
-13
86
188
269
326
354
340
281
227
186
127
65
12
-62
-164
-245
-312
-359
-369
-339
-272
-188
-102
-54
-17
14
50
106
150
180
182
186
170
132
92
53
45
57
64
57
37
28
36
46
53
53
33
8
-13
-43
-76
-108
-123
-148
-194
-213
-194
-148
-78
2
62
91
126
187
246
300
326
308
255
161
46
-54
-140
-240
-317
-380
-438
-472
-475
-449
-405
-323
-213
-96
14
121
211
272
331
368
379
385
346
275
187
106
35
-39
-100
-159
-202
-219
-213
-173
-118
-43
28
93
140
166
192
209
211
198
185
163
101
34
-5
-21
-20
-25
-53
-87
-92
-56
-14
39
72
78
85
94
94
58
10
-32
-65
-94
-127
-148
-169
-177
-151
-109
-54
-6
28
59
73
87
97
102
88
62
35
-10
-47
-62
-68
-80
-82
-87
-90
-70
-35
7
25
34
34
25
17
-1
-19
-49
-84
-102
-112
-123
-140
-140
-129
-112
-73
-32
-2
17
44
74
101
124
144
147
128
93
55
19
-12
-42
-81
-114
-138
-147
-137
-109
-74
-47
-13
25
57
81
108
134
142
138
118
91
54
13
-4
-15
-29
-46
-57
-50
-42
-26
-13
0
-4
2
34
59
85
98
85
65
45
31
25
19
18
17
10
8
6
1
-2
-2
2
16
34
35
32
16
-5
-25
-22
-15
-18
-23
-40
-47
-41
-29
-8
7
14
17
21
38
54
60
57
42
12
-4
-22
-43
-62
-85
-93
-91
-86
-66
-33
9
56
87
89
82
81
87
85
83
85
79
58
35
-1
-39
-74
-99
-102
-82
-69
-63
-56
-64
-83
-76
-58
-37
-6
1
7
-4
-16
-28
-59
-72
-80
-80
-76
-89
-92
-69
-31
5
36
71
91
105
107
96
88
74
66
43
13
-22
-54
-67
-72
-74
-79
-59
-35
7
42
54
63
64
66
65
69
58
39
26
2
-21
-60
-88
-97
-83
-64
-43
-30
-15
9
32
51
63
74
78
71
51
39
28
11
-16
-48
-76
-98
-111
-107
-94
-67
-50
-19
18
49
76
98
124
122
116
97
69
40
8
-11
-28
-27
-41
-58
-63
-72
-63
-43
-11
25
49
56
65
72
71
64
54
49
33
6
-21
-42
-54
-50
-43
-38
-29
-18
4
32
43
44
45
53
54
52
46
34
19
4
-9
-33
-43
-55
-62
-73
-74
-49
-40
-31
-16
9
27
33
43
54
72
82
77
69
45
10
-8
-19
-36
-48
-51
-48
-42
-34
-23
-20
-6
2
2
-6
-13
-7
-12
-24
-35
-45
-36
-21
-14
-17
-21
-21
-22
-29
-34
-33
-32
-26
-22
-24
-32
-46
-41
-25
-9
7
17
17
8
-5
-20
-24
-32
-37
-36
-27
-22
-12
-4
2
17
37
50
51
41
35
36
25
11
-3
-14
-2
16
25
29
33
38
38
29
13
13
22
14
9
-4
-26
-42
-48
-41
-42
-44
-52
-57
-49
-28
-14
-5
16
35
56
75
79
84
86
84
88
90
83
58
31
3
-19
-36
-38
-22
3
20
45
49
34
28
28
34
32
28
17
16
18
7
1
-3
-13
-18
-26
-31
-42
-45
-43
-33
-31
-47
-67
-67
-51
-35
-20
-7
8
6
0
0
1
-2
3
7
9
22
19
23
19
9
21
20
20
18
13
14
10
13
10
17
21
11
-6
-34
-44
-56
-58
-42
-41
-32
-19
-3
14
29
31
20
14
6
3
1
-13
-26
-46
-57
-70
-72
-61
-51
-38
-33
-47
-47
-46
-33
-21
-31
-42
-49
-42
-37
-29
-22
-21
-18
-13
-9
-1
10
22
42
61
82
87
74
59
48
45
41
35
37
40
46
35
16
10
9
4
8
9
-1
-7
-9
-5
12
47
69
75
61
34
20
11
0
-15
-25
-28
-36
-38
-21
-9
-4
-5
-10
-13
-9
-2
-5
-4
0
4
12
31
46
36
24
10
2
2
9
29
31
25
25
23
30
36
28
5
-17
-33
-31
-18
-13
-16
-25
-35
-43
-45
-39
-29
-29
-26
-23
-24
-13
-2
1
7
16
15
20
19
17
20
14
-8
-26
-40
-54
-53
-41
-41
-32
-26
-19
-13
-13
-7
0
15
12
8
