-4
-5
7
18
15
5
-9
-20
-28
-33
-26
-24
-24
-27
-17
-5
12
13
-7
-30
-37
-38
-31
-9
7
23
31
27
26
23
18
12
7
6
13
28
36
35
25
13
3
3
4
4
8
10
8
10
10
17
13
14
19
4
6
6
1
-4
-20
-18
-10
-7
-4
-7
-9
-7
3
13
21
18
15
18
28
24
8
2
0
9
18
11
3
-3
-8
-13
-16
-20
-19
-4
7
3
2
-7
-21
-16
-9
-2
5
0
-5
1
1
8
15
15
-9
-44
-62
-75
-77
-67
-45
-27
-23
-20
-9
-5
-19
-13
-4
0
9
13
15
11
0
-12
-13
3
8
2
-5
-10
-13
-9
-5
-12
-15
-6
0
-5
-11
-6
1
-3
-20
-35
-43
-38
-27
-14
11
30
41
34
26
32
35
32
32
39
39
32
15
16
18
12
10
12
17
14
9
-3
-15
-18
-22
-16
2
17
39
52
59
64
71
62
45
32
18
7
-1
-13
-20
-14
-6
2
11
18
14
9
-1
-9
-2
-4
-7
-4
14
32
23
17
15
10
10
12
8
7
22
34
22
-1
-17
-28
-41
-41
-32
-38
-32
-25
-18
-11
4
14
13
16
6
-9
-9
-13
-17
-20
-14
-8
-4
-11
-26
-41
-61
-69
-61
-57
-59
-62
-53
-47
-41
-38
-36
-15
1
3
-7
-23
-32
-25
-19
-19
-20
-7
10
11
10
4
0
10
16
21
27
30
32
18
10
7
5
3
8
9
-1
-12
-14
-8
-4
-3
-6
-10
-4
6
15
14
10
9
21
34
38
43
48
60
56
42
26
11
13
13
19
35
36
22
5
2
3
7
12
13
24
23
14
3
-13
-23
-34
-36
-22
-2
13
8
0
-5
-8
-10
5
26
39
46
35
27
29
14
-2
-2
-5
-11
-8
-4
-3
2
5
13
27
29
27
21
15
3
-5
0
-6
-1
-2
-3
-4
-7
-11
-20
-20
-20
-11
-15
-34
-50
-49
-40
-44
-33
-11
0
4
-4
-19
-26
-25
-17
-3
-3
-5
0
-5
-17
-19
-27
-48
-54
-60
-50
-25
-17
-16
-7
6
6
16
18
-3
-10
-6
-21
-29
-19
-15
-7
10
17
17
21
21
13
1
-14
-20
2
15
17
27
21
-5
-19
-23
-26
-5
18
29
35
27
13
-3
-17
-22
-20
-6
20
36
35
20
11
15
34
61
70
55
36
30
21
15
29
30
26
29
24
16
18
13
8
12
17
27
30
19
5
-4
-24
-37
-25
-16
-16
-16
-17
-21
-19
-12
0
3
0
-6
-12
-38
-48
-45
-53
-49
-42
-24
-19
-31
-58
-72
-70
-60
-66
-96
-102
-86
-57
-45
-38
-37
-25
-11
-2
4
4
20
32
53
86
120
121
96
96
120
137
147
149
140
127
110
95
59
29
20
32
63
81
50
-12
-45
-16
-3
-34
-71
-80
-79
-101
-111
-109
-71
-11
1
-26
-46
-62
-59
-52
-60
-76
-66
-19
1
-20
-33
-28
-29
-19
15
39
30
17
36
58
26
-33
-22
34
51
47
67
49
1
-15
-27
-52
-78
-62
-51
-46
-64
-125
-158
-122
-92
-133
-134
-97
-64
-8
46
-17
-103
-93
-82
-55
57
86
11
14
77
82
55
64
39
-53
-79
-38
-30
-13
101
162
69
57
197
219
119
129
170
177
207
160
23
6
109
123
90
93
62
25
14
35
101
123
50
32
50
2
27
65
55
73
2
-107
-41
75
-17
-114
-69
-161
-292
-159
-66
-184
-227
-175
-197
-133
69
68
-76
-58
23
-70
-167
-98
-76
-130
-130
-138
-168
-88
-31
-178
-275
-185
-185
-184
27
155
66
48
196
301
329
386
321
151
180
349
341
163
102
109
108
162
128
-76
-257
-218
-115
-84
-57
-71
-149
-113
108
213
68
-13
50
94
38
173
567
248
-690
-234
1331
817
-1178
-890
660
450
-217
-74
-495
-913
34
480
-633
-1097
-524
-688
-894
-60
96
-1115
-1254
44
358
-321
-163
203
-45
412
1230
701
95
859
1310
872
1140
1433
666
421
1129
984
333
450
602
311
195
74
-150
44
144
-380
-769
-650
-655
-595
-329
-551
-1061
-1006
-741
-662
-476
-465
-980
-1254
-754
-298
-452
-638
-703
-884
-679
-133
-254
-612
-264
-37
-359
-365
-372
-533
688
1937
-150
-2636
-272
2913
1211
-927
274
436
-298
2288
3751
328
-1117
1715
2284
1145
2540
2167
-1293
-672
2990
2280
-510
-625
-735
-1346
272
1126
-1325
-2830
-1462
-564
-898
-773
-1033
-2358
-2453
-624
566
-320
-1507
-1430
-582
272
1000
1019
-414
-1677
-338
2211
2438
567
-681
-143
1684
3086
2119
-185
-789
677
2046
1937
654
-796
-1069
86
1326
1487
-180
-2906
-2822
1072
2658
-451
-2322
-1226
-688
663
3124
1667
-1730
-418
2575
2122
1474
1708
-642
-2025
1207
2890
10
-1762
-1404
-1737
-783
1106
-376
-3296
-3132
-1481
-738
-320
-907
-2686
-2840
-803
405
-247
-1328
-2023
-1780
-343
594
-261
-1421
-1461
-767
147
604
69
-727
-761
-269
-135
51
1558
2309
-995
-3633
965
5808
2282
-1708
471
1150
-14
3954
5743
-376
-2041
3504
3837
1197
3454
2361
-3326
-1188
4916
2631
-1988
-1525
-1690
-2322
861
1512
-3225
-4916
-1999
-874
-1157
-541
-1827
-4007
-2367
754
531
-952
-997
-1166
-779
1454
2350
285
-1265
-315
1249
1842
1354
157
-714
11
1370
942
-57
1767
2930
-1243
-3120
2986
5515
-455
-1789
2178
333
-731
5083
4403
-2856
-901
4556
1591
322
4047
428
-4763
448
4762
-256
-3026
-1154
-2399
-2602
1182
253
-4666
-4206
-811
-963
-1792
-1263
-2252
-3052
-996
376
-826
-1312
-871
-1428
-1152
606
671
-1120
-1695
-521
513
490
-227
-896
-758
-245
-587
-417
2204
2888
-2194
-4296
2424
5816
364
-1081
2321
181
-336
6357
5537
-2497
-308
5723
2369
1136
5837
1875
-4433
1108
6002
601
-2190
-297
-2522
-3122
1571
911
-4893
-4874
-1154
-1321
-2237
-1153
-2179
-4205
-2292
695
55
-1583
-1502
-1399
-781
1425
1878
-816
-2216
-392
1168
825
192
-275
-797
-502
101
66
1380
3077
-288
-4516
210
6585
2697
-1969
1432
1976
-862
3961
7134
-507
-2953
4085
3970
52
3624
3132
-4569
-2644
5231
2689
-3012
-1943
-1937
-3652
-21
1961
-3408
-5981
-2219
-707
-1805
-894
-1280
-3874
-2611
1160
863
-1316
-977
-796
-1347
606
2263
5
-2010
-616
774
779
970
241
-1488
-1146
411
687
2066
2992
-1878
-4941
2448
7576
892
-2641
2125
1152
-1364
5297
6840
-2604
-2925
5116
3174
-234
4550
2003
-6218
-1114
7045
1533
-4260
-1530
-1625
-3091
1298
1993
-4406
-5436
-602
-73
-1652
-331
-1038
-4001
-2249
1865
1088
-1802
-1732
-1127
-1066
693
1486
-1239
-2591
-83
1382
391
-16
-427
-1398
-800
623
1906
3425
1113
-4271
-1544
7247
6059
-1326
-41
3011
263
2797
8198
2109
-4571
1686
6002
1213
1469
3416
-3419
-5225
3928
5169
-2986
-4399
-1893
-3085
-1428
1708
-2261
-6547
-3317
-142
-1325
-1522
-1212
-3424
-3582
206
1711
-844
-2481
-1929
-1227
194
1620
-128
-3274
-2357
1099
1352
-827
-1516
-1367
-1376
-133
2065
3099
736
-3779
-2794
4973
7273
995
-1253
1608
1229
2522
7494
4437
-3009
-134
5843
3760
2323
3664
-1325
-4695
2171
5618
-848
-4388
-2775
-3098
-1896
1452
-1360
-6903
-5217
-507
-527
-2036
-2047
-3219
-3737
-491
1980
61
-2109
-1535
-430
544
2056
1525
-1539
-2269
931
2966
1216
-1016
-1321
-613
590
2489
3909
1960
-2908
-2983
4356
7806
2244
-985
1584
1583
2011
7228
6295
-1725
-1510
4960
4378
1842
3116
-577
-5582
-192
5642
276
-5473
-4310
-3576
-3107
231
-718
-6685
-7245
-1846
142
-2208
-3569
-3666
-3656
-1806
795
491
-1902
-2450
-814
686
1399
1294
-159
-1488
90
3021
2802
-91
-1203
29
976
2164
4573
3724
-2061
-3154
4605
8355
2405
-780
1967
1568
1577
6673
5845
-2196
-2376
3868
3761
1571
2608
-933
-5578
-455
5133
-15
-5682
-4350
-3296
-3107
-352
-1125
-6395
-6810
-2031
-613
-2606
-3047
-3100
-3859
-2356
202
-245
-2260
-2563
-1772
-628
779
389
-1858
-2405
-365
1180
821
-201
-843
-760
0
1580
3719
3350
-999
-2400
3628
7749
3766
597
2330
2449
2860
7284
6871
-97
-865
4313
4472
2716
3463
-273
-4926
-105
5475
819
-4665
-3661
-2817
-2619
204
-525
-5826
-6211
-2132
-1842
-2887
-1103
-1850
-5364
-3720
1252
1253
-1647
-1753
-1209
-1120
1304
2807
-504
-2875
182
2794
1409
459
1060
87
-521
2380
5459
3601
-1050
-1202
4133
7078
4291
1617
1340
1007
2955
6749
4986
-694
-761
2675
2641
2401
3043
-1163
-5260
-993
3610
-136
-4862
-4722
-4051
-3108
-452
-1174
-5664
-6692
-3855
-2461
-2243
-1856
-3507
-5653
-3820
-245
-29
-2069
-3123
-3016
-1547
968
1415
-1238
-3031
-1289
1616
2404
826
-728
-578
806
2993
5034
3579
-751
-656
5090
7403
3886
2048
2925
2609
4091
7566
5661
244
665
4203
3678
2657
3037
-363
-3867
-529
3064
-471
-4883
-5043
-4616
-4020
-1645
-1959
-6313
-7766
-4452
-2361
-3033
-3474
-4185
-5185
-3358
-118
-142
-2344
-2755
-2035
-1089
1071
2003
-490
-2107
42
2324
2394
1495
113
-506
1645
4507
4557
1958
-232
930
4913
6433
3360
974
2057
3322
4423
5998
4266
276
767
4286
4510
2835
1783
-830
-2344
1141
3537
-496
-4535
-3628
-2157
-2273
-1427
-1636
-5309
-6777
-2855
-529
-3118
-4773
-3720
-3450
-2792
-493
-599
-3302
-3322
-978
-490
-667
321
-363
-2254
-613
2567
1634
-856
-104
1487
2010
3785
4283
426
-757
4810
7600
3463
1672
3805
3237
3013
6478
5825
368
208
4068
3558
1768
2251
-440
-4206
-1338
2559
-857
-5400
-5128
-4316
-4038
-2127
-2741
-7131
-7895
-3836
-2261
-4107
-4608
-4038
-4093
-2811
-792
-1237
-2763
-2141
-632
-337
-87
602
-47
-1094
59
1664
1001
22
814
1861
2790
4152
3407
662
1636
6349
7139
3598
2796
4531
4579
5292
7163
5062
1196
2197
4952
4038
2488
1932
-490
-1899
766
1647
-2232
-4778
-4160
-3891
-3392
-2578
-4688
-7150
-5472
-3246
-4158
-4838
-4203
-4755
-4563
-2006
-1058
-2755
-3116
-1815
-1197
-802
-346
-939
-1511
-449
1062
1054
-210
-635
785
2367
3090
3713
2799
418
1957
7025
7073
2526
2231
4718
4495
5269
7264
4152
153
2879
6118
3821
1720
1510
-781
-1480
1651
1507
-3218
-5239
-3724
-2985
-3069
-3643
-5862
-7212
-5256
-3003
-3408
-4748
-4951
-4370
-3347
-2003
-1559
-2402
-2899
-1848
-469
-322
-793
-1077
-1384
-867
898
1406
-409
-1070
877
2303
2461
3115
2515
278
1664
6496
6890
3155
2896
4984
4838
5564
7379
4748
1206
3423
6070
3955
2183
2107
-351
-1531
1623
2034
-2518
-4765
-3411
-2580
-2051
-2141
-4883
-6720
-4401
-2119
-3095
-4372
-4296
-4062
-3268
-1717
-1471
-2703
-3107
-2063
-872
-335
-432
-959
-1442
-901
681
1066
-431
-699
1154
1973
1821
2875
2411
-74
1596
6229
5309
1399
2602
4771
3514
4589
6952
3598
258
3469
5377
2341
1221
1149
-1832
-2044
1361
280
-4276
-4958
-3640
-3910
-3439
-3091
-5620
-7078
-4658
-3052
-4241
-4810
-4392
-4400
-3360
-1529
-1834
-3159
-2450
-1111
-1093
-1051
-381
-493
-1067
-250
1188
881
-349
353
2220
2608
2601
3446
2321
624
3761
7546
4874
1656
4043
5566
4238
5906
7031
3025
1638
5416
5596
2511
2483
1802
-1394
-578
2371
93
-3805
-3751
-2851
-3014
-2397
-2849
-5636
-6190
-3362
-2335
-4132
-4737
-3852
-3616
-2853
-1323
-1638
-3128
-2533
-692
-419
-828
-457
-621
-1298
-155
1534
568
-928
478
2065
1838
2875
3585
634
120
5684
7600
2874
1854
4913
4503
4301
7223
5564
892
2507
5993
3894
1746
2250
-186
-2383
637
1752
-2860
-5218
-3722
-3711
-3957
-2676
-4084
-7213
-6121
-2956
-3194
-4702
-4379
-4097
-3968
-2147
-927
-2162
-2956
-1787
-790
-534
-230
-581
-1780
-1771
253
1165
-566
-1536
105
1272
1521
2783
1994
-974
922
6092
5132
1219
2528
4192
2834
4723
7332
3500
293
3940
5888
3081
2522
2469
-965
-1353
2313
1276
-3353
-3930
-2667
-3207
-2475
-1715
-4723
-6640
-3697
-1870
-3773
-4376
-3412
-3610
-2885
-816
-1039
-2552
-1795
-437
-905
-1283
-474
-405
-1323
-1115
341
633
-597
-867
607
1677
1918
2430
1704
128
2141
6256
5454
1714
2465
4990
4621
5317
7067
4520
1641
4274
6511
4151
2665
2524
130
-553
2294
1800
-2768
-4252
-2838
-2700
-2772
-2706
-4963
-6737
-4498
-2380
-3868
-5148
-4100
-3546
-3331
-1992
-1716
-3078
-2725
-592
-287
-1381
-1267
-679
-986
-551
828
533
-1112
-743
1512
2109
1546
2362
2632
792
1445
5457
5955
2317
1974
4627
4506
4346
6174
4779
1247
2658
5607
3857
1736
2060
383
-1575
457
1451
-2287
-4634
-3567
-3379
-3657
-3023
-4674
-7300
-5737
-2787
-3650
-5446
-4750
-4137
-4007
-2417
-1693
-3389
-3525
-1442
-1018
-1801
-1223
-833
-1587
-1073
324
44
-980
-433
759
1348
1757
2063
1847
1178
1439
3581
5615
4582
2578
3448
5078
5083
5428
5809
3676
2250
4425
5627
3654
2238
1500
-194
10
1839
300
-3255
-3768
-2660
-2549
-2180
-2681
-5342
-5751
-2762
-1908
-3886
-4088
-2960
-3009
-2285
-830
-1437
-2607
-1720
-705
-788
-579
-481
-1230
-1288
-388
-117
-695
-1272
-915
694
1835
1490
1964
2636
1126
1170
5278
6242
2227
1986
4974
4180
3613
6488
5218
797
2549
5810
3176
1073
2025
-361
-2482
851
1644
-3287
-4961
-2782
-2957
-3490
-2366
-4110
-6613
-4375
-1691
-3580
-5026
-3258
-2809
-3362
-1607
-338
-1840
-2304
-854
-615
-1128
-644
-532
-1239
-825
300
291
-523
-377
729
1670
1829
2180
2805
2128
1341
3498
5972
4293
2306
4073
4984
3715
5062
6397
3138
1340
4180
4593
1826
1466
1105
-1700
-1566
718
-1178
-4902
-4732
-3548
-4051
-3922
-4083
-6258
-6562
-3802
-2939
-4553
-4407
-2986
-3176
-3127
-1512
-958
-1834
-1580
-402
-96
-257
-449
-845
-792
92
728
264
-561
-220
1464
2167
1293
1496
2904
2430
1832
4346
5888
3308
2356
4708
4468
3217
5356
5770
2068
1874
4958
3876
1090
1840
1338
-1456
-709
1127
-1786
-4641
-3093
-2396
-3799
-3274
-2891
-5436
-5946
-2963
-2132
-4010
-3946
-2717
-2864
-2326
-647
-725
-1965
-1491
-176
207
76
-50
-441
-551
138
802
262
-847
-723
670
1534
1431
1933
2480
1563
1399
3939
5486
3634
2769
4115
4068
3800
5505
4967
1403
1421
4111
3413
1382
1675
238
-2191
-695
970
-2374
-5154
-4010
-3681
-4370
-3123
-3596
-6887
-6403
-2583
-2245
-4285
-3964
-3270
-3476
-1939
-175
-1151
-2293
-1278
-350
-116
408
81
-1062
-728
629
765
68
-276
-82
1032
2281
2290
2268
2582
1676
1709
5044
6503
3592
2678
4794
4639
4396
6795
5607
1423
2353
5397
3670
1609
1943
-248
-2429
-116
836
-3014
-4914
-3571
-3556
-3754
-2637
-3986
-6120
-4559
-2415
-3306
-3896
-2951
-3127
-2989
-1215
-651
-1810
-1765
-1170
-1298
-874
-160
-845
-1708
-1289
-760
-687
-463
-792
-1440
-571
1022
1345
1319
1950
1628
1098
3184
5535
4290
2533
3754
4697
4392
5497
5761
2828
1849
4264
4474
2068
1315
711
-1191
-840
634
-1378
-4445
-4227
-3191
-3530
-3328
-3378
-5446
-5962
-3016
-1455
-3246
-4199
-2834
-2182
-2034
-1119
-983
-1987
-1977
-832
-480
-712
-807
-1316
-1782
-739
579
31
-1265
-663
1107
1812
1765
2520
2924
1913
2077
4632
5790
4184
3635
4556
4239
4498
6210
5090
1756
1993
4092
3352
1966
1675
-260
-1896
-83
949
-2020
-4284
-3662
-3244
-3320
-2467
-2995
-5278
-5255
-2720
-1865
-3136
-3450
-2872
-2651
-1927
-806
-910
-1720
-1432
-746
-494
-176
-110
-1092
-1592
-273
850
403
-431
-293
712
1907
2371
2277
2564
2489
2046
3578
5925
5107
3220
4074
5043
4579
5379
5492
2544
1409
3678
3708
1325
727
-98
-1941
-1139
450
-1894
-4919
-4556
-3789
-4318
-3883
-3706
-5753
-6863
-4794
-3210
-4101
-4798
-4459
-4133
-3174
-1752
-1822
-2885
-2724
-1653
-1074
-656
-577
-1285
-1725
-626
623
370
-498
-538
191
1303
2147
2403
2620
2505
2147
3494
5840
5405
3308
3769
5034
4594
5127
6084
3795
1741
3563
4535
2449
1316
957
-1025
-1287
697
-381
-4003
-4486
-2758
-2788
-3322
-3001
-3840
-5354
-4424
-2360
-2329
-3453
-3455
-3046
-2639
-1424
-561
-1371
-2040
-1134
-301
-149
76
-73
-802
-572
882
1607
997
535
730
1623
2912
3342
2898
2965
3032
3061
4675
6050
4441
2903
4046
4533
4012
4787
4441
1792
1490
3482
2911
763
134
-691
-1812
-940
-375
-2700
-4641
-4080
-3396
-3427
-3305
-3887
-5378
-5522
-3962
-3120
-3776
-4253
-4021
-3569
-2602
-1631
-1785
-2397
-2179
-1412
-577
-112
-511
-1382
-1115
54
775
636
169
59
913
2400
3066
2747
2886
3391
3152
3648
5487
5692
3580
3148
4374
4056
3579
4301
3102
802
1468
2962
1668
-108
-571
-1504
-1978
-1023
-1371
-3693
-4666
-3787
-3396
-3901
-4226
-4587
-5240
-5217
-4021
-3232
-3706
-4025
-3633
-3130
-2240
-1199
-1423
-2263
-1911
-795
-223
-27
-94
-356
-202
549
1342
1668
1349
1049
1668
2979
3775
3769
3865
3992
3741
4310
6178
6234
3745
3251
5055
5192
4664
5393
4040
1527
2633
4419
2478
367
220
-933
-1928
-625
-894
-3886
-4890
-3683
-3673
-4367
-4435
-5081
-6026
-5411
-4095
-3860
-4179
-4161
-4081
-3832
-2756
-1699
-1932
-2531
-2005
-1048
-766
-660
-172
-94
-280
365
1338
1560
1481
1502
1600
2499
3971
4021
3167
3444
3997
4131
5180
5669
3506
2552
4495
4877
3551
4006
3804
1528
1867
3983
2643
33
45
-208
-1551
-1085
-790
-3294
-4844
-3652
-3266
-4343
-4423
-4303
-5336
-5629
-4587
-4193
-4769
-4621
-4031
-4058
-3555
-2212
-1969
-2723
-2236
-956
-522
-419
34
-100
-157
972
1932
1755
1688
1979
1998
2834
4481
4588
3487
3799
4510
4158
4746
5598
3882
2309
3832
4512
2878
2852
3437
1446
577
2486
2384
92
-369
-397
-1599
-1284
-384
-2398
-4575
-3733
-3103
-4278
-4898
-5025
-5801
-5491
-4541
-5254
-6007
-4858
-4065
-4539
-3982
-2751
-2685
-2838
-1779
-789
-518
-249
99
329
1020
1760
1704
1689
2733
3784
3416
2984
3688
4573
4611
4425
4274
3711
3829
5155
5234
3437
2979
4065
3933
3250
3439
2583
1101
1809
3057
1893
283
-81
-869
-1470
-748
-1100
-3316
-4283
-3522
-3395
-4326
-5207
-5700
-5333
-4483
-4732
-5433
-4610
-3242
-3249
-3475
-2594
-1787
-1558
-962
-261
-63
260
855
1236
1579
2037
1871
1692
2452
3254
2751
1816
2070
3307
4083
3698
2849
2139
2038
2923
3873
2953
1168
1478
2763
2709
2389
2473
1458
711
1876
2491
904
-237
-358
-1132
-1597
-1270
-2417
-4606
-4797
-3826
-4008
-4754
-5142
-5649
-5600
-4565
-4288
-4766
-4179
-3038
-2950
-2845
-1770
-1052
-998
-463
362
931
1227
1159
1161
1839
2640
2458
1895
2028
2642
2804
2499
2306
2714
3332
3342
2815
2527
2627
2961
3359
2992
2082
2027
2597
2656
2464
2323
1493
774
1276
1832
1005
-58
-638
-1167
-1459
-1460
-2450
-4145
-4590
-3725
-3349
-3921
-4745
-5338
-4821
-3556
-3436
-4347
-4003
-2507
-1928
-1855
-1251
-963
-1071
-551
339
529
378
509
782
1213
1706
1453
815
1329
2561
2518
1599
1564
2455
3293
3475
2708
1583
1877
3630
4302
2981
1824
2095
2691
2930
2859
1995
781
690
1528
1727
878
-355
-1519
-1765
-1074
-1160
-2880
-4389
-4295
-3691
-3713
-4153
-4581
-4593
-3869
-3067
-2979
-3025
-2501
-1956
-1570
-687
244
341
183
604
1341
1746
1850
1776
1619
1810
2230
2151
1778
1960
2375
2109
1543
1713
2488
2799
2434
1969
1676
1850
2562
2933
2170
1433
1910
2388
2093
2070
2224
1341
525
1047
1396
460
-514
-1203
-1874
-1697
-1255
-2520
-4442
-4655
-4026
-4187
-4491
-4610
-5098
-4880
-3707
-3522
-4125
-3496
-2339
-2095
-1758
-933
-827
-969
-284
376
382
485
626
416
543
1316
1416
719
657
1367
1422
1129
1493
2073
2432
2709
2475
1815
1938
3051
3638
2996
2102
1915
2133
2209
2244
2014
1054
187
571
1272
865
-165
-1015
-1661
-1616
-1089
-1737
-3275
-3646
-2947
-2720
-3071
-3400
-3702
-3580
-2757
-2203
-2103
-1821
-1464
-1342
-821
66
350
58
69
562
938
1086
970
625
699
1369
1515
955
1002
1808
2074
1851
1925
2390
2873
3354
3345
2663
2458
3235
3801
3149
2322
2288
2361
2284
2545
2298
866
-13
605
1022
535
-111
-1093
-1955
-1548
-892
-1780
-3248
-3625
-3185
-2834
-2865
-3318
-3995
-4214
-3646
-2826
-2536
-2876
-2997
-2437
-1686
-1204
-1011
-1133
-1343
-732
294
567
61
-264
-7
645
1248
1301
870
987
1762
2191
2017
1823
2098
2735
2960
2474
2221
2500
2692
2727
2497
1635
880
1238
1774
1327
535
41
-248
-127
82
-580
-1797
-2332
-1991
-1702
-2055
-2861
-3457
-3389
-2923
-2683
-2919
-3259
-3102
-2542
-2279
-2174
-1739
-1482
-1662
-1458
-667
-392
-560
-404
-56
137
535
888
737
678
1294
1770
1513
1563
2167
2353
2131
2335
2586
2667
3256
3699
2661
1568
2363
3486
3028
1898
1367
1111
1167
1865
1910
558
-388
80
718
833
617
-363
-1535
-1382
-397
-576
-1878
-2640
-2715
-2712
-2505
-2433
-3250
-4082
-3484
-2305
-2375
-2942
-2525
-1965
-1926
-1425
-800
-1101
-1311
-610
3
82
213
327
171
436
1197
1381
997
1158
1807
1991
1749
1806
2130
2529
2957
2677
1751
1694
2715
3014
2322
1812
1572
1238
1469
1947
1487
511
316
764
1077
1170
814
-186
-776
-175
178
-604
-1628
-2104
-2205
-2033
-2032
-2901
-3990
-3799
-2772
-2946
-3659
-3150
-2443
-2627
-2400
-1607
-1641
-1771
-1012
-453
-359
82
431
237
467
1193
1274
770
901
1678
2178
2137
1806
1428
1613
2698
3354
2351
1069
1605
2851
2772
1991
1472
1001
1064
2114
2446
1160
38
213
790
1119
983
-173
-1518
-1356
-338
-430
-1721
-2987
-3387
-2963
-2466
-2865
-3924
-4476
-4039
-3323
-3244
-3580
-3529
-3010
-2526
-1925
-1233
-1097
-1100
-583
82
524
982
1128
1035
1298
1937
2131
1862
1866
2216
2427
2423
2351
2173
2247
2914
3152
2173
1486
2091
2607
2327
2108
1733
1075
1269
2060
1970
1127
673
670
986
1495
1220
-60
-966
-744
-256
-448
-1486
-2723
-3119
-2680
-2514
-2998
-3693
-4278
-4154
-3112
-2599
-3217
-3325
-2393
-1890
-1837
-1156
-715
-956
-492
582
879
725
1007
1268
1427
2026
2265
1535
1283
2183
2673
2151
1793
1779
1769
2564
3240
2090
637
1246
2517
2439
1880
1322
446
504
1911
2437
1369
428
378
682
1403
1632
182
-1454
-1347
-310
-333
-1460
-2727
-3353
-3045
-2544
-2850
-3752
-4160
-3880
-3238
-2730
-2863
-3059
-2528
-1877
-1607
-1029
-535
-720
-657
122
610
537
439
364
605
1112
1223
679
481
994
1560
1450
1012
959
1124
1548
2426
2445
991
654
2254
2845
1911
1731
1663
933
1548
2827
2064
574
662
1146
1172
1347
729
-1006
-1636
-545
-128
-1264
-2639
-3425
-3240
-2531
-2483
-3363
-4145
-4066
-3218
-2260
-2217
-3001
-3062
-1900
-955
-803
-676
-579
-528
206
1230
1354
766
532
1058
1871
2330
1965
1090
1020
2084
2806
2076
1078
1087
1559
2163
2702
1722
-27
506
2371
2273
1085
826
445
163
1608
2538
972
-328
324
951
1174
1281
120
-1394
-1022
299
51
-1414
-2464
-2600
-2136
-1750
-2141
-2998
-3279
-2901
-2140
-1460
-1685
-2281
-1943
-1000
-499
-186
109
-124
48
1228
1905
1462
1150
1331
1570
1975
2270
1800
1258
1660
2283
2027
1409
1243
1140
1000
1546
1918
705
-279
857
1746
997
748
916
-8
11
1647
1544
-163
-231
514
251
307
603
-500
-1623
-1092
-620
-1305
-2066
-2573
-3065
-3107
-2909
-3269
-3796
-3830
-3636
-3331
-2774
-2582
-2831
-2329
-1342
-1043
-866
-192
15
-3
785
1478
1213
932
1130
1259
1448
1660
1334
731
699
1010
916
472
246
283
224
523
877
-36
-1018
55
1232
527
87
608
97
-26
1754
2104
379
123
1073
1112
1304
1761
656
-684
-65
825
264
-736
-1164
-1217
-1077
-872
-1030
-1612
-2107
-1962
-1255
-684
-899
-1424
-1194
-302
405
688
616
250
525
1665
2274
1901
1563
1620
1919
2373
2345
1597
1073
1224
1515
1467
949
221
-107
154
655
1030
252
-1168
-533
1369
1219
135
306
144
-192
1353
2285
625
-230
964
1415
1179
1461
651
-1003
-747
744
540
-1154
-2235
-2260
-1997
-1744
-1851
-2780
-3563
-3053
-2021
-1769
-2169
-2551
-2423
-1642
-814
-608
-779
-849
-572
217
952
855
280
193
715
1273
1236
637
127
137
412
362
-121
-595
-687
-634
-215
469
-105
-1561
-986
827
453
-598
-33
67
-432
960
2084
483
-419
934
1434
1147
1647
1088
-532
-197
1334
963
-560
-973
-805
-766
-427
-468
-1493
-2006
-1014
-389
-1053
-1324
-804
-673
-504
186
237
-185
88
467
394
686
1041
582
184
737
1124
578
137
254
149
-25
136
-39
-607
-603
-432
-640
-106
542
-635
-1507
422
1737
419
121
1025
339
458
2555
2254
81
722
2312
1905
1916
2453
1065
109
1629
2295
706
-379
-348
-488
-356
-5
-694
-1653
-1329
-676
-1066
-1241
-721
-1061
-1766
-1187
-346
-612
-806
-360
-260
-238
448
588
-178
-267
504
641
195
277
346
-41
95
580
70
-574
-369
-383
-255
815
516
-1479
-974
1493
1326
-47
435
285
-451
1375
2659
603
-311
1386
1636
1123
1964
1472
-390
-16
1479
902
-447
-793
-987
-1112
-639
-806
-2252
-2966
-2053
-1731
-2640
-2604
-1952
-2545
-2980
-1801
-1096
-1650
-1733
-1324
-1393
-1040
-226
-463
-1052
-477
342
138
-116
313
298
-329
-221
337
256
-63
-342
-812
-260
1303
717
-1589
-1116
1407
1458
399
1042
1099
429
2075
3733
2228
1174
2609
3111
2669
3602
3634
1683
1331
2894
3016
1708
904
249
-307
270
616
-940
-2372
-1664
-928
-1761
-2255
-1700
-1817
-2337
-1808
-1142
-1280
-1406
-1302
-1263
-792
-25
-31
-581
-452
177
367
131
66
85
-309
-563
-138
219
-200
-754
-1082
-997
107
751
-753
-1808
-157
1208
615
410
676
271
1089
3061
2935
1565
1802
2624
2700
3193
3384
1919
913
1859
2689
1931
574
-297
-434
-216
-277
-1138
-2293
-2674
-2066
-1915
-2534
-2751
-2477
-2361
-2287
-2007
-1929
-1858
-1568
-1241
-1078
-823
-596
-686
-701
-240
4
-483
-923
-530
-21
-428
-922
-747
-406
-512
-784
-1086
-859
265
649
-660
-801
1265
2074
1127
1237
1812
1469
2420
4062
3297
1979
2911
3724
3265
3561
3550
1742
792
2038
2285
715
-330
-573
-952
-851
-639
-1647
-2955
-2745
-1934
-2287
-2977
-2799
-2444
-2385
-2114
-1876
-2133
-2079
-1482
-1235
-1273
-1103
-1089
-1247
-926
-377
-395
-905
-1116
-746
-240
-289
-662
-716
-432
-108
74
-237
-216
939
1351
182
207
2070
2612
1816
2097
2574
2204
2906
4088
3225
2143
2983
3489
2671
2758
3000
1649
672
1411
1642
522
-312
-679
-1214
-1317
-1180
-1856
-2874
-2979
-2576
-2832
-3200
-2785
-2471
-2995
-3057
-2288
-1991
-2129
-1882
-1859
-1877
-1049
-379
-885
-1100
-391
-131
-354
-96
341
311
251
427
721
1150
1444
1181
660
799
2029
2832
1681
496
1751
3333
2864
2300
2588
2173
2177
3781
3994
2293
1880
2677
2648
2688
2852
1464
17
668
1699
1026
-414
-1464
-1846
-1550
-1237
-1838
-3145
-3800
-3126
-2462
-3008
-3608
-3406
-3356
-3378
-2722
-2217
-2685
-2932
-2259
-1680
-1483
-1267
-1421
-1685
-1129
-229
-241
-767
-654
-94
177
166
203
343
470
549
622
540
538
1208
1839
1031
215
1439
2856
2319
1908
2474
2097
1897
3475
3893
2158
1661
2553
2502
2373
2867
1893
210
627
1777
974
-603
-1332
-1683
-1823
-1499
-1812
-3181
-3840
-3039
-2561
-3128
-3373
-3104
-3153
-3046
-2370
-2055
-2474
-2540
-2010
-1335
-647
-548
-1169
-1346
-464
354
199
-470
-574
135
939
923
368
200
581
1093
1207
825
649
1556
2463
1789
915
2107
3480
2887
2412
3101
2940
2460
3493
3965
2790
2554
3267
2859
2764
3529
2528
644
953
2096
1321
-249
-1079
-1410
-1227
-843
-1487
-2838
-3145
-2403
-1966
-2293
-2988
-3362
-2886
-2185
-2008
-2131
-2216
-2281
-2096
-1472
-1075
-1265
-1512
-1485
-1129
-438
-116
-731
-1160
-449
255
-106
-461
-159
93
220
714
891
188
271
1739
2404
1132
300
1529
2671
2411
2298
2356
1401
1271
2921
3370
1763
1108
1694
1757
1890
2116
826
-807
-385
649
67
-1306
-2149
-2452
-2164
-1622
-2062
-3318
-3780
-3075
-2360
-2418
-2953
-3239
-2884
-2373
-2149
-1962
-1786
-1989
-2078
-1377
-561
-412
-713
-880
-587
13
283
22
-241
-82
266
374
328
503
884
910
769
1018
1235
1185
1889
2866
2034
627
1769
3771
3268
2223
2723
2544
1923
3461
4570
2724
1498
2581
2874
2404
2766
1823
-393
-394
1086
642
-915
-1592
-1855
-1917
-1264
-1184
-2574
-3485
-2744
-2081
-2569
-2913
-2598
-2583
-2587
-1812
-1219
-1488
-1582
-1351
-1328
-921
-138
-283
-995
-657
174
383
243
120
-94
83
588
557
398
803
1139
785
736
1471
1503
554
850
2437
2235
416
686
2447
2343
1660
2138
1566
579
2247
3713
1772
193
1246
1590
993
1403
815
-1202
-1172
507
263
-1316
-1978
-2070
-2167
-1659
-1471
-2614
-3651
-3118
-2060
-1829
-2265
-2809
-2966
-2263
-1266
-1219
-1925
-2146
-1539
-802
-490
-545
-668
-749
-458
335
765
173
-317
271
1050
1119
736
409
544
1294
1766
1279
771
912
897
969
2146
2784
1008
-221
1761
3484
2302
1437
1839
1075
949
3106
3292
625
-2
1451
1398
960
1360
79
-1819
-1032
574
-266
-1888
-2393
-2582
-2445
-1500
-1540
-3320
-4190
-2948
-1996
-2418
-2737
-2766
-3021
-2675
-1620
-1311
-1655
-1681
-1361
-798
-50
213
-59
9
574
1060
1129
925
924
1461
1841
1616
1390
1596
1697
1617
1873
1932
1457
1277
1554
1199
1016
2231
2547
467
-311
2025
3058
1441
898
1254
537
1158
3075
2203
-147
209
1512
1180
1259
1522
-262
-1530
178
1413
-44
-1417
-1522
-1545
-1113
-243
-886
-2632
-2826
-1615
-1264
-1716
-1933
-2432
-2720
-1708
-744
-1212
-1683
-1457
-1358
-1105
-374
-199
-882
-1113
-519
61
-68
-512
-603
-220
160
256
161
-87
-209
213
940
889
186
133
522
279
695
2094
1444
-819
-120
2621
2460
823
1073
1104
458
2057
3380
1249
-413
899
1707
1183
1369
876
-836
-840
887
1022
-463
-1329
-1269
-1009
-541
-440
-1576
-2683
-2281
-1398
-1629
-2216
-2381
-2474
-2333
-1697
-1576
-2106
-2098
-1598
-1327
-1184
-963
-1027
-1106
-587
124
139
-319
-84
661
921
957
1255
1196
945
1301
1646
1301
1254
1667
1274
782
1308
1477
655
1156
2472
1300
-512
967
2824
1676
879
1614
727
142
2498
3258
664
-143
1205
1214
1325
2435
1299
-935
-303
1436
1037
-126
-589
-1257
-1611
-762
-418
-1763
-2811
-2289
-1727
-1950
-2210
-2502
-2795
-2309
-1642
-1845
-2194
-2063
-2003
-1599
-565
-399
-1311
-1418
-403
340
598
469
32
222
1302
1845
1301
942
1309
1655
1588
1307
1214
1343
1285
1127
989
456
396
2125
2879
64
-1365
1855
3324
623
232
1586
-40
-209
3184
2707
-1042
-463
1809
990
804
1747
-522
-2602
-230
1826
-187
-2289
-2259
-2069
-1782
-959
-1594
-3763
-4144
-2385
-1844
-2932
-3094
-2629
-2975
-2717
-1376
-1021
-1754
-1709
-1025
-604
-47
475
104
-373
390
1414
1186
650
1056
1499
1406
1528
1649
1390
1470
1815
1619
1327
1295
1189
1245
1455
1200
787
553
106
647
2149
1272
-1393
-790
1724
1120
-217
443
-382
-1789
481
2141
-575
-1938
-57
20
-805
471
311
-2113
-1894
407
169
-1324
-1283
-1179
-1701
-1042
-236
-1297
-2341
-1379
-365
-842
-1045
-584
-907
-1308
-413
462
18
-652
-487
136
590
781
721
533
652
1289
1705
1395
1207
1572
1611
1508
1952
2105
1491
1383
1930
2000
1702
1653
1526
1252
1286
1156
410
87
1037
1402
0
-718
555
1049
80
-27
14
-924
-557
923
71
-1683
-1072
-107
-648
-636
-321
-1468
-2130
-934
-315
-1293
-1955
-1943
-1895
-1515
-978
-1398
-2334
-2230
-1481
-1208
-1335
-1374
-1573
-1805
-1386
-647
-506
-971
-1048
-492
-86
-35
243
416
150
334
1153
1353
912
1077
1497
1310
1264
1705
1530
1056
1341
1580
920
569
1033
905
129
-5
32
-508
-89
1066
-26
-2049
-985
1145
464
-608
-88
-635
-1239
784
1844
-325
-1250
151
441
330
1313
573
-1485
-852
1311
1169
-275
-731
-820
-684
229
383
-1113
-2084
-1314
-516
-751
-1174
-1388
-1568
-1299
-599
-342
-636
-951
-906
-425
128
201
-163
-308
189
915
1003
569
627
1227
1445
1250
1238
1320
1296
1356
1393
1275
1187
1177
1033
953
1099
1013
569
175
0
216
1031
1177
-312
-1150
300
1453
687
85
102
-379
-51
1472
1407
-198
-400
426
546
685
1028
117
-1068
-495
743
517
-627
-1221
-1279
-1010
-438
-559
-1873
-2550
-1649
-1027
-1585
-1885
-1714
-1886
-1745
-1037
-930
-1430
-1420
-1003
-763
-489
-107
-117
-232
122
644
745
769
997
1067
1090
1297
1331
1069
1147
1303
975
636
706
705
451
390
194
-182
-125
-166
-749
-489
457
-322
-1776
-916
492
-259
-852
-160
-812
-1520
123
976
-763
-1320
-72
-4
-133
874
577
-868
-448
988
823
-22
-188
-440
-696
-84
468
-302
-1206
-892
-281
-378
-372
-76
-407
-914
-415
361
237
-225
-180
143
418
752
755
455
528
1096
1218
904
992
1229
1164
1117
1333
1213
907
924
1077
855
565
484
247
-39
101
204
-275
-627
-544
-711
-846
-223
-249
-1487
-1637
-291
-221
-1159
-776
-495
-1272
-646
800
128
-960
-59
753
310
510
833
17
-127
972
1164
326
71
213
194
551
822
173
-530
-222
421
338
-4
-204
-349
-303
191
416
35
-187
32
232
295
452
436
104
-40
333
654
459
127
181
295
261
271
194
-101
-275
-313
-476
-646
-747
-998
-1357
-1493
-1387
-1269
-1472
-1997
-2087
-1253
-735
-1687
-2465
-1486
-484
-826
-1045
-694
-824
-569
642
826
-84
129
1081
1151
1202
1772
1534
956
1574
2430
2121
1548
1577
1516
1410
1742
1683
830
472
1124
1189
326
16
332
109
-338
-220
-144
-609
-897
-747
-778
-962
-797
-777
-1219
-1139
-569
-477
-913
-1002
-834
-856
-685
-511
-739
-977
-793
-680
-714
-547
-617
-1045
-1034
-542
-438
-642
-648
-773
-820
-40
594
-107
-618
398
1194
776
797
1305
1059
1099
2253
2571
1714
1617
2253
2506
2717
2900
2159
1494
1950
2502
2003
1100
501
263
353
379
-89
-793
-1138
-1219
-1262
-1331
-1473
-1922
-2356
-2338
-1952
-1819
-2140
-2445
-2315
-1911
-1641
-1602
-1827
-1982
-1646
-997
-731
-955
-1014
-673
-283
-3
79
-121
-243
42
502
658
411
225
533
1117
1361
1174
996
1079
1420
2076
2256
1340
761
1673
2480
2004
1574
1601
1371
1604
2625
2485
1167
776
1326
1529
1440
1211
222
-534
108
853
115
-1074
-1473
-1440
-1346
-1154
-1440
-2265
-2595
-2229
-2065
-2270
-2279
-2412
-2691
-2480
-1839
-1618
-1757
-1813
-1813
-1651
-1111
-721
-922
-1002
-620
-278
-147
122
199
76
179
503
729
769
813
772
721
855
1078
983
696
564
703
936
1050
911
763
858
901
838
938
980
621
511
899
1012
761
852
857
428
494
1035
936
361
210
367
411
449
441
88
-262
-152
110
-49
-407
-517
-579
-721
-635
-507
-767
-1049
-1005
-905
-755
-505
-672
-1004
-780
-419
-520
-655
-511
-336
-134
72
28
-96
54
302
383
307
251
379
565
599
603
585
505
499
500
396
453
606
509
377
476
445
290
619
974
432
-205
308
1056
842
551
695
223
-125
813
1250
167
-389
102
187
176
511
-25
-1090
-929
-82
-129
-856
-1281
-1386
-1327
-1045
-927
-1362
-1896
-1732
-1106
-974
-1247
-1225
-1119
-1093
-686
-258
-488
-739
-479
-167
-68
83
226
116
137
482
587
317
270
561
653
554
726
891
692
533
575
456
205
109
156
147
60
33
7
-162
-277
-11
156
-43
-109
24
-54
-43
296
254
-152
-27
520
624
506
633
585
364
701
1197
943
488
531
668
583
609
490
-16
-253
51
253
-7
-417
-639
-640
-504
-448
-574
-786
-915
-787
-548
-574
-800
-893
-866
-740
-494
-354
-493
-636
-506
-239
-63
-35
-121
-172
-21
307
486
267
40
178
452
634
757
703
418
329
698
1050
926
560
471
564
711
988
928
215
-195
463
1016
629
224
135
-75
77
637
543
-257
-552
-187
124
91
-147
-593
-956
-702
-167
-221
-841
-1150
-994
-870
-748
-733
-1079
-1239
-887
-524
-499
-489
-457
-501
-300
43
130
-33
-93
79
333
537
654
637
604
702
914
988
914
911
903
803
789
831
713
599
545
428
242
155
119
-8
-117
-274
-451
-550
-619
-670
-740
-876
-1030
-1017
-901
-827
-780
-861
-1029
-910
-539
-422
-535
-523
-461
-335
54
350
181
3
195
405
520
717
731
530
528
779
881
702
519
451
425
514
613
433
110
45
158
98
-106
-273
-379
-449
-418
-382
-534
-789
-875
-774
-673
-689
-742
-779
-798
-604
-335
-326
-490
-403
-223
-179
-63
116
56
-29
180
307
227
272
408
383
392
618
714
599
713
895
672
492
812
992
779
725
786
671
738
1074
1060
754
667
738
706
702
688
463
231
260
400
386
164
-141
-273
-239
-201
-262
-468
-738
-800
-669
-655
-832
-979
-981
-924
-832
-688
-693
-882
-899
-703
-611
-572
-473
-537
-644
-424
-115
-77
-155
-128
-87
21
241
325
226
141
161
252
347
387
299
136
92
219
346
330
227
128
101
222
388
446
380
267
237
456
753
703
474
413
499
667
815
735
440
295
425
551
439
150
-88
-179
-137
-53
-137
-524
-882
-871
-754
-762
-869
-1115
-1385
-1359
-1155
-1159
-1404
-1609
-1590
-1424
-1253
-1228
-1365
-1463
-1344
-1108
-969
-967
-933
-840
-650
-384
-196
-156
-84
151
443
656
734
792
871
1005
1239
1408
1357
1357
1520
1657
1677
1626
1478
1374
1484
1587
1538
1351
1102
1045
1285
1392
1158
939
824
790
967
1036
651
198
116
224
262
189
-103
-403
-445
-330
-282
-472
-852
-1046
-930
-858
-897
-1041
-1315
-1416
-1164
-946
-1013
-1140
-1183
-1088
-861
-676
-708
-867
-906
-684
-368
-259
-281
-230
-140
49
374
478
329
330
497
615
723
810
747
663
715
812
823
721
553
416
354
334
290
180
6
-98
-115
-160
-212
-233
-232
-276
-362
-351
-229
-226
-313
-290
-206
-154
-16
110
4
-72
93
239
271
276
196
114
189
277
232
98
-51
-135
-120
-78
-128
-302
-500
-581
-527
-518
-613
-683
-721
-758
-723
-668
-711
-774
-792
-673
-529
-480
-474
-466
-437
-320
-100
13
-20
-32
41
170
330
390
282
217
286
397
480
442
286
207
278
384
453
383
198
107
213
408
483
343
166
242
481
559
468
359
261
328
574
657
483
325
325
444
586
619
499
343
323
420
486
400
189
37
23
87
101
-66
-287
-347
-277
-246
-279
-390
-543
-586
-525
-504
-550
-572
-578
-536
-439
-358
-352
-394
-356
-206
-76
-20
27
78
120
177
233
256
247
273
347
365
326
293
248
217
232
256
195
127
152
157
163
145
68
67
192
273
279
334
337
304
386
461
428
441
482
445
414
390
293
203
153
72
22
-7
-94
-203
-282
-386
-497
-589
-715
-804
-851
-928
-995
-1017
-1102
-1180
-1129
-1086
-1101
-1109
-1139
-1165
-1084
-964
-882
-799
-691
-580
-477
-351
-248
-158
-49
92
223
312
377
451
532
614
687
716
724
797
862
867
864
873
898
937
955
913
856
797
775
785
754
645
549
563
627
659
635
541
475
494
507
450
315
154
95
118
82
-22
-137
-267
-373
-381
-426
-564
-712
-831
-880
-885
-927
-1053
-1176
-1202
-1157
-1097
-1085
-1112
-1089
-986
-851
-731
-645
-591
-494
-334
-197
-71
58
141
228
377
489
528
602
728
837
931
1005
1024
996
1011
1046
1031
971
943
933
897
845
751
621
538
507
463
399
328
247
177
107
23
-43
-73
-112
-181
-192
-167
-228
-279
-266
-283
-321
-342
-391
-456
-455
-483
-555
-593
-592
-609
-643
-644
-644
-658
-688
-728
-734
-726
-704
-676
-663
-660
-612
-533
-502
-466
-415
-360
-291
-236
-191
-145
-75
21
121
185
212
254
288
331
408
450
440
457
520
568
592
567
529
528
571
570
510
431
343
305
310
293
246
221
191
171
175
161
107
47
15
-10
-2
33
44
53
104
201
278
281
231
207
206
223
208
150
103
96
114
72
19
-32
-97
-137
-156
-211
-316
-405
-438
-431
-421
-422
-447
-468
-463
-448
-442
-438
-425
-385
-354
-323
-286
-275
-265
-246
-209
-183
-141
-67
-29
-14
-9
3
37
82
140
181
208
251
267
266
285
303
322
357
395
415
429
429
422
424
423
415
409
416
420
417
433
425
377
355
353
330
330
320
253
170
126
100
43
-25
-80
-146
-208
-242
-298
-382
-441
-459
-466
-497
-548
-593
-640
-663
-667
-683
-668
-653
-664
-662
-644
-641
-639
-608
-547
-489
-442
-406
-393
-357
-298
-235
-163
-94
-32
26
85
131
185
245
277
328
395
423
455
489
505
519
552
586
597
617
637
653
680
683
652
641
648
634
629
635
628
608
582
537
493
455
429
377
304
244
183
135
65
-25
-96
-164
-244
-311
-391
-461
-501
-531
-555
-588
-665
-733
-773
-824
-848
-866
-878
-874
-857
-821
-799
-774
-739
-715
-658
-591
-554
-485
-419
-368
-289
-228
-185
-108
-14
68
129
181
224
259
290
317
355
386
422
460
518
554
550
567
586
601
604
582
560
553
556
537
508
511
512
514
543
536
466
408
388
372
360
322
251
173
106
63
40
10
-35
-63
-60
-55
-50
-107
-198
-232
-232
-255
-281
-308
-347
-369
-359
-340
-328
-323
-333
-332
-323
-315
-291
-274
-284
-297
-290
-281
-271
-248
-234
-200
-139
-103
-88
-47
-20
-5
38
66
67
67
63
49
56
67
92
115
112
93
85
99
85
78
85
86
87
93
90
91
79
61
66
81
80
48
23
14
13
23
12
-13
-37
-48
-57
-86
-110
-146
-177
-173
-162
-180
-225
-249
-250
-254
-257
-245
-251
-257
-259
-270
-266
-262
-257
-240
-214
-161
-103
-71
-42
-5
36
70
99
139
178
182
199
243
272
294
326
345
353
368
387
406
410
408
428
449
449
457
455
434
415
408
387
361
350
318
274
247
214
188
184
180
161
154
133
91
43
-12
-35
-43
-56
-73
-82
-97
-140
-181
-215
-234
-252
-267
-296
-309
-336
-391
-431
-445
-459
-470
-475
-491
-509
-527
-541
-556
-536
-494
-469
-467
-456
-429
-389
-334
-294
-266
-233
-171
-116
-94
-59
-11
7
27
97
145
156
175
200
214
217
229
237
242
272
300
305
294
290
302
326
338
329
307
300
317
321
298
294
306
303
307
311
315
308
300
308
316
318
311
291
282
271
243
215
172
113
56
10
-45
-93
-140
-186
-227
-260
-277
-318
-370
-405
-426
-442
-448
-445
-435
-422
-403
-382
-380
-388
-383
-384
-370
-331
-293
-289
-299
-278
-237
-201
-167
-139
-118
-85
-23
11
15
34
49
52
62
101
132
154
181
205
251
296
318
331
341
348
357
351
346
358
375
375
375
371
345
319
303
285
269
246
216
194
182
176
158
134
110
75
40
9
-44
-87
-115
-178
-233
-264
-296
-307
-306
-306
-292
-295
-300
-293
-305
-296
-270
-249
-232
-230
-219
-213
-228
-224
-202
-178
-143
-117
-90
-53
-16
15
11
12
39
56
85
117
125
134
144
157
166
160
161
178
185
188
204
199
187
192
200
207
220
223
206
178
145
155
164
145
122
100
84
75
76
55
24
-9
-50
-98
-145
-190
-247
-290
-316
-332
-348
-354
-362
-388
-409
-407
-403
-402
-401
-397
-368
-342
-320
-308
-289
-258
-202
-126
-77
-23
29
60
94
126
149
185
228
262
301
341
360
349
348
353
346
363
402
428
441
444
438
431
415
421
433
406
391
382
358
335
312
287
255
217
174
148
123
102
66
36
10
-33
-63
-90
-117
-147
-182
-220
-266
-317
-362
-407
-459
-514
-558
-602
-634
-651
-654
-659
-668
-672
-664
-643
-633
-637
-622
-602
-584
-541
-500
-450
-394
-336
-273
-217
-167
-104
-36
24
79
125
173
217
278
327
351
394
449
491
536
589
620
642
654
660
678
703
719
733
742
744
751
760
742
734
735
711
683
662
637
603
561
496
426
378
322
255
196
123
50
-13
-81
-141
-204
-296
-380
-438
-496
-558
-621
-682
-735
-764
-809
-860
-888
-890
-870
-855
-858
-851
-831
-811
-787
-760
-739
-722
-688
-634
-582
-529
-473
-419
-382
-335
-269
-212
-165
-111
-53
12
80
148
219
270
300
349
399
436
472
506
539
557
578
607
618
627
663
693
694
703
703
695
695
694
672
636
589
537
502
468
434
404
381
356
334
299
238
171
118
71
13
-41
-99
-154
-203
-263
-334
-394
-441
-468
-487
-506
-519
-546
-575
-596
-597
-600
-599
-587
-576
-553
-524
-494
-468
-449
-419
-383
-343
-294
-253
-231
-215
-183
-138
-84
-25
26
74
115
151
186
205
216
240
270
308
343
370
389
415
437
432
424
417
412
404
395
381
360
345
330
316
287
254
224
197
174
150
116
72
39
3
-43
-82
-115
-143
-147
-155
-160
-160
-173
-198
-219
-242
-260
-260
-268
-285
-271
-248
-240
-236
-231
-227
-225
-217
-206
-170
-120
-95
-95
-92
-84
-78
-58
-34
-3
39
75
101
123
135
150
161
174
179
176
175
181
199
211
209
208
211
197
183
185
175
148
133
128
122
113
93
79
60
20
-7
-10
-32
-56
-85
-106
-129
-149
-173
-204
-221
-242
-272
-295
-297
-312
-328
-325
-339
-343
-337
-332
-324
-312
-307
-280
-247
-220
-183
-153
-125
-104
-84
-54
-35
-14
20
49
85
126
156
188
219
239
262
284
310
331
354
380
413
434
450
455
455
464
456
440
420
397
382
370
363
351
326
300
276
244
228
199
151
106
54
3
-36
-65
-109
-151
-173
-193
-228
-253
-272
-299
-316
-334
-364
-386
-391
-402
-401
-386
-383
-380
-367
-360
-354
-338
-320
-295
-276
-283
-289
-283
-280
-268
-238
-209
-174
-120
-79
-52
-30
-18
0
9
16
46
71
89
113
145
179
190
194
194
186
192
207
231
257
278
297
311
300
282
283
266
242
235
228
206
211
219
211
205
179
135
91
54
11
-6
-6
1
7
-1
-14
-43
-72
-99
-106
-122
-149
-158
-148
-144
-139
-142
-152
-161
-173
-181
-202
-210
-197
-192
-191
-190
-187
-172
-156
-157
-163
-162
-152
-132
-109
-82
-56
-29
-4
17
46
69
74
78
79
82
89
110
137
133
132
151
166
191
209
196
182
175
185
198
192
175
161
161
158
154
141
126
108
88
70
66
64
42
27
7
-18
-31
-49
-51
-56
-49
-23
-5
-11
-27
-40
-67
-85
-84
-89
-96
-99
-98
-94
-96
-115
-126
-134
-137
-137
-128
-127
-140
-130
-113
-97
-92
-89
-95
-104
-99
-86
-73
-73
-72
-77
-71
-60
-45
-45
-55
-46
-38
-33
-14
12
36
37
41
41
32
32
31
36
35
43
47
55
73
90
104
111
115
116
113
125
132
122
113
122
132
127
130
124
101
73
62
62
66
76
73
61
57
43
30
23
10
-5
-9
-11
-24
-24
-26
-31
-36
-40
-50
-61
-62
-63
-49
-31
-36
-44
-56
-66
-56
-58
-80
-86
-70
-66
-60
-57
-56
-43
-39
-41
-53
-62
-77
-96
-89
-83
-65
-43
-21
-16
-13
1
5
-8
-21
-23
-17
-15
-13
-8
-8
-10
-2
12
28
30
34
51
44
36
45
48
42
37
24
15
29
51
62
62
56
43
31
9
-1
-2
-6
6
13
24
25
20
17
4
-2
1
15
27
33
39
44
44
31
24
19
17
17
1
-6
-9
-1
8
24
46
40
40
31
3
-5
8
9
5
2
1
2
-12
-10
8
10
-3
-11
-7
0
13
27
8
-23
-28
-20
-27
-30
-23
-24
-25
-33
-43
-45
-51
-45
-32
-22
-13
-14
-18
-16
-16
-16
-16
-25
-24
-15
-4
6
6
6
5
-1
-2
9
22
22
35
51
51
48
29
19
28
46
54
57
47
18
-1
-18
-29
-29
-27
-30
-32
-29
-27
-36
-50
-41
-42
-45
-34
-27
-16
-25
-34
-39
-48
-55
-60
-53
-48
-49
-43
-46
-44
-41
-30
-7
2
8
15
24
39
41
28
18
11
11
20
29
41
57
62
49
25
19
18
15
37
55
66
70
70
67
61
46
33
30
15
11
10
5
-6
-18
-21
-15
3
19
23
26
25
21
29
26
25
23
14
12
25
18
11
14
10
-7
-24
-27
-33
-33
-28
-25
-11
3
2
7
3
3
6
-1
1
7
2
-5
0
14
17
12
7
8
-7
-16
-25
-32
-38
-55
-54
-47
-33
-16
-4
-5
-10
-12
-18
-23
-32
-39
-46
-40
-14
-1
-8
-18
-29
-31
-26
-17
-17
-18
-6
-1
-11
-14
-22
-32
-37
-42
-24
-14
-12
-3
-4
2
11
16
17
12
9
10
-2
-10
-13
-12
-16
-32
-30
-15
1
10
11
12
26
31
15
9
7
7
7
8
16
24
24
18
18
17
3
1
18
28
23
11
-1
-6
5
18
19
17
11
21
36
39
27
31
25
17
31
34
29
19
11
18
32
31
26
33
28
32
35
29
15
0
-2
-2
8
20
33
42
44
38
31
17
4
-1
-10
-14
-11
-22
-14
-6
-9
-11
-15
-19
-21
-20
-22
-9
4
0
-16
-27
-32
-44
-62
-73
-64
-56
-41
-25
-17
-27
-51
-61
-65
-66
-68
-68
-63
-54
-45
-38
-31
-35
-44
-50
-48
-42
-30
-18
-13
-1
-2
9
27
40
52
42
36
41
48
42
44
54
70
77
76
74
67
68
59
52
37
30
27
29
33
29
35
37
43
40
37
41
21
-5
-5
7
14
27
25
9
9
9
11
15
14
3
-13
-37
-63
-82
-91
-101
-101
-87
-74
-66
-57
-48
-51
-53
-64
-63
-75
-88
-80
-73
-60
-32
-8
2
-4
-20
-15
-8
-4
10
18
21
29
36
39
35
44
51
44
41
50
59
72
73
62
53
46
45
30
16
10
10
12
18
24
26
12
-1
6
12
19
31
29
24
22
22
27
18
10
10
-2
0
17
29
26
28
27
30
32
27
7
-14
-27
-37
-34
-27
-26
-21
-22
-28
-26
-18
-13
-13
-15
-22
-22
-23
-35
-40
-31
-39
-47
-36
-29
-25
-25
-36
-35
-34
-28
-6
12
13
-1
-2
3
14
21
26
31
27
19
8
3
-2
-2
5
5
-5
-6
7
7
3
-8
-13
-10
-10
-13
-17
-18
-16
-15
-10
-8
7
28
40
40
43
43
34
32
21
3
-1
10
15
11
16
