-7
-9
-6
0
12
17
10
0
-1
-6
-15
-21
-27
-31
-21
-13
-12
-14
-16
-30
-46
-46
-41
-42
-34
-23
-18
-20
-11
2
14
25
29
39
33
20
15
0
-20
-34
-46
-44
-34
-25
-19
-19
-16
-22
-31
-44
-49
-50
-43
-31
-14
-4
-2
8
12
20
19
27
29
18
10
10
17
11
17
17
17
23
24
17
12
7
-3
3
3
2
-1
-2
4
-3
-6
1
2
-4
-8
-8
-8
-10
-4
9
19
28
35
37
29
22
21
18
4
0
4
8
8
-8
-20
-26
-21
-23
-25
-22
-26
-31
-28
-27
-24
-13
-11
-8
-4
11
27
44
53
55
53
42
36
25
5
-3
-2
-1
4
15
26
31
28
22
13
-3
-8
-8
-17
-19
-16
-13
-6
-3
5
5
-2
9
23
19
16
16
11
7
-7
-22
-34
-40
-25
-14
-13
-7
-5
-11
-14
-15
-15
-15
-8
-7
-11
-9
0
4
9
21
25
12
5
11
0
3
11
10
6
-4
-10
-7
-7
-7
-4
-11
-28
-40
-45
-51
-49
-41
-30
-17
-13
-18
-12
-12
-6
7
13
17
17
18
29
31
18
9
5
2
-1
8
10
6
11
9
0
-10
-15
-7
-7
-9
2
11
10
13
19
24
25
16
3
-6
-10
-7
1
7
12
10
3
0
-6
-16
-22
-16
-7
-15
-33
-36
-38
-32
-15
-14
-7
-5
-5
-2
4
7
4
0
2
4
6
9
9
12
13
19
31
31
22
14
18
26
28
24
26
31
22
11
12
20
23
25
33
28
14
2
-5
-4
-3
-7
-6
-2
1
-5
-10
-4
-2
8
17
9
12
8
-15
-20
-10
3
6
6
5
9
4
-2
-1
-6
-19
-26
-33
-42
-51
-56
-42
-28
-23
-25
-10
3
3
8
4
-7
-14
-4
6
20
27
29
40
40
33
26
35
32
13
1
-3
1
-10
-8
2
0
-1
7
8
-13
-27
-21
-17
-23
-29
-36
-34
-32
-29
-16
-6
2
5
2
13
9
-12
-19
-28
-35
-38
-29
-28
-33
-23
-21
-19
-21
-19
-6
-2
5
16
17
6
-3
0
9
19
17
24
33
28
14
-7
-8
-3
-18
-23
2
8
-5
-11
-8
-4
-11
-11
-4
-4
-5
0
5
14
23
22
26
31
13
3
10
22
28
41
56
54
32
7
9
12
3
9
19
24
35
40
35
24
10
6
4
6
9
2
11
19
13
-4
-22
-20
-10
-5
4
9
2
-1
-10
-23
-29
-13
17
33
23
23
25
13
6
4
14
17
15
14
9
4
-3
-3
-3
6
1
-16
-34
-52
-63
-55
-37
-26
-27
-36
-45
-54
-54
-30
-3
1
-4
-10
-9
-9
-12
2
9
3
3
-8
-23
-40
-49
-45
-33
-18
-14
-12
-12
-15
-15
-18
-17
-13
-3
23
39
35
23
21
19
6
0
6
10
0
-10
-8
-6
-11
-14
-9
-5
-3
2
6
13
16
9
4
17
32
33
27
20
21
18
15
8
0
3
-1
-10
-12
-17
-20
-18
-12
9
17
20
33
31
27
25
27
34
27
24
8
-5
4
3
-11
-25
-22
-21
-27
-27
-13
1
18
31
14
4
-7
0
19
21
28
32
23
24
33
27
18
14
12
14
-2
-7
1
6
21
16
15
13
10
2
-14
-21
-19
-1
-1
-4
-10
-25
-38
-39
-43
-52
-55
-51
-39
-32
-18
-3
-3
-9
-12
-9
-3
5
14
27
32
30
29
14
0
-14
-17
7
11
9
-1
-13
-17
1
15
21
23
22
33
30
42
35
32
43
26
6
3
10
20
9
-1
-1
0
1
-6
-7
-12
-11
-8
-9
-18
-38
-47
-41
-41
-62
-88
-89
-71
-62
-59
-58
-45
-29
-25
-12
7
11
5
11
20
13
0
-5
9
19
16
14
5
5
-7
-29
-30
-15
-7
4
-12
-27
-33
-31
-4
16
21
12
-3
-1
-12
-54
-72
-67
-55
-49
-60
-87
-100
-91
-87
-86
-92
-80
-63
-50
-46
-54
-44
-36
-28
-1
34
71
98
114
147
174
165
145
147
174
182
145
123
137
139
121
136
184
193
162
125
117
113
99
115
152
176
170
157
142
127
87
47
39
41
24
0
-33
-85
-134
-169
-213
-250
-265
-270
-275
-289
-286
-262
-195
-106
-41
52
160
248
312
388
495
556
551
548
571
566
517
441
372
291
173
38
-66
-138
-256
-395
-485
-523
-579
-636
-647
-608
-595
-642
-659
-645
-637
-669
-699
-678
-651
-693
-774
-802
-832
-925
-1039
-1037
-957
-922
-894
-788
-567
-371
-241
-37
309
651
906
1149
1490
1816
1969
2050
2171
2256
2174
2015
1886
1759
1522
1191
881
640
367
-1
-322
-544
-744
-976
-1141
-1197
-1233
-1282
-1278
-1203
-1129
-1049
-921
-735
-588
-476
-364
-268
-173
-136
-123
-113
-121
-185
-245
-243
-260
-275
-242
-139
-17
57
177
411
666
829
955
1168
1377
1436
1403
1388
1382
1261
1009
785
627
397
51
-232
-374
-539
-802
-985
-1003
-1002
-1075
-1124
-1022
-877
-852
-820
-659
-463
-386
-393
-309
-193
-180
-267
-338
-352
-436
-600
-708
-718
-767
-878
-920
-805
-652
-530
-332
-5
342
637
945
1302
1677
2003
2218
2398
2578
2629
2540
2394
2246
2031
1682
1292
922
562
214
-126
-460
-779
-1025
-1232
-1431
-1558
-1620
-1670
-1710
-1696
-1637
-1606
-1586
-1531
-1469
-1459
-1466
-1452
-1445
-1379
-1322
-1301
-1264
-1190
-1075
-990
-890
-691
-354
-53
188
566
1074
1488
1683
1926
2256
2435
2419
2425
2502
2382
2091
1847
1642
1261
736
350
118
-201
-621
-926
-1030
-1122
-1311
-1451
-1442
-1375
-1329
-1243
-1168
-1050
-877
-747
-660
-556
-431
-380
-324
-275
-317
-401
-416
-397
-471
-548
-543
-366
-50
204
337
647
1216
1664
1801
2009
2481
2762
2709
2728
2855
2684
2287
2014
1774
1298
675
168
-190
-560
-990
-1385
-1547
-1559
-1750
-1993
-1971
-1760
-1719
-1780
-1610
-1381
-1323
-1287
-1158
-1119
-1198
-1220
-1137
-1042
-1036
-1017
-893
-734
-670
-737
-722
-282
233
295
392
1026
1713
1832
1913
2485
2915
2908
2904
3117
3132
2671
2348
2293
1915
1200
613
282
-73
-600
-1144
-1412
-1451
-1612
-1914
-1998
-1814
-1781
-1915
-1841
-1632
-1628
-1654
-1565
-1550
-1681
-1770
-1743
-1756
-1775
-1810
-1818
-1629
-1360
-1301
-1321
-847
-22
349
484
1245
2181
2440
2625
3315
3774
3604
3508
3786
3724
3103
2558
2374
2008
1194
423
59
-136
-673
-1389
-1746
-1632
-1647
-2059
-2228
-1993
-1911
-2039
-2011
-1907
-1947
-1982
-1896
-1859
-1851
-1783
-1757
-1731
-1541
-1452
-1495
-1207
-785
-737
-587
228
968
1068
1334
2326
3005
2943
3270
4086
4288
3870
3841
4050
3538
2641
2144
1886
1282
275
-496
-789
-1089
-1745
-2383
-2399
-2180
-2387
-2608
-2267
-1822
-1902
-1908
-1375
-945
-919
-782
-406
-279
-498
-607
-511
-461
-658
-976
-940
-650
-691
-1044
-841
-27
297
69
561
1726
2074
1880
2555
3473
3454
3159
3517
3799
3135
2322
2128
1953
1188
188
-374
-513
-850
-1622
-2159
-2003
-1874
-2283
-2488
-2046
-1725
-2004
-1987
-1383
-1261
-1666
-1703
-1313
-1203
-1509
-1646
-1443
-1356
-1625
-1771
-1425
-1089
-1207
-1122
-238
617
623
673
1770
2831
2788
2811
3715
4213
3713
3466
3830
3654
2746
2127
1986
1556
604
-274
-660
-872
-1465
-2283
-2517
-2264
-2380
-2860
-2858
-2359
-2266
-2480
-2128
-1514
-1440
-1557
-1255
-884
-952
-1124
-1045
-915
-944
-1081
-1056
-809
-769
-829
-340
422
771
967
1696
2631
2949
3094
3683
4158
3960
3689
3839
3664
2922
2327
2122
1699
823
64
-318
-681
-1320
-1974
-2225
-2249
-2521
-2912
-2946
-2773
-2819
-2937
-2730
-2406
-2413
-2567
-2397
-2046
-1994
-2075
-1830
-1492
-1458
-1428
-1005
-501
-281
142
985
1655
1969
2575
3521
4021
4172
4622
5058
4892
4495
4474
4383
3664
2862
2559
2247
1319
301
-144
-369
-1016
-1802
-2122
-2126
-2461
-3005
-3064
-2792
-2808
-3011
-2902
-2702
-2684
-2675
-2510
-2300
-2206
-2132
-1969
-1725
-1468
-1306
-1181
-810
-281
202
702
1258
1842
2458
3144
3689
3997
4423
4879
4789
4302
4149
4038
3187
2181
1822
1481
420
-626
-955
-1151
-1840
-2580
-2787
-2771
-2956
-3228
-3348
-3354
-3353
-3233
-2995
-2892
-2902
-2686
-2351
-2265
-2359
-2271
-1980
-1813
-1798
-1640
-1388
-1318
-1198
-496
361
679
1063
2121
3288
3807
4076
4769
5441
5528
5346
5399
5257
4390
3448
3023
2604
1571
358
-245
-509
-1153
-2121
-2599
-2521
-2773
-3379
-3531
-3233
-3280
-3544
-3395
-3046
-2921
-2864
-2518
-2097
-1921
-1873
-1648
-1270
-1004
-919
-854
-628
-27
672
960
1194
1899
2873
3441
3780
4446
5138
5396
5199
5062
5069
4532
3478
2681
2205
1382
172
-658
-1081
-1701
-2401
-2798
-2934
-3159
-3470
-3566
-3586
-3553
-3410
-3298
-3204
-3055
-2747
-2410
-2168
-1845
-1489
-1140
-758
-477
-313
-134
43
141
557
1204
1430
1547
2296
3227
3518
3621
4191
4824
4851
4644
4791
4688
3925
3172
2734
1990
788
-220
-706
-1072
-1817
-2651
-2909
-2861
-3185
-3725
-3890
-3602
-3506
-3650
-3487
-3105
-3067
-3131
-2761
-2328
-2275
-2302
-1965
-1480
-1182
-996
-692
-247
277
666
883
1304
2117
2814
3123
3581
4247
4574
4526
4595
4848
4611
3809
3305
3150
2522
1328
457
124
-447
-1460
-2316
-2677
-3044
-3679
-4039
-4063
-4137
-4368
-4409
-4137
-4005
-3977
-3635
-3041
-2597
-2389
-2004
-1282
-668
-392
-168
379
1096
1617
1952
2300
2955
3720
4071
4110
4470
4857
4614
4232
4235
4180
3386
2456
2142
1888
1018
-64
-617
-875
-1376
-2003
-2427
-2562
-2694
-2992
-3195
-3238
-3242
-3255
-3148
-2903
-2766
-2575
-2149
-1671
-1360
-1200
-871
-406
32
357
543
744
1246
1934
2203
2270
2888
3746
3957
3940
4414
4786
4430
3899
3928
3871
2981
2019
1713
1401
497
-413
-868
-1252
-1848
-2440
-2846
-3079
-3332
-3702
-3910
-3861
-3871
-4084
-4134
-3955
-3793
-3640
-3415
-3156
-2985
-2696
-2236
-1802
-1344
-919
-576
38
1049
1810
1972
2388
3545
4366
4337
4533
5274
5455
4867
4596
4717
4144
2968
2285
2025
1300
227
-445
-801
-1227
-1758
-2242
-2547
-2742
-2976
-3276
-3515
-3651
-3755
-3803
-3756
-3654
-3496
-3290
-2942
-2503
-2105
-1788
-1485
-1022
-476
-185
-20
732
1746
1993
2016
3132
4519
4653
4460
5298
6079
5611
4932
5027
4876
3766
2811
2408
1735
529
-387
-734
-1163
-1728
-2131
-2284
-2413
-2703
-2976
-3193
-3413
-3680
-3946
-3973
-3931
-3884
-3614
-3285
-3084
-2813
-2315
-1913
-1712
-1373
-868
-550
-157
635
1214
1197
1611
2906
3648
3404
3587
4485
4706
4040
3846
4159
3632
2543
2035
1791
949
-208
-806
-1058
-1558
-2221
-2604
-2547
-2547
-2792
-2828
-2606
-2599
-2875
-2851
-2524
-2459
-2494
-2141
-1647
-1429
-1169
-671
-295
-35
341
701
1050
1732
2438
2623
2856
3888
4726
4449
4336
5034
5289
4532
4014
4196
3662
2374
1732
1644
948
-337
-1034
-1107
-1549
-2317
-2720
-2756
-3003
-3467
-3593
-3505
-3781
-4275
-4344
-4007
-4007
-4165
-3686
-2967
-2767
-2638
-1905
-1210
-1078
-892
-347
187
696
1301
1759
2175
3052
3985
4109
4111
4747
5036
4323
3720
3784
3191
1880
1255
1138
329
-909
-1375
-1387
-1882
-2511
-2660
-2539
-2653
-2871
-2851
-2737
-2844
-3136
-3173
-2935
-2972
-3170
-2862
-2297
-2051
-1776
-1077
-385
-153
95
639
991
1358
2045
2558
2779
3506
4640
4995
4894
5415
5925
5403
4608
4535
4183
2803
1689
1451
915
-406
-1393
-1625
-1884
-2422
-2783
-2871
-2979
-3117
-3181
-3173
-3209
-3441
-3616
-3546
-3499
-3573
-3423
-2942
-2626
-2442
-1827
-983
-542
-355
81
627
1093
1629
2150
2425
2937
3964
4559
4540
4915
5621
5527
4785
4568
4373
3227
1981
1506
1008
-297
-1465
-1868
-2231
-2941
-3503
-3519
-3455
-3588
-3672
-3497
-3260
-3279
-3327
-3154
-2949
-3020
-3057
-2639
-2269
-2262
-2009
-1249
-663
-505
-118
673
1455
2013
2455
2917
3562
4341
4710
4789
5224
5680
5435
4866
4857
4736
3544
2232
1775
1283
-141
-1542
-1974
-2210
-3031
-3807
-3825
-3662
-4075
-4525
-4343
-4052
-4276
-4508
-4103
-3548
-3655
-3903
-3310
-2522
-2508
-2591
-1718
-652
-498
-431
580
1979
2590
2611
3291
4661
5483
5400
5607
6545
6962
6245
5636
5914
5606
3972
2694
2542
1985
231
-1147
-1277
-1527
-2715
-3677
-3583
-3513
-4163
-4685
-4357
-3857
-4181
-4600
-4142
-3548
-3746
-4014
-3339
-2628
-2805
-2924
-2018
-1056
-1116
-1158
-19
1426
1721
1492
2354
3947
4489
3997
4400
5724
5923
4862
4578
5297
4887
3156
2330
2537
1745
-158
-1077
-920
-1529
-2976
-3639
-3213
-3268
-4206
-4617
-4045
-3767
-4354
-4638
-3943
-3473
-3896
-3995
-3071
-2364
-2548
-2361
-1044
-34
-148
110
1653
3109
3082
2957
4366
6071
6131
5483
6301
7548
6994
5615
5634
6161
4914
2900
2465
2632
1260
-784
-1356
-1089
-1936
-3390
-3645
-3092
-3445
-4350
-4359
-3748
-3912
-4681
-4605
-3969
-4134
-4754
-4509
-3609
-3512
-4078
-3717
-2400
-1722
-1945
-1438
429
1821
1676
1887
3703
5232
4857
4532
5967
6994
5970
4937
5556
5758
3929
2319
2472
2358
477
-1213
-1137
-1050
-2394
-3689
-3460
-2985
-3693
-4536
-4197
-3539
-3912
-4500
-3993
-3268
-3480
-3828
-3142
-2287
-2423
-2627
-1773
-704
-733
-1062
-38
1715
2160
1687
2527
4569
5321
4538
4833
6404
6544
5022
4607
5591
5136
3121
2382
2963
2298
348
-528
-202
-725
-2289
-3091
-2800
-2936
-3928
-4496
-4160
-4052
-4695
-5084
-4630
-4335
-4765
-4753
-3931
-3630
-4053
-3654
-2259
-1548
-1849
-1312
743
2263
2147
2383
4325
6015
5792
5455
6782
7877
6866
5646
6185
6512
4715
2881
2881
2756
855
-866
-825
-666
-1900
-3084
-2870
-2603
-3372
-4076
-3859
-3506
-3847
-4294
-4050
-3653
-3899
-4196
-3674
-3003
-3130
-3325
-2419
-1285
-1308
-1481
-25
1935
2177
1822
3250
5471
5819
5029
5742
7295
7036
5463
5222
5857
4775
2542
1820
2107
849
-1433
-2158
-1593
-2193
-3897
-4388
-3660
-3760
-4734
-4860
-4164
-4163
-4847
-4762
-3928
-3838
-4398
-4129
-3140
-2938
-3381
-2836
-1421
-941
-1447
-840
1273
2361
1830
2351
4617
5867
5070
4989
6569
7049
5495
4683
5483
5085
2919
1738
2201
1759
-286
-1480
-1018
-1065
-2487
-3312
-2766
-2682
-3639
-4057
-3399
-3133
-3828
-3998
-3209
-2876
-3396
-3333
-2255
-1799
-2344
-2195
-843
-43
-663
-675
1174
2676
2238
2131
4134
5857
5284
4805
6288
7269
5892
4622
5356
5515
3435
1630
1718
1583
-290
-1933
-1859
-1754
-2962
-4014
-3636
-3235
-3983
-4772
-4421
-3870
-4367
-4943
-4475
-3820
-4141
-4531
-3771
-2873
-2982
-3066
-1905
-578
-597
-785
686
2538
2672
2337
3864
5924
6001
5312
6364
7829
7080
5494
5642
6129
4518
2342
2016
2128
498
-1519
-1745
-1399
-2513
-3927
-3796
-3198
-3849
-4805
-4517
-3850
-4243
-4866
-4406
-3635
-3784
-4180
-3592
-2656
-2585
-2751
-1917
-735
-616
-888
296
2211
2598
2142
3268
5378
5734
4831
5392
6884
6550
4984
4946
5601
4394
2308
1809
2098
863
-1137
-1685
-1285
-2059
-3625
-3943
-3401
-3729
-4749
-4877
-4120
-4104
-4811
-4696
-3822
-3672
-4068
-3548
-2504
-2305
-2472
-1624
-294
-9
-171
958
2791
3363
3135
4134
5969
6467
5782
6033
7065
6741
5298
4886
5164
4053
2076
1288
1372
331
-1573
-2362
-2107
-2548
-3753
-4163
-3777
-3901
-4598
-4863
-4502
-4391
-4716
-4685
-4182
-3964
-4100
-3814
-3141
-2803
-2722
-2109
-1048
-597
-526
472
2101
2785
2709
3649
5330
5871
5541
6045
7083
6879
5833
5725
5798
4532
2887
2347
2121
793
-827
-1467
-1743
-2642
-3721
-4107
-4190
-4658
-5077
-4932
-4713
-4943
-5080
-4595
-4104
-4173
-4042
-3138
-2430
-2443
-2111
-972
-74
-25
269
1734
3132
3285
3366
4696
6136
6144
5784
6576
7431
6722
5555
5612
5613
3997
2284
1971
1704
118
-1472
-1771
-1944
-2997
-3958
-4027
-4140
-4882
-5299
-4962
-4795
-5259
-5405
-4714
-4121
-4271
-4227
-3236
-2388
-2462
-2280
-1037
-12
-172
-56
1530
2990
2936
2973
4642
6222
5950
5531
6675
7589
6527
5319
5633
5602
3700
1845
1648
1339
-585
-2345
-2406
-2349
-3592
-4696
-4429
-4272
-5216
-5852
-5341
-5014
-5671
-5884
-4904
-4196
-4491
-4339
-3096
-2219
-2281
-1878
-517
393
207
536
2245
3475
3174
3250
5017
6496
6140
5807
7006
7838
6688
5564
5971
5827
3831
2146
2101
1621
-460
-2037
-2038
-2296
-3717
-4678
-4477
-4553
-5456
-5994
-5535
-5230
-5801
-6035
-5301
-4700
-4805
-4548
-3485
-2742
-2594
-1991
-605
298
200
766
2478
3535
3405
3859
5619
6756
6442
6533
7787
8320
7148
6313
6748
6315
4369
2933
2737
1961
-1
-1330
-1513
-2061
-3414
-4159
-3924
-4178
-5105
-5418
-5050
-5092
-5671
-5661
-5027
-4835
-5036
-4573
-3499
-2943
-2817
-2024
-665
32
51
905
2708
3578
3272
3856
5675
6505
5797
5840
7177
7397
5955
5322
5922
5328
3246
1980
1898
969
-1094
-2338
-2348
-2927
-4439
-5150
-4838
-5122
-6180
-6526
-5943
-5887
-6553
-6493
-5592
-5261
-5574
-5093
-3886
-3308
-3174
-2261
-797
-73
86
1115
2986
3965
3874
4626
6579
7633
7125
7230
8640
8971
7457
6611
7163
6536
4254
2903
2944
2035
-184
-1429
-1331
-1983
-3663
-4446
-4181
-4557
-5594
-5888
-5398
-5398
-5959
-5885
-5211
-4991
-5155
-4763
-3886
-3407
-3168
-2431
-1289
-686
-691
162
1876
2732
2614
3289
5105
6082
5628
5704
6913
7279
6098
5519
6065
5484
3575
2482
2538
1803
-83
-1168
-1008
-1500
-3037
-3745
-3476
-3927
-5059
-5447
-5108
-5293
-6025
-6057
-5422
-5269
-5286
-4597
-3678
-3271
-2919
-1901
-779
-404
-253
857
2581
3315
3332
4370
6202
6961
6591
7013
8245
8288
7095
6680
7063
6191
4249
3265
3052
1861
-49
-964
-978
-1741
-3249
-3979
-3896
-4368
-5346
-5680
-5539
-5926
-6556
-6424
-5905
-5913
-5952
-5166
-4207
-3885
-3446
-2162
-939
-717
-501
984
2693
3045
3025
4316
6007
6330
5982
6593
7637
7427
6362
6195
6327
5186
3469
2684
2407
1186
-533
-1290
-1452
-2368
-3713
-4184
-4152
-4739
-5514
-5626
-5504
-5924
-6385
-6054
-5578
-5715
-5651
-4753
-3964
-3791
-3319
-2026
-860
-550
-172
1290
2810
3077
3151
4450
5912
5983
5630
6401
7402
6966
5971
6158
6434
5135
3489
3110
2873
1334
-296
-682
-870
-2130
-3509
-3767
-3811
-4652
-5471
-5417
-5309
-5855
-6171
-5685
-5228
-5347
-5161
-4188
-3439
-3290
-2733
-1354
-352
-324
130
1747
3077
3168
3404
4812
6075
5993
5749
6630
7404
6724
5842
6103
6218
4884
3472
3344
3233
1824
295
16
-85
-1299
-2557
-2744
-2843
-3713
-4544
-4611
-4684
-5331
-5675
-5317
-5163
-5542
-5460
-4657
-4196
-4178
-3593
-2333
-1462
-1286
-634
989
2270
2454
2837
4324
5564
5515
5441
6379
7117
6464
5666
5966
6044
4754
3430
3216
2920
1418
-139
-603
-905
-2121
-3388
-3772
-4060
-4988
-5839
-5983
-6076
-6614
-6925
-6590
-6261
-6230
-5838
-4971
-4372
-4073
-3261
-1889
-966
-655
170
1908
3198
3379
3822
5298
6522
6490
6400
7319
7966
7157
6246
6485
6383
4830
3396
3127
2744
1265
-155
-519
-815
-1922
-2988
-3314
-3709
-4578
-5199
-5326
-5579
-6147
-6365
-6112
-6039
-6173
-5824
-5039
-4568
-4258
-3286
-1897
-1031
-718
85
1704
2883
3041
3437
4868
6057
6012
5909
6700
7279
6608
5835
6077
6035
4619
3261
3088
2756
1229
-147
-412
-698
-1831
-2780
-2834
-3014
-3833
-4406
-4359
-4472
-4977
-5152
-4879
-4806
-4897
-4479
-3734
-3343
-3141
-2379
-1227
-551
-396
230
1643
2605
2640
2909
4077
5017
4871
4766
5563
6141
5459
4726
5026
5014
3739
2546
2394
2123
868
-310
-520
-723
-1703
-2551
-2708
-3003
-3733
-4217
-4310
-4548
-5016
-5142
-4966
-5072
-5241
-4834
-4125
-3831
-3638
-2806
-1679
-1054
-866
-207
1223
2234
2333
2677
3936
4963
4873
4848
5731
6367
5739
5079
5442
5419
4138
3025
2947
2608
1204
-42
-311
-609
-1728
-2686
-2900
-3204
-3909
-4380
-4474
-4756
-5202
-5284
-5152
-5253
-5317
-4801
-4089
-3834
-3600
-2694
-1489
-913
-751
81
1597
2511
2520
2897
4200
5190
5064
5061
5915
6354
5560
4890
5233
5126
3844
2746
2634
2312
1081
2
-316
-710
-1715
-2477
-2709
-3129
-3849
-4256
-4337
-4664
-5093
-5068
-4792
-4882
-4985
-4401
-3672
-3487
-3303
-2347
-1108
-513
-307
512
2061
2945
2972
3463
4733
5507
5234
5225
6021
6323
5403
4773
5131
4873
3508
2546
2521
2045
652
-425
-667
-1112
-2202
-2960
-3133
-3582
-4335
-4697
-4699
-4991
-5394
-5283
-4881
-4795
-4829
-4251
-3437
-3105
-2873
-1994
-808
-279
-187
561
2081
2929
2881
3395
4788
5607
5176
5064
5921
6178
5152
4499
4886
4548
3083
2222
2367
1977
615
-296
-344
-743
-1821
-2507
-2614
-3062
-3893
-4353
-4429
-4832
-5394
-5458
-5184
-5193
-5276
-4701
-3936
-3602
-3289
-2300
-1062
-513
-336
506
2042
2877
2826
3297
4635
5449
5106
5100
5943
6132
5147
4569
4935
4509
3007
2008
1938
1480
186
-654
-745
-1159
-2086
-2606
-2679
-3081
-3711
-4000
-4030
-4325
-4767
-4843
-4717
-4829
-4885
-4440
-3929
-3803
-3585
-2740
-1648
-1121
-906
33
1555
2446
2612
3255
4682
5581
5421
5519
6405
6709
5795
5240
5593
5187
3699
2686
2635
2090
618
-383
-524
-962
-2055
-2743
-2897
-3372
-4063
-4345
-4391
-4749
-5163
-5100
-4906
-5033
-5012
-4366
-3702
-3521
-3197
-2221
-1194
-862
-696
282
1692
2390
2485
3171
4616
5480
5322
5479
6372
6554
5652
5214
5549
5072
3572
2648
2681
2130
621
-353
-459
-948
-2078
-2745
-2840
-3331
-4134
-4377
-4277
-4635
-5126
-4985
-4587
-4645
-4666
-3986
-3303
-3154
-2841
-1766
-662
-442
-356
694
2105
2595
2467
3084
4454
5114
4838
5043
5885
5883
4887
4456
4718
4063
2534
1794
1848
1203
-202
-1005
-979
-1266
-2078
-2494
-2549
-2965
-3559
-3781
-3839
-4227
-4644
-4536
-4283
-4432
-4447
-3820
-3242
-3198
-2927
-1846
-854
-735
-623
435
1786
2107
1885
2604
4062
4673
4252
4442
5431
5558
4551
4117
4545
4018
2466
1707
1822
1296
-66
-839
-831
-1178
-1968
-2372
-2433
-2839
-3377
-3564
-3725
-4256
-4679
-4560
-4436
-4671
-4686
-4058
-3442
-3327
-3026
-1990
-923
-671
-593
487
2053
2671
2527
3113
4588
5335
4880
4926
5918
6161
5173
4666
5149
4865
3438
2525
2626
2224
851
-42
-59
-405
-1359
-1893
-1948
-2424
-3132
-3378
-3457
-3986
-4582
-4615
-4540
-4885
-5074
-4498
-3877
-3866
-3709
-2635
-1381
-972
-792
307
2010
2808
2734
3391
4927
5602
5082
5216
6286
6460
5291
4630
4946
4374
2677
1641
1652
1088
-403
-1256
-1182
-1477
-2389
-2865
-2768
-3040
-3720
-3962
-3853
-4091
-4529
-4434
-4099
-4136
-4168
-3679
-3061
-2961
-2874
-2005
-980
-779
-863
-3
1570
2242
2000
2549
4139
4964
4442
4427
5458
5698
4530
3819
4226
3844
2246
1270
1396
1051
-244
-991
-894
-1205
-2073
-2520
-2458
-2805
-3499
-3734
-3603
-3849
-4338
-4297
-3949
-3972
-4146
-3689
-2955
-2813
-2854
-2156
-1012
-600
-689
4
1484
2292
2100
2526
4139
5208
4801
4721
5923
6504
5444
4645
5181
5105
3571
2426
2512
2241
877
-38
34
-260
-1203
-1774
-1805
-2130
-2878
-3357
-3495
-3921
-4544
-4687
-4518
-4691
-5035
-4780
-4129
-3902
-3931
-3372
-2314
-1774
-1808
-1222
352
1501
1507
1884
3534
4889
4684
4517
5719
6585
5713
4846
5429
5660
4230
2931
2939
2759
1386
187
98
-102
-1065
-1832
-2000
-2362
-3112
-3614
-3724
-3968
-4481
-4649
-4421
-4366
-4501
-4259
-3654
-3327
-3317
-2873
-1807
-1094
-1083
-721
599
1815
1901
1928
3208
4597
4477
4023
4871
5807
5173
4117
4336
4592
3380
2097
2022
1953
788
-307
-378
-443
-1185
-1885
-1946
-2059
-2643
-3092
-3184
-3339
-3781
-4021
-3828
-3717
-3849
-3759
-3136
-2642
-2614
-2293
-1354
-608
-571
-368
789
1950
1983
1830
2900
4332
4342
3739
4393
5438
5005
3942
4135
4631
3586
2118
1880
1981
904
-513
-901
-1003
-1715
-2619
-2949
-3053
-3535
-4043
-4248
-4370
-4793
-5172
-5015
-4735
-4752
-4733
-4111
-3303
-3015
-2727
-1718
-564
-190
-47
1050
2605
2982
2682
3472
5056
5440
4652
4909
6021
5861
4578
4291
4867
4113
2505
2001
2225
1570
283
-112
33
-373
-1168
-1603
-1766
-2249
-2854
-3170
-3328
-3738
-4150
-4061
-3861
-3969
-4003
-3559
-2993
-2904
-2866
-2087
-1110
-926
-1081
-214
1363
1899
1546
2172
3895
4733
4178
4322
5538
5700
4515
4008
4530
3992
2375
1629
1841
1386
104
-516
-516
-925
-1677
-2083
-2239
-2733
-3345
-3636
-3730
-4080
-4451
-4302
-3933
-3876
-3920
-3418
-2667
-2461
-2477
-1779
-711
-378
-609
-14
1480
2200
1837
2165
3834
4858
4347
4274
5453
5905
4808
4124
4659
4450
2893
1822
1929
1615
249
-739
-905
-1208
-2038
-2735
-2960
-3201
-3702
-4154
-4265
-4369
-4728
-4828
-4495
-4204
-4200
-3925
-3180
-2683
-2545
-2066
-1049
-414
-467
-97
1176
2075
1932
2093
3445
4498
4135
3895
4924
5730
5020
4289
4788
4906
3628
2493
2499
2372
1167
115
-131
-321
-1013
-1834
-2211
-2473
-2973
-3544
-3830
-3939
-4282
-4502
-4321
-4112
-4121
-3949
-3278
-2680
-2486
-2022
-1023
-309
-313
-19
1234
2123
1847
1777
3016
4192
3932
3553
4414
5260
4608
3667
3962
4266
3210
2005
1934
2038
1097
64
-72
1
-511
-1323
-1612
-1678
-2102
-2692
-3094
-3326
-3811
-4256
-4223
-4129
-4296
-4311
-3713
-3132
-3077
-2819
-1865
-971
-883
-745
401
1585
1601
1487
2676
4132
4153
3674
4443
5517
5091
4077
4231
4604
3645
2297
2015
2061
1099
-109
-434
-432
-934
-1703
-1985
-2040
-2447
-2961
-3162
-3225
-3607
-3946
-3821
-3647
-3848
-3998
-3490
-2885
-2886
-2835
-1975
-1022
-906
-878
228
1572
1735
1532
2629
4336
4670
4107
4698
5966
5837
4760
4715
5195
4443
2997
2496
2586
1674
213
-403
-511
-1156
-2220
-2760
-2918
-3431
-4120
-4359
-4366
-4757
-5105
-4734
-4186
-4251
-4332
-3525
-2515
-2331
-2323
-1414
-269
-176
-449
540
2063
2166
1501
2240
3981
4268
3351
3777
5221
5174
3872
3787
4636
4065
2407
1841
2241
1570
34
-500
-233
-670
-1725
-2207
-2168
-2630
-3476
-3752
-3638
-4055
-4665
-4504
-4003
-4073
-4292
-3638
-2652
-2453
-2464
-1521
-266
-114
-547
207
1825
2187
1547
2199
4016
4485
3490
3640
5087
5181
3746
3427
4372
4000
2278
1534
1965
1552
88
-562
-280
-584
-1572
-2095
-2136
-2580
-3305
-3541
-3456
-3748
-4136
-3899
-3427
-3402
-3417
-2806
-2019
-1830
-1821
-1031
76
359
164
878
2415
2960
2434
2867
4523
5169
4339
4381
5775
6109
4812
4308
5113
4852
3078
2025
2251
1796
251
-639
-616
-1043
-2107
-2710
-2772
-3236
-4035
-4381
-4389
-4827
-5439
-5427
-5035
-5053
-5206
-4589
-3590
-3281
-3291
-2502
-1278
-811
-992
-430
1132
1997
1730
2125
3794
4804
4261
4202
5527
6135
4956
4133
4814
4806
3140
1926
2148
1844
216
-853
-793
-1122
-2269
-2999
-2960
-3181
-3836
-4175
-4022
-4083
-4578
-4705
-4279
-4105
-4341
-4099
-3266
-2817
-2936
-2570
-1458
-716
-836
-560
842
1946
1797
1835
3294
4564
4195
3955
5238
6225
5447
4653
5386
5776
4398
3079
3187
3144
1751
513
463
429
-528
-1446
-1563
-1723
-2437
-3078
-3183
-3262
-3741
-3981
-3598
-3279
-3501
-3564
-2839
-2157
-2190
-2089
-1144
-309
-457
-596
458
1638
1510
1234
2402
3891
3773
3156
4077
5284
4703
3541
3886
4519
3425
1845
1706
1940
808
-599
-825
-686
-1417
-2473
-2679
-2647
-3286
-4015
-4049
-3957
-4451
-4860
-4496
-4040
-4283
-4450
-3661
-2817
-2822
-2795
-1743
-638
-649
-818
340
1846
1918
1546
2683
4500
4656
3954
4834
6362
6083
4782
4986
5846
4944
3173
2786
3156
2187
500
-10
119
-627
-1897
-2337
-2238
-2762
-3673
-3961
-3746
-4094
-4738
-4699
-4267
-4390
-4778
-4239
-3199
-3024
-3201
-2434
-1221
-958
-1315
-580
1018
1596
1186
1770
3577
4377
3704
3952
5531
5916
4716
4467
5509
5305
3576
2697
3049
2548
880
-84
-53
-462
-1628
-2363
-2375
-2667
-3522
-4056
-3982
-4109
-4645
-4806
-4364
-4240
-4606
-4418
-3571
-3169
-3342
-2860
-1607
-977
-1191
-774
783
1706
1363
1665
3394
4593
4133
4050
5422
6180
5218
4538
5317
5494
4004
2781
2829
2578
1057
-140
-189
-468
-1548
-2336
-2291
-2378
-3119
-3675
-3526
-3407
-3828
-4118
-3758
-3538
-3852
-3797
-3033
-2506
-2671
-2513
-1451
-648
-769
-657
645
1910
1899
1906
3249
4646
4504
4095
5090
6193
5620
4648
5083
5573
4406
2957
2832
2922
1715
161
-206
-145
-1040
-2323
-2720
-2721
-3418
-4298
-4370
-4097
-4508
-5038
-4661
-4056
-4188
-4380
-3560
-2533
-2535
-2727
-1824
-619
-573
-1023
-229
1314
1614
1102
1866
3572
3926
3225
3803
5272
5268
4056
4042
4878
4309
2749
2215
2556
1898
376
-280
-207
-766
-1865
-2320
-2274
-2666
-3411
-3743
-3635
-3890
-4379
-4346
-3990
-4000
-4210
-3793
-3007
-2851
-3031
-2399
-1208
-796
-1100
-579
986
1775
1333
1578
3174
4222
3754
3750
5102
5775
4883
4362
5107
5134
3688
2656
2848
2596
1121
-26
-121
-353
-1341
-2151
-2275
-2466
-3069
-3590
-3758
-3952
-4318
-4366
-4046
-3920
-4064
-3878
-3162
-2628
-2651
-2378
-1331
-518
-627
-552
719
1923
1821
1664
2882
4369
4383
3940
4807
5934
5543
4488
4681
5280
4355
2757
2323
2536
1608
34
-521
-445
-1048
-2123
-2560
-2594
-3089
-3748
-3881
-3740
-4036
-4482
-4335
-3946
-4037
-4231
-3643
-2689
-2495
-2569
-1670
-400
-195
-513
341
2007
2451
1907
2468
4247
5103
4500
4610
5975
6419
5303
4742
5361
5063
3293
2074
2133
1668
11
-1226
-1419
-1687
-2577
-3347
-3469
-3494
-3916
-4320
-4240
-4042
-4243
-4433
-4180
-3882
-3896
-3705
-3037
-2621
-2655
-2298
-1232
-543
-719
-641
553
1759
1732
1608
2714
4100
4172
3745
4618
5837
5474
4403
4696
5483
4673
3058
2606
2831
1875
156
-637
-704
-1373
-2657
-3331
-3238
-3455
-4350
-4949
-4668
-4473
-4888
-5031
-4564
-4335
-4434
-4006
-3176
-2861
-2873
-2151
-1022
-712
-991
-454
1030
1791
1446
1819
3555
4694
4258
4244
5720
6659
5779
5042
5833
6113
4546
3078
3162
3092
1483
-24
-182
-215
-1275
-2397
-2471
-2294
-2897
-3679
-3705
-3515
-3899
-4294
-4035
-3804
-4117
-4058
-3248
-2728
-2872
-2589
-1474
-783
-974
-884
199
1295
1365
1240
2254
3822
4352
4120
4857
6311
6510
5628
5596
6301
5734
4032
3198
3247
2418
597
-487
-538
-1050
-2379
-3195
-3015
-3040
-3837
-4364
-4127
-4026
-4510
-4751
-4319
-3990
-4127
-4012
-3403
-2910
-2766
-2395
-1600
-1039
-1003
-858
-71
787
879
815
1721
3013
3403
3268
4073
5364
5421
4717
4897
5556
4954
3512
2975
3007
1996
316
-430
-505
-1236
-2472
-2947
-2775
-3078
-3804
-3995
-3671
-3793
-4303
-4342
-3985
-3949
-4102
-3709
-2982
-2739
-2738
-2093
-1100
-837
-1058
-639
442
1053
905
1305
2614
3620
3672
3861
4960
5776
5541
5233
5668
5840
4858
3737
3275
2795
1587
433
-61
-542
-1290
-1987
-2342
-2654
-3051
-3365
-3564
-3712
-3903
-4057
-4082
-3918
-3783
-3686
-3375
-2846
-2416
-2206
-1700
-914
-548
-505
-91
597
986
1135
1582
2430
3283
3790
4157
4848
5619
5812
5473
5354
5313
4550
3400
2658
2092
1056
-109
-817
-1330
-2065
-2775
-3084
-3234
-3569
-3775
-3762
-3745
-3843
-3967
-3751
-3405
-3369
-3408
-2899
-2237
-2241
-2323
-1600
-747
-757
-882
-76
821
1100
1350
2118
2959
3498
4080
4649
5178
5681
5967
5756
5445
5345
4773
3695
2764
2120
1255
99
-791
-1472
-2226
-2885
-3393
-3898
-4288
-4383
-4454
-4589
-4665
-4489
-4131
-3918
-3835
-3661
-3178
-2682
-2539
-2342
-1721
-1194
-1095
-815
-151
269
543
1244
2106
2481
2934
4011
4746
4858
5241
5912
5951
5394
5132
5033
4204
2940
2078
1511
571
-634
-1489
-1952
-2425
-3133
-3649
-3695
-3730
-4027
-4227
-4059
-3889
-3970
-3859
-3490
-3292
-3145
-2676
-2222
-2109
-2008
-1606
-1165
-1033
-879
-447
182
912
1449
1974
2881
4037
4747
5005
5708
6581
6610
6010
5807
5756
4799
3472
2761
2286
1173
-180
-933
-1402
-2198
-3047
-3456
-3618
-3924
-4356
-4488
-4227
-4113
-4262
-4015
-3454
-3290
-3267
-2757
-2084
-1930
-1858
-1165
-410
-295
-307
185
750
1174
1685
2192
2669
3400
4206
4465
4575
5195
5639
5249
4772
4740
4226
3062
2074
1462
617
-570
-1379
-1829
-2416
-2999
-3251
-3368
-3574
-3804
-3841
-3673
-3660
-3810
-3697
-3227
-2991
-3142
-2882
-2143
-1892
-2014
-1538
-751
-511
-448
120
765
1134
1695
2450
2963
3407
4261
4916
5042
5440
5944
5745
5056
4817
4550
3419
2241
1566
805
-470
-1533
-2062
-2653
-3313
-3743
-3911
-4123
-4387
-4471
-4366
-4292
-4347
-4267
-3919
-3628
-3649
-3506
-2867
-2458
-2492
-2103
-1189
-686
-597
-53
798
1224
1710
2594
3158
3446
4203
5069
5183
5208
5751
5924
5227
4634
4650
4112
2871
1947
1441
686
-310
-982
-1434
-1866
-2281
-2655
-2920
-3039
-3164
-3423
-3565
-3597
-3755
-3795
-3559
-3485
-3526
-3191
-2610
-2369
-2221
-1488
-714
-490
-173
564
987
1306
2088
2778
3000
3466
4553
5097
4969
5315
5946
5686
4850
4617
4314
3173
1898
1149
346
-874
-1870
-2461
-2861
-3258
-3515
-3592
-3536
-3512
-3596
-3531
-3440
-3543
-3690
-3584
-3555
-3836
-3791
-3226
-2874
-2875
-2357
-1434
-925
-581
147
833
1128
1707
2539
2832
2916
3752
4533
4356
4444
5222
5447
4790
4537
4770
4082
2742
2018
1679
701
-517
-1151
-1490
-1939
-2440
-2826
-3028
-3118
-3215
-3404
-3574
-3714
-3858
-3810
-3740
-3878
-3897
-3350
-2714
-2525
-2165
-1264
-514
-187
486
1419
1740
2014
2904
3513
3431
3805
4848
5156
4797
5126
5769
5384
4476
4380
4289
3202
1905
1193
570
-574
-1711
-2361
-2726
-3093
-3397
-3461
-3389
-3368
-3480
-3519
-3540
-3807
-4081
-4010
-3909
-4176
-4173
-3577
-3139
-3061
-2626
-1710
-1005
-543
133
785
1189
1787
2480
2682
2720
3366
4087
4100
4092
4669
5027
4653
4305
4336
4016
3111
2271
1734
1146
322
-466
-1022
-1372
-1671
-2035
-2268
-2299
-2370
-2599
-2762
-2892
-3135
-3262
-3278
-3478
-3679
-3367
-2748
-2523
-2302
-1527
-720
-252
246
917
1232
1415
2086
2548
2394
2562
3405
3771
3305
3391
4175
4294
3595
3341
3534
3028
1904
1024
552
-133
-1173
-2045
-2432
-2540
-2749
-3013
-3017
-2846
-2895
-2999
-2975
-3099
-3285
-3189
-2999
-3112
-3114
-2539
-1933
-1766
-1465
-601
170
506
961
1662
2072
2272
2667
2828
2648
2759
3312
3572
3419
3657
4212
4293
3791
3476
3458
3066
2080
1061
553
66
-889
-1865
-2213
-2256
-2695
-3217
-3206
-2999
-3198
-3454
-3456
-3544
-3811
-3888
-3725
-3732
-3729
-3252
-2548
-1932
-1379
-684
172
958
1440
1615
1898
2456
2791
2570
2451
2962
3424
3247
3083
3595
4194
4060
3584
3553
3660
3136
2082
1245
830
259
-664
-1463
-1835
-1995
-2252
-2550
-2753
-2850
-2824
-2864
-3127
-3438
-3441
-3265
-3377
-3640
-3420
-2758
-2328
-2138
-1595
-668
43
352
705
1181
1497
1631
1814
2103
2296
2505
2879
3242
3432
3653
4075
4284
4001
3699
3742
3472
2479
1495
1163
764
-339
-1341
-1554
-1563
-2196
-2869
-2911
-2828
-3161
-3574
-3693
-3732
-3893
-3924
-3656
-3458
-3293
-2840
-2073
-1472
-1089
-436
404
1019
1194
1353
1704
1784
1620
1638
1959
2119
2138
2518
2975
3280
3558
3819
3786
3509
3376
3098
2299
1322
761
443
-287
-1169
-1635
-1681
-1801
-2225
-2563
-2568
-2430
-2575
-2889
-2912
-2690
-2643
-2806
-2793
-2532
-2192
-1861
-1542
-1138
-569
71
420
511
823
1196
1050
739
1014
1423
1276
1159
1811
2531
2581
2757
3457
3764
3388
3188
3341
2868
1737
1050
972
417
-790
-1470
-1329
-1363
-1999
-2451
-2267
-2044
-2422
-2854
-2762
-2615
-2823
-3013
-2741
-2586
-2658
-2286
-1515
-1102
-1066
-502
335
473
217
464
841
521
96
361
769
700
791
1653
2532
2869
3228
3908
4305
4091
3831
3721
3253
2283
1543
1313
734
-442
-1188
-1005
-1056
-1867
-2406
-2070
-1762
-2325
-2848
-2670
-2466
-2693
-2925
-2727
-2460
-2219
-1784
-1267
-794
-357
192
535
571
689
820
619
92
56
563
649
248
430
1558
2293
2205
2467
3465
4058
3624
3230
3275
2950
1986
1177
928
351
-640
-1191
-1116
-1310
-1981
-2266
-2069
-2100
-2573
-2687
-2452
-2506
-2732
-2556
-2154
-2259
-2358
-1727
-1072
-1063
-1140
-535
50
-103
-241
169
412
-106
-264
432
684
221
434
1726
2485
2185
2448
3609
4123
3492
3156
3629
3468
2400
1646
1630
1253
191
-544
-624
-705
-1337
-1824
-1762
-1733
-2051
-2276
-2174
-2317
-2678
-2666
-2371
-2409
-2641
-2299
-1642
-1450
-1511
-1102
-490
-529
-845
-600
-149
-289
-717
-379
378
497
370
1112
2256
2476
2356
3190
4263
4062
3220
3444
4052
3350
1997
1684
1987
1275
-30
-395
-13
-332
-1301
-1645
-1369
-1538
-2205
-2407
-2219
-2391
-2773
-2691
-2359
-2431
-2533
-2080
-1572
-1636
-1607
-864
-344
-826
-1241
-649
-180
-889
-1375
-402
543
207
-14
1286
2587
2450
2338
3378
4212
3723
3210
3681
3904
3010
2047
2062
2064
1057
64
35
185
-501
-1227
-1025
-818
-1445
-2082
-1967
-1993
-2778
-3302
-3063
-2903
-3194
-3067
-2363
-1899
-1773
-1390
-652
-286
-364
-230
213
383
-66
-344
189
665
345
175
1209
2282
2178
2228
3443
4361
3840
3427
4136
4318
3180
2341
2587
2464
1238
155
-26
-86
-755
-1561
-1770
-1605
-1866
-2562
-2929
-2906
-3161
-3677
-3828
-3682
-3743
-3806
-3403
-2928
-2739
-2295
-1503
-1022
-1000
-707
-20
233
-99
-288
205
712
484
263
980
2113
2441
2381
3215
4373
4483
4025
4344
4818
4146
3079
2822
2715
1699
557
157
7
-526
-1246
-1516
-1553
-1850
-2304
-2569
-2599
-2857
-3242
-3367
-3400
-3561
-3723
-3358
-2843
-2748
-2487
-1670
-955
-877
-753
-106
349
140
-88
164
562
658
658
1085
1918
2630
2948
3490
4557
5289
5169
4987
5264
5129
4084
3023
2523
1927
777
-334
-913
-1206
-1674
-2224
-2390
-2256
-2261
-2503
-2484
-2190
-2269
-2644
-2594
-2333
-2563
-2875
-2423
-1797
-1824
-1723
-870
-200
-372
-516
-37
207
-323
-826
-730
-380
-365
-481
-44
928
1750
2116
2755
3920
4698
4613
4625
5044
4772
3743
2945
2570
1735
491
-253
-701
-1318
-2005
-2438
-2618
-2842
-3021
-3186
-3310
-3386
-3599
-3681
-3470
-3361
-3593
-3509
-2772
-2266
-2306
-1984
-945
-287
-327
-54
621
973
818
734
824
979
1245
1330
1422
1969
2800
3214
3320
3917
4542
4527
4322
4304
4061
3332
2686
2108
1207
322
-288
-947
-1701
-2091
-2263
-2704
-3073
-3030
-2875
-2957
-3144
-3121
-2981
-2818
-2771
-2887
-2749
-2222
-1922
-1970
-1607
-766
-398
-464
-7
646
694
557
868
1170
999
977
1400
1668
1629
1922
2644
3027
3105
3462
3947
4005
3657
3493
3480
3068
2142
1367
1041
431
-607
-1401
-1612
-1889
-2553
-2812
-2665
-2710
-2915
-2827
-2467
-2427
-2414
-2131
-1978
-2021
-1894
-1497
-1369
-1416
-1151
-709
-475
-387
-183
31
174
291
366
450
431
427
654
956
1138
1249
1741
2407
2723
2906
3422
4008
3956
3627
3755
3806
3134
2213
1679
1214
224
-831
-1469
-1900
-2456
-3066
-3281
-3145
-3058
-3159
-3134
-2666
-2236
-2271
-2265
-1885
-1669
-1794
-1748
-1470
-1418
-1470
-1168
-712
-553
-441
-91
136
117
166
245
8
-133
210
409
306
445
1106
1640
1730
2160
2897
3291
3226
3227
3469
3358
2730
2078
1856
1591
724
-203
-520
-542
-1032
-1651
-1535
-1089
-1138
-1324
-1046
-715
-804
-880
-840
-1104
-1479
-1515
-1547
-1951
-2205
-1933
-1608
-1659
-1621
-1040
-426
-389
-463
-119
327
206
-244
-12
460
280
-9
577
1481
1617
1751
2748
3578
3438
3327
3874
3947
3019
2263
2140
1703
525
-473
-772
-1014
-1681
-2219
-2136
-1879
-1992
-2223
-2008
-1779
-2013
-2244
-2101
-2139
-2536
-2629
-2377
-2382
-2490
-2010
-1328
-1166
-1065
-422
298
313
-8
237
727
591
-78
-147
596
888
528
780
2045
2941
2931
3391
4674
5279
4793
4637
5118
4829
3598
2782
2494
1667
371
-380
-645
-1165
-1927
-2204
-2040
-2165
-2588
-2614
-2177
-2135
-2612
-2748
-2351
-2310
-2753
-2740
-2247
-2148
-2413
-2084
-1282
-1091
-1246
-849
-177
-196
-689
-614
-135
-219
-874
-867
32
460
129
444
1948
3000
2795
3097
4520
5223
4488
3985
4504
4389
3042
1990
1782
1221
-127
-1105
-1270
-1515
-2349
-3028
-2937
-2821
-3307
-3759
-3525
-3241
-3612
-3920
-3556
-3260
-3513
-3466
-2743
-2317
-2360
-1900
-869
-265
-176
344
1299
1723
1516
1525
1952
2118
1714
1366
1722
2201
2067
1811
2380
3320
3408
3115
3595
4339
4059
3259
3182
3362
2643
1450
922
752
32
-970
-1466
-1477
-1670
-2110
-2259
-2012
-1919
-2204
-2256
-2013
-2120
-2576
-2603
-2278
-2461
-2871
-2569
-1928
-1919
-2020
-1301
-341
-88
-47
602
1411
1542
1271
1323
1644
1582
980
547
675
914
677
396
822
1475
1599
1522
1988
2565
2462
2067
2023
2094
1634
884
418
152
-366
-1089
-1533
-1636
-1779
-2099
-2181
-1943
-1798
-1816
-1636
-1283
-1242
-1350
-1176
-1007
-1124
-1231
-991
-784
-880
-833
-374
43
102
315
815
1143
1109
985
1101
1088
667
245
46
-166
-459
-532
-429
-417
-296
230
785
1038
1422
2072
2421
2340
2301
2407
2141
1532
1118
820
348
-196
-610
-893
-1089
-1179
-1178
-1198
-1054
-783
-676
-712
-698
-621
-720
-935
-1136
-1317
-1499
-1684
-1849
-1802
-1487
-1199
-951
-540
49
377
423
627
880
696
244
21
-184
-794
-1402
-1426
-1308
-1492
-1469
-742
71
431
913
1905
2700
2817
2797
3196
3470
3037
2394
2179
2102
1516
770
565
793
603
25
5
376
157
-458
-569
-461
-1045
-1842
-2012
-2083
-2633
-3057
-2857
-2622
-2693
-2504
-1838
-1229
-884
-482
134
664
736
597
676
684
216
-372
-507
-548
-1033
-1249
-841
-500
-436
69
1101
1715
2015
2825
3786
4061
3977
4237
4520
4150
3404
2994
2807
2218
1335
762
582
183
-640
-1232
-1392
-1762
-2487
-2971
-3157
-3531
-4025
-4207
-4190
-4359
-4377
-3899
-3371
-3054
-2537
-1655
-859
-311
273
958
1426
1497
1422
1394
1223
789
353
123
-139
-601
-850
-631
-403
-360
13
921
1618
1894
2482
3438
3914
3816
3953
4292
4104
3476
3123
2927
2323
1469
872
422
-239
-1043
-1650
-2047
-2509
-3056
-3456
-3637
-3814
-3972
-3911
-3647
-3435
-3199
-2691
-2170
-1910
-1551
-744
-24
233
525
1126
1596
1622
1549
1655
1671
1290
729
451
336
-34
-621
-796
-395
-249
-508
-226
722
1300
1345
1855
2798
3097
2954
3154
3420
3118
2406
1955
1597
841
-101
-886
-1413
-1809
-2352
-2794
-2739
-2473
-2519
-2570
-2070
-1601
-1636
-1592
-1172
-1010
-1330
-1356
-1086
-1227
-1552
-1382
-978
-889
-764
-239
404
809
1044
1362
1712
1812
1513
1099
948
744
84
-496
-315
33
-173
-161
663
1585
1927
2290
3248
4037
4087
3937
4057
4006
3298
2289
1492
808
-116
-1119
-1727
-1909
-2107
-2411
-2299
-1750
-1391
-1336
-1117
-745
-727
-1027
-1180
-1285
-1791
-2436
-2718
-2816
-3038
-3136
-2755
-2167
-1702
-1147
-278
616
1151
1441
1758
1944
1698
1243
887
539
-7
-650
-1080
-1188
-1196
-1219
-997
-296
581
1164
1713
2589
3374
3557
3426
3447
3378
2732
1848
1322
963
316
-329
-626
-761
-928
-1069
-994
-850
-880
-1073
-1242
-1400
-1721
-2135
-2509
-2852
-3336
-3801
-3889
-3754
-3687
-3466
-2733
-1737
-1008
-306
758
1798
2349
2592
2886
3057
2723
2047
1471
955
283
-484
-1057
-1259
-1143
-953
-624
110
1094
1902
2429
3031
3667
3884
3686
3468
3274
2790
2108
1603
1276
930
523
175
-27
-104
-174
-336
-485
-546
-697
-1035
-1472
-1961
-2490
-3032
-3556
-4072
-4446
-4466
-4234
-3958
-3445
-2559
-1617
-806
76
1042
1741
2142
2448
2641
2505
2075
1663
1287
740
45
-441
-562
-640
-744
-523
123
674
932
1394
2216
2766
2831
3004
3354
3288
2781
2426
2264
1883
1325
908
758
526
76
-287
-470
-715
-1177
-1578
-1714
-1923
-2388
-2783
-2995
-3353
-3872
-4111
-4099
-4221
-4292
-3876
-3290
-2883
-2286
-1281
-322
316
964
1729
2264
2390
2380
2440
2425
2135
1659
1294
1074
824
515
369
370
326
349
616
928
1171
1641
2247
2496
2498
2759
3035
2772
2298
2217
2140
1536
803
525
358
-268
-976
-1313
-1493
-1977
-2637
-3011
-3209
-3601
-4121
-4435
-4496
-4650
-4856
-4737
-4376
-4030
-3615
-2872
-2021
-1336
-509
553
1407
1952
2577
3285
3644
3613
3582
3605
3419
2921
2384
2015
1602
1090
672
517
425
246
299
638
817
843
1191
1704
1797
1646
1860
2178
1914
1439
1444
1546
1134
535
385
363
-69
-597
-796
-854
-1240
-1763
-2048
-2168
-2446
-2885
-3036
-2967
-3060
-3190
-3023
-2643
-2416
-2183
-1538
-811
-357
164
984
1651
1924
2181
2588
2827
2714
2482
2339
2138
1676
1083
599
225
-294
-879
-1175
-1279
-1519
-1712
-1453
-1064
-1065
-957
-258
389
480
683
1375
1834
1677
1569
1819
1805
1284
809
646
374
-177
-660
-870
-985
-1273
-1622
-1631
-1454
-1571
-1736
-1602
-1450
-1626
-1753
-1512
-1364
-1503
-1446
-1016
-751
-710
-322
353
777
1019
1419
1897
2159
2164
2095
2033
1904
1479
872
422
80
-419
-974
-1202
-1245
-1450
-1479
-1050
-657
-478
-20
694
1073
1163
1507
2017
2054
1711
1607
1696
1505
995
652
692
780
479
40
67
300
72
-449
-592
-534
-958
-1640
-2013
-2249
-2667
-3058
-3129
-3134
-3167
-2856
-2353
-1927
-1423
-642
117
636
1177
1748
2137
2253
2231
2114
1877
1540
1001
415
-50
-463
-1003
-1448
-1477
-1391
-1476
-1376
-822
-279
-66
275
964
1441
1480
1641
2146
2441
2288
2188
2436
2613
2360
2049
2188
2402
2098
1666
1680
1728
1241
546
223
35
-599
-1341
-1729
-2172
-2820
-3196
-3283
-3415
-3515
-3239
-2783
-2492
-2099
-1348
-572
-156
139
613
1043
1136
965
880
888
642
133
-250
-346
-488
-820
-1003
-881
-777
-848
-888
-731
-454
-385
-343
-38
363
588
648
904
1421
1831
2067
2470
3018
3232
3105
3123
3227
2958
2328
1821
1377
611
-363
-1209
-1884
-2591
-3296
-3844
-4170
-4313
-4312
-4157
-3863
-3367
-2757
-2218
-1701
-1100
-472
21
361
692
1027
1228
1210
1097
1011
935
795
534
305
134
-54
-222
-350
-428
-414
-298
-118
2
169
621
1111
1379
1689
2307
2878
3074
3263
3678
3916
3801
3595
3471
3184
2600
2064
1613
1003
143
-627
-1148
-1697
-2471
-3195
-3484
-3642
-4012
-4277
-4075
-3788
-3770
-3657
-3069
-2369
-1988
-1654
-1024
-337
85
378
756
1111
1293
1418
1536
1553
1428
1238
1058
838
549
293
168
59
-134
-169
94
316
281
307
689
1093
1128
1146
1487
1815
1761
1629
1806
2031
1867
1554
1589
1687
1373
962
850
763
276
-337
-595
-837
-1360
-1914
-2190
-2390
-2769
-3079
-3153
-3125
-3173
-3099
-2761
-2370
-2026
-1643
-1177
-726
-363
-64
253
520
648
726
867
1023
1047
982
982
1040
1033
955
1022
1212
1203
1062
1016
988
790
449
225
135
-40
-197
-206
-61
149
312
537
872
1296
1663
1856
1975
2081
2082
1874
1541
1138
658
99
-488
-992
-1371
-1698
-2075
-2329
-2299
-2203
-2227
-2210
-2010
-1757
-1553
-1351
-1180
-1092
-1072
-1044
-983
-967
-895
-713
-548
-354
-97
233
552
764
926
1170
1435
1512
1426
1340
1283
1054
612
257
83
-141
-444
-627
-630
-551
-436
-301
-28
367
729
1048
1318
1577
1753
1791
1738
1692
1589
1393
1186
943
684
501
382
258
138
39
-25
-53
-91
-194
-330
-482
-661
-894
-1140
-1373
-1605
-1787
-1887
-1897
-1874
-1744
-1511
-1268
-981
-633
-278
39
355
654
881
1011
1074
1087
990
798
562
335
69
-245
-530
-715
-866
-1039
-1148
-1092
-897
-730
-578
-351
-38
230
437
656
936
1135
1174
1242
1422
1531
1490
1483
1577
1638
1556
1432
1378
1304
1087
821
539
202
-252
-775
-1250
-1667
-2031
-2357
-2617
-2774
-2809
-2757
-2655
-2454
-2103
-1685
-1229
-772
-369
8
368
674
904
1049
1133
1154
1093
1001
930
825
627
414
300
200
26
-80
-92
-73
-63
-46
-11
47
167
335
436
560
835
1108
1239
1360
1641
1890
1920
1928
2036
2021
1845
1637
1382
1029
610
204
-270
-793
-1243
-1667
-2074
-2380
-2544
-2636
-2684
-2619
-2464
-2308
-2108
-1826
-1501
-1207
-939
-640
-370
-97
176
379
507
694
907
951
909
942
980
875
690
540
383
88
-263
-461
-605
-846
-1004
-933
-825
-789
-620
-219
226
606
1035
1607
2166
2519
2784
3147
3382
3327
3127
2935
2669
2159
1576
1110
638
43
-540
-973
-1376
-1833
-2210
-2454
-2621
-2811
-2988
-3046
-3025
-3000
-2955
-2763
-2459
-2184
-1910
-1504
-1009
-593
-230
249
744
1129
1486
1848
2078
2128
2102
2019
1855
1528
1130
795
450
25
-352
-571
-728
-902
-981
-868
-668
-471
-181
234
636
953
1254
1572
1799
1891
1959
2014
1987
1881
1783
1642
1378
1058
704
308
-141
-591
-1021
-1442
-1855
-2277
-2627
-2866
-3070
-3266
-3334
-3216
-3038
-2843
-2489
-1968
-1489
-1057
-517
53
491
831
1201
1540
1754
1873
1964
1969
1823
1612
1369
1079
755
418
89
-181
-438
-706
-944
-1102
-1191
-1228
-1150
-952
-699
-430
-67
382
803
1163
1543
1949
2298
2537
2692
2796
2832
2763
2579
2300
1973
1635
1234
784
352
-58
-493
-945
-1311
-1633
-1981
-2265
-2460
-2630
-2750
-2744
-2636
-2493
-2291
-2009
-1685
-1373
-1017
-613
-237
118
446
745
996
1194
1270
1207
1090
926
680
365
45
-293
-656
-957
-1148
-1291
-1398
-1374
-1188
-945
-652
-256
213
650
1063
1538
2042
2441
2696
2929
3141
3209
3127
3016
2906
2672
2256
1791
1377
925
366
-210
-668
-1109
-1637
-2125
-2480
-2803
-3152
-3411
-3485
-3486
-3468
-3339
-3070
-2717
-2312
-1828
-1271
-714
-231
222
669
1078
1364
1545
1692
1741
1610
1398
1220
983
592
190
-94
-355
-660
-912
-1050
-1123
-1182
-1184
-1063
-870
-664
-473
-258
19
288
540
829
1147
1448
1664
1865
2096
2295
2414
2504
2592
2574
2473
2326
2097
1728
1285
827
333
-166
-642
-1076
-1478
-1817
-2075
-2250
-2297
-2256
-2167
-2021
-1802
-1534
-1275
-1029
-754
-505
-329
-173
-36
38
36
23
19
-15
-59
-91
-175
-289
-336
-347
-390
-450
-431
-374
-341
-326
-304
-229
-140
-27
106
282
509
742
996
1287
1590
1846
2066
2278
2466
2580
2589
2548
2473
2305
2047
1742
1399
966
503
38
-427
-880
-1302
-1669
-2011
-2328
-2577
-2743
-2850
-2906
-2891
-2800
-2665
-2478
-2255
-1970
-1655
-1335
-1007
-701
-379
-65
215
452
637
794
899
957
995
994
935
820
691
537
361
201
49
-65
-132
-154
-120
-63
37
206
400
614
890
1189
1454
1674
1864
2019
2092
2103
2092
2020
1880
1689
1448
1164
839
478
110
-262
-586
-877
-1175
-1427
-1613
-1774
-1921
-2005
-2018
-1983
-1931
-1863
-1750
-1599
-1478
-1365
-1211
-1035
-873
-736
-592
-438
-333
-245
-118
45
185
273
381
489
524
526
535
539
479
331
211
151
70
-22
-44
-14
19
83
200
371
551
711
915
1125
1286
1423
1530
1606
1643
1615
1576
1538
1438
1281
1140
1018
862
694
559
430
259
75
-66
-212
-414
-653
-884
-1122
-1367
-1592
-1790
-1958
-2120
-2244
-2287
-2279
-2234
-2149
-2012
-1817
-1580
-1315
-1005
-651
-301
10
300
616
862
1005
1125
1256
1348
1363
1394
1450
1439
1339
1223
1128
995
789
590
425
259
93
-93
-224
-303
-373
-424
-381
-252
-108
52
294
607
839
1033
1279
1505
1650
1708
1724
1693
1550
1320
1062
771
419
38
-318
-649
-990
-1350
-1665
-1911
-2162
-2418
-2597
-2687
-2751
-2790
-2749
-2627
-2494
-2368
-2192
-1912
-1570
-1222
-867
-472
-100
227
544
848
1089
1220
1277
1274
1211
1065
872
674
467
262
116
29
-10
-19
25
145
313
494
692
938
1208
1458
1707
1932
2129
2271
2371
2489
2590
2623
2588
2520
2419
2259
2022
1741
1431
1044
600
139
-380
-921
-1460
-1972
-2418
-2821
-3154
-3371
-3484
-3528
-3483
-3298
-3027
-2696
-2313
-1888
-1442
-1010
-612
-279
2
219
394
544
637
684
699
688
668
646
607
588
584
539
478
419
359
280
197
131
65
8
-23
-8
0
18
103
215
353
505
680
872
1034
1155
1259
1374
1409
1375
1329
1253
1138
979
815
668
499
335
196
102
2
-117
-206
-262
-336
-470
-597
-714
-852
-1000
-1125
-1209
-1305
-1417
-1478
-1477
-1455
-1395
-1252
-1070
-896
-734
-565
-397
-290
-252
-221
-186
-195
-255
-296
-321
-366
-406
-401
-335
-233
-136
-21
167
359
510
679
872
1012
1061
1092
1167
1210
1155
1075
1061
1067
1012
971
1001
1022
1015
1010
1013
1016
973
904
825
718
558
362
162
-46
-280
-545
-734
-856
-1025
-1201
-1306
-1357
-1412
-1495
-1548
-1572
-1643
-1720
-1732
-1736
-1797
-1845
-1793
-1667
-1539
-1382
-1140
-835
-522
-193
194
575
900
1184
1437
1648
1784
1818
1808
1779
1686
1529
1368
1226
1065
880
739
621
515
426
383
394
413
438
486
589
680
726
761
817
875
903
947
999
1003
953
890
824
714
534
306
47
-227
-521
-844
-1177
-1506
-1825
-2138
-2392
-2569
-2686
-2739
-2714
-2617
-2462
-2253
-2022
-1775
-1491
-1171
-813
-483
-159
191
542
874
1203
1507
1743
1935
2055
2119
2119
2055
1930
1752
1532
1270
993
699
413
148
-109
-328
-519
-669
-742
-774
-753
-670
-552
-379
-177
18
191
338
467
579
653
677
643
558
442
310
167
12
-155
-335
-542
-725
-862
-1018
-1213
-1408
-1560
-1679
-1764
-1840
-1864
-1822
-1754
-1647
-1501
-1310
-1093
-854
-597
-318
-12
276
545
820
1054
1244
1399
1517
1566
1571
1546
1483
1399
1277
1123
979
827
698
586
472
380
322
295
286
298
334
415
514
625
757
897
1026
1135
1221
1291
1329
1352
1346
1291
1209
1112
971
792
587
343
77
-190
-460
-747
-1010
-1239
-1440
-1610
-1722
-1807
-1885
-1921
-1912
-1869
-1816
-1762
-1702
-1643
-1561
-1471
-1366
-1247
-1114
-967
-813
-662
-490
-291
-114
40
189
336
452
562
657
725
787
818
830
828
805
763
721
694
678
656
630
642
669
685
689
679
672
630
562
515
446
335
246
184
133
89
32
-9
-34
-54
-70
-62
-61
-79
-101
-106
-103
-126
-161
-193
-235
-315
-403
-482
-571
-687
-819
-938
-1051
-1150
-1204
-1206
-1187
-1135
-1046
-941
-826
-704
-560
-380
-189
21
231
443
644
835
1018
1168
1272
1335
1385
1407
1407
1370
1333
1268
1168
1062
939
805
652
503
354
213
63
-76
-198
-314
-387
-430
-453
-475
-485
-456
-403
-334
-268
-199
-96
-6
49
71
85
93
61
8
-49
-127
-246
-369
-478
-594
-733
-872
-998
-1121
-1233
-1323
-1384
-1405
-1386
-1337
-1244
-1114
-972
-808
-604
-368
-104
179
453
704
915
1110
1297
1450
1569
1650
1709
1755
1761
1739
1686
1601
1494
1373
1243
1077
884
691
511
346
175
-6
-179
-317
-436
-553
-645
-727
-793
-833
-849
-841
-812
-768
-725
-669
-585
-491
-406
-316
-206
-107
-14
72
127
153
157
131
67
-20
-123
-247
-380
-503
-632
-778
-918
-1037
-1119
-1155
-1164
-1157
-1123
-1049
-942
-823
-686
-534
-359
-143
67
256
430
591
750
878
983
1070
1142
1168
1138
1093
1027
941
854
759
637
491
333
160
0
-142
-265
-365
-452
-545
-616
-649
-647
-622
-582
-514
-432
-355
-273
-150
-12
108
241
363
460
539
596
641
679
690
661
621
564
476
377
294
213
118
11
-92
-165
-238
-292
-325
-333
-318
-279
-198
-103
3
139
268
398
531
643
737
794
834
843
843
817
769
711
621
509
379
239
67
-127
-325
-517
-687
-837
-966
-1086
-1202
-1286
-1336
-1362
-1373
-1362
-1324
-1265
-1171
-1050
-912
-761
-608
-432
-276
-146
-7
135
280
428
559
661
754
814
837
846
839
818
766
700
615
504
381
259
147
28
-77
-148
-204
-257
-274
-246
-206
-136
-51
27
92
151
224
286
328
385
455
510
566
608
635
640
623
591
527
446
364
247
80
-96
-249
-400
-568
-719
-840
-957
-1079
-1193
-1274
-1305
-1313
-1290
-1228
-1131
-998
-838
-655
-441
-226
-23
197
400
553
680
792
880
925
947
981
971
919
849
758
639
528
431
340
259
170
88
0
-62
-104
-148
-152
-116
-100
-102
-82
-35
10
57
120
195
256
301
346
366
362
342
296
246
179
72
-43
-167
-316
-467
-619
-771
-916
-1054
-1179
-1278
-1358
-1407
-1417
-1417
-1377
-1295
-1188
-1072
-936
-768
-574
-354
-122
104
334
572
792
989
1206
1421
1594
1741
1863
1963
2012
2008
1993
1951
1877
1774
1656
1523
1336
1132
934
731
546
370
182
-19
-206
-385
-551
-686
-781
-837
-885
-924
-957
-987
-1007
-1008
-996
-985
-978
-963
-952
-950
-938
-932
-927
-922
-914
-899
-909
-918
-907
-886
-856
-816
-754
-714
-681
-643
-583
-503
-419
-307
-189
-54
93
238
396
559
718
866
1006
1143
1267
1356
1443
1517
1565
1585
1587
1558
1493
1411
1310
1173
996
806
607
410
223
10
-230
-460
-665
-834
-955
-1040
-1107
-1157
-1197
-1235
-1256
-1253
-1223
-1165
-1087
-984
-888
-773
-657
-545
-421
-324
-241
-157
-98
-72
-18
46
99
135
160
164
149
142
143
132
119
135
170
206
250
290
313
351
394
420
444
488
542
586
636
684
717
734
761
781
769
737
711
687
637
583
514
399
271
136
-4
-125
-220
-309
-421
-531
-607
-668
-707
-726
-725
-712
-685
-632
-580
-546
-510
-459
-406
-333
-226
-111
-5
101
216
307
384
436
454
465
469
468
457
453
456
436
391
334
282
209
122
28
-56
-132
-200
-253
-304
-340
-369
-374
-369
-367
-343
-323
-306
-274
-230
-176
-103
-21
35
90
140
173
179
189
206
209
197
185
195
180
130
50
-26
-105
-179
-236
-276
-325
-392
-441
-465
-489
-519
-540
-550
-532
-514
-489
-437
-393
-349
-296
-237
-166
-89
4
86
159
230
299
350
384
401
400
372
337
332
355
380
413
441
425
406
390
378
351
306
275
254
252
266
295
321
320
301
298
315
326
332
334
329
305
282
276
267
233
183
123
49
-39
-125
-196
-286
-377
-466
-544
-592
-634
-660
-683
-703
-730
-745
-749
-735
-716
-703
-653
-563
-456
-341
-226
-128
-46
30
113
194
270
335
374
406
441
465
484
484
460
413
371
340
302
275
237
192
136
67
0
-57
-99
-139
-175
-205
-238
-248
-243
-236
-205
-168
-132
-86
-33
21
73
114
152
188
216
230
234
236
238
240
243
236
201
169
129
87
47
17
-3
-32
-72
-110
-147
-161
-172
-180
-182
-187
-189
-183
-144
-115
-105
-104
-83
-56
-39
-4
28
64
96
118
136
140
155
179
180
164
132
104
72
37
5
-34
-68
-103
-122
-124
-138
-157
-176
-197
-227
-265
-295
-327
-345
-328
-297
-259
-207
-163
-131
-101
-83
-57
-23
-4
10
25
38
50
77
109
117
106
78
57
44
26
24
42
71
102
133
154
168
186
203
220
244
250
231
231
244
236
226
223
211
191
167
134
102
66
47
55
57
52
48
45
44
47
27
5
-11
-27
-49
-72
-80
-82
-72
-59
-60
-65
-76
-87
-80
-61
-42
-38
-59
-85
-90
-80
-79
-94
-91
-88
-92
-86
-67
-53
-51
-38
-17
4
9
10
18
10
-7
-3
-2
-20
-37
-30
-23
-29
-36
-58
-90
-119
-142
-142
-138
-146
-137
-112
-99
-92
-91
-90
-87
-80
-73
-72
-72
-71
-55
-33
-20
-2
12
27
43
38
37
36
37
56
51
50
67
76
88
93
86
84
86
91
103
119
124
124
124
125
130
136
141
151
160
170
177
182
190
178
150
129
104
84
70
42
21
10
-3
-8
-16
-25
-35
-66
-90
-93
-87
-105
-124
-143
-171
-176
-164
-151
-161
-162
-154
-159
-162
-178
-203
-214
-225
-225
-213
-203
-200
-197
-180
-156
-129
-87
-60
-43
-17
1
8
16
39
69
107
122
124
145
163
173
190
198
199
198
186
179
175
178
192
214
243
263
264
260
256
255
247
223
212
197
173
149
118
91
58
24
4
-12
-13
-21
-45
-52
-65
-97
-122
-138
-147
-157
-172
-171
-165
-177
-195
-193
-180
-161
-149
-142
-130
-128
-128
-133
-151
-182
-193
-197
-220
-229
-234
-243
-240
-223
-218
-200
-179
-183
-174
-140
-106
-77
-38
-9
10
30
49
70
97
124
144
158
172
190
198
204
188
179
193
199
210
210
188
163
150
140
128
122
119
120
133
122
109
121
117
99
92
94
88
64
37
13
-2
-2
-11
-11
-4
-6
-25
-60
-94
-123
-117
-91
-72
-59
-74
-101
-111
-106
-85
-60
-60
-65
-56
-55
-69
-75
-72
-67
-50
-27
-7
0
-10
-26
-31
-23
-23
-21
-6
6
21
40
49
57
58
64
72
78
85
75
75
87
81
69
60
42
36
15
-13
-10
-14
-39
-52
-65
-76
-78
-87
-88
-76
-69
-70
-58
-52
-48
-36
-20
6
29
33
36
45
36
15
17
49
74
79
67
51
24
0
1
5
-4
-18
-31
-38
-34
-52
-70
-63
-64
-70
-86
-85
-54
-27
-21
-17
-19
-13
0
3
8
9
16
33
40
39
31
16
24
52
65
48
35
25
6
2
2
7
11
24
35
44
51
44
49
49
49
44
23
17
7
-7
-16
-11
3
-8
-25
-32
-49
-64
-67
-56
-62
-66
-65
-92
-113
-132
-163
-172
-140
-96
-63
-54
-56
-55
-70
-68
-76
-81
-61
-45
-30
-19
-14
-12
-2
24
75
114
124
119
131
136
137
148
138
157
165
141
128
121
118
116
118
118
119
123
129
121
119
96
64
45
28
12
-2
6
7
2
4
10
23
35
36
35
21
6
0
-6
6
-2
-24
-52
-80
-83
-81
-74
-52
-38
-49
-66
-87
-119
-146
-172
-181
-184
-169
-147
-129
-104
-105
-108
-97
-93
-82
-72
-73
-72
-72
-66
-52
-45
-47
-49
-36
-20
-7
15
21
10
-6
-26
-34
-41
-31
11
33
26
11
4
3
15
59
110
150
161
153
150
137
132
121
110
108
103
105
98
82
69
46
27
17
13
7
13
17
19
27
33
29
24
-3
-44
-58
-49
-28
3
24
25
22
5
-15
-12
-15
-8
11
21
7
-22
-41
-56
-54
-51
-37
-14
-6
-7
-20
-43
-60
-66
-67
-53
-43
-47
-51
-55
-61
-61
-48
-45
-40
-22
-2
14
24
37
49
53
64
79
92
91
87
79
61
49
36
18
3
-6
-7
-2
-1
-4
-21
-56
-81
-99
-121
-127
-122
-117
-95
-76
-67
-40
0
17
17
17
16
33
45
55
54
40
30
14
18
41
70
100
111
104
102
99
74
57
51
32
20
27
25
29
22
2
-12
-15
-17
-26
-23
-22
-34
-33
-42
-56
-66
-68
-50
-33
-19
-4
6
12
15
-7
-26
-23
-12
-15
-16
-3
8
2
-6
-3
-10
-26
-29
-12
-13
-13
9
24
26
18
4
-2
-11
-21
-25
-18
-1
3
16
29
42
46
50
61
47
8
-21
-37
-54
-68
-73
-71
-70
-65
-58
-57
-58
-71
-74
-57
-52
-62
-60
-51
-39
-16
-10
-12
-7
-12
-12
3
18
23
29
46
68
69
52
48
60
73
70
71
94
109
111
109
95
75
63
52
39
31
21
9
9
1
-5
0
-1
-9
-30
-27
-19
-8
-3
-10
1
3
-9
-20
-21
-9
2
5
8
10
1
-12
-9
-4
-9
-3
17
23
19
19
21
24
19
2
-17
-20
-22
-16
-11
-13
-22
-29
-46
-60
-61
-57
-52
-50
-45
-40
-34
-33
-25
-18
-22
-28
-23
-2
2
1
12
24
24
21
22
31
42
31
24
18
-9
-25
-20
-26
-41
-35
-21
-19
-21
-16
-3
2
2
-4
-17
-18
-19
-27
-13
-6
-16
-25
-18
3
22
28
30
36
39
40
36
22
17
11
4
14
14
4
7
11
25
37
36
33
33
24
6
-15
-43
-52
-55
-53
-48
-40
-18
6
16
23
41
56
51
31
24
17
8
-1
1
25
40
38
28
23
18
4
4
8
0
-12
-15
-13
-32
-65
-78
-79
-67
-60
-62
-62
-61
-66
-60
