21
19
29
29
21
20
32
45
47
42
34
28
27
31
32
34
32
31
36
43
48
54
58
55
49
47
46
32
17
12
15
13
13
22
22
12
4
4
-1
-7
-4
10
21
29
31
21
12
3
-9
-17
-14
-8
3
15
10
-2
-13
-27
-46
-65
-72
-77
-77
-66
-52
-41
-34
-25
-24
-27
-24
-18
-23
-28
-18
-8
-1
-5
-9
-2
0
-9
-18
-17
-8
-2
-2
0
-1
-7
-7
-7
-10
-7
1
15
24
27
28
25
21
14
11
6
-2
-2
5
-2
-9
-2
7
13
18
20
5
-10
-5
6
17
20
19
19
22
22
23
14
1
-2
-2
-2
4
12
12
6
9
2
-2
1
-4
-5
-5
-9
-2
8
19
18
7
3
-4
-11
-14
-10
-6
-10
-13
-10
-10
-9
-11
-17
-16
-20
-19
-15
-2
-3
-15
-25
-33
-24
-7
1
-2
-4
-12
-9
4
11
20
31
46
53
51
52
49
45
36
28
24
24
13
-1
-11
-20
-18
-12
-15
-22
-25
-31
-33
-37
-34
-31
-29
-26
-19
-5
-2
-2
2
7
5
-4
-8
1
4
0
-3
-6
-9
-8
-9
-6
-7
-13
-12
-13
-12
-18
-25
-9
14
22
21
21
26
23
13
14
19
28
31
33
30
31
32
32
36
38
31
18
11
9
3
1
0
-5
-15
-21
-12
-7
-8
-5
1
-2
-8
-10
-8
-8
-4
1
9
8
7
11
8
7
6
-2
-8
-9
-8
-14
-18
-12
-7
-6
-12
-18
-23
-37
-44
-44
-43
-46
-52
-52
-49
-49
-61
-70
-62
-42
-21
-5
11
13
15
12
6
-5
-8
-9
-12
-1
9
17
24
30
28
30
30
37
46
44
35
30
26
23
27
35
39
30
31
23
7
-4
-5
6
1
2
7
17
23
22
22
10
2
4
11
9
9
13
11
13
11
7
5
4
-4
-12
-17
-10
3
11
12
7
5
8
6
13
14
21
25
21
14
16
15
6
-7
-23
-27
-32
-27
-15
-4
10
14
7
-8
-26
-38
-38
-44
-43
-37
-37
-31
-27
-19
-14
-10
-11
-17
-20
-28
-23
-19
-21
-24
-21
-21
-30
-33
-24
-18
-25
-29
-23
-12
4
18
22
21
15
10
11
12
15
15
17
20
23
23
28
38
50
47
33
19
7
0
-6
-10
-13
-16
-20
-21
-16
-6
3
5
6
6
10
12
7
9
19
24
22
20
31
37
32
30
28
18
2
-4
-1
6
12
19
21
23
20
18
20
12
0
-6
-14
-17
-9
0
7
2
3
15
12
4
-3
-14
-17
-27
-34
-35
-31
-32
-44
-49
-44
-43
-54
-57
-35
-15
-9
-13
-20
-23
-20
-20
-17
-12
-6
5
20
32
30
30
31
21
15
1
-6
-6
-4
5
18
19
7
-4
-9
-17
-26
-26
-29
-25
-27
-22
-4
21
46
44
35
25
23
25
33
35
34
33
37
35
21
18
8
3
4
16
17
13
13
9
7
-4
-24
-43
-44
-26
-2
11
16
19
21
13
8
1
-13
-19
-11
-1
3
-2
-19
-28
-26
-24
-29
-28
-23
-16
2
6
-2
-4
3
15
18
8
4
14
15
14
12
19
22
11
-8
-18
-18
-10
1
12
17
11
-4
-17
-31
-42
-40
-32
-19
-1
9
15
11
-1
-7
-16
-23
-23
-22
-22
-9
-1
0
-3
-5
-10
-2
18
26
37
47
59
67
54
31
9
-5
-9
-7
-3
-4
5
21
15
9
5
-10
-23
-32
-39
-36
-39
-38
-37
-24
-9
-18
-23
-24
-18
-8
0
7
16
19
17
16
7
-9
-22
-35
-23
-11
-3
12
11
1
-1
-8
-20
-19
-16
-10
-12
-21
-15
-5
-8
-4
1
1
14
35
50
58
54
53
48
45
52
46
32
22
19
28
33
29
27
22
22
19
11
6
8
10
2
-5
-6
-5
-11
-8
-1
3
2
6
14
3
-7
-10
-22
-31
-39
-51
-49
-51
-36
-5
5
7
4
2
-7
-28
-48
-67
-68
-54
-49
-45
-35
-29
-28
-28
-35
-34
-28
-18
1
11
24
33
32
34
32
36
35
35
38
46
57
63
69
70
56
41
34
24
18
8
2
-3
-4
0
-6
-13
-22
-23
-20
-27
-45
-53
-63
-69
-60
-49
-33
-29
-28
-23
-18
-8
6
5
6
10
16
28
34
42
46
36
32
34
30
23
8
0
-7
-20
-28
-32
-44
-61
-64
-55
-42
-24
-8
-4
-8
-8
0
5
4
6
10
16
21
36
45
37
31
29
28
28
16
8
-4
-25
-35
-36
-37
-44
-47
-41
-33
-20
-10
-4
-2
2
18
23
30
49
67
81
91
101
105
95
71
57
42
26
18
17
16
20
18
10
8
-10
-14
-13
-24
-34
-45
-53
-58
-51
-43
-29
-16
3
14
7
7
-6
-25
-37
-41
-28
-22
-13
-2
1
-5
-12
-25
-30
-27
-24
-17
-23
-20
-15
-8
-10
-12
-6
-4
-3
-7
-11
-12
-6
2
4
6
13
2
-18
-30
-36
-32
-19
-17
-7
-7
-6
6
10
15
16
20
29
24
25
27
24
30
35
35
30
27
34
37
36
40
36
17
3
-3
-3
-10
-18
-13
-6
-18
-28
-34
-34
-32
-27
-18
-10
2
7
11
8
14
10
9
16
29
31
15
0
-14
-23
-37
-42
-42
-56
-59
-56
-43
-26
-19
-15
-14
-19
-28
-35
-47
-55
-57
-45
-45
-30
0
20
39
55
57
54
49
41
39
27
20
16
18
29
38
46
48
58
69
75
75
68
50
21
-1
-8
-5
-18
-19
-11
-13
-6
7
23
24
11
2
1
2
2
7
13
13
5
19
40
40
37
26
15
5
7
19
27
25
16
7
8
6
-8
-27
-52
-63
-69
-68
-59
-54
-40
-28
-22
-5
1
-7
-16
-25
-23
-26
-27
-14
2
10
8
-13
-26
-31
-39
-31
-30
-31
-37
-47
-28
-21
-30
-39
-52
-50
-42
-34
-19
-12
-5
8
23
27
21
22
27
21
23
32
39
52
36
14
-4
-19
-24
-19
-3
11
21
25
22
15
13
7
-4
6
8
0
7
10
3
-15
-16
-4
2
14
13
14
19
20
25
30
16
1
5
-2
-4
2
10
17
21
24
26
28
24
19
4
-10
-29
-36
-31
-26
-7
-5
1
22
18
-2
-10
-3
-1
-10
-19
-5
12
9
0
-4
-4
-10
-20
-4
18
17
27
46
52
49
49
74
100
97
78
75
76
65
47
25
15
-13
-49
-40
-27
-36
-25
-33
-32
-32
-68
-60
-51
-73
-87
-80
-59
-32
-23
-11
4
-7
-2
7
23
2
-26
-7
21
32
21
34
41
19
-7
-46
-82
-84
-106
-117
-107
-143
-122
-72
-66
-69
-81
-54
-23
-48
-66
-27
14
48
83
102
174
214
200
233
238
191
154
105
49
-7
-96
-169
-177
-176
-200
-183
-120
-54
-33
-60
-55
-21
-11
-35
-20
8
-3
-4
6
13
1
-33
-64
-72
-66
-101
-116
-71
-86
-96
-36
-10
-11
-4
-8
51
101
74
90
124
104
57
28
42
109
107
67
131
221
214
185
195
212
208
179
207
229
172
115
117
105
41
-42
-104
-152
-248
-300
-242
-182
-145
-119
-74
19
58
8
-22
-3
-25
-110
-135
-99
-83
-63
-10
72
103
100
142
175
169
154
142
124
107
85
86
59
37
75
96
89
91
85
79
70
-26
-117
-151
-235
-272
-288
-312
-295
-307
-286
-182
-121
-132
-89
-24
23
43
20
26
13
9
16
-42
-117
-156
-160
-134
-144
-192
-105
-2
-21
-30
7
107
166
112
85
158
237
257
244
282
300
203
91
39
-44
-142
-164
-137
-69
-69
-105
-78
-23
-8
-87
-163
-137
-66
-55
-60
45
134
140
173
182
118
21
-77
-72
-22
-91
-161
-134
-81
-74
-70
6
141
178
93
89
154
176
123
34
-2
-16
-129
-204
-184
-200
-205
-144
-56
-12
-34
-11
85
167
217
178
120
107
120
78
-28
-90
-73
-23
5
62
138
232
383
463
422
391
235
31
37
32
36
115
168
592
917
568
555
897
776
327
-241
-362
-227
-866
-1325
-987
-816
-739
-702
-598
-44
45
-274
9
198
-197
-585
-713
-544
-683
-1136
-580
540
598
397
1092
1860
2003
1430
1030
1397
755
-614
-754
-798
-1309
-1656
-1858
-1092
-488
-1068
-772
157
247
-152
-647
-362
112
-698
-1108
-196
197
73
310
724
1295
1330
788
922
1068
454
-2
-152
-89
-272
-1055
-933
-307
-750
-1120
-1002
-771
-269
-560
-940
-430
-444
-930
-1243
-1427
-971
-940
-1361
-235
1758
3102
3479
3954
5912
7050
5568
4204
3983
2970
516
-1910
-2745
-3189
-4422
-4947
-4133
-2916
-2199
-2049
-1159
329
100
-1348
-1307
-575
-1231
-2201
-1769
-306
799
1333
2399
3858
4638
4511
3780
3166
2260
30
-1991
-2538
-3365
-4798
-5019
-4071
-3244
-2898
-2283
-875
171
168
10
-38
-34
-414
-1556
-1807
-890
-735
-752
408
2403
4785
5913
5914
7302
8535
7298
4895
2973
1873
-353
-3747
-4913
-4600
-5074
-5027
-3956
-2206
-424
-218
-263
719
491
-1367
-2660
-2592
-2526
-3541
-3534
-1149
855
1699
3345
5161
6072
6169
5090
3802
2726
519
-1936
-3041
-3464
-4308
-5055
-4042
-2251
-2144
-2119
-517
381
-151
-803
-1308
-1522
-2052
-3270
-3264
-1796
-1075
-1082
681
5029
7570
6324
7370
11117
10800
6899
4288
3753
2097
-2692
-6044
-5616
-5406
-6311
-6564
-4551
-1273
-1085
-2048
75
1418
-962
-3471
-3166
-2166
-3775
-5259
-2931
270
1578
2599
4683
7046
7559
5820
4649
4489
1944
-2342
-4155
-4085
-5469
-7382
-6352
-3395
-2573
-2789
-1076
972
1352
47
-1181
-640
-842
-2905
-3556
-2018
-681
-1203
392
6530
8791
6587
8789
12715
11689
6557
3112
3806
1531
-4769
-7428
-6805
-5830
-5774
-6778
-3594
1103
287
-599
2149
3039
66
-3013
-2265
-1099
-4138
-5368
-1658
1105
2309
3683
5272
8149
8801
5498
3617
3260
157
-4501
-6871
-6646
-7422
-9037
-7351
-4319
-3396
-2262
-209
1005
1228
170
-1241
-1286
-1259
-2820
-3421
-1590
168
2877
7077
8613
9137
12033
13936
11177
5779
3639
2722
-3012
-8129
-8991
-9494
-8802
-7714
-6932
-3059
577
1001
2067
4021
3450
-22
-2063
-797
-1836
-5276
-4055
-62
1743
3265
5337
7641
10056
9046
5209
3219
1630
-2691
-7386
-9073
-9032
-10103
-10177
-6910
-3989
-3080
-1057
1349
2006
1885
1032
97
421
91
-875
1456
5484
6607
7399
11055
14076
12380
8581
7608
5901
-455
-5986
-7996
-9370
-10904
-12146
-10627
-6124
-3501
-2566
237
3535
4111
1918
893
1591
-308
-3320
-2829
-780
-177
427
2768
5650
6632
5514
4254
3587
1476
-2836
-6100
-7202
-8743
-10415
-10064
-7869
-5775
-4615
-2538
199
1440
1849
2126
2200
2715
2600
2366
4873
7284
7082
8413
11367
11837
9514
7067
5990
2981
-2961
-6508
-7802
-9747
-10677
-10648
-8839
-4950
-2887
-1426
1834
4010
3793
2830
2645
2446
384
-1195
42
1143
1112
2405
4263
5418
5804
4506
3156
2127
-863
-4163
-6271
-7773
-8451
-8851
-8014
-5641
-4159
-2639
-423
867
1597
1598
1066
924
340
-41
1196
3846
6537
7531
9201
12703
13792
11332
8410
6368
3220
-2655
-7594
-9220
-10672
-12178
-11870
-9621
-6220
-3769
-1777
1604
4192
4109
2651
1924
1780
-343
-3195
-2872
-1158
-682
574
3208
5424
6557
6325
4921
2837
-35
-3554
-7045
-9425
-10508
-11052
-10283
-7848
-5577
-3248
-102
2163
2763
2801
3015
2338
448
-322
118
1181
3990
6362
8179
11979
14662
14470
12977
10428
7336
2072
-4221
-7741
-11029
-14113
-14135
-13089
-10376
-6315
-3528
245
4238
5378
5294
4599
3640
2440
-638
-2483
-1485
-1428
-912
1714
3367
4742
5886
5306
4399
2023
-1505
-3628
-6267
-9044
-9991
-10023
-8570
-6707
-5483
-2638
496
1549
2466
3756
3757
2982
2533
3368
5910
6769
6185
8815
12095
12013
9695
7633
7313
4201
-2655
-5974
-6950
-9843
-12090
-12443
-10371
-7475
-6707
-4542
-144
1959
1908
1985
3096
3228
128
-1391
637
961
-11
1013
3103
4613
4164
3041
2900
1835
-925
-3833
-5302
-5930
-7565
-8275
-6782
-5601
-5020
-3493
-1214
-75
-165
672
1655
1550
1292
1255
2702
4886
6007
7900
10562
12327
12985
12474
11130
8371
4327
541
-3286
-6815
-9007
-10599
-10625
-8757
-7158
-5327
-2277
120
934
1245
1718
1174
-737
-1819
-1867
-2235
-1933
-610
1092
3376
4832
4902
5100
4704
2255
-990
-3100
-4882
-7581
-9029
-8015
-6818
-6200
-4568
-2009
-635
-303
141
94
-94
-717
-1874
-1119
333
1418
4729
8118
9985
12301
14313
14955
12602
8312
5893
1974
-4186
-7545
-9560
-10804
-10281
-9850
-7178
-2948
-997
765
2841
3806
3435
621
-1286
-1152
-3208
-4957
-3569
-1451
1040
3091
4548
7123
8100
5699
2821
330
-2631
-6269
-9732
-10659
-9869
-9648
-8003
-4461
-1813
215
1997
2943
3484
2542
664
-95
-740
-1414
-389
2407
5947
8350
10544
14045
15499
13363
10465
7614
3262
-2556
-7396
-9908
-11395
-12254
-11239
-7988
-3833
-769
1394
4170
6172
5323
2599
455
-652
-2892
-5768
-5872
-3986
-1843
669
2708
5215
7234
6246
4301
1743
-1670
-4572
-8214
-10463
-10292
-10373
-8558
-5220
-2853
0
2318
3863
5102
4014
2577
1976
269
-1076
-829
824
3578
5869
8620
12619
14520
13713
12374
9804
5559
321
-4909
-8205
-10503
-12446
-11959
-9755
-6938
-3602
-677
2399
4879
4897
3662
2188
284
-1933
-4343
-5417
-4605
-3549
-2140
251
2439
3642
3988
3326
1759
-301
-2802
-5321
-7121
-8196
-8445
-7739
-6231
-4139
-2170
-202
2055
3131
3044
3565
3768
2992
2612
3344
5507
7121
7273
9092
11502
11284
9030
6438
4904
1978
-3782
-7144
-7604
-8874
-9676
-8648
-5732
-2231
-554
1235
4271
5342
3945
2169
1050
-322
-3163
-4792
-3110
-2126
-2789
-921
2162
3012
2022
690
538
-403
-4081
-6519
-6431
-6565
-7084
-7169
-5220
-2128
-1459
-1083
1307
2475
1975
1727
1900
2393
1935
2084
5735
8549
8164
9838
13065
13403
10344
6301
4749
2229
-4600
-9045
-9410
-9836
-10244
-10006
-6917
-1971
-258
941
4468
6066
4759
2789
1657
786
-2284
-5107
-4150
-2850
-3219
-2534
-81
2510
2691
880
582
667
-1834
-4899
-6036
-5963
-6183
-6552
-5489
-3132
-1461
-460
1057
2336
2464
2378
2535
2479
1899
2148
5124
7488
7214
8941
12493
13079
10221
7370
6365
3486
-2815
-7422
-8677
-9528
-10992
-11319
-7983
-3610
-1955
-253
3334
5457
4620
3199
2988
1921
-1558
-3731
-2889
-2928
-3948
-3146
-1177
268
-98
-872
-90
-508
-2918
-4507
-5175
-5258
-5748
-6564
-4900
-2900
-2678
-1351
534
1341
1796
2173
3251
3562
3417
6668
9014
7810
9334
12429
12295
9529
6900
6415
3844
-2474
-6119
-7118
-8617
-9933
-10771
-8258
-3878
-2894
-1439
2839
5144
4406
2979
3275
3319
-193
-2338
-1104
-1731
-2901
-2284
-1235
-143
-861
-1848
-765
-1199
-3463
-4742
-5111
-4711
-5401
-6150
-3921
-2309
-2271
-801
759
1788
2284
2150
3188
3770
4449
7504
8270
7443
9775
12058
10853
7209
5165
5260
1161
-5167
-7004
-7613
-9256
-10442
-10697
-7809
-4353
-3181
-592
3046
4879
4655
3747
4710
4474
1084
340
1090
-624
-1438
-1000
-560
-388
-1862
-2660
-2422
-3805
-5444
-6407
-6400
-5359
-5854
-5676
-2904
-1294
-498
958
1702
2554
3357
3044
2677
2648
4557
7585
7335
7114
10591
12833
10927
7387
6016
5575
248
-6266
-7827
-8702
-10898
-12217
-11437
-7731
-4867
-3481
276
3815
4733
4580
4450
5153
3980
1027
1129
1978
553
405
1447
1730
1181
-800
-2208
-3008
-5760
-8583
-9685
-9823
-9413
-9259
-7640
-4139
-2144
-715
1570
2714
3158
3606
3280
2834
2820
4462
7503
8258
8343
11667
14643
13140
9422
7899
6851
1033
-5900
-8487
-10007
-12665
-14237
-13191
-9618
-6386
-3958
-145
3646
5508
5396
5200
6086
4451
1571
2044
2467
1203
1530
2861
3783
3170
1292
658
-648
-3822
-6728
-9173
-10111
-10399
-11558
-9916
-6688
-5268
-2863
-82
1478
3205
4046
4228
4181
4247
7253
9328
7956
9307
13020
14235
11846
8516
8402
6747
-763
-6257
-7551
-10051
-13352
-15151
-13598
-9978
-8280
-6173
-1527
1910
3035
3333
4244
5443
3439
1377
3510
4007
2269
3437
5387
6039
4844
2363
1731
10
-4618
-8012
-10152
-11356
-12201
-13645
-11683
-8178
-6930
-4174
-673
1156
3197
4505
4843
5150
5246
7296
9763
9256
9719
13108
14812
12800
9791
9132
7838
1299
-4930
-6695
-9201
-12814
-14383
-13849
-11337
-8917
-6986
-3032
951
2156
2336
3462
4726
3486
1259
2346
3684
2454
3018
5273
6053
5606
4043
2777
1635
-1872
-5616
-7692
-9323
-10855
-12184
-11577
-9107
-7668
-5970
-2994
-989
705
2401
3156
3794
4093
4889
7830
9534
9157
11399
15026
15361
12659
10615
10116
6333
-840
-5271
-7755
-11171
-13894
-15319
-13917
-10436
-8719
-6531
-1700
1684
2259
2679
4148
4690
2205
625
2621
3079
1697
2628
4224
4866
3998
1803
1485
599
-3245
-5925
-7299
-8566
-9539
-10680
-9315
-6905
-6635
-4987
-2012
-569
248
705
1842
3229
2688
4425
8906
9689
9590
12987
15785
14955
11907
10431
9712
4307
-2561
-5815
-8180
-10888
-13742
-14679
-10962
-8211
-8053
-4492
467
2047
1487
2352
4848
4011
1062
1991
3848
3128
2538
3469
5170
5359
3094
1702
1720
-180
-3706
-6111
-6814
-7498
-9130
-9413
-7343
-6024
-5795
-3958
-1703
-924
-645
-38
1166
1631
2167
5747
8432
8330
10779
14551
15011
12678
10546
9818
6223
-992
-5657
-7879
-10717
-13650
-15538
-13593
-9999
-9164
-6855
-1761
935
1192
1825
3792
4603
2068
1090
3263
3521
2745
3280
4674
6302
4932
2442
2435
1118
-2331
-5215
-6945
-7315
-8344
-9283
-7552
-5842
-4957
-3357
-1619
-110
22
-211
1144
1536
677
2829
7394
9175
9555
13233
17163
16555
13231
11488
10268
4881
-2407
-6713
-9454
-12308
-15234
-16134
-12744
-9889
-9057
-5159
-339
1383
1497
2162
3891
3396
321
548
2698
2277
1997
3134
5039
6244
4087
2696
3014
167
-3258
-5547
-7475
-7587
-8570
-9218
-6909
-5700
-4879
-2956
-2002
-1233
-1403
-1656
-261
-444
-10
4677
7837
8429
11782
16339
18151
16305
13846
13386
9900
2090
-3577
-6786
-10037
-13247
-15882
-14311
-10446
-9323
-6929
-2179
753
1945
2062
2868
3764
1440
-401
814
1476
1425
2084
3747
5816
5429
3746
3495
2022
-1134
-3780
-6133
-7193
-7821
-9239
-8600
-6611
-5767
-4774
-3219
-2018
-1734
-1918
-1201
-741
-1247
692
4941
7154
8782
12847
16801
17741
15820
14080
13178
8416
852
-4228
-7676
-11109
-14593
-16500
-14101
-11047
-9702
-6506
-2169
814
1839
1971
3347
3286
751
-11
962
1245
1001
1679
4074
5559
4862
4267
3722
2321
-91
-3133
-4851
-5558
-6699
-7232
-6590
-5256
-4270
-3808
-2513
-1812
-2118
-1485
-1335
-1666
-339
2553
5805
7663
10159
14965
17321
16079
14818
13757
10623
4262
-2033
-5576
-9001
-12960
-15306
-14993
-12681
-10677
-8794
-5245
-1513
165
461
1457
2337
894
-538
138
657
745
1678
3321
4896
4954
4612
4605
2894
624
-1438
-3670
-4782
-6219
-7264
-5953
-5100
-4652
-3229
-2218
-1145
-1305
-2057
-1069
-1472
-2033
144
2940
6035
8606
11438
16041
17940
16640
15675
13905
9886
3709
-2312
-5863
-9394
-13472
-15025
-13800
-11769
-10016
-7603
-3785
-490
800
1242
2302
2520
827
-120
166
-73
274
1419
2785
4061
3880
4149
4271
1733
-251
-1789
-4110
-5206
-6930
-7407
-5673
-6222
-6102
-4478
-4299
-3494
-3614
-3961
-2468
-2760
-2196
1134
3944
6927
9548
12506
16796
17524
15330
14578
12624
7565
1461
-3548
-6622
-10049
-13722
-14168
-12230
-10455
-8476
-5882
-2452
527
941
1123
2641
2558
1093
879
1217
1372
1883
2321
3417
4293
3741
3738
2809
492
-853
-2884
-4622
-5251
-7025
-6860
-5620
-6219
-5222
-3945
-3550
-2415
-2914
-2874
-1264
-1124
224
3370
6356
9248
11416
14376
17657
17004
14637
13784
10846
5055
-448
-4876
-8064
-11058
-14008
-13916
-11897
-10190
-7775
-5010
-1819
1020
1316
1870
3246
2209
1068
1366
1398
1649
1927
2272
3660
3514
2190
2236
971
-1231
-2879
-5047
-5553
-6111
-7727
-6516
-5379
-5411
-4192
-3777
-2882
-1842
-2920
-2573
-1524
-1234
867
3931
7126
9951
12324
15897
17899
16152
14266
12603
8434
2563
-2962
-7099
-9992
-12961
-14897
-13730
-11238
-9009
-6525
-3658
-437
1353
1332
2081
2460
1261
806
1088
1218
1605
2037
3071
4150
3376
2745
2582
627
-1432
-3292
-5114
-5649
-6712
-7155
-5768
-5264
-4462
-3411
-3216
-1940
-1807
-2521
-1422
-885
27
2656
5327
7972
10297
13205
16315
16261
14333
13040
10229
4970
-758
-5460
-8567
-11072
-13430
-13634
-11359
-8691
-6324
-3807
-646
2426
3149
2963
3676
3374
2324
1691
1316
1787
1840
1686
2768
2776
1996
1779
443
-1005
-2761
-5306
-6076
-6661
-7818
-7573
-6983
-5636
-4251
-4278
-2978
-1386
-1229
-677
-435
801
3800
5708
7101
9490
12433
14709
14092
12368
12005
9717
4419
-764
-4480
-7410
-10696
-13503
-13582
-11642
-9856
-7929
-5061
-1580
1164
1905
2638
4300
4163
2883
3066
3554
3354
2763
2783
3997
3556
1781
1311
586
-991
-3264
-5459
-5299
-5488
-7086
-6720
-5381
-4344
-3871
-3893
-2386
-1288
-1657
-1084
-327
1378
4567
6448
7922
10889
13771
14824
13587
12205
11629
8418
2740
-1736
-4788
-7742
-10879
-13192
-12505
-10491
-9470
-7723
-4799
-1982
-393
58
1241
2493
2043
1794
2756
3563
3405
3153
4171
4656
3319
1540
401
-387
-2696
-5932
-7012
-6742
-7288
-8155
-7636
-5104
-3523
-3754
-2904
-1240
-270
-397
-1234
-234
2175
3943
5580
7500
10836
14277
14418
13376
13307
11954
7980
2610
-1513
-4349
-8049
-11240
-12138
-11637
-10323
-8915
-7046
-3990
-1573
-400
821
1922
2156
1900
2212
3218
3723
3625
4120
5196
5525
4671
3287
1963
531
-2187
-5433
-7053
-7733
-8547
-8975
-8399
-6544
-4808
-3910
-2767
-1424
-254
90
-472
774
3607
5374
6372
8419
11911
14442
13840
12640
12779
11277
6552
1482
-1409
-4036
-8165
-11393
-11576
-10683
-10363
-9409
-6934
-4061
-2534
-1933
-475
1196
1199
805
1991
3498
3814
4057
5393
6602
6138
4727
3519
2302
77
-3232
-5589
-6491
-7600
-8973
-8845
-7208
-6078
-5499
-4197
-2836
-1905
-1132
-1072
-723
1234
3728
5220
6323
9082
12482
13326
12264
11744
11265
8648
3719
-566
-2718
-5337
-9078
-10998
-10254
-9199
-8978
-7949
-5467
-3520
-3045
-2466
-1160
-332
-318
194
2052
3823
4280
5392
7657
8268
7071
5705
4646
3020
-565
-4244
-5821
-6848
-8285
-9357
-8606
-6095
-4913
-4453
-2465
-1032
-543
-239
-778
-105
1920
3506
4694
5954
9042
12212
11966
11038
11336
10527
7558
2899
-677
-2164
-5017
-8533
-9494
-8660
-7881
-7712
-6585
-3771
-2367
-2561
-1740
-751
-622
-1092
-799
1177
2399
2346
3946
6363
6759
5481
4323
4105
2481
-1590
-4448
-5260
-6325
-7785
-8658
-7542
-5489
-5056
-4582
-2769
-1252
-490
-790
-1008
715
2657
3655
4439
6276
9799
11406
10053
9872
10503
8840
4998
1250
-423
-2128
-5733
-7916
-7346
-6588
-6407
-5962
-4007
-1870
-2034
-2342
-1119
-936
-1957
-1926
-537
1051
1350
2087
4907
6514
5838
5177
4795
4010
1229
-2741
-4169
-4867
-6984
-8286
-7839
-5831
-4436
-4123
-2272
-418
105
414
-84
72
1503
2447
3437
4593
6520
9224
9854
9066
9011
8665
6687
2885
-491
-1885
-3907
-6817
-7903
-7203
-6209
-5551
-4426
-2247
-969
-1304
-1121
-473
-1060
-2153
-2077
-650
339
231
1592
4265
5070
4491
4023
3782
2934
-286
-3462
-4295
-5500
-7225
-7980
-7156
-4811
-3883
-3425
-1086
500
1256
1603
884
1828
3216
3491
4273
5215
7366
9333
8421
7773
8036
6696
3912
209
-2167
-3155
-5756
-8034
-7806
-6953
-6223
-5344
-3790
-1587
-987
-1401
-500
-175
-1279
-1772
-1359
-73
836
802
2719
5106
5060
4617
4144
3481
2161
-1485
-3759
-4149
-5990
-7184
-7055
-5814
-3416
-2671
-1747
741
1658
2050
2006
1414
2761
4000
4312
5154
6256
8545
9932
8442
7748
7836
5804
2391
-1026
-3000
-4113
-6462
-8259
-7491
-5990
-5087
-4313
-2721
-397
130
-661
10
220
-982
-1363
-1160
-355
506
703
2504
4346
4144
3701
2925
2152
419
-3293
-4854
-5011
-6851
-7761
-7329
-5722
-3506
-3076
-1806
626
1662
2391
2159
2030
3688
4418
4615
5244
6057
8182
8727
6963
6434
6065
4054
948
-2235
-3888
-5190
-7174
-8006
-7567
-6460
-4964
-3927
-2440
-470
84
232
915
330
-646
-596
-503
-236
42
547
2202
2905
2676
2697
1981
1578
39
-3123
-3942
-4541
-6279
-6537
-6448
-5055
-2926
-2444
-1025
751
1811
3131
2423
2345
4829
5726
5506
5866
7313
9472
8525
6295
6709
6180
2867
-490
-2592
-3715
-5781
-8219
-8007
-6704
-6269
-5179
-3435
-1568
-127
-143
458
1582
545
-371
252
517
625
484
1323
3490
3378
2557
2942
2450
1452
-1002
-3644
-3702
-4815
-6659
-6343
-5505
-3860
-2686
-2076
318
1689
2122
3106
2708
3134
4808
5375
5601
5797
7294
9325
8165
6346
6486
5644
2730
-779
-3188
-4343
-6289
-8479
-8581
-7480
-6504
-5312
-3683
-1382
383
678
1380
1973
821
82
60
-307
-425
-844
-86
1809
1568
1044
1387
990
130
-2519
-4675
-4516
-5967
-7414
-7051
-6312
-4205
-3002
-2343
254
1654
2353
3260
2855
3800
5461
5868
6219
6456
7963
9526
7820
6360
6702
5184
2041
-1103
-3364
-4573
-6618
-8539
-8374
-7424
-6393
-5009
-3335
-1181
242
803
2033
2620
1578
1125
1612
1607
1186
728
1556
3140
2709
1718
1934
1704
260
-2350
-4154
-4219
-5543
-7180
-6880
-5928
-4549
-3479
-2645
-527
1247
1995
2412
2383
3290
4855
5502
5561
6211
8259
9499
8056
6794
6868
5631
2194
-1283
-3144
-4724
-7003
-8823
-8992
-7667
-6343
-5330
-3412
-1049
445
1109
1751
2507
2076
1112
1210
1204
661
339
713
1774
1634
631
709
584
-745
-2813
-4261
-4376
-5361
-6816
-6503
-5265
-3973
-2951
-1794
224
1696
2456
3171
3344
3927
5286
6074
5909
6087
8040
9764
8799
7342
7347
6741
3567
-327
-2460
-3850
-6198
-8694
-9581
-8451
-7047
-6149
-4342
-1696
347
1128
1560
2558
2617
1581
1399
1355
706
23
-84
941
991
-57
-135
-214
-999
-2601
-4308
-4340
-4625
-6085
-6287
-5448
-4176
-3152
-2624
-750
1067
1660
2318
2426
2867
4287
5146
5514
5925
7228
9150
9016
7744
7759
7391
5055
1399
-1873
-3791
-5942
-8673
-10153
-9814
-8334
-7045
-5823
-3267
-429
1043
1603
2410
3301
2864
1862
1853
1777
1315
998
1259
2030
1611
876
815
136
-1086
-2984
-4421
-4348
-5378
-6644
-6069
-4856
-3450
-2806
-1974
308
1508
1683
2093
2261
3285
4314
4403
5120
6457
8124
9315
8787
8432
8692
7065
3819
381
-2481
-4821
-7787
-10290
-10660
-9868
-8834
-7520
-5479
-2361
-2
823
1887
3025
3156
2280
1607
1754
1720
1719
1910
2381
3007
2802
2340
1598
295
-1046
-2941
-4301
-4742
-5871
-6092
-5195
-4595
-3251
-2042
-1007
487
872
1103
1400
1153
2035
3161
3743
5080
6912
9071
10471
9990
9827
9698
7113
3248
-230
-3177
-6041
-9439
-11620
-11230
-10242
-9255
-7371
-4557
-1497
219
974
2346
3216
2693
1852
1403
1366
1308
1181
1343
1871
2199
1922
1383
419
-826
-1936
-3416
-4736
-5479
-5962
-5539
-5020
-4606
-3137
-1729
-971
-420
-183
468
860
536
1457
3464
5151
6504
8121
10620
12446
11937
10947
10276
7906
3780
-568
-4069
-6808
-9766
-11849
-11615
-10309
-8821
-6751
-4074
-1145
875
1890
2990
3595
3210
2646
2195
1963
1787
1906
2374
2288
2315
2502
1760
536
-793
-2059
-3435
-5042
-5777
-5940
-6006
-5511
-5103
-4164
-2842
-2644
-2342
-1395
-767
-523
-492
739
3346
5198
6507
8675
11638
13591
12563
10840
10495
8404
3388
-1491
-4815
-7479
-10625
-13478
-13506
-11470
-9730
-8065
-5442
-1782
855
1611
2794
3989
3600
3147
2846
2257
2186
2501
2992
3177
3041
3374
3295
2152
555
-1143
-2238
-3304
-5168
-6174
-5830
-5440
-5228
-4731
-3556
-2503
-2022
-1350
-731
-152
576
1392
3273
5811
7505
9244
12009
14146
13906
12377
11445
9602
4894
-514
-4299
-7293
-10758
-13947
-14594
-12565
-10706
-9377
-6386
-2550
165
1481
2413
3581
3477
2389
2098
1637
986
1186
1908
2803
2800
2663
3665
3327
1261
-416
-1487
-2372
-4390
-6566
-6360
-5576
-5890
-6162
-5421
-3479
-2485
-2934
-2210
-669
175
784
2270
5290
8051
9298
11290
14072
14720
13050
11094
9463
6094
354
-4557
-7408
-10226
-13192
-14612
-13521
-10991
-9073
-7135
-3709
-254
1528
2193
3066
3922
3395
2180
2097
2274
1753
1897
3080
4049
3954
3516
3961
3544
1017
-1094
-2020
-3282
-5430
-7320
-7195
-6488
-7100
-7196
-5781
-4227
-3431
-2962
-1482
561
1524
2518
5240
8321
10039
11151
13112
15057
14154
11038
9136
7483
2919
-3296
-7468
-9106
-11481
-14956
-15331
-12313
-9482
-7749
-5399
-1227
2532
3572
3942
5227
5695
4497
3122
2896
2714
1727
1903
3421
4020
3428
3367
4227
3591
665
-1685
-2260
-3384
-6502
-9012
-8514
-7644
-8453
-8736
-6971
-4239
-2776
-2387
-532
2283
3751
4184
5734
8704
10232
9919
11005
12702
11717
9050
7190
5693
2136
-3185
-6754
-8288
-10486
-13043
-13429
-11160
-8627
-7185
-4774
-649
2478
3441
4007
5086
5351
3887
2206
1581
1202
379
43
950
2066
2527
2714
3155
3262
1853
-224
-1705
-3406
-5648
-7728
-8746
-8490
-8317
-7853
-6135
-3999
-1862
-1
1682
3508
4676
5327
6336
7690
8694
8605
8799
10078
9854
7525
5665
4764
2517
-1813
-5452
-7010
-8533
-10654
-11612
-10334
-7670
-5383
-3307
-132
3048
4658
5171
5513
5377
3883
2042
1177
243
-802
-663
142
1167
2010
2415
3203
3187
1585
-408
-2678
-4610
-6655
-9400
-10235
-9540
-9137
-7896
-5969
-3365
-392
1290
2957
4810
5429
5658
5556
5812
6862
6520
5977
7226
8227
7679
6137
4948
4168
1266
-2836
-5158
-6649
-8265
-9460
-9694
-7754
-5153
-3577
-1281
1723
3690
4465
4428
4390
3917
1877
274
-80
-843
-1275
-652
645
2453
3169
3146
3748
3208
1306
-819
-3287
-5162
-6962
-8944
-9054
-8219
-7381
-5583
-3493
-1040
1304
2445
3806
4829
4373
4099
3847
3726
4424
4095
3866
5452
6563
6226
5180
4528
4379
2015
-1594
-3208
-4261
-5775
-7063
-7563
-5815
-3735
-3114
-1511
1087
2660
2916
2550
2890
2815
935
-347
-243
-559
-1182
-982
160
1285
1395
1040
1397
1316
-484
-2358
-3515
-4572
-5758
-7015
-6759
-5506
-5076
-3770
-1648
-219
1177
1802
2285
3135
2427
1618
1756
1896
2370
2184
2404
4681
6043
5799
5846
6084
6120
4294
938
-593
-1471
-3549
-5267
-6196
-5599
-3954
-3270
-2088
109
1667
2732
2917
2686
2653
1520
238
-279
-1005
-1598
-1611
-1015
-121
419
773
1264
1519
636
-728
-1546
-2745
-4284
-5350
-5660
-5126
-4998
-4585
-2602
-1100
-327
535
1003
1723
1435
95
148
568
974
1906
2479
4508
7470
8360
8533
9152
9354
8198
4651
1423
-51
-2709
-5865
-7714
-8246
-7087
-6105
-5338
-2860
-391
1093
2128
2277
2237
1561
-65
-978
-2038
-3356
-3067
-2149
-1245
-214
794
2582
3753
2934
1883
1311
253
-1834
-4292
-5085
-4875
-5504
-5896
-4857
-2824
-1537
-1448
-634
706
804
-56
-460
140
1040
1953
3265
5105
7749
10172
10879
11132
11520
10409
7532
4142
1145
-1940
-5408
-7843
-8748
-8872
-8106
-6557
-4381
-1951
-323
1049
2286
1995
936
94
-799
-1844
-3158
-3605
-2549
-1360
-278
925
2420
4324
4702
3405
2432
1490
-356
-3075
-5319
-5857
-6327
-7255
-7205
-5974
-4266
-3478
-2983
-1454
-364
-72
117
517
1553
2788
4346
6136
7615
9658
11590
11870
11318
10352
8655
6003
2291
-1201
-4015
-6665
-8620
-9557
-9433
-8256
-6668
-4897
-2876
-1084
146
723
768
366
-396
-1048
-1397
-1793
-1855
-778
773
1977
3220
4561
5687
6009
4914
3231
1517
-421
-2759
-5449
-7099
-7529
-8005
-8029
-7220
-5616
-3512
-2268
-1037
762
2080
2912
3073
3514
5007
6133
6701
7383
8838
10817
10800
9445
9188
8277
5424
1763
-1498
-3864
-6616
-9473
-10563
-10406
-9821
-8652
-7005
-4553
-2365
-1330
66
1152
598
-58
-212
-416
-886
-1281
-183
1634
2629
3968
5538
6524
6938
5584
3673
2212
-553
-3647
-6116
-8051
-8687
-9006
-8537
-6716
-5076
-2715
-86
1197
2538
3735
4174
4080
3026
2997
4429
4981
5092
6308
8741
10531
9984
9261
9375
7823
4066
-142
-3355
-5917
-9140
-12018
-12640
-11619
-10447
-9141
-6850
-3680
-1306
-269
840
1967
1540
320
78
230
-167
-454
786
2935
3812
4096
5095
5886
5383
2914
164
-1196
-3319
-6478
-8442
-8852
-8296
-7826
-6876
-4586
-2383
-434
1215
2011
2801
3299
3273
3051
2538
3137
4938
6244
7054
8494
11045
12598
11403
9897
9065
6607
2082
-2712
-6016
-8464
-11479
-13698
-13657
-12051
-10028
-8073
-5319
-1772
663
1718
2821
3749
3266
2165
1862
1905
1395
1042
2112
3736
4137
4266
5137
5560
4621
2278
229
-1047
-3599
-6341
-7732
-8455
-8310
-8027
-7249
-5213
-3576
-1702
218
868
1848
2668
2919
3302
2904
3492
5651
6900
7745
8961
10743
12290
10853
8405
7189
4553
-12
-4803
-8416
-10327
-12554
-14475
-13742
-11619
-9120
-6409
-3574
33
2474
3144
4261
4679
3392
2075
1333
945
325
-11
1051
2563
3560
4218
4734
5115
4525
2419
115
-1581
-3822
-6642
-8292
-8769
-8780
-8128
-6946
-5013
-2775
-936
926
2315
3222
4085
4336
4680
4725
4193
5253
6959
7124
7004
7954
9272
8441
5464
3772
2470
-1209
-5664
-8689
-9978
-10793
-12171
-11879
-9057
-6250
-4230
-2081
757
3338
3746
3351
4047
3784
2010
859
773
706
-70
-170
1540
2852
2673
2940
3885
4020
2340
-278
-1562
-2720
-5637
-8024
-8337
-7768
-7270
-6641
-4433
-1404
405
2123
4297
5658
6124
6044
6197
6133
4416
3145
4048
4631
3516
2677
4046
5774
4354
1974
2149
2141
-430
-3674
-5492
-5590
-6407
-8218
-7835
-5530
-3437
-2087
-516
2522
4575
4267
4334
4624
3473
1351
-426
-759
-1314
-2744
-2647
-1195
125
533
505
1947
2992
1469
-601
-1701
-2351
-4256
-6933
-7294
-6278
-5914
-5081
-3448
-888
1523
2811
4435
5385
4782
4076
3194
1929
-166
-2220
-1494
-198
-947
-969
1604
4715
4897
3272
4072
5305
3203
-146
-1933
-2219
-3206
-5674
-6314
-4476
-3134
-2475
-1110
1151
2957
2953
2709
2928
1869
-75
-1291
-1863
-2660
-3530
-2903
-903
421
1143
2472
4198
5029
3991
2269
1497
550
-1813
-4288
-5086
-4754
-4781
-4595
-3310
-1467
238
1533
2696
3584
3551
3065
2135
593
-1009
-2458
-2523
-1315
-924
-244
2304
5484
7137
6686
7021
8208
6748
3429
537
-1362
-2729
-5447
-7718
-7236
-6166
-5436
-4460
-2760
-278
792
925
1783
1388
-93
-1076
-1771
-2154
-2812
-2757
-660
1101
2008
3408
4911
6349
6002
3909
2820
1736
-859
-3712
-5701
-6185
-6313
-6756
-5790
-3954
-2158
-314
866
2036
2787
2162
1545
912
-298
-1426
-2085
-1223
667
1690
3087
6041
9121
10324
9334
9077
9401
6721
1993
-1705
-3817
-5721
-8861
-11029
-9901
-7789
-6562
-5374
-2890
291
1492
1517
2324
2233
884
-231
-910
-1369
-1904
-1775
-144
1537
2428
3405
4829
6080
5540
3374
2058
1070
-1699
-4987
-6967
-7262
-7102
-7805
-7367
-4971
-2717
-1226
-345
1039
2841
2674
1670
1446
1174
865
-49
-132
2148
3575
3817
5641
8531
10137
9036
7966
8488
6486
2003
-1401
-3647
-5524
-8159
-10334
-9237
-7071
-6183
-4881
-2121
1018
2257
1891
2558
3041
1478
-475
-1299
-1307
-1878
-2674
-1410
986
2068
2738
4210
5611
5465
3628
2080
1237
-1032
-4293
-6114
-6367
-6594
-7167
-6399
-3831
-1622
-540
838
2557
3380
2622
1264
719
8
-1611
-2716
-2675
-1243
842
1994
3789
7156
9844
10289
9421
9293
8502
4911
759
-2264
-4622
-6725
-8851
-9280
-7531
-5695
-3999
-1826
769
2796
3025
2796
2710
1367
-555
-2022
-2825
-3160
-3395
-2422
-152
1688
3179
4868
6155
6550
5261
3227
1830
-126
-3062
-5484
-6332
-6313
-6579
-6371
-4817
-2654
-1240
-768
-145
512
349
-845
-2363
-2855
-2880
-3363
-3373
-2418
393
3669
4944
6799
10055
11928
11299
8964
7608
6270
1948
-2426
-5036
-6683
-7615
-9065
-8668
-5833
-4003
-2527
-633
956
1985
1252
522
362
-1467
-3090
-3007
-2577
-2037
-1234
1017
4380
6022
6908
8411
9184
8520
6115
3600
2237
-390
-3935
-5807
-6363
-6651
-7241
-6855
-4831
-3433
-2871
-1868
-595
239
-99
-576
-262
-341
-940
-1035
-395
370
1493
3420
4827
5861
7440
8601
8524
7109
5846
5057
2791
-265
-2789
-4337
-4982
-6556
-7767
-6875
-5708
-4881
-4338
-3475
-1688
-1045
-1302
-631
-176
-160
60
457
1338
1953
2616
4070
4849
5000
5211
4877
4456
3083
450
-1036
-2131
-4088
-5713
-6712
-6381
-5601
-5604
-4901
-3483
-2022
-993
-972
-353
556
290
-118
-367
-346
51
104
209
1241
3330
4942
5554
7075
9232
9971
8884
7687
7331
5485
2073
-717
-2959
-4641
-6557
-8338
-8137
-7246
-6298
-4934
-3355
-937
726
1169
2226
2681
2065
1568
1033
713
302
-201
177
916
1616
2277
2816
3790
4078
2795
1770
1078
-884
-3238
-5014
-6303
-7182
-7995
-8066
-7228
-5968
-4258
-2990
-1757
-76
826
1276
1399
881
798
890
723
417
740
2980
4753
5087
6632
8944
10023
9011
7423
7071
5283
1286
-2034
-4217
-5767
-7669
-9334
-8489
-6628
-5279
-3614
-1430
1083
2384
2429
3065
3225
2019
931
345
131
-143
-365
757
2405
3224
3667
4444
5134
4370
2192
476
-867
-3438
-6258
-7781
-8439
-8917
-8995
-7918
-5882
-4071
-2468
-643
1027
1936
1905
1834
1804
906
-159
-389
-90
19
722
3313
5730
6625
8176
10595
11625
10025
7852
6837
4444
111
-3731
-6295
-7511
-8869
-10146
-8680
-5879
-3703
-1764
725
3948
5342
4730
4768
4387
2570
499
-1335
-2100
-2482
-3082
-2226
-471
852
2059
3113
4107
4154
2476
893
-404
-2661
-5199
-7262
-8257
-8250
-8509
-8115
-6313
-4374
-2403
-796
636
2333
2964
2967
3020
2455
2070
1685
1209
1302
1603
3089
4681
4965
6125
7893
8331
7285
5478
4483
2959
-462
-3563
-5478
-6290
-6911
-7998
-7116
-4671
-2909
-1283
512
2476
3715
3272
2673
2076
411
-1298
-2569
-3329
-3275
-2884
-1700
277
2167
3907
5041
5712
5922
4381
2119
206
-2472
-5339
-7414
-8732
-8964
-8534
-7508
-5465
-3053
-737
1120
2470
3684
3927
3269
2751
1813
608
-100
-422
-372
53
1692
4054
5175
6235
8400
9651
8841
7128
5935
4149
605
-2899
-5338
-6854
-7940
-9025
-8493
-6247
-4169
-2559
-828
1469
2984
2771
2308
1783
660
-744
-2084
-2715
-2806
-2634
-1536
81
1681
3182
4200
4993
5209
3909
1978
499
-1468
-4204
-6462
-7463
-7619
-7628
-6992
-5081
-2613
-343
1368
2836
4509
5282
4880
4434
3722
2559
1558
868
560
345
972
2864
3998
4493
5976
7463
7477
5889
4390
3573
1413
-1859
-4487
-5724
-6079
-7159
-7720
-5942
-3607
-2095
-1067
454
2291
2419
1276
466
-422
-1771
-3179
-3922
-3786
-3301
-2279
-687
1002
2621
3678
4161
4358
3391
1175
-626
-2192
-4455
-6307
-7146
-7101
-6463
-5707
-4142
-1814
450
2264
3237
4344
5300
4666
3837
3109
1691
543
-490
-1217
-1416
-1391
178
1983
2501
3750
5769
6985
6514
4994
4629
3869
883
-1963
-3603
-4269
-4885
-6162
-5773
-3666
-2190
-1219
-3
1711
2934
2434
1752
1449
247
-1189
-2279
-2984
-2899
-2683
-1989
-341
1045
2137
3119
3853
4172
2913
1279
503
-1162
-3266
-4568
-5144
-4731
-4447
-4079
-2425
-689
606
1498
2167
3025
2716
1746
1333
382
-763
-1502
-2004
-1855
-1913
-1414
677
2174
3021
4648
6370
7228
6393
5295
5042
3434
746
-1409
-2756
-3257
-4356
-5295
-4109
-2537
-1806
-1276
-363
1092
1216
190
62
-168
-1232
-2222
-2744
-2515
-2192
-1908
-709
760
1915
2840
3407
4073
3985
2687
1779
917
-801
-2410
-3505
-3863
-3930
-4294
-3808
-2666
-1713
-967
-507
414
1036
633
542
307
-490
-1108
-1652
-1650
-1507
-1563
-251
1815
3072
4136
5823
7744
8115
6815
6164
5549
3347
646
-1565
-2721
-3442
-4902
-5388
-4146
-3036
-2457
-1957
-912
160
-309
-1004
-1086
-1736
-2607
-3415
-3578
-2946
-2705
-1808
118
1610
2905
3942
4796
5613
5041
3632
2592
1271
-501
-2485
-3896
-4115
-4572
-5056
-4516
-3680
-2707
-1951
-1598
-831
-291
-334
-168
-251
-412
-242
-41
425
684
1130
2835
4287
4827
5690
6977
8094
7673
6066
5343
4525
2223
-357
-2312
-3258
-4123
-5650
-5928
-4924
-4234
-3737
-3122
-2008
-1047
-1192
-1073
-528
-544
-676
-658
-129
729
1077
1833
3152
4088
4616
4711
4778
4596
3179
1448
115
-1436
-3162
-4870
-5824
-5929
-6182
-6172
-5408
-4352
-3124
-2230
-1441
-366
285
770
1216
1295
1410
1527
1804
2252
2273
2533
3629
4650
4816
4798
5622
6218
5115
3509
2669
1706
-166
-2350
-3730
-4099
-4609
-5499
-5488
-4460
-3506
-3007
-2301
-1034
-104
103
459
960
1156
1075
885
967
939
639
839
1353
1450
1325
1376
1650
1444
282
-720
-1173
-1988
-3330
-4569
-4957
-4844
-5034
-5065
-4369
-3110
-1857
-1050
-96
1268
2247
2760
3166
3317
3186
2992
2828
2470
1963
1952
2478
2834
2713
2852
3772
4393
3809
2901
2665
2247
742
-1016
-2018
-2367
-2865
-3637
-3668
-2811
-2052
-1661
-1103
-110
541
543
608
601
197
-236
-614
-897
-1180
-1404
-1129
-593
-297
-127
420
1176
1156
424
51
-30
-656
-1877
-2785
-2898
-2978
-3408
-3556
-2878
-1805
-1259
-908
-51
839
1165
1188
1317
1306
970
749
678
429
283
661
1455
2059
2340
3051
4170
4717
4350
3842
3845
3435
1905
422
-292
-861
-1777
-2761
-2851
-2314
-2125
-1967
-1390
-571
-116
-143
107
294
-156
-533
-657
-749
-852
-931
-526
103
403
725
1358
1943
1811
1121
777
444
-757
-2152
-2941
-3368
-3931
-4648
-4582
-3710
-3084
-2771
-1966
-595
394
725
1227
2015
2286
1981
1735
1794
1831
1495
1338
1907
2407
2478
2942
3836
4286
3983
3680
3714
3131
1798
565
-325
-1101
-2232
-3328
-3420
-3153
-3249
-3150
-2487
-1538
-1166
-1252
-837
-455
-738
-1103
-1187
-1062
-1101
-1163
-744
-63
478
977
1531
1871
1818
1456
1025
355
-822
-1996
-2716
-3390
-4055
-4324
-3972
-3084
-2357
-1596
-381
703
1460
1789
1920
2129
1731
1080
773
483
312
204
605
1674
2302
2848
3980
4860
5102
4826
4606
4437
3238
1684
662
-208
-1084
-2199
-2912
-2664
-2479
-2604
-2454
-1976
-1444
-1449
-1570
-1360
-1430
-1552
-1517
-1509
-1231
-828
-307
488
1192
1831
2472
2893
2961
2537
1952
1463
509
-697
-1567
-2276
-2878
-3334
-3532
-3167
-2631
-2227
-1650
-973
-278
162
284
516
600
474
421
255
238
470
663
1343
2224
2737
3395
4274
4969
4945
4349
4071
3548
2142
607
-705
-1644
-2632
-3881
-4504
-4440
-4359
-4402
-4238
-3550
-2857
-2591
-2157
-1590
-1229
-838
-556
-208
215
569
1124
1622
1915
2235
2498
2663
2487
1809
1344
851
-164
-1182
-2035
-2585
-2912
-3371
-3310
-2716
-2243
-1647
-965
-90
875
1248
1594
2075
2133
2025
1809
1660
1719
1486
1538
2274
2805
3043
3414
4070
4579
4174
3516
3232
2484
1006
-652
-1832
-2472
-3485
-4586
-4677
-4194
-3835
-3609
-3000
-1808
-1129
-1070
-614
-119
-7
-139
-365
-150
-46
-206
202
686
1049
1339
1387
1704
1659
929
396
-236
-1129
-2116
-3072
-3234
-3325
-3722
-3287
-2556
-1815
-941
-374
543
1352
1485
1727
1832
1699
1505
1060
1078
1068
704
1161
1831
2154
2550
3007
3727
4033
3460
3114
2999
2357
1281
120
-423
-854
-1860
-2447
-2379
-2217
-2156
-2312
-2082
-1441
-1372
-1470
-1200
-980
-903
-988
-864
-471
-389
-164
427
736
1044
1386
1470
1631
1366
837
552
-25
-663
-1239
-1843
-2013
-2291
-2578
-2168
-1889
-1694
-1183
-772
-204
41
-20
321
338
116
32
-133
62
70
-108
607
1364
1723
2339
3094
3896
4093
3616
3537
3301
2310
1133
80
-497
-1227
-2414
-2858
-2779
-2843
-2885
-2908
-2366
-1744
-1813
-1549
-958
-649
-472
-457
-49
485
549
980
1604
1939
2316
2381
2479
2544
1858
1241
670
-296
-1166
-2140
-2730
-2931
-3490
-3557
-3147
-2841
-2297
-1802
-1151
-278
3
383
891
909
979
978
1009
1226
1119
1243
1891
2315
2576
2902
3410
3867
3542
3028
2891
2327
1138
-40
-806
-1354
-2190
-2964
-3022
-2729
-2519
-2399
-2028
-1217
-764
-712
-301
198
373
425
602
983
1233
1317
1606
1826
1874
1814
1444
1145
652
-262
-862
-1460
-2311
-2927
-3412
-3561
-3490
-3518
-3042
-2387
-1847
-1145
-700
-208
315
318
551
730
475
546
610
663
866
861
1257
1853
2057
2369
2641
3009
3278
2763
2421
2381
1758
988
300
-190
-471
-1103
-1633
-1666
-1623
-1569
-1584
-1421
-928
-790
-779
-435
-211
-131
-39
76
283
339
361
554
637
631
574
471
445
154
-356
-577
-792
-1200
-1582
-1884
-1952
-2027
-2088
-1846
-1612
-1383
-1094
-923
-611
-370
-363
-99
100
66
138
237
498
728
787
1187
1713
2081
2365
2526
3029
3498
3277
3030
2982
2719
2146
1391
817
468
-119
-811
-1229
-1402
-1490
-1687
-1685
-1341
-1212
-1252
-1066
-875
-802
-780
-754
-549
-428
-539
-425
-187
-36
-9
-87
113
211
-198
-478
-631
-880
-1210
-1763
-1951
-1906
-2183
-2257
-2104
-1852
-1500
-1402
-1099
-621
-418
-135
150
425
703
638
762
1073
1059
1168
1463
1822
2202
2364
2766
3343
3514
3488
3468
3390
3089
2327
1562
1061
410
-347
-941
-1249
-1377
-1595
-1762
-1583
-1330
-1225
-1164
-1029
-795
-752
-860
-670
-450
-438
-337
-113
241
453
407
546
594
324
-22
-462
-765
-1188
-1905
-2236
-2420
-2702
-2756
-2668
-2231
-1707
-1471
-989
-404
-32
249
368
616
784
606
681
885
966
1151
1400
1854
2307
2572
2943
3276
3374
3252
2992
2767
2285
1461
794
251
-347
-1002
-1481
-1633
-1774
-1964
-2025
-1933
-1691
-1572
-1546
-1339
-1109
-1007
-932
-729
-455
-234
-61
171
480
669
767
924
917
710
360
-21
-319
-815
-1330
-1542
-1751
-1932
-1998
-2001
-1725
-1530
-1454
-1127
-793
-472
-307
-255
132
374
354
548
848
1209
1454
1588
2060
2550
2765
2913
3087
3316
3213
2802
2532
2245
1709
999
352
-90
-624
-1265
-1643
-1842
-1977
-2124
-2173
-1872
-1560
-1416
-1237
-926
-593
-507
-464
-161
72
76
70
190
368
356
201
210
248
38
-314
-561
-690
-956
-1306
-1461
-1445
-1428
-1453
-1333
-1013
-715
-529
-301
41
342
403
475
699
755
723
775
952
1177
1180
1319
1774
2106
2253
2401
2668
2878
2638
2211
1993
1644
986
210
-373
-710
-1210
-1739
-1922
-1892
-1908
-1990
-1851
-1487
-1276
-1190
-947
-619
-505
-578
-485
-253
-203
-264
-172
110
214
21
-10
128
62
-277
-641
-753
-912
-1373
-1719
-1699
-1627
-1730
-1765
-1455
-1113
-1025
-860
-456
-92
-11
20
302
577
597
585
863
1280
1433
1593
2083
2619
2895
2939
3101
3398
3309
2860
2500
2215
1715
912
242
-128
-578
-1106
-1450
-1568
-1579
-1691
-1726
-1485
-1297
-1265
-1172
-956
-772
-763
-658
-374
-191
-93
38
286
515
427
272
295
223
-102
-509
-745
-901
-1301
-1690
-1782
-1768
-1808
-1868
-1715
-1389
-1206
-1081
-802
-546
-384
-290
-142
174
363
457
753
1125
1435
1757
2119
2565
2921
3019
3150
3290
3225
2984
2614
2313
1948
1274
683
279
-200
-660
-1068
-1302
-1340
-1522
-1638
-1510
-1416
-1333
-1252
-1117
-877
-838
-806
-612
-479
-389
-378
-340
-218
-273
-363
-325
-343
-473
-684
-841
-916
-1070
-1255
-1361
-1376
-1385
-1415
-1371
-1247
-1086
-958
-836
-620
-415
-278
-133
-9
164
340
440
656
900
1111
1392
1683
2039
2364
2530
2712
2846
2813
2712
2486
2182
1812
1269
748
319
-113
-502
-869
-1131
-1228
-1302
-1333
-1247
-1117
-965
-833
-748
-616
-478
-446
-433
-387
-402
-430
-484
-538
-543
-610
-674
-684
-720
-749
-816
-867
-845
-921
-1009
-974
-942
-899
-821
-773
-653
-498
-420
-303
-160
-27
99
163
346
576
694
872
1100
1328
1566
1723
1914
2199
2354
2395
2449
2465
2427
2272
2008
1793
1538
1137
728
367
18
-338
-700
-946
-1094
-1298
-1430
-1452
-1489
-1471
-1446
-1422
-1302
-1230
-1208
-1091
-983
-891
-815
-759
-617
-541
-557
-462
-367
-363
-357
-448
-543
-581
-717
-828
-875
-978
-1054
-1122
-1151
-1075
-1059
-1016
-827
-667
-501
-289
-57
290
542
731
1094
1431
1703
2013
2291
2626
2887
2976
3102
3189
3155
2995
2681
2335
1939
1362
786
290
-199
-633
-1040
-1343
-1515
-1696
-1810
-1770
-1671
-1552
-1431
-1270
-1078
-975
-887
-759
-701
-720
-783
-855
-887
-946
-1017
-1010
-980
-975
-1001
-1024
-1000
-990
-988
-956
-930
-919
-899
-908
-888
-818
-772
-683
-572
-464
-286
-30
278
578
857
1205
1536
1802
2078
2361
2636
2843
2934
3049
3219
3222
3043
2858
2662
2333
1811
1240
765
278
-286
-813
-1150
-1350
-1576
-1748
-1716
-1552
-1428
-1317
-1129
-921
-850
-860
-806
-742
-799
-969
-1058
-1051
-1111
-1170
-1133
-1019
-929
-961
-922
-787
-730
-726
-726
-676
-622
-686
-685
-583
-570
-563
-479
-308
-79
83
295
638
917
1139
1385
1652
1896
1950
1953
2055
2054
1898
1727
1590
1471
1255
973
824
682
430
206
85
46
-59
-244
-307
-325
-437
-549
-591
-555
-561
-675
-721
-694
-757
-890
-1029
-1114
-1228
-1466
-1616
-1652
-1695
-1713
-1690
-1536
-1299
-1135
-895
-549
-244
17
241
476
702
740
693
673
558
396
205
40
-17
-115
-209
-150
-20
128
308
520
798
1037
1184
1360
1497
1572
1577
1512
1488
1416
1238
1123
1029
883
788
691
636
583
439
324
260
156
53
-63
-169
-252
-419
-571
-648
-761
-857
-968
-1108
-1182
-1320
-1451
-1487
-1545
-1553
-1505
-1449
-1305
-1165
-1026
-787
-578
-392
-206
-78
49
81
24
3
-71
-204
-336
-476
-560
-621
-680
-619
-497
-366
-168
55
326
624
858
1091
1284
1400
1498
1544
1549
1536
1438
1355
1312
1239
1179
1148
1134
1123
1076
1026
992
915
793
630
456
296
68
-165
-343
-554
-768
-938
-1047
-1099
-1147
-1163
-1134
-1103
-1067
-1006
-917
-818
-763
-707
-608
-537
-501
-458
-427
-400
-397
-416
-399
-388
-413
-426
-408
-369
-370
-377
-319
-237
-152
-43
93
263
427
546
697
865
998
1070
1094
1104
1116
1096
1073
1059
1029
991
941
914
887
828
777
742
691
615
504
378
219
16
-181
-382
-608
-827
-1050
-1267
-1458
-1623
-1735
-1800
-1835
-1813
-1748
-1668
-1564
-1460
-1349
-1213
-1106
-997
-859
-726
-592
-498
-446
-359
-286
-233
-147
-70
5
97
195
327
463
583
714
836
958
1062
1126
1208
1297
1345
1392
1464
1537
1582
1574
1559
1565
1549
1525
1500
1459
1405
1318
1203
1104
976
810
653
484
308
135
-61
-276
-471
-675
-878
-1052
-1198
-1313
-1423
-1508
-1525
-1531
-1540
-1514
-1454
-1363
-1284
-1216
-1103
-1006
-942
-872
-777
-663
-565
-472
-354
-231
-130
-27
78
193
282
344
427
502
544
548
532
538
538
527
545
583
626
673
705
758
831
873
919
973
1003
1008
956
882
789
642
485
330
157
-6
-136
-244
-334
-458
-601
-720
-834
-941
-1044
-1154
-1238
-1305
-1385
-1410
-1369
-1289
-1172
-1040
-857
-664
-503
-339
-179
-54
40
85
103
103
43
-20
-64
-99
-102
-69
-4
88
157
230
317
366
405
444
472
493
492
485
513
566
644
765
897
1060
1211
1342
1489
1587
1641
1649
1602
1526
1402
1213
1011
805
567
346
111
-109
-289
-461
-606
-740
-858
-960
-1055
-1136
-1205
-1274
-1322
-1339
-1349
-1352
-1337
-1312
-1247
-1183
-1120
-1040
-967
-903
-855
-822
-778
-748
-723
-687
-654
-604
-513
-407
-289
-160
-36
103
240
359
471
569
654
721
775
828
871
900
921
940
976
1038
1108
1169
1220
1266
1278
1254
1214
1152
1064
955
846
743
647
547
444
343
255
173
95
26
-49
-134
-215
-304
-411
-523
-631
-728
-807
-867
-907
-906
-885
-836
-766
-698
-635
-582
-545
-525
-519
-549
-583
-619
-658
-686
-705
-713
-687
-625
-543
-438
-317
-182
-34
98
201
292
372
448
524
583
628
655
676
714
737
764
787
781
764
728
677
612
536
450
346
224
108
32
-49
-114
-158
-191
-208
-223
-231
-224
-231
-269
-320
-383
-449
-537
-625
-687
-748
-814
-870
-903
-901
-882
-833
-781
-741
-683
-597
-514
-431
-363
-307
-221
-145
-69
19
100
205
312
391
468
536
578
623
664
714
748
752
776
807
825
867
912
942
948
937
965
998
1015
1041
1056
1044
1018
934
838
752
625
484
334
157
-12
-176
-336
-476
-620
-762
-882
-985
-1051
-1085
-1109
-1110
-1119
-1120
-1117
-1129
-1116
-1067
-1018
-953
-879
-817
-732
-633
-513
-378
-247
-98
41
162
254
312
348
367
351
327
300
252
223
194
172
187
197
230
290
343
416
499
578
652
717
784
841
885
916
921
910
888
838
765
681
558
408
240
73
-80
-252
-419
-569
-688
-781
-870
-915
-920
-905
-883
-837
-773
-717
-659
-612
-582
-555
-532
-504
-469
-428
-370
-304
-235
-165
-91
-14
55
111
156
176
173
155
113
53
-19
-78
-141
-203
-228
-217
-175
-89
6
102
225
350
476
605
711
810
901
960
1000
1020
1035
1044
1001
928
830
700
563
411
248
92
-72
-232
-398
-549
-650
-728
-765
-773
-766
-734
-712
-708
-708
-722
-727
-718
-715
-707
-687
-649
-602
-543
-460
-361
-251
-124
-10
96
207
298
344
358
358
337
298
243
178
129
91
72
93
146
216
311
414
514
614
703
787
853
897
935
958
949
925
894
852
799
731
638
527
413
300
195
99
-3
-109
-205
-294
-375
-437
-492
-545
-579
-606
-643
-686
-731
-770
-791
-803
-811
-826
-833
-813
-779
-737
-677
-591
-504
-418
-329
-236
-155
-95
-54
-42
-49
-62
-94
-123
-139
-154
-152
-138
-104
-39
31
99
171
241
304
363
419
475
531
580
628
665
676
682
673
649
623
586
545
472
364
258
147
30
-67
-144
-208
-262
-303
-310
-304
-298
-287
-274
-257
-265
-299
-339
-380
-424
-476
-539
-600
-620
-622
-602
-547
-472
-387
-305
-210
-102
-20
40
91
119
121
101
67
30
-8
-50
-74
-73
-57
-10
59
150
256
363
472
585
703
797
871
926
961
967
951
924
870
785
690
583
486
384
282
202
121
38
-29
-84
-130
-165
-189
-185
-193
-214
-226
-256
-309
-367
-417
-453
-492
-544
-586
-611
-621
-609
-580
-541
-508
-454
-371
-275
-192
-137
-90
-39
-1
27
47
39
25
-5
-41
-61
-81
-79
-53
-18
17
62
128
206
291
367
442
501
538
573
583
581
553
492
431
351
256
155
52
-36
-112
-174
-237
-296
-333
-359
-376
-371
-352
-343
-351
-375
-397
-421
-453
-482
-497
-511
-529
-538
-551
-553
-540
-515
-476
-439
-392
-337
-285
-220
-176
-133
-83
-42
4
46
83
113
138
160
174
191
207
228
254
299
362
429
503
578
638
703
780
832
857
863
858
842
805
765
715
654
575
473
378
284
179
94
26
-22
-50
-73
-101
-127
-158
-202
-235
-268
-294
-326
-380
-434
-491
-535
-555
-570
-569
-546
-531
-513
-478
-437
-391
-348
-311
-279
-244
-213
-182
-152
-135
-112
-76
-48
-22
-1
18
38
66
119
171
208
250
290
327
371
436
502
533
547
549
546
532
504
474
437
394
352
298
236
175
110
76
44
17
-1
-39
-84
-120
-159
-181
-217
-259
-284
-336
-381
-422
-475
-499
-521
-540
-546
-561
-563
-544
-532
-512
-472
-423
-373
-333
-303
-270
-248
-235
-219
-196
-157
-120
-89
-61
-36
-9
28
65
102
144
194
243
278
324
374
410
459
505
544
572
571
563
558
538
511
488
453
402
354
312
278
239
200
172
137
105
64
20
-22
-62
-91
-122
-161
-207
-257
-313
-351
-375
-397
-412
-424
-428
-413
-403
-389
-366
-338
-315
-299
-284
-266
-236
-215
-201
-172
-136
-105
-86
-60
-21
19
67
111
157
207
245
274
308
337
353
382
413
440
459
464
461
438
402
364
328
294
247
202
168
133
82
34
-11
-48
-82
-118
-141
-163
-189
-215
-227
-234
-251
-265
-273
-281
-289
-304
-325
-328
-322
-321
-312
-293
-267
-247
-236
-223
-205
-200
-197
-177
-154
-140
-125
-102
-74
-45
-26
-1
43
86
134
188
237
285
325
358
387
404
418
413
407
405
382
357
332
304
283
267
250
231
200
167
145
120
86
57
31
16
-2
-31
-55
-70
-92
-122
-156
-187
-211
-254
-291
-315
-338
-348
-355
-361
-364
-360
-354
-343
-320
-306
-285
-260
-233
-205
-179
-146
-125
-112
-105
-91
-71
-56
-40
-4
29
55
87
122
163
198
219
249
292
316
327
334
331
323
309
298
293
282
263
239
218
197
158
116
88
70
47
26
15
-1
-34
-62
-93
-131
-166
-189
-205
-218
-236
-260
-274
-280
-282
-279
-262
-238
-216
-197
-183
-177
-167
-151
-133
-111
-90
-73
-56
-43
-21
14
47
76
101
124
152
169
188
212
239
267
287
315
349
377
403
427
444
456
446
423
401
369
337
302
257
217
173
134
97
45
-11
-48
-76
-114
-157
-198
-225
-257
-295
-328
-351
-370
-399
-433
-454
-457
-455
-455
-458
-446
-429
-425
-417
-394
-358
-326
-301
-262
-242
-239
-228
-212
-189
-155
-125
-96
-56
-27
-1
33
54
85
136
184
223
248
282
320
350
379
396
404
407
415
419
427
427
410
385
361
333
301
271
246
228
214
192
171
144
117
98
68
33
6
-14
-48
-85
-112
-131
-149
-168
-182
-199
-193
-192
-202
-205
-208
-217
-215
-212
-222
-216
-217
-208
-191
-183
-163
-149
-139
-113
-86
-65
-34
-23
-21
-14
-2
14
29
47
63
75
83
96
101
100
103
106
113
112
105
107
107
99
94
92
83
77
68
59
34
-1
-20
-33
-50
-52
-56
-65
-76
-93
-110
-129
-146
-149
-147
-135
-127
-122
-122
-125
-114
-105
-79
-52
-40
-35
-28
-19
-10
-6
1
6
10
21
37
51
70
89
108
133
153
164
177
187
193
188
177
163
151
158
168
181
191
198
198
181
168
153
141
138
128
105
87
56
25
2
-20
-33
-51
-78
-108
-126
-139
-160
-174
-170
-160
-158
-161
-177
-198
-214
-227
-229
-231
-235
-234
-225
-216
-202
-183
-171
-159
-150
-146
-136
-119
-114
-106
-94
-78
-63
-54
-36
-11
15
40
60
88
118
139
153
160
149
140
129
114
116
131
141
150
152
150
151
146
136
134
133
129
126
123
121
115
105
106
106
94
78
64
51
46
41
29
25
19
7
-9
-24
-32
-43
-54
-50
-55
-67
-67
-75
-71
-49
-47
-41
-42
-49
-53
-66
-65
-56
-54
-57
-62
-66
-63
-66
-52
-38
-34
-19
-4
-9
-11
-2
0
6
2
-12
-9
-8
-4
-15
-26
-33
-36
-42
-36
-25
-24
-26
-27
-15
-11
-10
-2
8
8
-7
-13
-3
-3
-5
8
23
35
27
17
7
8
9
3
4
-7
-6
9
16
22
29
25
26
25
20
19
15
10
6
4
-1
-4
-4
2
9
16
24
22
26
31
32
30
32
37
38
39
27
17
5
-3
1
3
1
-8
-22
-29
-27
-24
-21
-24
-29
-21
-18
-19
-29
-43
-59
-74
-79
-64
-46
-43
-30
-4
8
-4
-12
-17
-23
-20
-20
-23
-29
-29
-24
-21
-26
-17
-1
8
23
33
34
39
53
61
66
71
74
76
72
64
59
54
47
41
32
28
32
32
38
34
23
26
21
19
21
13
9
8
0
-11
-19
-17
-8
1
9
14
21
18
0
-23
-35
-49
-52
-43
-29
-16
-7
0
-1
4
-3
-13
-10
-9
-14
-24
-39
-40
-39
-44
-43
-41
-48
-45
-43
-44
-41
-44
-43
-42
-42
-44
-36
-28
-29
-35
-36
-29
-17
2
23
26
21
30
38
43
53
51
48
53
52
49
44
30
23
22
24
34
33
14
-6
-10
-11
-14
-16
-9
4
19
39
50
47
31
13
4
-3
-17
-12
-7
-9
-11
-3
11
21
28
28
20
6
-10
-23
-33
-41
-45
-41
-33
-33
-16
-2
-5
-11
-24
-36
-36
-32
-22
-1
7
10
18
21
30
34
31
35
35
33
22
8
-5
-10
-8
2
10
11
10
6
1
-6
-22
-30
-29
-33
-32
-24
-5
7
6
-2
-4
-1
-2
-5
4
5
-6
-16
-12
-5
-6
-12
-13
-14
-18
-19
-28
-26
-30
-36
-34
-28
-13
-3
4
23
36
35
36
35
37
42
41
59
68
58
54
52
63
71
71
79
79
70
59
40
17
6
6
5
-4
-20
-28
-36
-39
-28
-20
-31
-37
-41
-56
-56
-53
-56
-55
-42
-21
-14
-16
-20
-15
-19
-20
-21
-27
-26
-32
-36
-43
-56
-67
-67
-70
-70
-55
-42
-35
-31
-24
-14
-6
2
14
29
36
36
33
31
35
41
42
35
39
44
47
51
52
48
47
38
20
9
-1
-15
-16
-6
-6
-11
-18
-17
-18
-15
1
13
13
2
-8
-16
-27
-29
-20
-20
-19
-8
0
16
18
15
21
21
16
11
5
3
1
0
10
10
2
8
14
18
24
23
14
11
12
18
19
18
20
25
24
18
14
9
5
3
5
6
11
6
-1
-5
-12
-5
7
13
13
18
30
33
35
30
25
21
7
-3
-10
-17
-15
-11
-11
-12
-12
-7
-6
-11
-15
-21
-25
-38
-45
-42
-33
-29
-27
-27
-30
-35
-43
-42
-29
-11
2
11
9
5
1
-13
-22
-36
-43
-36
-32
-32
-31
-19
-10
-19
-28
-24
-10
0
-3
0
-5
-10
-10
-11
0
12
26
40
47
49
47
53
61
63
51
36
23
15
5
-11
-15
-20
-27
-41
-45
-33
-27
-18
-3
10
10
5
8
13
20
17
4
-9
-8
0
5
1
5
9
10
10
9
22
26
29
32
19
4
-8
-19
-25
-26
-30
-30
-23
-12
-4
-3
8
16
17
17
16
18
22
23
28
33
40
43
41
48
58
56
55
55
40
27
12
1
0
-10
-21
-22
-18
-16
-15
-10
-5
-1
-6
-16
-22
-20
-24
-31
-31
-26
-12
-7
-10
-13
-10
-10
-13
-13
-5
-4
-3
-3
-1
-3
-19
-27
-29
-34
-36
-35
-42
-48
-48
-38
-33
-36
-32
-24
-14
-6
-13
-20
-17
-3
20
44
55
52
44
29
13
-8
-18
-12
-13
-11
-4
-3
-4
-1
-2
-4
-3
-7
-4
0
5
8
2
2
7
6
-3
1
11
11
14
21
23
27
26
20
15
12
10
0
0
11
11
8
8
8
16
21
14
8
4
-9
-26
-32
-22
-14
-14
-10
-17
-15
-3
5
15
16
7
6
4
0
-2
-7
-7
8
24
33
31
21
12
3
-1
-6
-1
14
22
17
14
17
21
15
3
2
-6
-2
6
9
15
4
-4
-11
-12
-16
-33
-49
-51
-42
-36
-23
-19
-11
10
20
25
26
21
27
27
16
13
12
7
8
14
22
25
25
20
19
9
6
11
6
-2
-2
2
1
3
-2
0
5
4
2
1
-7
-23
-31
-42
-55
-52
-46
-41
-44
-45
-44
-42
-48
-53
-51
-52
-51
-49
-38
-19
-8
5
12
8
20
33
30
30
29
21
19
15
7
7
13
17
16
11
1
-8
-7
0
2
13
29
35
41
44
51
50
42
32
19
13
5
-8
-21
-21
-13
-11
2
7
7
15
15
22
14
1
1
10
15
14
12
14
17
16
18
17
14
12
1
-3
-9
-27
-51
-71
-67
-53
-47
-45
-46
-43
-39
-35
-28
-13
-4
-10
-19
-20
-19
-11
-3
3
11
7
6
5
11
18
30
42
43
44
45
47
51
54
50
45
52
64
71
70
59
47
35
23
8
-10
-15
-12
-13
-11
-4
-5
-15
-24
-33
-34
-35
-42
