-7
-17
-19
-12
-23
-26
-4
31
36
21
17
4
-8
-1
9
6
-10
-9
19
27
28
38
36
36
46
46
43
34
21
14
13
39
72
76
56
60
64
54
52
59
49
14
5
21
24
-1
-7
-1
-16
-32
-29
-28
-61
-102
-95
-71
-64
-66
-66
-80
-103
-106
-108
-129
-114
-83
-65
-62
-60
-62
-79
-85
-79
-63
-51
-48
-36
-23
-15
5
19
18
20
39
50
54
59
49
27
10
10
16
4
7
8
-2
-5
-7
-7
-7
-9
-4
14
35
54
64
60
56
64
65
48
43
51
56
53
81
117
107
90
92
101
80
63
54
35
5
12
31
8
-27
-43
-43
-49
-38
-31
-37
-53
-50
-34
-43
-55
-49
-70
-86
-69
-46
-41
-63
-50
-25
-17
-14
8
14
-12
-20
-7
-23
-52
-55
-49
-45
-23
31
55
31
17
10
-15
-24
-20
-24
-36
-19
30
58
61
71
88
72
45
54
48
13
-7
18
39
36
28
30
28
-1
27
78
77
54
38
35
22
16
29
29
17
16
25
34
31
6
-23
-54
-60
-52
-54
-38
-25
-31
-39
-18
-3
-25
-49
-38
-7
-13
-31
-35
-47
-74
-73
-33
-14
-24
-18
0
5
-10
-13
-7
-18
-42
-50
-34
-14
9
31
43
38
40
32
3
-25
-39
-47
-40
-34
-46
-54
-60
-36
-20
-13
9
16
2
-8
7
-9
-43
-67
-81
-80
-64
-22
9
3
-13
-12
-13
-16
-17
1
18
24
44
75
93
72
59
56
55
48
54
66
61
54
60
75
68
53
32
34
40
26
23
27
38
36
47
60
36
10
3
18
34
35
47
54
35
26
20
10
-23
-49
-55
-48
-48
-58
-59
-57
-48
-40
-20
-14
-13
-18
-25
-34
-53
-56
-63
-70
-90
-87
-65
-36
-18
-19
-15
-26
-17
-10
-8
-5
-2
3
26
46
51
41
32
26
17
22
18
23
33
42
50
61
73
70
60
59
64
62
48
31
12
-4
-10
-9
-9
-13
-11
-18
-13
6
10
-1
-10
-14
-18
0
7
4
-7
-19
-19
-25
-35
-58
-64
-69
-69
-58
-59
-62
-66
-61
-36
-24
-25
-34
-37
-38
-38
-40
-42
-51
-56
-48
-49
-26
-2
17
17
21
46
51
62
67
52
10
-21
-17
-11
-13
-15
-10
1
3
8
24
24
22
16
14
17
10
18
24
8
6
3
5
12
12
27
27
34
33
23
19
14
26
31
4
-14
-2
25
47
64
58
27
10
5
9
12
6
-6
-3
6
-3
4
19
14
9
10
11
-1
5
19
22
19
14
31
47
53
51
40
33
39
36
33
26
16
4
-15
-13
-2
-4
1
21
41
39
6
-11
-35
-59
-81
-81
-69
-65
-63
-54
-54
-67
-58
-47
-26
-27
-38
-44
-39
-42
-66
-72
-69
-57
-33
-19
-9
-3
-12
-26
-29
-29
-26
-31
-20
-5
7
27
36
36
20
4
21
27
18
2
4
17
21
31
42
40
34
37
31
16
8
0
-3
3
11
19
11
3
20
34
30
15
10
19
14
17
18
15
11
-2
2
12
22
34
41
39
29
13
-2
-8
-12
-41
-71
-77
-68
-63
-55
-40
-34
-50
-62
-63
-57
-75
-85
-59
-40
-18
6
29
42
47
53
53
56
59
55
60
65
64
66
49
26
24
30
28
36
55
56
41
42
41
19
10
12
18
11
-6
-26
-51
-70
-63
-38
-27
-20
-3
16
30
36
50
39
14
6
12
6
-13
-23
-36
-56
-57
-39
-18
4
23
45
48
30
20
16
-4
-31
-28
-26
-38
-20
4
23
30
51
66
62
51
30
23
-2
-40
-56
-54
-60
-74
-62
-45
-48
-38
-12
11
18
12
27
26
-2
-24
-23
-18
-33
-53
-58
-59
-63
-56
-36
-23
-25
-29
-25
-12
-5
-2
6
28
31
23
18
35
36
3
8
33
36
22
27
48
26
-13
-17
-1
-8
-17
-10
-24
-48
-69
-56
-36
-52
-47
-28
-30
-47
-49
-28
-23
-24
3
35
40
35
28
24
18
12
21
31
22
10
5
8
23
28
19
24
52
87
99
99
102
79
32
26
39
20
-16
-32
-30
-49
-64
-37
-2
8
32
68
86
69
55
54
16
-34
-57
-74
-90
-88
-59
-1
32
59
99
112
106
109
94
54
24
11
-10
-34
-27
-10
-4
11
40
51
44
42
55
60
37
24
24
1
-19
-9
-11
-44
-71
-76
-100
-147
-178
-178
-167
-154
-127
-86
-61
-52
-24
-3
-5
-17
-36
-47
-58
-73
-89
-106
-118
-121
-100
-57
-9
31
61
85
93
65
59
60
44
37
29
27
30
28
33
41
51
76
94
80
62
49
35
12
9
23
26
24
21
20
18
14
14
31
53
60
48
26
1
-30
-55
-63
-67
-48
-26
-14
0
20
33
24
28
32
11
-19
-21
-20
-22
-22
-19
-13
-20
-10
4
5
-18
-42
-53
-59
-57
-45
-17
-6
-5
-2
4
-3
-19
-30
-22
6
33
50
49
44
37
31
25
14
16
13
20
33
30
36
45
61
77
73
71
60
48
27
-6
-19
-27
-25
-9
8
15
28
52
54
43
38
19
-16
-43
-50
-60
-89
-99
-72
-44
-25
14
51
52
21
0
-6
-32
-58
-61
-42
-26
-13
26
55
52
50
55
43
11
-20
-37
-63
-88
-90
-85
-86
-89
-77
-56
-41
-13
31
34
16
6
-21
-48
-57
-37
-18
-4
7
9
4
8
11
3
10
9
22
56
54
24
8
-11
-3
16
31
38
18
-15
-26
-18
-28
-57
-78
-81
-81
-76
-55
-15
14
11
13
29
31
17
15
32
32
34
51
55
50
37
48
62
52
58
54
38
24
-3
-1
14
32
54
80
104
97
79
41
-11
-62
-103
-117
-116
-115
-96
-57
-33
-24
3
45
64
61
76
89
78
55
45
34
-17
-60
-50
-30
-38
-53
-26
3
-1
5
23
30
30
38
50
49
37
36
30
-10
-44
-62
-90
-107
-107
-100
-81
-61
-14
51
81
87
100
98
82
72
56
50
47
33
17
1
-22
-56
-77
-73
-52
-29
-13
3
-6
-32
-43
-43
-45
-62
-66
-45
-33
-24
-1
23
29
18
0
-15
-44
-89
-104
-87
-71
-54
-15
31
46
46
37
24
19
8
41
70
73
68
65
56
-1
-30
-44
-47
-38
-17
20
42
42
34
19
-12
-32
-41
-32
-20
-9
5
14
-5
-42
-67
-99
-112
-91
-43
2
33
51
67
92
75
55
51
37
10
-7
-5
-12
-27
-30
-17
0
15
15
26
28
18
15
24
34
25
34
41
20
0
-12
-21
-25
-22
-7
22
28
19
23
22
7
-7
-10
-1
10
39
72
98
107
101
91
61
24
-23
-47
-51
-52
-45
-26
-4
-9
-24
-40
-51
-70
-80
-53
-7
24
52
77
65
9
-48
-71
-92
-111
-74
-17
8
29
44
27
-19
-49
-46
-17
-7
-2
24
52
54
27
15
-16
-64
-82
-56
-7
3
-5
-11
-13
-15
-39
-37
-9
16
29
41
79
64
29
18
30
30
5
18
16
5
-16
-29
-17
-30
-52
-61
-47
-31
-7
21
13
0
-8
-9
-31
-61
-36
-45
-24
13
27
32
24
57
39
8
-18
-39
-53
-71
-41
-37
-32
16
55
71
58
24
-25
-25
7
11
-15
-41
-37
-25
-58
-95
-108
-99
-87
-62
-3
26
38
72
109
126
124
110
91
74
75
91
91
61
34
15
-12
-3
45
89
90
102
94
48
-5
-58
-118
-139
-106
-62
-50
-66
-38
-26
-51
-60
-17
10
37
60
89
74
5
11
28
33
36
89
126
108
110
114
138
75
95
114
67
60
63
87
17
18
10
-13
-35
-49
18
-7
44
98
93
20
-82
-46
-79
-65
-65
-84
-93
-173
-161
-205
-200
-143
-131
-103
-51
44
73
75
52
0
-41
-95
-86
-107
-122
-94
-141
-163
-155
-153
-182
-214
-208
-181
-146
-102
-43
-5
12
25
62
80
90
79
80
50
-8
-19
2
54
43
136
234
185
144
96
-14
-149
-124
-51
-19
-12
60
129
42
36
84
103
71
21
27
15
22
18
-7
-28
-60
-49
-51
-14
31
27
75
145
236
283
273
281
263
239
215
195
112
-15
-29
2
-13
-127
-126
-53
-46
-57
-108
-105
-143
-208
-257
-297
-253
-236
-231
-216
-161
-84
-80
-44
-43
-16
-35
-30
60
29
-3
-26
49
5
-10
104
168
135
-12
18
17
-85
-89
-13
-19
-62
39
143
221
307
347
312
251
231
242
235
262
333
274
118
12
-3
-45
-130
-127
-107
-167
-167
-69
-32
-84
-118
-131
-198
-273
-304
-269
-250
-164
-96
-56
-5
4
74
27
31
94
137
106
98
155
106
90
11
-118
-168
-120
-83
-95
-47
-35
-126
-168
-83
-66
-108
-119
-45
1
-43
-13
51
52
-52
-46
9
-17
-29
34
123
129
98
124
112
48
41
33
-14
-72
-69
-14
-4
29
149
104
30
60
60
0
-23
5
-26
-57
-20
31
26
52
55
73
31
-63
-104
-199
-212
-136
-83
-77
-62
-19
-22
-75
-54
-45
-66
-61
21
85
111
157
138
80
-30
-63
-72
-63
-20
74
108
4
29
24
-4
-17
6
15
-45
-32
-25
-21
-45
5
25
9
66
129
168
142
112
59
-10
-63
-17
83
115
172
215
192
150
124
123
42
-5
44
42
-13
-20
43
11
-8
1
-2
-17
4
36
8
-29
-130
-186
-229
-204
-107
-67
-30
12
58
19
20
-2
-55
-89
-129
-91
-44
-7
37
100
68
50
87
88
66
61
82
88
114
139
164
161
161
137
128
114
102
109
37
-54
-159
-229
-294
-334
-369
-408
-372
-300
-289
-301
-204
-92
10
-65
-135
-161
-281
-297
-252
-194
-92
-59
-76
-111
-88
-114
-137
-42
-15
-41
-24
37
126
212
203
241
288
202
175
266
379
395
405
427
440
448
345
219
51
-13
-49
-76
-32
-93
-182
-267
-303
-330
-324
-318
-322
-243
-177
-143
-74
-63
-126
-154
-103
-41
30
54
15
31
192
337
398
483
538
500
422
391
302
323
333
300
367
327
223
114
47
-90
-239
-363
-448
-426
-440
-426
-354
-199
-106
-55
-10
-3
24
-88
-173
-144
-104
-126
-53
73
59
50
92
184
191
278
437
547
611
516
441
393
412
439
357
211
34
-85
-246
-437
-433
-449
-569
-592
-499
-455
-483
-451
-379
-243
-167
-191
-150
-124
-122
-109
-47
47
72
146
249
416
547
555
534
497
532
550
457
283
22
-153
-201
-290
-241
-197
-169
-50
-51
-174
-368
-406
-543
-810
-897
-957
-1042
-988
-723
-534
-527
-494
-484
-399
-289
-276
-290
-385
-479
-376
-220
-219
-285
-311
-220
10
317
494
590
628
551
435
319
302
471
693
769
789
758
530
364
276
165
176
258
436
479
432
448
418
449
511
529
408
200
151
113
-1
31
138
220
251
433
807
975
874
577
215
-78
-273
-280
-257
-145
34
114
14
-249
-455
-636
-714
-723
-767
-807
-812
-749
-627
-771
-1130
-1259
-1280
-1249
-1018
-786
-402
68
186
378
498
451
620
682
803
1054
1328
1262
878
779
526
456
699
778
1075
1068
1048
1026
491
126
-261
-426
-306
-285
-195
-548
-1017
-1195
-1057
-708
-544
-216
-24
4
-108
-631
-1059
-1414
-1408
-1093
-850
-343
196
659
930
1069
919
328
23
-195
-355
-200
47
360
146
-351
-520
-403
-239
-223
94
347
511
821
1037
1287
1081
615
-224
-1644
-2595
-3134
-2890
-1821
-540
1019
2010
2518
2652
2102
1103
-379
-1642
-2435
-2831
-2377
-1479
-221
1103
1790
1936
1442
861
432
-248
-1090
-1833
-1953
-1532
-1118
-741
-580
-545
-477
-823
-1681
-1453
2680
9176
12176
10738
6759
755
-5152
-10107
-12463
-10440
-6470
-1368
4374
8522
10335
9005
5675
1845
-1989
-5141
-7272
-6737
-4250
-1500
1040
2490
3098
2081
332
-141
-149
396
1108
1965
3345
3024
992
-1565
-4016
-5354
-5446
-3828
-977
2271
5316
6807
6456
4089
540
-2486
-4512
-5132
-5160
-4691
-2737
-46
2580
4030
4040
3592
2281
-131
-2462
-2770
-506
2485
4479
4882
3712
1089
-2514
-5725
-7187
-6853
-5019
-1874
1871
4912
6110
5784
4332
1829
-1224
-4252
-6014
-6140
-5543
-4203
-2114
-22
1362
1952
2235
2400
2359
1914
1502
1488
960
-178
-1484
-2818
-3783
-4257
-3755
-2012
389
2770
4554
5310
4721
2863
343
-1802
-3037
-3647
-3540
-2713
-1214
639
1928
2352
2123
1369
158
-1315
-2062
-320
3578
6760
7670
6027
2259
-2070
-5821
-7761
-7208
-4977
-1680
2177
5399
6898
6449
4428
1406
-1744
-4395
-5811
-5668
-4705
-3154
-1277
407
1421
1167
251
-300
-271
342
1560
3194
4266
3589
1074
-2267
-5164
-7010
-7181
-5002
-1211
2868
5921
6755
5507
2806
-331
-2638
-3908
-4308
-4104
-2988
-848
1240
2539
2752
2356
1715
365
-1172
-881
3472
9147
11442
10317
6407
875
-4674
-9354
-10594
-8184
-4200
598
5282
8693
9319
7147
3689
-7
-3071
-5522
-6503
-5497
-3771
-2214
-1417
-917
-969
-2066
-2521
-1730
-287
1245
2381
3659
4335
2922
-208
-3690
-6268
-7385
-6763
-4182
-612
2733
4969
5339
3920
1135
-1630
-3146
-3611
-3640
-3573
-2463
-380
1295
2150
1916
1163
171
-1694
-3095
-756
5952
11398
12120
10058
5428
-575
-6800
-11528
-11209
-7789
-3305
2131
6997
10430
10563
8088
4895
1226
-2317
-5688
-7018
-6011
-4619
-3224
-1931
-255
198
-743
-575
176
1341
2441
3231
4539
4298
1729
-1996
-5729
-8185
-8961
-7325
-3601
731
4291
5744
5256
3085
-181
-3031
-4760
-5212
-5378
-5089
-2989
-1
2552
3522
2945
1978
192
-2356
-2888
1618
8058
10997
10551
7404
2350
-3370
-9174
-10989
-8299
-4269
462
5005
8920
10505
8649
5569
2409
-702
-4028
-6163
-5507
-3682
-2018
-967
269
1054
-60
-961
-820
171
1494
2169
3565
5014
4251
1411
-2156
-5148
-6857
-6704
-4594
-1081
2549
4641
5113
3905
1168
-1840
-4090
-4680
-4442
-4236
-2865
-290
2212
3309
2628
1284
-263
-2589
-4702
-2728
3538
8852
10861
9949
6604
1635
-4805
-9690
-9943
-7344
-3790
203
4273
7329
7577
5893
3754
1368
-1605
-4646
-5689
-4669
-3218
-2455
-1632
-333
-539
-1869
-2508
-2113
-761
553
1839
3691
4453
2886
228
-2566
-5074
-6090
-5475
-3310
-32
2664
4131
4155
2837
779
-1433
-2575
-2554
-2459
-2134
-558
1826
3384
3314
1981
573
-1099
-3572
-3757
901
7165
10932
11513
9173
4587
-1508
-7799
-10710
-9686
-7127
-3543
515
4278
6241
5582
4050
2369
142
-2631
-4510
-4249
-3069
-2276
-2053
-1452
-1236
-2360
-2986
-2530
-1041
888
2173
3872
5419
5049
2949
16
-2723
-4417
-4727
-3913
-1888
835
2835
3737
3250
1666
-433
-2555
-3247
-2930
-2668
-1672
467
2652
3430
2588
900
-913
-2569
-2342
1602
6638
9768
10351
8371
4669
-663
-6021
-8631
-8138
-5510
-1970
1597
4334
5683
5257
3512
2147
582
-1458
-2767
-3269
-2536
-1693
-1633
-1782
-2264
-2636
-2951
-3062
-2558
-1526
-39
1277
2608
2980
1572
-236
-2174
-3177
-3084
-2830
-1451
391
1636
1793
627
-668
-2002
-3270
-3636
-3052
-2003
-773
1513
3895
4534
3529
1263
-1345
-3619
-3545
720
5962
9135
9971
8543
5329
559
-4137
-6506
-6116
-3765
-741
2302
4345
4703
4048
2532
894
-461
-1663
-1940
-1466
-439
600
619
-81
-1470
-2995
-3749
-4058
-3770
-2638
-1092
177
1020
1289
452
-825
-1896
-2389
-2068
-1779
-1203
-75
569
296
-905
-2417
-3704
-4660
-4610
-3452
-1777
349
2957
5042
5490
4252
1597
-1762
-4110
-3146
1332
6066
8552
8856
7194
3618
-781
-4323
-5856
-4928
-2277
899
3545
4544
3898
2407
650
-868
-2000
-2404
-1868
-709
780
2105
2494
1594
96
-1355
-2435
-3000
-3130
-2412
-1164
-27
990
1197
568
-240
-802
-597
-26
329
584
891
658
-559
-2183
-4063
-5710
-6201
-5496
-3520
-923
1803
4698
6356
6091
4137
803
-2732
-4427
-2280
2406
6291
7687
6820
4470
726
-3014
-4900
-4602
-2098
1440
4639
6367
5669
3311
434
-1951
-3470
-4235
-3655
-1767
767
3110
4453
4262
2462
140
-2097
-3917
-4709
-4750
-3864
-2163
-775
-144
-378
-1315
-1967
-1766
-1090
97
1477
2128
1790
198
-2226
-4420
-6105
-6914
-6373
-4503
-1687
1394
4197
6226
6926
5851
3220
-329
-3149
-2776
307
3719
5665
5225
3135
-160
-3727
-5510
-5030
-2512
1174
4708
6826
6220
3592
128
-3129
-5268
-6130
-5233
-3103
-193
3008
4996
5594
4746
2657
416
-1643
-3138
-3600
-3066
-2198
-1286
-609
-747
-1025
-1361
-1456
-363
1234
2844
4063
3935
2328
-446
-3505
-6020
-7685
-8249
-7238
-4481
-840
2949
5894
7461
7517
5453
2188
-365
-689
1262
3684
4919
4505
2695
-598
-4180
-6038
-5599
-2771
1264
5283
8178
8456
6263
2379
-1885
-5467
-7713
-7724
-5865
-2833
415
3064
4746
4848
3930
2176
-19
-1631
-2789
-3179
-2882
-2476
-2189
-2156
-2201
-2072
-1274
-88
1415
3316
4558
5024
4050
1189
-2068
-5173
-7603
-8920
-8811
-6806
-3485
668
4771
7670
8425
7124
4747
2051
934
1646
2644
3063
1941
-87
-2598
-5501
-7095
-6472
-3371
908
4920
8244
9394
8196
4974
576
-3536
-7009
-8720
-8346
-6147
-2758
323
3016
4706
5072
4641
3392
1659
-228
-1696
-2627
-3092
-3288
-3784
-3789
-3245
-2343
-776
900
2708
4141
4626
4015
2068
-817
-3961
-6645
-8753
-9615
-8601
-6208
-2434
1718
5295
7537
7432
5801
4072
3676
4406
5155
4828
2619
-149
-3218
-6060
-7156
-6243
-2830
1748
6386
10117
11246
10094
6638
2080
-2473
-6625
-8918
-9412
-7750
-4787
-1897
986
2863
3972
4141
3370
2612
1141
-443
-1705
-2865
-3779
-4806
-5317
-4898
-3460
-1509
569
2865
4277
4843
4392
2619
367
-2417
-5045
-6800
-7818
-7659
-5928
-2893
742
4231
6302
6533
5873
5501
6369
7563
7459
5467
2076
-1631
-5293
-7958
-8553
-6726
-2624
2323
7023
10223
10757
9030
5770
1841
-2296
-5986
-7971
-7973
-6456
-4299
-2111
-172
1186
1961
2224
2196
1914
1415
849
-102
-1355
-2872
-4506
-5145
-4624
-3210
-793
1793
3739
4754
4588
3349
1277
-1327
-3801
-5560
-6528
-6583
-5774
-4303
-1927
813
2873
3980
4048
4022
5420
7273
8130
7589
5037
1163
-3315
-7662
-10000
-9667
-6765
-2178
2700
6946
9298
9606
8062
4983
1222
-2741
-5334
-6108
-5942
-4986
-3807
-2526
-1313
-336
545
805
929
1281
1631
1779
809
-1093
-3068
-4377
-4516
-3683
-1774
663
2743
4207
4472
3728
2210
113
-1633
-2958
-4073
-4918
-5123
-4203
-2485
-465
1396
2499
2655
3056
5343
8076
9266
8780
6436
2943
-1431
-6235
-9306
-9911
-7973
-3721
1148
5421
8016
8715
8046
6049
3110
-362
-2967
-3947
-3933
-3188
-2668
-2335
-1807
-1408
-809
-481
-418
35
780
1426
983
-529
-2237
-3810
-4425
-3924
-2870
-1307
512
2170
3018
2548
1079
-745
-2281
-3317
-3723
-3637
-3610
-3076
-1793
-340
1247
2283
2306
2316
3696
6638
9184
9951
8732
5756
2027
-2332
-6123
-7882
-7675
-4963
-879
2868
5698
6872
6895
5691
3269
628
-1930
-3365
-3390
-2833
-2432
-2583
-2654
-2498
-2033
-1557
-1560
-1194
-541
197
799
262
-886
-1991
-2607
-2302
-1484
-105
1307
2267
2680
1915
314
-1625
-3493
-4432
-4283
-3533
-2789
-1945
-960
-232
478
917
893
554
511
2309
5296
7548
8232
6732
3529
-752
-5277
-8177
-8714
-6746
-2965
1243
4871
6601
6724
5718
3544
1252
-1174
-2753
-2495
-1409
-22
739
636
21
-957
-1636
-2219
-2160
-1219
64
1577
1830
858
-471
-1915
-2377
-2128
-1040
876
2604
4010
3972
2303
-105
-2811
-4817
-6092
-6333
-5235
-3569
-1551
423
2016
2644
2048
1018
165
1101
3869
6408
7940
7678
5557
2026
-2814
-7046
-9008
-8195
-4824
-350
3983
6756
7607
7024
4817
1785
-1434
-3869
-4442
-3598
-1574
524
1822
2361
1423
-300
-2136
-3619
-3697
-2758
-1279
-221
-261
-744
-1438
-1770
-1674
-978
921
3064
4836
5589
4699
2559
-393
-3283
-5659
-6978
-6721
-5365
-3019
-141
2398
4197
4673
3577
1890
1416
2790
4879
6375
6340
4527
1413
-2768
-6833
-8917
-8733
-6289
-2032
2392
5900
7583
7440
5652
2079
-1743
-4608
-5666
-4892
-3306
-940
1307
2823
3327
2202
227
-2104
-3622
-3710
-3214
-2299
-2005
-2108
-2035
-2270
-2084
-1602
-424
1875
4096
5571
5325
3501
1089
-1679
-4334
-6801
-8037
-7289
-5134
-2003
983
3474
5274
5522
4406
2706
2265
3777
5522
6662
6606
4717
1305
-3100
-6744
-8254
-7718
-4893
-650
3510
6587
7792
7316
4892
1130
-2413
-4938
-5435
-4556
-2821
-289
1659
3022
3491
2515
619
-1557
-2569
-2555
-2236
-1736
-1754
-1822
-1958
-2180
-2052
-1895
-623
1647
3669
4869
4480
2983
594
-2273
-4777
-7070
-8283
-7874
-5981
-3157
-567
1970
4032
4763
4233
3439
4168
6001
7697
8378
7053
4228
233
-4373
-7735
-8933
-7440
-3676
911
5182
7832
8725
7896
5312
1737
-2105
-4737
-5401
-4675
-3106
-1263
797
2439
2808
2191
785
-754
-1623
-2070
-2404
-3010
-3768
-3976
-3841
-3489
-2798
-1696
142
2199
3696
4050
3142
1665
-152
-2294
-4557
-6408
-7115
-6755
-5253
-2764
-139
2278
4205
5268
4941
4029
4465
6147
7640
7945
6700
4242
715
-3431
-6619
-7827
-6785
-3747
270
4115
6475
7109
6235
3922
916
-2328
-4685
-5423
-5172
-4139
-2793
-1307
131
873
1000
378
-441
-1037
-1681
-2018
-2474
-3051
-3177
-2780
-2041
-1350
-279
1418
3085
4076
4075
3499
2513
904
-1084
-3162
-5014
-6179
-6230
-5143
-3256
-778
1835
3667
4223
3831
3662
4675
6108
6869
6631
5128
2641
-842
-4808
-7616
-8590
-7167
-3588
664
4441
6697
7398
6627
4334
1397
-1541
-3503
-4057
-3809
-2795
-1257
290
1423
2062
2154
1234
162
-311
-683
-1254
-2175
-2963
-3146
-3174
-2927
-1999
-581
1088
2727
3812
3665
2461
902
-953
-3023
-4817
-5949
-6272
-5644
-4167
-2030
507
2780
4277
4488
3466
2400
2850
4837
6732
7636
7209
5401
2360
-1723
-5459
-7392
-6995
-4424
-505
3457
6045
7092
6811
5044
2229
-773
-2979
-4007
-3964
-3122
-2025
-1042
-394
65
11
-791
-1539
-1759
-1571
-1594
-1783
-1940
-2381
-2706
-2864
-2842
-2424
-1538
104
1767
2557
2405
1601
324
-1685
-3868
-5653
-6766
-6709
-5569
-3386
-639
1906
3903
4807
4408
3099
2482
3754
5696
6999
6941
5549
3279
-510
-4633
-7055
-7293
-5148
-1560
2734
6364
7829
7924
6744
4329
1053
-2130
-3531
-4000
-3877
-2787
-1439
-226
395
785
514
-796
-1660
-1723
-1348
-1113
-1329
-1462
-1834
-2383
-2623
-2568
-2121
-1140
485
1984
2464
2253
1646
486
-1457
-3929
-5978
-7010
-6642
-4811
-2103
1042
3901
5812
6355
5146
3146
2046
2959
5012
6451
6641
5243
2911
-572
-4488
-6644
-6858
-4586
-887
2774
5864
6905
7003
6143
3927
1264
-1702
-3384
-4127
-4168
-3274
-2239
-785
49
318
148
-792
-1240
-1154
-611
122
359
208
-331
-1016
-1689
-2309
-2451
-1648
-53
1518
2521
2813
2525
1189
-1452
-4634
-7410
-8719
-8251
-6243
-3115
361
3378
5162
5225
3691
1916
1787
2971
3764
3943
3398
2061
-289
-3624
-6070
-6969
-5924
-2779
890
4361
6540
7461
7529
5905
3322
132
-2510
-3725
-4362
-3874
-2687
-1105
558
1359
1625
955
-51
-631
-880
-346
238
594
828
624
-121
-1389
-2374
-2712
-2034
-449
1127
2290
2705
2439
1016
-1744
-5017
-7696
-8563
-7640
-5087
-1417
2254
4968
6029
5383
3219
1054
922
2369
3768
4620
4477
3423
1334
-1982
-4708
-6004
-5581
-3213
-319
2952
5563
6914
7574
6427
4074
777
-2422
-4268
-5616
-5612
-4553
-2678
-446
495
957
580
-49
-17
-13
597
997
1069
1075
106
-1299
-2658
-3386
-3194
-2011
151
2202
3463
3794
3142
1246
-1857
-5079
-7304
-7825
-6496
-3728
-83
3396
5861
6676
5506
2991
678
379
1833
3405
4656
4847
3871
1893
-1298
-3906
-5417
-5113
-2779
-172
3050
5638
7147
7474
5860
3575
-61
-3430
-5384
-6619
-6166
-4971
-2846
-730
257
815
17
-1008
-1647
-2026
-1598
-1109
-343
76
-296
-1119
-2240
-3024
-3387
-2561
-686
1094
2527
3326
3211
1485
-1518
-4462
-6497
-6980
-5911
-3223
513
4207
6782
7337
6001
3295
716
-97
865
2629
4418
5527
5487
4177
1102
-2535
-4896
-5236
-3462
-981
1796
4627
6421
6981
5666
2909
-433
-3651
-5623
-6521
-6134
-4742
-2705
-322
996
1167
227
-1215
-2127
-2607
-2352
-1454
-382
437
637
49
-1302
-2622
-3055
-2390
-1031
512
1757
2334
1971
448
-1943
-4584
-6503
-6807
-5466
-2673
806
4151
6376
6587
4981
2255
-232
-1084
542
3341
5647
7068
7052
5592
2355
-1514
-3903
-4445
-2877
-354
2444
5158
6857
7362
5724
2703
-608
-3651
-5224
-5755
-5077
-3297
-1271
804
1637
1133
-170
-1666
-2432
-2848
-2477
-1267
78
1199
1519
1006
-409
-2114
-3034
-2750
-1596
-280
1098
1991
1730
355
-1842
-4089
-5842
-6305
-5081
-2695
266
3165
5100
5399
4078
1407
-1444
-3012
-2118
735
3471
5666
6656
6008
3509
-573
-3345
-4626
-4597
-2772
-497
2271
4185
4907
4780
2767
341
-2125
-3837
-4189
-4148
-2870
-1042
631
1566
1044
164
-1081
-2044
-2198
-1965
-578
1135
2349
2804
2052
544
-1323
-2798
-3283
-2831
-1504
147
1347
1712
985
-716
-2905
-4621
-5093
-4589
-3140
-861
1757
3798
4210
3458
1734
-722
-2529
-2267
285
3177
5500
7040
7011
5393
2108
-1244
-3307
-4079
-3068
-1286
694
2530
3429
3782
3176
1558
-430
-2267
-3113
-3151
-2582
-1515
-331
556
519
-114
-1058
-1969
-2144
-1583
-487
972
2278
2678
2032
636
-849
-2223
-3361
-3206
-1997
-459
798
1360
1537
508
-1250
-2733
-3687
-3742
-3285
-1657
624
2695
4156
3889
2733
802
-1437
-2516
-1852
1037
3876
5980
7437
7008
5556
2299
-946
-2659
-3933
-3308
-2214
-673
1418
2372
3371
3091
1823
289
-1849
-2521
-2881
-2796
-2032
-1664
-846
-1037
-1644
-1986
-2521
-2150
-1587
-428
1074
1674
1880
1319
184
-1219
-2778
-3698
-3706
-2558
-971
141
844
1041
557
-592
-1768
-2391
-2743
-2568
-1382
580
2277
2927
2921
2276
716
-1141
-2161
-1365
977
3716
6236
7643
7491
5883
2776
-644
-3281
-4644
-4669
-3891
-2043
311
2107
3487
4034
3363
1570
-454
-1534
-2190
-2613
-2404
-1795
-1043
-725
-781
-931
-1366
-1341
-742
-18
1031
1883
2147
1643
312
-1262
-3377
-5020
-4875
-3822
-2227
-662
724
1620
1054
183
-780
-2082
-2871
-2842
-1624
-197
1084
2308
2605
2367
1302
-279
-1400
-1069
1686
4723
7144
8715
8521
7028
3638
-81
-3069
-5450
-5620
-4544
-2366
341
2372
4376
4751
3810
2058
-387
-1679
-2624
-2964
-2787
-2616
-1591
-1198
-1206
-1364
-1830
-1436
-870
284
1871
2755
3196
2670
1374
-547
-3050
-4727
-5091
-4324
-2842
-1396
-69
937
1171
713
-309
-1455
-2313
-2732
-2114
-697
540
1268
1650
1722
799
-851
-1858
-1223
1294
4395
7253
9003
8710
7367
4630
260
-3895
-6513
-7050
-6273
-4295
-1047
1876
4227
5818
5762
3894
955
-1163
-2548
-3802
-4161
-3530
-2400
-1780
-1461
-1207
-1676
-1878
-1141
160
1536
2626
3519
3636
2523
379
-2366
-4733
-5932
-5712
-4501
-2742
-522
1542
2799
2833
2003
647
-966
-1939
-2129
-1743
-1053
-161
827
1128
449
-660
-1428
-1197
724
3935
6736
8488
8918
7763
4845
219
-4158
-7278
-8877
-8240
-5823
-2195
1340
4484
6998
7243
5689
3086
316
-1935
-3794
-4322
-3976
-3241
-2127
-1347
-1068
-1459
-1347
-448
436
1879
3427
4423
4153
2747
820
-2313
-5225
-6470
-6313
-5121
-3165
-156
2524
3769
4022
3207
1669
-342
-1966
-2816
-3326
-2679
-1289
26
752
711
747
433
201
1413
4129
7161
9213
10316
9499
6344
1811
-3211
-7002
-9289
-9424
-6936
-3244
1167
4950
7644
8969
7831
5123
1368
-2150
-4666
-6340
-6478
-5836
-4589
-3190
-2280
-1535
-1354
-908
160
1761
3710
4537
4218
2872
521
-2544
-5931
-8079
-8644
-7594
-4912
-1554
1914
4409
5675
5672
4079
1689
-1138
-3431
-4641
-4776
-3676
-2142
-429
869
1312
1176
771
1098
2531
5046
7659
9182
9094
6822
3399
-1052
-5818
-8923
-10224
-9048
-5780
-1291
3664
7275
9645
10191
8472
5107
529
-3147
-5757
-7505
-7585
-6599
-4731
-2865
-1330
80
904
1929
3244
4643
5473
4893
3566
1444
-1506
-4780
-7514
-8884
-8817
-6892
-3733
-298
2976
5286
6307
5591
3487
899
-1831
-3900
-4982
-4891
-3647
-1794
318
1809
2458
2657
2543
2887
4012
5623
7107
7496
6680
4571
1038
-3121
-6650
-8465
-8341
-6463
-2831
1703
5833
9005
10467
9841
7290
3194
-1161
-5020
-7830
-9106
-8932
-7244
-4763
-2262
-9
1600
2733
3393
3743
4019
3627
2679
1180
-1108
-3631
-6129
-7926
-8262
-6982
-4173
-850
2418
5253
6804
6850
5332
2733
-268
-3102
-4975
-5719
-5204
-3599
-1329
1219
3147
4084
4061
3440
2824
2809
3779
4908
5278
4634
3136
717
-2776
-5989
-7729
-7800
-6210
-2950
1346
5160
7812
9272
8918
6109
1762
-2356
-5727
-8310
-9279
-8151
-5777
-3136
-215
2377
3584
3867
4028
4023
3234
2194
1282
-115
-1865
-3697
-5199
-6426
-6875
-5691
-3481
-920
1643
3794
5173
5129
3863
1614
-1109
-3549
-5523
-6244
-5631
-3832
-1282
1354
3541
4368
4049
3111
1806
834
984
2326
3809
4532
4295
3041
873
-1921
-4116
-5013
-4602
-2602
388
3785
6639
8012
7861
6072
2905
-875
-4362
-6999
-8492
-8241
-6213
-3451
-876
1424
3312
4102
3917
3510
2952
1891
561
-459
-1463
-2922
-4231
-4812
-4946
-4573
-3095
-764
1201
2803
4282
4838
3859
1860
-229
-2493
-4786
-5837
-5192
-3504
-1052
1761
3977
4867
4556
3503
1690
-404
-1355
-488
1152
2571
3583
3845
3071
1210
-1104
-3057
-4202
-4132
-2498
346
3161
5125
6300
6404
4925
1925
-1547
-4524
-6768
-7651
-6918
-4964
-2619
-179
2345
4080
4376
3734
3034
2197
1029
-90
-987
-1748
-2635
-3435
-3827
-4032
-3566
-1980
158
2107
3464
4464
4631
3409
1212
-1058
-2928
-4498
-5164
-4424
-2779
-849
1298
3320
4062
3173
1594
-82
-1802
-2597
-1417
797
2746
4119
4652
3731
1269
-1481
-3587
-4977
-5042
-3287
-351
2433
4689
6188
6162
4411
1331
-2073
-5141
-7283
-7589
-6319
-4009
-1240
1353
3403
4168
3719
2559
1263
109
-968
-1524
-1749
-1968
-2373
-2948
-3275
-3491
-3214
-2099
-566
1047
2439
3744
4378
3698
2227
598
-929
-2588
-3556
-3288
-2265
-622
1399
3354
4182
3381
1790
-82
-1961
-3041
-1951
941
3658
5850
7133
6990
5211
1942
-1058
-3349
-4646
-4028
-2071
570
2882
4590
5605
4814
2729
36
-2743
-4871
-6019
-5715
-4668
-3114
-1005
902
2330
2911
2697
2033
1005
176
-479
-1312
-2023
-2608
-3337
-3989
-4340
-4230
-3317
-1708
482
2531
3854
4642
4379
2997
1150
-773
-2419
-3599
-3725
-2768
-1382
430
2102
3123
2863
1502
-21
-1737
-2938
-2714
-672
2377
5227
7267
7433
5931
3341
-144
-3384
-5792
-6273
-4767
-2404
656
3286
5110
5714
4603
2422
-746
-3833
-6017
-7078
-6601
-5211
-2934
-389
1702
3267
3588
3020
2014
877
79
-739
-1561
-2108
-2684
-3393
-3959
-4135
-3730
-2595
-739
1487
3148
4211
4777
4179
2575
505
-1474
-2985
-4053
-4080
-3045
-1379
586
2287
3309
3019
1850
320
-1285
-2048
-1418
931
3904
6113
7318
7089
5459
2475
-985
-3765
-5505
-5624
-4400
-1943
1105
3322
4810
5245
4173
1680
-1607
-4070
-5843
-6819
-6271
-4515
-2111
-49
1978
3669
3875
3353
2618
1716
409
-1011
-1699
-2373
-3192
-3549
-3236
-2699
-2262
-1128
559
1947
2940
3732
4071
3283
1729
135
-1603
-3230
-4256
-4035
-2760
-1121
925
2889
4015
3732
2256
385
-1489
-2810
-2707
-492
2780
5456
7344
8071
7093
4195
187
-3237
-5482
-6313
-5500
-3177
68
2967
4987
5974
5220
2747
-457
-3232
-5287
-6535
-6270
-4538
-2246
-142
1765
3110
3216
2358
1382
382
-965
-2015
-2283
-2383
-2837
-3379
-3534
-3569
-3511
-2513
-765
1136
2864
4078
4616
3823
2146
150
-2113
-3815
-4735
-4603
-3433
-1640
610
2469
3547
3467
2021
-24
-2145
-3513
-3315
-1167
2345
5690
8172
8949
7710
4551
186
-3577
-6265
-7292
-6360
-3948
-376
3014
5639
6921
6181
3974
682
-2408
-4719
-6059
-5749
-4264
-1924
371
2192
3516
3579
2926
1862
662
-478
-1628
-1982
-2131
-2549
-3005
-3448
-3804
-4100
-3334
-1514
481
2390
3904
4647
3858
2001
-172
-2557
-4419
-5318
-4936
-3554
-1629
792
2783
3897
3918
2725
945
-856
-1684
-1443
272
3538
6626
8803
9243
7983
5336
927
-3198
-6056
-7471
-6741
-4546
-974
2459
4785
6272
5861
4098
1393
-1519
-3593
-5220
-5551
-4627
-2828
-534
1312
2990
3801
3621
2980
1890
643
-946
-2073
-2721
-3519
-4015
-4217
-3956
-3449
-2454
-640
1090
2599
3648
3797
2951
1246
-523
-2460
-4221
-5046
-5051
-4191
-2763
-811
1185
2539
3291
2942
1618
-36
-1461
-2274
-2168
-213
2758
5446
7285
7354
5835
2778
-991
-4123
-6527
-7081
-5720
-3173
259
3215
5484
6584
5973
4209
1338
-1662
-4089
-5455
-5213
-3871
-1563
944
3113
4573
4518
3573
1961
2
-1698
-3039
-3601
-3710
-3528
-3113
-2783
-2528
-2198
-1365
-234
890
2183
3042
3093
2380
903
-1015
-2933
-4259
-4937
-4899
-3667
-1576
738
2949
4820
5615
4674
2634
124
-2338
-3878
-3755
-1441
1930
5079
7404
7733
6210
3128
-853
-4144
-6365
-6761
-5363
-2750
812
3676
5667
6690
6116
4258
1358
-1356
-3525
-5046
-4959
-3675
-1659
576
2485
3898
3916
2872
1514
-79
-1434
-2516
-3111
-3159
-3033
-2700
-2467
-2232
-1747
-1035
196
1513
2501
3015
2928
2135
441
-1487
-3010
-4084
-4419
-3706
-1829
453
2514
4310
5226
5035
3674
1593
-705
-2972
-4031
-3781
-2042
1173
4359
6712
7275
6275
3829
-456
-4316
-6723
-7599
-6620
-4302
-563
2901
5233
6630
6121
4233
1352
-1628
-3943
-5546
-5439
-4215
-2347
-51
1734
2783
2723
1966
771
-881
-2097
-2874
-3275
-3020
-2374
-1777
-1436
-1051
-550
-337
-23
982
2056
2786
3136
2900
1947
269
-1387
-2698
-3477
-3292
-2375
-821
871
2306
3269
3409
2858
1324
-830
-2727
-4105
-4683
-4008
-1456
1980
4769
6585
7007
6040
3582
287
-2508
-4700
-5499
-4730
-3020
-481
1999
4028
5264
5286
4121
1720
-873
-2840
-4258
-4749
-4071
-2260
-168
1428
2549
2751
2068
991
-292
-1507
-2495
-2922
-2731
-2463
-2092
-1602
-1119
-462
272
915
1578
2303
2909
2831
2089
1160
-53
-1363
-2295
-2641
-2509
-1892
-558
906
1917
2662
2869
2299
820
-1303
-3253
-4708
-5016
-3626
-710
3129
6655
8988
9421
7964
5101
1105
-2499
-5081
-6448
-5690
-3469
-495
2383
4662
6326
6183
4374
1625
-1581
-4329
-6105
-6150
-4857
-2919
-360
1747
2721
2521
1642
357
-1329
-2506
-3070
-3284
-2909
-2225
-1573
-1190
-922
-478
-26
415
996
1619
2078
2240
1829
805
-519
-1873
-2930
-3227
-2711
-1895
-716
844
1999
2414
2147
1482
165
-1923
-3455
-4046
-3991
-2788
-39
3610
6486
8115
8436
6854
3771
-170
-3703
-5975
-6937
-5851
-3342
-248
2821
5007
6482
6612
4974
2245
-732
-3065
-4786
-5409
-4462
-2700
-796
864
2176
2423
1594
870
216
-522
-1050
-1199
-1017
-1016
-1003
-859
-878
-770
-390
10
319
735
1073
1074
897
466
-309
-1313
-2231
-2864
-3133
-2779
-2024
-1284
-560
232
702
452
-16
-629
-1399
-1812
-1751
-1182
-188
1702
4240
5888
6443
6114
4702
2339
-352
-2364
-3741
-4015
-2635
-472
1965
4083
5638
6364
5545
3617
854
-2120
-4254
-5385
-5335
-4174
-2001
377
2075
3229
3334
2417
1295
362
-406
-1330
-1800
-1747
-1946
-2193
-2357
-2405
-2293
-1846
-799
317
1250
2126
2745
2803
2057
611
-1239
-2798
-3645
-3939
-3395
-2232
-926
441
1498
1962
1719
1109
482
-451
-1507
-2160
-2284
-1893
-644
1563
3540
4726
5260
4708
3142
788
-1411
-2656
-3223
-2500
-810
811
2314
3402
3824
3228
1730
-8
-1950
-3344
-3754
-3577
-2662
-992
1026
2683
3679
3986
3243
1747
151
-1413
-2895
-4012
-4412
-4246
-3841
-3141
-2319
-1625
-726
349
991
1257
1412
1243
522
-467
-1359
-2396
-3367
-3698
-3438
-2791
-1777
-479
652
1451
2082
2104
1466
724
25
-681
-1255
-1337
-775
351
2278
4541
6065
6721
6703
5770
3667
1210
-624
-1959
-2494
-1855
-498
817
1772
2648
2899
2211
1138
-207
-1414
-2091
-2136
-1676
-943
173
1221
1655
1445
695
-392
-1502
-2364
-3018
-3249
-2887
-2229
-1354
-484
199
635
811
951
785
282
-48
-172
-382
-807
-1227
-1681
-2311
-2647
-2600
-2423
-1869
-861
214
940
1333
1513
1127
425
-42
-611
-1234
-1402
-1013
-350
709
2794
4979
6021
6231
5755
4394
2029
-478
-1931
-2749
-2792
-1831
-413
1207
2405
3207
3458
2687
1351
-216
-1572
-2439
-2939
-3013
-2581
-1626
-693
-212
-44
-251
-736
-1274
-1882
-2407
-2607
-2250
-1528
-882
-407
-260
-501
-927
-1436
-1929
-2249
-1983
-1078
-104
620
1014
1090
670
-212
-1115
-1822
-2072
-1788
-1149
-193
843
1692
2138
2153
1854
1130
223
-475
-822
-825
-212
1275
3088
4628
5422
5186
4156
2525
620
-1060
-2059
-1997
-1119
139
1554
2839
3574
3562
2955
1824
381
-1014
-1917
-2199
-2148
-1768
-1162
-536
-11
158
-104
-577
-1024
-1570
-2202
-2564
-2626
-2543
-2438
-2243
-2021
-2078
-2207
-2008
-1566
-1121
-470
430
1174
1506
1316
746
-36
-987
-1681
-1889
-1608
-800
279
1365
2230
2760
2908
2517
1653
708
-148
-933
-1430
-1480
-951
165
1830
3552
4504
4629
4028
2919
1405
-396
-1413
-1577
-1109
28
1136
2130
2649
2686
2550
1691
655
-106
-632
-824
-939
-865
-744
-549
-279
-263
-403
-676
-886
-1037
-1222
-1251
-1331
-1366
-1251
-1330
-1804
-2522
-2970
-3098
-2943
-2266
-1253
-177
729
1263
1137
197
-992
-2044
-2859
-3259
-3239
-2592
-1443
-180
996
1730
1945
1683
979
156
-664
-1428
-1835
-1687
-1207
-506
750
2361
3676
4419
4713
4520
3634
2440
1387
450
-292
-601
-326
130
584
1281
1936
2510
2892
2782
2333
1501
526
-439
-1411
-1887
-1960
-1763
-1184
-504
54
356
307
-191
-947
-1703
-2385
-2950
-3284
-3112
-2621
-2092
-1323
-371
251
463
576
411
-187
-962
-1547
-1847
-2047
-1921
-1284
-558
162
942
1426
1521
1332
981
521
-53
-539
-814
-894
-773
-569
-331
111
967
2384
3800
4562
4687
4271
3509
2199
486
-735
-1338
-1370
-843
119
1356
2315
3169
3950
3991
3141
1681
118
-1355
-2563
-3258
-3403
-2755
-1580
-456
278
653
709
217
-439
-1024
-1738
-2334
-2520
-2258
-2137
-2301
-2198
-1953
-1688
-1299
-785
-225
199
644
807
456
-26
-549
-1106
-1626
-1898
-1829
-1609
-1054
-160
485
741
823
768
476
94
-174
-322
-257
-26
313
823
1711
2849
3542
3606
3404
2906
1950
944
337
3
-57
378
1112
1623
1674
1667
1684
1305
614
-235
-1100
-1803
-2259
-2392
-2294
-1856
-1057
-267
82
-95
-509
-1048
-1693
-2273
-2646
-2827
-2844
-2631
-2220
-1912
-1807
-1522
-820
-104
302
747
1291
1475
1199
733
183
-532
-1100
-1163
-958
-563
232
1190
1900
2253
2270
1829
1080
449
-53
-554
-746
-416
106
586
1058
1726
2637
3471
3926
3950
3596
2989
2148
1066
241
-32
-106
116
767
1398
1679
1788
2085
2047
1232
241
-609
-1586
-2550
-3116
-3255
-3025
-2442
-1704
-1151
-1013
-1147
-1434
-1926
-2440
-2890
-3251
-3268
-2945
-2518
-2198
-1823
-1210
-555
-3
352
538
651
679
604
275
-20
-65
-284
-450
-384
-317
-276
-96
441
872
943
1012
1052
936
592
232
37
-87
27
246
507
1132
2071
2946
3485
3761
3780
3407
2792
2168
1633
1260
1224
1409
1423
1390
1400
1209
998
821
239
-693
-1574
-2166
-2622
-2967
-2785
-2230
-1802
-1486
-1254
-1486
-2088
-2620
-2988
-3257
-3392
-3112
-2562
-2042
-1422
-831
-483
-223
-58
-102
-206
-205
-174
-189
-138
-113
-190
-194
-42
59
12
44
166
214
314
635
816
796
943
1074
906
559
399
505
594
699
990
1339
2005
3055
3821
4081
3985
3576
2802
1794
887
135
-357
-333
27
394
651
991
1314
1186
709
-51
-1026
-1825
-2363
-2612
-2488
-2047
-1350
-703
-263
-87
-358
-831
-1132
-1489
-1898
-1978
-1735
-1483
-1297
-1050
-850
-924
-1086
-955
-886
-929
-736
-428
-104
38
63
-45
-460
-854
-1149
-1198
-969
-421
447
1152
1731
2095
2035
1800
1401
958
585
373
428
607
1024
1483
1999
2719
3144
3060
2452
1743
1163
263
-347
-322
-179
165
532
839
958
669
600
452
-140
-832
-1457
-1918
-2285
-2259
-1960
-1608
-1244
-892
-703
-1059
-1511
-1809
-1975
-1897
-1714
-1266
-851
-628
-498
-661
-771
-846
-816
-482
-168
147
426
668
874
861
761
650
436
188
30
24
179
441
874
1275
1386
1306
865
239
-293
-697
-941
-1019
-794
-419
-193
-37
175
384
751
1243
1622
1841
1863
1903
1671
995
539
141
-221
-314
-255
171
546
896
1375
1294
843
200
-592
-1358
-2083
-2396
-2239
-1730
-1062
-514
-260
-323
-485
-824
-1246
-1549
-1721
-1601
-1289
-820
-422
-97
337
650
818
765
611
493
386
424
466
386
400
356
244
163
205
461
670
944
1203
1194
1013
723
390
46
-254
-400
-328
-47
313
683
1044
1450
1732
1952
1952
1548
974
386
187
9
-122
149
252
316
397
471
525
99
-207
-263
-682
-1188
-1541
-1695
-1727
-1758
-1460
-1101
-1045
-924
-798
-791
-847
-1020
-1079
-1025
-952
-768
-730
-712
-549
-526
-583
-505
-371
-253
-163
-11
176
118
35
-29
-171
-281
-427
-477
-442
-325
3
210
345
484
366
124
-109
-132
-28
82
367
668
716
592
406
250
190
336
815
1284
1582
1736
1708
1578
1291
929
815
766
783
917
995
1117
1029
919
897
612
305
38
-251
-558
-893
-967
-981
-1124
-1095
-915
-836
-909
-855
-796
-1005
-1251
-1300
-1290
-1343
-1207
-876
-625
-466
-286
-163
-214
-285
-302
-400
-547
-587
-512
-513
-570
-474
-372
-288
-27
250
476
687
731
734
824
788
656
561
476
458
421
481
704
1010
1480
2022
2370
2294
1947
1566
936
235
-19
72
314
667
1110
1563
1718
1594
1357
729
-52
-724
-1300
-1588
-1673
-1575
-1250
-860
-517
-446
-646
-778
-842
-995
-1036
-812
-665
-574
-460
-451
-567
-778
-826
-826
-881
-816
-651
-483
-443
-427
-564
-886
-949
-939
-980
-930
-767
-427
-348
-359
-230
-283
-332
-405
-502
-486
-367
-128
123
368
615
731
722
594
460
477
689
913
979
1093
1303
1397
1285
1262
1351
1283
1179
1181
1179
1071
956
1085
1116
743
401
45
-389
-720
-806
-650
-424
-86
164
159
14
-160
-446
-785
-914
-877
-849
-734
-575
-515
-454
-344
-211
-282
-449
-516
-634
-802
-952
-959
-890
-603
-213
-79
-2
64
-15
-281
-521
-456
-477
-612
-373
-141
-137
-122
67
167
1
13
113
75
88
472
969
1191
1310
1442
1428
1177
775
489
452
514
587
753
1025
1197
1162
1163
1218
898
360
94
52
-72
-224
33
401
279
193
332
213
-108
-363
-361
-489
-714
-536
-334
-383
-450
-476
-530
-621
-733
-845
-884
-834
-858
-923
-898
-761
-766
-697
-466
-428
-550
-574
-550
-787
-1079
-1079
-1018
-1109
-985
-687
-508
-387
20
421
415
423
538
411
185
231
402
376
427
892
1216
1216
1219
1316
1225
980
1010
1041
976
1025
1185
1239
1091
855
537
229
-35
-203
-304
-256
-72
5
131
286
230
-14
-332
-587
-935
-1272
-1277
-1199
-1188
-980
-728
-665
-787
-957
-1108
-1372
-1444
-1252
-1079
-833
-448
-105
22
-66
-258
-540
-814
-980
-1071
-1026
-730
-284
88
436
751
856
740
642
611
309
116
309
630
1003
1372
1711
1873
1805
1696
1454
1085
878
831
884
1070
1294
1445
1399
1284
1097
649
227
54
-74
-178
-85
211
443
492
533
372
-36
-312
-463
-777
-1063
-1032
-874
-812
-748
-682
-772
-927
-912
-936
-1029
-948
-732
-558
-456
-343
-359
-518
-674
-839
-996
-1154
-1131
-921
-790
-641
-363
-207
-196
-205
-216
-252
-256
-131
43
213
376
458
496
523
493
597
861
1042
1093
1090
1128
1080
868
827
857
733
743
872
952
917
886
952
853
619
442
203
-132
-401
-558
-610
-643
-653
-602
-590
-586
-600
-792
-992
-1100
-1225
-1336
-1380
-1278
-1184
-1074
-861
-760
-761
-748
-714
-712
-791
-795
-777
-744
-596
-427
-322
-266
-151
0
117
193
299
398
484
587
594
534
464
415
446
472
632
892
1113
1366
1549
1570
1422
1215
957
635
454
470
650
878
1117
1377
1592
1678
1518
1251
847
329
-93
-331
-394
-439
-326
7
282
280
97
-130
-528
-1031
-1366
-1513
-1586
-1561
-1340
-1028
-886
-821
-710
-647
-721
-847
-928
-985
-1051
-1096
-1037
-904
-744
-566
-355
-145
21
163
302
432
533
569
517
444
383
365
354
409
581
754
875
992
1154
1178
1073
987
958
862
697
634
630
641
612
625
691
707
697
635
618
530
324
188
47
-113
-318
-506
-604
-782
-954
-926
-803
-772
-797
-702
-689
-877
-1023
-1111
-1233
-1381
-1373
-1232
-1191
-1171
-1065
-988
-983
-968
-933
-958
-940
-814
-698
-528
-344
-205
-49
142
324
371
344
398
457
413
431
592
664
653
721
770
760
838
1067
1288
1401
1489
1517
1424
1200
897
605
395
314
264
319
598
832
930
997
974
701
257
-91
-380
-740
-960
-816
-571
-392
-89
187
224
91
-102
-478
-1051
-1431
-1550
-1647
-1642
-1303
-886
-598
-290
15
60
-110
-208
-351
-668
-862
-861
-822
-786
-583
-221
9
258
610
847
917
942
944
779
565
455
377
323
332
463
609
762
1000
1188
1267
1316
1325
1190
968
768
602
499
462
480
520
542
567
502
388
321
187
26
-64
-153
-221
-249
-218
-187
-234
-269
-349
-520
-685
-837
-1019
-1209
-1321
-1384
-1462
-1436
-1333
-1241
-1109
-954
-878
-883
-870
-872
-971
-1061
-1022
-964
-970
-876
-688
-578
-504
-357
-155
-41
79
259
333
340
343
350
317
283
340
464
611
828
1103
1268
1318
1319
1237
1088
934
819
723
699
743
808
881
976
1058
1061
997
828
533
230
8
-165
-266
-219
-105
-50
3
51
2
-136
-334
-598
-890
-1102
-1195
-1184
-1118
-1025
-872
-740
-620
-530
-555
-628
-697
-792
-869
-862
-732
-612
-529
-347
-191
-146
-135
-54
1
-3
49
121
229
364
519
626
599
589
596
616
679
761
853
899
987
1117
1158
1186
1194
1131
989
849
745
610
531
516
509
497
500
516
446
330
249
151
3
-136
-245
-324
-445
-530
-564
-600
-636
-680
-663
-672
-725
-783
-840
-850
-873
-920
-899
-792
-702
-649
-513
-428
-421
-447
-461
-462
-506
-504
-419
-330
-218
-124
-19
105
176
211
213
242
235
217
280
394
497
563
650
705
651
551
440
350
273
255
365
459
495
605
685
682
579
412
238
44
-99
-165
-180
-128
-1
112
142
96
-20
-255
-517
-691
-851
-990
-1017
-906
-755
-650
-524
-403
-404
-479
-530
-601
-736
-832
-763
-651
-589
-486
-349
-287
-320
-293
-234
-188
-89
65
200
290
382
421
384
355
323
276
297
406
570
718
856
1008
1092
1062
969
881
758
557
443
440
469
525
626
793
866
839
770
637
454
208
28
-83
-167
-184
-124
-11
94
134
108
-10
-166
-322
-508
-653
-750
-814
-810
-767
-654
-536
-453
-372
-328
-340
-402
-416
-424
-478
-527
-506
-433
-386
-325
-219
-173
-215
-242
-203
-210
-237
-172
-34
86
162
263
357
413
431
425
377
293
229
207
205
231
308
435
583
690
717
659
543
420
301
212
168
124
92
121
178
168
137
161
159
140
112
79
19
-128
-247
-317
-392
-435
-450
-453
-484
-536
-529
-506
-500
-472
-430
-420
-446
-523
-613
-660
-653
-605
-514
-350
-189
-125
-102
-88
-169
-301
-349
-346
-352
-299
-146
62
242
413
569
627
586
502
362
207
99
66
104
229
464
699
832
928
990
875
608
397
236
51
-29
55
161
199
253
355
369
256
156
59
-105
-241
-303
-337
-371
-326
-221
-205
-243
-280
-359
-475
-584
-625
-620
-593
-510
-417
-372
-315
-248
-248
-282
-292
-271
-263
-265
-244
-208
-189
-148
-89
-49
-36
27
163
298
429
526
613
650
633
568
463
345
244
200
235
372
537
728
903
969
947
839
656
414
177
56
-25
-32
93
267
436
556
589
529
367
135
-79
-283
-456
-523
-483
-390
-235
-89
-42
-84
-176
-289
-470
-611
-683
-777
-809
-744
-660
-589
-532
-446
-400
-422
-412
-421
-482
-519
-509
-500
-528
-540
-473
-391
-293
-166
-75
-2
76
137
137
86
52
-24
-108
-103
-44
21
115
299
493
581
616
637
548
362
217
145
81
73
170
303
442
574
691
717
654
537
376
170
-22
-129
-176
-135
10
164
282
395
442
362
196
53
-102
-279
-375
-401
-367
-293
-170
-38
22
60
21
-96
-242
-397
-500
-578
-547
-441
-309
-143
-13
47
59
45
13
-73
-163
-218
-241
-208
-114
10
106
199
270
279
228
139
30
-47
-85
-63
-19
44
130
216
283
315
339
319
277
240
179
105
40
-20
-59
-58
0
48
33
37
59
66
48
48
75
23
-55
-111
-188
-264
-305
-275
-220
-166
-110
-65
-16
1
3
-23
-73
-132
-230
-279
-224
-165
-95
38
140
193
178
159
139
65
24
-19
-82
-110
-89
-10
67
164
259
286
289
262
179
64
-6
-45
-77
-69
25
125
194
236
251
234
174
134
68
-27
-95
-90
-87
-123
-137
-121
-112
-140
-171
-186
-212
-241
-237
-231
-215
-210
-215
-204
-241
-320
-388
-418
-403
-350
-266
-166
-61
34
91
110
79
37
-32
-145
-207
-200
-164
-68
104
283
400
465
481
373
189
38
-66
-175
-200
-84
67
195
343
478
486
432
407
331
186
86
36
-22
-47
6
69
139
259
374
390
340
302
239
110
-2
-52
-108
-152
-145
-110
-108
-113
-107
-104
-96
-104
-113
-125
-104
-94
-121
-117
-99
-148
-203
-191
-166
-168
-145
-44
7
-22
-13
-1
-68
-121
-106
-81
-95
-74
-27
4
39
77
106
73
25
-38
-117
-159
-138
-117
-83
51
172
207
219
255
210
101
52
19
-77
-163
-138
-113
-119
-40
118
202
216
240
209
114
15
-58
-142
-188
-135
-80
-65
-23
50
75
85
133
104
17
-56
-99
-166
-254
-259
-223
-165
-94
-10
34
2
-33
-70
-143
-212
-265
-312
-299
-258
-186
-87
28
100
101
95
94
65
-9
-20
-14
-40
-27
19
40
56
104
175
201
218
246
217
152
113
95
22
-29
6
31
24
73
167
163
121
136
108
11
-32
-48
-114
-126
-43
18
17
66
156
144
77
71
63
-16
-75
-40
-7
-19
15
74
76
65
91
101
72
27
4
-28
-39
-12
-4
1
51
94
104
115
122
88
24
-18
-50
-89
-123
-121
-102
-82
-31
3
-36
-60
-62
-119
-168
-146
-109
-134
-129
-58
-45
-83
-62
-26
-57
-94
-71
-62
-78
-56
-33
-32
-26
10
26
0
13
30
-10
-28
-22
-36
-63
-48
-18
-19
-1
25
27
16
39
58
41
42
49
37
21
56
93
91
102
128
112
52
39
48
28
17
44
53
48
68
99
76
46
43
24
-3
-15
-13
-47
-72
-46
-44
-53
-47
-35
-42
-53
-31
-40
-86
-95
-77
-91
-126
-124
-111
-106
-84
-55
-46
-37
-8
10
6
2
-4
-3
8
22
23
6
25
42
24
27
30
25
26
50
77
45
35
66
81
51
49
83
52
11
24
35
2
-23
-13
-16
-26
-17
-3
-3
-1
37
63
56
73
73
40
9
20
22
-16
1
32
42
43
68
81
47
42
70
61
36
21
23
13
-4
-3
-16
-35
-46
-41
-51
-53
-39
-49
-60
-52
-48
-58
-47
-38
-60
-61
-41
-35
-49
-59
-49
-43
-51
-63
-68
-59
-47
-46
-42
-37
-44
-33
-8
12
-4
-33
-40
-37
-40
-58
-32
7
26
38
59
73
76
85
90
87
66
59
43
45
64
79
84
83
104
108
106
95
68
44
16
9
5
-10
-3
-10
-42
-51
-70
-89
-93
-72
-49
-69
-82
-87
-117
-134
-116
-85
-83
-99
-90
-79
-78
-85
-76
-66
-46
-19
-1
8
-9
-18
-26
-22
-12
-20
-28
-11
11
14
4
20
51
59
60
59
65
63
49
47
53
62
77
72
74
67
44
42
52
71
87
89
86
89
92
79
51
42
44
51
55
64
83
84
57
29
24
14
-2
-7
-3
-8
-11
-5
-12
-33
-37
-41
-45
-33
-42
-52
-57
-38
-28
-27
-35
-46
-59
-73
-65
-57
-58
-53
-45
-47
-37
-20
14
34
30
20
11
-5
-26
-21
-18
-10
-7
25
62
50
46
37
37
16
-25
-37
-45
-47
-54
-41
-17
2
31
48
34
-2
-21
-30
-38
-56
-43
-13
1
22
23
-5
-36
-39
-43
-47
-37
-18
-27
-43
-22
-16
-27
-29
-8
-4
-24
-28
-14
-20
-27
5
16
-7
-28
-4
15
-5
2
44
59
52
88
121
113
84
83
82
67
65
60
42
12
18
18
0
-5
-12
-25
-54
-56
-52
-73
-95
-53
-19
-46
-78
-72
-77
-119
-118
-100
-113
-142
-127
-99
-110
-118
-71
-21
-23
-19
0
11
-6
-13
6
23
28
47
78
84
86
108
130
130
120
123
132
126
114
109
113
108
111
127
148
154
150
160
150
121
104
108
110
84
58
48
49
66
84
88
80
64
34
-7
-32
-52
-95
-107
-82
-60
-77
-89
-75
-92
-121
-132
-122
-154
-201
-193
-170
-180
-182
-153
-127
-124
-121
-95
-86
-89
-85
-67
-57
-59
-65
-40
-21
-21
-20
-19
3
19
29
36
34
33
42
40
33
40
53
61
69
81
75
59
58
45
17
6
17
27
23
15
19
34
33
35
37
40
36
29
20
1
-23
-40
-34
-22
-23
-13
13
31
36
31
17
-23
-65
-72
-74
-86
-103
-84
-51
-37
-23
-22
-21
-29
-19
12
18
7
-3
-10
-25
-32
-16
-19
-26
15
45
44
48
71
77
45
41
64
61
45
58
88
100
89
89
103
105
94
85
66
37
46
63
70
67
53
51
55
50
38
21
-1
-10
-5
2
7
4
10
17
24
-3
-41
-66
-75
-77
-96
-103
-78
-66
-64
-63
-61
-66
-83
-73
-68
-76
-85
-58
-22
-26
-26
-17
-21
-48
-54
-35
-28
-13
11
34
38
29
31
23
-9
-19
-14
-14
-6
6
12
11
12
20
5
-3
9
15
16
31
44
33
16
3
-19
-52
-70
-53
-22
-4
27
61
56
14
-12
-8
-36
-67
-69
-68
-71
-61
-13
24
4
-12
-13
-15
-31
-31
-1
10
10
6
21
24
6
10
23
6
-7
-5
-3
-2
-6
-9
-15
-2
7
30
38
38
44
29
15
1
-2
-8
-13
0
11
9
8
6
19
38
36
51
57
41
29
22
36
46
42
40
67
72
46
33
30
26
26
42
43
27
-1
-15
-19
-38
-37
-8
33
37
22
28
27
14
7
-2
-14
-17
-12
-11
-34
-56
-50
-49
-43
-26
-6
-14
-42
-55
-71
-85
-77
-41
-2
-2
-10
-6
-14
-19
-7
9
14
37
55
26
-5
-2
-3
-16
-16
-9
-4
-11
-6
26
33
15
14
26
28
24
37
53
47
37
39
45
36
23
16
0
-16
-15
-8
-20
-45
-51
-42
-25
-25
-38
-38
-39
-33
-29
-30
-49
-57
-52
-65
-80
-91
-84
-79
-72
-42
-24
-17
-17
-25
-19
-11
7
22
33
21
0
-22
-46
-33
-20
-22
-11
2
-1
-1
5
13
26
38
61
77
84
81
69
59
59
67
73
61
52
43
47
57
53
70
81
67
49
30
13
-15
-32
-34
-16
13
18
22
16
3
-11
-11
7
6
15
33
34
29
12
1
-5
-23
-38
-28
-14
-30
-47
-29
-9
-9
-21
-13
-21
-40
-52
-41
-27
-37
-34
-35
-23
-13
-10
5
7
-5
-18
-17
-13
-15
-9
-12
5
13
11
32
40
29
12
23
29
40
48
51
56
56
46
51
44
19
21
16
0
-21
-32
-30
-25
-19
-1
14
5
-25
-46
-59
-59
-38
-33
-37
-42
-50
-57
-48
-18
-8
-5
20
21
-6
-45
-73
-72
-70
-49
-17
2
-11
-29
-18
-18
-27
-22
-7
17
31
58
52
17
-6
-19
-21
-17
2
5
-11
-22
-32
-34
-39
-50
-50
-48
-45
-25
-23
-17
-11
-18
-15
-8
0
0
1
15
40
40
27
43
76
80
86
108
96
76
72
80
75
51
39
39
50
49
50
59
64
81
90
88
78
69
52
25
11
-10
-42
-35
-2
3
-20
-26
-14
-15
-16
-12
-11
-29
-56
-46
-26
-32
-45
-46
-44
-35
-19
-23
-39
-27
6
30
37
38
32
-1
-15
-10
-28
-59
-60
-33
-28
-39
-31
-20
-32
-34
-29
-25
-43
-69
-63
-41
-61
-84
-73
-69
-69
-50
-23
-29
-22
-14
-20
-11
-1
16
22
29
38
39
33
30
36
31
36
51
63
41
40
61
76
78
66
64
45
49
45
35
24
7
12
15
4
9
8
6
18
35
10
-30
-39
-50
-57
-48
-58
-74
-59
-34
-5
-10
-23
-34
-40
-54
-74
-65
-70
-67
-39
-21
-4
9
21
28
21
17
15
18
16
-4
-9
11
21
19
1
5
28
34
38
30
38
36
26
33
37
43
32
37
45
34
19
18
23
23
8
3
4
-26
-52
-44
-5
0
-15
-11
-5
5
11
16
18
18
5
9
24
21
15
32
50
59
43
16
8
6
-4
-19
-17
-14
-20
-18
-14
-19
-29
-37
-28
-24
-39
-35
-31
-36
-40
-24
-16
-27
-29
-22
10
13
8
18
41
36
9
15
12
2
2
1
-4
-16
-20
-21
-32
-33
-17
-18
-25
-29
-5
-4
-11
-1
-10
-22
-31
-24
-11
9
13
21
25
22
23
1
0
11
19
38
55
63
57
46
46
44
30
21
26
42
34
18
19
23
13
3
2
-2
-8
-33
-48
-39
-49
-72
-74
-57
-61
-76
-82
-84
-79
-66
-66
-75
-57
-42
-39
-19
-2
-1
1
-1
4
6
-18
-24
-6
-14
-15
12
26
17
7
14
22
9
-3
-2
13
5
-4
6
1
1
14
23
33
39
35
46
63
70
77
95
108
123
137
126
117
104
87
77
69
60
48
67
82
59
43
42
31
19
0
-38
-58
-78
-101
-103
-97
-95
-89
-71
-57
-50
-52
-57
-62
-69
-70
-61
-55
-53
-41
-38
-34
-27
-15
-4
-1
14
29
17
6
15
26
24
18
16
-6
-38
-49
-37
-30
-22
-4
12
14
13
10
5
-17
-29
-20
1
11
6
6
11
18
17
14
25
32
18
6
-11
-29
-37
-25
-11
2
9
4
2
4
-9
-10
2
2
-1
-8
-10
-6
-12
-20
1
27
30
21
15
19
-3
-12
5
15
9
-12
-10
-9
-25
-36
-33
-30
-27
-17
-2
-8
-15
-20
-14
-2
3
0
-16
-33
-33
-16
-10
2
24
42
53
59
46
17
14
23
27
23
39
58
60
64
70
72
63
54
55
51
28
7
-1
-13
-16
-10
0
7
8
6
-15
-22
-20
-25
-26
-25
-17
-2
-1
-6
-9
-9
-9
-17
-34
-36
-26
-38
-54
-57
-55
-53
-44
-36
-22
-19
-16
-9
-1
-9
-5
14
6
-7
0
6
15
18
23
37
36
21
19
39
49
33
27
30
29
35
30
35
38
40
38
26
27
13
1
-10
-6
-2
-7
-1
2
6
3
-7
-7
-10
-11
-10
-19
-29
-40
-49
-51
-48
-36
-31
-35
-32
-25
-17
-30
-43
-41
-44
-45
-43
-49
-50
-59
-60
-56
-46
-33
-27
-18
-24
-34
-38
-32
-24
-4
14
24
31
29
31
25
20
13
14
27
23
22
30
27
19
14
13
19
25
35
32
36
46
53
62
47
47
51
53
54
58
66
75
75
57
40
29
25
20
9
18
27
35
33
12
-4
-23
-24
-18
-19
-24
-37
-54
-62
-58
-56
-50
-35
-31
-25
-23
-30
-28
-33
-34
-32
-17
7
23
35
30
16
8
2
2
5
2
-16
-26
-24
-29
-32
-15
1
-3
-20
-29
-29
-23
-8
-5
6
23
37
42
33
35
14
10
21
37
57
65
66
49
45
40
35
37
29
24
22
20
6
-15
-23
-23
-25
-23
-27
-31
-44
-51
-60
-75
-84
-82
-67
-62
-80
-95
-106
-118
-109
-81
-65
-55
-36
-13
6
14
17
23
17
2
3
13
25
24
36
51
54
60
75
80
70
53
38
33
23
19
33
53
65
65
66
70
51
21
-1
-12
-27
-40
-29
-12
-13
-13
-9
-13
-24
-32
-38
-44
-48
-40
-24
-18
-19
-11
1
3
10
23
40
36
17
18
20
20
18
27
30
14
4
3
2
-5
-7
-7
-10
-24
-17
-12
-16
-8
-4
-2
3
1
-1
-8
-17
-16
-11
-13
-13
-13
-22
-10
4
8
8
19
29
26
29
32
31
21
10
2
1
1
14
20
23
26
36
50
30
20
33
26
19
12
-5
-8
-11
-5
12
19
20
22
11
-20
-37
-46
-44
-34
-22
-6
-1
-2
-11
-28
-38
-36
-25
-26
-36
-40
-38
-33
-24
-22
-23
-18
-14
-14
-12
-2
6
7
4
5
10
8
9
13
13
0
-18
-35
-43
-37
-35
-30
-22
-8
4
5
-6
-18
-23
-38
-42
-32
-36
-33
-22
-10
12
14
11
5
-3
5
13
8
7
13
23
35
43
39
32
36
41
34
27
16
15
24
17
13
8
-7
-7
-11
-15
-18
-15
-1
-5
-9
-12
-12
-14
-11
4
15
18
21
28
22
21
37
42
46
43
37
40
44
43
36
34
24
25
32
36
33
32
21
17
30
31
33
38
49
49
28
6
9
3
-10
-16
-3
-4
-23
-26
-24
-25
-29
-40
-49
-61
-89
-96
-86
-76
-65
-46
-16
-4
-18
-14
1
7
3
4
12
12
4
7
16
-1
-22
-30
-23
-24
-31
-28
-25
-24
-27
-17
1
-4
-27
-26
-14
-20
-25
-12
11
9
9
31
37
16
2
-8
-24
-38
-31
-17
-28
-40
-36
-13
1
-2
2
13
3
-5
-4
-4
-7
-11
-15
-8
1
9
5
5
13
18
30
51
47
38
40
41
38
19
21
31
26
13
17
38
29
6
10
28
29
16
11
2
-27
-51
-43
-35
-28
-14
-13
-6
-12
-27
-36
-40
-26
0
21
27
23
18
15
24
30
28
34
36
27
16
22
30
31
33
29
34
42
44
40
34
20
6
12
16
17
29
31
22
19
19
22
7
-1
-7
-21
-22
-28
-31
-25
-29
-35
-37
-32
-24
-21
-32
-32
-28
-19
-23
-51
-67
-64
-55
-42
-17
-4
-17
-24
-19
-21
-23
-18
-9
7
11
7
-1
-15
-23
-14
-2
16
21
28
43
35
8
-6
13
11
-9
10
43
38
18
21
26
-9
-34
-6
8
-7
-16
-1
1
-19
-23
-7
-5
-27
-20
0
-4
-30
-44
-34
-42
-57
-44
-17
-16
-38
-16
27
6
-31
-25
9
18
-4
15
53
31
5
25
46
2
-46
-8
24
-4
-9
33
47
1
-8
34
27
-21
-24
7
15
-13
-12
20
22
9
27
57
55
34
50
74
47
15
22
58
49
26
35
40
31
9
3
10
5
-6
9
13
-7
-7
6
10
-9
-12
-2
-2
-8
-16
-19
-39
-43
-17
-26
-48
-46
-27
-31
-45
-23
-9
-28
-44
-12
8
-31
-45
-6
17
-8
-16
11
2
-46
-38
6
-5
-30
-9
50
53
14
31
67
57
17
32
60
37
12
39
76
50
17
48
70
32
-5
22
47
-13
-43
0
6
-53
-66
6
15
-54
-60
-7
-16
-85
-74
-31
-77
-136
-101
-32
-54
-94
-50
0
-36
-82
-53
-8
-47
-70
-14
22
-12
-44
-8
16
-25
-50
-17
-3
-27
-32
20
42
15
21
63
73
38
58
89
64
33
55
89
57
41
79
100
73
59
100
88
26
20
44
24
-26
-14
23
-8
-39
-18
8
-32
-61
-13
9
-22
-43
-3
18
-22
-32
-4
4
-19
-18
17
18
-20
-22
11
13
-11
15
55
38
-4
5
19
-27
-73
-42
4
-34
-62
-29
-4
-55
-70
1
3
-60
-60
-1
-13
-68
-35
25
-3
-45
7
56
5
-9
51
77
24
2
77
95
31
5
46
58
12
10
60
65
12
2
46
20
-42
-38
23
21
-23
-4
39
13
-46
-19
19
-29
-63
-6
48
-7
-53
9
39
-15
-40
34
42
-37
-37
19
18
-58
-58
4
-14
-62
-43
25
20
-28
-10
15
-6
-52
-42
-1
-24
-61
-58
-16
-15
-48
-38
-6
-20
-59
-55
-18
-30
-54
-39
-13
-22
-43
-19
3
-13
-20
-3
18
16
21
51
57
47
34
41
36
8
2
3
16
29
35
40
39
44
34
16
18
20
12
-2
17
46
39
37
54
57
37
22
42
46
12
-13
-1
21
20
21
41
49
-2
-42
-33
-19
-41
-38
19
39
-5
-39
-6
-5
-64
-67
-17
-2
-49
-47
25
20
-36
-20
40
29
-37
-14
33
1
-40
-5
52
20
-35
10
58
13
-35
17
73
16
-29
26
68
-1
-64
-14
28
-39
-78
-3
41
-21
-50
25
62
-11
-49
6
14
-65
-77
2
18
-47
-49
11
0
-62
-54
16
15
-29
-6
35
6
-44
-23
34
6
-40
-11
28
6
-38
-1
52
19
-28
-14
21
-14
-45
-10
24
-4
-38
5
35
-2
-31
-3
23
-16
-38
18
47
16
11
40
48
12
0
23
32
21
30
50
37
10
3
29
28
7
10
33
26
-7
