-6
-6
-5
-9
-15
-14
-4
9
20
31
35
38
42
39
23
17
14
18
26
25
34
31
27
28
27
20
10
7
-1
-2
-8
-26
-32
-28
-28
-23
-18
-17
-14
-1
7
10
1
-8
-6
5
8
8
8
0
-11
-15
-13
-11
-7
1
6
1
-2
2
11
4
-10
-24
-30
-29
-29
-25
-21
-13
-4
-10
-19
-29
-37
-38
-29
-20
-13
-10
-9
-19
-25
-19
-14
-16
-27
-39
-40
-31
-29
-16
-10
-11
-7
-5
-4
-5
-7
-10
-9
7
16
18
12
-8
-30
-47
-48
-36
-16
-4
2
-7
-17
-23
-21
-12
-16
-22
-24
-23
-19
-4
18
32
41
46
44
38
30
24
23
18
16
25
39
41
38
40
38
40
40
44
50
49
44
34
45
64
69
67
62
53
46
36
31
23
21
25
39
52
43
27
5
-9
-16
-19
-12
-9
-22
-28
-35
-30
-15
4
19
14
11
9
2
9
16
11
1
-12
-25
-34
-35
-45
-59
-67
-50
-40
-40
-44
-55
-57
-54
-59
-60
-60
-57
-45
-29
-18
-13
1
3
0
-8
-11
-2
2
4
2
-6
-11
-13
-15
-20
-26
-30
-34
-19
-2
10
5
-4
-11
-20
-24
-20
-22
-18
-11
-6
9
14
12
18
29
30
20
22
21
27
39
48
63
70
60
45
35
26
21
22
17
24
26
16
9
9
-6
-14
-7
-21
-16
6
3
11
10
-15
-41
-44
-26
-14
-1
-3
2
7
8
15
15
23
27
24
0
-29
-54
-73
-68
-59
-53
-35
-12
12
14
9
-13
-44
-57
-55
-47
-31
3
31
50
59
65
71
82
79
65
67
58
46
46
42
33
27
26
17
1
-18
-29
-37
-32
-17
-13
-5
-8
-17
-20
-32
-43
-46
-30
-9
-8
-16
-15
-9
-6
13
26
24
22
17
32
46
37
27
17
11
10
1
3
5
2
5
19
40
49
56
58
47
16
-9
-32
-43
-50
-59
-57
-47
-45
-36
-25
-18
-14
-19
-19
-17
-22
-33
-35
-32
-26
-29
-28
-27
-37
-42
-38
-30
-15
-1
3
14
21
15
13
13
7
9
14
10
10
14
18
17
13
7
11
18
16
12
6
1
-9
-9
-5
8
9
-7
-12
-17
-25
-27
-27
-15
3
17
12
0
-20
-47
-54
-47
-27
-10
-2
6
5
1
6
14
10
0
-7
-8
-5
-8
-14
-16
-13
-7
-3
5
9
5
8
6
5
9
19
32
32
32
33
25
16
14
20
26
32
40
40
43
44
44
41
46
51
45
46
38
23
11
5
-1
-3
5
19
23
21
22
36
38
19
-1
-14
-21
-21
-9
5
33
49
42
25
3
-9
-13
-7
-4
-3
-6
-11
-17
-32
-48
-48
-41
-37
-46
-40
-47
-76
-94
-106
-100
-77
-44
-9
14
18
9
3
2
-1
-9
-12
2
7
12
15
14
22
22
16
13
7
-12
-30
-44
-60
-66
-65
-51
-26
-11
1
1
5
6
-11
-23
-29
-24
-15
-2
-1
-5
-1
-1
-2
5
5
5
12
26
31
34
30
22
25
28
29
27
23
23
24
24
15
11
8
-2
-9
-6
-14
-19
-28
-33
-37
-32
-14
-1
17
28
26
25
25
27
32
43
52
55
47
34
44
57
54
50
45
39
39
41
32
26
15
3
-2
-5
-7
-4
-7
-22
-27
-32
-36
-25
-16
-17
-18
-27
-32
-24
-16
-10
10
29
30
37
41
35
29
17
-12
-15
-13
-47
-96
-112
-94
-90
-91
-61
-18
3
15
18
-8
-32
-38
-56
-85
-81
-37
6
20
65
144
162
133
129
129
132
122
59
32
56
11
-78
-95
-84
-85
-83
-91
-79
-74
-125
-163
-172
-194
-221
-233
-239
-219
-218
-277
-297
-254
-206
-174
-140
-100
-42
3
7
56
140
180
160
146
186
207
124
49
62
79
94
91
103
181
197
138
121
141
188
229
228
256
315
311
274
274
245
211
220
217
154
66
-26
-65
-53
-150
-245
-233
-173
-132
-165
-222
-220
-173
-154
-129
-102
-125
-44
176
183
-26
-14
207
174
-184
-365
-210
-354
-775
-819
-686
-755
-754
-551
-291
-24
124
265
529
634
547
501
496
428
177
-152
-203
-166
-329
-382
-183
58
249
360
435
611
752
697
713
887
868
661
612
708
637
468
472
530
452
315
280
273
172
88
3
-192
-373
-502
-722
-897
-962
-1049
-1033
-875
-742
-420
192
580
680
895
1195
1296
967
389
77
-260
-1057
-1869
-2380
-2636
-2795
-3029
-2990
-2454
-1868
-1387
-917
-378
684
1918
2266
2310
3221
4216
4092
3512
3678
4009
3319
2201
1697
1241
363
-519
-1375
-2090
-2452
-2959
-3547
-3515
-3324
-3582
-3624
-2912
-2307
-2316
-1917
-872
-260
-4
641
1247
1640
2284
2650
2458
2476
2764
2580
1895
1422
1064
305
-394
-897
-1826
-2706
-3001
-3344
-3706
-3594
-3354
-3124
-2518
-1702
-1164
-752
54
862
1139
1491
2092
2244
2428
3104
3483
3643
4181
4683
4851
4938
4837
4325
3566
2752
1607
57
-1218
-2206
-3506
-4577
-4897
-5085
-5096
-4395
-3488
-2732
-1812
-769
1
591
1154
1293
1119
1306
1501
1148
996
1395
1607
1552
1836
2288
2257
1875
1522
940
-169
-1504
-2786
-3993
-5023
-5885
-6545
-6543
-5897
-5181
-4292
-2854
-1186
202
1447
2635
3629
4737
5720
5885
5878
6604
7115
6561
5739
5623
5386
4049
2462
1326
16
-1508
-2751
-4079
-5144
-5532
-5894
-6214
-5702
-4939
-4515
-3780
-2465
-1334
-722
191
1317
1982
2481
3152
3197
3022
3595
3694
2593
1897
2068
1398
-131
-1086
-1668
-2643
-3697
-4646
-5441
-5649
-5672
-6011
-5907
-4953
-4082
-3566
-2466
-824
267
1080
2489
3973
5170
6242
6944
7700
9102
9595
8356
7503
7623
6386
3585
1442
5
-2165
-4400
-5793
-6869
-7425
-7098
-6623
-6036
-4741
-3489
-2737
-1569
-66
425
392
1297
2226
1968
1914
2692
3089
3363
4120
4216
3894
4220
3783
2101
777
-192
-1926
-4087
-5630
-6769
-8033
-8535
-8139
-7770
-6908
-5112
-3734
-2622
-719
798
1583
2808
4005
4881
6010
6724
6917
7699
8836
8699
7414
7053
7140
5160
2360
975
-674
-3276
-5141
-6524
-7839
-8188
-7995
-7929
-7082
-5336
-4001
-3295
-1750
146
711
1144
2719
3506
3349
3985
4597
4594
5002
5265
4632
4360
4423
3339
1400
247
-575
-2640
-4872
-5815
-6855
-8146
-8097
-7488
-7104
-5985
-4504
-3229
-1515
354
1531
2455
3871
5375
6212
6712
7467
8061
8588
8994
8248
6994
6567
5310
2401
-29
-1740
-4054
-6347
-7833
-8913
-9599
-9504
-8777
-7786
-6428
-4721
-3276
-1876
-105
981
1275
2187
3222
3287
3423
4144
4593
4808
5223
5354
4844
4296
3663
2215
391
-1198
-3154
-5293
-6582
-7528
-8481
-8505
-7851
-7208
-6198
-4537
-2640
-967
614
2143
3300
4276
5710
6892
7319
7902
8734
9191
9145
8507
7773
7207
5654
2991
572
-1555
-3860
-6017
-7841
-9052
-9622
-9602
-8797
-7484
-6214
-4660
-2804
-962
612
1395
1881
2913
3690
3579
3586
4149
4680
4796
4825
4838
4486
3804
2940
1663
-148
-2173
-4091
-5704
-7100
-8258
-8772
-8527
-7903
-7172
-6183
-4458
-2308
-566
859
2296
3696
5340
6961
7628
7867
8740
9787
9763
8583
7594
7093
5616
3124
912
-1105
-3368
-5338
-7022
-8429
-9061
-9020
-8625
-7814
-6654
-5379
-4063
-2430
-601
476
1133
2382
3587
4083
4465
5128
5819
6354
6654
6651
6273
5591
4502
2881
1011
-1239
-3910
-6013
-7439
-9125
-10323
-10018
-9108
-8248
-6918
-4917
-2653
-672
1106
2734
3976
5376
7036
7583
7565
8409
9215
9228
8813
7960
6922
5588
3374
811
-1594
-4047
-6242
-8096
-9657
-10434
-10552
-10068
-8718
-7070
-5402
-3416
-1376
304
1388
2156
3077
3956
4393
4631
4856
5140
5607
5997
5682
4673
3846
3062
1240
-1281
-3382
-5255
-7207
-8710
-9659
-10049
-9470
-8190
-6927
-5502
-3313
-824
982
2572
4518
5961
7233
8693
9261
9473
10605
11174
9997
8634
7836
6164
3269
658
-1453
-4196
-6821
-8292
-9621
-10556
-10141
-9350
-8523
-6771
-4803
-3381
-1818
247
1771
2378
3291
4571
4999
5393
6386
6578
6271
6410
5978
4647
3491
2194
174
-2041
-3958
-5708
-7507
-8613
-8750
-8851
-8435
-6880
-5404
-4088
-2138
-456
802
2685
5032
6765
7620
8582
10369
11745
11578
10769
10231
9425
7180
3749
751
-1555
-4512
-7690
-9964
-11219
-11723
-11802
-11464
-10281
-8410
-6656
-5093
-3138
-1076
124
1041
2730
4334
5099
5756
6583
7221
7440
6965
5791
4392
2857
667
-2089
-4354
-5878
-7466
-8689
-8687
-8450
-8206
-6948
-5436
-4454
-3018
-1075
966
3338
5143
6097
7890
10753
12331
12079
12181
13052
12077
9318
7317
5238
1728
-1371
-3962
-7237
-9652
-10640
-11698
-12370
-11761
-10747
-9775
-7989
-5494
-3970
-2976
-610
1952
3139
4234
5617
6391
7066
7674
7011
5946
5580
4450
2151
291
-1071
-2944
-4794
-5876
-6919
-7977
-7817
-6983
-6863
-6315
-3798
-1014
348
1948
4892
7659
8878
9579
10854
11630
10811
9570
8709
7174
4857
2732
903
-972
-2909
-4704
-5912
-6591
-7328
-8506
-9330
-8916
-8327
-8913
-8871
-6959
-5006
-3775
-1894
729
2939
4854
6522
7355
7722
7733
6611
4858
3380
1579
-936
-2856
-3787
-4952
-6077
-5629
-4721
-4731
-3976
-1766
-108
436
1651
3256
4058
4423
4623
4905
5576
5845
5254
4776
5079
5040
3944
3026
3008
2439
663
-720
-1463
-2863
-4604
-5810
-6590
-6735
-7028
-7661
-7219
-5510
-3937
-3319
-2324
-55
1932
2534
2851
3517
3731
3160
2356
1397
243
-785
-1670
-2296
-2542
-2514
-2353
-2073
-1332
-345
928
2451
3121
3205
4139
5379
5087
3837
3777
3998
2755
1348
1092
931
107
-418
-455
-683
-825
-928
-1589
-2252
-2650
-3424
-4367
-4497
-4338
-4848
-5002
-4001
-2840
-1983
-626
1073
2399
3338
3774
3518
3215
2720
1235
-576
-1758
-2916
-4449
-5251
-5171
-5051
-4690
-3612
-2242
-1174
0
1895
3894
4807
5038
6076
7697
7920
6796
6485
7038
6408
4616
3569
3058
1975
737
-256
-1360
-2371
-3300
-4472
-5477
-6135
-6912
-7500
-6920
-5807
-5338
-4493
-2365
-240
1131
2591
4191
5333
6141
6446
5989
5350
4629
3079
930
-700
-2134
-4069
-5657
-6321
-7020
-7675
-7088
-5972
-5346
-4321
-2016
482
1789
2707
4518
6465
7030
6663
6763
7300
7019
5750
4925
4844
4320
3142
2052
1149
56
-1308
-2820
-4302
-5755
-7219
-8450
-9130
-9274
-9083
-8368
-6753
-4492
-2433
-483
1793
3852
5296
6277
6801
6917
6356
4991
3431
1960
360
-1287
-2717
-3762
-4308
-4732
-4952
-4629
-4195
-3397
-1714
-221
468
1432
3110
4396
4527
4524
5265
5559
4892
4568
4648
4257
3674
3231
2638
1966
1157
132
-908
-1969
-3086
-4173
-5087
-5686
-6230
-6602
-5985
-4775
-3901
-2915
-1388
184
1415
2361
2992
3356
3398
2839
1884
1045
313
-727
-1727
-2231
-2648
-3043
-2933
-2600
-2400
-1950
-860
327
846
1275
2372
3357
3318
2949
3153
3421
2930
1977
1584
1776
1585
1095
1046
1146
933
503
8
-657
-1617
-2583
-3358
-3947
-4498
-4933
-4756
-3749
-2555
-1541
-287
1380
2983
3896
4202
4171
3790
2858
1441
-32
-1337
-2589
-3802
-4471
-4457
-4218
-3689
-2635
-1414
-150
1517
3311
4432
4996
5770
6580
6405
5446
4608
3922
2972
1778
734
140
-259
-785
-1034
-896
-924
-1447
-1963
-2074
-2521
-3597
-4486
-4848
-5151
-5455
-5363
-4704
-3483
-2093
-732
883
2620
3984
4793
5109
5057
4497
3223
1636
73
-1614
-3329
-4611
-5374
-5884
-5966
-5434
-4601
-3543
-1896
230
1995
3137
4548
6293
7232
6998
6616
6597
6060
4721
3365
2490
1857
1078
146
-623
-1022
-1419
-2041
-2711
-3442
-4440
-5471
-6137
-6534
-6909
-6957
-6149
-4822
-3422
-1713
322
2225
3815
5060
5819
6065
5763
4735
3105
1419
-148
-1824
-3361
-4404
-4939
-5070
-4757
-4141
-3399
-2041
49
1803
2613
3520
5134
6297
6291
6050
6213
6117
5218
4084
3310
2677
1947
1111
334
-224
-788
-1627
-2522
-3366
-4424
-5467
-6139
-6651
-7134
-7258
-6578
-5260
-3807
-2135
-78
2053
3897
5264
6106
6401
6167
5251
3733
1949
-16
-1941
-3482
-4736
-5800
-6390
-6180
-5390
-4530
-3279
-1228
969
2377
3346
5020
6742
7143
6761
6818
7060
6407
5188
4384
3955
3215
2134
1230
593
-65
-978
-2003
-2866
-3906
-5455
-6821
-7491
-8040
-8707
-8690
-7588
-6075
-4521
-2475
-21
2272
4183
5681
6642
6942
6432
5250
3864
2284
266
-1751
-3096
-3959
-4889
-5468
-5200
-4772
-4565
-3829
-2294
-886
-129
794
2466
4057
4686
4993
5930
6823
6611
5860
5701
5782
5088
3880
3018
2385
1395
18
-1260
-2332
-3747
-5420
-6595
-7258
-7923
-8570
-8487
-7318
-5867
-4607
-2890
-483
1798
3454
4700
5672
6197
5929
5071
4009
2589
940
-431
-1522
-2510
-3307
-3617
-3455
-3268
-2940
-2039
-912
-355
-65
813
2001
2488
2380
2636
3330
3652
3465
3421
3731
4029
3909
3590
3453
3267
2647
1706
749
-348
-1948
-3624
-4753
-5584
-6631
-7492
-7327
-6437
-5568
-4578
-3077
-1195
466
1580
2493
3321
3606
3248
2743
2103
1103
116
-414
-713
-1114
-1308
-971
-585
-504
-178
579
1231
1491
1625
2016
2566
2601
2224
2249
2570
2395
1759
1444
1567
1577
1275
1001
960
869
496
57
-322
-897
-1919
-2921
-3397
-3828
-4632
-5062
-4571
-3736
-3061
-2270
-935
569
1575
2069
2325
2504
2316
1555
668
-124
-1044
-1930
-2398
-2686
-2879
-2641
-1967
-1413
-1060
-334
825
1742
2059
2479
3306
3958
3937
3573
3671
4058
3750
2864
2405
2292
1872
1237
731
281
-218
-788
-1364
-1998
-2788
-3584
-4261
-4786
-5252
-5669
-5559
-4562
-3345
-2385
-1139
694
2389
3325
3785
4123
4233
3832
2901
1676
323
-978
-2142
-3170
-3894
-4148
-3937
-3533
-3214
-2765
-1744
-327
695
1168
2045
3496
4291
4154
4174
4730
4930
4264
3506
3332
3269
2719
2081
1746
1379
875
400
-68
-765
-1822
-2934
-3772
-4661
-5696
-6339
-6270
-5679
-4911
-3932
-2510
-694
938
2094
3042
3745
3994
3826
3265
2313
1146
104
-767
-1606
-2326
-2671
-2537
-2250
-2104
-1796
-778
605
1225
1223
1902
3095
3500
3040
2934
3478
3495
2704
2099
2069
1961
1530
1256
1273
1270
1059
730
354
-398
-1548
-2557
-3271
-4100
-5153
-5737
-5466
-4848
-4287
-3469
-2075
-450
911
1902
2545
2825
2709
2102
1055
-110
-1186
-2019
-2652
-3203
-3439
-3141
-2360
-1595
-1100
-327
1033
2296
2758
2888
3540
4336
4234
3577
3411
3653
3293
2339
1827
1746
1446
895
461
203
-186
-568
-810
-1157
-1695
-2358
-2905
-3324
-3768
-4139
-4041
-3349
-2494
-1610
-438
1019
2382
3324
3909
4186
4017
3442
2380
771
-877
-2273
-3591
-4754
-5546
-5828
-5541
-4866
-4174
-3412
-2078
-168
1510
2397
3280
4723
5795
5776
5403
5448
5458
4707
3634
2952
2346
1511
772
245
-411
-1125
-1683
-2206
-2873
-3744
-4526
-5080
-5555
-5894
-5891
-5385
-4454
-3225
-1653
230
2075
3735
5252
6319
6682
6526
5993
4871
3172
1284
-470
-2059
-3462
-4695
-5530
-5721
-5503
-5283
-4912
-3802
-2105
-608
351
1389
3039
4595
5197
5376
5941
6614
6519
5832
5363
4985
4293
3389
2611
1783
732
-337
-1509
-2779
-4093
-5457
-6548
-7337
-8023
-8396
-8053
-7121
-5955
-4397
-2301
-56
1979
3811
5278
6148
6406
6126
5236
3855
2352
738
-860
-2123
-3281
-4198
-4417
-4157
-4101
-4135
-3365
-1900
-806
-471
1
1196
2381
2643
2582
3290
4364
4589
4148
4185
4529
4499
4168
3845
3247
2369
1557
656
-629
-2096
-3316
-4355
-5423
-6355
-6914
-6838
-6234
-5432
-4332
-2857
-1152
508
1897
3049
3904
4326
4227
3549
2562
1422
216
-904
-1792
-2483
-2906
-2810
-2464
-2219
-1960
-1183
85
1031
1304
1688
2633
3417
3318
2877
2990
3400
3146
2366
2041
2036
1745
1350
1163
874
447
72
-259
-838
-1738
-2540
-3135
-3733
-4339
-4704
-4516
-3885
-3208
-2356
-1011
492
1702
2581
3242
3620
3418
2669
1594
310
-1054
-2356
-3460
-4254
-4736
-4779
-4374
-3666
-2858
-2022
-733
1040
2565
3327
3983
5228
6296
6299
5939
5976
5984
5222
4005
3062
2234
1338
437
-345
-1078
-1780
-2272
-2693
-3243
-3852
-4261
-4345
-4411
-4571
-4378
-3690
-2753
-1752
-516
1106
2686
3999
4893
5283
5357
4957
3774
2048
238
-1651
-3584
-5298
-6550
-7254
-7510
-7329
-6586
-5617
-4586
-3152
-1281
558
1945
3058
4470
6038
6718
6655
6949
7452
7308
6390
5309
4567
3781
2639
1252
42
-875
-1842
-2938
-3933
-4801
-5580
-6024
-6235
-6440
-6276
-5560
-4464
-3167
-1607
291
2223
4009
5451
6312
6703
6649
5693
3977
2197
338
-1940
-4106
-5810
-7100
-7910
-8334
-8237
-7653
-6831
-5872
-4493
-2440
-441
724
2112
4567
6536
6949
7263
8396
9165
8701
7670
6971
6386
5345
3785
2257
1048
-142
-1585
-2894
-3852
-4994
-6103
-6507
-6650
-6953
-6725
-5568
-4050
-2585
-775
1544
3820
5515
6758
7697
8199
7913
6585
4811
3183
1090
-1464
-3655
-5355
-6804
-8008
-8441
-8085
-7544
-6930
-5720
-3848
-1958
-513
835
2796
4894
5882
6174
7018
8003
8107
7526
6956
6556
5779
4511
3157
1748
195
-1354
-2847
-4291
-5784
-7227
-8034
-8357
-8777
-8747
-7669
-6212
-4900
-3271
-962
1443
3336
4701
5802
6647
6896
6319
4969
3494
2068
-14
-2191
-3656
-4877
-5946
-6597
-6727
-6396
-5937
-5318
-4256
-2671
-965
251
1368
3256
5258
6069
6434
7468
8344
8207
7518
6902
6347
5456
4041
2528
1277
154
-1266
-2848
-3989
-4839
-5899
-6709
-6987
-7072
-6789
-5957
-4799
-3447
-1802
182
2233
4017
5443
6456
7097
7286
6586
5023
3423
1779
-399
-2618
-4314
-5627
-6665
-7314
-7362
-6836
-6126
-5299
-3914
-2001
-267
790
1910
3753
5282
5760
6058
6837
7429
7175
6401
5767
5240
4196
2572
1135
-17
-1378
-3071
-4524
-5382
-6208
-7217
-7641
-7450
-7047
-6467
-5523
-4079
-2483
-856
1012
2932
4398
5297
5982
6571
6450
5362
3934
2588
926
-1154
-3068
-4517
-5654
-6520
-6923
-6684
-5997
-5243
-4310
-2709
-653
1012
2143
3635
5654
7025
7393
7651
8270
8565
7880
6874
6257
5526
4125
2359
999
-183
-1838
-3559
-4652
-5371
-6310
-7146
-7159
-6691
-6311
-5645
-4192
-2443
-962
637
2643
4475
5534
6049
6581
6871
6087
4446
2712
1027
-1032
-3390
-5425
-6830
-7898
-8651
-8825
-8361
-7514
-6508
-5181
-3310
-1209
546
2128
4002
6006
7554
8440
9162
9917
10130
9604
8659
7454
5941
4149
2046
-86
-2112
-4068
-5799
-7065
-7952
-8608
-8969
-8779
-8156
-7511
-6564
-5099
-3493
-1992
-315
1593
3355
4761
5870
6737
7139
6749
5711
4185
2350
258
-2093
-4318
-6120
-7530
-8435
-8801
-8755
-8141
-6959
-5582
-4032
-2127
9
1970
3748
5823
7865
9185
10140
11141
11800
11750
10980
9807
8537
6919
4678
2166
-90
-2139
-4124
-5935
-7130
-7926
-8596
-8708
-8231
-7629
-6858
-5629
-4108
-2459
-763
943
2655
4310
5651
6576
7240
7410
6694
5350
3875
2131
-243
-2708
-4767
-6461
-7837
-8826
-9254
-9050
-8332
-7420
-6240
-4422
-2216
-142
1750
3909
6274
8207
9670
10902
11910
12439
12129
10964
9435
7710
5379
2524
-115
-2396
-4633
-6643
-8139
-9154
-9814
-10058
-9800
-9289
-8607
-7638
-6302
-4656
-2924
-1093
893
2915
4662
5966
7012
7655
7438
6477
5184
3469
1228
-1166
-3341
-5124
-6582
-7720
-8359
-8363
-7811
-7029
-6197
-4852
-2890
-889
976
2890
5013
7193
9010
10410
11559
12382
12577
11913
10555
8887
6827
4226
1527
-961
-3171
-4973
-6442
-7598
-8295
-8536
-8406
-8094
-7749
-7055
-5988
-4844
-3582
-2223
-761
929
2549
3831
4897
5698
5942
5494
4537
3340
1784
-223
-2240
-4001
-5524
-6731
-7629
-8042
-7792
-7158
-6448
-5369
-3601
-1514
573
2551
4492
6570
8483
9902
10778
11259
11440
10910
9506
7892
6291
4264
1838
-435
-2316
-3922
-5320
-6371
-6965
-7249
-7323
-7152
-6773
-6120
-5338
-4529
-3369
-2070
-874
613
2347
3762
4706
5422
5941
5933
5038
3581
2019
203
-1796
-3716
-5306
-6354
-7072
-7643
-7669
-6967
-5974
-4950
-3635
-1738
361
2265
4056
5976
7932
9498
10574
11189
11426
11196
10270
8637
6623
4539
2262
-254
-2611
-4511
-5914
-7111
-7969
-8257
-8193
-7894
-7445
-6891
-6049
-4984
-3856
-2600
-1264
87
1518
2930
4082
4964
5475
5560
5104
3991
2617
1065
-746
-2569
-4231
-5614
-6559
-7009
-7112
-6767
-5912
-4789
-3563
-2035
38
2183
3965
5662
7559
9311
10524
11189
11347
11148
10463
8972
6820
4591
2356
-7
-2381
-4485
-6033
-7128
-7916
-8369
-8442
-8187
-7638
-6941
-6200
-5238
-4143
-3043
-1830
-599
648
1980
3113
3818
4215
4417
4316
3547
2194
752
-777
-2527
-4289
-5820
-6847
-7373
-7624
-7470
-6692
-5420
-3972
-2535
-759
1603
3944
5885
7541
9237
10937
12024
12238
11978
11554
10678
9013
6805
4651
2562
258
-2004
-3877
-5321
-6254
-6856
-7234
-7213
-6917
-6464
-5897
-5288
-4493
-3577
-2586
-1400
-170
1004
2190
3227
3973
4488
4649
4291
3364
1991
449
-1139
-2870
-4632
-6018
-6807
-7174
-7378
-7124
-6188
-4936
-3692
-2313
-499
1635
3617
5292
6771
8277
9656
10369
10450
10319
9899
8868
7249
5333
3466
1599
-416
-2475
-4206
-5378
-6105
-6770
-7204
-7112
-6695
-6166
-5622
-5029
-4210
-3248
-2305
-1431
-588
394
1397
2120
2603
2995
3180
2942
2197
1244
323
-771
-2120
-3333
-4150
-4631
-4922
-5057
-4691
-3886
-2967
-1978
-992
109
1561
3073
4419
5634
6639
7633
8488
8849
8795
8477
7933
6981
5394
3582
1936
230
-1699
-3452
-4806
-5658
-6219
-6731
-6775
-6355
-5911
-5519
-5107
-4431
-3538
-2863
-2287
-1567
-824
-69
568
1023
1502
1926
1962
1732
1319
758
137
-660
-1469
-2209
-2872
-3245
-3375
-3426
-3271
-2699
-1849
-1029
-248
913
2488
3844
4780
5768
7073
8313
8849
8787
8736
8602
7761
6169
4429
2887
1292
-584
-2338
-3589
-4457
-5031
-5502
-5772
-5637
-5348
-5086
-4896
-4713
-4300
-3822
-3367
-2765
-2118
-1310
-283
595
1218
1862
2527
2904
2781
2419
2061
1481
521
-547
-1496
-2207
-2731
-3198
-3372
-3110
-2739
-2337
-1853
-1099
119
1369
2499
3631
4830
6159
7178
7570
7643
7593
7188
6169
4624
3063
1676
125
-1595
-2956
-3873
-4466
-4980
-5489
-5572
-5391
-5323
-5248
-5181
-4960
-4634
-4489
-4196
-3623
-2957
-1985
-928
-5
981
1968
2858
3352
3350
3244
3061
2385
1425
507
-362
-1039
-1695
-2309
-2434
-2274
-2044
-1681
-1268
-515
474
1338
2500
3777
4819
5901
6764
7329
7497
7271
7022
6391
5034
3511
2160
726
-831
-2410
-3747
-4496
-5195
-5974
-6266
-6319
-6325
-6345
-6473
-6116
-5600
-5353
-4751
-3886
-2884
-1651
-469
746
2091
3191
3983
4525
4706
4638
4259
3457
2607
1649
526
-410
-1314
-2185
-2802
-3235
-3261
-3012
-2779
-2131
-1017
313
1615
2768
4310
6002
7028
7552
7919
8121
7862
6791
5254
3850
2441
562
-1382
-2972
-4172
-5066
-5967
-6661
-6929
-7064
-6965
-6905
-7009
-6643
-6092
-5543
-4835
-3981
-2633
-1107
298
1701
3129
4527
5496
5882
6014
5942
5375
4215
2954
1815
507
-841
-2033
-2887
-3548
-4105
-4128
-3798
-3356
-2510
-1387
169
1900
3267
4740
6344
7706
8435
8518
8665
8553
7457
5765
4116
2507
492
-1627
-3403
-4753
-5762
-6659
-7412
-7836
-7801
-7520
-7453
-7290
-6655
-5993
-5247
-4355
-3408
-2084
-558
930
2245
3548
4993
5929
6171
6294
6127
5364
4179
2717
1135
-449
-1918
-3259
-4381
-5114
-5453
-5341
-4958
-4294
-3184
-1660
331
2055
3536
5595
7474
8606
9332
9689
9754
9213
7785
5951
4157
2255
-73
-2477
-4405
-5825
-7102
-8261
-8791
-8921
-8887
-8470
-8081
-7702
-6771
-5663
-4728
-3736
-2405
-742
759
2138
3476
4851
6210
7036
7217
7186
6963
6037
4344
2702
1129
-734
-2567
-4186
-5325
-6048
-6471
-6384
-5850
-4935
-3565
-1851
232
2390
4295
6327
8414
9896
10532
10664
10595
9892
8317
6188
4049
1985
-302
-2558
-4538
-6018
-6934
-7849
-8473
-8460
-8267
-7923
-7497
-6999
-6186
-5306
-4328
-3162
-2010
-522
1197
2706
4102
5504
6644
7370
7651
7391
6650
5468
3843
1991
-64
-2152
-3884
-5391
-6531
-7113
-7391
-7187
-6473
-5566
-4276
-2423
-280
1976
4123
6246
8333
9899
10873
11235
11018
10340
8943
6747
4405
2191
-273
-2890
-5151
-6867
-8026
-8736
-9135
-9221
-8942
-8118
-7109
-6457
-5669
-4528
-3424
-2284
-1160
98
1733
3262
4413
5425
6434
7251
7341
6816
6184
5149
3414
1496
-454
-2578
-4428
-5983
-7396
-8152
-8205
-7953
-7237
-5991
-4555
-2820
-576
1980
4202
6047
8223
10228
11304
11832
11862
11327
10305
8411
5745
3107
659
-2151
-5097
-7261
-8649
-9687
-10328
-10375
-9928
-9254
-8062
-6631
-5617
-4439
-2926
-1544
-146
1114
2371
3977
5489
6593
7387
8275
8932
8479
7341
6214
4783
2638
160
-2260
-4457
-6263
-7834
-9103
-9467
-9229
-8738
-7574
-5904
-4142
-2110
434
3232
5589
7498
9686
11667
12651
12918
12597
11743
10232
7654
4443
1535
-1160
-4113
-6950
-8983
-10206
-11068
-11346
-10764
-9926
-8834
-7255
-5764
-4579
-3145
-1523
-177
986
2026
3280
4764
5872
6675
7386
7863
8086
7562
6393
5209
3413
918
-1553
-4027
-6327
-8059
-9419
-10260
-10453
-10089
-8887
-7050
-5103
-3001
-540
2293
5183
7631
9667
11571
13019
13588
13484
12765
11494
9750
7192
4062
969
-1944
-4728
-7345
-9467
-10717
-11228
-11182
-10600
-9669
-8310
-6382
-4474
-2954
-1377
186
1346
2260
3125
4047
5060
5850
6231
6463
6470
6116
5264
3904
2310
361
-1999
-4259
-6272
-8169
-9594
-10348
-10589
-10216
-9081
-7459
-5493
-3240
-1052
1103
3689
6472
8686
10129
11515
12994
13541
12993
12044
10742
8904
6341
3142
77
-2533
-5113
-7694
-9597
-10486
-10643
-10303
-9326
-7925
-6491
-4786
-2725
-1080
0
1100
2214
3005
3408
3586
3949
4620
4946
4761
4665
4660
4034
2589
1020
-384
-2178
-4288
-6078
-7480
-8719
-9472
-9495
-8936
-7805
-6310
-4493
-2198
187
2190
4036
6150
8256
9604
10217
11067
12085
12135
11251
10015
8642
6908
4253
1087
-1508
-3715
-6095
-8237
-9636
-10071
-9761
-9117
-7959
-6359
-4688
-2954
-1228
141
1154
1887
2543
3117
3211
3119
3202
3508
3762
3604
3351
3229
2761
1743
411
-973
-2495
-4153
-5658
-6812
-7588
-7909
-7726
-7043
-5903
-4525
-2922
-1103
618
2076
3535
5049
6627
7828
8165
8693
9722
10018
9103
7636
6740
5820
3317
256
-1838
-3604
-5768
-7886
-9164
-9383
-9080
-8499
-7353
-5841
-4387
-2770
-1104
217
958
1107
1584
2382
2232
1841
2108
2615
2899
2605
2491
2925
2646
1685
684
-478
-1540
-2834
-4427
-5247
-5718
-6275
-6090
-5397
-4500
-3205
-1759
-113
1474
2413
3320
4503
5639
6763
7253
7431
8464
9426
9187
8374
7842
7302
5681
3000
638
-1199
-3260
-5460
-7252
-8182
-8166
-7991
-7635
-6368
-4848
-3608
-2274
-1133
-446
-220
-145
202
196
-281
-278
233
728
1038
1250
1812
2490
2372
1551
805
121
-954
-2360
-3548
-4311
-4938
-5253
-4946
-4417
-3654
-2434
-1199
-93
1010
1972
2723
3289
4202
5433
6086
6448
7574
9037
9452
8816
8455
8400
7046
4374
1897
-101
-2450
-5234
-7402
-8460
-8862
-8984
-8667
-7573
-5877
-4293
-3074
-1740
-460
-9
-54
104
215
-58
-260
152
807
1143
1730
2829
3560
3735
3473
2858
2253
1160
-743
-2602
-3989
-5333
-6568
-7031
-6718
-6082
-5166
-3754
-2189
-951
331
1579
2383
3408
4943
6119
6714
7735
9481
10533
10215
9606
9306
8402
6133
3153
488
-1886
-4560
-7239
-8912
-9406
-9505
-9362
-8430
-6792
-5289
-4137
-3018
-1962
-1387
-1342
-1240
-888
-657
-442
227
1327
2317
3285
4562
5609
5784
5308
4756
4015
2403
195
-1678
-3251
-4863
-6266
-6960
-6803
-6334
-5739
-4649
-3212
-1820
-581
559
1730
2863
4037
5606
7074
7987
9195
10938
11880
11458
10687
10241
9021
6176
2760
-48
-2563
-5566
-8591
-10491
-10988
-11117
-11164
-10099
-8100
-6431
-5086
-3496
-2000
-1201
-947
-470
80
133
293
1087
2277
3340
3957
4760
6089
6532
5549
4521
3692
1888
-983
-3463
-4917
-6411
-7997
-8544
-8125
-7462
-6526
-5111
-3240
-1323
50
1333
2851
4074
5058
6507
8085
8887
9647
11243
12343
11615
10385
9849
8418
5150
1529
-1327
-3943
-6993
-9987
-11763
-12175
-12190
-12011
-10777
-8502
-6558
-5182
-3118
-858
-54
253
1286
2181
2456
2607
3340
4564
5143
5185
5639
6279
6281
5138
3586
2648
971
-2002
-4414
-6028
-7756
-9212
-9603
-9014
-8105
-7047
-5273
-3057
-1109
657
2271
3707
4910
5679
6986
8861
9502
9668
11221
12731
12152
10329
9334
8315
4895
368
-2782
-5355
-8492
-11585
-13405
-13409
-12740
-12089
-10525
-7823
-5338
-3783
-2053
429
1939
1793
2134
3405
3737
3340
3735
4789
5449
5395
5345
5880
5912
4679
3200
1954
296
-2270
-5087
-6813
-8028
-9611
-10236
-9577
-8627
-7345
-5511
-3107
-632
1140
2707
4582
5984
6619
7307
8791
9999
9715
9746
11191
11507
9509
7581
6663
4555
464
-3333
-5669
-7985
-10907
-12933
-13230
-12431
-11505
-10392
-7953
-4701
-2511
-1059
1175
3454
4112
3737
4155
4953
4634
4092
4478
5042
5099
4797
4615
4798
4263
2545
1032
-277
-2397
-4943
-6930
-8019
-9020
-10156
-9939
-8536
-7348
-5814
-3509
-1018
1323
3043
4578
6301
7217
7349
8101
9295
9182
8125
8288
9166
8000
5241
3964
3458
789
-3105
-5619
-6973
-8743
-10942
-12077
-11390
-10025
-9040
-7543
-4679
-1772
-123
1438
3765
5102
4762
4653
5094
4693
3661
3269
3674
3750
3330
3111
3174
3056
2045
241
-1107
-2200
-4332
-6785
-8055
-8536
-9207
-9412
-8293
-6502
-4677
-2468
68
2345
4103
5525
6669
7298
7110
6444
6661
7205
5887
4384
5185
6019
4492
2519
2489
2480
11
-2795
-3841
-4724
-6534
-8179
-8637
-7842
-6841
-6093
-4321
-1482
574
1572
3150
5138
5470
4529
4681
5028
3627
2020
1697
1744
1197
511
547
966
864
131
-879
-1606
-2331
-3904
-5365
-5777
-6247
-6842
-6267
-4950
-3886
-2535
-305
1891
3036
3630
4543
5152
4643
3500
2663
2851
2873
1421
860
2615
3754
2819
2361
3592
3834
1723
-157
-726
-1955
-4045
-5578
-6098
-5912
-5768
-5368
-3653
-1469
-331
379
1956
3475
3139
1978
2148
2284
704
-689
-598
-280
-481
-588
30
1129
1660
1449
1431
1610
1067
-339
-1543
-2141
-3320
-4724
-4582
-3937
-4084
-3657
-2089
-590
31
243
957
1758
1540
595
177
1269
2322
1498
1572
4360
6471
6118
6021
7609
8113
5839
3356
2171
358
-2482
-4882
-6324
-6893
-7385
-7776
-6555
-4500
-3544
-2722
-961
617
684
-103
238
805
-99
-956
-582
269
1007
1500
2250
3761
4949
4998
4747
4576
3715
1723
-382
-1886
-3742
-5761
-6431
-6510
-7006
-6697
-5209
-3635
-2635
-1931
-578
1007
1557
1334
1322
2652
4492
4245
3965
6588
9125
9041
8384
9108
9754
7773
4409
2220
120
-2937
-5946
-8315
-9361
-9566
-9957
-9136
-6986
-5399
-4078
-2152
-155
874
686
1055
2040
1731
1208
1629
2188
3014
3855
4432
5368
6029
5914
5393
4370
2790
571
-1838
-3680
-5888
-8318
-9081
-8911
-9132
-8689
-6989
-4832
-3025
-1758
-215
1575
2636
2893
2660
2842
4369
5306
4660
5333
7668
9016
8709
8011
8335
8227
5441
1975
-509
-3170
-5999
-8713
-10713
-10851
-10397
-9991
-8202
-5584
-3182
-1056
789
2669
3673
3293
3283
3593
2858
2068
1824
1882
2407
2704
2937
3784
4238
3843
3027
1823
370
-1526
-3779
-5459
-6961
-8543
-8876
-8133
-7268
-5866
-3893
-1766
292
1630
2462
3377
3766
3337
2450
1653
2264
3219
2798
3244
5625
7734
8068
7330
7791
8102
5321
1676
-596
-2963
-5891
-8636
-10073
-9498
-8525
-7647
-5408
-2270
310
1929
3315
4981
5134
3265
2046
1685
266
-1532
-2061
-1314
-606
-339
819
2879
4060
3906
3632
3696
2724
131
-2177
-3254
-4658
-6667
-7431
-6423
-5386
-4904
-3582
-1451
230
905
1067
1636
2047
1179
80
-165
285
1195
1677
2407
4745
7260
8359
8367
8668
9134
7405
4006
1651
-653
-3889
-6221
-7412
-8021
-7826
-6842
-5071
-3246
-1882
-589
304
779
770
-471
-1639
-1757
-2443
-3351
-2815
-1393
4
1425
3255
5269
6504
6879
6730
5970
4633
2507
-194
-2353
-4164
-6289
-7659
-7622
-7206
-6876
-5851
-4172
-2838
-1907
-1067
-552
-339
-241
-292
-495
-396
1063
3017
3725
4767
7567
10245
10843
10048
10071
10150
7630
3809
983
-1483
-4210
-6897
-8897
-9369
-9036
-8619
-7470
-5703
-4057
-2830
-1689
-164
570
-6
270
1414
1623
1508
2090
3594
5242
5754
6070
6989
7373
6531
4776
3243
1860
-862
-3713
-5211
-6827
-8662
-9285
-8890
-8303
-7720
-6468
-4570
-3237
-2327
-1297
-391
497
753
268
537
1497
2717
4276
5196
6412
8801
10640
10790
9812
9326
8731
5762
1884
-846
-3497
-6183
-8301
-10137
-10587
-9536
-8424
-7242
-5367
-2953
-1011
314
1875
2784
2507
2850
3551
3201
2766
2966
3596
4418
4789
4776
5199
5808
5446
3835
2227
1181
-591
-3079
-5038
-6632
-7867
-8264
-8438
-8418
-7517
-6061
-4704
-3589
-2054
-387
484
1207
1829
1799
1965
2534
3389
4714
5284
5701
7639
9617
9631
8344
8007
8204
5908
1915
-760
-2823
-5212
-7451
-9547
-10319
-9630
-8909
-7883
-5978
-3834
-2270
-1014
785
2060
1772
1964
3090
3026
2286
2372
3003
3688
3827
3403
3703
4556
4197
2375
903
540
-683
-3576
-5921
-7005
-8137
-9287
-9712
-9452
-8487
-7080
-5637
-3847
-1977
-668
512
2013
2854
2585
2695
3418
3794
4610
5762
6572
8008
10038
11184
10770
10301
10402
8744
5073
1793
-1004
-3920
-6620
-9540
-11501
-11085
-9815
-8839
-7211
-4273
-1212
845
2731
4512
4770
4443
4716
4267
3101
2286
1801
1900
2263
1796
1393
2357
3180
2210
675
228
-482
-3108
-5870
-7263
-8393
-9460
-9920
-9989
-9081
-7226
-5637
-3963
-1669
364
1704
2848
3930
4207
3870
3992
4330
4856
6054
6643
6981
8790
10615
10467
9252
9109
8886
5868
1599
-1381
-3934
-6805
-9443
-11380
-11412
-10158
-9185
-7542
-4509
-1516
537
2269
3900
4511
3880
3405
2922
1481
90
-664
-729
-127
141
102
1180
2834
3081
2210
1514
847
-740
-3136
-5226
-6884
-8466
-9340
-9404
-9114
-7839
-5752
-3727
-1611
484
2251
3768
4699
4827
4579
4565
4578
3981
4328
5901
6279
6444
8343
10236
9861
8291
7845
7144
3651
-584
-3200
-5624
-8444
-11023
-12453
-11473
-9627
-8387
-6486
-3245
11
1935
3200
4786
5310
4016
3038
2533
1165
-376
-1059
-612
254
421
626
2160
3574
3282
2193
1589
916
-1248
-4050
-5830
-7206
-8884
-9793
-9564
-8614
-7091
-5208
-2744
-257
1611
3274
4880
5879
5839
5266
5152
4889
3775
4013
5546
5414
5252
7118
8774
8271
6698
6184
5621
2483
-1610
-4487
-6746
-8507
-10494
-12126
-10836
-8426
-7288
-5310
-1692
1594
3158
3874
5234
5605
3906
2678
2183
949
-312
-1027
-628
901
1510
1577
3125
4682
4441
3148
2183
1447
-789
-3988
-5983
-7467
-9072
-9580
-9260
-8330
-6326
-4083
-1427
1581
3635
5218
6709
7311
6917
5683
4659
3966
2222
1498
2805
2659
2039
3751
5721
5945
4813
4241
4411
2289
-1526
-4064
-5998
-7898
-9739
-11384
-10500
-8183
-7019
-5111
-1753
1191
2905
3856
5150
5700
3816
2087
1679
434
-1251
-2175
-1818
-395
344
581
2046
3717
3929
2974
1924
1147
-761
-3709
-5663
-6910
-8135
-8565
-8031
-6607
-4410
-1906
866
3641
5592
6670
7301
7373
6486
4434
2441
1297
-551
-2331
-1311
301
110
949
3894
6183
6041
5117
5509
5068
1956
-1351
-3560
-5304
-6915
-9035
-9718
-7435
-5438
-4338
-1626
1772
3896
4582
5039
5635
4537
2047
563
-585
-2273
-3472
-3963
-3167
-1387
-336
474
2289
3966
4137
3291
2499
1364
-956
-3381
-4856
-6180
-7177
-6718
-5360
-3762
-1674
870
3438
5643
6760
6802
6836
6228
3796
979
-657
-2195
-4467
-6082
-4850
-2050
-1335
-754
2817
6777
7727
6401
6555
7884
5665
975
-1280
-2118
-4114
-6560
-7541
-5857
-3882
-3192
-1424
1485
3384
3590
3078
3441
3141
145
-2577
-3250
-4347
-6199
-6896
-5484
-3046
-1716
-437
2531
5088
5813
5737
5464
4940
2979
45
-1529
-2827
-5038
-6056
-5514
-4603
-3660
-2583
-224
2349
2890
2846
3256
2881
1291
-1127
-2926
-3572
-4693
-5926
-5626
-3925
-1094
1165
2474
5510
9101
10288
9742
9097
8667
6905
3186
299
-1439
-3924
-5882
-6598
-6673
-5727
-4750
-3782
-1850
-377
-98
-51
41
-171
-1473
-3106
-3171
-2896
-3327
-2729
-1112
860
3213
4804
5899
7473
8289
7548
5970
4285
2343
-491
-3246
-5012
-6737
-8061
-7937
-7322
-6514
-5043
-3524
-1907
-221
701
1081
1352
1423
976
66
-186
253
232
303
1643
3835
5687
6555
7482
9259
10123
8886
7042
5761
4036
797
-2588
-4574
-6148
-7965
-9166
-9075
-7973
-6810
-5834
-4161
-1848
-270
345
1113
2270
2543
1795
1723
2307
2120
1750
2142
2948
3625
3642
3515
3718
3463
2374
912
-329
-1550
-3578
-5442
-6126
-6928
-7735
-7411
-6485
-5268
-3852
-2307
-313
1474
2576
3505
4213
4575
4342
3402
3078
2923
1846
1103
931
1035
1821
2148
1995
3011
4172
4046
3281
2666
2328
1011
-1339
-2898
-4114
-5653
-6414
-6681
-6504
-5227
-3844
-2266
-53
1607
2635
3682
4592
4674
3561
2646
2444
1192
-515
-1099
-1387
-1604
-1383
-1216
-752
68
361
279
78
-279
-743
-1864
-2923
-3298
-4107
-4637
-4205
-3878
-3080
-1702
-544
861
2144
2887
3606
3883
3690
3117
1897
1049
390
-778
-1435
-1594
-955
659
1198
1498
3596
5512
5581
4905
4784
4805
3091
392
-1237
-2594
-4064
-5209
-6105
-5581
-4291
-3755
-2442
-203
1065
1592
2335
3173
2995
1423
433
127
-1111
-2406
-2841
-2665
-1879
-1403
-1005
484
1834
2183
2330
2401
2080
931
-704
-1705
-2831
-4418
-5047
-4866
-4359
-3578
-2692
-807
1520
2553
3131
4152
4769
4353
2983
1860
1394
290
-995
-1345
-1231
-656
476
1657
3026
4385
5439
6316
6314
5464
4431
3044
1307
-638
-2774
-4099
-4519
-5146
-5383
-4666
-3413
-2114
-1291
-348
975
1315
933
934
598
-444
-1683
-2388
-2319
-2598
-3111
-2381
-1021
-71
685
1393
2328
2949
2528
1920
1349
322
-680
-1755
-2852
-3289
-3646
-3767
-3116
-2457
-1740
-757
298
1111
1164
1170
1730
1398
278
-63
-114
-374
-549
-460
123
1088
2186
3223
3833
4524
5606
5816
5046
4198
3179
1962
624
-1229
-3058
-3962
-4348
-4854
-5340
-5121
-4079
-3118
-2347
-1472
-757
-47
576
562
197
-129
-510
-826
-1113
-1272
-1104
-598
175
867
1462
2249
3012
3377
3300
2751
1979
1233
209
-1157
-2327
-3123
-3662
-3793
-3655
-3368
-2642
-1571
-489
420
1184
2072
2866
3057
2946
3001
2964
2745
2443
2112
1965
2202
2665
2906
2984
3291
3847
3886
3049
2207
1635
635
-939
-2511
-3647
-4386
-5047
-5509
-5453
-4879
-3883
-2665
-1608
-675
357
1173
1503
1312
738
258
-200
-966
-1734
-2107
-1930
-1447
-1035
-466
556
1609
2311
2599
2539
2275
1496
310
-658
-1793
-3244
-4044
-4268
-4446
-4270
-3604
-2470
-1133
58
1286
2326
3064
3643
3553
3088
2842
2243
1200
508
216
-47
-262
71
876
1311
1742
2563
3223
3410
3163
2821
2447
1602
296
-949
-1714
-2186
-2895
-3291
-2774
-2100
-1659
-998
-94
629
925
828
617
240
-526
-1358
-1997
-2327
-2426
-2413
-1899
-808
267
1242
2359
3155
3447
3352
2791
1923
644
-1004
-2436
-3622
-4725
-5314
-5390
-4955
-4074
-3098
-1628
5
1018
1827
2644
3010
2926
2447
1812
1459
873
46
-383
-436
-265
-14
526
1611
2361
2628
3285
3954
3806
3027
2265
1721
755
-833
-1965
-2423
-2840
-3332
-3531
-2865
-1786
-1300
-891
160
1076
1143
816
762
737
-17
-977
-1233
-1168
-1323
-1464
-902
274
1026
1305
2050
2790
2644
1901
1255
739
-371
-1982
-2957
-3334
-3811
-4113
-3790
-2689
-1441
-653
543
2232
3067
3149
3417
3661
3261
2055
1012
559
-286
-1337
-1695
-1341
-745
-435
52
1508
2753
2955
3246
3962
4127
3166
1918
1358
654
-884
-2095
-2538
-2822
-3039
-3080
-2482
-1461
-1082
-835
-91
326
-20
-801
-1392
-1719
-2632
-3653
-3644
-3309
-3159
-2648
-1699
-352
776
1412
2362
3211
3189
2844
2331
1590
692
-620
-1545
-1892
-2558
-2884
-2459
-1946
-1201
-481
256
1355
1850
1783
1900
1650
1109
504
-241
-509
-689
-943
-498
186
899
1984
2834
3732
4761
4848
4569
4349
3725
2737
1161
-244
-1085
-2445
-3701
-4013
-4075
-3863
-3405
-2943
-2009
-1212
-1018
-694
-418
-407
-613
-1138
-1291
-1276
-1669
-1672
-1140
-518
298
956
1695
2699
3064
2982
2936
2616
2016
1076
-68
-938
-1791
-2738
-3268
-3524
-3419
-2846
-2310
-1574
-535
298
1166
1939
2312
2681
2919
2792
2585
2324
2105
2059
1859
1752
1867
1819
1787
1612
1120
994
885
248
-302
-645
-915
-1361
-1988
-2077
-1689
-1686
-1723
-1332
-873
-462
-485
-671
-417
-402
-823
-1115
-1261
-1387
-1763
-2150
-1927
-1586
-1565
-1325
-797
-271
26
16
263
732
712
496
543
739
805
549
461
668
662
532
568
648
727
650
493
644
663
434
472
691
785
680
644
928
1034
891
833
737
499
136
-292
-592
-776
-1154
-1488
-1365
-925
-694
-634
-53
843
1295
1391
1488
1651
1499
775
24
-566
-1244
-1918
-2476
-2763
-2740
-2680
-2431
-1788
-1252
-775
-247
106
368
403
234
89
-13
-153
-198
-135
176
696
1081
1632
2321
2658
2755
2767
2569
2096
1311
509
-157
-975
-1814
-2269
-2367
-2300
-2089
-1600
-790
7
550
1080
1675
1931
1834
1681
1475
1065
451
-167
-582
-943
-1266
-1408
-1354
-891
-317
-39
326
989
1586
1756
1636
1570
1455
940
191
-504
-1110
-1563
-1983
-2271
-2232
-2066
-1797
-1292
-780
-398
-157
26
251
129
-303
-487
-555
-699
-729
-554
1
723
1299
1936
2680
3265
3552
3456
3155
2644
1607
444
-604
-1732
-2684
-3287
-3568
-3479
-3064
-2375
-1413
-395
553
1402
2005
2379
2415
1993
1493
964
108
-787
-1429
-1812
-2023
-2139
-1905
-1373
-792
-65
629
1152
1620
1878
1825
1556
1067
466
-125
-741
-1299
-1704
-1804
-1629
-1514
-1335
-820
-215
245
512
607
619
464
115
-290
-652
-849
-913
-969
-728
-191
286
772
1308
1807
2168
2205
2060
1816
1348
744
55
-677
-1205
-1504
-1672
-1621
-1416
-1047
-412
190
598
1096
1480
1548
1506
1295
921
443
-159
-668
-1067
-1408
-1500
-1461
-1338
-974
-637
-350
232
877
1277
1487
1709
2062
2196
1833
1463
1300
960
376
-252
-676
-865
-1144
-1559
-1637
-1422
-1337
-1346
-1250
-979
-785
-787
-757
-674
-714
-741
-703
-599
-350
-57
227
619
1134
1523
1735
1927
2043
1875
1490
1060
613
32
-643
-1221
-1611
-1851
-2030
-2091
-1869
-1467
-1085
-630
-113
341
706
977
1106
1058
920
770
556
192
-171
-324
-351
-412
-442
-285
-21
280
549
765
1017
1203
1265
1214
1002
754
516
168
-177
-432
-635
-731
-748
-702
-558
-380
-185
47
248
332
254
106
-2
-183
-474
-710
-827
-783
-641
-427
-38
401
801
1167
1469
1668
1656
1477
1274
915
312
-287
-836
-1388
-1856
-2227
-2371
-2312
-2241
-2042
-1615
-1138
-699
-339
42
490
593
438
435
417
213
-63
-276
-320
-377
-530
-459
-314
-217
110
491
803
1150
1495
1855
2055
1889
1746
1654
1313
869
388
24
-99
-374
-654
-563
-488
-499
-396
-212
12
83
49
253
353
186
163
203
247
284
231
318
568
701
805
912
930
864
645
358
-3
-610
-1202
-1603
-2081
-2573
-2816
-2760
-2461
-2192
-1902
-1198
-341
286
678
1087
1651
1921
1647
1387
1272
851
269
-282
-681
-914
-1177
-1290
-1047
-755
-474
38
665
1156
1352
1538
1930
2014
1568
1353
1398
1208
709
243
249
362
40
-316
-180
-45
-248
-540
-652
-690
-1115
-1664
-1809
-1897
-2183
-2347
-2156
-1728
-1341
-974
-336
434
887
1095
1347
1626
1630
1257
864
658
307
-272
-692
-782
-829
-958
-871
-512
-193
-22
267
526
541
443
371
345
189
-143
-323
-257
-267
-329
-209
136
515
737
1000
1406
1582
1710
2021
2062
1800
1668
1695
1624
1225
766
722
668
237
-201
-460
-559
-716
-1234
-1577
-1492
-1538
-1740
-1841
-1750
-1572
-1524
-1446
-1199
-1085
-1034
-878
-659
-500
-494
-418
-139
5
-138
-148
76
176
7
-134
-3
139
6
-217
-264
-232
-321
-466
-430
-240
-181
-114
148
401
483
559
792
962
947
898
1001
1098
985
824
795
777
634
473
478
582
459
357
636
895
865
924
1190
1396
1297
1032
1043
1053
639
140
-139
-325
-641
-1143
-1333
-1196
-1372
-1651
-1625
-1472
-1428
-1524
-1475
-1238
-1229
-1315
-1132
-841
-679
-619
-413
54
360
420
721
1113
1237
1158
1040
1037
878
394
47
-85
-365
-711
-914
-864
-733
-857
-842
-459
-169
-81
68
287
473
436
257
305
351
135
-30
-6
36
-37
-165
-55
176
166
147
486
848
900
882
1070
1279
1152
797
702
738
393
-75
-248
-276
-414
-716
-852
-646
-572
-739
-702
-507
-451
-573
-570
-294
-155
-298
-301
-34
132
74
118
408
631
626
604
718
777
547
230
105
-29
-349
-609
-662
-666
-731
-809
-682
-418
-335
-256
21
251
259
217
341
535
508
396
454
479
329
144
61
55
-75
-334
-465
-441
-486
-561
-474
-272
-145
-79
111
443
697
712
729
878
909
702
506
423
207
-161
-457
-588
-636
-752
-834
-682
-498
-410
-326
-172
-5
29
-29
6
76
29
-43
-24
-5
-52
-40
27
123
188
164
200
283
275
204
139
108
56
-132
-262
-262
-383
-501
-490
-461
-428
-395
-339
-212
-107
-80
-23
43
106
146
85
89
156
141
139
161
189
293
343
380
537
634
672
766
843
899
839
697
663
574
386
231
57
-30
-81
-297
-411
-349
-400
-487
-504
-515
-536
-658
-743
-662
-670
-711
-630
-528
-376
-266
-232
-43
152
173
196
271
308
233
36
-96
-173
-360
-555
-655
-693
-681
-686
-636
-428
-260
-140
116
376
494
560
639
725
715
615
576
540
423
294
193
176
159
85
134
256
267
281
397
508
527
501
540
597
522
363
255
154
-11
-250
-421
-396
-415
-611
-655
-500
-429
-442
-391
-218
-69
-94
-76
54
106
103
65
92
161
37
-146
-155
-130
-284
-442
-444
-404
-438
-486
-404
-299
-281
-244
-123
19
90
137
259
434
470
414
470
515
442
358
312
287
201
57
21
78
58
-22
-51
-12
10
-48
-81
-26
-10
-40
27
108
115
128
178
238
237
188
187
199
105
-50
-171
-213
-275
-430
-493
-474
-496
-553
-562
-498
-453
-442
-367
-262
-215
-186
-144
-86
-63
-98
-96
-32
-14
-52
-65
-26
3
-51
-113
-123
-147
-199
-253
-276
-247
-245
-247
-143
6
107
232
384
521
631
708
804
890
864
787
756
673
518
410
336
241
156
92
89
127
129
203
341
423
498
550
636
723
699
703
740
667
527
365
193
62
-111
-311
-426
-536
-667
-767
-850
-869
-890
-979
-956
-890
-928
-905
-798
-722
-666
-614
-501
-342
-278
-249
-187
-170
-210
-282
-332
-318
-381
-474
-434
-346
-296
-237
-131
17
144
193
229
309
340
297
230
158
110
23
-77
-63
-16
8
78
161
271
409
510
632
760
822
875
896
835
770
696
640
609
512
451
431
386
317
262
205
149
93
9
-45
-134
-260
-321
-361
-412
-427
-440
-382
-284
-265
-216
-133
-90
-56
-43
-59
-56
-112
-206
-262
-348
-443
-513
-567
-586
-584
-590
-559
-516
-476
-419
-390
-343
-292
-270
-230
-185
-151
-78
22
136
242
326
431
501
565
614
599
551
519
462
358
241
130
58
-2
-37
-45
-15
97
207
288
401
503
562
585
572
526
450
331
183
26
-109
-208
-307
-360
-366
-352
-310
-262
-206
-147
-93
-61
-55
-67
-106
-176
-249
-294
-337
-391
-413
-413
-412
-368
-298
-213
-157
-141
-117
-86
-40
-23
-23
13
59
66
59
66
107
144
142
151
166
149
90
36
9
-13
-67
-113
-117
-108
-102
-87
-21
73
181
280
391
523
602
644
675
681
626
530
442
356
228
83
-33
-128
-223
-324
-354
-320
-314
-313
-269
-212
-175
-178
-167
-132
-138
-176
-180
-155
-131
-146
-167
-117
-79
-104
-134
-128
-124
-186
-281
-310
-338
-405
-440
-411
-353
-333
-306
-225
-129
-64
-30
25
99
113
89
109
150
161
177
214
262
284
281
295
325
344
326
313
334
328
272
230
222
230
207
181
178
186
190
167
169
177
166
144
131
120
81
14
-29
-53
-115
-163
-186
-184
-162
-156
-126
-60
-3
21
36
49
61
24
-54
-122
-192
-283
-366
-427
-441
-411
-370
-304
-220
-138
-59
8
53
76
81
88
83
52
49
51
16
-12
-20
-19
-7
2
31
75
77
65
68
59
29
-9
-48
-71
-97
-110
-88
-61
-13
48
113
188
230
266
315
353
356
334
305
258
188
111
25
-54
-150
-249
-278
-282
-302
-304
-274
-220
-174
-152
-118
-58
-39
-43
-38
-24
-14
-40
-47
-17
1
-6
3
16
18
16
9
18
19
-6
-12
-19
-26
-16
-5
34
75
89
109
134
120
77
27
-3
-14
-44
-60
-43
-15
-4
-3
6
49
70
81
125
169
186
179
173
170
153
91
38
18
-4
-41
-70
-67
-84
-126
-153
-160
-150
-160
-172
-138
-88
-63
-42
-7
30
48
52
74
104
108
87
74
65
39
-13
-77
-124
-166
-212
-225
-197
-166
-141
-104
-61
-21
4
9
15
26
41
73
101
134
141
139
142
136
131
120
102
78
51
28
9
3
-8
-15
-14
-10
2
2
-3
19
57
80
87
83
90
84
61
41
34
22
-1
-12
-36
-64
-98
-135
-145
-146
-136
-125
-109
-75
-45
-33
-11
3
8
21
37
72
98
114
127
115
94
55
4
-35
-96
-159
-197
-212
-207
-199
-193
-164
-115
-59
4
73
137
169
185
187
178
148
99
63
40
15
-15
-45
-71
-85
-103
-116
-114
-94
-76
-47
2
31
51
62
79
99
96
89
84
75
66
51
33
26
11
2
14
21
11
-13
-26
-26
-32
-32
-8
5
3
10
7
-1
-11
-27
-57
-88
-123
-147
-144
-124
-102
-90
-58
-29
-4
21
37
55
75
90
100
104
98
74
44
29
17
-12
-36
-43
-55
-53
-52
-62
-50
-39
-46
-30
1
19
43
90
110
111
121
132
137
150
154
140
121
94
56
26
5
-17
-44
-57
-53
-62
-61
-36
-11
15
32
32
32
19
-12
-29
-43
-72
-89
-97
-100
-102
-95
-68
-44
-33
-15
2
7
7
4
-1
-13
-34
-42
-27
-26
-22
-12
-1
0
-5
-4
