20
10
-7
-31
-45
-45
-34
-20
-16
-18
-22
-15
-5
-15
-13
-6
-4
5
8
13
17
25
30
32
39
37
31
25
24
20
18
10
-4
-26
-52
-61
-58
-54
-47
-46
-49
-44
-33
-22
-21
-22
-17
-8
-10
-13
-18
-16
-9
0
12
18
20
23
27
16
5
-5
-13
-9
-12
-18
-19
-14
-12
-23
-19
-14
-4
13
4
-7
-3
22
46
53
61
68
67
56
45
46
41
33
32
35
27
20
24
18
0
-25
-36
-27
-24
-23
-24
-34
-40
-41
-33
-18
-18
-18
-19
-25
-24
-30
-26
-17
-18
-12
-12
-7
3
2
-3
-13
-7
-10
-11
-2
-5
0
6
9
15
6
-7
-12
-17
-16
-12
-9
-4
-5
-6
-9
-15
-15
-8
-5
-6
-11
-9
0
8
17
21
13
12
20
32
37
27
25
23
15
15
14
18
12
8
16
16
14
10
25
31
32
42
39
26
16
15
13
9
6
4
6
14
19
19
18
15
11
12
14
3
-7
-12
-29
-37
-40
-44
-39
-20
-5
2
-5
-9
-6
-8
2
20
21
9
-9
-14
-19
-27
-31
-36
-24
-19
-29
-31
-22
-5
11
9
-9
-19
-21
-18
-8
0
-1
-9
-16
-24
-37
-48
-46
-18
3
9
2
-10
-8
1
9
19
23
21
21
21
23
29
38
33
21
28
38
17
-5
0
3
14
22
5
-3
-3
8
5
-5
-2
1
5
12
2
-6
-2
-7
5
-14
-26
11
23
28
27
0
-41
-67
-67
-58
-53
-66
-52
-43
-45
-33
-19
-20
-21
9
34
44
53
46
56
71
43
6
-34
-49
-20
-2
-4
-20
-22
-20
-7
-9
-10
5
-8
11
0
-25
-36
-44
3
39
84
120
123
89
33
2
-33
-72
-81
-17
64
108
99
42
27
-2
-44
-37
-7
95
191
178
117
63
40
33
24
8
18
61
46
-63
-155
-143
-68
9
13
-55
-80
-57
3
51
9
2
41
24
-8
-12
25
89
119
58
-15
-117
-195
-142
-61
-14
-26
-56
-68
-108
-118
-73
-53
-20
38
83
110
46
-77
-106
-29
102
178
155
82
-16
-122
-163
-131
-95
-39
30
73
-31
-274
-345
-217
-44
65
52
28
-43
-74
4
75
129
143
134
121
84
-10
-68
-50
-7
14
-31
-93
-159
-196
-159
-80
43
44
-64
-55
-19
-9
23
87
195
272
282
223
41
-103
-32
114
232
254
138
-5
-144
-254
-264
-199
-75
93
134
19
-114
-200
-141
35
137
125
57
-43
-20
55
-5
-19
60
98
69
-5
-87
-34
96
201
265
158
30
-51
-75
70
214
204
139
85
37
51
114
190
238
173
139
102
-21
-165
-279
-231
-111
-70
-121
-169
-222
-262
-196
-106
-47
-12
-17
-89
-113
-37
29
67
45
-52
-122
-75
-3
70
133
21
-132
-158
-135
-76
-3
40
45
-76
-263
-324
-268
-84
145
137
-56
-217
-197
-92
-59
33
153
208
180
57
-25
44
181
214
117
12
-36
8
127
226
120
-75
-194
-255
-129
-32
-47
35
-29
-124
-50
33
236
489
682
703
373
-22
-76
0
23
109
193
231
176
130
132
73
2
-126
-206
-275
-373
-256
-233
-350
-383
-341
-275
-364
-393
-318
-208
-62
25
112
224
180
46
172
345
227
50
-180
-451
-571
-512
-329
-221
-119
29
84
-37
-260
-294
-11
217
300
155
-166
-142
161
467
627
588
399
210
-21
941
2622
598
-3151
-3756
-2166
469
2093
1915
1674
803
-508
-1490
-1625
370
2618
2878
1657
-1431
-3603
-1766
636
1871
2092
537
-774
-1466
-1475
-255
598
1413
1766
331
-1098
-1484
-1162
-147
718
786
232
-248
-12
338
475
683
570
498
556
-35
-531
-382
-200
-40
-139
-754
-878
-122
438
546
497
315
96
-255
-655
-581
-196
-51
-103
-409
-775
-881
-683
-179
150
263
314
158
-235
-419
-37
322
394
514
890
1127
876
166
-762
-1319
-1346
-1059
-926
-436
-43
-457
-495
-596
-385
544
811
302
-480
-722
-212
335
410
194
-372
-415
-29
-385
-95
536
564
709
499
71
-150
-576
-857
-860
-160
1156
1669
1131
279
-268
-247
165
327
530
1165
1191
247
-1088
-1340
-385
633
1267
644
-785
-1618
-1506
-1296
-774
384
1147
999
-362
-1963
-2417
-1468
208
1250
1159
170
-840
357
2406
3650
5145
4170
882
-2459
-4506
-2107
1825
3975
4326
1496
-2078
-3788
-3753
-593
2977
3418
2201
-946
-3773
-3529
-2354
168
1987
337
-1206
-2716
-3663
-1466
455
1848
1797
-556
-2338
-3368
-3493
-2940
-2748
-3727
-4450
732
15668
22716
10179
-1958
-6268
-4916
701
1336
1428
4156
2227
-4317
-10699
-10663
-1832
7672
11380
5369
-7787
-11758
-5368
1314
6612
6778
2826
-1211
-4876
-5999
-3873
320
6055
7886
3094
-2395
-5977
-6489
-4704
-2641
-2117
-2825
-2577
-4421
-4930
-1880
1802
5488
6193
3302
-554
-2965
-3187
935
8197
14754
11095
-2867
-10010
-9163
-3911
3158
5566
7116
6021
-771
-6206
-6740
-1295
8154
12176
8198
-1574
-11810
-11984
-5122
1276
5512
3995
-1784
-6168
-7477
-3966
2311
6985
9857
7146
1209
-3360
-5575
-3391
-1314
-987
-2585
-5654
-7204
-7572
-5679
-2158
1140
3374
3129
118
-3159
-4413
-3706
3229
19312
30128
20264
998
-11289
-13829
-7510
-801
1533
4267
3446
-4102
-11544
-11931
-2658
10943
19999
16292
100
-13098
-13585
-5675
4401
9305
5883
-1463
-8267
-11024
-8128
-484
8108
11382
8844
2999
-2501
-4541
-3833
-876
153
-2508
-6184
-10424
-12196
-7896
-1445
3432
6474
5470
3663
2096
-288
-943
-2139
-2893
-840
9820
24710
19913
1305
-9908
-13067
-7221
501
1444
3520
5257
-44
-6668
-9135
-3167
7911
14881
13249
-1053
-16345
-17658
-10521
-1031
6645
6548
1127
-4888
-7729
-4204
3822
11957
15247
11052
2789
-4480
-7552
-7196
-5770
-5709
-8069
-9712
-12172
-14006
-8927
-579
6971
11491
9965
6069
2968
469
-1151
-3372
-5935
-3195
12145
25280
15180
-3743
-14012
-14008
-5066
1416
2733
5610
6113
1258
-5272
-7751
-698
9980
16872
13177
-5261
-19275
-18410
-10292
2146
7846
4354
-25
-4379
-4864
-540
5616
12390
15292
11205
3384
-3620
-7798
-7816
-5778
-5872
-7734
-10243
-12877
-11690
-5453
2184
8511
11932
11320
8569
5325
2620
55
-3219
-5681
-1857
15829
25908
10630
-7112
-15955
-14112
-2288
3245
4173
7631
6466
298
-6863
-7962
1693
11406
15035
7261
-11937
-20266
-15294
-7693
2684
6458
3190
384
-3154
-3544
1395
6693
11638
12342
5724
-1132
-5601
-7639
-6769
-6977
-9377
-10028
-9819
-11002
-8803
-3045
3633
9473
10628
8592
5523
3131
2648
-49
-4176
-7396
710
20399
20877
3119
-10185
-16493
-10595
-603
2085
5115
8055
5168
-872
-7651
-6011
4009
11669
13472
-235
-17930
-19268
-13317
-4236
4503
3920
1913
1303
-408
1183
4929
9850
13696
10537
2650
-4160
-7989
-8994
-8260
-9400
-10934
-10445
-11717
-11847
-6848
314
7902
13117
12558
8446
4688
2929
1605
-547
-3138
2462
20103
24143
5268
-13094
-19919
-13736
-676
5900
7424
8163
4994
-1054
-6879
-4025
7989
16468
17815
4207
-18594
-24773
-16693
-5194
5247
4191
-2006
-4241
-3582
1245
7601
13216
16918
13637
4946
-2975
-8464
-9445
-6798
-7532
-11776
-13949
-14691
-14122
-8686
-343
7510
13293
13917
9642
4058
1030
1003
-6
-2307
188
15980
27550
10976
-12135
-20847
-17687
-4472
4795
5506
6904
5174
-438
-5216
-6016
3836
15320
18045
9125
-13066
-25806
-17930
-5684
5079
6263
-2985
-6946
-5533
-466
8198
14175
17896
15233
5054
-3654
-7729
-8794
-6733
-5667
-9801
-13736
-14951
-15308
-11111
-1371
7229
13296
15637
11281
4609
-207
-606
1178
1225
5069
19195
24511
4855
-16995
-24790
-18529
-3188
5999
6823
5560
2131
-2953
-6300
-3308
8123
17322
17011
5502
-16701
-25513
-15842
-5393
5101
5946
-5312
-10574
-8376
-864
11420
18123
18980
14541
3193
-4908
-7319
-8420
-5993
-4182
-8542
-14039
-17741
-17435
-9761
-144
8007
13527
13664
9928
3444
-2041
-490
2160
6481
24083
31724
11139
-11893
-25012
-24028
-9095
926
5723
8435
3232
-3841
-8194
-4433
10920
21307
21531
12247
-11495
-24560
-17459
-7982
3968
8737
-1353
-11330
-15037
-9570
4967
17645
24004
20681
7474
-3146
-7320
-8794
-5973
-3651
-6753
-10720
-15564
-19693
-14926
-4641
4844
11820
12332
8304
3967
-791
-1706
1833
12280
29702
28409
6073
-13651
-25093
-20991
-7880
-1614
3452
5836
74
-6492
-9926
-2823
14212
24172
22448
6863
-15143
-20960
-13994
-3151
7985
6431
-2845
-10111
-14556
-9474
1878
12068
19924
18055
8059
-637
-6458
-6427
-1995
-2386
-6805
-11443
-15921
-16274
-12197
-5017
3489
7584
7665
6359
2452
2468
5776
14172
30155
25593
5069
-6455
-16372
-17474
-10750
-8896
-3851
-468
-4310
-7088
-8670
-1290
13657
20223
22195
11147
-9561
-13051
-10561
-5834
4649
2175
-5458
-10038
-13869
-8112
87
6207
13809
13083
8325
7176
2434
-1470
-988
-3642
-7235
-10799
-16368
-16918
-12411
-6804
-1116
1311
2483
3849
5378
8693
18881
31126
26429
10511
-2699
-11431
-11335
-7972
-6284
-3822
-4880
-9368
-12783
-13055
-2953
10944
16858
18654
10021
-3385
-4055
-3227
-2005
3213
-145
-4663
-7795
-13875
-11163
-2713
4389
10344
7940
3711
5426
6019
6083
5041
-880
-5502
-8286
-12189
-12920
-11850
-9506
-4263
-899
415
1250
1876
6293
20574
32583
24769
9208
-2553
-8022
-5250
-4509
-5509
-4284
-5667
-7865
-10566
-11340
-2158
7964
11988
13352
3311
-6206
-2394
-36
2902
4858
-2186
-6955
-9131
-10520
-6739
-3513
1595
8050
6527
4160
3705
1264
3189
4957
608
-2836
-5995
-10720
-10785
-8319
-6031
-3012
-2319
-1614
-1452
-1380
2890
11846
24657
26264
13238
946
-6737
-8099
-3922
-1397
-458
-1479
-7026
-12126
-13630
-6897
6436
12836
12823
5162
-8238
-10264
-5123
1886
9571
6678
-1065
-7345
-13807
-12732
-5976
399
7934
8569
2887
606
-676
231
3748
2932
-778
-4334
-8281
-9076
-6179
-3225
120
2109
2359
1642
-644
6047
20221
20741
10373
2908
-4358
-5915
-2739
-3464
-753
1742
-1101
-3970
-7113
-4672
3466
8215
10300
5323
-4795
-6122
-4450
-3598
85
-1529
-4982
-4273
-5008
-5010
-2280
-242
2859
4848
4332
3872
1400
-608
256
-1083
-4438
-6741
-9722
-10144
-6455
-4257
-1432
2242
3996
7881
11996
18453
23583
14581
1956
-5881
-9533
-5702
-4117
-4779
-3503
-6639
-8477
-6218
-3116
5770
14039
15004
12133
2003
-6466
-5778
-4232
544
3290
-2461
-8383
-12825
-12455
-5516
1208
7099
9654
6792
4651
3519
1007
644
296
-2468
-4677
-8633
-12926
-12359
-8372
-3086
1757
2504
1540
1503
3557
8336
14519
26513
29299
11605
-4972
-13774
-16280
-8792
-2786
-1770
-2595
-7872
-10936
-9642
-3248
10936
17526
16347
10960
-4776
-11282
-6096
-2873
2570
2593
-7163
-13245
-14520
-10978
-2301
3203
8589
11343
7897
6511
3591
-1021
-79
-400
-5247
-8810
-13506
-15894
-10614
-4751
-214
2879
3327
4462
6376
12162
20363
19582
13444
8804
1481
-3550
-5296
-8133
-6908
-5766
-8599
-9198
-8116
-3515
4072
8926
11739
9758
4625
2732
965
-712
-251
-2894
-7295
-9815
-11433
-9860
-5902
-1815
2338
3822
4934
7187
6320
4515
4010
1783
-1641
-4586
-8544
-10361
-10274
-9853
-7301
-5681
-2967
5480
20647
27684
17884
6790
203
-1563
3166
5087
3082
645
-4632
-9914
-13782
-13560
-4114
5628
9671
8313
-2977
-8893
-3925
163
7322
9740
1988
-3713
-8155
-9643
-5099
-1460
2535
4475
244
-2239
-1714
-1896
1052
3511
1299
573
-539
-3669
-3718
-2665
-2238
-999
-724
-2144
-4661
-7295
-868
14931
24261
20712
7126
-6783
-9730
-5929
-840
4331
5501
2726
-3096
-10114
-10695
-2702
7927
15479
12462
-395
-11584
-15094
-9543
978
6746
5115
-1147
-8532
-12086
-8855
-1981
5215
10053
9089
5027
943
-1435
-2035
-3431
-4775
-6081
-8283
-9725
-8513
-5377
-1491
2567
4661
4998
2591
5570
19696
26381
17206
3549
-7573
-10500
-7956
-7129
-4345
-1867
-2467
-3227
-6637
-6481
2267
10809
17055
16138
3440
-6000
-7502
-6690
-1709
-643
-4850
-7236
-9986
-9358
-5613
-2748
2589
6314
5653
6177
5686
3383
3789
1995
-2941
-6389
-10026
-12511
-11387
-8437
-4493
-1687
176
1623
1463
3721
9854
21570
31609
24115
6500
-6928
-13201
-9619
-3488
-1816
-2179
-5781
-10049
-11167
-9631
633
13614
17591
16400
6203
-6649
-6647
-2033
2076
4858
-1822
-10361
-12982
-12490
-6942
-549
2202
6206
8186
5469
4126
2580
1451
3500
1584
-3968
-7812
-11740
-11935
-7465
-4774
-3006
-2001
-1162
1461
3389
5911
16629
28940
25767
11916
-1825
-10106
-7583
-3415
-2960
-2254
-4498
-7969
-9512
-10206
-3464
8716
14227
13761
4844
-8391
-9242
-3683
1215
6138
3028
-4036
-7721
-10328
-9149
-4419
103
4817
6076
2274
-901
-2000
-952
2130
1258
-2792
-5840
-8539
-8692
-5355
-2625
-571
815
-461
-975
-1216
-1352
5146
20087
30385
22156
4548
-7610
-10098
-5015
-462
1066
1533
-854
-5566
-10298
-10660
-1391
10656
15736
12228
-1671
-13678
-11795
-4610
3540
7370
2104
-4537
-8687
-9977
-6506
-626
5048
7243
2998
-2156
-3553
-2424
-40
513
-2671
-6684
-8870
-8914
-6156
-2028
799
2494
3861
2898
-305
-1566
3325
18452
28680
20537
6230
-6509
-10946
-5326
-1783
253
2372
-123
-3586
-7801
-10278
-2170
8551
13730
12558
-543
-12409
-12175
-7002
2034
7011
2511
-1880
-5949
-8611
-5551
-866
5512
9912
6221
-57
-3473
-4318
-1653
298
-2169
-5105
-8076
-10498
-8281
-3714
205
3221
5113
5886
3801
362
2626
16018
25788
19601
6550
-6536
-11299
-6512
-3464
-936
1562
180
-1748
-6132
-8898
-1108
8383
12879
11854
-1228
-12374
-11712
-7840
1152
6168
1470
-2480
-6490
-8355
-5022
-1470
4757
9650
6005
893
-2079
-4361
-2807
-1563
-4317
-6887
-9308
-10552
-8291
-5349
-2336
920
3644
5499
4109
551
2554
16284
27371
21777
7371
-7157
-12460
-7607
-3774
-1272
630
-689
-2555
-6091
-8443
-1505
7683
13065
13241
1051
-11076
-11963
-8357
-51
4807
1151
-1659
-4961
-7113
-4271
-1329
3458
8806
7648
3617
-9
-3383
-2386
-424
-2093
-4827
-8804
-11626
-9675
-5868
-2862
-261
2335
4361
3583
292
2790
16723
28643
25135
10347
-5621
-12110
-8877
-5324
-2821
-996
-1547
-3606
-7801
-9159
-1602
8228
14507
14066
2090
-9404
-10309
-5875
1289
4039
59
-3354
-6330
-7699
-4946
-1314
3705
8221
6888
3517
1568
-369
268
748
-2459
-5959
-9393
-11196
-9367
-6316
-3735
-1464
653
3016
3025
660
2002
12533
27959
29614
14976
-1170
-10694
-9853
-5120
-3095
-1372
-1378
-3552
-6971
-10388
-5559
5466
12890
15801
7700
-7243
-11277
-7576
-1272
4966
2983
-1957
-6254
-9792
-7928
-2989
3163
9549
9148
3883
178
-1519
276
2466
469
-4456
-9496
-12195
-11577
-8342
-4793
-2483
-695
818
1438
421
-522
6714
24136
31479
19487
2004
-11116
-12551
-6714
-3557
-736
252
-2933
-6466
-10592
-8927
2326
11845
16064
11939
-3132
-12354
-10369
-5364
1981
4059
-132
-3847
-7895
-8492
-4622
485
7447
10504
6685
2978
1308
690
1356
-170
-4337
-7132
-8621
-9912
-8855
-6041
-3454
-550
1666
2448
1945
-191
76
12270
30007
29463
12306
-4560
-14296
-11911
-5765
-3083
1259
2444
-1950
-6890
-11450
-6616
6707
14936
18210
9893
-8480
-14941
-11850
-5206
4346
4443
-1236
-5111
-8906
-7533
-1123
5600
12103
12151
6168
2119
-482
-1233
280
-1453
-5747
-8206
-10153
-11542
-9000
-4901
-1330
2372
3337
2489
1358
-1852
-953
15010
31831
25774
7254
-8646
-17164
-12583
-6165
-2302
3264
2875
-2083
-7629
-11614
-3764
9485
16973
19601
6640
-12236
-14843
-11292
-3897
6635
4390
-2861
-7640
-12131
-8549
81
7742
13760
11712
5098
2294
-556
-1920
165
-2168
-5899
-7762
-11395
-11821
-8008
-4661
711
5272
4541
2785
762
-1887
-1981
12267
31266
25599
6880
-8055
-18346
-13557
-5514
-1302
4889
2425
-3525
-7592
-12459
-4392
9274
15509
20427
7835
-12842
-14730
-12519
-3685
9760
6017
-2433
-8905
-14828
-8747
1383
7793
12911
10335
4329
2783
134
-1744
148
-1045
-4180
-6653
-11669
-13680
-9653
-4739
1444
6325
4403
1524
294
-1510
-613
1202
15252
32601
22140
1697
-11500
-19609
-10607
-843
579
4823
1146
-5947
-8078
-10300
-1173
12596
17459
18597
2282
-17835
-16612
-10919
287
12125
5153
-5489
-12167
-14347
-4700
5072
10315
12986
8624
4743
2870
-2126
-3006
-130
-630
-2953
-6878
-12713
-14692
-8125
40
4489
6601
5575
2615
839
-559
-580
683
-1115
13785
31992
17804
-2576
-13977
-19287
-5727
1962
773
5769
-565
-5934
-5411
-10298
866
14813
14777
16752
-1504
-22584
-14907
-7660
3951
14147
959
-8025
-10123
-11272
-41
8291
12366
17069
10769
1936
-2243
-6300
-3510
865
-2896
-7545
-10766
-13596
-10854
-4178
951
4559
6805
5685
3769
1081
-1363
-57
-463
-3792
-4273
12903
28450
13817
-5037
-14966
-17055
-3473
3463
3319
5526
-1063
-4571
-6660
-9755
2382
11497
12215
12354
-7131
-19749
-11150
-7199
4331
11852
1256
-4251
-7429
-6561
3679
8288
11280
12554
6456
2101
-2446
-7077
-6187
-4840
-4751
-5598
-7990
-9947
-9610
-4137
2557
7435
10879
9109
3653
375
-1615
-1587
-68
-3767
-6722
-6319
7543
25966
15867
-2568
-8865
-12076
-3551
3031
-376
4598
5502
-1100
-5006
-11321
-6523
7648
11638
12878
-399
-18388
-12645
-5194
3357
13560
5921
-1261
-2744
-4735
1383
4197
4513
8395
4972
-267
-2755
-6112
-5015
-3007
-4075
-5049
-7542
-8557
-5906
-820
4634
6646
6547
5247
3690
3641
2845
-195
-3155
-7086
-9396
-8288
-3380
16030
26247
9820
-4020
-11376
-12431
227
5325
6364
8958
396
-5823
-9992
-13226
553
11408
13265
12126
-9025
-20772
-11031
-3441
11559
18715
6844
-263
-6542
-8872
337
5458
9109
10047
2621
-1876
-6041
-10371
-6162
-3323
-4728
-4521
-6644
-8535
-4970
1095
5337
7755
8616
7141
4968
800
-3823
-5058
-5652
-8918
-10576
-9957
-5529
15457
27173
11835
-732
-7652
-8205
2342
3393
4130
8340
383
-4146
-8930
-14276
303
9414
8013
7124
-10985
-17104
-3308
2914
12406
13379
886
-2786
-5491
-4953
2444
3854
6273
6472
-1294
-5236
-7680
-8605
-3184
-274
-1714
-4232
-6780
-6475
-2824
3750
8757
10168
9442
4165
-2055
-5459
-6188
-4449
-3506
-6862
-10657
-10798
-4861
17239
31807
17812
3102
-5786
-9419
532
3801
4031
7845
-939
-9058
-12926
-14986
-1392
8403
8827
10381
-3007
-10607
-2331
899
9620
13530
2917
-3247
-7991
-8532
-794
2158
3940
4359
45
-1719
-3694
-4931
-1957
-626
-881
-1412
-3713
-4825
-3612
382
5224
6242
5008
2860
-1260
-4406
-4961
-4512
-3137
-4672
-7808
-6617
-3433
12762
31234
21749
5153
-4724
-13050
-4800
2770
2332
6774
-196
-9189
-10443
-13264
-3235
8275
9726
13908
3312
-10257
-6239
-4752
1089
8900
2486
-2617
-5753
-8514
-2499
2337
5038
6092
1972
571
-439
-2172
-386
-1043
-4088
-6536
-7988
-6142
-3322
700
4626
3843
1656
497
-441
218
1116
822
-317
-4154
-9357
-8718
-4878
6547
26576
24430
6087
-3642
-11241
-6579
4096
3209
6466
5329
-4478
-6087
-9794
-8123
3302
5439
8879
5061
-11897
-12199
-6382
-1164
9689
7276
-3
-1941
-4885
-1393
3376
4579
6588
3734
-74
-2590
-6856
-5948
-2562
-2278
-3034
-6404
-8396
-6806
-2696
4807
8546
7462
6189
2261
-1772
-2465
-2300
-1273
-2972
-8893
-11953
-9752
-5853
10294
30810
26680
10739
-1554
-10737
-4573
3259
2822
5633
475
-7974
-10388
-15319
-10893
920
7611
15361
8502
-8191
-7694
-3486
3332
14081
10461
2458
-2582
-7695
-4564
-747
-463
2259
1325
-485
213
-1816
-1890
-532
-3108
-4546
-4666
-4583
-2167
611
2071
1337
729
1960
378
-1254
516
938
-873
-2114
-4691
-6610
-4679
-219
16915
30496
18557
1427
-11600
-16865
-6197
520
3035
6932
-933
-7068
-9149
-13736
-4781
7271
13162
17745
3800
-11545
-9952
-7431
3001
11971
4759
-1080
-6052
-9298
-3550
-1443
70
4703
4173
3859
1959
-4050
-5018
-4771
-5267
-3430
-4077
-4859
-2933
-125
1879
1699
2315
4112
4629
5842
5390
1618
-2344
-5798
-7853
-8063
-8258
-3867
14537
27260
16206
193
-10721
-12520
-1408
5645
7936
8337
-44
-5608
-10127
-14667
-5279
5227
11437
15455
453
-13645
-10856
-5908
7220
15343
6259
-1374
-6631
-7464
-2053
-2004
-165
3619
1730
1779
-152
-5425
-4451
-1928
-882
-349
-2844
-3455
-704
2259
4029
3202
1767
811
-286
362
479
-785
-2166
-4708
-7046
-7719
-6643
-1602
17489
32557
21056
3198
-8882
-12989
-3482
2728
3124
3665
-3175
-8863
-12472
-14926
-4398
7693
15312
19630
3585
-12977
-11718
-7315
5143
13151
4174
-3855
-9713
-11195
-5025
-1068
4218
7975
5807
5179
1432
-3822
-2626
-1623
-1843
-2280
-5529
-6642
-5452
-2796
192
1167
2339
3125
2841
3363
3681
3597
2399
-1558
-4767
-6362
-6351
-3608
10624
26331
18660
1210
-10036
-14711
-5937
3061
3615
4834
803
-4473
-6494
-10261
-4693
6791
12553
15406
2947
-15286
-15904
-10114
1585
12642
7023
-516
-4081
-6152
-920
3675
6189
8266
4808
1158
-3739
-10081
-9601
-6813
-4886
-2940
-4945
-6537
-4735
-1134
3708
6001
6481
7277
6760
5455
4331
1142
-2226
-4744
-7484
-9531
-10429
-9071
2594
21760
23225
8506
-3832
-10121
-5771
3272
5012
5712
4208
-1816
-6179
-11366
-10416
363
9192
15150
10635
-6475
-12606
-8128
1222
12799
10817
2631
-2026
-5951
-4674
-3273
-2830
1230
1804
1015
-1224
-7429
-8068
-5273
-2814
1610
1621
-312
171
-168
1408
2611
2226
3818
3931
1934
572
-1776
-3426
-4107
-6177
-7666
-8283
-6788
1517
17699
22758
10244
-2048
-8625
-8110
-231
2297
2207
4825
1081
-3737
-6378
-7524
2
9677
14150
11802
-2232
-12545
-10673
-4611
5655
8608
1776
-1845
-3748
-3891
-1682
-1327
750
3150
3549
2684
-2455
-6452
-5612
-3714
791
2306
-735
-1300
-1635
-793
1509
2001
2975
3468
2572
2222
379
-2431
-4297
-6219
-7339
-7902
-7060
-2016
12119
24027
16863
2503
-6883
-9940
-2127
4575
4981
7379
3040
-4208
-7069
-10527
-5736
4237
8349
10187
316
-13617
-12697
-6483
3063
10305
5006
-460
-2922
-4443
-1306
208
591
2543
2413
1166
-2479
-6331
-5266
-2473
282
859
-2229
-3786
-3185
-698
2709
3322
3463
2913
895
258
-437
-1491
-1488
-3309
-5064
-6336
-7320
-4307
5855
22163
24741
9909
-3069
-9123
-6155
2827
4435
5177
4965
-2529
-7637
-11110
-9903
881
8730
12257
8693
-7372
-13637
-8007
-554
10531
10717
2333
-1320
-5248
-5105
-1761
-1772
1617
3630
1425
-1398
-6335
-7278
-3277
-803
820
-174
-3266
-3527
-2839
-291
2525
2891
3451
3484
2549
1343
-199
-756
-1748
-4309
-6481
-7922
-6886
-2257
11728
25013
17877
3510
-5565
-9812
-2636
3499
3696
7925
3709
-4627
-7926
-12716
-7197
5248
10387
13753
4362
-11734
-11489
-6163
3258
13212
8383
1288
-3951
-8614
-5204
-2615
-1185
2929
2397
241
-3164
-8309
-7856
-4100
-241
2703
1131
-1255
-2507
-1816
1656
3133
4362
5205
3101
667
-1429
-2659
-2605
-3020
-4188
-4568
-5058
-5302
-3101
7527
21458
19857
7714
-1455
-7125
-4377
1498
3143
5869
3440
-3848
-8631
-13170
-8969
2405
8679
13124
5802
-10074
-11317
-6898
105
10978
9532
2204
-3990
-10525
-8781
-5310
-2687
4027
4694
1347
-1691
-7692
-7124
-545
3761
6863
4858
-466
-2828
-3351
-1902
855
3203
5039
3784
-204
-2831
-4150
-3270
-517
-401
-1619
-3553
-4528
-1552
8867
21411
19691
7782
-1726
-8144
-6778
-415
2760
5820
3965
-4206
-10183
-12722
-7109
4601
10837
12400
3833
-10703
-12323
-8686
-1759
9371
9046
2299
-4558
-10732
-8164
-3130
1398
7089
5686
2300
-759
-6283
-4557
164
2537
5542
2424
-2627
-4110
-5778
-3136
492
2892
6009
3555
-1040
-2070
-2480
-284
2498
640
-1321
-3457
-5230
-2526
7715
19708
18498
6887
-3170
-9984
-8281
-853
2240
4683
3414
-3627
-8809
-11567
-6639
4178
9900
11758
3123
-11242
-12677
-8853
-815
9950
7866
1257
-3897
-8846
-5613
-1306
1480
6084
4306
396
-3097
-8196
-6865
-1383
2219
4352
1555
-2530
-3473
-3570
-1323
833
3014
4566
2129
-331
-1373
-893
2034
2944
486
-1687
-4388
-5400
-2568
6463
19598
20020
7192
-4012
-11272
-10308
-1755
2411
5355
5411
-2368
-8157
-10236
-6750
4978
12437
13213
6097
-9894
-15332
-10342
-2490
9267
10819
3042
-3474
-8983
-7652
-2412
1104
6354
7099
3667
798
-4915
-6440
-2028
1090
4216
3514
-2209
-5099
-5889
-4481
-466
2396
4833
5427
3532
2329
1965
2111
2254
7
-2527
-5341
-8118
-6821
1389
14903
18315
7355
-3586
-9873
-9652
-1762
3362
6265
7095
-403
-7181
-9932
-8777
1126
8556
9226
4515
-10379
-16804
-10735
-3781
8419
12365
4421
-579
-5705
-6751
-1832
207
4081
6125
2734
-96
-5420
-8382
-3614
1269
4616
4649
316
-2172
-3937
-3820
-431
3031
6561
6570
3174
335
-1415
-485
1519
266
-1680
-3008
-6374
-6918
-2156
8806
19383
15622
3847
-5495
-11882
-7787
1026
4957
8265
4263
-5158
-9196
-9939
-3708
6489
9271
8197
-562
-12002
-10903
-6441
1165
9949
6335
-31
-4831
-9085
-5139
-634
2778
7835
6257
2490
-1328
-6350
-4567
-159
1777
3474
767
-4201
-6604
-6932
-3867
839
4854
6795
5018
1874
568
1301
2979
3549
1159
-2271
-6617
-9114
-6289
1838
13600
15911
4938
-6121
-12332
-10025
1081
8978
12231
9826
-629
-7972
-9569
-6564
2628
7234
6243
871
-11622
-15527
-10351
-2300
9750
11378
4784
-716
-6796
-4999
920
4639
9000
6839
1432
-2411
-8410
-8891
-4341
-1082
2961
2395
-1578
-3702
-5709
-2552
3294
6944
9343
7033
3292
1190
-380
155
211
-1926
-3381
-6341
-9331
-7892
-1782
11560
19317
11169
423
-6665
-7427
1548
7071
8284
7617
-1224
-7570
-9203
-9814
-2685
3979
5743
5035
-5862
-12700
-7846
-2088
7843
11803
4177
-1630
-6420
-6222
28
1689
3951
5272
1296
-1180
-5233
-8327
-4327
46
2853
2729
-1846
-5184
-6476
-4394
1010
4985
7422
6790
3126
249
-1001
-810
380
-443
-3229
-6138
-9521
-10361
-5923
6269
17439
14734
4758
-3355
-7100
-1647
6273
9471
9839
4007
-3931
-8726
-11229
-6622
1770
6144
7257
-864
-11250
-10558
-5716
3584
11848
7404
637
-3745
-6161
-1170
2567
3505
5205
2369
-921
-4108
-8214
-5472
298
3106
4413
1199
-3367
-4369
-2547
2349
7168
8356
6430
2471
-1203
-2216
-710
855
-66
-3443
-7169
-10229
-10515
-6164
3487
16429
19791
10111
-907
-7701
-6051
2873
7982
8706
5011
-4150
-10501
-12865
-10277
-723
6347
8031
3627
-8178
-12757
-8125
-799
8544
9382
2386
-2749
-6462
-4860
411
2383
4458
4428
741
-2381
-6156
-6923
-1820
1948
3219
2280
-2532
-5689
-4305
-576
3773
6423
6002
4413
2008
206
569
757
203
-1674
-4736
-7644
-8743
-6353
2400
15624
19003
10229
284
-6613
-5111
3266
7864
9304
6321
-2725
-8887
-11313
-9155
-280
5572
6999
3209
-8840
-12964
-8056
-1695
8452
10273
3418
-1281
-5453
-4111
951
1949
4005
3716
-620
-3664
-7933
-9126
-4034
144
2198
1485
-2326
-3999
-3271
-206
3972
5827
5743
3962
695
-1145
-1196
-952
-236
-1364
-4130
-6450
-7783
-6158
948
13510
19777
12578
2340
-4928
-6494
453
6399
7878
5878
-1964
-8240
-10521
-9325
-1250
5482
7499
5440
-5207
-11266
-8015
-3296
5721
9633
3819
-1299
-5099
-4726
-675
860
3673
4917
2043
-300
-4376
-6900
-3885
-536
1887
2034
-1018
-3774
-5138
-2798
1769
4939
7123
6116
2608
520
-298
-138
465
-708
-3154
-6268
-10015
-10340
-4555
8011
19615
17480
6394
-2899
-6949
-1933
5800
8362
7662
1982
-6104
-10619
-11818
-6779
1653
5887
5863
-1915
-11431
-10962
-5597
2947
10788
8418
2433
-2171
-5128
-2769
590
2894
5123
3609
401
-3502
-7884
-6822
-1600
2981
5418
3443
-1014
-4417
-4485
-435
4688
7934
6940
2504
-1724
-3405
-2660
-824
134
-2063
-5471
-8586
-10891
-7402
1990
14539
22826
15685
1927
-6150
-7787
-818
6734
7259
5194
-1998
-10268
-11860
-10601
-4184
4344
6259
3839
-4361
-12287
-9375
-2200
5719
10386
5660
-328
-3674
-4635
-1091
2138
4518
6158
3184
-1208
-5350
-8237
-5241
484
3418
3294
-124
-4865
-5851
-2228
2738
6875
8179
5946
2435
-837
-1974
-380
892
-243
-3429
-7768
-10756
-9295
-2189
10980
20062
14927
4101
-4139
-7017
-1356
5290
7882
7726
1465
-6473
-10704
-11386
-5134
3073
5901
4228
-4295
-11958
-9188
-2957
4781
10187
6656
1590
-1651
-3547
-1153
1696
3464
4985
2463
-2194
-5797
-7889
-5424
-384
1990
2015
136
-2950
-3497
-884
2168
5473
7603
5722
2235
-873
-2122
-1031
-790
-1690
-3864
-7114
-9628
-9764
-4319
7346
19211
19535
8573
-1342
-5754
-3303
4045
7344
6462
3050
-4542
-10408
-11759
-8583
2
6190
5961
721
-8872
-11375
-4826
2396
9118
9177
2371
-2253
-4664
-4378
-822
1761
4152
4667
1039
-2693
-5649
-6104
-1463
2542
2623
539
-3125
-5343
-3530
-150
2986
5498
5522
3460
1125
-995
-1636
-1131
-1201
-2878
-5274
-7801
-8493
-4997
417
12221
22049
14762
2483
-5161
-7794
26
7017
7060
5892
-1697
-9328
-10785
-10825
-3887
4130
4967
4759
-3515
-12722
-8636
-2460
5248
11578
6412
46
-3834
-5772
-1455
2438
4851
6344
2006
-3001
-6061
-7861
-3474
2322
3496
2393
-1005
-4757
-4436
-618
3751
6747
7077
5096
1946
-1238
-2494
-1194
260
-204
-3166
-6762
-9229
-9101
-4464
5142
17377
20373
10312
-462
-6084
-4757
2544
6514
6466
3686
-4326
-10681
-12540
-10639
-2289
5054
6969
4087
-5795
-11457
-7599
-1422
6737
10072
5142
377
-3296
-4202
-1024
1364
4055
5108
1020
-2461
-4196
-5048
-1833
1045
1365
1002
-1583
-3568
-2376
-362
2199
5296
6216
4543
1877
-663
-921
-41
-384
-2400
-5920
-8181
-9623
-7513
-1548
6628
18561
20308
8547
-822
-6157
-4277
4435
6415
5597
2528
-6835
-10696
-11146
-9429
950
6578
6516
3619
-8091
-11726
-5329
668
9451
10017
2016
-2679
-6522
-5430
51
2348
4461
3349
-1820
-4403
-6119
-4775
845
3158
2354
153
-3693
-4790
-2838
414
4726
6664
5308
2525
-587
-1434
269
1195
223
-3334
-7870
-9218
-9762
-8346
-1561
8458
19196
19427
8188
-284
-4091
-2207
4617
6113
4839
1200
-7104
-10683
-11246
-8840
289
5808
6565
3087
-7111
-10471
-5810
516
8841
9665
3616
-1620
-5880
-4608
4
2720
4989
3624
-328
-2517
-4129
-3223
108
1497
1278
-86
-2446
-3590
-2703
222
3508
4715
4134
2695
1087
317
-60
-1067
-2477
-4472
-6319
-7208
-8272
-6415
-46
9918
19501
16941
6139
-486
-3683
-1048
4356
4379
3100
-1205
-8332
-10891
-11460
-7552
1311
5967
6612
1115
-8461
-9379
-3791
3970
11822
10459
3742
-1398
-4888
-3066
1181
3669
4986
2415
-1804
-3749
-4644
-3220
-142
1013
874
-78
-2173
-3198
-2367
-106
2971
4392
3857
2641
370
-1261
-1604
-2440
-2514
-2940
-4592
-6082
-8383
-6917
-1062
8649
20674
19744
7825
-291
-5323
-3605
2317
2099
1828
-550
-7537
-10427
-12773
-10317
301
6028
8202
3861
-8903
-11474
-6225
1198
11525
10909
3550
-1508
-5789
-3708
554
2237
4479
2692
-940
-2446
-5508
-5381
-1002
1359
2916
2546
-806
-2243
-1970
-543
2794
4987
5415
4198
731
-2112
-2962
-2270
-513
-637
-3289
-5940
-8177
-9086
-5585
1388
10664
20578
21873
12112
843
-6299
-6608
-906
2927
2829
-311
-7151
-11771
-11782
-8227
705
7106
6870
3173
-6067
-10639
-4582
2200
8982
11064
4973
-208
-3543
-4103
-669
661
1312
2492
998
-893
-2913
-4266
-1942
1474
3244
2639
-527
-3679
-4174
-1468
1857
4095
4829
2477
-692
-2351
-2781
-1295
242
-537
-3193
-6865
-9388
-7847
-1939
7019
17877
21429
11929
322
-6883
-8007
-894
4843
5304
2852
-5287
-11257
-11130
-8949
-1221
5426
5793
4009
-4251
-10563
-6615
-808
7712
13361
8532
2575
-2355
-4920
-2150
-419
1439
3629
1829
-346
-3031
-6214
-4519
-394
2630
4509
2272
-2188
-4455
-3992
-760
2920
4146
3030
608
-2034
-3028
-2048
-1005
-930
-2188
-4487
-5606
-6047
-5294
-1058
4774
14050
19635
11803
584
-6177
-6956
-412
4424
3922
1033
-5147
-9024
-8867
-8094
-2483
3543
4690
4529
-1795
-8892
-6272
-36
8371
14092
9821
2839
-3663
-6810
-4124
-1371
1566
4080
2403
-472
-4019
-6593
-3339
2131
5507
5038
233
-4696
-6316
-3832
1079
4061
4619
3468
144
-2554
-2810
-1599
-20
561
-170
-2849
-6006
-7551
-6389
-739
5809
13827
18807
11131
373
-5730
-7558
-1317
3628
2974
2384
-2951
-8187
-8716
-9559
-4436
3202
5364
6322
-65
-8395
-5975
-1179
6365
13058
8693
2670
-2436
-6354
-3779
-1012
1562
4379
2562
320
-2735
-6134
-3698
197
2634
3184
-451
-3546
-3987
-2706
211
2130
3386
3969
1987
-631
-2158
-2176
-162
831
-921
-3321
-5662
-6971
-6452
-3205
1412
7716
16635
17096
7446
-401
-4868
-3488
2969
4733
3491
-275
-7565
-10424
-10736
-8113
475
5251
6315
4210
-5144
-7858
-1926
3914
11664
12495
4760
-1517
-6397
-6618
-2829
-990
1576
2451
-217
-2948
-6333
-6630
-2837
694
3206
2759
-573
-3763
-4709
-2165
1188
3708
5255
3773
777
-1571
-2696
-1054
1071
993
-458
-3028
-5906
-7616
-7189
-3539
2434
10891
18616
15423
4140
-3340
-4241
251
5429
4808
480
-4948
-10104
-11161
-9738
-5915
1211
5832
6025
1828
-6046
-6914
115
6932
12211
10414
2281
-3459
-6539
-5555
-1250
1084
2743
2559
-1757
-5232
-5827
-3994
990
4497
3566
232
-3497
-4945
-2754
1022
4195
5283
3536
675
-1397
-2096
-434
2219
2914
750
-2972
-6747
-8402
-7610
-4792
1421
6740
12570
17224
10758
1669
-1410
-1930
2185
4361
448
-2080
-6325
-9574
-7716
-7571
-3552
3267
3801
4243
702
-5806
-2072
3184
7512
11934
6365
-270
-3394
-6709
-3844
-645
-519
974
-1210
-3989
-3941
-4631
-2297
725
878
604
-1492
-2626
-672
1336
3325
3868
2769
2043
186
-893
-22
1028
2159
633
-3249
-6551
-8813
-8666
-6063
-3773
-731
3721
7500
12854
14805
9146
4676
2529
-232
-275
-1858
-5000
-4649
-5935
-7766
-7335
-6650
-1925
3239
4300
4561
715
-2326
2030
5218
7373
7999
2298
-2013
-4324
-6136
-3922
-2274
-995
792
-972
-2334
-2378
-2117
1161
3223
2485
1787
94
-1462
-1386
-1327
-901
188
1335
2270
1660
745
360
-491
-1144
-2176
-3961
-4864
-5228
-4895
-3334
-1652
1008
5443
12959
18270
13132
4211
-1518
-5005
-3219
-172
-626
-1289
-4874
-9615
-10482
-8816
-2456
4638
7100
7114
1299
-4736
-1705
3105
8236
11195
4681
-2946
-7364
-8887
-4538
-716
774
1863
-675
-2753
-2730
-2849
104
3756
4044
2492
-464
-3560
-3549
-1063
1667
3539
3651
2497
851
-408
-979
-1238
-1204
-1958
-3678
-5151
-6306
-6041
-4234
-1214
3025
6138
11917
17949
13185
4679
33
-3939
-2666
-18
-1896
-2724
-5758
-9512
-8007
-6398
-1641
4567
5087
6087
3147
-2892
-15
3157
5167
8132
2841
-3062
-5180
-7066
-4199
-1453
-1306
70
-1210
-2352
-1116
-1160
701
2787
1879
954
-102
-1229
-582
639
1106
1253
956
611
395
-257
-963
-1750
-2064
-2208
-3442
-4588
-5018
-4879
-2986
-722
-387
775
4313
10237
17398
16612
7872
-76
-6338
-7492
-4018
-2602
-1067
-1447
-5577
-7149
-7228
-4825
2414
7826
9358
6491
-941
-4059
-1909
1257
5640
5328
123
-4039
-7199
-6850
-3758
-1744
872
2223
1419
514
-1536
-1900
286
1613
2362
1403
-1170
-2215
-2521
-1947
240
1401
2023
2019
44
-1393
-2238
-2346
-963
-1110
-2404
-3063
-3897
-2976
-902
-160
2168
6078
11616
16952
12714
3169
-2969
-6040
-3282
576
100
-548
-3640
-7328
-6232
-4823
-1517
3992
5791
6130
2752
-3624
-3203
332
3885
7881
4706
-1729
-5376
-6887
-4200
-1348
-345
1309
1104
46
-470
-1841
-1579
544
2153
2495
1105
-921
-2069
-1812
-435
1053
1971
1606
-170
-2059
-3091
-2723
-1278
-968
-2173
-3715
-4880
-4452
-2116
-45
471
1240
3090
8883
16567
14981
6297
-1134
-6846
-6388
-2353
-1365
-298
-1516
-5125
-5899
-6887
-4837
1897
5773
8073
6112
-1219
-3120
-1557
1006
6110
5150
117
-3288
-6441
-6017
-3736
-1746
1780
2862
2296
1379
-2288
-3055
-8
2196
4140
3433
-96
-2259
-3491
-3134
-933
529
1630
1134
-1477
-2960
-3093
-2112
-170
-352
-1958
-2497
-2748
-2286
-1166
-1210
-664
2741
7268
13086
16643
10235
-143
-6036
-7466
-3641
173
-95
-481
-2800
-5779
-5634
-5397
-1816
4447
6415
6214
2207
-4508
-4829
-1746
1783
5239
2491
-2170
-4312
-5435
-3016
-379
606
2506
2600
1633
626
-1513
-1423
905
2696
2894
803
-1703
-2638
-1985
-215
1336
1778
1538
678
-528
-1077
-683
182
509
98
-482
-591
-26
-161
-1187
-2286
-2268
840
7138
13691
13501
4780
-4144
-7978
-6499
-1553
1892
2699
1489
-2212
-5870
-7683
-5829
414
5758
7000
3281
-4701
-8680
-5665
-140
6042
7547
2753
-2018
-5290
-5554
-2046
813
3072
3902
1319
-1268
-3905
-5228
-1365
2737
3496
2093
-2123
-5099
-4231
-2478
355
2894
3060
2190
-371
-2915
-2756
-1176
1221
2660
1333
-839
-2602
-3759
-3399
-2550
-2060
-159
3361
8280
13177
11545
3571
-2269
-3680
-1795
1596
2721
2545
1401
-2510
-6330
-8367
-7027
-641
4767
5799
2999
-3554
-6110
-2329
2571
7467
7535
1967
-2919
-5923
-5695
-2556
-348
1446
1910
68
-1739
-3478
-3503
-864
1466
2546
1404
-1509
-3236
-3202
-1246
1517
2960
3168
1862
-307
-1463
-1286
379
1964
1617
310
-1824
-4160
-4772
-4386
-3216
-1301
158
2198
6544
12054
12894
6818
645
-1471
-527
1737
1895
291
-1492
-4685
-7189
-7826
-6534
-1472
3481
5163
3604
-1971
-5191
-2122
2687
7580
8618
3716
-1349
-4905
-5709
-2966
-904
572
1450
-61
-1712
-3247
-3878
-1623
1068
2210
1512
-972
-2779
-2875
-1426
1101
2754
3118
2134
-137
-1952
-2165
-642
1259
1604
256
-1922
-3420
-3500
-2538
-1448
-1528
-1655
-629
2328
9453
15251
12241
5140
-735
-3896
-2373
-291
518
1353
-1461
-6068
-8872
-9396
-4457
2761
6981
7668
2190
-4580
-4319
-391
4382
7735
4958
-146
-4035
-6447
-5772
-3825
-1492
927
872
-549
-2337
-4187
-3103
-115
1899
2702
1730
-102
-1013
-905
120
1163
1589
1451
-102
-1820
-1632
-311
1222
1939
431
-1685
-2641
-3081
-2880
-1848
-1174
-1223
-1424
-812
2598
9321
14575
12659
5704
-903
-4690
-4368
-1867
1
595
-1454
-5220
-7842
-7904
-3666
2628
6726
7518
3372
-2460
-3343
-345
3837
6908
4809
272
-3247
-5784
-5169
-2865
-1031
1217
1912
710
-1041
-3175
-2912
-98
2184
3475
2729
-51
-1816
-1815
-647
1036
1932
1847
710
-1143
-2303
-2220
-1192
-87
19
-910
-2468
-4019
-4222
-2522
-7
1696
1776
760
993
4971
10728
12800
8673
1336
-4143
-5659
-4439
-2216
-762
-746
-1849
-3975
-5352
-4295
-1101
3256
6017
4646
281
-3628
-3985
-1005
2289
3451
1515
-1927
-4050
-4013
-2271
-216
1096
1788
1420
215
-1173
-2132
-1033
1430
2714
2475
516
-1863
-2148
-1060
608
2193
2362
1464
-237
-1761
-1815
-1262
-272
968
711
-789
-2149
-2561
-1054
1322
2632
2021
-285
-1942
-785
4344
11227
12468
6485
-588
-5412
-6286
-3476
-652
1069
967
-1916
-5293
-7421
-6809
-2419
2683
5603
4394
-1363
-5679
-4951
-1543
3033
4895
2264
-946
-2936
-3151
-1643
-206
1304
2637
2529
1062
-1715
-3890
-2941
-138
1943
2063
147
-1857
-2053
-993
-147
437
905
858
606
63
-624
-108
1209
1908
1740
292
-1403
-1704
-846
809
1871
833
-850
-2538
-3241
939
8045
12296
11642
5597
-1562
-4237
-3560
-929
2344
2970
1117
-2888
-7796
-9370
-7045
-1534
4947
6484
2688
-2566
-5913
-3900
1137
4753
5908
3846
696
-1348
-2864
-3087
-2196
-892
890
1107
-902
-3292
-4862
-4467
-2493
-754
560
1331
1086
143
-928
-1081
91
1838
2892
2138
157
-1444
-1777
-1029
-83
230
-303
-1074
-1358
-1077
-483
-147
-261
-775
-1848
-696
5142
11857
13822
9348
1552
-3846
-4511
-2363
285
1234
-461
-3731
-7494
-9748
-8553
-4076
2580
7386
6295
1491
-2395
-2221
2277
6969
8273
6078
2013
-1471
-3413
-4323
-4333
-3541
-2095
-887
-1439
-3670
-5475
-4638
-1271
2677
5125
4677
2315
129
-1018
-560
1255
2861
3035
1258
-1801
-3784
-3659
-2350
-921
-502
-1163
-1920
-2137
-1646
-682
289
782
620
-460
-839
2634
8244
11772
10629
4302
-2664
-5858
-5859
-3551
-980
-829
-2399
-5405
-8163
-7414
-3678
2443
8230
8690
5138
832
-1841
85
3830
5530
5048
1921
-1898
-4142
-5479
-5276
-3754
-2054
-84
410
-1114
-2361
-2292
-169
3197
4975
4760
3160
782
-799
-1162
-678
500
1153
411
-1308
-3053
-3376
-2204
-510
1045
1434
705
-107
-780
-891
-149
825
1529
970
-1131
-2127
583
6209
10514
8820
2150
-4241
-7157
-6135
-3109
-1007
-342
-950
-2987
-4937
-5075
-2486
2493
6960
7621
3866
-1737
-4534
-2689
1241
4274
4036
861
-2351
-4571
-5450
-4648
-2593
488
3080
3454
1816
-533
-1391
424
3069
4444
3910
1777
-638
-2323
-3063
-2658
-1006
865
1230
-181
-2154
-3152
-2236
-185
1452
1954
1080
-335
-1148
-1190
-379
761
998
-33
-1740
-3461
-3011
1382
7051
9993
7644
1021
-4364
-5564
-3762
-511
1624
1516
-4
-3033
-5646
-5595
-3214
1311
5332
5258
1987
-2063
-4098
-1874
2069
4504
4190
1036
-2342
-3905
-3762
-2301
-393
1413
2662
2414
805
-957
-1526
-55
2485
3811
3019
809
-1499
-2451
-2005
-994
242
1067
841
-301
-1709
-2094
-734
1430
3048
2895
658
-1908
-3161
-2787
-1253
-116
-159
-619
-1022
-1345
-916
1459
5175
7833
7029
2647
-1939
-4081
-3654
-1501
194
298
-845
-3290
-5183
-4809
-2740
929
4249
4626
2711
-447
-2569
-1325
1407
3743
4445
2341
-574
-2782
-3969
-3107
-1079
825
2175
1702
-479
-2494
-2936
-923
2403
4105
3012
309
-1963
-2471
-1562
-622
-66
366
216
-554
-1425
-1799
-782
1163
2388
2174
601
-1230
-1616
-715
314
718
50
-920
-1604
-2325
-1971
773
4939
8133
7393
2470
-2795
-5277
-4392
-1363
899
1020
-459
-2827
-4514
-4596
-3061
448
4217
5727
4313
557
-2502
-2182
638
3670
4373
1899
-1659
-4236
-4680
-2898
-358
1778
2802
2112
317
-1437
-2181
-1212
748
2157
2025
309
-1878
-3177
-3108
-2020
-453
1016
1714
1371
349
-307
355
2070
3590
3512
1400
-1539
-3558
-3563
-1884
-206
504
49
-1165
-2220
-2726
-1490
2300
6559
8318
5747
102
-4314
-5123
-2812
825
2852
2456
500
-2315
-3838
-3198
-869
2671
4661
3326
-87
-3749
-4692
-2006
1608
4032
3855
1381
-827
-1919
-1797
-552
578
1477
1520
-113
-2330
-4052
-4134
-2048
500
1931
1814
314
-1320
-1994
-1376
473
2458
3328
2750
782
-1237
-1751
-774
952
2078
1470
-411
-2256
-2957
-2008
-255
689
469
-411
-1544
-2232
-2236
-1091
1842
5195
6890
5663
1801
-1601
-2302
-1113
744
1541
584
-842
-2522
-4048
-4292
-3374
-964
1986
2890
1708
-644
-2260
-953
1613
3641
4265
2425
30
-1469
-2422
-1982
-946
-435
-108
-715
-1919
-2411
-2178
-861
1223
2490
2620
1740
207
-629
-409
432
1505
1792
957
-280
-1234
-1355
-604
383
908
620
-383
-1625
-2479
-2484
-1660
-522
192
106
-587
-1410
-1786
-978
1530
4913
7395
7074
3552
-695
-3126
-3088
-1152
554
588
-623
-2767
-4782
-5101
-3468
-33
3787
5435
4242
993
-2074
-2114
251
2810
3889
2007
-1403
-3981
-4962
-3626
-942
1298
2607
2133
319
-1066
-1424
-291
1692
2621
2113
474
-1596
-2648
-2219
-739
1065
1903
1299
-52
-1145
-889
615
2086
2477
1485
-377
-1923
-2478
-2198
-1297
-234
391
444
-224
-1330
-1890
-1600
-243
2314
4721
5518
4089
991
-1525
-1885
-740
837
1618
719
-1146
-3266
-4851
-4548
-2560
203
2469
2298
121
-2197
-3108
-1302
1833
3910
4057
2120
-342
-1624
-1683
-495
1155
2085
2021
552
-1643
-3023
-3117
-1811
-21
852
781
-122
-1244
-1567
-1196
-112
1272
1949
1896
1101
81
32
804
1742
2376
1880
654
-560
-1568
-1886
-1780
-1683
-1465
-1355
-1335
-1089
-799
-334
365
1203
2504
3765
4233
3591
1739
-148
-1217
-1766
-1776
-1627
-1679
-1685
-2242
-3202
-3575
-2990
-928
1730
3295
3371
2026
461
187
926
2094
2883
2347
951
-661
-1932
-2175
-1680
-892
-66
239
-128
-902
-1729
-1884
-1080
104
1009
1124
422
-424
-625
-88
760
1443
1748
1812
1721
1243
368
-409
-548
42
581
164
-1229
-2716
-3184
-2343
-928
197
686
612
308
-22
-117
812
2878
4835
5058
2722
-900
-3424
-3882
-2566
-764
80
-274
-1527
-3128
-3985
-3402
-1089
2375
4956
5090
2818
-221
-1609
-679
1433
3036
2790
1085
-948
-2605
-3324
-3041
-1863
-131
1054
930
-314
-1801
-2205
-1014
790
2057
2254
1434
472
65
74
370
689
748
707
440
-158
-613
-947
-935
-473
-317
-468
-721
-1142
-990
-299
223
660
600
91
-58
-71
10
546
1064
1480
1478
390
-991
-1775
-1844
-1042
-170
-23
-222
-619
-1044
-918
-501
209
1519
2426
2429
1494
-159
-1009
-536
434
1261
1009
-212
-1201
-1748
-1757
-1249
-786
-173
571
816
553
-26
-547
-283
536
1102
1267
925
380
146
-125
-486
-579
-565
-361
-9
68
161
486
720
825
508
-138
-351
-133
264
570
268
-275
-754
-1342
-1700
-1533
-492
1380
2788
2538
814
-1110
-1721
-747
844
1816
1601
484
-940
-2119
-2581
-2087
-638
1007
1699
972
-669
-1848
-1476
32
1721
2578
2066
941
-199
-1057
-1148
-703
44
791
642
-306
-1346
-1929
-1477
-458
257
634
601
323
263
279
418
821
1059
1023
631
-112
-523
-375
-11
208
-127
-815
-1295
-1398
-1046
-357
276
570
347
-263
-796
-790
-75
1099
2095
2221
1404
293
-622
-1075
-844
-180
428
603
-77
-1307
-2193
-2222
-1254
119
916
840
124
-584
-629
-82
789
1651
1959
1622
833
-165
-714
-474
188
749
529
-487
-1513
-1964
-1491
-407
460
722
437
-93
-318
-67
504
1147
1490
1231
443
-540
-1146
-920
-138
632
771
66
-992
-1680
-1524
-615
499
1157
1140
534
-369
-932
-788
215
1650
2469
2067
624
-974
-1746
-1395
-290
761
1075
540
-551
-1579
-1987
-1589
-411
896
1465
1094
21
-890
-850
-60
982
1564
1269
560
-101
-472
-424
-232
5
232
126
-260
-739
-1017
-761
-210
174
141
-215
-486
-370
58
499
748
722
520
296
157
160
297
397
313
27
-433
-761
-770
-512
-156
3
-108
-302
-452
-390
35
649
1145
1269
923
328
-212
-472
-381
-81
146
69
-316
-884
-1252
-1148
-655
52
522
494
194
-96
-119
198
578
805
861
657
293
-55
-329
-354
-207
-59
-52
-301
-648
-833
-754
-547
-363
-307
-302
-236
-99
122
321
473
667
752
672
490
297
216
204
105
-115
-466
-784
-879
-780
-525
-258
-108
-64
-37
38
252
649
1117
1410
1331
873
254
-200
-310
-216
-82
-93
-350
-738
-1106
-1231
-994
-478
130
517
460
121
-178
-145
293
818
1133
1118
792
409
103
-78
-80
26
131
103
-224
-716
-1022
-1023
-708
-268
-54
5
1
25
220
432
602
787
866
826
662
291
10
-91
-184
-283
-559
-941
-1092
-975
-652
-259
-59
-10
38
134
368
702
993
1212
1162
706
107
-402
-608
-435
-201
-123
-257
-651
-1032
-1166
-1046
-616
-86
276
433
282
24
-9
224
651
1046
1095
864
431
-69
-335
-406
-305
-70
9
-171
-556
-946
-1035
-780
-347
70
284
257
154
58
34
150
305
453
542
433
151
-175
-403
-386
-211
-111
-129
-275
-418
-370
-211
-24
177
321
479
637
675
596
455
331
264
196
109
19
-106
-238
-376
-519
-589
-505
-294
-65
71
60
0
59
234
422
504
423
255
112
47
-5
-70
-143
-176
-199
-280
-360
-391
-334
-167
-24
-12
-91
-195
-217
-101
71
219
270
201
81
-78
-199
-149
-15
122
218
185
56
-125
-275
-298
-175
124
538
836
784
384
-33
-159
-15
252
435
387
112
-261
-610
-830
-804
-515
-97
196
202
-37
-266
-237
100
545
828
882
703
359
-12
-312
-425
-326
-149
-50
-120
-375
-634
-662
-426
-32
332
513
495
333
113
-9
19
163
298
267
70
-245
-538
-633
-559
-397
-232
-188
-213
-209
-163
-50
104
254
407
524
561
530
436
320
197
75
-7
-50
-97
-159
-279
-460
-615
-702
-626
-397
-141
70
178
179
110
96
211
410
607
630
470
180
-145
-391
-474
-411
-283
-186
-219
-347
-515
-556
-364
-42
292
542
619
577
487
382
343
353
364
296
99
-161
-398
-546
-571
-506
-390
-248
-129
-42
46
165
310
444
532
549
500
413
303
171
51
-54
-192
-345
-516
-637
-652
-549
-399
-305
-255
-241
-186
-28
191
388
498
508
452
354
265
246
269
271
197
13
-216
-397
-494
-476
-370
-263
-157
-109
-129
-116
-19
177
485
719
778
673
422
217
113
104
165
176
95
-73
-313
-511
-576
-505
-296
-72
5
-47
-170
-249
-181
-15
209
394
456
386
188
-59
-232
-280
-203
-78
-51
-123
-255
-390
-423
-356
-210
-14
133
180
128
24
-39
-38
33
164
273
308
275
131
-63
-208
-250
-172
-26
73
57
-42
-167
-200
-128
-1
156
284
322
258
125
-9
-42
25
135
213
162
-24
-242
-376
-378
-260
-115
-6
37
-1
-78
-138
-129
-33
126
279
340
268
108
-14
-45
-5
58
84
45
-71
-213
-288
-274
-197
-98
-14
11
-4
-11
0
45
102
152
170
166
125
62
17
-22
-4
51
63
42
-15
-66
-62
-11
56
101
128
143
147
137
125
109
79
32
-26
-87
-127
-150
-162
-154
-146
-150
-143
-108
-40
47
92
84
40
-10
0
52
90
113
89
-6
-108
-190
-203
-116
-32
19
23
-14
-55
-66
-25
65
159
227
233
162
81
31
8
39
95
107
81
10
-67
-90
-74
-23
46
83
82
66
23
-14
-19
8
64
93
101
67
-38
-121
-177
-191
-138
-96
-99
-135
-197
-245
-230
-178
-85
33
89
87
55
23
31
80
131
154
131
66
-13
-95
-152
-163
-145
-93
-54
-41
-59
-103
-100
-38
29
76
94
76
53
30
16
20
28
44
76
72
38
20
24
45
42
3
-35
-40
-14
29
44
3
-50
-87
-84
-56
-40
-20
4
16
22
16
8
27
54
91
124
111
76
37
1
-12
-8
12
39
39
-1
-55
-85
-77
-46
-8
23
24
-5
-23
-11
19
50
70
88
108
108
100
70
32
11
7
9
8
6
-1
-16
-26
-39
-24
9
31
50
44
9
-42
-80
-94
-61
-16
3
5
-28
-67
-89
-99
-79
-43
-13
0
-6
-31
-51
-41
-4
32
36
10
-22
-35
-31
-28
-12
22
45
45
22
-18
-36
-15
33
94
99
67
26
-15
-25
-10
13
45
65
57
48
32
43
72
85
83
58
24
-5
-14
-25
-30
-39
-62
-56
-64
-68
-56
-54
-50
-66
-72
-91
-106
-88
-62
-37
-24
-19
-30
-35
-33
-18
10
24
45
54
31
2
-19
-19
-4
-7
-21
-32
-26
4
42
51
45
43
31
25
8
-10
-18
-7
9
6
-11
-42
-55
-46
-17
23
49
54
50
44
57
80
98
92
78
47
-10
-52
-76
-85
-87
-82
-87
-92
-83
-73
-44
-4
26
54
63
49
23
6
5
31
76
90
81
43
6
-6
-15
-8
4
1
-16
-36
-56
-58
-38
2
45
59
56
48
58
81
102
110
87
46
16
-3
5
36
58
53
32
6
-12
-21
-32
-23
-2
26
39
18
1
-2
11
29
28
23
21
0
-29
-55
-81
-77
-53
-22
-3
-3
-15
-25
-19
-5
11
-3
-29
-49
-80
-95
-88
-61
-47
-52
-54
-57
-55
-51
-29
4
28
31
9
-22
-50
-65
-69
-67
-66
-71
-71
-72
-64
-41
2
40
54
61
56
43
19
3
10
18
27
25
12
2
-7
6
39
78
92
87
73
58
51
47
49
43
29
15
-12
-34
-41
-29
3
34
44
41
35
20
11
13
9
-3
-26
-51
-75
-76
-57
-34
-11
4
15
18
31
42
52
57
34
-1
-36
-67
-83
-81
-73
-64
-62
-72
-67
-37
5
41
64
71
69
78
73
52
28
9
11
34
64
78
73
53
28
11
3
-11
-17
-17
-16
-20
-33
-30
-18
12
29
18
-7
-24
-17
2
27
35
25
13
1
3
-3
-15
-14
2
8
12
18
10
1
4
13
17
26
25
14
1
-17
-18
-13
-11
-10
-12
-10
-15
-9
19
41
53
51
34
18
8
4
0
-19
-42
-61
-75
-80
-83
-90
-85
-72
-60
-45
-45
-51
-40
-20
-3
4
-1
-22
-27
-11
-4
-10
-19
-24
-28
-29
-45
-50
-30
-6
7
6
-9
-19
-10
9
16
13
9
6
9
13
9
17
29
38
30
25
24
28
38
34
23
3
3
24
33
26
20
21
31
40
54
64
56
40
33
28
22
18
10
6
-5
-20
-13
-1
3
19
25
30
21
-6
-23
-31
-38
-38
-35
-41
-31
-26
-37
-41
-40
-34
-15
-3
-4
-7
-15
-18
-10
-4
14
28
37
36
34
41
49
57
50
43
41
46
60
66
65
56
47
37
29
25
20
12
8
5
4
3
-10
-29
-36
-40
-40
-37
-34
-27
-11
-4
-5
-6
-9
-13
-8
3
6
13
11
4
-12
-31
-45
-59
-72
-80
-80
-74
-70
-64
-67
-62
-59
-56
-55
-55
-39
-28
-18
-2
15
30
