13
20
22
25
25
20
22
24
24
25
21
15
8
-3
-9
-9
-9
-6
0
3
7
14
14
7
6
14
19
15
14
20
23
31
43
45
43
39
24
5
-12
-20
-24
-27
-32
-37
-43
-56
-61
-56
-61
-57
-56
-54
-47
-56
-63
-58
-56
-49
-33
-17
-11
-23
-30
-38
-50
-53
-44
-23
-7
3
15
19
11
-1
0
3
4
7
12
19
21
22
16
13
15
24
31
24
16
9
2
3
1
5
8
12
18
17
16
16
28
39
48
46
39
38
34
39
37
26
17
17
10
-4
-8
-8
-10
-10
-13
-10
2
11
17
17
15
15
17
14
8
7
-1
-5
-17
-23
-19
-8
0
2
5
10
13
0
-14
-29
-43
-43
-40
-36
-22
-13
-4
1
7
6
-5
-19
-18
-9
-7
-11
-17
-18
-13
-5
-4
1
5
5
11
10
17
22
23
23
29
44
40
33
24
15
7
-3
1
15
25
13
7
16
28
37
26
15
15
8
-4
-5
-4
-2
-1
-1
1
7
14
2
-15
-29
-34
-38
-46
-60
-66
-66
-67
-57
-46
-28
-13
-9
-10
-15
-19
-9
1
9
15
20
28
37
30
11
-4
-28
-34
-26
-13
4
12
22
32
28
11
0
-5
-8
-4
9
18
20
17
10
-8
-25
-21
-15
-15
-21
-17
-17
-15
-14
-10
13
28
29
18
10
3
-2
-7
-10
-5
13
28
26
22
14
4
-20
-41
-38
-26
-20
-20
-25
-28
-41
-49
-36
-14
5
15
18
24
39
51
57
56
56
59
51
35
17
15
20
13
7
12
22
31
39
35
24
9
-14
-29
-34
-24
-18
-21
-24
-22
-7
20
41
43
36
19
-5
-22
-20
-9
-1
-3
-9
4
12
9
11
-5
-17
-18
-21
-11
6
9
3
-6
-15
-21
-19
-7
6
26
37
25
2
-17
-33
-49
-54
-47
-29
-12
-11
-35
-71
-85
-70
-49
-41
-27
-8
4
8
16
17
16
18
25
40
52
63
59
47
31
26
35
40
45
38
24
5
-8
-4
3
5
7
7
3
1
3
6
8
17
22
10
2
-11
-27
-31
-35
-39
-33
-13
-11
-31
-53
-72
-82
-100
-96
-70
-57
-49
-44
-50
-48
-29
3
30
42
51
48
40
27
18
8
-1
10
30
43
61
66
44
35
26
17
13
1
-5
-5
-2
0
9
11
17
33
33
22
7
-16
-32
-19
-3
8
19
14
8
3
-9
-11
-1
-2
7
19
27
33
40
31
22
17
18
26
20
7
-21
-27
-21
-3
18
24
37
35
23
-7
-28
-23
-11
5
23
36
28
20
34
29
28
30
16
3
11
13
-3
-24
-56
-76
-65
-54
-51
-50
-66
-67
-60
-47
-33
-29
-34
-20
0
-2
13
38
54
81
104
96
63
35
15
-3
-14
-24
-39
-48
-47
-39
-33
-31
-37
-26
-22
-26
-29
-48
-60
-72
-68
-59
-39
-19
-3
16
38
53
67
74
53
42
35
13
-7
2
1
-11
5
42
79
93
89
57
4
-31
-45
-51
-50
-38
-17
8
16
14
-12
-44
-59
-68
-82
-78
-55
-38
-22
4
29
36
38
28
-1
-43
-34
-19
-52
-58
-39
-39
-68
-67
-37
-34
-60
-47
-9
23
54
69
42
-4
18
72
96
73
50
80
111
120
133
132
111
127
144
121
65
41
64
61
56
76
67
50
84
108
69
29
29
2
-47
-57
-58
-95
-142
-137
-124
-135
-120
-78
-96
-135
-115
-74
-103
-143
-85
42
106
75
24
5
14
-1
-59
-108
-97
-29
25
37
-21
-74
-52
0
18
-34
-31
48
78
46
26
28
9
-9
34
117
165
146
101
95
114
116
58
-46
-117
-142
-116
-90
-116
-184
-189
-69
49
44
-41
-80
-20
71
51
-31
-5
75
105
82
50
38
50
94
79
21
10
59
-15
-180
-165
-108
-156
-214
-156
-107
-107
-11
74
3
-61
7
73
52
48
43
-34
-48
52
82
-67
-148
-91
-45
-62
-64
-42
-89
-127
-112
-59
-32
-11
-11
18
76
106
94
54
24
42
142
237
263
141
28
78
180
147
44
35
25
-25
-3
48
-56
-117
35
135
51
72
180
145
73
152
202
111
68
132
159
108
84
42
-50
-80
-92
-123
-148
-189
-251
-214
-82
-56
-124
-134
-73
-31
-30
15
68
72
22
-11
39
29
-23
-7
119
192
136
82
29
-15
-35
-32
-58
-59
-25
-75
-140
-67
-47
-109
-57
63
-3
-125
-5
112
47
-60
-29
-28
-139
-155
-93
-89
-126
-166
-236
-259
-192
-199
-264
-232
-166
-213
-271
-214
-103
-26
84
190
135
60
86
163
177
129
136
207
327
329
268
219
187
186
179
159
88
80
37
-40
-90
-29
-1
-124
-151
-26
108
116
21
-33
-63
-91
-15
95
37
-84
-7
149
7
-225
-135
142
172
51
95
48
-130
-217
-199
-370
-495
-399
-283
-249
-289
-496
-507
178
418
-728
-1354
196
1222
45
-530
675
976
343
923
1588
640
152
1109
1296
663
1029
1270
327
238
1131
706
-390
-221
-91
-766
-742
-159
-580
-1215
-839
-544
-854
-781
-561
-779
-881
-490
-283
-611
-792
-519
-100
121
-54
-331
-350
-108
-49
-220
-344
-385
-316
-280
-273
-265
-419
-684
-13
1113
349
-1596
-696
1945
1417
-776
84
1801
858
373
1986
1862
71
791
2201
1260
631
1682
930
-564
489
1373
-478
-1270
-15
-241
-1206
-451
-109
-1381
-1535
-599
-889
-1314
-535
-333
-1238
-1094
-12
156
-370
-725
-706
-337
210
220
-302
-490
55
349
39
-373
-131
171
-20
-260
-165
-278
20
1205
864
-1524
-1457
1870
2180
-912
-1136
1335
1025
-109
1315
1847
-153
110
2108
1506
66
764
703
-712
55
1505
122
-1389
-451
-63
-981
-773
-236
-1260
-1893
-1212
-1146
-1305
-681
-692
-1594
-1239
66
135
-698
-843
-524
-75
504
596
-93
-286
581
914
321
69
322
435
376
250
-254
449
2077
1075
-2058
-1298
2649
2498
-938
-584
1868
965
200
2073
1958
-308
692
2620
1263
346
1805
922
-843
907
2466
88
-1122
436
52
-1264
-168
238
-1875
-2176
-261
-356
-1689
-1129
-466
-1607
-2073
-721
-140
-1134
-1744
-1269
-719
-505
-385
-660
-1082
-719
140
11
-924
-891
-69
-146
-952
154
2012
372
-2777
-1275
2702
2032
-1189
-423
1662
887
975
2693
1462
-926
939
3213
1383
207
1651
869
-649
988
1969
-356
-1162
98
-413
-1046
257
-33
-2114
-1791
-87
-458
-1133
-613
-1105
-2103
-1040
446
-218
-1353
-1118
-616
-451
-75
-19
-682
-866
-84
566
179
-441
-496
-191
-194
356
1873
1266
-1921
-1770
2734
3452
-375
-781
2153
1491
158
2498
3413
138
-163
2977
2762
798
1755
1464
-976
247
2822
454
-2308
-425
473
-1823
-1675
72
-1510
-3216
-1552
-734
-2150
-1874
-979
-2376
-2994
-712
237
-1594
-2349
-1116
-352
-365
-198
-592
-1248
-574
649
273
-675
-210
567
60
565
2495
1726
-1556
-586
3837
3777
305
1029
3585
2029
858
3611
3952
454
810
3879
2958
582
1431
1352
-587
34
1422
-686
-2275
-875
-636
-2302
-2171
-1479
-2565
-3042
-2056
-2030
-2451
-1788
-1656
-2499
-2050
-849
-863
-1332
-1397
-1257
-713
123
-328
-1187
-683
440
200
-110
84
177
-32
1041
2468
1421
-1121
-299
3365
3669
704
560
3136
2523
1066
2427
3488
1413
938
2610
2503
1206
1303
384
-1232
-113
1283
-782
-2462
-1481
-1505
-2551
-1690
-1268
-3141
-3391
-1761
-2072
-2990
-1993
-1670
-2939
-2576
-632
-760
-2049
-1733
-910
-1011
-606
80
-544
-1421
-149
999
213
-424
600
908
523
2226
3129
272
-902
3446
5402
1674
674
4331
4134
1385
2791
5039
2654
1283
3190
2935
1378
2366
1850
-1227
-682
1928
103
-2583
-1349
-959
-2692
-2270
-1411
-3425
-3987
-1838
-2293
-4185
-2632
-1175
-3097
-3617
-1177
-614
-2086
-2010
-891
-1075
-1271
-417
-228
-650
-95
492
-20
-274
653
1152
788
2158
3666
1905
-613
1850
5383
3497
455
2581
4673
2428
1665
4283
3722
768
1619
3294
1790
714
1493
30
-1519
125
573
-2322
-3046
-1297
-1690
-3376
-3107
-2774
-3628
-3591
-3426
-4160
-3519
-1943
-2878
-4615
-3062
-986
-1787
-2821
-2014
-1195
-1321
-946
-506
-815
-369
771
690
-91
488
1661
1613
1989
3608
3134
495
1125
5181
5521
2129
2095
4920
4437
2828
4082
4742
2550
2229
3614
2764
1499
2074
908
-1367
-300
1190
-1391
-3448
-2138
-2349
-4159
-3102
-2204
-4458
-5156
-3284
-3192
-3950
-2569
-2343
-4279
-3581
-757
-769
-2494
-2064
-852
-868
-453
228
-594
-1068
141
699
127
271
697
350
619
2477
2974
880
9
2962
4648
2452
1351
3790
4486
2587
2936
4685
3651
2244
3206
3371
1999
2120
2011
-374
-860
1006
316
-2455
-2733
-1980
-2697
-3112
-2711
-3483
-4082
-3360
-3428
-3972
-2719
-1882
-3536
-4040
-1896
-829
-2007
-2335
-1399
-786
-420
-99
-500
-665
156
838
412
471
1041
1519
2199
2556
1623
1292
3031
4180
3122
2555
3793
3946
3272
3527
4092
3197
3059
3638
3162
2140
2235
1912
743
37
174
-280
-1223
-2034
-2488
-2718
-2665
-3058
-4143
-4618
-4111
-3843
-4280
-4337
-3663
-3401
-3891
-3648
-2535
-2143
-2690
-2554
-1761
-1232
-1151
-1336
-1296
-645
171
262
-244
149
1372
1892
1747
2589
3642
2614
1145
2495
5045
4890
3015
3235
4601
4235
3939
4536
3790
2195
2683
3543
2489
1187
784
-367
-1261
-534
-475
-2352
-3612
-3374
-3169
-3206
-3470
-4452
-5174
-4311
-3348
-3838
-4049
-3476
-3375
-3515
-2654
-1502
-1462
-1956
-1703
-842
-140
-73
-333
-315
463
1451
1649
1114
1310
2303
3274
4361
4368
2035
1206
4756
6890
3838
1819
4382
5301
3377
3823
5407
3387
1567
2898
3335
1469
1056
1056
-896
-1661
-267
-1033
-3826
-4370
-3097
-3166
-3991
-4366
-5146
-5380
-4189
-3826
-5033
-4970
-3629
-3541
-3888
-2620
-1706
-2341
-2545
-1475
-800
-298
433
14
-764
514
2078
1076
-68
1221
2866
3590
3971
3036
1548
2843
5770
5242
2613
3137
4991
4199
3142
4388
4610
2755
2419
3571
3287
1900
1231
354
-667
-415
-365
-2524
-4324
-3659
-2847
-3719
-4603
-4674
-4951
-5008
-4375
-4185
-4708
-4538
-3815
-3766
-3684
-2523
-1753
-2179
-2116
-981
-289
-398
-237
106
348
992
1463
1096
866
1654
2843
3616
3622
2657
2104
3583
5417
4564
2746
3267
4611
4090
3468
4126
3931
2507
2291
3158
2781
1399
270
-430
-437
-206
-1434
-3302
-3646
-2905
-3281
-4287
-4492
-4526
-4923
-4698
-3764
-3751
-4288
-3959
-3336
-3177
-2927
-2344
-2130
-2131
-1230
-37
-183
-840
-331
521
601
850
1440
1409
1436
2346
3409
3467
2943
2168
2033
3619
5059
3916
2490
3283
4430
3929
3619
3832
3085
2446
3070
3246
2048
968
269
-337
-100
-20
-1413
-2804
-2740
-2247
-2784
-3370
-3586
-4204
-4646
-4084
-3380
-3821
-4346
-3785
-3166
-2933
-2557
-2110
-2140
-2008
-1088
-490
-856
-1010
-392
163
138
392
765
1012
1528
2338
3103
3506
3174
2270
2459
4059
4495
3094
2757
3737
4158
3916
3989
3506
2639
2651
3022
2561
1540
696
241
-14
-127
-858
-2145
-2798
-2915
-3007
-3396
-4113
-4694
-4494
-3933
-3839
-3963
-3821
-3500
-3134
-2856
-2757
-2541
-2080
-1879
-1795
-1427
-1064
-1361
-1508
-1047
-422
-293
-394
-527
166
1465
2051
2322
2841
2441
1632
2871
4807
4383
2960
3548
4523
4353
4282
4728
3761
2768
3601
4210
2952
1661
933
-66
-576
-564
-1710
-3345
-3788
-3315
-3183
-3612
-4343
-4975
-4658
-3788
-3666
-4009
-3691
-3155
-2874
-2631
-2254
-2110
-1976
-1684
-1299
-885
-640
-611
-487
185
1073
1296
836
625
1657
2603
2926
3749
4174
2767
2195
4306
5418
3842
3059
4173
4305
3988
4683
4769
3284
3039
3856
3358
2293
1710
626
-351
-18
-209
-1926
-3034
-2839
-2979
-3546
-3732
-4369
-5278
-4944
-4257
-4502
-4715
-4197
-3723
-3571
-3236
-2729
-2346
-2024
-1788
-1435
-1046
-930
-952
-865
-221
495
571
160
166
1156
1890
2442
3306
3116
1622
2081
4619
4929
2781
2796
4493
4186
3385
4191
4078
2525
2772
3796
2866
1404
952
67
-929
-515
-573
-2696
-3909
-3249
-3183
-4497
-5252
-5237
-5173
-4849
-4198
-4037
-4367
-3968
-2938
-2649
-2672
-2189
-1428
-1128
-1073
-641
-297
-427
-378
116
889
1153
937
754
1086
1787
2408
3577
4202
2645
1160
2935
5263
4198
2126
3082
4183
3736
3721
4325
3308
2326
3492
4145
2999
1981
1234
-48
-191
504
-592
-2834
-3268
-2630
-3012
-4316
-5117
-5301
-5192
-5110
-5218
-5127
-4795
-4315
-3539
-2841
-2647
-2503
-1935
-1545
-1383
-730
-216
-299
-41
665
1134
1209
1671
1733
1915
2451
3192
4329
4556
2845
1838
4275
6171
4207
2336
3859
4797
4002
4023
4383
2593
1760
3214
3553
2022
1141
706
-156
-281
-271
-1915
-3694
-3786
-3591
-4255
-4997
-5073
-5019
-4892
-4733
-4599
-4234
-3754
-3514
-3262
-2631
-2114
-1928
-1676
-1273
-771
-240
-170
-191
121
439
740
1074
1158
722
1041
1586
2310
3387
3367
1195
1007
4163
5174
2396
1757
3896
3862
2898
3708
4074
2273
2273
3609
2963
1507
1495
735
-496
-102
-143
-2531
-3775
-3060
-3425
-4790
-4995
-4888
-5363
-5030
-4420
-4897
-5171
-3912
-2884
-3193
-3062
-2023
-1622
-1817
-1278
-448
-360
-407
162
485
540
1153
1705
1341
1056
2032
2339
2339
3344
3412
1346
1631
4873
5321
2555
2556
4483
4098
3314
4174
3938
2106
2539
3718
2769
1494
1243
192
-542
209
-231
-2738
-3497
-2533
-2815
-3891
-4184
-4542
-4822
-3909
-3128
-3824
-4033
-2860
-2094
-2323
-2028
-1168
-1012
-1161
-611
189
61
-266
-129
165
496
1102
1101
661
914
2141
2233
2269
3600
3558
1105
1084
4483
5075
2410
2386
4246
3778
3513
4535
3829
1581
2194
3425
2241
1062
1104
-198
-1482
-569
-643
-3379
-4402
-3332
-3663
-4734
-4716
-5163
-6043
-5104
-3898
-4655
-5219
-3956
-3047
-3298
-2848
-1799
-1685
-1709
-974
-259
-377
-306
47
143
358
1030
1167
878
1237
2197
2195
2002
3283
3771
1755
989
3940
5462
3315
2418
4205
4363
3587
4119
4213
2458
2341
3527
2900
1652
1504
501
-1084
-546
91
-1978
-3960
-3272
-3046
-4097
-4257
-4592
-5859
-5313
-3728
-4219
-5281
-4294
-3233
-3486
-3203
-2002
-1441
-1271
-556
-62
-114
235
607
514
918
1800
1762
1080
1276
2087
2285
1964
2917
3907
2849
1383
2505
4430
3709
1907
2343
3269
3003
3027
3419
2912
2272
2758
2621
1921
1617
909
-656
-703
295
-759
-2882
-3040
-2715
-3263
-3522
-3719
-4691
-4737
-3438
-3239
-3987
-3406
-2506
-2902
-3062
-1922
-1346
-1510
-1170
-731
-576
-309
181
295
416
860
1070
782
960
1440
1839
1844
2208
3041
3139
2096
1770
3230
4258
3327
2612
3371
3453
2907
2975
3371
2676
2330
2566
2364
1798
1242
166
-503
-182
-499
-2245
-3314
-3298
-3431
-3591
-3901
-4910
-5494
-4487
-3791
-4371
-4457
-3794
-3685
-3822
-3091
-2398
-2162
-1762
-1418
-1155
-588
88
174
62
512
1032
1181
1149
1177
1619
2061
2028
2335
3105
2843
1767
2076
3791
4290
3326
3199
3564
3439
3580
4098
3663
2846
2896
2916
2496
2134
1409
17
-495
-298
-1225
-2831
-3297
-3288
-3706
-4082
-4562
-5308
-5300
-4673
-4572
-4718
-4207
-3669
-3878
-3644
-2720
-2382
-2488
-2010
-1281
-1011
-571
308
602
423
825
1559
1842
1886
2226
2747
2833
2939
3693
4169
3310
2654
3645
4946
4740
3780
3413
3403
3458
3584
3571
3076
2669
2355
1910
1673
1457
462
-471
-537
-712
-1698
-2614
-3143
-3599
-3917
-4257
-4818
-4914
-4334
-4266
-4591
-4172
-3474
-3452
-3437
-2792
-2305
-2299
-1964
-1569
-1455
-1120
-426
84
151
422
879
1125
1462
1770
2071
2341
2517
2910
3701
3949
3007
2645
3981
4955
4023
2941
3121
3639
3475
3268
3029
2500
1913
1545
1145
655
167
-674
-1507
-1829
-2033
-2777
-3666
-4189
-4203
-4157
-4561
-5067
-4843
-4420
-4473
-4411
-3792
-3193
-2921
-2594
-2130
-1723
-1333
-899
-620
-325
49
292
385
676
1039
1209
1294
1435
1734
2106
2068
1890
2507
3355
3034
2063
2736
4350
4502
3422
2997
3639
4096
3872
3541
3288
2930
2454
2211
2073
1570
572
-478
-949
-1239
-1814
-2692
-3584
-4032
-3935
-3953
-4442
-4814
-4624
-4453
-4554
-4519
-4031
-3406
-3086
-3000
-2562
-1988
-1714
-1544
-1054
-586
-452
-169
318
388
378
942
1253
1107
1503
2499
2549
2392
3553
4313
2789
1836
3649
5158
3917
2851
3750
4317
3896
3839
3800
2911
2442
2502
1966
1468
1346
209
-1225
-1244
-1098
-2284
-3295
-3651
-3987
-3884
-3551
-4267
-5094
-4426
-3409
-3728
-4027
-3179
-2609
-2779
-2551
-1801
-1389
-1118
-827
-860
-847
-397
-48
-110
-40
409
813
1015
1120
1635
2232
2136
2160
3328
4003
2878
2469
4228
4930
3444
2855
4145
4511
3785
3722
3606
2737
2197
2225
1724
1017
517
-291
-1123
-1263
-1583
-2536
-3429
-3919
-3961
-3673
-3898
-4914
-5199
-4473
-4206
-4576
-4347
-3598
-3364
-3459
-3117
-2573
-2263
-2008
-1668
-1336
-986
-682
-463
-236
27
426
771
936
1166
1941
2531
2205
2380
3767
4019
2518
2585
4765
5254
3543
3222
4320
4133
3540
4021
3924
2744
2246
2456
2151
1625
959
-374
-1057
-648
-980
-2302
-3024
-3185
-3503
-3337
-3446
-4700
-5172
-4019
-3504
-4137
-4032
-3329
-3365
-3417
-2772
-2323
-2293
-1859
-1279
-1179
-823
-208
-137
-102
741
1490
1497
1485
1912
2525
2936
2778
2964
3995
4292
3009
2537
4284
5086
3789
3164
3928
3882
3391
3732
3647
2324
1653
1959
1872
1081
-117
-1238
-1413
-1160
-1954
-3123
-3480
-3801
-4082
-3643
-3624
-4782
-5400
-4470
-3894
-4154
-3904
-3549
-3702
-3288
-2205
-1918
-2071
-1554
-1144
-1139
-614
16
-71
-89
656
1277
1469
1723
1808
2019
2696
2928
2672
3587
4741
3649
2293
3891
5664
4362
2986
3789
4053
3209
3511
3696
2115
1105
1880
1896
654
-198
-896
-1813
-1830
-1611
-2521
-3761
-4285
-4403
-4148
-3655
-4284
-5627
-5395
-3824
-3509
-4236
-4254
-3648
-3078
-2387
-2043
-2190
-1956
-1412
-1218
-842
-81
112
-218
-104
682
1517
1825
1694
1725
2469
2975
2474
2870
4592
4466
2294
2403
5073
5492
3600
3327
4045
3638
3621
4173
3036
1478
2064
2880
1776
606
174
-553
-835
-448
-1477
-3494
-3875
-3376
-3863
-4044
-3709
-4705
-5727
-4697
-3481
-3998
-4540
-4003
-3383
-2888
-2446
-2401
-2089
-1191
-879
-849
44
779
394
409
1523
2289
2243
2160
2206
2520
3492
3945
3377
3866
5070
3927
2143
3591
5668
4313
2563
3168
3489
2777
3192
3188
1188
333
1632
1396
-443
-969
-1227
-2322
-2249
-1766
-3485
-4925
-4014
-3806
-5016
-4821
-4310
-5571
-5927
-4127
-3498
-4473
-4381
-3425
-2984
-2684
-2188
-1953
-1636
-964
-572
-207
575
845
648
1311
2407
2505
2367
2720
2933
3366
4212
4108
3497
4545
5852
4316
2642
4352
6138
4601
2860
3337
3641
3080
3149
2734
1089
510
1185
566
-647
-943
-1769
-2822
-2428
-2162
-3690
-4636
-4156
-4455
-5095
-4561
-4499
-5601
-5700
-4559
-4272
-4622
-4118
-3554
-3304
-2885
-2312
-1950
-1348
-822
-633
24
912
1148
1110
1595
2166
2638
3267
3247
2799
3439
4257
3645
3094
4476
5448
3637
2206
3907
5351
3836
2328
2680
2886
2648
2801
2028
557
501
1062
169
-791
-826
-1730
-2829
-2340
-2130
-3549
-4248
-3646
-3987
-4740
-4230
-3899
-4767
-4925
-4018
-3657
-3656
-3186
-2896
-2628
-1838
-1340
-1330
-837
-206
-60
459
1463
1698
1466
1908
2661
2940
3163
3350
3159
3465
4258
4096
3290
4060
5386
4243
2376
3381
5167
4098
2331
2465
2824
2429
2432
2135
858
312
695
251
-626
-929
-1834
-2969
-2680
-2241
-3637
-4934
-4576
-4582
-5332
-5128
-4727
-5492
-5913
-5256
-4672
-4486
-4208
-3976
-3617
-2724
-1750
-1274
-1081
-717
-102
872
1601
1708
1698
2235
2982
3358
3543
3516
3307
3588
4318
4122
3117
3438
4709
4089
2004
2081
3925
3783
1965
1408
1828
1696
1410
1243
519
-142
-33
-96
-569
-896
-1591
-2377
-2226
-2048
-2940
-3787
-3483
-3287
-3899
-4088
-3720
-3979
-4352
-3918
-3359
-3160
-3087
-2952
-2588
-1710
-833
-636
-668
-94
792
1378
1668
1979
2188
2370
2802
3224
3234
3210
3279
3247
3500
3687
3018
2488
3593
4293
2483
1027
2443
3631
2254
1124
1625
1640
983
1088
1167
259
-299
54
77
-548
-1269
-1929
-2133
-1968
-2502
-3551
-3746
-3554
-3991
-4435
-4180
-4099
-4401
-4147
-3728
-3754
-3546
-2746
-2363
-2333
-1638
-909
-770
-295
597
1131
1294
1820
2365
2491
2811
3213
3177
3115
3475
3549
3111
3187
3188
2432
2507
3718
3268
968
801
2709
2838
1189
617
804
509
580
985
122
-1172
-883
-150
-487
-1115
-1411
-2021
-2225
-1802
-2076
-2994
-3299
-3257
-3408
-3303
-3133
-3561
-3861
-3296
-2882
-2708
-2235
-1721
-1689
-1303
-406
34
185
723
1208
1188
1473
2229
2337
2129
2530
2814
2566
2547
2826
2619
2387
2709
2391
1378
1539
2686
2422
751
330
1362
1830
1075
259
70
315
757
720
-66
-872
-714
-220
-401
-976
-1463
-1965
-2257
-2107
-1948
-2543
-3405
-3545
-3001
-2617
-3032
-3393
-3046
-2631
-2471
-2202
-1676
-1294
-1092
-677
-214
193
749
1167
1099
1236
1934
2291
2007
1900
2070
2210
2145
2053
2018
2030
2194
2092
1816
1461
1364
1952
2481
1642
424
1026
2449
2155
831
516
1022
1240
1150
757
-13
-191
258
111
-662
-1065
-1362
-1903
-1997
-1630
-1963
-2906
-3308
-2834
-2356
-2338
-2690
-3051
-2603
-1763
-1407
-1642
-1493
-812
-318
-120
190
709
930
958
1222
1596
1669
1482
1438
1613
1720
1755
1514
1113
1130
1439
1500
1238
897
358
319
1298
1616
132
-832
392
1388
396
-314
105
146
-144
93
261
-334
-607
-534
-837
-952
-783
-1507
-2424
-2063
-1540
-2121
-2740
-2686
-2717
-2517
-2018
-2219
-2859
-2298
-1133
-1115
-1515
-1021
-186
43
158
547
979
1221
1356
1409
1735
2134
2295
2077
1940
2212
2461
2222
1774
1828
2166
2248
1850
1459
1464
1525
1590
1792
1236
90
267
1386
1064
-158
-44
285
-90
8
496
-117
-955
-736
-465
-668
-745
-992
-1668
-1429
-759
-1379
-2350
-1945
-1443
-1858
-1960
-1566
-1721
-1965
-1584
-1376
-1453
-946
-592
-1034
-1051
-252
330
218
75
123
416
987
1227
750
561
1192
1500
1107
910
1019
1074
1171
1293
931
302
251
946
1338
660
-481
-214
1077
1204
142
-292
125
216
393
574
235
-324
-110
392
354
-38
-339
-630
-581
-362
-537
-971
-1209
-1282
-1390
-1304
-1115
-1106
-1291
-1341
-1096
-547
-212
-538
-960
-495
204
367
278
385
580
745
1126
1371
1206
912
943
1297
1503
1128
629
656
1028
952
454
192
143
10
202
601
181
-751
-572
372
435
-154
-191
60
-18
26
353
320
-34
-64
308
519
226
-108
-324
-521
-620
-524
-710
-1419
-1880
-1566
-1281
-1709
-1965
-1676
-1611
-1837
-1701
-1352
-1321
-1398
-1122
-702
-401
-184
-21
138
459
744
745
818
1150
1343
1344
1466
1442
1053
1103
1418
1176
774
815
757
237
421
1177
778
-538
-280
1200
1256
250
276
820
849
1034
1328
884
545
1060
1362
1084
1072
994
271
-6
496
447
-436
-879
-1031
-1255
-1258
-1146
-1616
-2037
-1755
-1434
-1615
-1755
-1502
-1330
-1195
-1026
-590
-227
-74
-138
77
564
758
656
577
694
814
969
830
336
102
393
412
-214
-500
-235
-459
-960
-459
12
-881
-1545
-585
188
-280
-543
92
451
355
629
967
1004
1081
1224
1136
1179
1266
919
312
351
652
262
-430
-606
-641
-789
-868
-1101
-1449
-1683
-1527
-1153
-988
-1185
-1221
-645
-51
-27
12
255
399
429
757
1024
909
720
762
933
868
711
431
254
128
186
150
-122
-339
-140
-40
-409
-302
428
676
-100
-306
673
1537
1068
381
575
1217
1467
1351
1085
719
618
766
850
553
-14
-460
-416
-487
-894
-1145
-1247
-1641
-1928
-1632
-1450
-1738
-1902
-1768
-1587
-1324
-1158
-1202
-999
-543
-476
-650
-369
66
94
108
388
318
144
364
558
203
125
474
311
-208
-90
399
273
-10
3
244
203
87
492
1124
868
-68
127
1431
1845
1073
880
1341
1478
1612
1933
1590
854
951
1385
1165
790
523
27
-119
457
517
-300
-911
-898
-684
-501
-535
-806
-893
-709
-436
-288
-320
-595
-673
-325
-60
-174
-274
-384
-581
-474
-252
-453
-821
-839
-758
-811
-722
-612
-784
-1043
-981
-683
-480
-479
-522
-576
-677
-700
-430
-17
61
-491
-636
165
668
182
-30
403
566
725
1280
1271
716
1034
1675
1590
1319
1385
1055
765
1181
1427
701
128
132
15
-53
296
118
-675
-1007
-703
-471
-523
-806
-1232
-1253
-692
-305
-698
-1080
-975
-791
-757
-524
-468
-752
-857
-540
-366
-483
-620
-679
-603
-524
-517
-445
-400
-537
-585
-357
-394
-360
290
628
-44
-3
1233
1726
1002
1087
2017
2175
2082
2382
2333
1891
2191
2539
2230
1866
1818
1543
1257
1196
858
299
45
-186
-587
-827
-855
-1152
-1538
-1558
-1413
-1508
-1723
-1841
-1874
-1777
-1637
-1530
-1593
-1634
-1440
-1214
-932
-790
-887
-937
-690
-506
-466
-551
-832
-871
-480
-330
-749
-847
-527
-421
-478
-135
-43
-100
516
1231
776
158
1176
2418
2022
1422
2097
2756
2632
2612
2905
2620
2295
2541
2650
2331
1975
1637
1115
787
720
203
-671
-1038
-921
-1072
-1505
-1870
-2065
-2109
-2058
-2144
-2335
-2347
-2199
-1998
-1898
-1847
-1611
-1392
-1420
-1295
-904
-738
-917
-835
-703
-777
-783
-683
-857
-1002
-583
-340
-671
-952
-611
-190
-148
-164
-60
-122
294
1394
1887
1017
734
2173
3206
2659
2206
2709
2958
3101
3410
3323
2551
2317
2719
2744
2152
1643
1079
552
374
305
-265
-1163
-1619
-1705
-1760
-2131
-2689
-2927
-2876
-2948
-2905
-2562
-2445
-2772
-2743
-2220
-1872
-1761
-1689
-1736
-1611
-956
-317
-456
-764
-539
-70
117
168
84
-57
178
785
894
417
429
856
1008
1034
1305
1244
1090
1691
2447
1971
1289
2069
3095
2866
2356
2689
2866
2638
2936
3212
2668
2203
2265
2225
1947
1569
856
102
-138
-147
-629
-1275
-1708
-2140
-2571
-2760
-2919
-3257
-3501
-3603
-3621
-3450
-3146
-3120
-3371
-3272
-2670
-2270
-2327
-2300
-1860
-1314
-942
-724
-631
-452
0
480
583
455
559
810
1041
1228
1219
1002
1101
1531
1713
1565
1402
1348
1563
1989
2019
1406
1138
1807
2288
1919
1464
1610
1739
1650
1777
1813
1393
1213
1280
1070
700
459
-2
-474
-483
-542
-1163
-1673
-1727
-1957
-2327
-2343
-2331
-2791
-3107
-2923
-2691
-2552
-2271
-2153
-2257
-2022
-1382
-1034
-1087
-992
-593
-105
314
508
388
456
928
1191
1151
1087
1049
1077
1401
1786
1619
1143
1021
1268
1499
1588
1418
958
806
1392
1850
1383
684
962
1627
1685
1308
1130
1043
1043
1178
1263
1106
880
710
666
816
621
-70
-548
-474
-547
-868
-1178
-1528
-1932
-1919
-1752
-1969
-2365
-2559
-2672
-2498
-2042
-1922
-2188
-2220
-1843
-1438
-1091
-845
-760
-758
-363
277
604
551
439
671
1159
1450
1369
1145
1091
1294
1409
1219
983
939
864
651
545
546
525
323
47
161
531
330
-295
-128
541
635
207
130
263
317
537
690
416
141
276
421
391
408
232
-304
-435
-139
-230
-754
-1006
-1183
-1341
-1191
-1069
-1521
-1918
-1643
-1356
-1431
-1333
-998
-945
-939
-553
-212
-190
-157
50
291
496
739
819
715
725
1016
1307
1137
846
929
1104
1071
917
721
524
451
441
234
29
67
22
-348
-499
-101
257
-34
-507
-281
296
363
117
159
383
590
721
857
754
746
940
1056
882
658
452
300
356
207
-147
-258
-203
-523
-885
-849
-846
-1263
-1446
-1220
-1133
-1309
-1369
-1153
-1000
-1013
-999
-735
-484
-367
-246
20
153
162
183
263
329
369
431
439
402
337
340
360
226
55
135
152
69
-24
-32
61
168
86
-114
124
690
756
197
150
814
1333
1180
922
853
1113
1464
1378
978
911
1212
1237
1010
816
530
16
-165
-144
-520
-1094
-1248
-1149
-1314
-1488
-1638
-1878
-1924
-1707
-1663
-1870
-1891
-1766
-1689
-1505
-1244
-1160
-1051
-711
-384
-311
-301
-57
219
263
214
354
691
851
823
733
749
874
902
733
578
661
714
724
679
771
834
692
467
537
1026
1203
709
301
870
1494
1396
969
792
825
1095
1352
1117
666
559
677
654
479
224
-203
-539
-462
-424
-787
-1245
-1459
-1555
-1576
-1605
-1837
-2191
-2296
-2091
-1963
-1971
-2063
-2097
-1876
-1505
-1310
-1257
-1014
-630
-367
-206
36
286
367
443
672
1084
1350
1209
1079
1405
1734
1547
1292
1294
1430
1443
1297
1061
813
817
980
938
586
405
721
1077
894
236
280
895
1066
647
596
907
931
850
915
859
590
612
671
610
440
145
-402
-688
-520
-538
-1109
-1621
-1703
-1555
-1516
-1836
-2270
-2376
-2028
-1817
-1992
-2175
-2015
-1641
-1382
-1264
-1051
-722
-603
-517
-234
92
174
117
204
492
874
1130
979
731
1028
1334
1209
836
786
903
995
1066
885
628
669
959
899
687
407
425
804
1101
637
28
430
958
602
67
98
114
-50
49
146
-171
-476
-425
-366
-492
-653
-863
-1026
-960
-802
-992
-1363
-1412
-1177
-1118
-1196
-1176
-1206
-1221
-1027
-802
-791
-783
-538
-420
-435
-237
21
50
-78
258
671
591
445
435
650
796
868
950
970
988
1131
1178
1046
949
975
1102
1150
1084
936
887
1020
1079
981
898
520
324
756
1039
300
-277
337
761
135
-259
75
20
-223
-112
-32
-422
-520
-373
-389
-451
-426
-680
-890
-641
-570
-891
-1123
-1003
-1023
-1100
-1076
-1088
-1243
-1151
-893
-960
-990
-854
-779
-872
-727
-414
-285
-414
-403
-182
41
145
190
331
425
635
893
1049
1034
965
987
1159
1213
1076
1005
966
928
851
809
717
576
610
565
497
399
302
382
315
-203
-438
103
429
-94
-505
-271
-163
-162
-63
-140
-492
-430
-73
1
-265
-576
-762
-665
-400
-506
-1044
-1163
-919
-983
-1138
-1102
-1175
-1323
-1161
-842
-856
-901
-722
-605
-577
-509
-345
-149
45
166
318
554
725
760
832
929
1047
1134
1266
1281
1184
1191
1219
1136
988
961
926
825
687
575
496
451
290
27
-86
-49
-280
-346
-102
-240
-896
-867
-137
-130
-673
-717
-381
-363
-257
-42
-144
-341
-108
95
6
-197
-192
-343
-464
-278
-204
-354
-480
-434
-421
-271
-141
-339
-561
-390
-208
-274
-310
-149
-69
-18
63
202
264
307
512
599
541
550
825
871
754
820
1086
1128
1030
974
1032
1042
877
729
660
685
564
390
124
21
49
-14
-307
-526
-678
-718
-493
-488
-1012
-1481
-1000
-556
-821
-1248
-1097
-1019
-927
-625
-489
-710
-732
-332
-211
-212
-240
-403
-565
-238
90
-169
-474
-326
-203
-259
-141
-200
-499
-507
-133
-13
-140
-133
-26
121
315
473
467
377
455
631
789
858
884
835
797
960
1125
962
831
888
907
975
1051
900
576
443
425
400
299
111
-133
-245
-216
-270
-446
-691
-842
-927
-768
-609
-965
-1421
-1165
-664
-753
-1123
-1006
-850
-802
-572
-451
-573
-736
-418
-118
-82
-143
-67
35
233
327
264
182
200
264
315
369
336
344
378
451
529
680
604
448
428
660
812
672
512
474
559
637
700
632
537
552
759
755
506
292
289
424
381
181
-56
-129
-82
-103
-284
-344
-350
-508
-704
-680
-661
-864
-1013
-975
-1072
-1184
-891
-756
-1228
-1315
-674
-324
-616
-720
-434
-324
-115
222
155
-106
233
669
694
573
609
604
638
874
897
715
807
971
811
734
872
833
661
662
666
585
483
380
305
202
215
261
145
-99
-181
-128
-148
-265
-368
-482
-496
-457
-548
-688
-822
-824
-703
-590
-623
-794
-799
-650
-609
-747
-844
-864
-747
-661
-752
-906
-930
-863
-761
-612
-506
-650
-716
-341
-57
-160
-240
-9
187
427
664
720
603
725
1044
1209
1230
1259
1307
1357
1521
1566
1390
1247
1246
1216
1203
1162
975
714
606
542
443
285
89
-102
-243
-344
-418
-482
-712
-962
-972
-796
-803
-1055
-1300
-1260
-1180
-1127
-1200
-1276
-1222
-1078
-977
-957
-989
-1030
-885
-669
-655
-752
-614
-427
-375
-378
-263
-105
117
366
453
362
427
832
1015
908
914
1116
1183
1295
1500
1514
1450
1643
1848
1799
1782
1834
1666
1456
1427
1329
1135
1018
916
707
537
499
386
133
-34
-179
-406
-554
-627
-846
-1113
-1231
-1179
-1228
-1401
-1535
-1651
-1651
-1518
-1506
-1618
-1717
-1681
-1515
-1434
-1429
-1377
-1315
-1236
-1133
-958
-848
-779
-641
-433
-312
-204
-43
42
80
220
502
570
533
630
804
849
978
1132
1073
869
986
1261
1182
979
1036
1198
1254
1369
1386
1209
1006
1053
1071
892
681
574
470
397
332
98
-201
-285
-270
-399
-596
-765
-849
-942
-1044
-1204
-1391
-1453
-1438
-1390
-1387
-1389
-1366
-1301
-1208
-1082
-960
-842
-683
-488
-375
-349
-243
-188
-88
113
346
494
606
651
656
825
970
953
901
952
994
1027
1075
1054
937
928
1067
1139
1034
992
983
812
689
693
643
535
496
480
406
346
281
128
-79
-192
-207
-332
-512
-574
-586
-673
-734
-740
-815
-896
-872
-850
-913
-875
-817
-857
-907
-871
-811
-772
-702
-628
-601
-564
-475
-360
-237
-164
-108
-9
68
140
186
303
400
460
537
580
551
550
679
749
750
754
788
772
735
782
757
613
575
635
586
548
523
348
172
227
293
121
22
87
96
58
75
10
-193
-304
-276
-291
-418
-447
-504
-640
-675
-602
-636
-714
-679
-676
-796
-868
-834
-845
-844
-804
-797
-814
-774
-732
-702
-702
-666
-544
-454
-383
-274
-220
-184
-131
-31
33
44
120
288
444
538
596
619
709
729
706
727
764
787
805
800
765
698
630
607
567
572
546
482
387
322
297
284
251
247
228
187
223
213
127
51
40
14
4
-7
-45
-114
-112
-45
-65
-142
-156
-151
-148
-96
-114
-202
-340
-334
-236
-220
-236
-210
-210
-224
-182
-153
-221
-283
-217
-116
-115
-137
-110
-90
-69
-1
26
-16
-57
-57
-19
42
63
-5
-50
-43
-23
-7
-35
-111
-136
-60
-12
2
-77
-88
-71
-113
-134
-91
-67
-107
-123
-108
-91
-58
39
40
13
46
92
115
132
168
230
255
265
307
297
263
234
199
191
204
178
193
203
171
125
73
19
-85
-115
-79
-54
-62
-79
-93
-136
-226
-219
-171
-192
-210
-224
-248
-260
-223
-201
-242
-306
-301
-286
-248
-236
-251
-239
-250
-280
-290
-337
-330
-277
-279
-231
-181
-195
-218
-205
-210
-172
-114
-96
-88
-51
-8
70
125
118
160
235
276
357
483
513
529
570
604
661
685
701
692
687
686
694
665
596
510
480
437
428
410
300
216
148
140
108
28
-33
-92
-151
-160
-195
-266
-312
-332
-371
-394
-443
-487
-509
-573
-609
-563
-517
-530
-511
-484
-493
-493
-425
-415
-393
-363
-327
-241
-227
-244
-251
-263
-223
-140
-115
-105
-69
-5
61
116
212
220
239
306
330
353
350
416
478
511
442
418
406
401
473
495
485
424
440
425
436
395
325
233
147
73
75
75
-1
-51
-60
-68
-118
-172
-201
-204
-219
-238
-234
-285
-344
-332
-338
-345
-392
-392
-387
-369
-337
-285
-297
-254
-235
-220
-189
-237
-224
-203
-150
-122
-132
-128
-106
-73
-21
13
14
26
57
99
97
122
163
175
191
209
236
276
307
306
349
358
380
402
352
368
393
381
395
347
289
233
211
173
115
82
60
41
27
-9
-87
-135
-180
-231
-269
-316
-345
-384
-422
-419
-453
-515
-522
-529
-545
-458
-449
-456
-467
-463
-427
-364
-304
-271
-244
-202
-125
-88
7
58
118
212
268
350
406
376
385
412
418
447
464
486
502
562
592
586
586
622
599
533
520
501
445
367
332
277
243
227
197
157
68
14
-2
-57
-78
-112
-159
-168
-175
-196
-251
-364
-465
-472
-447
-451
-486
-520
-519
-531
-564
-577
-603
-610
-576
-532
-520
-511
-493
-502
-451
-391
-386
-317
-224
-152
-62
9
58
115
137
202
288
308
321
328
352
370
374
359
363
370
404
435
434
449
440
421
379
360
336
297
264
244
217
200
178
162
160
136
121
124
115
77
45
-1
-48
-73
-62
-82
-110
-130
-151
-151
-159
-185
-214
-223
-238
-217
-216
-234
-180
-148
-164
-131
-144
-201
-229
-206
-177
-165
-179
-199
-224
-206
-136
-101
-76
-63
-51
-21
-27
-16
7
-7
25
44
29
35
72
111
111
120
166
160
136
124
126
118
108
82
50
-10
-40
-14
1
23
70
75
54
68
59
76
53
55
59
71
95
85
89
82
61
66
35
-9
-26
-66
-61
-109
-136
-153
-182
-208
-206
-152
-121
-116
-84
-70
-51
-45
-15
23
65
106
124
144
158
161
171
190
171
159
120
95
97
105
79
73
82
38
30
46
15
7
15
10
21
28
75
106
93
102
115
120
119
117
133
100
122
106
75
90
30
-22
-47
-34
-47
-63
-90
-87
-68
-64
-38
-19
-48
-71
-75
-108
-132
-145
-176
-209
-205
-199
-224
-240
-235
-274
-311
-359
-352
-342
-356
-362
-404
-421
-420
-432
-425
-399
-376
-357
-333
-283
-223
-170
-137
-127
-97
-63
-8
33
64
120
149
206
232
256
299
334
366
417
449
488
514
562
628
630
669
694
688
673
637
614
606
572
561
550
523
510
488
463
429
354
277
230
171
107
55
3
-65
-107
-161
-185
-240
-328
-389
-414
-450
-462
-509
-552
-586
-614
-629
-643
-609
-619
-615
-629
-594
-573
-571
-556
-529
-481
-450
-426
-388
-350
-302
-223
-175
-141
-120
-121
-104
-46
-6
34
68
92
117
153
191
181
206
217
252
299
328
370
406
446
477
518
526
538
521
529
522
517
513
491
476
429
387
337
284
204
148
103
88
43
-9
-36
-88
-125
-159
-173
-177
-199
-224
-271
-300
-292
-291
-271
-261
-258
-237
-243
-276
-294
-290
-261
-231
-219
-181
-158
-143
-118
-118
-128
-181
-183
-156
-139
-124
-105
-76
-55
-22
28
42
47
38
29
42
45
59
56
76
78
96
117
123
131
113
118
120
111
112
119
127
136
119
105
96
96
122
119
127
142
139
115
85
88
74
-1
-53
-53
-54
-27
-26
-35
-41
-36
-21
-20
-39
-46
-31
-40
-50
-66
-77
-93
-76
-35
-25
-25
-44
-37
-15
-21
-24
4
6
-5
-4
-10
-9
-16
-17
-7
7
32
57
82
83
75
90
77
46
59
72
90
73
53
60
44
56
62
73
95
105
116
103
90
112
99
90
110
87
67
31
-15
-26
-46
-56
-36
-40
-48
-58
-87
-96
-143
-169
-169
-179
-203
-212
-229
-234
-212
-213
-196
-183
-170
-146
-127
-158
-181
-181
-202
-183
-150
-125
-122
-157
-153
-155
-176
-143
-125
-105
-85
-51
13
46
57
78
96
119
136
154
180
184
189
176
169
164
177
212
219
229
238
211
226
250
258
264
244
217
203
167
163
185
156
162
169
198
214
196
191
140
92
72
47
9
-10
-29
-81
-100
-111
-130
-155
-165
-165
-175
-205
-251
-248
-272
-273
-252
-233
-187
-165
-150
-126
-98
-107
-100
-91
-90
-93
-89
-80
-74
-57
-18
1
2
-4
-2
10
-2
-14
-31
-4
-5
26
57
57
67
49
46
78
102
106
142
127
91
85
93
105
109
112
112
116
96
75
68
53
41
23
10
12
24
22
-2
-18
-17
-16
-26
-23
-25
-26
-56
-97
-110
-101
-96
-92
-107
-129
-137
-126
-83
-81
-77
-112
-117
-99
-79
-46
-40
-31
-10
6
23
54
73
75
62
47
33
38
25
20
9
-1
-22
-33
-27
-28
-11
16
41
48
54
69
72
66
87
99
106
118
135
147
149
142
150
120
99
84
39
30
9
