1
0
0
0
0
0
-1
0
0
0
0
0
-1
0
0
0
0
0
0
1
0
0
0
0
1
0
0
0
0
0
0
0
0
0
-1
0
1
0
0
0
0
0
0
0
0
0
0
0
0
0
0
0
-1
1
0
0
0
-1
0
0
0
1
0
0
0
-1
0
0
0
0
1
1
0
1
0
0
-1
0
-1
0
0
0
0
0
0
0
0
0
0
0
0
0
1
0
0
0
0
0
0
0
0
0
0
0
0
0
0
0
0
0
0
1
0
0
0
1
0
0
0
0
0
0
0
0
1
1
0
0
1
0
0
0
0
0
1
0
0
-1
1
0
-1
-1
0
0
0
0
0
1
0
1
0
0
0
1
0
-1
0
-1
0
0
-1
0
0
0
-1
0
0
0
0
0
0
0
0
1
-1
0
0
0
0
-1
0
0
0
0
0
1
0
0
0
0
0
0
0
0
1
1
0
0
0
0
0
0
0
0
0
1
0
-1
0
0
0
0
0
0
0
0
0
0
1
0
1
1
1
0
0
0
0
0
0
0
0
0
0
0
0
-1
0
0
0
-1
0
-1
0
0
0
0
0
0
0
-1
1
0
1
0
0
0
0
1
1
0
-1
0
1
-1
0
0
0
0
0
0
0
0
0
0
0
0
0
1
-1
0
0
0
0
0
0
0
-1
0
-1
0
0
0
0
0
-1
0
1
0
0
0
1
0
0
0
0
0
0
0
0
0
0
0
0
0
0
1
0
1
0
-1
-1
-1
0
0
0
0
0
0
0
-1
0
0
1
-1
0
1
0
0
0
0
0
0
0
-1
0
0
0
0
0
0
0
0
0
0
0
0
0
0
0
0
0
0
0
0
0
0
1
0
1
0
0
0
1
0
0
-1
1
0
-1
0
0
-1
0
0
0
0
-1
0
0
0
0
1
0
0
0
1
0
0
1
-1
0
0
0
0
0
0
-1
0
1
0
0
0
1
-1
0
0
0
-1
0
0
0
-1
0
1
0
-1
0
0
-1
-1
0
0
0
0
-1
-1
-1
0
0
0
0
0
0
0
0
0
1
0
-1
0
1
0
1
0
0
0
-1
0
0
0
0
0
0
-1
1
0
0
0
0
1
0
0
0
-1
0
1
0
0
0
0
0
0
0
0
0
0
-1
1
-1
0
1
0
0
0
0
0
0
0
0
0
0
0
0
0
0
0
1
0
0
0
0
-1
1
0
0
0
0
0
0
0
0
0
0
0
0
-1
0
0
0
-1
0
0
1
1
0
0
0
0
-1
0
1
0
-1
0
0
0
0
-1
0
0
0
0
0
-1
-1
0
0
0
0
1
0
0
0
0
-1
0
0
0
0
0
0
0
0
1
0
-1
0
0
-1
0
0
0
0
0
0
0
0
0
0
0
1
0
0
0
0
-1
-1
0
-1
0
0
0
-1
0
0
0
0
1
1
-1
0
0
-1
-1
0
0
-1
0
0
-1
0
0
-1
1
-1
0
0
-1
0
0
0
0
0
0
0
1
0
0
-1
1
1
0
0
0
0
0
0
0
0
0
1
0
0
0
0
0
0
-1
0
0
-1
0
0
1
0
0
1
0
0
0
1
0
0
0
0
0
0
1
-1
0
0
0
1
0
-1
0
0
0
0
0
-1
0
0
0
0
1
0
0
1
0
0
0
1
0
0
0
0
0
1
0
0
0
0
0
0
0
1
0
0
0
0
-1
0
0
-1
-1
0
-1
0
0
0
1
1
0
0
0
-1
1
0
0
0
0
1
0
1
0
0
1
1
0
0
0
0
0
-1
0
0
0
-1
0
0
1
0
0
0
0
1
0
1
0
0
0
0
-1
0
0
0
0
0
-1
0
0
0
1
1
0
0
-1
0
0
1
0
0
-1
1
0
0
0
0
-1
0
0
0
0
0
0
0
0
0
0
0
1
0
0
0
-1
0
1
0
0
1
-1
0
-1
-1
0
0
0
0
0
0
0
0
-1
0
-1
1
0
1
1
0
0
0
0
0
0
0
0
0
0
0
0
0
0
1
0
-1
0
0
0
0
0
0
-1
0
0
-1
0
0
0
0
0
0
0
1
1
0
0
0
0
0
0
0
-1
0
0
0
0
0
0
-1
-1
0
0
0
0
0
1
0
1
-1
0
0
-1
0
0
0
1
0
0
0
0
0
0
0
1
0
1
0
0
0
-1
-1
0
0
0
0
1
0
-1
0
0
0
0
1
0
-1
0
0
0
0
0
1
0
0
0
0
0
0
0
0
0
0
1
0
0
0
0
0
0
0
0
0
0
0
0
0
-1
-1
0
0
0
0
0
0
-1
0
0
-1
0
0
0
0
0
0
0
0
0
0
0
0
0
0
0
0
0
-1
0
0
1
0
0
-1
1
0
0
0
0
0
0
0
0
0
0
-1
1
0
0
-1
0
0
0
1
0
-1
0
0
0
0
0
0
0
1
-1
0
-1
0
-1
-1
0
0
0
1
0
0
0
0
0
1
0
-1
-1
0
0
0
0
0
0
0
-1
0
-1
0
1
0
0
0
0
1
0
0
0
0
0
-1
-1
0
0
0
0
-1
0
1
0
1
0
0
0
0
-1
0
0
0
-1
0
0
0
0
0
0
0
0
-1
0
0
0
1
0
1
0
-1
0
1
0
0
-1
0
0
0
0
0
0
1
0
1
0
0
0
0
0
1
0
1
0
0
0
1
0
0
0
0
0
-1
0
0
0
0
0
0
0
0
0
-1
0
0
0
0
0
0
0
0
0
0
1
0
1
0
0
1
0
0
1
0
0
1
0
0
1
0
0
0
0
0
0
0
0
0
0
0
1
0
0
-1
0
0
-1
0
-1
0
0
1
1
0
0
0
-1
0
0
0
0
0
0
1
0
0
-1
0
0
0
0
-1
0
1
0
0
0
0
0
-1
0
0
0
0
0
0
0
1
0
0
0
0
0
-1
0
0
0
0
0
1
0
0
0
0
0
0
0
1
0
-1
0
-1
1
0
0
0
0
-1
0
-1
0
0
0
0
-1
1
0
0
0
1
0
-1
0
1
1
0
-1
0
0
0
0
0
0
0
0
-1
0
0
0
0
1
-1
0
0
-1
0
0
0
0
0
1
1
0
0
0
-1
-1
0
0
0
1
0
0
0
0
0
0
1
0
0
-1
0
0
1
0
0
0
0
0
1
0
0
-1
0
0
0
0
0
0
0
0
1
0
0
0
0
0
0
0
0
1
0
0
0
0
0
0
-1
0
0
0
0
1
0
0
1
0
0
0
1
-1
0
-1
0
0
0
1
0
0
0
0
0
0
1
0
0
0
0
0
0
0
0
0
-1
0
0
0
1
0
0
0
1
0
0
0
0
0
0
0
0
0
0
1
0
1
0
-1
0
0
-1
0
0
0
-1
0
0
0
-1
0
-1
1
-1
1
0
0
0
0
0
1
0
1
0
0
0
0
0
0
0
0
0
0
0
1
0
0
-1
0
0
0
0
0
0
0
0
0
0
-1
0
0
1
0
0
-1
0
0
0
0
0
0
0
0
-1
0
1
0
0
0
0
1
0
0
0
0
0
-1
0
0
-1
0
0
0
0
0
0
0
0
0
0
0
1
1
1
1
0
0
-1
1
0
0
0
0
0
0
0
0
0
0
0
0
1
0
0
1
0
1
0
0
1
0
0
0
0
1
0
0
-1
0
0
1
1
0
0
-1
0
-1
-1
0
0
0
1
1
0
-1
0
1
0
0
0
0
1
0
1
-1
0
1
0
0
0
-1
0
0
0
1
0
-1
0
-1
-1
0
0
1
0
0
0
1
1
0
0
1
1
-1
0
-1
0
0
0
1
0
0
0
0
-1
0
0
-1
0
0
-1
-1
1
0
0
0
0
-1
0
1
0
0
0
-1
1
0
1
0
1
-1
0
0
0
-1
0
0
0
0
0
0
0
0
0
0
0
0
0
0
0
0
0
1
0
0
0
0
1
0
0
0
0
0
0
0
0
0
0
0
0
0
0
0
0
0
0
0
0
1
0
0
0
0
-1
0
0
1
0
0
0
0
0
-1
0
0
0
0
0
0
-1
0
0
-1
0
0
0
-1
0
0
0
0
-1
0
0
0
0
0
0
0
0
0
0
0
0
0
0
0
-1
0
0
0
-1
0
-1
0
-1
0
0
0
0
1
0
0
0
0
-1
1
0
0
0
0
0
1
0
0
0
0
0
0
1
0
0
0
0
-1
0
-1
0
0
0
0
0
0
0
0
0
0
0
0
0
0
0
0
0
1
0
1
1
0
1
0
0
0
0
0
1
0
1
0
0
0
1
0
0
-1
0
0
1
0
-1
0
0
0
0
-1
-1
1
0
0
1
0
0
1
0
0
0
-1
1
0
0
0
0
0
0
-1
0
0
0
0
0
0
0
0
0
0
0
0
0
0
0
0
0
0
0
0
-1
0
-1
0
-1
0
0
0
0
0
-1
0
-1
1
0
0
0
0
0
-1
0
-1
0
-1
0
0
0
0
-1
0
-1
0
1
0
0
0
0
0
0
1
0
0
0
0
0
0
-1
0
0
0
0
0
0
0
0
1
0
1
1
0
0
0
0
0
0
0
0
0
0
1
0
1
0
0
0
0
0
0
0
1
0
0
0
1
0
1
1
0
0
0
0
-1
0
0
1
0
0
0
0
0
0
0
0
0
0
0
0
0
-1
0
0
0
0
0
0
0
0
0
-1
0
1
0
0
0
0
0
0
0
-1
1
0
0
0
1
0
1
0
0
0
0
0
0
0
-1
0
1
0
0
0
1
0
0
0
0
-1
1
1
0
0
1
0
0
0
0
0
0
0
0
-1
0
0
0
0
1
0
0
0
0
0
0
-1
-1
1
0
0
1
0
0
-1
0
-1
1
0
1
0
0
0
0
1
-1
0
0
0
0
0
0
0
0
0
0
0
0
0
0
-1
0
0
0
0
1
0
0
0
0
0
0
0
0
-1
0
0
0
-1
0
0
1
0
-1
0
0
0
0
1
1
1
0
0
-1
0
0
-1
0
0
0
0
-1
0
0
0
0
0
0
1
0
0
0
0
0
1
0
0
0
0
0
0
0
-1
1
-1
0
-1
0
0
0
0
-1
0
0
0
0
0
0
0
0
0
1
0
0
0
0
0
0
0
0
0
0
0
0
0
0
-1
0
0
0
1
0
0
0
0
-1
0
-1
0
1
0
0
1
0
0
0
0
0
0
0
0
0
0
1
-1
0
-1
0
0
-1
0
0
0
0
-1
0
0
0
0
0
1
0
0
0
0
0
0
0
-1
0
0
0
0
0
0
-1
0
0
0
0
0
0
-1
0
-1
0
0
0
0
1
0
0
0
0
0
0
0
0
0
0
0
0
1
0
0
0
0
1
0
-1
0
1
0
0
0
0
0
0
0
-1
-1
0
0
0
1
0
-1
0
0
-1
0
0
0
-1
0
0
1
0
0
0
0
0
0
1
0
0
0
0
1
0
0
0
1
1
0
0
0
0
0
0
1
0
1
0
0
0
1
0
0
0
-1
1
1
0
-1
0
0
0
0
0
0
0
0
0
0
0
1
0
1
0
0
0
0
0
-1
0
1
0
0
-1
-1
-2
-2
-2
-3
-3
-2
-1
0
1
-1
-3
-3
-5
-9
-9
-6
-1
3
7
9
8
3
0
1
5
17
29
45
57
60
54
48
49
49
51
56
62
77
81
68
48
13
-16
-33
-54
-77
-89
-102
-120
-132
-122
-124
-113
-94
-75
-58
-53
-18
9
37
58
57
38
3
7
6
11
33
53
80
73
63
48
13
-21
-12
24
34
15
-24
-40
-68
-130
-187
-251
-289
-292
-269
-250
-163
-34
6
38
16
-15
1
23
55
33
75
133
119
125
104
119
61
25
85
75
34
-25
-58
-76
-117
-158
-131
-84
-47
33
98
108
75
102
31
-120
-202
-226
-312
-392
-315
-224
-185
-164
-45
129
216
155
169
159
119
41
-68
-96
-8
107
191
356
389
315
316
318
209
68
46
133
173
145
208
240
126
-68
-70
-134
-307
-266
-135
18
80
173
219
252
237
164
172
165
136
67
51
56
2
-35
-65
33
150
234
314
372
331
175
112
118
54
-66
-145
-153
-193
-140
39
-9
-141
-100
-64
-193
-326
-445
-459
-427
-408
-243
-194
-213
-209
-176
-177
-205
-157
-59
44
104
105
95
93
136
271
187
175
209
179
259
295
296
199
251
288
95
-130
-183
-262
-430
-484
-415
-268
-324
-280
-140
-128
-321
-442
-465
-430
-315
-316
-301
-224
-147
-214
-183
-97
-19
23
117
252
347
321
420
587
502
342
238
224
144
215
251
232
119
27
131
19
-53
48
203
258
335
344
207
147
50
-122
-227
-253
-275
-187
-28
100
155
116
63
56
-14
-203
-327
-266
-197
-222
-194
-159
-172
-93
-65
-189
-354
-285
-155
-119
-131
-74
64
-42
-39
83
99
116
131
297
415
464
496
367
300
370
359
305
275
342
253
91
18
27
-72
-286
-231
-199
-338
-405
-303
-317
-402
-385
-316
-341
-277
-26
127
181
156
96
71
80
140
268
396
510
610
558
465
431
360
237
239
189
-51
-165
-33
87
-98
-291
-260
-317
-407
-506
-585
-618
-675
-645
-638
-606
-508
-343
-252
-251
-225
-87
-8
-95
-5
94
77
185
342
500
612
653
657
706
880
946
675
522
462
258
-61
-201
-126
-202
-276
-182
-115
-223
-246
-221
-263
-486
-681
-485
-341
-326
-251
-249
-148
-94
-162
-73
-4
-15
107
127
52
65
92
99
187
221
141
70
-1
-69
-222
-262
-65
-18
29
79
135
145
52
-67
-254
-471
-560
-325
-147
-34
440
1252
601
-955
-1186
-1502
-1785
-1153
-233
1112
1399
1874
3522
2924
495
-1333
-2577
-2935
-2399
-1604
-40
1167
1703
2894
2847
1702
699
-649
-1332
-1555
-1514
-1028
-711
-66
744
964
690
336
285
274
168
356
1096
1204
7
-1059
-1589
-1729
-1732
-1347
106
1095
1471
2267
2383
1726
774
-484
-1162
-1483
-1707
-1274
-490
330
861
985
1107
1074
810
351
-139
-306
-331
-423
-337
-31
135
-6
84
235
82
146
207
248
335
258
271
255
44
-178
-340
-607
-762
-789
-971
-808
-596
-546
-374
-260
-54
155
154
-58
-248
-494
-714
-664
-669
-598
-497
-466
-228
3
-60
-207
-177
5
-20
-122
-90
-70
-137
-172
-122
-110
-84
-90
78
256
232
276
375
374
299
385
338
134
324
431
206
48
44
297
468
587
714
799
826
649
726
691
486
444
256
153
103
-62
-133
-153
-123
-208
-347
-316
-287
-376
-445
-148
247
311
202
54
-60
-185
-367
-369
-278
-315
-277
-57
45
-146
-323
-497
-535
-283
-211
-111
205
425
465
154
-195
-389
-582
-655
-456
-137
-31
22
182
308
339
362
306
202
50
88
231
264
271
415
1044
967
-63
-864
-1294
-919
-282
241
843
733
674
619
190
-43
-292
-254
-148
-249
-498
-752
-539
-133
462
759
706
954
740
318
-181
-743
-884
-1106
-991
-581
-370
-180
84
483
702
774
683
396
156
-70
-211
-1
281
152
-155
-476
-532
-262
76
567
844
820
845
662
110
-592
-1073
-1172
-969
-751
-563
-104
193
344
632
609
195
-112
-227
-292
-451
-663
-695
-844
-1037
-982
-819
-489
-72
445
934
915
677
438
186
-218
-666
-940
-1300
-1371
-969
-623
-573
-470
-299
-191
74
333
668
755
285
-363
-971
-1084
-1150
-1133
-120
1539
2701
3365
4883
6096
5718
4399
1824
-1208
-3840
-5381
-5109
-4128
-2156
623
2930
4660
5344
4603
2326
-151
-1914
-3429
-4417
-4802
-3949
-2061
-442
1109
2206
2201
1691
958
163
-582
-1528
-2220
-2436
-2626
-2765
-2665
-2093
-1107
202
1547
2251
2442
2299
1687
435
-1423
-3357
-4955
-5718
-4988
-3046
87
6320
13685
16253
13557
8360
1482
-5452
-9969
-11082
-10014
-7451
-2117
4539
9171
11022
9991
6790
3128
-650
-4405
-6964
-7498
-5972
-3093
-389
1465
2630
2728
1819
1024
778
150
-626
-720
-606
-1276
-3188
-5046
-5813
-5557
-4177
-2060
628
3297
5029
5557
4653
1898
-2129
-4993
-5998
-6088
-5367
-4127
-2210
378
2986
4795
4874
3682
1833
-33
-1271
-2171
-2067
650
5775
9707
9405
5893
1135
-3654
-6978
-7900
-7023
-5007
-1740
2997
7832
9690
8186
5234
1759
-1784
-5376
-8717
-9959
-8206
-4692
-858
1980
3277
3592
3487
3530
3429
2104
2
-1643
-2672
-3561
-4544
-5527
-5416
-3644
-1187
1838
4658
6165
6693
6061
4191
1183
-2573
-5511
-6754
-6540
-5568
-4052
-2121
-381
1284
2729
3514
3345
4999
11183
14802
11214
5839
-391
-7253
-11587
-12028
-9259
-6552
-1730
6038
11574
13985
12713
7882
3091
-437
-4169
-8207
-10022
-8592
-5582
-2544
17
1829
2330
2198
2142
2833
3694
2737
1315
311
-1558
-4090
-6523
-7782
-7660
-6597
-4333
-787
3070
5831
7176
6868
4261
-67
-4338
-6793
-7920
-8250
-6726
-4135
-958
2421
4060
4030
3604
2695
2333
6953
13300
12195
6496
1098
-4973
-10572
-13375
-11701
-8848
-5484
2038
9482
13627
14820
11966
7616
3768
-835
-6272
-10277
-10928
-8674
-5712
-3196
-117
2711
3703
3652
3796
4292
3670
1938
732
-840
-3681
-6673
-8466
-8163
-6194
-3607
-428
3273
6517
8014
7548
5495
1581
-2960
-5862
-7157
-8213
-8074
-5720
-2573
1220
4753
5979
5564
4624
3261
2225
5144
10112
9605
5609
1706
-3520
-8774
-11249
-9589
-6673
-3564
2462
8717
11818
11720
8597
4041
-529
-4869
-8511
-10233
-9507
-7385
-4584
-1328
1745
3593
3674
2681
2027
2201
1660
419
-86
-807
-2471
-4228
-5321
-5401
-4660
-3054
-418
2820
5675
7099
7191
6157
3248
-1012
-4216
-5956
-7294
-6682
-4053
-1025
2520
5379
6172
5177
3233
1042
468
4401
8663
8326
5445
1516
-3285
-7855
-9612
-8368
-6804
-3296
3005
8668
11511
10861
7614
3593
-47
-3494
-6698
-8709
-8811
-7034
-4291
-1281
1335
2801
2674
1642
1764
2081
932
-332
-886
-1726
-3592
-5423
-6518
-6348
-4407
-1900
638
3306
5215
6092
5907
4031
73
-4554
-7598
-9131
-9712
-7980
-4514
-434
4374
7500
7498
5872
3394
739
1946
7621
9736
6554
2933
-1519
-6465
-9522
-9271
-7069
-4769
922
8213
12204
12878
10381
6316
2580
-964
-5024
-8144
-8372
-6555
-4065
-1369
1252
3116
3776
2947
1666
851
-96
-682
-649
-624
-1759
-3824
-4787
-5017
-4486
-2687
-1106
760
3305
5338
6001
4717
1858
-1853
-4884
-6729
-8584
-9293
-6897
-2926
1149
5269
7132
6058
4038
1563
-970
127
5640
8489
7116
4956
748
-4708
-8542
-8948
-7558
-6129
-1090
5852
10329
12025
10407
6939
3031
-1153
-5270
-8620
-9593
-8137
-5353
-1595
2075
4220
4902
3884
2244
1641
967
433
293
-130
-1156
-3076
-4582
-5561
-5446
-3848
-1897
920
3936
6165
7110
6394
4122
-109
-3965
-6495
-8807
-9181
-6803
-3352
503
4535
6556
5931
4111
1455
-1680
-1591
4400
8697
7069
4066
-455
-5753
-9495
-10189
-8399
-6780
-2028
5660
11152
13284
11709
7858
3829
194
-3815
-7931
-9567
-8448
-5709
-2038
1707
4240
4510
3464
2210
1507
511
-434
208
374
-760
-2694
-4881
-6055
-6231
-5001
-2939
-168
3475
6323
7928
7768
5043
188
-4264
-7104
-9606
-10429
-8407
-4626
196
5032
7985
7768
5644
2750
-684
-894
4362
8510
7671
4979
760
-4681
-9088
-10161
-8589
-6839
-1846
5912
11201
13190
11544
7391
2814
-1866
-6489
-10391
-11863
-10400
-7050
-3139
825
4276
5388
4558
3285
2033
976
152
384
600
-1016
-3204
-4958
-6432
-6597
-5115
-2415
1275
5148
8351
9739
8715
5176
-364
-5271
-8252
-10084
-9921
-6976
-2773
1471
5810
8279
7396
5007
2310
-885
-1198
4306
8626
7535
4779
343
-5236
-9544
-10210
-7701
-5610
-732
7042
11804
13292
11562
7113
2171
-2581
-6918
-10397
-11269
-9329
-5906
-1833
2024
5164
6454
5193
3201
1833
348
-798
-648
-498
-1681
-3318
-4750
-5933
-6011
-4682
-1973
1611
4935
7668
8783
7549
3932
-1697
-6262
-8596
-10102
-10007
-7160
-2984
1352
6297
9449
8899
6355
2979
-958
-3439
37
5871
6420
4261
1283
-3394
-7957
-10037
-8458
-6629
-3534
3352
9664
12783
12400
8788
3828
-1116
-5946
-10233
-11860
-10531
-7401
-3084
1523
5679
7440
6580
4911
3179
1544
69
-205
268
-653
-2790
-4792
-6103
-6490
-5578
-3097
214
3407
6281
7945
7357
4314
-1007
-6019
-8743
-10387
-10735
-8302
-4006
427
5132
8560
8268
5758
2843
-297
-1970
1694
7796
8960
6668
2943
-2610
-7633
-9873
-8257
-6022
-2522
4758
10867
13899
13599
9150
3880
-1053
-6231
-10373
-12019
-10909
-7571
-3174
1020
5005
6996
6075
4275
2430
800
-642
-1206
-631
-1166
-2925
-4409
-5779
-6600
-5540
-2868
361
3771
6884
8848
8629
5953
702
-5093
-8316
-10021
-10504
-7885
-3721
260
4658
8249
8573
5949
2662
-502
-3499
-2697
3428
7649
6668
4113
577
-3601
-6966
-7505
-5694
-3578
971
6856
10672
11277
8541
4500
367
-3596
-7357
-9970
-9875
-7526
-4040
-140
3873
6738
6730
4863
2906
1105
-534
-1398
-1078
-1022
-2599
-4451
-5411
-5936
-5510
-3653
-1075
1694
4374
6468
7121
5292
865
-4059
-7312
-9030
-9375
-7841
-4834
-1041
3081
6695
7756
5893
3474
1259
-1741
-2536
2846
8328
7922
5351
2024
-2532
-6708
-8134
-6254
-4330
-1019
4631
9154
11112
9613
5770
1651
-2385
-6171
-9399
-10407
-8528
-5238
-1735
1824
4926
5487
3783
1904
781
-147
-1116
-951
-454
-1269
-2838
-4005
-4874
-5029
-3657
-1382
1341
4320
6941
8454
7646
3925
-1276
-5701
-8365
-9304
-8519
-5865
-1949
2204
6426
8520
6923
4048
1502
-1480
-3370
813
7345
8074
6125
3794
-454
-5243
-8356
-7287
-5161
-2701
2752
7856
10643
10488
7076
2895
-984
-5060
-8968
-10333
-8628
-5700
-2569
1060
4940
6174
4529
2803
1653
311
-1119
-1301
-1005
-2239
-4057
-4931
-5355
-5510
-4344
-2204
209
2959
5642
7151
6426
3425
-968
-4762
-7081
-8453
-8346
-5779
-2024
1635
5978
8626
7337
4664
2522
-245
-1953
2452
8374
8600
6588
3934
-345
-5207
-8354
-7181
-5471
-3020
2652
7272
9637
9257
5714
1857
-1962
-6277
-9853
-10906
-9293
-6479
-3276
499
4261
5707
4628
2971
1616
137
-1537
-1991
-1592
-2457
-4046
-4438
-4247
-4048
-2550
-332
1940
4242
6062
7167
6181
2918
-1297
-5346
-7861
-9422
-9724
-7225
-3318
638
5470
8713
7879
5613
3109
-707
-3071
868
6360
6586
4926
2972
-589
-4813
-7264
-5851
-4665
-2414
3639
8478
10883
10149
6805
3248
-1138
-5906
-9461
-10210
-8456
-5767
-2119
2093
5677
7118
6271
4270
1884
-234
-1892
-2353
-2101
-2647
-3645
-4076
-4305
-4496
-3390
-1277
790
3107
5855
7558
6619
3567
-580
-4806
-7726
-9810
-10253
-7788
-4160
48
5473
9222
9002
6838
4242
430
-3967
-2460
4367
6629
5378
4421
1491
-2577
-5730
-5372
-3749
-2936
1175
6513
9568
9844
7001
3369
-26
-4222
-8555
-10333
-9313
-7142
-3751
678
4892
7029
6488
4698
2516
45
-2415
-3580
-3138
-2994
-3562
-3631
-3408
-3366
-2411
-613
1199
3057
5003
6643
6624
4260
-7
-4584
-7792
-10054
-11007
-9154
-5551
-1512
3792
8406
8736
6241
3706
-7
-4147
-2429
3979
6228
4902
3560
730
-3381
-6707
-6317
-4591
-3191
1721
7119
10144
10582
7427
3791
374
-4245
-8554
-10190
-9100
-6677
-3382
673
4591
6431
6052
4295
2154
127
-1929
-2917
-2788
-2726
-3377
-4095
-4241
-4717
-4077
-1578
769
3319
6263
8304
8190
5344
1071
-3908
-8071
-10447
-11049
-8852
-4956
-177
5772
10629
11334
8811
5653
1479
-3594
-3956
2214
6265
5776
4756
2325
-1374
-5228
-6303
-4552
-3494
-59
5363
9104
10449
7853
3905
364
-4092
-8627
-11036
-10167
-7581
-4160
312
4840
7395
7079
5167
2482
-351
-2711
-3655
-2938
-2424
-2789
-3085
-3169
-3628
-3493
-1839
-17
1636
3920
6275
6872
4795
1407
-2881
-6864
-9260
-10423
-9088
-5762
-2107
3041
8124
9593
7849
5242
2150
-2330
-3534
2050
6307
5862
4877
2615
-904
-4712
-6046
-4565
-3931
-829
4451
8312
10664
8894
5185
2183
-1794
-6358
-9622
-9931
-8100
-5136
-1148
3003
5700
5797
4441
2401
-54
-2442
-3965
-3843
-3171
-3230
-3845
-4314
-5167
-5374
-3417
-1242
974
3826
6210
7190
5670
2149
-2363
-6689
-9489
-10604
-9216
-5908
-2175
2931
8396
10473
8806
6102
2761
-1993
-3589
1564
5960
5687
5106
3382
62
-3830
-5787
-4272
-3646
-1199
4053
7868
9994
8470
5302
2714
-1587
-6368
-9425
-9761
-7787
-4665
-456
3847
6684
7476
6615
4241
1064
-1722
-3235
-2952
-2298
-2313
-2613
-2760
-3183
-3504
-2308
-893
689
3192
5606
6645
4889
1714
-2246
-6616
-9273
-10672
-10102
-7167
-3556
1401
6687
9127
8397
6023
2783
-1625
-5805
-4250
2415
5855
6201
5978
3695
81
-3355
-3994
-3346
-3261
-578
4132
7837
8530
6382
3766
1046
-2468
-6291
-8339
-8124
-6659
-3827
23
3828
5547
4944
3679
1981
-324
-2549
-3222
-2424
-1825
-1995
-2257
-2606
-3459
-2904
-1083
374
2319
4315
5974
6350
4011
59
-4257
-7658
-9520
-9453
-7343
-4377
-492
4345
8089
8231
5666
2832
-860
-4327
-3050
2131
4964
4918
4314
2299
-1204
-4734
-5466
-4420
-3340
146
4656
8072
9193
7131
4487
1371
-3125
-7155
-9084
-8421
-5938
-2634
954
4554
6707
6565
4843
2100
-578
-2542
-3189
-2770
-2586
-2620
-2764
-2920
-3419
-3450
-2089
-672
1276
4134
6220
6256
3813
-55
-4195
-7800
-9981
-9954
-7613
-4099
128
5224
9232
9719
7435
4455
834
-3540
-4446
894
5893
6797
6744
5294
2104
-1916
-4301
-3823
-4030
-2801
1607
5591
7507
6658
4688
2306
-1635
-5718
-8425
-9125
-8143
-5876
-2444
1226
3941
4611
3723
2282
602
-1248
-2246
-1703
-1367
-1759
-1716
-1647
-2462
-3154
-2019
-318
884
3125
5807
6734
5209
2111
-1258
-4874
-8018
-9152
-7964
-5332
-2537
1431
6166
7756
6294
4263
1722
-2053
-4446
-505
5069
6119
5931
5127
2528
-1305
-4350
-4013
-3715
-3079
801
5006
7756
7669
5699
4070
1215
-2759
-6060
-7409
-6785
-5284
-2719
820
3801
4647
3918
2624
696
-1476
-2967
-2885
-2545
-2886
-2860
-2757
-3482
-4417
-3747
-2395
-1319
1126
3904
5404
4896
2262
-934
-4468
-7411
-8498
-8043
-5907
-2847
1116
5790
7986
6911
4710
2141
-1421
-3977
-933
4536
6298
6309
5535
2823
-1024
-4200
-4230
-3988
-3636
371
4746
7408
8057
6354
4183
1153
-2903
-6465
-8246
-8001
-6194
-3210
191
3240
4672
4393
3095
1010
-885
-1967
-1961
-1402
-1033
-498
-870
-2610
-3820
-3548
-2810
-1949
822
4617
6266
6016
4294
725
-3735
-7511
-9168
-9207
-7762
-4915
-735
4648
7758
7695
6468
4089
221
-3233
-1111
3772
5153
5569
5246
3098
-293
-3576
-3512
-3380
-3349
398
4941
8080
8596
6895
5235
1898
-3159
-7020
-8624
-8504
-6843
-3407
902
4274
5701
5629
4174
1151
-2187
-4100
-4335
-4024
-3672
-2699
-1344
-1225
-1834
-1189
-586
-483
758
2812
4646
4552
2534
197
-3028
-6329
-8324
-8748
-7058
-4272
-711
4244
7929
7938
5902
3181
-358
-4379
-4832
672
5220
6054
6361
5382
2965
-870
-3277
-3276
-4302
-3131
785
4519
7243
6831
5343
3586
-19
-4245
-7272
-7868
-7170
-5273
-1690
2018
4271
4311
3140
1302
-1391
-3504
-3834
-2943
-2090
-1627
-873
-459
-1587
-2394
-2182
-2348
-1506
799
3223
4429
3695
1873
-1105
-4475
-7122
-8648
-8132
-5910
-2473
2210
6543
8019
6901
4684
1373
-2650
-3978
114
4385
5674
6398
5649
3711
440
-2434
-2633
-3411
-2599
894
4206
6999
6801
5239
3881
517
-3609
-6686
-7749
-6909
-4870
-1481
2241
4709
5479
4704
2388
-666
-3383
-4278
-3398
-2500
-1363
-165
255
-359
-1108
-1006
-1452
-1397
658
2991
4049
3466
2092
-365
-3601
-5945
-7162
-6759
-4906
-2105
1954
5764
7110
6275
4349
1177
-2744
-4786
-1501
3632
5607
6640
6532
4578
1338
-2284
-3448
-4564
-4998
-2030
1782
5174
6090
5150
4366
1732
-2408
-5908
-7390
-7337
-6177
-3193
352
2868
3655
3323
2114
-578
-3182
-4028
-3340
-2242
-1310
-146
665
-520
-2259
-2498
-2860
-2948
-1075
1799
4127
4377
3220
1089
-2518
-5664
-7491
-7689
-5871
-3245
445
4951
7254
6739
4955
2332
-1087
-3731
-1545
3417
5690
6663
6773
5628
2828
-1469
-2909
-3728
-4566
-2221
1124
5037
6748
5890
5528
3251
-693
-4629
-7100
-7149
-6295
-3925
-623
2290
3912
3483
2164
141
-2184
-3848
-4142
-3274
-2609
-1752
-821
-1037
-2034
-2406
-2045
-1696
-230
2178
3942
4521
3518
1128
-2307
-5329
-7038
-7590
-6000
-3127
441
4721
7336
7599
5662
2264
-1031
-3992
-3029
1882
4897
6323
6631
5303
3081
-1123
-3484
-4069
-4997
-2792
781
4439
6845
6067
5465
3891
235
-3462
-6153
-6411
-5396
-3380
-31
3050
5010
5241
4352
2188
-1034
-2905
-3058
-2447
-1996
-1465
-81
-149
-1563
-1833
-2164
-2717
-1840
643
3195
3537
2460
970
-1795
-4818
-7113
-8220
-7225
-4837
-1607
2745
5851
6165
5044
2918
64
-3167
-3303
1207
4365
5273
5755
4827
2919
-493
-2571
-2916
-4032
-2875
505
3942
6032
5646
4854
3293
-193
-4044
-6590
-7292
-6748
-4790
-1714
1326
3337
3723
2861
1058
-1472
-3178
-3248
-2745
-1901
-1013
-127
284
-1059
-1995
-2141
-2439
-983
1536
3792
4964
4370
2618
-506
-3864
-6409
-8046
-7415
-4637
-1058
3006
6369
7543
6687
4232
966
-2462
-3264
289
3195
4272
4793
3908
2588
-520
-2917
-3619
-4972
-3343
129
3376
5781
5344
4998
3767
50
-3727
-6664
-7488
-6677
-4483
-866
2316
4579
5693
5224
2942
-401
-2808
-3508
-3313
-2765
-1682
-339
423
278
21
-585
-1491
-990
917
2881
3771
3471
2083
-693
-3656
-6201
-8112
-7921
-5568
-2161
1957
5775
7528
7271
5305
2343
-1070
-3413
-895
2883
4458
5697
5146
4157
2141
-899
-1626
-3024
-3240
-411
2374
5078
5473
4512
3709
971
-2649
-5707
-7262
-7366
-6015
-2872
347
2803
4228
4157
2297
-1020
-3704
-4608
-4685
-4286
-2927
-1192
-249
-393
-759
-1277
-2377
-2482
-524
2141
3666
3812
2986
507
-2856
-5693
-7554
-7761
-6264
-3285
858
5057
7273
7251
5858
2981
-827
-3939
-2273
2063
3605
4794
5546
4772
2785
-625
-1754
-2887
-4298
-1956
1462
4595
5578
4694
4454
2226
-1852
-5656
-7699
-7646
-6763
-3851
225
3180
4612
4794
3872
1010
-2230
-3427
-3271
-3067
-2453
-818
574
333
-464
-855
-1485
-1809
-271
2615
4529
4757
3901
1634
-1663
-5035
-7621
-8266
-6974
-4392
-570
4046
7181
7551
6231
3720
183
-3514
-3344
815
3182
4367
5232
4868
3388
-51
-1834
-2533
-3728
-2261
575
3804
5616
4839
4476
3040
-580
-4454
-6730
-6602
-5735
-3718
-162
3039
4791
5054
4164
1762
-1402
-2960
-3053
-3089
-2455
-1046
91
-39
-884
-1284
-2313
-2887
-1269
1064
2948
3772
3571
1729
-1810
-4839
-7174
-8522
-7399
-4527
-994
3084
6220
7109
6145
3358
88
-2858
-3137
688
3331
4492
5136
3955
2616
-316
-2538
-3213
-4366
-2499
664
3501
5730
5304
4435
2505
-1124
-4811
-7728
-8169
-6815
-4325
-778
2537
4922
5677
4760
2486
-503
-2352
-2880
-3068
-2621
-1435
-333
60
-52
-388
-1125
-1437
-159
2043
3499
3909
3532
1382
-1960
-5074
-7695
-9174
-8713
-6041
-2511
1449
5351
6936
6490
4421
1645
-1506
-3343
-282
2813
3744
4757
4498
3884
1293
-1156
-1081
-2211
-1620
1316
4452
6984
6392
5455
4188
361
-3901
-7046
-8060
-7685
-5894
-2135
1508
3900
4975
4909
2966
-576
-3010
-3873
-4086
-3800
-2733
-1093
-623
-958
-886
-1245
-1548
-711
1478
3487
3882
3588
2000
-1085
-4229
-6844
-8119
-7772
-5487
-1988
1963
5937
7750
7626
5812
2694
-485
-3193
-1481
2345
3623
4693
4977
4210
2079
-962
-1668
-2563
-3044
-577
2499
4932
5179
4278
3339
547
-3336
-6606
-7913
-7649
-6330
-3088
665
3285
4654
4918
3664
620
-1948
-2702
-2832
-2745
-2153
-855
184
125
16
-145
-673
-408
1170
3057
3639
3231
2211
-267
-3342
-5910
-7646
-8084
-6685
-3828
-649
2883
5480
5694
4196
1605
-1229
-4196
-4012
392
2971
3988
5167
5180
3949
582
-1052
-1256
-2757
-1501
1660
4640
6149
5368
5076
3473
-416
-4028
-6294
-6773
-6256
-4221
-668
2089
3393
3813
3066
568
-2398
-3760
-3729
-3729
-3635
-2437
-1079
-1063
-1445
-1267
-1447
-1701
-699
1402
2815
3006
2915
1750
-791
-3500
-5504
-6290
-5668
-3550
-482
3363
6654
7611
7034
4898
1693
-1600
-3331
-524
2596
3538
5002
5407
4459
1723
-1222
-1907
-3554
-4234
-1562
1658
4041
4249
4223
4195
1111
-2791
-5229
-6475
-6590
-5230
-1779
1542
3033
4010
4074
1850
-1496
-3484
-3431
-3094
-2723
-1266
357
830
542
396
-152
-1036
-914
606
2453
3338
3523
2741
396
-2340
-4895
-6496
-6504
-5134
-2423
917
4427
6522
6181
4492
1852
-1152
-3970
-2992
1747
3992
4915
6026
5762
3590
-414
-1970
-2802
-4853
-3890
-531
3007
4335
3958
4218
2541
-1380
-4861
-6463
-6793
-6579
-4309
-719
1704
2604
2777
1804
-932
-3483
-3941
-3416
-2933
-2247
-922
392
11
-783
-1053
-1714
-1859
-668
1498
3245
3585
3297
1849
-947
-3544
-5248
-5693
-4878
-2845
192
3647
6144
6432
5239
2857
43
-2498
-2641
1128
3855
4893
6105
5890
4554
1325
-1052
-1743
-3798
-3630
-993
2111
4402
4084
4239
3478
-36
-3321
-5612
-6380
-6036
-4226
-872
1640
3046
3453
2827
879
-1895
-3037
-2823
-2454
-1934
-1067
315
546
-414
-936
-1649
-2063
-1462
-119
1507
1926
1796
1256
-950
-3521
-5600
-6457
-5716
-4305
-1568
1814
4468
5506
4704
3065
816
-1804
-3484
-1000
3434
4948
6173
7317
6622
3841
62
-971
-2452
-4397
-2624
1027
4443
5038
4939
5585
3229
-873
-4180
-5511
-5902
-5731
-2835
515
2181
2796
2933
2280
-636
-3467
-3582
-2802
-2298
-1548
94
1416
840
-142
-784
-1780
-2204
-1387
563
1995
2110
1834
369
-1833
-4142
-5877
-5626
-4618
-3078
-488
2411
4443
4162
2914
1542
-551
-2962
-3679
176
4049
5106
6637
6787
5144
1598
-1935
-2611
-4871
-6147
-3205
611
3633
3969
4495
5141
2361
-1218
-3953
-5363
-5716
-4929
-1912
528
1209
1537
1705
459
-2266
-3644
-3018
-1913
-1047
-181
818
1088
510
-440
-1601
-2553
-2438
-888
966
2357
2970
2216
450
-1448
-3358
-4684
-4534
-3062
-820
1703
4202
5480
4813
3458
1863
-261
-2755
-2166
2618
5822
6949
7976
7518
5565
1513
-1495
-2768
-5628
-5968
-2748
1146
3592
3715
4863
5027
1861
-1798
-4409
-5275
-5491
-4354
-1475
35
241
637
583
-1034
-3282
-3647
-2125
-749
-125
626
1079
674
-12
-1349
-2865
-3651
-3092
-1162
580
1964
2805
1922
260
-1498
-3410
-4544
-4443
-2903
-585
1558
3509
4254
3320
1898
168
-1728
-3098
-1142
3988
6835
7936
8257
6741
4220
-330
-3208
-4703
-7166
-5988
-2007
2229
4584
4949
6442
6038
2624
-1339
-3986
-4459
-4829
-3703
-1016
-18
-68
301
267
-1383
-3147
-2736
-910
89
333
1036
971
-182
-1264
-2699
-4206
-4663
-3622
-1517
91
1196
1866
1081
-411
-1843
-3397
-4208
-3676
-2110
-222
1199
2173
2213
1506
749
-221
-1466
-2407
441
5831
8398
9357
9202
7458
4078
-1210
-4146
-5936
-7957
-6230
-1832
2701
4824
5330
6833
6513
3270
-701
-2981
-3839
-4772
-3806
-1959
-1417
-1108
-299
124
-1105
-2154
-1462
-205
714
1194
1767
1498
196
-783
-2224
-3668
-3852
-2880
-922
774
1902
2575
1766
268
-810
-2291
-3352
-2912
-1834
-466
527
1002
701
-309
-852
-1403
-2227
-2703
394
6250
9140
10101
9454
6857
3396
-1925
-5027
-6893
-9195
-7177
-2458
2523
5386
6025
7648
7577
4563
660
-2165
-3375
-4351
-3952
-2954
-2968
-2811
-1766
-447
-348
-703
92
1952
3205
2912
2493
1388
-497
-2119
-4201
-5632
-6058
-5272
-2365
475
2046
2647
2469
1714
-1
-2188
-3394
-3319
-2868
-1944
-662
-302
-930
-873
-9
303
-197
-488
3029
8641
10539
10456
8972
5786
1801
-3791
-6639
-8127
-10046
-7473
-1869
3635
6201
6732
8747
8953
5425
495
-2694
-4285
-6314
-6684
-5612
-5243
-4917
-2932
-182
341
-157
845
2816
3636
2912
2432
1348
-551
-2218
-4042
-5504
-6112
-4785
-1776
772
2243
3094
3362
2298
707
-815
-2413
-2978
-3098
-2737
-2093
-2549
-2469
-1424
-615
123
718
486
1714
6778
10549
10540
8660
5493
2404
-2631
-6825
-7659
-9475
-8771
-3329
2616
6398
7568
9571
11364
9223
4445
171
-2568
-5333
-6687
-6222
-6160
-5441
-3118
-69
1576
1577
2156
3490
4555
4241
2723
967
-880
-2592
-4813
-7075
-7538
-6347
-4137
-1174
1629
3561
4506
4423
3549
1709
-978
-2449
-2876
-3669
-3788
-3374
-2688
-1448
-211
1223
2277
2339
2919
6141
10167
10598
8390
5559
2155
-1959
-6920
-9225
-9667
-9862
-6133
-301
4509
7456
8828
10683
10418
5973
342
-3898
-6988
-9629
-10652
-9846
-8097
-5681
-2096
1816
3531
3601
4326
5569
5284
3008
1012
-297
-2329
-4926
-6711
-7120
-6657
-4931
-1724
1842
4412
5633
5985
5184
3224
546
-2162
-3575
-4315
-5031
-5144
-4400
-2470
-531
1104
3065
4295
4275
4809
7823
9699
7675
4918
2412
-823
-5579
-9419
-9476
-9323
-8055
-2678
3369
7566
9518
11500
13009
9840
3732
-1498
-5553
-9534
-12029
-11284
-8935
-6244
-2506
2250
5401
5752
6050
6740
5958
3605
1157
-707
-3091
-5372
-6824
-7882
-7698
-5987
-3023
570
3662
5811
6802
6455
4811
2031
-1375
-4005
-5631
-6936
-6791
-5379
-3230
-311
2140
4468
5984
6109
5588
5010
6515
7602
6017
3844
961
-1923
-5646
-8695
-8333
-7817
-5691
-481
5053
9681
11307
11987
12014
7792
1240
-4962
-9640
-12816
-14052
-11934
-8465
-4611
414
5103
7530
7525
6957
6515
4893
2294
-452
-3038
-4808
-5918
-6750
-7207
-6776
-4563
-1254
1943
4668
6560
7320
6452
4059
835
-2796
-5948
-7593
-7953
-7117
-5126
-2521
1115
4061
5568
6402
5841
4118
1244
1218
3510
2335
714
-520
-2125
-4092
-7042
-6162
-4994
-4375
659
5908
10025
11363
10892
11056
6885
528
-5122
-9979
-12438
-13016
-10319
-6286
-2618
2346
6790
8681
7743
6302
5367
3132
146
-2568
-4463
-5977
-7046
-6717
-6430
-5982
-3855
-626
2396
4438
6265
7251
5957
3270
95
-3296
-6380
-7882
-7553
-6257
-3558
-13
3593
6061
6601
6891
6034
3733
1013
-899
655
2104
1948
1642
-320
-1487
-3193
-4849
-3846
-3548
-1228
3120
6694
9745
9093
7323
5492
874
-4451
-9415
-12255
-12380
-10343
-6092
-1868
2321
6310
8770
9143
7222
5005
2908
580
-1489
-3492
-4821
-5602
-5556
-4412
-3615
-2383
-142
2384
4851
5994
6452
5902
3233
288
-2606
-4949
-6192
-6766
-5355
-2533
523
3053
4807
5621
4568
3165
1461
-885
-3636
-4950
-1331
1776
2183
2502
1564
1330
-648
-2441
-1165
-1817
-951
2152
5091
7135
5291
4232
3613
64
-3832
-7702
-9729
-9914
-8511
-4752
-1435
1370
4397
6629
6565
3967
1514
-144
-1844
-3607
-5008
-5446
-5475
-4971
-3779
-3029
-2311
-646
1728
3912
4762
4733
4160
2497
692
-1408
-3222
-3376
-2630
-1153
245
1623
3492
4517
4753
3804
1931
406
-1232
-3368
-4167
-877
2969
4439
5200
4563
3321
686
-1999
-2437
-4409
-5030
-1924
1759
4454
4043
4112
5063
2844
-598
-4261
-7210
-8165
-6942
-3818
-1502
711
4248
7014
7125
4936
2902
1593
69
-1653
-3497
-4691
-4870
-4595
-4332
-4302
-3881
-2939
-1178
1213
2368
2829
3219
2311
571
-1774
-3204
-3029
-3616
-3357
-1335
410
1975
2964
3310
2617
785
-56
-469
-2148
-3574
-765
5005
7932
8657
8465
6897
4070
-371
-2865
-4359
-6409
-4716
-233
4107
6073
6155
7321
6734
2915
-1967
-6206
-8630
-9418
-7991
-5332
-2852
200
3699
5787
5061
3546
2664
1427
-622
-3139
-4452
-4840
-5176
-5133
-5019
-4229
-2819
-1299
1175
3892
5159
5474
5426
4422
1882
-1816
-4106
-4673
-5654
-5684
-3600
-1172
484
1901
3016
2252
3
-1292
-1686
-2798
-4093
-2288
3518
7243
7350
6979
4982
2510
-1071
-4626
-5121
-6528
-5507
84
4874
7808
7614
7736
8274
4324
-1217
-5735
-7923
-8451
-7790
-4582
-1501
1355
4605
6801
6932
4632
2633
1706
36
-2670
-4923
-5542
-5874
-6125
-5496
-4324
-2871
-1165
1583
4455
5154
4657
4630
3632
807
-2362
-4408
-5019
-5571
-5437
-3256
-1266
517
3037
4304
3804
2356
1444
885
-885
-2790
-2290
1487
4624
5319
5184
3711
2238
-228
-3082
-3738
-5241
-5120
-1558
2203
4974
5173
5517
6261
3868
-858
-5392
-7268
-7712
-7087
-4168
-1032
1787
4574
6940
7385
5157
2782
1482
-42
-2774
-4967
-5325
-5156
-4767
-3755
-2149
-737
216
1845
3644
4143
3562
3072
2620
834
-1737
-3477
-4448
-4574
-3902
-2321
-71
1614
3483
4538
3751
2591
528
-1130
-1844
-2639
-2889
-1851
3532
9076
9707
9187
8097
5913
804
-4747
-5724
-7967
-9150
-4800
-114
3112
3476
4788
6694
2502
-2975
-6123
-8113
-9193
-9008
-6026
-2865
-40
3628
5700
5040
3116
1952
1037
-671
-2444
-3558
-3366
-2530
-2212
-2673
-2749
-1532
-397
722
2454
3527
3847
4128
3948
2308
-779
-2911
-3464
-4244
-4590
-3698
-2042
-392
881
1720
1607
768
-338
-769
-1296
-2237
-2458
-1469
3388
8148
8799
8840
7460
5011
653
-4476
-5514
-6855
-6904
-2473
2260
5789
6214
6804
7856
4568
-294
-4218
-6409
-7303
-7272
-4682
-1387
1379
4011
6083
6460
4104
1522
149
-1751
-4149
-5736
-5563
-4820
-4925
-4435
-3285
-2269
-792
1040
2953
3826
3740
3946
3210
1455
-479
-2312
-3467
-4273
-4111
-2902
-1578
195
2070
3350
4031
4026
2851
1053
90
-611
-1663
-2030
1026
6509
8350
8140
7873
5571
1580
-3920
-6019
-6448
-8361
-5831
-1005
2783
4510
4538
6504
5355
443
-3051
-5435
-6692
-7163
-5370
-1795
481
2770
5249
5838
3992
1389
-425
-2243
-4055
-5004
-4996
-4271
-3213
-2100
-1517
-1078
58
897
1402
2486
3296
3366
2461
1150
-244
-2788
-4507
-4701
-4959
-4089
-2091
351
2541
3475
4162
3918
2506
888
-1423
-3331
-4131
-3983
-3371
-210
5976
8639
8376
7548
4788
948
-4770
-7094
-6885
-8712
-6061
-541
3685
5447
5407
7668
6671
1879
-1400
-3825
-5194
-5989
-4636
-1561
141
2243
4632
5129
3501
1350
163
-569
-1589
-2856
-2906
-2005
-1740
-1830
-2178
-2235
-1397
-391
1196
2693
3053
3625
3441
1959
310
-2061
-3761
-4432
-4056
-2311
-1117
612
2956
4195
4248
3113
2122
238
-2538
-3788
-4711
-5537
-4881
-498
5972
8568
8852
8293
5492
1511
-3329
-5667
-7043
-8147
-4405
306
3895
5800
6363
8174
6699
2841
-733
-4578
-6274
-6719
-5599
-3426
-1532
1715
4378
5049
4032
2414
1321
-293
-1804
-3028
-3909
-3910
-3742
-3437
-3607
-3488
-1927
-81
1584
2679
3446
4183
3232
1265
-578
-2658
-3889
-4497
-4265
-2424
-669
1007
2578
3295
3490
2225
481
-778
-3053
-4830
-4909
-4143
-3007
-1445
4093
10036
10600
9381
7226
4361
226
-4664
-5708
-7101
-7815
-3523
1315
4800
5509
6161
7492
4851
755
-3082
-5960
-6990
-6628
-4151
-1994
17
2870
4528
4192
1787
-547
-1607
-2588
-3373
-3729
-3542
-2819
-2282
-1976
-1814
-1680
-574
1491
3317
4256
4629
4750
3459
1165
-688
-2726
-4362
-4776
-3790
-1905
-872
286
2124
2815
2198
811
-768
-2537
-4173
-4532
-3768
-2682
-1192
3442
9802
11834
10188
7459
4412
290
-5608
-8075
-8386
-8886
-5371
369
5349
6941
7246
9576
8149
2975
-1660
-4472
-5727
-6939
-5450
-2301
-153
2482
4821
5416
3450
1186
356
-740
-1885
-3132
-3730
-3367
-3144
-2564
-2616
-2298
-692
636
2277
3071
3034
3119
1513
-624
-2593
-4730
-5523
-5594
-4750
-2509
-942
89
1489
2281
2132
1087
105
-249
-1092
-1289
-412
206
290
1947
7134
10031
8383
6756
4959
2497
-1657
-4741
-4709
-6183
-5264
-509
3430
5395
5284
6662
6691
2597
-1522
-5135
-7064
-7800
-7230
-4683
-2824
-201
3102
4856
4673
2503
598
-496
-2010
-3675
-4571
-4455
-3900
-3096
-2025
-1038
-498
654
2753
3870
3457
2940
2638
1146
-1403
-3321
-4507
-5147
-4879
-3830
-2415
-1204
-29
1873
3232
2997
2328
1160
-275
-1875
-3553
-3722
-2959
-2359
-1082
3684
9020
9308
8098
6871
4747
1099
-4272
-5120
-5242
-6665
-2733
1739
4189
5153
5345
6940
4810
219
-2593
-4528
-5313
-5368
-3510
-871
1090
3959
5719
5051
2868
521
-200
-1045
-3227
-4508
-4310
-3769
-3619
-3362
-2495
-1615
-314
1628
3002
2782
2039
2553
1949
-711
-2470
-3260
-3140
-2467
-1931
-583
487
1473
3027
3168
2161
1175
9
-825
-1601
-2498
-2375
-1252
194
531
1526
5554
7536
6302
4710
2830
1065
-2923
-5618
-4868
-6117
-5355
-1113
2385
4557
4621
5559
6274
3374
-313
-3031
-4571
-5084
-4145
-2058
-249
1996
3707
3969
3028
574
-1322
-1959
-2738
-3874
-4608
-3778
-2604
-2602
-2511
-1654
-513
276
1258
2505
2279
1777
1738
382
-1485
-2692
-2822
-2470
-2961
-2705
-914
311
1207
2323
2267
1857
1100
193
-200
-1619
-2090
-1120
-723
-752
351
4989
8028
7048
5995
4572
2915
-1319
-4751
-4267
-5781
-5295
-1182
2514
4884
4860
6358
6570
2690
-970
-3993
-5518
-6282
-5241
-2317
-1234
674
3266
3860
3007
926
-277
-902
-2367
-3318
-3627
-3533
-3013
-2463
-1748
-696
136
566
1452
2128
1634
1210
1238
766
-699
-2117
-2045
-1715
-2016
-1929
-974
90
562
1362
1749
1044
493
-64
-389
-993
-1679
-909
-182
-347
-386
2705
7212
7583
6355
5129
3777
1083
-3764
-4232
-4218
-6097
-3405
790
4425
5153
4351
6089
4407
141
-2862
-4890
-5427
-5258
-2764
-463
-187
1567
3612
4164
2448
-195
-704
-844
-1654
-2179
-2549
-2508
-2539
-2454
-2019
-1871
-1564
-379
1606
2405
1957
2289
2216
1169
-598
-2425
-2819
-3438
-3696
-2840
-2359
-1177
489
2007
2784
2439
1985
1342
663
-760
-1998
-2336
-2240
-1558
-1351
2100
6404
6786
6652
5193
3610
401
-4196
-3706
-4814
-6171
-2616
1038
4740
4623
3889
5470
2707
-497
-2555
-4252
-4187
-3511
-1203
253
937
3036
4288
3320
646
-1496
-2164
-2757
-3348
-3455
-3211
-2527
-1702
-1218
-946
-777
-344
536
1242
1111
869
1241
1216
302
-1072
-1777
-1590
-2054
-2174
-1356
-656
461
1447
2080
2157
1107
348
-291
-1619
-2773
-2671
-1592
-651
-586
-273
3506
6631
5803
4774
2906
1240
-1450
-4251
-2860
-3812
-4346
-174
3181
5097
3779
3473
5023
2467
-45
-1419
-2212
-1875
-1392
373
684
352
1660
2369
1494
-927
-1769
-778
-707
-1362
-2223
-2092
-1945
-2435
-2325
-2269
-2002
-1181
196
1828
1923
1477
1907
1624
495
-1099
-2204
-2018
-2162
-2041
-1321
-465
1111
2090
2323
2336
1656
754
-107
-774
-1531
-2069
-1658
-753
-810
-1209
2065
5497
5365
4665
3349
2442
-233
-3185
-2097
-3577
-4845
-1901
1072
3396
2564
2787
4808
3145
1144
-601
-2174
-2601
-2539
-1377
-1417
-1181
751
1869
1508
-195
-871
-673
-1513
-2265
-2651
-2793
-2620
-2388
-1928
-1579
-1247
-467
483
1080
712
634
1115
506
-251
-1017
-1615
-1598
-2238
-2190
-1549
-1007
591
1491
1612
1616
1186
989
269
-749
-1573
-1749
-1005
-363
-499
-121
3497
6355
5981
5353
3871
2670
-204
-2984
-2306
-4241
-4680
-1055
1759
3668
3037
3890
5543
3360
1072
-881
-2383
-2894
-2788
-1626
-1381
-950
716
1833
1544
-21
-718
-226
-480
-1348
-1864
-1868
-1788
-2386
-2831
-2649
-2851
-2423
-1008
157
585
1101
2344
2563
1667
498
-672
-1339
-2489
-2805
-2377
-1999
-108
1178
1777
2391
2379
2515
1734
517
-525
-1117
-773
-502
-966
-1237
1844
5092
5383
5286
4300
3547
1453
-1331
-1350
-3217
-4074
-1273
1104
2865
2371
2853
4749
3330
1215
-717
-2471
-3202
-3334
-2460
-2177
-1694
221
1951
2041
320
-776
-636
-1248
-2415
-3228
-3266
-2933
-3018
-2744
-2179
-2045
-1316
11
926
927
851
1445
969
-382
-1607
-2594
-2871
-3382
-2961
-1667
-732
1155
2135
2143
2273
1580
1096
116
-1160
-1794
-2047
-1326
-689
-870
-571
2702
6668
7220
6839
6138
4816
2345
-1260
-2126
-3664
-5217
-2609
285
2615
3130
3692
6144
5323
2789
144
-2280
-3124
-4228
-3936
-3330
-3031
-1144
370
1044
-165
-1437
-657
-635
-1436
-2255
-2136
-1451
-1973
-2158
-2163
-2456
-2102
-1189
161
496
859
2101
2176
1737
926
-24
-637
-1641
-1637
-1513
-1518
-192
586
949
1500
1787
1921
1052
390
85
-501
-540
-537
-725
-460
2476
6020
6417
6051
5124
3766
1649
-1606
-2273
-3126
-3662
-875
1786
3712
3861
3796
4671
3197
374
-2668
-4480
-4647
-4721
-3853
-2837
-1523
470
1643
1638
26
-1414
-1250
-1290
-2288
-3182
-2676
-1742
-1733
-1837
-2031
-2133
-1670
-794
465
866
1198
2316
2431
1737
347
-1080
-1890
-3026
-3457
-3413
-2701
-909
184
1150
2054
2404
2226
1327
594
-604
-1655
-1725
-1501
-1427
-1172
2186
5704
6168
6080
5274
4614
2440
-393
-277
-1576
-2543
-739
1345
3164
2456
2541
3922
2953
1021
-1271
-2226
-2691
-3288
-2476
-2342
-2006
-993
-186
-29
-1593
-2304
-1438
-1239
-1912
-2316
-1781
-1542
-1958
-2312
-2710
-2934
-2445
-1063
54
590
1817
3089
3335
2776
1558
58
-1472
-2648
-3010
-3022
-2042
207
1925
2731
3372
3428
2545
1232
-117
-1358
-2226
-2347
-1726
-1478
-747
2497
5505
6001
5556
4717
3481
763
-2100
-2580
-3533
-4186
-1993
535
2113
2272
2736
4166
3216
983
-650
-1891
-2383
-2564
-2131
-1618
-1229
87
1251
1256
175
-407
543
614
-723
-1582
-1606
-1690
-2420
-3194
-3147
-2818
-2328
-681
935
1672
2454
3248
3516
2436
421
-1308
-2565
-3491
-3818
-3084
-1541
323
1684
2279
2699
2553
1851
1210
457
-567
-1152
-804
-379
-636
-620
2005
5173
5316
4802
4258
2898
535
-2423
-2993
-3901
-5337
-3424
-632
1133
1322
1764
3629
3047
697
-1226
-2292
-2797
-3400
-2733
-2085
-1697
-474
588
935
-488
-1425
-520
-448
-1333
-2109
-1870
-1332
-1699
-1889
-1623
-1352
-999
57
1362
1643
1922
2415
2435
1763
148
-1080
-1730
-2220
-1970
-1243
-35
1410
2339
2747
2532
2022
1613
1149
427
-505
-474
20
-139
-408
-303
1755
3993
4406
4578
3663
2393
809
-1481
-2462
-3852
-4263
-2453
-622
1222
1913
2616
3476
2911
1297
-1205
-2512
-2989
-3225
-2798
-2621
-1360
6
859
1450
391
-407
-256
-489
-1386
-2424
-2341
-1924
-2024
-2051
-1723
-1388
-1142
-267
713
1044
1271
1810
2184
1618
531
-308
-1029
-1625
-1666
-1186
-393
828
1936
2447
2432
2136
1721
792
-249
-969
-1187
-1036
-955
-709
-277
1808
4454
5241
5225
4181
3127
1408
-1449
-2143
-3336
-4094
-2375
-695
1556
1780
2055
3801
2774
1198
-798
-2272
-2575
-3649
-3020
-2363
-1783
-98
629
1005
12
-928
-531
-1404
-2535
-3102
-2963
-2207
-2249
-2088
-1598
-1568
-1060
-318
194
606
895
1636
2013
1579
851
-129
-749
-1443
-1896
-1576
-880
653
1654
1990
2545
2524
2332
1676
759
-8
-609
-219
-10
-111
153
1683
3993
4097
3671
3290
1969
607
-1533
-2154
-2365
-3373
-2007
-348
1032
1807
1902
3115
2586
869
-601
-1796
-2227
-3322
-3351
-2553
-1835
-649
-99
629
357
-416
-19
-392
-1270
-2046
-1959
-1225
-1552
-1723
-1467
-1043
-643
-564
-17
283
722
1523
1560
1255
601
-28
-205
-805
-1102
-801
-169
1013
1456
1450
1849
2141
2274
1617
690
252
-64
-14
-40
-322
-377
662
2768
3544
3177
2937
2650
1904
-278
-1638
-1942
-2928
-2535
-1266
-11
901
1141
2321
2573
1057
-609
-1728
-2138
-2910
-3152
-2635
-1901
-637
187
735
599
-25
33
-411
-1412
-2121
-2237
-1923
-1852
-1847
-1661
-1241
-915
-625
-165
34
570
1416
1782
1751
1360
805
299
-434
-1041
-1089
-724
35
646
1016
1709
2328
2368
1852
1236
727
200
-65
-241
-654
-839
315
2262
3000
3006
3149
3020
2090
97
-1072
-1708
-2829
-2400
-1060
6
654
953
2007
2090
469
-906
-1676
-2173
-2736
-2789
-2101
-1402
-508
87
331
180
-635
-887
-1232
-2008
-2318
-2445
-1876
-1548
-1882
-1567
-1162
-832
-655
-566
-3
396
822
1312
1395
1150
513
232
-47
-567
-603
-183
768
1399
1607
2103
2348
2165
1602
953
660
327
150
191
67
204
1046
2442
3390
3588
3483
3105
2353
874
-542
-1511
-2329
-2202
-1572
-617
465
872
1473
1749
1250
353
-819
-1299
-1881
-2579
-2354
-1594
-770
-744
-510
54
-429
-904
-1149
-1317
-1776
-2210
-1445
-1324
-1946
-1810
-1247
-856
-1369
-1369
-529
-264
244
970
1310
1253
944
935
323
-789
-921
-443
-119
67
495
1213
1699
1856
1783
1298
756
583
538
227
-231
-212
587
1638
2351
2850
3007
2889
2439
1147
-158
-1081
-1827
-1743
-1156
-374
606
1153
1653
1897
1003
-187
-993
-1506
-2078
-2546
-2054
-1216
-646
-236
279
628
120
-350
-585
-1247
-1970
-2190
-1885
-1834
-2052
-1850
-1483
-1397
-1551
-1315
-770
-360
230
712
955
1047
850
468
-159
-819
-1051
-804
-317
94
370
828
1427
1356
755
233
-167
-294
-370
-340
-349
-266
723
1959
2719
3192
3424
3409
3084
2748
1604
-471
-1776
-1780
-1270
-1489
-808
1025
1688
2321
2676
2433
1541
-313
-620
-1012
-2367
-2641
-2185
-1201
-562
166
1103
1376
1333
677
21
-782
-1729
-2108
-2571
-2634
-2276
-2017
-1381
-666
-169
418
1082
1551
1569
1154
809
266
-759
-1608
-2012
-1987
-1776
-1256
-321
401
1139
1729
1769
1373
623
19
-612
-1149
-1356
-1376
-942
-297
729
1905
2462
2841
2793
2361
1708
365
-513
-833
-1278
-1179
-696
1
619
820
1088
1273
994
474
242
1
-330
-270
-340
-340
-108
-6
232
158
-150
-126
-317
-679
-892
-1224
-1281
-1291
-1463
-1308
-1228
-1116
-821
-353
189
273
463
868
962
552
-200
-664
-1012
-1255
-1074
-834
-527
-198
239
584
523
451
273
67
-20
-128
-232
-334
-97
330
673
1187
1660
1845
1530
1026
686
-115
-713
-891
-1209
-949
-416
237
710
603
1135
1525
1143
907
470
-102
-608
-743
-544
-797
-856
-253
146
-77
-360
-243
-335
-645
-536
-531
-830
-964
-840
-750
-1131
-1188
-614
-229
108
500
789
933
877
754
313
-257
-453
-440
-457
-510
-283
111
564
1097
1356
1283
1033
892
479
-204
-512
-558
-303
71
584
1425
1769
2019
2237
1885
1257
300
-355
-904
-1573
-1642
-1207
-441
174
626
1303
1590
1463
1051
405
-184
-721
-1026
-1104
-1130
-1042
-637
-199
23
174
241
388
376
83
-384
-1017
-1462
-1774
-1975
-2087
-1904
-1205
-386
373
945
1212
1201
891
429
-322
-1124
-1606
-1631
-1259
-1025
-625
-2
607
989
1025
1031
866
493
48
-317
-663
-949
-881
-598
-303
119
806
1531
1863
1742
1528
1165
567
-22
-612
-922
-934
-649
-105
335
701
894
1093
1198
821
196
-337
-472
-562
-842
-847
-602
-417
-309
-81
41
-57
-65
120
9
-451
-520
-566
-872
-1158
-1209
-935
-844
-583
31
316
400
684
834
547
160
-20
-143
-370
-553
-442
-268
-154
187
356
393
612
684
593
495
477
386
278
411
576
612
715
1150
1320
892
799
847
566
152
-209
-143
-103
8
504
625
705
977
1126
1071
605
194
-140
-474
-443
-535
-699
-478
-186
-107
-351
-440
-260
-340
-447
-336
-447
-692
-751
-747
-873
-1118
-917
-514
-451
-369
-126
56
70
-30
-195
-472
-643
-658
-672
-761
-694
-377
-127
47
208
186
87
-62
-340
-552
-781
-764
-506
-438
-236
130
488
809
926
851
609
348
145
22
-252
-470
-207
82
280
396
418
582
762
863
834
707
570
511
419
106
-136
-313
-409
-246
-136
-71
78
317
647
641
352
253
13
-408
-682
-855
-829
-726
-458
53
239
219
319
256
78
-229
-417
-304
-251
-186
-34
72
164
147
55
-27
-141
-224
-313
-383
-393
-434
-363
-210
37
323
496
712
857
813
600
363
190
46
-114
-190
-64
111
275
416
588
770
754
649
493
179
-135
-394
-447
-481
-553
-357
-76
163
363
393
421
363
206
72
-206
-493
-627
-727
-761
-761
-727
-543
-298
8
192
264
397
451
330
163
6
-118
-173
-174
-154
-211
-210
-77
-42
-144
-193
-128
-144
-196
-148
-99
-146
-230
-95
127
106
138
291
390
335
100
-15
-73
-162
-157
-92
-75
-7
86
113
158
69
-6
-28
-75
-19
-92
-149
-38
4
52
9
-25
83
131
112
123
64
-68
-120
-184
-227
-322
-433
-309
-235
-225
-111
3
168
215
201
246
126
-12
-25
-27
-25
43
152
198
187
131
62
-71
-205
-244
-348
-359
-220
-72
47
182
417
568
548
518
442
256
77
-93
-198
-276
-258
-87
3
145
372
472
468
429
348
161
16
-10
-89
-205
-210
-84
0
-43
24
104
75
120
137
149
96
15
2
-160
-267
-318
-381
-318
-273
-248
-195
-149
-9
79
54
82
35
-9
91
147
80
99
199
300
261
151
159
54
-133
-185
-241
-320
-365
-272
-54
-87
-57
101
160
191
134
131
120
6
-74
-104
-153
-160
-181
-163
-11
45
45
130
198
196
115
59
87
-28
-85
28
61
11
-62
-119
-141
-163
-144
-95
-86
-26
44
48
-64
-170
-276
-400
-449
-450
-406
-403
-361
-184
-74
26
123
94
103
33
-44
-82
-186
-104
-11
-8
39
20
25
14
-6
27
29
29
157
269
354
417
442
511
499
416
317
149
2
-22
-37
-54
-4
110
264
370
448
523
459
369
277
131
-8
-113
-166
-211
-281
-259
-213
-195
-82
54
153
193
245
188
14
-167
-285
-387
-569
-577
-513
-461
-323
-140
12
79
172
255
168
4
-104
-244
-346
-313
-226
-187
-106
65
187
208
255
252
131
7
-103
-153
-251
-263
-96
35
119
251
401
451
357
300
216
3
-142
-211
-198
-256
-238
-22
98
204
346
470
477
393
347
232
15
-210
-322
-399
-436
-399
-329
-189
-70
32
144
172
215
183
18
-122
-235
-344
-387
-326
-239
-151
-26
159
288
280
182
132
63
-65
-112
-159
-157
-111
-31
63
67
45
75
24
-85
-185
-289
-346
-328
-234
-68
75
216
388
423
390
323
138
-25
-124
-187
-226
-234
-98
32
97
216
372
441
384
314
251
105
-49
-147
-255
-340
-419
-387
-272
-244
-158
13
174
270
223
221
196
17
-112
-188
-257
-352
-394
-258
-96
20
130
293
396
341
260
174
82
-27
-80
-11
23
14
81
191
248
180
118
86
21
-75
-161
-157
-188
-174
-132
-86
16
41
70
80
37
-7
-119
-180
-180
-236
-286
-255
-207
-141
-90
36
158
139
168
232
217
160
111
70
-32
-115
-76
-60
-85
-10
129
218
199
242
260
195
131
50
-1
-60
-75
-74
-88
-51
0
36
24
73
106
17
20
82
90
42
28
94
53
7
18
-5
-54
-144
-140
-135
-189
-163
-142
-91
-19
23
53
25
24
-4
-105
-175
-211
-230
-236
-200
-145
-102
-47
15
56
30
28
26
-1
-43
-80
-86
-102
-85
-64
-84
-86
-44
9
56
71
112
158
153
108
87
62
15
0
7
40
75
68
101
127
117
115
132
101
72
51
29
8
-20
-45
-42
-32
-31
7
32
56
66
69
51
-3
-37
-78
-76
-60
-59
-31
13
70
92
91
59
-4
-15
-79
-134
-150
-124
-59
-57
-19
-13
-7
15
-6
-27
-118
-133
-81
-101
-109
-123
-71
-41
-33
24
35
38
68
95
85
52
100
142
168
188
187
189
176
171
157
119
112
137
145
143
142
134
96
70
43
1
-16
-13
59
64
56
106
72
10
-101
-161
-222
-306
-271
-197
-136
-96
-45
-1
0
-25
-68
-127
-190
-238
-273
-306
-237
-189
-165
-106
-66
1
5
44
49
-2
-39
-28
-38
-110
-128
-55
-48
-49
43
154
196
140
192
193
116
84
60
35
-17
-55
60
90
70
107
134
161
127
82
100
51
2
-51
-108
-97
-82
-47
50
74
89
117
121
89
18
-78
-123
-144
-161
-153
-173
-141
-86
-62
-14
19
31
38
57
51
-1
-46
-31
-17
-27
-65
-63
-52
-39
15
69
83
52
30
23
-22
-65
-79
-93
-62
-34
10
50
82
85
59
38
38
24
-12
-3
-20
6
30
68
118
138
154
120
78
37
-32
-81
-82
-60
-33
18
78
111
101
99
101
68
-4
-53
-58
-53
-44
-2
60
69
93
129
146
122
68
16
2
6
3
-13
-34
-36
-31
-63
-50
-31
-30
0
49
67
31
-9
-18
-78
-137
-151
-117
-88
-63
21
52
70
53
44
21
-43
-83
-122
-160
-165
-169
-137
-130
-107
-44
-22
29
51
30
6
-57
-96
-126
-167
-136
-112
-72
-31
11
37
10
7
24
31
1
-25
-16
-21
-50
-37
0
-2
-5
17
37
21
17
51
66
69
72
81
91
62
49
44
26
37
50
67
95
81
67
45
5
-35
-46
-38
-7
20
43
89
76
36
12
11
-19
-41
-50
-44
-29
-27
3
35
72
99
106
91
73
63
41
5
-18
-10
-15
5
39
69
92
95
89
59
33
15
-1
-45
-66
-94
-73
-29
11
36
58
89
78
30
-11
-28
-31
-23
4
38
27
1
-13
-1
-2
14
38
47
47
24
-28
-72
-104
-112
-109
-101
-92
-80
-52
-32
-22
-36
-51
-28
-24
-60
-92
-119
-150
-179
-169
-125
-75
-33
8
36
44
52
62
23
-7
-15
-9
9
30
46
56
50
57
71
39
31
33
27
12
8
18
15
23
13
1
-19
-28
-8
-7
-25
-42
-37
-25
-13
-2
11
22
44
69
81
83
74
63
52
35
11
-8
-3
1
4
10
0
11
15
-1
-27
-40
-50
-65
-52
-6
23
8
19
29
11
-4
-20
-31
-60
-63
-46
-34
-37
-51
-43
-41
-27
-9
-1
23
37
41
38
39
41
40
27
38
58
61
77
109
124
96
82
56
31
3
-3
3
-3
-9
-18
-8
-7
-9
4
17
15
-20
-49
-76
-111
-133
-135
-107
-74
-51
-18
13
23
36
55
64
62
37
28
24
13
14
28
50
46
44
47
37
35
20
16
9
-4
2
4
1
-5
-18
-26
-44
-58
-58
-25
-7
3
15
23
34
20
28
32
4
-19
-24
-3
-25
-51
-30
-23
-47
-65
-68
-59
-69
-83
-71
-63
-72
-68
-59
-62
-71
-66
-30
7
11
-10
-28
-30
-28
-30
3
35
70
74
62
72
56
27
13
19
17
11
22
48
38
27
34
31
21
15
49
68
49
46
36
10
-36
-81
-87
-72
-46
-8
6
29
40
21
-3
-21
-16
-14
-4
24
33
7
2
24
24
-8
-4
19
22
24
41
71
75
52
57
56
17
-15
0
19
22
29
38
21
-20
-69
-77
-62
-66
-63
-36
-15
-16
-22
-26
-19
-17
-22
3
21
8
-6
0
14
10
5
19
45
46
38
42
55
46
42
58
58
30
23
50
50
30
15
14
-17
-42
-39
-27
-25
-37
-29
-18
-27
-36
-19
-26
-40
-35
-33
-30
-47
-60
-65
-60
-48
-56
-49
-30
-22
-41
-43
-19
-29
-30
-16
-14
-25
-47
-32
-14
-13
2
36
45
38
15
0
-13
-33
-27
-21
-10
18
48
70
89
100
79
56
64
55
28
17
20
13
-15
-17
12
15
23
41
40
35
5
-3
-11
-24
-35
-34
-17
-9
7
20
31
40
36
18
-1
-32
-64
-94
-93
-59
-35
-14
12
18
1
-12
-17
-34
-36
-22
-12
-14
-26
-29
-34
-35
-31
-9
5
3
11
10
6
6
20
26
10
2
4
19
33
32
35
26
13
24
28
16
24
34
39
52
54
48
30
19
24
16
8
8
12
32
49
45
38
33
34
38
46
41
26
33
21
7
-5
-10
-10
-14
-11
3
-10
-44
-52
-54
-53
-55
-54
-48
-51
-50
-51
-42
-57
-83
-86
-94
-95
-78
-51
-8
18
29
47
40
6
-8
-17
-37
-38
-25
-2
4
7
17
27
36
41
37
29
20
14
14
22
17
-9
-32
-14
10
18
36
48
40
7
-16
-12
-19
-40
-34
-11
-8
-18
-5
24
39
46
49
35
16
5
15
19
6
8
24
38
44
24
18
26
12
2
-5
5
6
-6
-9
-10
-14
-23
-27
-22
-19
-20
-32
-25
-24
-42
-56
-68
-71
-64
-54
-39
-23
-18
-4
13
11
8
12
12
6
-7
-13
-16
-9
-4
13
30
18
14
26
31
27
21
20
15
5
10
3
-2
8
15
29
33
35
17
-3
-10
-7
-1
7
20
26
39
40
37
45
52
48
48
48
38
25
24
29
12
5
15
21
12
2
-6
-12
-30
-33
-30
-36
-32
-24
-30
-23
-25
-37
-36
-24
-21
-25
-7
14
17
4
1
10
0
-7
-7
-2
17
13
2
-2
-21
-22
-19
-31
-41
-29
-24
-21
-16
-22
-10
0
0
-7
-15
-14
-9
-10
-5
0
-11
-22
-20
-21
-29
-37
-20
-8
-9
-12
-5
4
6
0
3
-8
-24
-17
15
31
35
52
56
56
47
28
12
-10
-19
-23
-18
-20
-26
-10
-8
-9
-11
-8
1
-17
-37
-41
-44
-26
-3
7
12
18
21
26
22
10
-2
-3
6
9
16
21
21
15
11
19
17
4
3
12
10
-7
-5
9
11
-5
11
42
48
35
26
27
21
0
-7
-1
-12
-6
7
11
12
6
5
16
11
5
10
7
-8
-8
-5
-2
-1
3
8
2
14
28
41
49
68
83
78
70
50
27
11
14
25
18
27
41
15
-12
-22
-22
-47
-67
-70
-66
-74
-101
-94
-82
-72
-57
-38
-33
-43
-45
-49
-62
-76
-82
-62
-31
-13
-19
-16
-2
4
-1
2
14
23
13
13
21
17
6
5
27
39
38
39
53
45
29
18
20
12
1
9
24
13
-12
-14
-9
-15
-27
-19
-11
-13
-18
-19
-19
-14
-12
-12
-5
-8
-12
-4
5
13
7
14
27
23
19
17
12
5
13
29
25
21
18
22
24
1
-15
-10
1
-8
-16
-22
-33
-39
-51
-35
-25
-24
-16
0
19
16
6
17
16
-6
-21
-18
-12
-11
6
25
29
9
13
32
31
22
29
45
42
33
36
48
47
42
45
45
39
24
11
8
3
-2
5
7
-1
-7
3
11
3
-7
4
12
12
24
17
10
5
-2
0
-10
-24
-29
-29
-22
-18
-36
-45
-25
-16
-30
-23
-21
-39
-33
-28
-22
-29
-31
-4
-10
-28
-32
-24
-24
-21
0
22
16
5
18
16
5
-1
-1
14
18
19
34
47
52
36
33
25
7
-9
-4
3
-9
-29
-48
-53
-57
-56
-35
-22
-24
-40
-40
-33
-43
-39
-23
1
2
-12
-7
6
3
7
17
19
-11
-32
-20
-29
-44
-48
-34
-17
-2
16
12
11
18
22
25
19
23
20
11
0
-19
-21
-7
15
26
16
11
15
18
15
6
-8
-12
-10
-7
8
15
41
72
81
70
45
39
53
55
52
53
53
33
29
23
19
22
10
19
27
16
-6
-5
5
2
-5
-7
1
-4
-19
-21
-31
-38
-39
-27
-13
-19
-18
-4
8
7
-4
1
9
-4
-15
-15
2
5
2
22
31
6
-14
-11
-9
-12
-18
-16
-12
-21
-19
-2
6
2
11
34
45
28
22
8
-12
-19
-14
-11
-19
-15
-15
-11
-18
-15
-5
4
-2
-22
-25
-20
-31
-49
-39
-23
-17
-11
-11
-19
-16
-25
-18
-15
-32
-46
-48
-41
-29
-21
-30
-35
-34
-36
-35
-31
-38
-38
-43
-23
-3
-10
-19
-16
-6
3
18
29
26
20
34
54
56
53
49
45
50
54
56
65
73
69
51
40
51
42
15
-9
-26
-43
-60
-57
-47
-37
-20
-10
-12
-18
-28
-24
-18
-5
7
5
14
27
19
17
17
14
12
22
47
51
40
46
61
68
74
70
63
50
34
18
-3
-25
-39
-35
-28
-32
-25
-23
-26
-14
-10
-7
-7
-14
-14
-18
-6
13
20
22
21
24
33
38
39
38
37
36
19
-5
-21
-12
6
3
-17
-22
-17
-18
-24
-23
-32
-29
-3
4
-10
-25
-24
-20
-41
-67
-73
-76
-81
-84
-80
-73
-67
-49
-33
-31
-28
-17
-9
12
20
32
35
35
50
50
51
65
73
57
49
50
45
33
18
9
3
8
27
35
28
24
5
-12
-20
-24
-49
-72
-71
-52
-45
-62
-60
-68
-96
-114
-107
-96
-69
-46
-30
-8
8
24
33
50
65
50
32
42
38
21
8
20
39
32
37
58
67
49
38
33
15
-7
-23
-26
-32
-45
-46
-28
-8
16
39
53
39
14
-2
-4
-7
-10
1
13
17
12
10
16
29
46
55
67
76
77
68
52
46
55
69
70
52
28
16
12
-4
-11
1
4
10
18
26
13
-24
-43
-43
-55
-70
-78
-82
-79
-76
-64
-53
-36
-25
-22
-11
-12
-12
-8
-7
-8
0
-3
-18
-24
-16
-16
-21
-9
12
28
40
51
45
21
-10
-11
7
8
0
9
15
4
-14
-7
11
6
8
13
11
-9
-24
-27
-28
-32
-25
-2
23
20
-4
-5
8
17
13
13
14
12
11
27
23
2
-17
-23
-27
-52
-70
-66
-58
-49
-38
-26
-30
-57
-67
-63
-51
-53
-48
-27
-19
-22
-20
0
15
24
22
29
21
-5
-13
-5
4
9
25
48
53
38
24
15
5
-3
10
14
-4
1
6
10
12
6
9
11
13
21
28
32
37
58
74
75
73
53
46
47
42
32
19
22
37
60
76
83
74
53
36
20
13
11
16
12
3
-5
-32
-46
-52
-64
-45
-17
-13
-21
-22
-17
-12
-9
-7
-5
-7
-18
-27
-25
-25
-30
-28
-10
6
-6
-14
-9
-24
-36
-46
-63
-75
-88
-76
-56
-42
-26
-14
-2
-11
-16
9
21
15
7
13
13
0
-5
4
-4
-13
-2
3
1
-1
23
60
62
44
46
51
31
3
-2
5
-2
-7
10
24
14
15
31
31
-2
-21
-9
-5
-6
-9
-10
-7
-16
-13
4
2
-3
-2
10
11
-7
-16
-22
-20
-27
-30
-26
-30
-42
-37
-32
-49
-54
-30
-16
-24
-20
-19
-22
-31
-24
-19
-29
-33
-19
-4
-8
-12
-2
14
4
-6
-6
-2
-11
-16
1
16
10
-1
3
3
-11
-18
2
22
41
56
65
65
56
60
64
51
45
59
67
60
48
46
36
17
25
36
37
34
46
63
58
46
58
57
37
24
18
4
-26
-48
-37
-21
-42
-48
-31
-29
-42
-32
-2
3
-15
-29
-9
5
-9
-10
7
9
3
11
47
53
27
29
36
17
-2
10
30
29
8
14
18
-2
-20
-27
-22
-39
-62
-57
-71
-111
-119
-89
-66
-78
-89
-71
-70
-94
-106
-107
-105
-101
-76
-40
-31
-29
-22
-14
2
18
25
33
38
35
45
53
59
60
66
73
72
72
77
84
72
70
79
72
66
55
44
23
-12
-17
-27
-33
-26
-20
-27
-44
-49
-50
-34
-33
-35
-28
-31
-43
-39
-29
-14
-1
2
4
-1
5
19
11
13
28
19
-2
-15
-17
-13
-28
-25
-5
-1
6
6
5
-6
-26
-17
0
3
-9
-19
-18
-15
-9
-3
6
20
32
40
51
52
64
88
101
96
86
93
95
89
82
81
90
82
71
77
80
66
44
37
28
-5
-16
-5
-23
-47
-54
-54
-65
-90
-104
-114
-116
-118
-109
-90
-86
-97
-107
-107
-98
-81
-67
-48
-28
-19
-4
12
18
26
40
52
58
58
58
50
42
46
45
39
30
26
13
-11
-20
-22
-19
-15
-12
-19
-36
-43
-37
-34
-39
-30
-14
-3
-1
11
24
27
28
28
30
36
42
38
30
27
35
30
28
28
19
19
19
11
-7
-12
-14
-21
-37
-54
-52
-64
-66
-57
-56
-62
-66
-64
-65
-70
-71
-70
-61
-44
-32
-14
6
9
1
8
17
16
25
36
58
57
41
49
52
39
37
57
78
76
62
53
56
44
40
64
73
57
44
42
37
15
-4
8
16
7
-20
-39
-37
-40
-35
-11
3
4
4
18
23
5
-2
1
6
-1
-13
-22
-32
-47
-46
-36
-31
-41
-38
-22
-27
-41
-45
-35
-27
-33
-36
-30
-26
-28
-30
-12
5
9
16
31
37
34
34
40
44
60
69
68
60
47
46
48
43
40
40
35
29
40
51
43
42
42
36
20
1
-13
-20
-27
-26
-22
-18
-9
-5
-1
0
-6
-14
-4
3
-2
-21
-34
-43
-60
-67
-58
-47
-62
-81
-86
-97
-117
-115
-102
-97
-89
-88
-82
-70
-76
-70
-56
-51
-48
-55
-55
-41
-29
-13
6
25
44
48
53
49
40
37
42
54
64
72
75
77
77
66
72
75
75
75
67
69
73
70
58
54
53
53
47
44
30
2
-8
4
20
23
33
40
33
4
-17
-21
-35
-36
-14
-2
-17
-44
-47
-30
-30
-44
-38
-29
-36
-47
-43
-50
-58
-49
-21
-9
-19
-21
-8
8
-6
-12
-3
3
17
37
50
51
22
12
23
36
33
41
47
36
24
8
-1
-4
4
3
10
10
13
17
12
0
3
12
12
12
9
24
28
8
-4
-8
-14
-22
-30
-32
-17
5
10
19
18
9
5
-4
-23
-40
-47
-45
-25
-7
-5
-4
10
22
-10
-52
-55
-43
-47
-36
-15
-17
-38
-39
-20
-39
-69
-63
-27
-3
-8
2
14
0
-4
-5
-12
-22
-32
-36
-29
-19
-15
8
39
48
32
15
-4
-21
-34
-43
-38
-26
-5
9
17
19
15
9
5
4
11
13
31
46
48
43
42
44
32
17
34
49
37
27
26
29
14
5
15
13
0
2
14
23
13
6
18
33
24
10
-3
-18
-33
-21
-8
-8
-11
0
18
6
-3
4
9
8
10
3
-6
-16
-3
5
2
5
15
24
7
-5
-12
-20
-21
-8
3
12
23
32
39
35
25
20
26
30
25
21
16
19
15
16
23
21
26
32
23
7
-8
-31
-48
-56
-49
-41
-41
-34
-39
-52
-54
-42
-34
-38
-32
-27
-30
-32
-34
-33
-26
-14
-11
-20
-27
-25
-13
-4
-4
-3
-4
0
5
-3
-7
-13
-19
-20
-20
-6
-7
-4
0
9
0
-7
4
19
30
24
27
12
-6
-10
-2
8
3
9
22
9
-6
-5
1
2
-4
-9
-4
-9
-5
6
18
11
-6
-6
-5
1
0
5
14
40
74
74
54
35
24
16
5
1
-4
-13
-11
-1
-9
-25
-21
-8
-3
-12
-17
-30
-40
-42
-30
-26
-28
-14
1
5
-1
-6
-3
13
19
20
17
3
-5
-4
-2
-9
-12
-1
14
20
23
24
23
28
31
42
61
69
61
62
65
60
60
47
33
23
14
20
35
36
23
20
28
17
-8
-15
-1
3
-12
-28
-21
-17
-25
-27
-15
-6
-15
-24
-41
-56
-73
-83
-54
-32
-38
-36
-7
2
-25
-53
-60
-59
-55
-39
-22
-34
-57
-59
-38
-30
-37
-28
-15
-9
-22
-28
-27
-26
-11
13
36
43
38
39
34
33
30
34
43
34
27
19
13
10
11
18
36
54
55
49
32
19
7
-10
-9
-4
-3
4
11
10
0
-2
-5
-4
7
-2
-14
-7
0
4
-4
-12
-5
-6
-23
-35
-35
-38
-44
-41
-37
-45
-50
-51
-61
-71
-66
-49
-35
-15
-1
-3
-13
-8
-7
-14
-9
2
27
53
57
61
58
46
42
38
30
10
17
40
46
56
55
67
82
83
80
68
51
22
-2
-5
-3
4
4
12
35
42
29
10
15
22
18
22
19
6
-17
-22
-3
1
-17
-29
-36
-40
-36
-31
-25
-23
-28
-18
-9
-21
-26
-17
-11
-10
-8
-10
-10
-14
-12
-6
-5
4
24
40
38
33
29
18
4
1
5
6
1
-17
-29
-25
-28
-40
-49
-50
-45
-36
-35
-33
-29
-41
-49
-47
-54
-63
-60
-54
-41
-33
-23
-11
0
23
40
51
33
6
1
12
18
12
10
14
9
-4
-9
8
3
-4
15
31
31
14
0
-4
-1
-4
-14
-18
-34
-47
-44
-39
-38
-27
-6
-8
-23
-19
-3
13
9
8
21
26
25
32
55
55
49
60
59
38
22
23
31
22
20
26
28
23
7
11
20
16
9
8
12
8
-10
-21
-14
-10
-8
2
25
32
28
33
32
27
15
16
27
25
19
15
13
2
-19
-18
-2
5
5
-3
-1
-5
-28
-38
-39
-36
-19
-4
6
2
-4
10
9
-5
-4
1
4
6
9
14
25
39
45
31
9
7
7
10
13
17
23
10
-6
-12
-20
-29
-25
-24
-38
-55
-68
-72
-77
-72
-82
-77
-64
-46
-39
-42
-36
-46
-62
-63
-66
-68
-55
-44
-34
-21
-5
9
13
13
22
28
40
58
74
74
77
81
86
76
44
23
14
9
21
47
52
53
53
49
20
-11
-10
-16
-21
-21
-11
4
-4
-5
3
2
-7
-5
-2
-10
-20
-21
-24
-33
-40
-51
-51
-44
-33
-23
-21
-17
-18
-23
-24
-30
-23
-13
-10
5
14
13
16
12
10
-9
-15
2
15
31
38
45
42
23
23
19
2
0
14
31
35
37
57
61
44
43
61
58
34
34
53
41
23
33
44
39
18
14
21
2
-19
-24
-27
-49
-66
-61
-57
-62
-55
-37
-32
-32
-20
-13
-25
-37
-43
-41
-27
-5
29
48
44
42
39
28
19
19
17
10
16
35
53
46
31
25
12
-3
-17
-26
-20
-23
-23
-14
-25
-34
-17
-20
-26
-21
-17
-18
-37
-43
-42
-47
-28
-6
9
1
-12
-10
-3
6
17
17
11
20
18
12
6
-4
-1
-7
-14
-22
-46
-69
-65
-44
-45
-52
-53
-62
-88
-95
-74
-72
-83
-76
-38
-30
-42
-35
-19
-11
-10
7
25
37
49
72
94
93
95
101
84
72
88
84
66
58
57
51
41
60
69
50
37
40
34
11
8
31
24
-10
-11
8
-8
-23
-1
11
4
-6
18
35
9
-10
2
0
-18
-13
-3
-17
-20
-8
-15
-35
-40
-21
-22
-25
-19
-10
-8
-5
15
24
37
44
36
18
6
12
10
5
9
11
2
2
19
24
10
-4
-8
-16
-20
-16
-2
5
-11
-13
-13
-17
-27
-30
-25
-23
-28
-20
-19
-27
-20
-8
2
-6
3
29
27
3
-8
-2
2
-5
-6
-3
-20
-35
-31
-13
-25
-45
-42
-45
-52
-61
-57
-43
-49
-44
-25
-28
-39
-31
-23
-32
-34
-15
13
14
12
29
33
11
1
30
38
14
28
60
54
37
48
69
55
39
47
38
5
-11
13
19
1
2
9
3
-7
-9
-11
-23
-29
-18
1
0
-8
-10
-10
-5
-2
4
2
5
-6
-27
-28
-18
-19
-13
17
22
8
18
38
16
-10
10
38
29
3
24
40
6
1
44
54
14
20
54
22
-32
-25
-4
-34
-56
-19
14
9
13
53
47
9
19
42
18
-16
6
28
5
-4
16
18
2
19
41
17
-9
-4
-8
-22
-19
1
6
-7
-16
-28
-43
-46
-39
-54
-70
-58
-50
-60
-48
-15
-14
-15
29
39
-1
-26
-4
8
-18
-8
28
20
-5
9
18
-20
-26
20
27
-7
8
39
10
-24
14
48
7
-5
46
41
-27
-19
37
8
-69
-44
15
-14
-33
13
28
-38
-41
39
31
-38
-24
29
-10
-49
7
33
-19
-26
29
12
-52
-36
10
-4
-29
0
16
-28
-30
-2
-31
-64
-43
-20
-32
-32
6
-7
-50
-21
3
-35
-53
-2
7
-37
-13
46
33
-10
33
74
12
-9
63
76
8
22
94
67
10
58
118
65
27
85
99
26
12
63
39
-22
8
65
45
2
40
60
1
-23
-5
-32
-70
-37
-9
-37
-45
-1
11
-25
-24
7
-18
-50
-18
-15
-60
-44
-2
-18
-61
-44
-9
-33
-42
8
13
-30
-15
30
7
-28
1
18
-42
-53
15
10
-42
-2
67
42
0
37
54
-7
-26
43
53
-24
-16
37
0
-59
-23
23
-20
-32
30
46
-11
-25
33
15
-57
-45
7
2
-18
24
50
2
-24
16
38
12
-2
30
28
-6
-27
-25
-31
-39
-26
-12
3
2
-8
-20
-22
-25
-37
-26
-11
-27
-58
-45
-20
-33
-39
0
32
31
22
52
56
14
13
36
22
-6
0
18
1
-20
-7
14
-3
-15
-3
-9
-26
-19
1
-10
-31
-26
-12
-22
-28
-4
15
7
-7
2
4
5
16
22
10
7
22
42
34
24
25
26
31
33
41
50
53
45
40
30
21
10
7
16
13
9
2
-17
-42
-48
-37
-40
-51
-40
-25
-31
-46
-40
-24
-18
-12
29
62
49
41
51
44
12
8
30
23
7
29
59
43
8
10
25
15
4
28
17
-38
-46
-16
-14
-17
3
12
-27
-50
-27
-14
-42
-48
-10
-1
-30
-33
-16
-33
-46
-15
25
0
-19
7
10
-18
-5
38
45
34
52
60
24
-7
0
9
-13
-14
14
4
-25
-23
-27
-52
-65
-53
-49
-68
-56
-26
-28
-43
-27
-6
-27
-37
-12
-15
-33
-23
0
-10
-31
-22
-10
-31
-44
-19
-15
-18
14
55
51
39
66
81
51
21
25
24
3
30
66
40
14
34
45
13
4
32
36
-2
-9
26
7
