0
0
0
1
0
0
0
0
0
1
0
-1
-1
0
0
0
0
0
0
0
-1
0
-1
0
1
0
0
0
0
1
0
0
0
0
0
-1
-1
0
0
0
0
-1
0
1
0
1
0
0
0
0
-1
0
0
0
-1
0
0
0
0
0
0
0
0
-1
0
0
0
1
0
1
0
-1
0
1
0
0
-1
0
0
0
0
0
0
1
0
1
0
0
0
0
0
1
0
1
0
0
0
1
0
0
0
0
0
-1
0
0
0
0
0
0
0
0
0
-1
0
0
0
0
0
0
0
0
0
0
1
0
1
0
0
1
0
0
1
0
0
1
0
0
1
0
0
0
0
0
0
0
0
0
0
0
1
0
0
-1
0
0
-1
0
-1
0
0
1
1
0
0
0
-1
0
0
0
0
0
0
1
0
0
-1
0
0
0
0
-1
0
1
0
0
0
0
0
-1
0
0
0
0
0
0
0
1
0
0
0
0
0
-1
0
0
0
0
0
1
0
0
0
0
0
0
0
1
0
-1
0
-1
1
0
0
0
0
-1
0
-1
0
0
0
0
-1
1
0
0
0
1
0
-1
0
1
1
0
-1
0
0
0
0
0
0
0
0
-1
0
0
0
0
1
-1
0
0
-1
0
0
0
0
0
1
1
0
0
0
-1
-1
0
0
0
1
0
0
0
0
0
0
1
0
0
-1
0
0
1
0
0
0
0
0
1
0
0
-1
0
0
0
0
0
0
0
0
1
0
0
0
0
0
0
0
0
1
0
0
0
0
0
0
-1
0
0
0
0
1
0
0
1
0
0
0
1
-1
0
-1
0
0
0
1
0
0
0
0
0
0
1
0
0
0
0
0
0
0
0
0
-1
0
0
0
1
0
0
0
1
0
0
0
0
0
0
0
0
0
0
1
0
1
0
-1
0
0
-1
0
0
0
-1
0
0
0
-1
0
-1
1
-1
1
0
0
0
0
0
1
0
1
0
0
0
0
0
0
0
0
0
0
0
1
0
0
-1
0
0
0
0
0
0
0
0
0
0
-1
0
0
1
0
0
-1
0
0
0
0
0
0
0
0
-1
0
1
0
0
0
0
1
0
0
0
0
0
-1
0
0
-1
0
0
0
0
0
0
0
0
0
0
0
1
1
1
1
0
0
-1
1
0
0
0
0
0
0
0
0
0
0
0
0
1
0
0
1
0
1
0
0
1
0
0
0
0
1
0
0
-1
0
0
1
1
0
0
-1
0
-1
-1
0
0
0
1
1
0
-1
0
1
0
0
0
0
1
0
1
-1
0
1
0
0
0
-1
0
0
0
1
0
-1
0
-1
-1
0
0
1
0
0
0
1
1
0
0
1
1
-1
0
-1
0
0
0
1
0
0
0
0
-1
0
0
-1
0
0
-1
-1
1
0
0
0
0
-1
0
1
0
0
0
-1
1
0
1
0
1
-1
0
0
0
-1
0
0
0
0
0
0
0
0
0
0
0
0
0
0
0
0
0
1
0
0
0
0
1
0
0
0
0
0
0
0
0
0
0
0
0
0
0
0
0
0
0
0
0
1
0
0
0
0
-1
0
0
1
0
0
0
0
0
-1
0
0
0
0
0
0
-1
0
0
-1
0
0
0
-1
0
0
0
0
-1
0
0
0
0
0
0
0
0
0
0
0
0
0
0
0
-1
0
0
0
-1
0
-1
0
-1
0
0
0
0
1
0
0
0
0
-1
1
0
0
0
0
0
1
0
0
0
0
0
0
1
0
0
0
0
-1
0
-1
0
0
0
0
0
0
0
0
0
0
0
0
0
0
0
0
0
1
0
1
1
0
1
0
0
0
0
0
1
0
1
0
0
0
1
0
0
-1
0
0
1
0
-1
0
0
0
0
-1
-1
1
0
0
1
0
0
1
0
0
0
-1
1
0
0
0
0
0
0
-1
0
0
0
0
0
0
0
0
0
0
0
0
0
0
0
0
0
0
0
0
-1
0
-1
0
-1
0
0
0
0
0
-1
0
-1
1
0
0
0
0
0
-1
0
-1
0
-1
0
0
0
0
-1
0
-1
0
1
0
0
0
0
0
0
1
0
0
0
0
0
0
-1
0
0
0
0
0
0
0
0
1
0
1
1
0
0
0
0
0
0
0
0
0
0
1
0
1
0
0
0
0
0
0
0
1
0
0
0
1
0
1
1
0
0
0
0
-1
0
0
1
0
0
0
0
0
0
0
0
0
0
0
0
0
-1
0
0
0
0
0
0
0
0
0
-1
0
1
0
0
0
0
0
0
0
-1
1
0
0
0
1
0
1
0
0
0
0
0
0
0
-1
0
1
0
0
0
1
0
0
0
0
-1
1
1
0
0
1
0
0
0
0
0
0
0
0
-1
0
0
0
0
1
0
0
0
0
0
0
-1
-1
1
0
0
1
0
0
-1
0
-1
1
0
1
0
0
0
0
1
-1
0
0
0
0
0
0
0
0
0
0
0
0
0
0
-1
0
0
0
0
1
0
0
0
0
0
0
0
0
-1
0
0
0
-1
0
0
1
0
-1
0
0
0
0
1
1
1
0
0
-1
0
0
-1
0
0
0
0
-1
0
0
0
0
0
0
1
0
0
0
0
0
1
0
0
0
0
0
0
0
-1
1
-1
0
-1
0
0
0
0
-1
0
0
0
0
0
0
0
0
0
1
0
0
0
0
0
0
0
0
0
0
0
0
0
0
-1
0
0
0
1
0
0
0
0
-1
0
-1
0
1
0
0
1
0
0
0
0
0
0
0
0
0
0
1
-1
0
-1
0
0
-1
0
0
0
0
-1
0
0
0
0
0
1
0
0
0
0
0
0
0
-1
0
0
0
0
0
0
-1
0
0
0
0
0
0
-1
0
-1
0
0
0
0
1
0
0
0
0
0
0
0
0
0
0
0
0
1
0
0
0
0
1
0
-1
0
1
0
0
0
0
0
0
0
-1
-1
0
0
0
1
0
-1
0
0
-1
0
0
0
-1
0
0
1
0
0
0
0
0
0
1
0
0
0
0
1
0
0
0
1
1
0
0
0
0
0
0
1
0
1
0
0
0
1
0
0
0
-1
1
1
0
-1
0
0
0
0
0
0
0
0
0
0
0
1
0
1
0
0
0
0
0
-1
0
1
0
-1
-5
-8
-12
-16
-17
-18
-15
-7
4
16
30
52
78
102
138
180
225
275
321
359
378
369
335
250
127
-14
-192
-377
-546
-699
-823
-902
-926
-898
-828
-707
-547
-378
-192
-22
106
226
331
409
483
561
632
671
693
725
732
652
482
230
-108
-519
-931
-1301
-1581
-1736
-1746
-1617
-1381
-1037
-639
-277
110
536
866
1191
1563
1914
2331
2704
3057
3453
3683
3782
3713
3372
2888
2192
1220
169
-973
-2167
-3251
-4186
-4855
-5156
-5213
-5045
-4599
-3917
-3050
-2183
-1359
-604
-4
508
954
1302
1584
1812
2011
2206
2307
2302
2161
1710
1033
273
-677
-1672
-2479
-3195
-3769
-4022
-3974
-3675
-3195
-2498
-1563
-628
355
1403
2157
2827
3650
4325
4960
5681
6254
6707
7119
7439
7384
6723
5912
4799
3045
1123
-897
-2954
-4789
-6280
-7321
-7952
-8015
-7399
-6624
-5698
-4390
-3107
-2023
-1039
-134
635
1176
1594
1886
2120
2472
2797
2947
2894
2616
2199
1631
817
-159
-1246
-2279
-3125
-3946
-4543
-4819
-4812
-4376
-3649
-2747
-1806
-757
565
1629
2355
3213
3961
4542
5184
5699
6081
6456
6711
6667
6244
5567
4745
3452
1707
-51
-1890
-3732
-5238
-6469
-7354
-7700
-7564
-6972
-6076
-4974
-3688
-2324
-1201
-348
374
937
1531
2007
2196
2357
2495
2573
2482
2171
1873
1459
885
179
-741
-1580
-2289
-3047
-3696
-4123
-4278
-4032
-3518
-2853
-2057
-1263
-153
1075
1899
2717
3656
4509
5308
5969
6485
6880
7185
7335
7044
6289
5406
4295
2707
909
-836
-2572
-4182
-5455
-6424
-6968
-7039
-6784
-6281
-5592
-4690
-3639
-2617
-1663
-852
-214
371
905
1218
1275
1283
1298
1276
1152
876
593
243
-196
-788
-1563
-2171
-2632
-3069
-3298
-3370
-3274
-2930
-2403
-1702
-957
-36
1135
2173
2979
3749
4525
5136
5694
6258
6646
6969
7273
7295
6886
6088
5140
3881
2208
524
-1187
-2948
-4451
-5666
-6602
-7048
-6960
-6446
-5660
-4738
-3666
-2560
-1585
-676
21
417
714
932
1007
1026
1012
1101
1248
1176
1024
792
389
-94
-809
-1575
-2175
-2769
-3288
-3627
-3725
-3455
-2984
-2313
-1479
-657
385
1471
2242
2880
3503
4059
4641
5185
5644
6111
6481
6628
6481
5910
5155
4309
3038
1476
-236
-2078
-3733
-5161
-6301
-7028
-7219
-6873
-6288
-5500
-4474
-3394
-2307
-1319
-593
-109
237
487
564
506
503
499
568
732
824
796
622
411
-57
-786
-1461
-2081
-2636
-3153
-3410
-3241
-2859
-2191
-1331
-498
418
1500
2415
2995
3385
3816
4293
4647
4966
5287
5723
6189
6496
6574
6233
5697
4901
3547
1788
-178
-2084
-3866
-5417
-6552
-7276
-7336
-6794
-6052
-5184
-4172
-3010
-1909
-1155
-686
-363
-98
156
272
304
408
673
1053
1267
1358
1451
1413
1163
570
-238
-1035
-1762
-2348
-2743
-2972
-2894
-2463
-1832
-1078
-326
557
1542
2280
2748
3093
3578
4154
4569
4957
5410
5832
6179
6355
6261
5718
4790
3741
2301
327
-1717
-3595
-5301
-6737
-7793
-8316
-8250
-7721
-6769
-5604
-4405
-3049
-1831
-969
-284
184
416
560
641
726
862
1172
1665
2001
2083
2020
1797
1344
496
-553
-1525
-2353
-3060
-3592
-3653
-3293
-2724
-1848
-821
83
1082
2138
2938
3349
3635
4134
4474
4726
5173
5530
5876
6218
6382
6171
5532
4712
3531
1776
-226
-2136
-3946
-5572
-6751
-7490
-7706
-7302
-6541
-5523
-4290
-2886
-1551
-681
-158
220
337
395
456
429
479
660
1015
1403
1576
1693
1809
1567
957
148
-849
-1768
-2568
-3286
-3737
-3872
-3529
-2882
-2086
-1113
-210
764
1823
2496
2852
3337
3829
4175
4593
5007
5425
5974
6313
6464
6324
5655
4899
3641
1738
-194
-2319
-4275
-5920
-7432
-8213
-8422
-8173
-7240
-6210
-5053
-3602
-2223
-1191
-511
-60
276
532
678
770
895
1175
1662
2114
2318
2379
2282
1988
1398
473
-517
-1455
-2221
-2754
-3115
-3147
-2835
-2255
-1357
-362
568
1533
2449
3075
3370
3703
4071
4294
4541
4875
5305
5791
6215
6296
5914
5224
4144
2603
685
-1434
-3519
-5359
-6805
-7795
-8344
-8237
-7528
-6506
-5335
-4084
-2830
-1669
-779
-243
153
380
499
747
985
1241
1644
2028
2354
2450
2389
2217
1763
1014
-42
-1150
-2171
-3079
-3638
-3952
-3896
-3417
-2762
-1775
-593
454
1410
2319
2941
3220
3451
3723
4025
4424
4929
5504
5986
6326
6481
6226
5478
4309
2666
668
-1480
-3672
-5572
-7018
-7981
-8330
-8124
-7461
-6329
-5025
-3783
-2625
-1655
-962
-415
91
436
744
1024
1221
1534
1921
2297
2609
2712
2657
2345
1641
728
-365
-1473
-2340
-3147
-3785
-4027
-3923
-3392
-2623
-1788
-810
108
1056
1992
2619
3104
3631
4223
4742
5192
5802
6383
6809
7167
7096
6478
5537
4280
2581
552
-1513
-3505
-5294
-6663
-7476
-7821
-7605
-6859
-5944
-4920
-3776
-2671
-1672
-875
-254
264
509
644
857
995
1159
1409
1630
1829
1960
1903
1626
1097
284
-667
-1673
-2577
-3311
-3972
-4334
-4277
-3945
-3269
-2379
-1348
-298
510
1369
2202
2700
3232
3950
4549
5076
5717
6355
6777
6964
6968
6574
5643
4402
2811
842
-1218
-3223
-5057
-6541
-7493
-7872
-7808
-7203
-6164
-5003
-3755
-2518
-1356
-418
230
790
1181
1375
1527
1670
1864
2172
2488
2642
2574
2277
1825
1342
703
-101
-1035
-2051
-2903
-3490
-3751
-3607
-3222
-2636
-1873
-1027
-100
776
1594
2330
2801
3190
3754
4253
4695
5197
5629
6019
6276
6276
5870
4978
3808
2289
282
-1842
-3955
-5889
-7269
-8136
-8485
-8258
-7491
-6348
-5114
-3788
-2443
-1300
-371
290
682
881
977
1169
1377
1452
1541
1772
1896
1854
1699
1335
808
27
-925
-1853
-2663
-3178
-3566
-3749
-3428
-2875
-2079
-1079
-8
1121
2027
2867
3701
4149
4320
4546
4790
4912
5118
5420
5556
5516
5443
5326
4642
3534
2356
640
-1296
-3099
-4881
-6298
-7265
-7663
-7560
-7183
-6204
-4830
-3429
-2040
-876
43
689
1001
1106
1096
999
1048
1103
1003
1027
1104
1140
1129
930
627
154
-542
-1137
-1774
-2374
-2664
-2903
-2924
-2686
-2362
-1709
-930
-187
688
1585
2488
3343
3764
3937
4251
4339
4377
4580
4652
4791
4833
4640
4415
3632
2576
1541
-23
-1714
-3348
-4892
-5928
-6589
-6838
-6563
-5855
-4898
-3794
-2640
-1482
-370
395
825
996
867
817
845
781
867
902
997
1180
1202
1189
1023
696
246
-437
-1231
-2087
-2787
-3210
-3453
-3358
-2951
-2275
-1285
-219
719
1664
2435
2969
3409
3478
3590
3929
4006
4148
4412
4401
4392
4455
4393
3931
2976
1961
637
-1136
-2835
-4330
-5657
-6487
-6759
-6762
-6298
-5244
-4073
-2945
-1807
-798
51
699
1013
974
840
720
559
386
185
38
117
358
626
858
1013
1025
774
276
-286
-901
-1397
-1737
-2053
-2029
-1634
-989
-98
891
1798
2478
2942
3313
3455
3293
3299
3330
3131
3100
3168
3288
3405
3517
3595
3172
2486
1641
329
-1122
-2525
-3918
-5061
-5944
-6321
-6189
-5655
-4693
-3618
-2486
-1429
-629
7
372
397
288
73
-168
-289
-398
-452
-247
48
276
544
806
941
871
600
235
-251
-872
-1259
-1432
-1581
-1430
-1006
-489
162
790
1465
2175
2516
2651
2636
2291
2084
2113
2056
2201
2488
2772
3103
3252
3128
2758
2133
1329
264
-965
-1988
-3011
-3931
-4461
-4691
-4627
-4197
-3508
-2763
-1939
-1125
-514
-45
235
226
156
59
-193
-466
-639
-656
-503
-247
65
436
824
1077
1131
987
692
254
-312
-705
-950
-1213
-1218
-958
-584
-25
668
1381
1967
2295
2473
2496
2272
2058
1923
1709
1681
1832
1999
2208
2432
2483
2239
1839
1339
506
-576
-1582
-2559
-3459
-4096
-4449
-4443
-4070
-3468
-2737
-2025
-1338
-690
-193
132
200
102
-13
-281
-531
-577
-575
-456
-131
283
695
1037
1316
1427
1318
1073
746
281
-191
-498
-837
-974
-733
-441
-84
302
692
1196
1563
1758
1852
1710
1513
1442
1354
1390
1479
1506
1790
2055
2185
2338
2207
1808
1184
199
-841
-1896
-2889
-3585
-4160
-4420
-4294
-3944
-3359
-2542
-1757
-1108
-541
-244
-157
-174
-313
-490
-634
-760
-679
-427
-26
531
1064
1574
2055
2355
2383
2203
1745
1049
318
-373
-990
-1423
-1575
-1498
-1175
-690
-150
495
1019
1322
1572
1490
1194
1112
975
866
994
1288
1755
2225
2721
3109
3129
2954
2525
1658
572
-600
-1851
-2996
-3873
-4420
-4639
-4427
-3905
-3176
-2270
-1412
-700
-181
54
24
-92
-314
-662
-863
-863
-727
-293
391
1222
2038
2678
3059
3103
2901
2401
1572
583
-354
-1238
-2048
-2432
-2423
-2147
-1499
-774
-143
421
654
747
704
305
-1
-136
-336
-156
379
996
1831
2590
3201
3680
3677
3387
2736
1470
211
-1154
-2555
-3446
-4125
-4403
-4118
-3612
-2850
-1950
-1133
-437
30
252
261
39
-342
-735
-974
-903
-514
133
961
1834
2594
3183
3586
3625
3272
2600
1720
609
-553
-1455
-2231
-2708
-2667
-2449
-2000
-1353
-824
-321
65
199
264
60
-390
-520
-565
-541
-14
760
1718
2785
3701
4557
4899
4593
4006
2728
1104
-328
-1933
-3341
-4301
-4921
-4936
-4494
-3690
-2721
-1900
-1207
-744
-595
-648
-828
-1088
-1269
-1258
-1064
-608
94
1020
2042
2938
3728
4129
3987
3535
2731
1669
569
-517
-1387
-2079
-2555
-2586
-2416
-2041
-1383
-736
-190
221
329
207
47
-255
-472
-308
-108
306
1127
1978
2912
3883
4657
4985
4758
4246
3216
1625
54
-1561
-3123
-4193
-4854
-5151
-5047
-4531
-3711
-2851
-1969
-1195
-755
-502
-400
-521
-642
-649
-467
-10
566
1271
2160
2973
3668
4110
4150
3895
3249
2347
1353
178
-1001
-1851
-2342
-2558
-2503
-2301
-1969
-1485
-1093
-743
-380
-275
-276
-285
-491
-605
-435
-201
276
1124
2058
3061
3976
4573
4839
4634
3995
2915
1382
-252
-1904
-3375
-4411
-5141
-5444
-5170
-4470
-3656
-2809
-1924
-1357
-1040
-765
-714
-811
-737
-569
-330
125
690
1357
2162
2871
3349
3632
3639
3297
2595
1698
660
-457
-1428
-2233
-2833
-3134
-3124
-2854
-2421
-1812
-1158
-647
-213
25
67
138
105
216
749
1197
1785
2768
3699
4606
5464
5923
5914
5510
4689
3375
1608
-227
-1945
-3553
-4747
-5375
-5653
-5450
-4679
-3793
-2857
-1820
-976
-407
12
249
228
207
248
282
508
950
1516
2120
2783
3250
3372
3325
2852
2045
1187
70
-1065
-2011
-2894
-3565
-3912
-3838
-3496
-3026
-2284
-1560
-995
-391
-155
-247
-194
-376
-564
-180
239
693
1575
2488
3389
4327
4920
5045
4674
3872
2696
1045
-711
-2292
-3764
-4883
-5455
-5705
-5505
-4602
-3488
-2377
-1147
-63
618
1041
1212
1032
889
873
844
1004
1369
1873
2482
3132
3660
3929
3983
3709
3034
2064
979
-223
-1518
-2517
-3194
-3682
-3711
-3373
-2953
-2342
-1589
-975
-508
-287
-322
-339
-507
-715
-492
-78
417
1240
2210
3139
3981
4599
4922
4764
4055
2937
1404
-329
-1870
-3299
-4481
-5166
-5416
-5140
-4332
-3262
-2084
-786
318
1029
1524
1718
1520
1252
952
667
588
674
937
1442
2098
2705
3158
3323
3209
2709
1785
746
-429
-1743
-2837
-3668
-4185
-4272
-4088
-3695
-3018
-2139
-1418
-828
-316
-114
-79
-210
-507
-511
-192
201
905
1892
2798
3706
4437
4857
4938
4331
3410
2192
415
-1269
-2791
-4169
-5027
-5442
-5279
-4519
-3381
-2019
-765
328
1149
1568
1696
1549
1159
687
284
52
55
335
852
1572
2342
2997
3414
3502
3269
2548
1460
263
-1049
-2211
-2994
-3499
-3686
-3476
-2968
-2280
-1472
-721
-157
255
327
163
126
-64
-324
-181
123
593
1342
2136
3003
3880
4666
5132
4971
4385
3427
1840
11
-1618
-3207
-4479
-5192
-5377
-4985
-4178
-3099
-1851
-682
296
976
1288
1330
1001
462
-12
-485
-728
-608
-197
521
1327
2103
2711
2939
2860
2366
1503
474
-798
-2136
-3181
-3862
-4208
-4153
-3684
-2913
-2044
-1199
-493
75
442
498
413
298
115
-53
122
550
1111
1936
2973
4044
4880
5418
5551
5036
4136
2836
1069
-669
-2328
-3794
-4827
-5409
-5414
-4964
-4070
-2835
-1668
-544
398
916
1187
1168
861
534
200
-87
-110
59
437
1092
1722
2322
2792
2891
2754
2288
1477
555
-577
-1655
-2481
-3145
-3553
-3640
-3334
-2738
-1992
-1168
-331
377
812
946
841
641
313
9
177
495
841
1640
2629
3586
4405
5007
5194
4796
4068
2913
1118
-788
-2510
-4021
-5065
-5565
-5539
-5071
-4057
-2750
-1566
-533
348
966
1183
1117
875
440
29
-332
-528
-404
-48
519
1254
1999
2505
2742
2753
2361
1709
926
-145
-1268
-2285
-3132
-3764
-4096
-3896
-3323
-2495
-1485
-586
187
637
710
654
464
174
-103
-111
6
273
974
1966
3078
4082
4861
5368
5258
4670
3602
1893
10
-1731
-3203
-4262
-4855
-4951
-4519
-3666
-2497
-1292
-216
804
1538
1846
1723
1280
668
84
-429
-812
-814
-489
120
947
1834
2654
3193
3443
3274
2616
1618
329
-1083
-2432
-3499
-4212
-4549
-4423
-3767
-2865
-1878
-845
-25
524
668
492
151
-381
-929
-1059
-956
-604
344
1472
2696
4023
5015
5663
5721
5180
4296
2669
650
-1228
-3096
-4565
-5459
-5771
-5273
-4258
-2921
-1496
-279
722
1271
1338
991
297
-387
-978
-1452
-1606
-1425
-871
74
1140
2204
3234
3835
4010
3809
2952
1845
552
-1028
-2376
-3474
-4204
-4323
-4007
-3277
-2297
-1210
-132
790
1388
1551
1337
804
247
-308
-613
-272
314
1166
2503
3868
5194
6355
6956
6969
6252
4994
3218
909
-1346
-3318
-4884
-5810
-6131
-5850
-4975
-3665
-2302
-1122
-108
483
630
392
-299
-1100
-1748
-2177
-2380
-2112
-1249
-214
927
2111
3041
3607
3817
3628
2851
1601
224
-1341
-2861
-4040
-4825
-5032
-4645
-3879
-2820
-1531
-282
666
1273
1515
1347
838
263
-231
-681
-498
235
1031
2251
3671
5004
6256
7068
7200
6519
5334
3748
1521
-769
-2673
-4281
-5326
-5745
-5637
-5000
-3922
-2649
-1612
-713
-35
144
39
-376
-1023
-1539
-1722
-1719
-1496
-730
285
1403
2661
3651
4298
4502
4199
3392
2036
486
-1074
-2660
-3927
-4722
-5177
-5081
-4512
-3711
-2584
-1302
-241
642
1221
1319
1208
966
735
462
338
807
1440
2173
3221
4308
5327
6182
6477
6144
5229
3900
2252
230
-1778
-3476
-4870
-5693
-5897
-5696
-4911
-3739
-2552
-1437
-514
152
492
456
135
-353
-721
-870
-883
-611
14
800
1741
2760
3482
3860
3880
3508
2673
1387
-55
-1581
-3054
-4216
-4984
-5249
-4855
-4071
-3068
-1796
-712
196
931
1365
1501
1268
992
715
262
-3
440
1187
2017
3216
4388
5261
5863
6065
5745
4820
3497
1799
-296
-2314
-3852
-5008
-5707
-5742
-5335
-4577
-3386
-2123
-1124
-274
360
637
587
291
-73
-414
-566
-504
-246
323
1127
2023
2767
3230
3409
3242
2643
1707
420
-1020
-2372
-3626
-4483
-4883
-4837
-4196
-3251
-2238
-1134
-189
499
1031
1242
1130
883
580
359
137
2
486
1199
1754
2631
3521
4207
4837
4965
4603
3887
2738
1357
-330
-2035
-3310
-4318
-4835
-4817
-4468
-3684
-2676
-1694
-852
-139
404
626
629
464
182
-67
-174
-163
31
562
1224
1958
2610
2954
3078
2895
2416
1621
483
-601
-1529
-2441
-3126
-3455
-3483
-3166
-2528
-1821
-1090
-397
93
498
704
686
662
500
328
208
11
166
793
1352
2000
2875
3527
4006
4309
4231
3844
3153
2159
954
-552
-1943
-2944
-3760
-4213
-4374
-4191
-3542
-2701
-1896
-1113
-373
149
381
377
140
-203
-416
-550
-555
-352
20
573
1242
1793
2093
2258
2240
1855
1164
319
-522
-1423
-2282
-2906
-3296
-3325
-3044
-2542
-1884
-1097
-305
300
746
954
968
877
751
645
520
520
896
1410
1870
2595
3375
3890
4384
4722
4508
3841
2838
1637
178
-1497
-2887
-3937
-4643
-4808
-4596
-4101
-3200
-2133
-1236
-392
325
708
902
940
670
311
132
38
73
298
720
1290
1806
2111
2092
1938
1636
1013
126
-832
-1644
-2345
-2946
-3303
-3368
-3183
-2724
-2135
-1551
-916
-351
33
346
480
497
489
424
433
524
670
1097
1742
2267
2772
3312
3683
3851
3765
3362
2606
1612
652
-588
-1955
-2809
-3474
-3956
-4039
-3855
-3339
-2599
-1735
-962
-393
170
608
781
864
817
708
755
903
930
982
1247
1516
1705
1799
1772
1624
1332
749
-51
-728
-1250
-1806
-2222
-2402
-2415
-2304
-2055
-1653
-1285
-832
-177
262
511
836
1165
1442
1539
1547
1598
1543
1465
1532
1555
1591
1802
1936
1954
1940
1816
1531
996
439
-125
-1018
-1857
-2466
-3021
-3281
-3280
-3007
-2432
-1781
-1038
-420
15
458
659
669
647
403
100
-182
-577
-754
-748
-739
-582
-340
-25
375
613
719
671
362
42
-363
-910
-1271
-1551
-1760
-1713
-1625
-1367
-901
-343
325
842
1285
1793
2021
1980
1810
1564
1339
862
402
369
337
379
799
1246
1749
2221
2389
2419
2111
1523
824
-201
-1088
-1733
-2436
-2733
-2628
-2352
-1690
-862
-85
651
1130
1266
1186
856
379
-139
-672
-1089
-1422
-1580
-1425
-1116
-725
-206
308
700
907
910
718
364
-46
-612
-1270
-1757
-2047
-2176
-2079
-1779
-1375
-769
-98
548
1228
1686
1841
1779
1487
997
457
-42
-599
-939
-767
-485
-113
599
1418
2176
2802
3207
3270
2953
2477
1763
687
-407
-1251
-1843
-2203
-2210
-1833
-1292
-597
101
653
1050
1082
737
256
-313
-975
-1559
-1965
-2206
-2211
-1814
-1141
-377
420
1086
1526
1746
1676
1260
574
-143
-900
-1679
-2263
-2588
-2608
-2333
-1874
-1270
-503
262
895
1339
1475
1422
1243
812
245
-313
-743
-1011
-1210
-1039
-499
69
836
1731
2490
3115
3509
3691
3545
3022
2400
1513
468
-332
-1017
-1481
-1566
-1481
-1164
-660
-251
74
210
98
-141
-588
-1126
-1638
-2056
-2207
-2259
-2090
-1495
-812
-163
580
1272
1788
2039
1925
1565
972
245
-443
-1230
-1892
-2278
-2579
-2522
-2148
-1785
-1297
-685
-127
273
384
382
340
57
-314
-639
-907
-938
-849
-605
81
749
1327
2172
2887
3404
3860
3960
3730
3251
2625
1833
743
-157
-776
-1361
-1567
-1453
-1288
-961
-617
-339
-162
-163
-205
-461
-823
-1072
-1370
-1518
-1446
-1380
-1084
-580
-125
458
984
1355
1637
1632
1403
896
223
-258
-737
-1216
-1412
-1529
-1520
-1279
-1063
-792
-428
-139
71
171
211
125
-102
-232
-373
-572
-625
-495
-308
-11
598
1245
1630
2118
2606
2815
2995
2943
2534
2063
1513
839
7
-834
-1372
-1790
-2121
-2184
-2218
-2097
-1726
-1500
-1388
-1205
-1095
-1083
-1094
-1144
-1198
-1121
-888
-684
-443
-25
470
957
1337
1564
1721
1764
1586
1084
440
11
-442
-1009
-1348
-1547
-1598
-1378
-1138
-910
-599
-255
60
231
348
476
564
713
775
680
714
873
958
968
1182
1618
1835
1966
2221
2314
2304
2231
1927
1517
1091
657
135
-532
-1046
-1426
-1809
-1975
-2029
-2035
-1755
-1362
-1121
-993
-865
-784
-818
-891
-971
-1046
-983
-836
-673
-422
-45
385
703
952
1156
1192
1109
892
437
-50
-460
-903
-1309
-1618
-1737
-1632
-1468
-1232
-890
-502
-36
366
642
884
1018
1090
1161
1066
901
778
672
571
444
632
936
893
1019
1318
1458
1692
1733
1531
1351
1108
833
253
-461
-826
-1211
-1584
-1709
-1847
-1777
-1427
-1157
-972
-789
-613
-512
-601
-786
-966
-1131
-1159
-1105
-1067
-831
-404
40
485
843
1120
1319
1332
1140
748
307
-107
-615
-1049
-1244
-1267
-1091
-861
-592
-110
424
880
1244
1442
1525
1513
1414
1249
963
660
452
266
68
-45
156
495
768
1191
1645
1976
2288
2361
2182
1962
1540
888
66
-704
-1174
-1645
-2071
-2219
-2235
-2102
-1776
-1471
-1314
-1194
-1065
-1054
-1214
-1407
-1556
-1607
-1609
-1612
-1402
-916
-389
145
706
1138
1423
1581
1489
1101
580
89
-417
-940
-1299
-1466
-1442
-1216
-854
-418
103
623
961
1106
1127
1081
896
601
270
-57
-278
-379
-431
-409
-300
50
632
955
1229
1732
2188
2554
2692
2571
2307
1875
1388
713
-149
-732
-1152
-1549
-1760
-1861
-1763
-1463
-1225
-1075
-976
-865
-785
-900
-1056
-1158
-1221
-1099
-890
-630
-161
391
916
1353
1586
1800
1925
1791
1466
889
310
-21
-418
-840
-1030
-1076
-924
-659
-474
-261
-42
149
331
239
2
-139
-298
-439
-533
-613
-499
-318
-145
42
153
513
871
900
1115
1413
1579
1822
1883
1765
1568
1288
1020
438
-294
-739
-1193
-1619
-1849
-1966
-1823
-1554
-1317
-1078
-845
-567
-352
-283
-292
-365
-387
-308
-318
-390
-306
-59
251
575
793
936
1053
1034
763
295
-130
-527
-1061
-1460
-1587
-1579
-1382
-1093
-853
-556
-240
49
294
346
359
404
382
381
350
356
486
476
370
319
332
591
811
909
1289
1725
2091
2413
2389
2190
1937
1503
956
115
-780
-1327
-1786
-2121
-2088
-1884
-1563
-1090
-699
-385
-84
96
174
47
-220
-390
-517
-624
-666
-638
-452
-87
314
661
955
1206
1355
1200
807
316
-143
-528
-994
-1348
-1487
-1551
-1400
-1118
-819
-387
-4
317
519
462
459
451
297
144
8
-68
-14
39
79
189
301
604
965
1095
1274
1518
1617
1646
1512
1204
867
525
201
-287
-853
-1125
-1272
-1407
-1372
-1194
-897
-545
-270
-121
-52
-11
-76
-271
-555
-892
-1098
-1123
-1181
-1170
-888
-469
22
492
778
961
1088
1032
741
312
-65
-367
-731
-923
-872
-771
-493
-142
-22
136
455
656
745
624
444
417
339
267
252
260
438
567
557
655
671
670
913
886
716
834
889
893
929
807
682
509
289
30
-439
-766
-904
-1149
-1285
-1262
-1201
-1030
-859
-774
-782
-816
-819
-959
-1176
-1280
-1342
-1287
-1153
-1115
-907
-480
-102
265
587
862
1051
1105
1110
907
622
532
403
182
94
40
10
168
291
375
494
554
598
554
458
480
535
504
482
434
368
361
279
119
3
-163
-188
12
74
137
446
693
958
1274
1354
1349
1298
1132
783
132
-418
-810
-1279
-1636
-1870
-2008
-1913
-1689
-1553
-1397
-1128
-957
-880
-879
-1008
-1079
-977
-894
-826
-602
-240
194
592
847
977
1041
1117
1104
845
655
617
448
292
215
104
80
118
18
-151
-190
-146
-142
-153
-167
-88
118
316
420
451
485
561
501
357
238
24
54
369
421
491
894
1224
1563
1873
1882
1822
1627
1294
801
7
-572
-952
-1509
-1846
-1893
-1824
-1575
-1257
-991
-728
-458
-251
-262
-485
-851
-1176
-1321
-1477
-1562
-1420
-1097
-648
-163
293
765
1129
1361
1366
1069
816
584
161
-214
-480
-694
-726
-739
-778
-767
-744
-607
-472
-454
-315
-71
186
440
581
702
834
856
786
754
709
614
642
834
889
971
1376
1662
1808
2017
2004
1885
1699
1338
863
173
-463
-923
-1440
-1826
-1894
-1872
-1657
-1299
-1094
-867
-589
-457
-493
-698
-983
-1185
-1316
-1335
-1218
-1007
-622
-186
226
703
1152
1448
1591
1521
1215
889
593
142
-311
-629
-868
-1011
-1058
-1026
-904
-726
-499
-246
-114
10
161
221
287
338
331
351
395
347
275
271
242
210
376
553
593
797
1064
1217
1442
1539
1493
1412
1158
837
383
-165
-548
-853
-1159
-1272
-1288
-1234
-982
-787
-668
-516
-434
-419
-508
-691
-868
-954
-923
-852
-705
-449
-155
152
488
728
839
867
799
665
429
195
-16
-233
-379
-474
-587
-694
-705
-670
-617
-536
-418
-243
-15
207
339
470
662
838
958
1001
998
957
845
698
465
140
80
111
-19
138
350
472
818
1019
1065
1110
968
783
341
-293
-619
-955
-1236
-1289
-1419
-1342
-1048
-832
-619
-406
-223
-146
-202
-261
-365
-493
-496
-542
-573
-397
-162
109
379
505
631
807
870
855
684
478
313
-71
-433
-664
-957
-1090
-1092
-1087
-921
-661
-355
-17
277
576
792
908
1041
996
800
646
401
102
-128
-357
-551
-674
-645
-430
-245
23
441
734
1042
1259
1186
1096
917
617
275
-254
-643
-841
-1099
-1160
-1095
-960
-664
-475
-347
-170
-43
30
-1
-135
-282
-362
-336
-281
-162
58
327
656
950
1136
1331
1477
1443
1260
927
562
252
-151
-497
-660
-790
-810
-727
-647
-468
-290
-180
25
127
120
164
113
92
102
85
190
198
117
166
146
65
11
-114
-78
-32
-135
-98
-69
-45
60
-2
-25
0
-100
-172
-408
-712
-792
-885
-930
-827
-794
-629
-350
-162
-1
70
131
243
115
-115
-199
-275
-325
-352
-306
-131
31
225
428
538
629
684
661
565
337
122
-1
-165
-258
-265
-271
-208
-140
-60
85
209
340
440
473
590
671
697
841
931
925
898
755
584
346
52
-146
-433
-662
-666
-720
-665
-476
-355
-74
210
371
481
365
241
111
-250
-456
-591
-832
-879
-823
-740
-567
-420
-234
-10
68
109
126
61
14
-26
-106
-141
-126
-66
48
162
250
352
419
409
353
259
110
-18
-95
-218
-294
-292
-317
-283
-181
-114
0
110
175
298
370
363
395
436
490
562
566
530
456
293
111
-67
-253
-416
-471
-393
-375
-318
-92
132
380
614
724
791
745
615
433
70
-218
-400
-642
-800
-889
-957
-893
-809
-727
-566
-415
-311
-258
-293
-365
-361
-349
-357
-355
-317
-209
-147
-78
29
147
244
265
252
218
203
223
208
147
128
131
141
161
96
68
101
98
138
197
238
329
405
447
505
525
573
596
476
359
221
27
-121
-260
-283
-205
-180
-60
143
296
514
650
665
711
644
490
271
-102
-362
-498
-667
-723
-710
-661
-475
-317
-209
-30
73
131
150
28
-95
-184
-291
-367
-455
-556
-546
-500
-456
-371
-266
-136
-39
1
-8
-30
-48
-116
-222
-315
-370
-407
-438
-401
-296
-174
-40
119
255
432
629
730
798
813
781
762
684
551
413
257
137
20
-121
-130
-20
40
113
216
274
364
419
378
303
162
-3
-160
-429
-604
-616
-597
-497
-409
-349
-198
-44
56
136
155
130
101
-9
-124
-178
-236
-249
-223
-215
-176
-87
0
120
220
236
264
260
177
113
52
-39
-150
-238
-260
-255
-262
-232
-181
-144
-77
5
59
133
227
282
324
311
272
244
179
82
-42
-151
-213
-240
-297
-286
-160
-58
78
230
328
452
551
575
542
478
415
325
176
20
-55
-112
-176
-208
-258
-287
-243
-232
-276
-307
-372
-445
-563
-711
-764
-796
-798
-718
-649
-563
-399
-225
-64
87
187
301
389
390
365
326
298
278
241
178
108
42
8
25
69
119
193
284
382
473
527
574
601
594
565
466
385
294
198
121
13
-60
-94
-78
4
58
69
102
130
152
141
47
-37
-100
-188
-266
-339
-378
-382
-383
-350
-306
-276
-205
-121
-72
-19
42
72
61
28
8
-18
-52
-90
-132
-163
-170
-175
-217
-216
-177
-158
-128
-83
-70
-60
-39
-49
-90
-136
-144
-150
-164
-129
-85
-56
-10
55
125
211
303
355
368
354
309
225
138
59
-17
-96
-162
-220
-282
-284
-186
-83
-21
36
89
158
217
220
198
173
168
154
100
49
15
-4
-5
-11
-53
-71
-54
-61
-77
-55
-48
-68
-44
-16
0
27
34
18
9
22
64
97
109
154
203
213
193
151
94
63
19
-42
-84
-124
-190
-236
-235
-210
-167
-121
-63
6
71
120
142
137
111
77
42
-11
-87
-134
-154
-162
-146
-121
-71
-9
47
108
146
175
206
218
225
217
187
155
119
75
57
39
30
25
3
-10
-20
-42
-76
-115
-169
-227
-299
-392
-461
-518
-527
-512
-478
-406
-317
-189
-66
19
111
198
238
241
235
239
217
169
152
123
91
82
60
39
48
102
141
177
202
190
204
217
172
77
-13
-62
-108
-192
-265
-298
-312
-301
-302
-325
-303
-242
-166
-77
-4
61
148
218
258
276
279
306
310
278
218
174
141
108
106
88
81
91
94
104
129
145
163
197
222
251
275
267
242
217
191
153
114
79
92
128
133
128
108
62
-21
-116
-200
-264
-305
-377
-476
-542
-562
-557
-521
-486
-467
-409
-348
-306
-246
-184
-118
-80
-120
-159
-174
-207
-225
-207
-171
-79
34
140
257
343
394
436
445
407
338
218
101
-7
-124
-192
-227
-244
-223
-167
-74
26
114
177
199
203
205
187
143
94
48
16
-1
-3
53
126
182
228
226
202
163
103
37
-40
-122
-187
-262
-376
-446
-490
-490
-419
-336
-221
-49
120
239
335
382
407
418
376
325
276
244
236
206
156
148
177
212
238
226
198
184
164
110
48
-11
-53
-86
-135
-187
-232
-225
-165
-105
-59
-9
19
12
-8
-31
-47
-55
-81
-93
-73
-51
-42
-57
-82
-61
-19
3
49
96
127
132
76
-10
-89
-151
-208
-274
-355
-425
-439
-450
-444
-434
-416
-346
-269
-205
-143
-93
-51
-10
2
5
7
-32
-74
-126
-204
-243
-254
-230
-168
-94
-35
12
23
48
91
136
208
280
337
399
490
540
565
618
642
665
672
646
647
620
574
513
436
391
345
277
204
148
87
45
16
-23
-55
-91
-129
-169
-230
-264
-276
-303
-336
-364
-390
-412
-444
-500
-538
-551
-566
-565
-542
-492
-412
-325
-228
-126
-53
-8
-2
-37
-78
-111
-135
-143
-164
-169
-142
-98
-34
30
90
168
250
296
312
308
306
296
266
236
216
216
220
217
205
187
199
206
201
183
135
99
59
1
-33
-68
-92
-88
-97
-62
-10
9
26
28
13
-12
-55
-88
-110
-127
-134
-134
-123
-117
-96
-83
-72
-41
-17
14
38
35
13
-6
-11
-5
1
2
33
69
98
141
146
138
137
110
77
33
7
17
18
13
13
13
2
-26
-63
-108
-143
-156
-150
-119
-101
-80
-37
-10
-6
3
9
15
12
-11
-27
-11
-5
-4
-14
-18
3
16
40
56
44
14
-31
-82
-138
-184
-224
-259
-265
-248
-208
-144
-77
-4
56
91
111
113
101
90
74
82
110
130
162
204
248
270
268
253
242
237
222
198
163
130
94
41
13
3
-11
-32
-64
-95
-111
-103
-92
-84
-87
-95
-113
-137
-152
-146
-135
-126
-122
-121
-99
-80
-69
-42
-33
-18
-3
7
25
14
-7
-26
-35
-44
-67
-91
-131
-154
-165
-158
-136
-108
-80
-48
-1
49
115
159
175
189
202
202
189
172
153
139
135
142
141
117
102
107
130
161
165
152
137
123
104
70
27
-31
-84
-123
-168
-197
-217
-224
-229
-231
-223
-217
-196
-184
-188
-175
-160
-157
-155
-164
-179
-202
-223
-215
-198
-194
-182
-162
-137
-85
-28
12
46
56
54
62
67
72
77
80
79
83
114
152
178
198
234
301
357
383
396
399
391
379
357
346
328
292
267
253
270
287
273
253
230
211
178
131
67
11
-40
-110
-161
-215
-255
-271
-279
-281
-287
-290
-301
-335
-365
-387
-419
-437
-438
-426
-413
-398
-381
-341
-268
-193
-126
-82
-59
-47
-46
-45
-47
-53
-45
-47
-53
-53
-37
-21
-25
-15
1
10
29
65
113
169
220
246
260
294
319
331
334
315
310
309
307
292
264
241
230
218
187
148
115
65
20
-15
-46
-67
-88
-112
-145
-164
-180
-184
-173
-132
-81
-44
-24
-21
-4
27
57
80
100
99
92
106
108
95
69
23
-12
-43
-82
-121
-147
-164
-183
-189
-201
-207
-220
-257
-276
-287
-306
-326
-350
-374
-386
-374
-322
-255
-185
-120
-59
13
85
168
247
292
330
354
378
403
428
446
450
442
426
400
351
291
251
223
198
162
119
91
69
42
7
-26
-52
-75
-100
-116
-125
-154
-170
-184
-206
-224
-227
-219
-207
-184
-161
-147
-143
-135
-117
-94
-80
-73
-59
-38
-27
-9
-8
-15
-23
-11
14
15
12
18
33
32
25
28
32
37
56
67
72
68
57
67
88
92
90
108
119
122
103
77
68
61
49
23
-15
-57
-95
-119
-127
-140
-160
-179
-201
-223
-221
-207
-194
-178
-155
-101
-47
10
53
75
113
132
153
186
205
231
258
258
245
225
202
161
95
35
-19
-66
-75
-82
-92
-83
-79
-74
-85
-101
-115
-120
-120
-113
-106
-111
-97
-88
-75
-75
-84
-54
-18
22
72
105
137
160
149
152
167
151
116
79
48
21
8
7
3
-8
-41
-82
-134
-173
-204
-206
-194
-184
-153
-149
-141
-130
-121
-80
-33
-1
29
51
70
108
142
177
196
200
191
156
115
82
53
18
-3
1
18
37
41
61
92
106
103
82
81
121
145
138
136
126
116
125
129
126
136
164
169
142
122
88
59
15
-58
-111
-144
-172
-218
-258
-285
-293
-290
-299
-296
-282
-251
-218
-195
-183
-180
-170
-136
-105
-99
-88
-98
-127
-140
-140
-140
-125
-105
-86
-58
-7
44
89
137
181
201
174
143
128
121
95
53
52
73
105
114
117
138
153
151
141
127
124
128
114
118
133
142
134
117
110
109
133
144
135
121
120
115
98
69
32
-10
-73
-133
-174
-193
-215
-244
-275
-299
-298
-286
-262
-239
-224
-211
-200
-184
-161
-138
-119
-86
-63
-27
10
58
95
104
108
90
82
80
92
125
158
156
130
115
103
88
44
18
30
54
85
99
112
130
134
146
153
131
131
123
107
84
70
76
77
55
27
8
-13
-32
-44
-33
-6
28
59
93
119
119
68
-16
-84
-127
-151
-181
-205
-211
-173
-125
-104
-84
-96
-124
-155
-203
-222
-221
-204
-171
-147
-113
-80
-66
-54
-49
-56
-60
-85
-84
-49
19
75
75
71
54
38
19
6
22
68
88
89
91
94
107
108
113
110
126
138
157
175
171
179
166
139
106
80
61
52
39
28
27
26
28
20
12
5
9
16
16
-1
-18
-33
-41
-40
-39
-41
-58
-71
-90
-93
-79
-68
-72
-93
-130
-164
-170
-171
-163
-152
-132
-106
-103
-104
-111
-107
-72
-39
-6
21
59
79
55
26
11
12
21
40
52
61
74
73
66
64
52
33
6
-16
-17
5
24
49
72
88
124
149
153
134
119
104
93
77
51
39
38
54
59
49
34
25
4
-22
-27
-30
-26
-42
-63
-71
-62
-55
-57
-51
-29
-14
-11
-12
-23
-17
3
12
4
-11
-28
-39
-49
-63
-47
-11
19
30
7
-13
-32
-57
-56
-44
-39
-48
-62
-59
-42
-17
1
-6
-17
-26
-14
13
24
31
24
14
21
27
23
0
-8
-20
-30
-8
7
-4
-14
-3
14
19
35
43
42
45
55
58
40
19
27
37
33
26
6
-7
3
31
66
85
81
58
32
26
18
13
14
-3
-27
-58
-90
-106
-88
-52
-11
1
-19
-35
-49
-47
-57
-62
-53
-41
-28
-11
-7
-13
-36
-65
-74
-56
-44
-44
-57
-53
-34
-20
-4
-1
5
5
9
-9
-26
-23
-16
16
49
62
72
70
44
17
9
21
57
69
55
33
10
7
12
31
45
55
71
88
85
69
45
29
25
9
-3
-23
-44
-38
-28
-14
15
32
44
70
97
106
82
42
13
2
-2
-1
10
11
13
16
-10
-29
-29
-30
-38
-48
-63
-66
-69
-49
-23
-16
1
7
-16
-29
-15
-5
-11
-43
-48
-28
-19
-16
-15
-30
-48
-50
-61
-62
-63
-61
-46
-37
-37
-44
-51
-43
-20
19
40
40
53
69
76
67
61
55
40
40
52
44
32
17
4
-5
-10
-5
-13
-10
7
21
31
21
8
-19
-48
-61
-65
-53
-44
-46
-34
-31
-31
-35
-32
-42
-46
-35
-10
25
42
53
63
60
51
43
38
37
24
22
26
7
-15
-34
-38
-43
-54
-35
-18
-22
-27
-36
-45
-76
-96
-75
-36
-4
15
21
24
35
52
57
55
63
84
88
84
76
61
48
33
27
22
18
27
35
29
14
16
23
15
8
18
44
49
27
24
40
55
62
57
54
50
47
41
37
33
15
-15
-41
-54
-65
-74
-90
-114
-122
-115
-111
-102
-94
-77
-65
-61
-64
-73
-75
-62
-40
-17
7
35
54
65
59
58
55
51
44
36
36
17
-3
-16
-24
-19
-21
-19
-16
-28
-44
-64
-69
-66
-59
-39
-31
-11
15
29
27
4
-17
-10
12
34
51
59
44
14
-2
-12
-20
-37
-61
-78
-81
-63
-37
-23
-7
2
-8
-13
-10
2
30
60
76
79
83
102
121
121
114
103
99
93
81
81
79
67
44
28
18
-2
-18
-24
-27
-27
-20
-13
-10
-8
1
24
54
62
54
21
-4
-10
-14
-15
-25
-43
-65
-77
-74
-64
-50
-53
-55
-52
-51
-67
-84
-82
-83
-84
-78
-56
-51
-45
-45
-33
-20
-34
-54
-67
-62
-63
-60
-52
-29
-12
-17
-30
-43
-46
-60
-66
-47
-9
32
64
89
90
82
74
69
82
100
117
117
108
87
73
79
100
99
70
49
45
64
77
79
70
57
43
44
42
36
24
1
-17
-20
-2
19
24
3
-24
-44
-52
-56
-59
-68
-76
-70
-66
-53
-40
-33
-24
-22
-12
-2
-6
-20
-44
-62
-72
-52
-32
-27
-44
-60
-68
-63
-49
-30
-9
5
7
22
49
70
80
63
48
58
63
48
43
34
27
18
15
35
63
61
22
-12
-30
-21
-1
8
24
36
45
19
-2
-7
-7
-14
-38
-64
-99
-121
-124
-111
-93
-85
-69
-56
-62
-82
-107
-121
-125
-126
-109
-71
-35
-7
2
7
12
13
2
-9
-14
-2
19
35
60
77
93
98
90
86
78
70
83
108
113
98
83
79
76
61
56
69
93
111
109
85
53
23
3
-3
9
33
48
58
44
10
-5
0
9
14
23
28
33
43
52
60
54
33
0
-35
-46
-40
-36
-50
-71
-77
-91
-96
-92
-92
-102
-114
-110
-92
-74
-74
-80
-104
-135
-137
-121
-99
-75
-60
-40
-37
-43
-37
-24
-13
-19
-16
-7
-2
3
4
13
16
26
26
22
30
36
33
29
37
57
59
52
44
35
18
6
28
69
109
118
98
92
98
93
81
72
77
83
88
98
95
78
48
8
-28
-48
-60
-50
-30
-30
-30
-22
-21
-25
-39
-56
-54
-39
-30
-16
-2
29
37
14
-16
-36
-42
-39
-29
-20
-12
-13
-15
-25
-51
-61
-61
-59
-43
-24
-8
2
1
-26
-50
-69
-73
-68
-76
-70
-38
-12
-3
-3
-21
-35
-42
-42
-31
-15
8
17
24
37
55
52
38
36
39
51
37
15
3
-2
2
6
28
55
69
71
61
53
50
30
2
-9
-4
9
28
37
39
38
44
47
39
31
25
33
36
27
22
15
10
-1
-3
12
20
30
36
40
48
26
-7
-21
-31
-35
-41
-39
-24
-16
-7
2
17
31
34
15
-16
-34
-47
-57
-63
-60
-51
-55
-52
-58
-67
-73
-70
-53
-46
-46
-54
-60
-56
-43
-23
-25
-19
-12
-12
-28
-34
-4
32
63
76
86
82
54
20
-6
-10
-13
-14
-3
12
23
27
14
-10
-20
-26
-39
-48
-49
-34
-17
-6
8
26
35
28
19
18
19
16
6
6
12
27
41
52
54
50
61
69
73
75
65
51
39
25
10
4
-3
0
4
11
7
-11
-27
-29
-14
-10
-14
-37
-57
-79
-90
-69
-42
-25
-19
-12
-11
-7
-1
2
-4
-19
-15
-14
-13
-15
-6
-6
-3
22
31
30
11
10
9
-6
-15
-30
-21
-3
8
3
3
12
22
33
28
17
19
32
36
29
35
28
14
3
-4
-10
-7
1
-5
-6
-1
5
7
-5
-9
-12
-4
3
8
15
6
-12
-37
-57
-77
-84
-65
-42
-28
-29
-31
-34
-38
-24
-7
4
19
22
24
19
17
15
17
28
32
33
37
46
40
44
40
25
25
26
24
6
-11
-35
-46
-51
-40
-25
-21
-10
-3
14
26
34
38
35
29
11
0
1
3
13
19
24
34
43
35
4
-31
-49
-52
-50
-34
-11
6
19
34
38
23
3
-27
-42
-43
-35
-28
-20
-14
-23
-29
-36
-43
-43
-37
-18
-1
5
14
27
26
12
0
-9
-10
-6
1
3
7
6
0
2
-1
-7
-9
-10
-3
-1
8
5
3
14
34
46
44
45
50
45
23
8
6
19
19
11
18
21
24
23
18
24
29
23
6
-10
-25
-31
-29
-18
-13
-2
12
11
8
6
11
8
-4
-17
-26
-35
-35
-17
-7
-6
-4
-10
-13
-21
-26
-19
-14
-22
-33
-40
-48
-54
-59
-58
-58
-60
-63
-53
-31
-3
6
-5
-13
-8
0
1
-2
14
50
80
99
108
117
117
95
62
22
-8
-25
-43
-47
-37
-14
10
26
27
6
-7
-12
-25
-36
-28
-1
18
33
42
46
43
36
26
16
10
0
-5
-9
-8
-14
-30
-35
-30
-17
10
25
21
24
12
-1
-6
-4
7
7
2
-8
-13
-15
-21
-29
-37
-19
0
11
17
19
17
5
-11
-7
5
18
21
8
2
4
0
-16
-28
-33
-34
-27
-25
-27
-30
-31
-21
-24
-21
-17
-19
-18
-3
23
35
29
1
-21
-33
-41
-40
-29
-20
1
24
28
28
16
6
-6
-20
-22
-19
-11
-8
-1
4
7
3
-14
-18
