26
27
13
7
11
22
25
30
36
34
32
35
35
35
27
11
-8
-23
-27
-25
-23
-22
-32
-28
-16
-10
-6
-7
-13
-15
-14
-8
-7
-14
-6
3
17
24
27
33
27
19
22
32
38
39
35
20
7
-3
-18
-20
-21
-21
-17
-17
-15
-9
-5
-7
-13
-18
-17
-21
-24
-27
-24
-15
-18
-20
-23
-21
-16
-5
4
9
10
4
6
3
-3
0
0
-8
-16
-12
-4
-3
-4
-4
1
4
-11
-20
-19
-15
-10
-8
-9
-19
-25
-22
-18
-16
-16
-30
-37
-42
-40
-35
-38
-34
-32
-21
0
10
21
23
26
33
25
14
5
-9
-15
-13
-10
-3
3
4
6
12
13
9
12
15
19
20
21
36
42
37
29
22
30
45
58
64
70
72
68
71
64
49
30
14
15
12
2
0
5
11
8
-4
-6
-10
-12
-13
-24
-33
-40
-35
-25
-15
-11
-9
-5
-5
-9
-16
-16
-14
-22
-34
-37
-39
-36
-30
-29
-25
-23
-21
-15
-9
-8
-15
-11
-6
0
9
18
21
0
-11
-3
-7
-13
-10
-5
0
13
33
42
40
34
25
23
15
12
5
-10
-21
-43
-54
-54
-45
-33
-28
-24
-18
-23
-15
2
-2
3
9
20
27
19
19
21
20
19
19
19
16
17
24
23
19
11
7
7
1
-2
-9
-17
-25
-29
-21
-6
0
2
12
14
9
5
9
19
25
26
27
16
9
-1
-17
-17
-7
4
7
12
10
-4
-10
-6
0
14
22
33
35
23
11
-8
-17
-23
-34
-37
-32
-21
-20
-22
-23
-27
-27
-27
-29
-38
-45
-41
-39
-37
-26
-11
6
21
20
22
23
26
25
24
28
14
-1
-2
-6
-13
-23
-34
-29
-24
-19
-14
-19
-16
-11
3
9
15
17
-1
-3
1
4
12
14
18
24
27
39
51
51
45
31
30
23
13
11
17
15
10
18
21
30
45
63
71
75
74
61
36
12
-2
-15
-27
-29
-23
-14
-12
-16
-5
2
1
4
9
6
-5
-15
-18
-17
-11
-4
-15
-28
-33
-42
-29
-20
-35
-39
-40
-38
-31
-36
-53
-68
-63
-40
-11
13
13
11
2
-12
-22
-31
-42
-45
-43
-40
-23
-10
-18
-27
-25
-25
-25
-6
7
8
16
18
31
27
2
-15
-29
-33
-40
-40
-34
-20
-7
8
30
48
49
43
37
25
10
22
39
37
41
50
72
85
79
63
42
34
22
23
23
15
23
24
13
2
0
8
13
10
0
2
0
-8
-6
-4
-11
-19
-23
-23
-22
-18
-12
-15
-21
-28
-34
-31
-20
-8
-1
0
12
14
17
32
38
35
18
16
22
23
19
-1
-20
-45
-52
-53
-65
-55
-39
-24
-18
-12
4
-3
-9
-6
-2
1
-4
-11
-11
-10
-7
1
8
16
27
27
23
20
21
15
1
0
-5
-2
7
13
9
6
9
16
27
23
11
2
-4
2
2
-2
0
-1
-1
-3
-2
-2
9
16
14
6
-8
-16
-18
-21
-24
-25
-23
-24
-20
-12
-22
-31
-35
-35
-43
-43
-26
-24
-18
-1
7
9
2
-3
2
17
24
26
33
40
40
41
30
7
-1
-9
-17
-24
-18
-17
-30
-32
-33
-41
-36
-14
6
-1
-12
-6
-10
-10
7
9
13
20
31
45
48
46
30
23
23
19
16
1
-4
0
12
26
28
24
14
15
8
0
0
4
12
16
26
33
40
44
43
49
55
51
34
26
14
-4
-16
-25
-21
-19
-12
-13
-15
-13
-28
-38
-45
-44
-40
-45
-31
-25
-27
-35
-42
-26
-14
-9
-13
-12
-14
-19
-15
-19
-13
-7
-1
0
-6
-8
-17
-22
-25
-20
-17
-10
19
31
33
29
18
21
7
-7
-15
-11
-6
-6
8
29
36
32
36
36
26
16
9
1
-1
6
10
10
8
12
24
28
26
26
17
2
-8
-23
-37
-62
-81
-90
-92
-91
-93
-76
-66
-64
-45
-43
-34
-17
-2
12
11
23
40
41
50
46
40
46
49
51
37
31
30
24
25
28
31
28
17
8
11
13
7
11
21
35
34
31
38
28
36
44
42
32
15
9
7
-7
-15
-28
-46
-38
-28
-36
-47
-41
-41
-41
-19
2
16
21
23
42
45
37
26
28
35
37
41
40
36
36
52
53
27
4
-20
-20
-11
-22
-35
-50
-56
-56
-60
-59
-69
-83
-90
-68
-39
-43
-64
-45
-6
-2
-5
36
54
18
-22
-41
-70
-114
-122
-128
-121
-96
-66
-38
-12
4
3
-5
-6
-12
-39
-50
-71
-74
-62
-55
-32
-16
8
25
47
54
31
-6
-62
-84
-58
-16
10
13
32
101
136
133
166
217
248
252
240
220
193
167
93
33
65
88
60
21
29
73
85
85
144
214
222
209
221
205
111
5
-64
-82
-85
-86
-115
-164
-178
-184
-157
-163
-238
-272
-310
-401
-453
-449
-420
-428
-421
-320
-196
-100
-33
-1
-2
32
71
88
123
156
151
91
-16
3
60
-3
-66
-120
-73
72
150
214
238
210
266
318
286
287
264
207
160
97
54
88
186
242
296
469
593
542
479
442
412
280
16
-22
113
27
-87
35
214
258
93
61
216
21
-390
-567
-622
-684
-848
-950
-812
-764
-842
-807
-743
-663
-566
-549
-464
-323
-357
-381
-165
37
137
303
599
900
997
1037
1323
1703
1695
1386
1211
1138
906
349
-297
-538
-610
-1104
-1582
-1494
-1052
-728
-721
-388
391
788
769
793
900
775
259
-161
-256
-495
-1010
-1321
-1246
-1107
-1097
-1069
-858
-605
-646
-841
-824
-732
-966
-1332
-1627
-1906
-1995
-1948
-1765
-1363
-860
242
1962
2987
3534
4755
6075
6439
5684
4961
4788
3635
1392
-155
-1048
-2164
-3284
-3767
-3434
-2980
-2828
-2194
-1051
-469
-566
-755
-591
-366
-1006
-1987
-1890
-1216
-940
-620
252
1632
2911
3529
4113
4600
4046
3137
2168
505
-1364
-3011
-4311
-5127
-5941
-6444
-5952
-4824
-3441
-2167
-1099
182
1178
1328
1263
1471
1278
439
624
2296
3040
2743
3868
6445
7991
7190
6570
7434
6626
3421
844
-846
-2947
-5445
-7412
-7811
-7516
-7511
-6610
-4530
-2390
-960
-304
1016
3007
3068
1570
1340
1976
1585
572
423
1575
2443
2488
3366
4330
3815
3169
2837
1502
-620
-2814
-4441
-5434
-6849
-8178
-8195
-7248
-5945
-4833
-3843
-1922
107
725
1141
2223
2639
2410
3277
4600
4665
4416
5670
7674
7609
6160
6274
6427
4265
1504
-623
-2613
-4632
-6688
-7892
-7985
-8000
-7520
-6225
-4565
-2717
-1711
-1019
1078
2693
2069
1568
2570
3180
2491
1901
2665
3758
3626
3461
4119
3874
2790
1916
571
-1127
-2778
-4598
-5859
-6583
-7422
-7564
-6865
-5660
-4221
-3250
-1750
598
1786
2147
3092
3952
4820
5930
6346
6640
7311
8237
8914
7969
6747
6501
4935
2059
-45
-2198
-4753
-6702
-8014
-8487
-8722
-8817
-7356
-5413
-4173
-2816
-1696
-568
1124
1585
1030
1451
2261
2705
2819
2881
3729
4301
3924
4089
3917
2504
1362
160
-1665
-3456
-5238
-6438
-6891
-7409
-7442
-6700
-5676
-4122
-2801
-1994
-294
1434
1914
2317
3130
4086
5354
6156
6619
7762
8877
9601
9597
8557
7865
6719
3785
936
-1493
-4493
-7090
-8737
-9378
-9316
-9340
-8216
-5865
-4204
-2806
-1194
98
1407
1997
1572
1501
1797
2005
2285
2552
3435
4639
4954
5041
5121
4250
2855
1416
-385
-2653
-5199
-7004
-7848
-8815
-9355
-8611
-7291
-5797
-4226
-2712
-1036
405
1346
2049
2409
3037
4458
5663
6143
6988
8425
9494
9574
8728
7903
6892
4465
1439
-1089
-3916
-6833
-8941
-10096
-10269
-10110
-9458
-7476
-5127
-3383
-1941
-421
1272
2242
2006
1817
2234
2532
2531
2684
3378
4220
4626
4974
5214
4731
3626
2333
916
-990
-3288
-5219
-6365
-7099
-7875
-8121
-7064
-5349
-4096
-2960
-1152
699
1855
2756
3872
5274
6785
7619
7901
8768
9967
10243
9234
7978
7195
5393
2180
-494
-2656
-5352
-7776
-9133
-9529
-9430
-9162
-7988
-5928
-4049
-2571
-1474
-457
1011
1821
1457
1629
2606
2904
2736
3355
4468
4802
4328
4146
4054
2624
281
-1342
-2638
-4591
-6580
-7811
-8071
-7766
-7701
-7247
-5640
-3898
-2737
-1670
-181
1465
2293
2765
4612
7130
8069
8195
9618
11642
12086
10414
8791
8265
6032
1561
-1840
-3864
-6529
-9443
-11109
-10910
-10131
-9869
-8438
-5480
-3163
-1820
-523
1004
2387
2239
1055
1345
2501
2277
1592
2181
3520
3986
3311
3252
3794
2565
222
-1054
-2215
-4256
-6191
-7244
-7309
-7357
-7675
-6663
-4660
-3331
-2284
-865
923
2564
3117
4026
6757
8862
8953
9473
11521
13077
12049
9794
9200
8215
4086
-337
-2877
-5273
-8391
-11104
-11827
-10940
-10511
-10004
-7844
-5112
-3205
-2090
-733
1497
2470
1300
1103
2533
2946
2139
2200
3680
4650
3805
3264
3912
3190
1197
-183
-1442
-3098
-5071
-6758
-6984
-6916
-7493
-7136
-5697
-4107
-2768
-1779
110
2322
3024
4246
6909
8240
8478
9803
11859
12629
11037
9592
9738
8116
4209
926
-1527
-4067
-7103
-10174
-11383
-11310
-11649
-11191
-9302
-7061
-5254
-4005
-1878
977
1834
1607
3025
4430
4113
3451
3800
4745
4421
3269
3289
3258
1854
458
-527
-1676
-3185
-4898
-5687
-5860
-6692
-7331
-6834
-5767
-4778
-4072
-2678
-676
684
2877
6270
8127
8759
10909
14151
14806
12174
11224
12429
9964
4292
855
-397
-3107
-7581
-10429
-10297
-10515
-12035
-11840
-9667
-7443
-6457
-6038
-3563
-512
-651
-1470
579
2970
2867
1963
3329
5832
5386
3569
4120
4657
3048
1208
-40
-934
-2461
-4828
-5696
-5563
-6554
-7453
-7096
-5964
-5117
-5169
-3950
-1269
126
1978
5771
8038
8754
11157
14173
14364
12350
11442
11416
8764
4056
1077
-1026
-3975
-6361
-8076
-9101
-8569
-7999
-8161
-7373
-5733
-4973
-5076
-4325
-2788
-2555
-2960
-1128
1404
1695
2328
4730
6157
6221
5934
5565
4959
3165
914
-612
-2241
-3904
-5093
-6012
-5882
-5416
-5912
-5212
-3307
-2692
-2445
-1680
-87
2758
4292
4671
7017
10412
12095
11446
10958
12146
11420
7423
4624
3267
-262
-4175
-5876
-6954
-8528
-9410
-8483
-7069
-6549
-5920
-5062
-4406
-3444
-3107
-3648
-3093
-1600
-1303
-1529
66
2196
2465
2548
3944
4435
3012
2130
2233
874
-1597
-2647
-2832
-3738
-4654
-5045
-4930
-3935
-3022
-2906
-2428
-466
2394
4100
4706
6675
9559
11052
11058
10633
10529
9878
7516
4590
2235
-203
-2927
-5050
-6062
-6674
-7435
-7358
-6135
-5154
-4715
-3970
-2921
-2068
-1842
-2013
-1809
-1273
-830
-483
-209
337
1201
1578
1723
1977
1710
1135
807
171
-1136
-2370
-3081
-3666
-4506
-5153
-4971
-4306
-3730
-3065
-1655
894
3592
5254
6592
8972
11440
11670
10526
10441
10072
7180
3526
1511
-81
-3110
-6161
-7046
-6842
-7442
-8074
-7384
-5704
-4473
-4504
-4144
-2344
-1294
-1949
-1865
-132
843
171
312
2421
3493
2538
2488
3395
2783
838
-622
-1372
-2648
-4759
-6126
-6144
-6175
-6561
-6096
-4260
-2261
-1374
517
4814
7543
7441
8674
12071
13402
11050
9487
10655
9868
5776
2861
2416
1408
-1423
-3721
-3666
-3499
-5079
-6497
-6162
-5348
-6182
-7596
-6526
-4721
-5287
-5714
-3425
-661
236
736
3286
6353
6746
5795
6122
6303
4466
1559
-627
-2050
-4365
-7426
-8804
-8612
-9086
-9593
-8160
-5732
-4011
-1848
1586
4430
5890
7674
10121
10804
9433
8888
8954
7028
4147
2220
1010
8
-1630
-3204
-3333
-3072
-3171
-3578
-3744
-3108
-3631
-5181
-4882
-4351
-5564
-6177
-4976
-3277
-2296
-1507
791
3536
4636
5376
6585
6999
6428
4886
2850
1242
-885
-3622
-5160
-5853
-6797
-7503
-6977
-5567
-4625
-2941
491
3049
3976
5692
8486
9650
8387
7729
8221
7130
4652
2680
1562
794
-642
-2472
-3027
-2813
-3429
-4419
-4479
-3701
-4223
-5920
-5531
-3975
-4387
-5194
-3956
-1952
-1258
-1173
309
2515
3367
3404
4028
4549
4264
3243
2029
1412
456
-1513
-2777
-2905
-3473
-4620
-4812
-3792
-3365
-3313
-982
2278
3237
3750
6375
9170
9246
7855
8096
8825
7129
4176
2451
1694
210
-2365
-3802
-3262
-3407
-4642
-4768
-3520
-2671
-3574
-4473
-3324
-2526
-3707
-4361
-3502
-2256
-1769
-1673
-248
1748
2544
2781
3451
4167
3742
2165
1118
684
-899
-3132
-4093
-4265
-5122
-6140
-5696
-4165
-3631
-3075
-160
3101
4070
4427
6659
9273
8989
6938
6792
7470
5516
2209
560
190
-1176
-3626
-4416
-3464
-3588
-4668
-4701
-3567
-2865
-3752
-4191
-2655
-1988
-3151
-3423
-1897
-496
-950
-1206
992
2526
1650
1450
2783
3264
1891
640
891
675
-1122
-2168
-1850
-2189
-3500
-4116
-3177
-2313
-2749
-1736
1854
4293
4702
6083
9342
11418
10131
8776
9486
8603
4734
1258
-93
-1214
-3992
-6554
-6246
-5260
-6103
-6600
-5086
-3265
-3261
-4223
-3022
-1064
-1844
-3072
-1858
-31
164
-477
618
2839
2863
1729
2128
2735
1683
-388
-1530
-1643
-2994
-5179
-5505
-4837
-5294
-6108
-5338
-3275
-2523
-2324
622
4313
5475
6122
8720
11670
11671
9949
10071
10447
8070
4563
2363
1045
-1184
-4457
-6274
-6110
-6593
-7783
-7623
-6234
-5365
-5752
-5473
-3249
-2107
-2839
-1985
332
1620
1710
2285
4290
5541
4822
4611
5336
4835
3106
1420
265
-1058
-3535
-5509
-5741
-6514
-8077
-8245
-6837
-5429
-5212
-3805
504
3802
4736
6746
10376
12723
12160
11052
11696
11365
8119
4847
3310
1842
-1106
-4251
-5195
-5215
-6825
-8183
-7521
-6621
-7069
-7995
-7201
-5385
-5392
-5952
-4512
-2218
-794
-41
1643
4402
5821
5648
6225
7050
6228
4442
2921
1785
-160
-3227
-5116
-5872
-7503
-8934
-8805
-7746
-7092
-7145
-5336
-1312
1408
2549
4765
8448
11156
11101
10733
12005
11880
9057
6511
5388
3876
904
-1708
-2256
-2921
-4649
-5292
-4842
-4730
-5554
-6528
-6209
-5701
-6578
-7115
-6014
-4404
-3339
-2574
-433
2700
4446
5262
6717
7748
7433
6448
5208
3802
1679
-795
-2387
-4010
-6046
-7266
-7517
-7308
-7317
-7235
-5040
-1640
234
1669
4516
7990
9944
9869
10178
11215
10094
7574
5957
4496
2346
157
-1107
-1627
-2615
-3592
-3392
-3053
-3431
-4208
-4819
-4786
-5226
-6541
-7033
-6376
-5721
-5228
-4217
-2043
390
1949
3513
5205
5896
5886
5613
4761
3320
1480
-297
-1924
-3883
-5592
-6480
-6885
-6985
-7179
-6579
-3983
-1291
210
2136
5151
8045
9027
8849
9701
10084
8311
6283
4959
3486
1649
-250
-1200
-1511
-2411
-2866
-2591
-2610
-2922
-3609
-4043
-3877
-4578
-5744
-5742
-5090
-4425
-3796
-2820
-719
1466
2683
3883
4942
5214
5119
4362
3106
1921
317
-1316
-2588
-3974
-5093
-5658
-5891
-5943
-5926
-4843
-2456
-449
963
2986
5728
7886
8474
8622
9191
8939
7454
5783
4458
3161
1366
-490
-1385
-1891
-2809
-3456
-3512
-3416
-3806
-4620
-4748
-4612
-5271
-5819
-5622
-5049
-4164
-3235
-1939
-71
1527
2785
3832
4381
4830
4706
3640
2825
2131
807
-612
-1929
-3071
-3920
-4720
-5211
-5604
-5660
-4207
-2209
-995
425
2709
5113
6513
6967
7675
8171
7405
6127
4843
3490
2079
415
-903
-1510
-2005
-2268
-2306
-2344
-2040
-1996
-2405
-2439
-2566
-3127
-3535
-3678
-3310
-2711
-2334
-1401
54
1047
1739
2199
2438
2612
2222
1451
868
242
-507
-1274
-2307
-3043
-3242
-3460
-3740
-3980
-3383
-1485
120
1091
2689
4841
6807
7476
7322
7780
7708
6144
4350
2818
1351
-216
-1924
-2683
-2942
-3505
-3273
-2635
-2442
-2254
-2310
-2267
-1985
-2473
-3032
-2934
-2904
-2628
-2028
-1349
-205
929
1744
2457
2563
2196
2032
1360
81
-1162
-2261
-2958
-3848
-5066
-5346
-4888
-4648
-4411
-3821
-2021
534
1997
3362
5639
7627
8757
8887
8776
8767
7243
4838
3169
1521
-498
-2483
-3953
-4410
-4793
-5103
-4317
-3350
-2896
-2568
-2138
-1553
-1542
-2122
-1970
-1460
-1504
-1200
-86
1145
2071
2893
4075
4915
4480
3737
3479
2587
588
-1413
-2749
-3702
-5092
-6707
-7117
-6779
-6856
-6819
-5712
-3109
-398
1156
3177
6259
8861
10177
10475
10906
11200
9651
7055
4957
2933
634
-1863
-3719
-4505
-5389
-5925
-5340
-4728
-4519
-4420
-3950
-3167
-3342
-3915
-3646
-3442
-3450
-2884
-1680
-63
1315
2613
4267
5202
5272
5433
5383
4395
2499
563
-736
-2213
-4394
-6018
-6493
-6508
-6708
-7038
-5981
-3366
-1354
-45
2038
4870
7367
8403
8868
10061
10097
8358
6701
5393
3830
1524
-874
-1929
-2707
-3979
-4095
-3577
-3421
-3415
-3716
-3446
-3194
-4059
-4420
-4114
-4057
-3711
-3137
-1917
-190
847
2039
3613
4362
4520
4601
4595
4037
2333
672
-212
-1464
-3227
-4491
-4860
-5114
-5932
-6278
-4755
-2565
-1481
-359
2047
4807
6421
6660
7264
8282
7629
5868
4498
3271
1694
-401
-1794
-1884
-2427
-3086
-2581
-1868
-1624
-1974
-2221
-1778
-2258
-3575
-3903
-3808
-4103
-4351
-3910
-2430
-1125
-377
1032
2479
2969
3016
3000
2713
1649
150
-656
-1043
-2183
-3458
-3652
-3142
-2949
-3330
-2968
-1049
601
1156
2268
4291
6143
6840
6908
7636
7711
6135
4494
3256
1862
70
-1718
-2337
-2568
-3352
-3218
-2317
-1747
-1341
-1076
-442
-17
-895
-1461
-1158
-1425
-1892
-2020
-1391
-238
71
519
1792
2258
2014
1688
1344
949
-670
-2554
-2982
-3627
-4948
-5513
-5312
-4547
-4268
-4425
-2873
-478
839
2112
3899
6024
7809
7892
7861
8635
7888
5786
3836
2005
503
-1469
-3396
-3666
-4106
-4858
-4167
-3318
-2704
-2173
-2086
-1147
-614
-1432
-1261
-741
-936
-894
-811
-50
1112
1140
1614
2815
2835
2393
1945
1373
716
-1019
-2698
-3141
-4110
-5528
-5939
-5724
-5228
-5165
-5046
-2961
-327
1084
2685
4987
7394
8971
8953
9188
9765
8289
5739
3674
1684
-329
-2781
-4572
-4815
-5526
-6072
-5033
-3983
-3072
-2325
-1829
-738
-652
-1457
-1074
-686
-844
-719
-377
941
2225
2455
3455
4658
4624
4150
3344
2530
1396
-970
-2694
-3551
-5125
-6340
-6756
-6755
-6253
-6278
-5756
-3445
-1389
208
2299
4486
6920
8417
8674
9444
9552
8081
6424
4477
2382
355
-2068
-3534
-4291
-5372
-5365
-4669
-4113
-3257
-2818
-2157
-1090
-1287
-1579
-974
-663
-569
-573
-87
1448
2246
2466
3680
4717
4845
4482
3601
2834
1620
-436
-1773
-2794
-4337
-5506
-6222
-6350
-6061
-6341
-5864
-3780
-1952
-435
1593
3766
6096
7640
8353
9371
9360
7981
6636
4626
2010
-306
-2608
-4118
-5077
-6198
-5980
-4852
-4177
-3396
-2564
-1648
-846
-1259
-1715
-1293
-1338
-1608
-1383
-757
498
1629
2402
3681
4577
4533
4448
3877
2741
1392
-610
-2191
-3242
-4940
-6118
-6308
-6310
-5917
-5618
-5177
-3536
-1905
-616
1271
3059
4896
6745
7714
8524
8915
8213
7348
5856
3524
1366
-844
-2762
-4065
-5278
-5508
-4911
-4491
-3719
-2692
-1729
-990
-923
-781
-360
-391
-508
-295
362
1043
1629
2736
3540
3867
4203
3947
3501
2455
494
-826
-2307
-4314
-5526
-6700
-7109
-6515
-6618
-5913
-4443
-3660
-1845
241
1794
4075
5688
7004
8677
8902
9030
9233
7722
6198
4391
1678
-55
-2043
-4273
-4984
-5640
-5834
-5087
-4847
-3746
-2389
-2231
-1511
-934
-1118
-749
-772
-583
594
1179
1920
3417
4472
5239
5519
5187
4982
3794
1642
32
-1794
-3977
-5559
-6941
-7860
-8057
-8133
-7564
-6356
-5276
-3845
-1903
46
2088
3976
5793
7649
8621
9105
9871
9598
8109
6617
4909
2706
114
-2375
-3919
-5184
-6537
-6797
-6330
-5804
-5105
-4580
-3579
-2330
-2140
-2023
-1304
-788
-344
132
1005
2432
3321
4268
5712
6179
5987
5525
4401
3011
880
-1665
-3467
-5176
-6945
-8207
-8920
-8544
-7840
-7260
-5663
-3797
-2168
-12
2176
4384
6459
7834
9251
10408
10631
10299
9223
7896
6383
3752
1204
-678
-2734
-4602
-6003
-6622
-6600
-6720
-6330
-5252
-4476
-3890
-3505
-3084
-2103
-1705
-1549
-502
635
1755
3071
4432
5909
6481
6404
6517
5511
3638
1721
-657
-2714
-4665
-6960
-8280
-8847
-9109
-8681
-7858
-6274
-4458
-3162
-825
1818
3255
5093
7324
8924
9943
10491
11167
11151
9759
8499
7061
4676
2400
57
-2105
-3471
-5081
-6391
-6494
-6227
-5933
-5846
-5359
-4183
-4014
-4071
-2942
-2127
-1702
-758
577
2267
3397
4258
5475
5899
5637
4878
3279
1754
-173
-2860
-4823
-6282
-7660
-8479
-8806
-8333
-7489
-6595
-4990
-3429
-1996
124
1857
3371
5409
7133
8569
9662
10416
11021
10502
9407
8290
5975
3382
1258
-1312
-3551
-5135
-6336
-6715
-6858
-6616
-5837
-5286
-4414
-3544
-3294
-2467
-1667
-1490
-577
542
1441
2647
3670
4799
5431
5026
4912
4165
2108
184
-2012
-4249
-5836
-7572
-8448
-8261
-8120
-7441
-6339
-4852
-2965
-1924
-616
1644
2884
4117
6145
7740
9288
10418
11218
12006
11201
9772
8582
6012
3157
518
-2464
-4363
-5937
-7481
-7502
-7001
-6331
-5292
-4481
-3118
-2143
-2298
-1611
-906
-1080
-571
250
1024
2070
2847
3858
4591
4087
3581
2641
658
-1168
-3233
-5212
-6316
-7545
-8217
-7723
-7251
-6471
-5322
-4067
-2336
-1432
-680
1320
2732
3724
5657
7500
9228
10587
11299
12097
11663
10112
8643
6067
2891
155
-2789
-5074
-6746
-8097
-8012
-7353
-6547
-5179
-3935
-2456
-1221
-1005
-419
277
309
649
1195
1874
2672
3200
3932
4280
3710
3074
2038
276
-1508
-3444
-5222
-6535
-7687
-8147
-7902
-7376
-6418
-5364
-4183
-2671
-1600
-648
1040
2546
3763
5611
7528
9179
10402
11209
11973
11570
10021
8550
6238
3124
217
-2753
-5020
-6617
-7991
-8256
-7878
-7107
-5795
-4841
-3633
-2154
-1657
-1219
-481
-196
130
575
1096
1845
2223
2581
2957
2575
1919
1120
-332
-1909
-3349
-4845
-5950
-6674
-7214
-7165
-6517
-5715
-4811
-3834
-2484
-1059
-280
1042
3042
4401
5987
7979
9579
11013
11754
11984
11805
10335
8513
6352
3118
302
-2212
-4810
-6431
-7554
-8046
-7533
-6691
-5416
-4180
-3115
-1511
-544
-282
495
948
1095
1639
1921
2330
2798
2780
2944
2650
1771
1131
-181
-1885
-2961
-4407
-5746
-6234
-6803
-6930
-6382
-5817
-4811
-3732
-2698
-1060
-59
866
2847
4128
5352
7213
8397
9701
10698
10745
10823
9717
7781
6032
3116
197
-2154
-4964
-6725
-7729
-8707
-8342
-7483
-6426
-4877
-3694
-2201
-797
-398
335
1063
1010
1192
1419
1631
2052
2056
2082
2335
1916
1079
226
-931
-2261
-3673
-4993
-5710
-6135
-6633
-6310
-5254
-4438
-3442
-2039
-612
735
1631
2859
4560
5510
6648
8141
9173
10046
10320
10234
9886
8308
6354
4327
1521
-1083
-3489
-5797
-7103
-7975
-8386
-7803
-6863
-5618
-4309
-3060
-1605
-740
-477
136
531
231
175
538
799
889
829
1163
1518
758
44
-402
-1561
-2660
-3875
-4939
-4956
-5418
-5786
-4827
-3985
-3033
-1864
-854
788
1723
2146
3656
4549
5058
6263
7058
8109
8983
8929
9245
8809
7307
5920
3700
1255
-766
-3375
-5297
-6290
-7337
-7316
-6551
-5774
-4457
-3203
-2018
-854
-535
-197
356
6
-398
-151
-42
89
247
378
1083
1218
548
530
143
-931
-1801
-2958
-3435
-3457
-4281
-3998
-2865
-2353
-1491
-769
2
1182
1199
1383
2647
3164
3802
4885
5829
7319
8085
8281
8964
8462
7135
5832
3574
1324
-989
-3689
-5146
-6269
-7414
-7217
-6662
-5834
-4535
-3774
-2543
-1430
-1494
-1165
-1000
-1471
-1421
-1430
-1257
-654
-455
266
1066
1123
1412
1418
994
701
-250
-1210
-1480
-2019
-2515
-2642
-2523
-2087
-2082
-2003
-1301
-1027
-1057
-508
422
1230
2141
3385
5052
6613
7462
8312
8987
8659
7772
6233
4154
2142
-377
-2711
-4184
-5628
-6474
-6528
-6255
-5402
-4715
-4119
-3008
-2421
-2317
-2056
-1956
-1912
-1868
-1740
-1127
-456
22
905
1902
2369
2592
2708
2665
2353
1403
579
221
-693
-1648
-2073
-2326
-2440
-2909
-3156
-2615
-2506
-2557
-1770
-545
785
2130
3721
5827
7633
8748
9717
10124
9653
8583
6712
4429
2206
-368
-2779
-4494
-5961
-6869
-7153
-7029
-6312
-5716
-5097
-4065
-3538
-3475
-3175
-2832
-2578
-2362
-1874
-863
134
897
2005
3307
3930
4146
4257
4052
3438
2212
946
103
-1119
-2456
-3172
-3624
-3998
-4426
-4550
-3988
-3551
-3330
-2352
-841
697
2382
4236
6544
8626
9797
10824
11323
10705
9488
7483
4865
2221
-786
-3538
-5518
-7268
-8248
-8453
-8289
-7432
-6652
-5889
-4630
-3854
-3532
-3050
-2552
-1916
-1423
-790
546
1735
2872
4192
5310
6219
6302
5783
5268
4145
2442
503
-1218
-2439
-4070
-5315
-5502
-5717
-5788
-5563
-5078
-4165
-3661
-2864
-1085
589
2495
4589
6524
8843
10446
11078
11519
11166
9902
7569
4488
1731
-1257
-4516
-6905
-8527
-9656
-10080
-9863
-8893
-7594
-6422
-5109
-3775
-2848
-2133
-1440
-907
-204
559
1219
2321
3448
4346
5480
6101
6205
6136
5178
3950
2359
109
-1455
-3023
-4885
-5829
-6397
-6503
-6113
-5869
-4902
-3601
-2726
-1330
335
1870
3933
5742
7403
9475
10763
11397
11567
10681
9443
7250
4003
1307
-1701
-4963
-7073
-8911
-9935
-9853
-9690
-8460
-6936
-5767
-3949
-2577
-1631
-380
53
631
1557
1626
2287
3348
3921
4722
5072
5319
5639
4679
3616
2710
851
-879
-2610
-4411
-5418
-6451
-7042
-6694
-6257
-5446
-4511
-3465
-1805
-479
842
2857
4697
6401
7961
9341
10754
11262
10842
10029
8540
6340
3476
253
-2624
-5326
-7776
-9465
-10281
-10317
-9827
-8600
-6806
-5057
-3233
-1494
-171
858
1434
1803
2249
2420
2522
3033
3595
4071
4298
4331
4582
4030
2626
1579
165
-1830
-3596
-5393
-6587
-7300
-8114
-7843
-7106
-6364
-4971
-3773
-2228
-404
539
2065
4089
5438
6782
7833
8893
10048
9946
9448
8888
7263
5094
2287
-804
-3222
-5805
-8198
-9352
-9807
-9610
-8702
-7315
-5324
-3330
-1605
292
1623
2312
2953
3092
3057
3001
2596
2794
3299
3275
3362
3511
3645
3398
2102
1051
189
-1563
-3250
-4694
-5787
-6270
-6889
-6794
-5806
-4978
-3836
-2438
-983
576
1579
2929
4885
5926
6707
7806
8669
9220
8948
8269
7526
5936
3702
1157
-1592
-3793
-5905
-7976
-8735
-8524
-7998
-6828
-5076
-3135
-1458
-132
1304
2249
2271
2184
2042
1688
1189
767
1120
1784
2077
2314
2718
3153
2695
1334
432
-667
-2552
-4200
-5657
-6590
-7057
-7456
-6854
-5784
-4714
-3128
-1703
-65
1641
2348
3555
5277
5995
6587
7360
8093
8639
8020
7295
6859
5279
3217
949
-1683
-3690
-5735
-7752
-8369
-8328
-7872
-6522
-4852
-2822
-915
502
2096
3029
2971
3012
2798
2280
1859
1228
1185
1757
1773
1665
1982
2200
1915
723
-637
-1531
-3134
-5090
-6202
-7064
-7488
-7203
-6768
-5581
-4076
-2787
-979
593
1733
2854
3564
4703
5805
5943
6508
7405
7693
7647
7154
6495
5547
3556
1299
-878
-3187
-5112
-6727
-7741
-7728
-7297
-6377
-4671
-2947
-1364
266
1650
2575
2714
2426
2256
1673
881
655
644
823
1368
1719
2134
2587
2357
1853
906
-509
-1755
-3387
-4888
-5819
-6797
-6894
-6278
-5662
-4319
-2830
-1312
392
1450
2490
3560
4281
5112
5614
5943
6614
6912
6901
6859
6394
5649
4535
2967
1151
-852
-2701
-4132
-5427
-6257
-6194
-5720
-4863
-3570
-2292
-1006
150
916
1434
1551
1415
1241
748
399
389
325
708
1367
1618
1878
2012
1767
1202
-67
-1376
-2496
-4030
-5223
-5891
-6213
-5780
-5253
-4440
-2899
-1456
-165
1040
1983
2710
3006
3430
4092
4204
4312
4910
5432
5634
5598
5421
5090
4240
2815
1119
-596
-2244
-3939
-5401
-6166
-6233
-5927
-5195
-3887
-2565
-1471
-188
868
1227
1154
853
638
289
-316
-415
-167
69
521
713
1091
1697
1283
708
85
-1190
-2146
-3369
-4477
-4644
-5155
-4966
-3958
-3374
-2085
-845
-27
1286
1740
1860
2512
2766
3264
3683
3786
4846
5847
6130
6608
6687
6404
5878
4265
2469
808
-1389
-3141
-4469
-5627
-5701
-5430
-4875
-3510
-2503
-1436
-116
318
656
785
307
244
-108
-751
-630
-499
-180
595
922
1449
2110
1948
1477
695
-507
-1450
-2589
-3965
-4517
-4682
-4739
-4116
-3419
-2455
-1095
-170
765
1520
1566
1891
2330
2500
3076
3601
4423
5775
6416
6762
7214
7036
6384
4972
2896
1144
-869
-3060
-4665
-6025
-6599
-6357
-6033
-5056
-3742
-2625
-1335
-501
-59
199
-173
-457
-704
-1352
-1543
-1324
-967
-289
235
905
1899
2342
2169
1686
954
54
-1238
-2748
-3615
-3940
-4283
-4336
-3809
-2912
-1908
-950
16
1044
1559
1863
2644
3231
3628
4195
5000
6297
7084
7146
7529
7620
6870
5377
3258
1446
-506
-2966
-4807
-6042
-6834
-6920
-6685
-5686
-4246
-3218
-1968
-885
-422
-194
-446
-709
-951
-1699
-2008
-1570
-1100
-546
146
1079
2134
2562
2490
2185
1482
393
-986
-2414
-3555
-4247
-4693
-4791
-4388
-3775
-2927
-1924
-1029
-78
657
1112
1913
2780
3532
4483
5470
6721
7861
8141
8370
8598
7961
6624
4676
2556
630
-1738
-3981
-5398
-6297
-6547
-6385
-5869
-4622
-3418
-2538
-1552
-960
-811
-895
-1252
-1424
-1728
-2151
-1737
-915
-115
908
1773
2819
3924
4050
3672
3090
2054
846
-791
-2382
-3300
-4108
-4682
-4627
-4228
-3411
-2449
-1651
-610
284
740
1360
2134
2909
3661
4266
5350
6711
7355
7690
8018
7870
7132
5509
3488
1733
-443
-2852
-4711
-6058
-6687
-6919
-6929
-6118
-5103
-4318
-3407
-2725
-2372
-2306
-2583
-2680
-2734
-2946
-2667
-1903
-842
518
1824
3180
4484
5121
5153
4602
3479
2148
395
-1591
-3202
-4410
-5163
-5502
-5385
-4558
-3529
-2548
-1465
-528
334
920
1348
2089
2755
3355
4280
5421
6688
7504
7856
8320
8141
7047
5533
3671
1690
-667
-3253
-5060
-6360
-7348
-7535
-7308
-6615
-5576
-4708
-3515
-2508
-2172
-1758
-1459
-1397
-1205
-1077
-470
587
1385
2694
4234
5203
6038
6375
6132
5420
3678
1816
172
-2130
-4124
-5334
-6154
-6316
-6364
-5805
-4352
-3316
-2403
-1193
-141
714
1148
1786
3067
3992
4726
6007
7525
8662
9054
9196
9268
8390
6391
4013
1611
-1023
-3933
-6484
-8048
-8969
-9604
-9487
-8464
-7194
-6009
-4784
-3460
-2324
-1861
-1636
-1119
-715
-378
217
1139
2517
3853
4912
6028
6805
6910
6292
5010
3506
1583
-764
-2854
-4617
-5934
-6605
-6869
-6433
-5497
-4455
-3183
-1976
-837
163
631
1164
2147
2999
3918
5060
6447
8204
9325
9951
10626
10320
9133
7187
4288
1461
-1636
-5077
-7681
-9780
-11101
-11240
-10914
-9629
-7798
-6187
-4149
-2368
-1270
-293
162
455
877
882
1201
1972
2749
3886
4728
5293
6022
5954
5175
3893
1854
-178
-2381
-4786
-6522
-7733
-8223
-8023
-7626
-6443
-4828
-3462
-1945
-469
861
1849
2434
3528
4833
5781
6935
8435
10044
11161
11373
11375
10879
9112
6477
3290
-102
-3592
-7244
-10092
-11755
-12686
-12726
-11841
-10046
-7657
-5385
-3033
-674
946
1992
2745
3148
3298
3191
3246
3741
4125
4432
5023
5455
5414
4890
3851
2568
714
-1777
-3939
-5868
-7802
-9057
-9570
-9259
-8383
-7368
-5547
-3325
-1634
-32
1538
2868
3938
4520
5457
6794
7612
8423
9530
10502
10876
10289
9417
8194
5712
2402
-991
-4253
-7340
-10241
-12139
-12572
-12223
-11142
-9061
-6291
-3397
-986
1191
3265
4283
4312
4139
3784
3194
2421
1910
2084
2346
2541
3147
3738
3717
3221
2346
1203
-413
-2781
-4786
-6189
-7701
-8601
-8578
-7742
-6237
-4864
-3032
-558
1229
2567
3835
4715
5359
5457
5692
6495
6778
6916
7491
7915
7812
6944
5667
4342
2055
-1176
-4165
-6749
-9070
-10944
-11971
-11631
-10354
-8739
-6468
-3620
-960
1220
2839
3864
4216
3707
2919
2175
1284
511
176
393
1004
1676
2450
3169
3481
3283
2530
1372
-344
-2314
-3946
-5412
-6459
-6802
-6471
-5340
-3974
-2368
-230
1540
2832
3883
4481
4942
4863
4410
4676
4919
4759
4935
5292
5842
5907
5115
4517
3494
1442
-701
-2906
-4928
-6531
-8028
-8502
-7942
-7172
-5751
-3863
-1895
-7
1173
1992
2558
2227
1507
826
-5
-708
-1119
-1026
-491
71
864
1995
2844
3027
2823
2477
1595
-54
-1874
-3295
-4384
-5468
-6110
-5674
-4751
-3776
-2489
-879
785
1822
2332
3011
3420
3116
2662
2651
3052
3116
2907
3516
4550
4872
4721
4709
4608
3744
2056
403
-986
-2613
-4289
-5416
-5797
-5665
-5268
-4450
-3050
-1631
-595
406
1291
1554
1302
983
729
276
-311
-414
40
529
996
1777
2711
3278
3247
2854
2440
1547
-108
-1603
-2672
-3781
-4807
-5311
-4947
-4184
-3571
-2524
-1001
149
864
1280
1659
1991
1535
934
1111
1456
1580
1798
2617
4033
4719
4693
5031
5039
4167
2610
625
-1082
-2864
-4986
-6418
-7076
-7168
-6787
-6138
-4646
-2906
-1721
-403
809
1358
1439
1162
987
722
63
-88
322
748
1413
2181
3087
4020
4142
3765
3376
2402
782
-1065
-2710
-3991
-5246
-6039
-5793
-5132
-4343
-3051
-1459
62
1171
1854
2570
2983
2630
2174
2262
2719
2923
3034
3919
5369
6210
6327
6513
6525
5526
3555
1329
-699
-2800
-5181
-6918
-7605
-7758
-7387
-6438
-4815
-2958
-1533
-109
1321
1866
1662
1277
875
413
-285
-579
28
821
1575
2656
3894
4904
5152
4620
3794
2418
230
-2181
-4262
-6032
-7475
-8256
-8011
-7039
-5810
-4095
-1899
66
1435
2480
3277
3604
3166
2433
2265
2388
2304
2368
3032
4277
5299
5626
5945
6199
5510
3998
2071
-24
-2053
-4247
-6106
-7054
-7493
-7313
-6433
-5169
-3440
-1836
-522
831
1507
1537
1468
1130
671
169
-219
39
573
1058
1747
2517
3240
3558
3079
2301
1396
-68
-1837
-3463
-4814
-5695
-6034
-5781
-4903
-3648
-2101
-321
1291
2425
2987
3083
2952
2278
1078
170
-24
161
316
880
2375
4209
5495
6207
6737
7028
6417
4629
2409
287
-1919
-4362
-6440
-7490
-7719
-7325
-6305
-4742
-2894
-1185
394
1773
2438
2362
1968
1403
683
-214
-937
-963
-548
-123
491
1489
2503
3077
3053
2655
2091
1018
-489
-1876
-3111
-4036
-4543
-4795
-4350
-3419
-2433
-1115
-44
549
1002
1096
949
464
-486
-975
-702
-255
319
1255
2916
5100
6516
7096
7779
7956
7002
5016
2420
57
-2322
-4916
-6722
-7627
-7768
-6965
-5781
-4019
-1859
-229
1278
2423
2644
2344
1571
707
-130
-1211
-1707
-1442
-850
148
1314
2739
4247
5066
5293
4898
3844
2357
288
-1751
-3406
-4849
-5573
-5555
-5040
-4000
-2728
-1200
270
1099
1509
1561
1244
694
-294
-1264
-1498
-1147
-576
229
1719
3923
5704
6367
6614
6709
5924
3888
1139
-1428
-3759
-6163
-8094
-8965
-8832
-7879
-6443
-4625
-2355
-413
970
2118
2457
2018
1301
480
-172
-853
-1288
-724
330
1417
2829
4447
5943
6667
6333
5639
4481
2402
-49
-2313
-4182
-5482
-6250
-6188
-5217
-3952
-2429
-755
614
1617
1927
1490
860
-84
-1294
-2278
-3040
-2900
-1597
-171
1417
3655
6250
8314
8821
8581
8360
6897
4067
919
-1953
-4068
-5993
-7627
-7818
-6861
-5391
-3772
-1996
161
1515
1829
2192
1983
872
-352
-1254
-1697
-2143
-2201
-1050
521
1994
3533
4868
6140
6736
5977
4835
3449
1375
-988
-3211
-4778
-5786
-6476
-6282
-5470
-4564
-3312
-2046
-1155
-582
-564
-876
-1275
-1941
-2575
-2823
-2670
-1907
-356
1476
3158
4837
6780
8447
8587
7761
7219
6014
3520
725
-1641
-3244
-4637
-5997
-6295
-5637
-4569
-3428
-2509
-1109
113
231
469
723
236
-307
-496
-255
-3
177
1270
2797
3826
4708
5314
5710
5900
4833
3091
1656
-171
-2319
-4284
-5721
-6398
-6908
-6860
-5950
-5083
-3893
-2388
-1433
-539
130
250
266
-146
-680
-852
-957
-830
-337
949
2707
3670
4836
6951
8212
7889
7201
6920
5952
3411
736
-1087
-2756
-4530
-6124
-6772
-6186
-5452
-4887
-3674
-1760
-308
377
1196
1888
1672
1097
894
688
141
-202
107
809
1424
1818
2380
3196
3476
2765
1903
1337
11
-2164
-3809
-4865
-6093
-6995
-6992
-6469
-5772
-4693
-3158
-1706
-600
410
1178
1540
1480
1036
791
917
566
281
1624
3446
4178
5071
7239
9265
9276
8343
8254
7412
4660
1574
-1008
-3042
-5053
-7359
-8165
-7297
-6362
-5267
-3448
-875
1224
1979
3023
4092
3397
2105
1273
397
-649
-1727
-1849
-910
-202
535
1688
2986
3990
3629
2728
2246
551
-2220
-4375
-6040
-7636
-9119
-9502
-8305
-7069
-5662
-3325
-988
1075
2447
3110
3875
3722
2568
1675
1104
624
-131
94
2175
3551
4087
5913
8108
8995
8087
6817
6183
4083
431
-2804
-5129
-6657
-8416
-9715
-8567
-6430
-4913
-3057
-243
2581
3638
3673
4434
4278
2440
640
-541
-1348
-2354
-3125
-2350
-887
199
1279
2593
4014
4409
3379
2504
1563
-787
-3397
-5147
-6362
-7390
-8047
-7261
-5410
-3813
-1898
455
2555
4172
4629
4655
4831
3688
1874
725
-63
-815
-1760
-1239
1060
2074
2600
4773
7005
7709
6546
5508
5461
3284
-426
-2787
-4251
-5415
-6998
-7841
-6074
-4235
-3292
-1543
707
2649
2946
2310
2767
2180
-98
-1678
-2508
-3073
-3826
-4084
-2397
-439
748
2233
3970
5403
5515
4404
3599
2403
-227
-2988
-4835
-5954
-7229
-8057
-6950
-5168
-3698
-1688
806
3146
4399
4612
5123
5109
3512
1658
491
-124
-1100
-2405
-1596
939
2110
2626
4588
7202
8214
6796
5658
5731
3663
-61
-2603
-4168
-5450
-7280
-8227
-6559
-5019
-4208
-2405
-265
1631
1840
1050
1676
1194
-1127
-2527
-2992
-3063
-3394
-3514
-1576
607
1695
3152
4775
5844
5635
4148
2998
1534
-1311
-3941
-5504
-6536
-7507
-7860
-6483
-4496
-3029
-1007
1572
3613
4597
4816
5222
5118
3490
1726
779
86
-838
-1910
-1366
893
2040
2455
4222
6450
7390
6262
5070
5082
3316
-227
-2669
-4156
-5374
-6833
-7768
-6437
-4911
-4105
-2337
-266
1556
2204
1716
2260
2130
160
-1096
-1592
-2008
-2374
-2686
-1488
172
811
1734
2728
3232
3230
2069
864
-72
-2036
-3927
-4934
-5727
-5919
-5499
-4259
-2347
-846
994
3282
4589
5247
5593
5299
4609
3073
1097
-162
-1272
-2381
-2998
-3076
-1746
140
1008
2304
4430
6039
6394
5455
5090
4880
2655
212
-1215
-2420
-3289
-4205
-4210
-2946
-1998
-939
226
1194
2219
1851
1108
1060
-254
-2026
-3000
-3736
-4025
-4446
-4296
-2833
-1713
-679
593
1452
2404
2598
1841
1520
851
-433
-1351
-2045
-2368
-2652
-2719
-1727
-927
-560
452
1250
1493
1422
795
320
-225
-1498
-2594
-3185
-3334
-3015
-2915
-2218
15
1969
2822
4147
6213
7733
7375
6306
6485
5918
3483
1432
179
-930
-2148
-3500
-3765
-3230
-3077
-2904
-2484
-1501
-886
-1626
-1591
-966
-1689
-2441
-2365
-1880
-1394
-1279
-305
1401
2387
3197
3965
4654
5332
4750
3607
3095
2011
205
-1363
-2526
-3368
-4303
-4810
-4445
-4167
-3767
-2916
-2237
-1479
-911
-870
-486
-191
-580
-816
-676
-226
125
88
1055
3009
3934
4073
4958
6430
6971
5589
4321
4345
3115
387
-1606
-2609
-3549
-5058
-6222
-5808
-5088
-4898
-4453
-3284
-1646
-1120
-1195
130
1126
655
526
1118
1811
1778
1418
2287
3272
3242
3258
3495
3866
3681
2325
1380
929
-548
-2374
-3395
-3933
-4648
-5436
-5169
-4245
-3921
-3418
-2183
-966
-185
132
721
1729
1759
1038
998
1393
1404
867
578
1640
2873
2820
2852
4022
5246
5095
3865
3598
3825
2175
-70
-1118
-1981
-3283
-4714
-5331
-4855
-4541
-4338
-3409
-1947
-600
-125
473
1786
2054
1554
1635
1834
1580
887
657
1131
1064
714
883
1023
1146
868
-21
-349
-835
-2176
-3176
-3775
-4306
-4769
-4982
-4316
-3575
-3058
-1753
-315
783
1791
2332
2949
3425
2881
2282
2001
1585
1132
411
201
997
1631
1881
2433
3533
4597
4499
3651
3479
3109
1426
-467
-1747
-2619
-3569
-4583
-4637
-3955
-3331
-2461
-1547
-316
1068
1439
1717
2143
1704
1016
250
-423
-745
-1509
-1946
-1603
-1306
-809
-539
-352
470
523
-188
-539
-973
-1539
-2352
-3172
-3245
-3302
-3330
-2719
-2075
-1118
60
922
1941
2623
2771
2970
2794
2220
1517
809
578
304
-240
-290
354
1387
1900
2043
3029
4203
4349
3720
3426
3565
2784
1176
110
-517
-1128
-1918
-2573
-2257
-1617
-1434
-1230
-536
272
253
-50
200
167
-599
-1337
-1529
-1641
-2249
-2712
-2394
-1804
-1546
-1587
-1036
72
316
-184
-93
405
106
-907
-1160
-833
-1170
-1612
-1451
-959
-488
-292
67
734
994
807
578
528
328
-510
-1057
-787
-787
-1113
-915
282
1732
2203
2696
4259
5585
5684
5093
5017
5165
3934
2082
1054
337
-766
-2178
-2961
-2895
-3028
-3306
-3120
-2458
-1945
-2129
-2108
-1513
-1528
-2120
-2275
-1873
-1608
-1940
-1885
-799
54
133
365
1243
2160
2048
1396
1638
1937
996
26
-199
-355
-929
-1668
-1664
-1364
-1589
-1605
-1206
-894
-776
-911
-716
-227
-370
-648
-174
567
903
966
1552
2860
3749
3769
4044
5005
5544
5018
4073
3784
3510
1921
69
-960
-1845
-3025
-4275
-4892
-4817
-4917
-4860
-4256
-3455
-2630
-2043
-1254
-196
167
256
677
1085
1179
795
754
1218
1192
893
961
1313
1595
1191
760
979
771
-67
-641
-904
-1405
-2154
-2536
-2385
-2381
-2489
-2052
-1257
-680
-329
214
1031
1649
1672
1679
2192
2514
2246
2027
2268
2695
2766
2513
2634
3014
3097
2693
1971
1561
1049
-228
-1438
-2179
-2958
-3624
-4032
-4070
-3800
-3511
-2927
-2157
-1396
-580
-63
400
980
1001
632
400
287
-18
-621
-839
-581
-566
-588
-366
19
410
439
392
519
432
91
-188
-293
-408
-686
-766
-534
-400
-300
-24
311
590
708
715
789
828
643
405
342
409
289
84
528
1175
1238
1343
1848
2406
2464
1920
1808
1936
1316
335
-439
-836
-1205
-2087
-2550
-2211
-2116
-2132
-1880
-1310
-670
-631
-596
-166
-84
-358
-703
-743
-521
-847
-1222
-813
-303
-297
-366
99
769
761
528
791
952
589
110
-106
-168
-464
-820
-855
-709
-658
-643
-421
-9
152
66
320
649
627
496
578
939
1022
788
1154
1929
2144
2116
2523
3127
3300
2857
2554
2532
1947
870
-90
-683
-1177
-2085
-2779
-2672
-2518
-2552
-2349
-1716
-1062
-988
-840
-316
-218
-432
-548
-590
-574
-810
-1033
-840
-539
-393
-361
-86
421
452
155
161
129
-325
-818
-1040
-1191
-1517
-1731
-1505
-1244
-1087
-787
-330
130
360
495
735
864
847
740
758
925
805
797
1266
1667
1840
2084
2605
3145
3010
2650
2668
2395
1658
743
-36
-453
-1131
-2017
-2262
-2120
-1995
-1912
-1666
-900
-342
-260
-14
275
291
-46
-402
-405
-593
-990
-1080
-940
-765
-785
-796
-444
-288
-429
-459
-485
-607
-953
-1306
-1332
-1406
-1632
-1484
-1132
-788
-468
-190
409
925
969
1099
1283
1246
1035
739
754
774
498
692
1197
1386
1693
2126
2616
2959
2729
2663
2693
2127
1416
566
-32
-298
-1122
-1680
-1503
-1429
-1345
-1131
-724
-101
97
186
439
361
236
-51
-535
-714
-1046
-1451
-1431
-1371
-1286
-1152
-949
-563
-510
-653
-604
-717
-958
-1210
-1533
-1638
-1735
-1964
-1974
-1747
-1435
-1141
-775
-215
233
527
865
1026
1046
1061
1046
1024
888
945
1329
1546
1744
2211
2745
3186
3243
3186
3312
3042
2445
1850
1129
541
-168
-1020
-1355
-1453
-1600
-1638
-1487
-1038
-764
-735
-442
-254
-350
-546
-693
-785
-1056
-1376
-1457
-1371
-1281
-1215
-1043
-671
-475
-514
-444
-338
-489
-816
-1138
-1330
-1498
-1676
-1735
-1652
-1350
-1058
-806
-334
191
525
751
977
1162
1120
949
921
862
782
998
1216
1399
1799
2180
2592
2921
3007
3119
3044
2639
2188
1580
1002
467
-324
-818
-1100
-1479
-1677
-1777
-1690
-1452
-1408
-1285
-1028
-936
-949
-1000
-961
-894
-983
-965
-799
-697
-576
-490
-334
-135
-183
-248
-288
-450
-616
-829
-970
-1017
-1137
-1111
-961
-828
-674
-441
-122
113
244
361
523
728
741
655
824
1005
1038
1206
1471
1798
2132
2358
2657
2823
2727
2681
2452
2022
1675
1129
605
275
-245
-678
-906
-1185
-1382
-1576
-1669
-1704
-1859
-1828
-1723
-1711
-1539
-1303
-1068
-796
-589
-426
-266
-121
-77
-156
-166
-210
-523
-806
-872
-991
-1188
-1283
-1286
-1171
-1011
-888
-780
-666
-492
-371
-277
-40
134
217
450
746
971
1196
1489
1788
2058
2313
2561
2733
2820
2756
2586
2415
2076
1706
1364
949
607
225
-141
-358
-653
-872
-964
-1136
-1280
-1472
-1623
-1588
-1652
-1731
-1623
-1470
-1307
-1180
-966
-637
-459
-373
-242
-189
-269
-426
-583
-710
-957
-1272
-1441
-1502
-1565
-1634
-1539
-1329
-1161
-978
-765
-472
-191
-69
66
292
522
710
855
1094
1398
1548
1705
1935
2116
2309
2456
2479
2526
2535
2422
2242
2002
1759
1415
1013
719
391
7
-192
-363
-595
-683
-749
-794
-797
-805
-806
-796
-759
-787
-810
-753
-675
-638
-570
-401
-291
-292
-238
-158
-215
-389
-573
-739
-930
-1171
-1368
-1473
-1549
-1568
-1526
-1395
-1169
-945
-666
-327
8
349
637
911
1128
1212
1279
1431
1537
1522
1494
1501
1555
1490
1411
1448
1421
1327
1144
913
782
542
152
-155
-405
-649
-907
-1087
-1070
-1044
-1080
-1010
-865
-737
-671
-713
-671
-592
-663
-753
-796
-807
-868
-917
-766
-595
-492
-349
-221
-103
-27
-55
-135
-245
-435
-635
-822
-983
-1097
-1231
-1241
-1108
-977
-810
-551
-247
70
331
567
794
960
1083
1166
1262
1352
1396
1557
1787
1867
1957
2069
2158
2162
1940
1730
1531
1162
757
344
11
-187
-526
-800
-749
-721
-723
-610
-467
-288
-242
-282
-248
-293
-373
-450
-548
-533
-485
-456
-252
-17
96
181
232
238
156
-79
-385
-717
-1116
-1499
-1849
-2100
-2195
-2245
-2201
-1976
-1661
-1329
-950
-524
-160
147
445
695
884
1051
1240
1413
1514
1646
1856
2023
2173
2224
2192
2199
2052
1751
1465
1071
675
323
-121
-426
-630
-829
-872
-851
-750
-592
-541
-413
-212
-136
-60
-8
-19
30
12
-7
46
62
91
103
120
126
27
-102
-227
-441
-747
-1085
-1395
-1705
-1996
-2224
-2427
-2490
-2459
-2410
-2206
-1908
-1579
-1176
-803
-419
-36
237
587
910
1091
1366
1609
1789
1994
2078
2175
2297
2204
2115
2002
1730
1521
1189
799
580
268
-19
-136
-302
-326
-266
-262
-99
3
31
146
130
98
87
-19
-75
-145
-234
-257
-300
-320
-286
-286
-263
-240
-291
-401
-545
-707
-924
-1184
-1391
-1563
-1705
-1763
-1743
-1609
-1432
-1216
-911
-615
-301
12
217
424
612
682
763
856
901
939
965
1059
1173
1211
1321
1446
1520
1568
1521
1408
1265
1038
775
534
295
114
-27
-126
-139
-133
-130
-70
24
123
202
194
160
123
8
-136
-239
-331
-447
-559
-599
-587
-601
-605
-581
-586
-655
-789
-904
-994
-1113
-1228
-1303
-1305
-1239
-1182
-1079
-912
-765
-604
-419
-207
-5
125
242
344
382
410
455
500
535
623
750
868
1005
1131
1281
1446
1541
1578
1585
1552
1489
1366
1159
980
790
588
467
349
228
179
133
33
-91
-245
-380
-542
-735
-881
-1042
-1200
-1274
-1319
-1325
-1250
-1154
-1048
-946
-867
-800
-787
-805
-850
-984
-1124
-1253
-1420
-1568
-1652
-1681
-1644
-1537
-1373
-1159
-939
-711
-469
-228
15
239
458
683
903
1097
1288
1523
1763
1996
2202
2374
2553
2676
2714
2702
2619
2452
2233
1987
1713
1379
1021
702
435
163
-86
-273
-408
-497
-596
-667
-678
-698
-734
-743
-761
-789
-837
-878
-885
-933
-960
-953
-969
-971
-997
-1046
-1067
-1121
-1168
-1203
-1268
-1291
-1319
-1320
-1214
-1091
-931
-753
-553
-273
-10
203
410
569
715
848
915
1011
1079
1098
1147
1165
1221
1305
1344
1395
1424
1374
1310
1228
1116
993
766
514
315
77
-130
-300
-432
-464
-532
-609
-608
-619
-595
-567
-573
-523
-514
-536
-493
-499
-488
-491
-565
-575
-602
-672
-731
-800
-853
-899
-943
-915
-872
-846
-767
-661
-546
-417
-284
-115
47
191
330
467
621
754
863
1003
1106
1146
1174
1174
1164
1148
1106
1076
1037
973
914
858
814
741
596
439
300
111
-86
-226
-351
-477
-560
-618
-639
-617
-588
-526
-440
-393
-370
-363
-384
-405
-462
-529
-556
-630
-737
-801
-882
-956
-1011
-1074
-1074
-1077
-1086
-1040
-974
-863
-740
-632
-461
-285
-154
23
215
393
569
713
842
967
1036
1098
1157
1199
1241
1221
1191
1175
1132
1072
996
878
786
713
585
477
396
318
267
171
74
28
-54
-134
-189
-244
-230
-207
-152
-31
46
107
166
218
254
209
149
98
-17
-157
-305
-468
-581
-688
-817
-901
-938
-955
-956
-949
-897
-840
-815
-748
-635
-535
-465
-398
-308
-220
-154
-87
0
85
160
212
281
381
446
502
577
644
685
675
661
658
610
552
521
510
510
490
468
464
418
348
268
182
96
-15
-142
-236
-303
-358
-367
-355
-318
-255
-218
-177
-113
-91
-88
-82
-126
-210
-303
-420
-529
-618
-716
-762
-747
-719
-659
-589
-493
-403
-343
-247
-166
-116
-81
-62
-2
66
83
147
236
303
380
440
499
588
635
656
674
647
592
486
387
309
208
147
123
105
90
70
79
101
108
60
14
-15
-61
-97
-112
-101
-93
-90
-80
-37
12
40
99
159
171
179
171
141
108
51
-33
-113
-197
-277
-350
-411
-414
-413
-411
-400
-385
-369
-364
-374
-372
-368
-390
-383
-379
-340
-237
-149
-50
76
199
324
442
548
621
668
705
694
647
597
556
535
535
525
521
524
503
483
456
398
342
263
168
81
-19
-81
-133
-194
-229
-222
-172
-149
-133
-96
-77
-58
-51
-97
-151
-199
-281
-386
-461
-529
-596
-637
-658
-658
-665
-653
-621
-598
-557
-509
-483
-463
-443
-449
-452
-443
-429
-366
-288
-189
-70
45
167
278
367
459
517
532
537
536
539
527
524
519
516
501
466
441
428
416
386
353
318
263
210
173
140
121
94
62
29
4
-1
14
43
70
79
60
36
-16
-106
-189
-278
-366
-421
-500
-564
-592
-605
-593
-574
-553
-496
-436
-383
-327
-317
-295
-270
-268
-276
-271
-256
-217
-173
-124
-37
58
159
270
336
375
409
411
411
402
394
410
416
429
474
513
554
589
596
603
621
596
553
491
395
314
229
146
84
18
-41
-74
-110
-132
-127
-100
-62
-60
-59
-52
-80
-121
-153
-188
-230
-290
-359
-404
-417
-419
-426
-416
-394
-383
-371
-366
-374
-386
-395
-403
-401
-406
-416
-425
-409
-356
-304
-240
-136
-18
73
135
198
263
303
331
358
352
331
330
326
330
345
358
367
369
375
381
367
332
290
245
212
170
113
71
35
24
33
33
38
37
38
62
86
87
80
62
32
-4
-34
-49
-68
-72
-61
-53
-36
-33
-50
-71
-95
-113
-141
-193
-248
-310
-363
-395
-415
-417
-389
-354
-316
-267
-202
-112
-31
20
60
97
132
167
193
200
191
163
145
141
133
118
82
41
4
-28
-59
-98
-131
-155
-175
-190
-187
-175
-156
-127
-81
-25
26
76
118
125
119
115
95
68
21
-32
-74
-110
-122
-114
-102
-67
-29
8
42
64
81
97
109
118
112
96
92
84
86
87
108
153
195
257
322
384
437
475
527
578
590
587
577
543
499
442
367
299
221
157
97
17
-48
-118
-206
-277
-343
-395
-424
-461
-468
-466
-457
-418
-376
-333
-308
-285
-261
-258
-272
-305
-333
-355
-389
-432
-473
-500
-530
-543
-533
-516
-492
-470
-445
-406
-368
-337
-294
-237
-191
-133
-67
-7
51
107
159
202
251
305
359
410
461
497
524
561
592
610
616
623
619
624
624
609
592
575
551
504
444
387
333
265
213
188
170
150
134
114
90
67
45
13
-34
-79
-121
-163
-212
-271
-312
-341
-370
-383
-399
-421
-435
-440
-440
-456
-478
-492
-491
-504
-524
-518
-504
-486
-460
-434
-389
-334
-298
-257
-189
-117
-52
9
82
152
194
228
252
266
268
266
273
284
294
309
340
358
369
381
375
359
340
316
289
272
257
244
237
233
234
233
226
226
218
200
173
133
93
35
-20
-72
-127
-170
-198
-218
-237
-241
-242
-234
-233
-244
-269
-290
-309
-327
-340
-354
-362
-360
-355
-331
-299
-267
-229
-190
-143
-106
-76
-41
-7
27
46
48
59
82
109
132
158
192
212
233
270
302
332
354
367
362
333
308
285
258
235
220
205
201
195
187
191
182
170
158
137
104
53
0
-47
-97
-139
-166
-180
-198
-207
-203
-202
-209
-220
-231
-241
-254
-276
-301
-319
-326
-338
-342
-325
-304
-276
-239
-208
-182
-158
-141
-123
-99
-77
-62
-49
-26
0
13
22
48
65
84
110
136
177
206
215
220
225
228
223
207
200
194
188
179
167
160
152
156
151
146
134
109
93
81
63
32
11
-7
-22
-30
-37
-48
-52
-43
-30
-10
-8
-21
-32
-45
-55
-61
-66
-64
-71
-90
-88
-67
-38
-12
9
33
41
40
60
75
75
68
49
26
-5
-23
-15
-2
13
23
33
48
49
52
53
50
49
51
47
36
29
26
22
8
-3
-2
-4
-18
-34
-35
-59
-85
-92
-103
-116
-141
-160
-176
-189
-196
-197
-195
-197
-185
-166
-138
-119
-107
-85
-72
-65
-49
-30
-25
-23
-33
-37
-32
-19
3
19
29
38
48
67
84
90
105
128
144
152
147
140
139
134
132
133
135
135
137
131
131
145
161
167
166
143
114
79
50
35
16
-3
-22
-26
-28
-24
-26
-39
-47
-58
-61
-57
-56
-68
-90
-114
-123
-125
-133
-136
-137
-140
-143
-151
-151
-142
-129
-108
-88
-66
-44
-30
-13
5
15
27
39
47
60
59
53
50
53
60
67
79
82
69
70
69
63
61
57
54
49
42
44
50
52
63
83
95
96
93
85
83
83
90
95
90
76
59
39
13
-16
-41
-52
-59
-59
-53
-63
-71
-77
-80
-85
-90
-84
-82
-83
-76
-72
-74
-73
-68
-56
