12
5
-7
-17
-22
-17
-4
2
1
-3
5
22
20
17
14
4
-7
-15
-24
-31
-28
-27
-34
-25
-10
-11
-21
-36
-42
-23
-22
-28
-29
-34
-21
-3
-5
-2
-1
3
5
-2
-4
-9
-1
9
13
11
10
11
19
33
15
2
-19
-38
-36
-31
-25
-30
-37
-30
-24
-24
-23
-17
-10
-2
10
2
-8
-18
-23
-27
-36
-28
-16
-17
-19
-24
-24
-18
-11
-10
-9
-9
-12
4
5
11
20
20
16
20
25
29
34
35
31
25
20
15
15
0
4
6
15
12
8
9
-3
9
24
29
38
46
50
44
36
27
13
11
20
21
17
14
20
20
20
17
10
10
-6
-16
-23
-24
-13
-2
6
1
-5
-2
6
13
23
31
36
37
32
20
14
15
22
25
28
46
60
50
44
33
12
0
-9
-14
-11
-4
-4
-5
-22
-31
-38
-43
-33
-21
-20
-21
-17
-14
-8
-15
-20
-22
-24
-33
-50
-54
-54
-49
-34
-36
-40
-44
-51
-49
-46
-36
-19
1
7
7
5
8
13
6
1
-15
-29
-29
-37
-39
-33
-14
-2
-4
-11
-26
-26
-33
-39
-22
-10
-2
4
10
9
10
23
30
20
11
4
-6
-10
-20
-12
10
31
39
34
21
9
6
11
22
29
26
13
-12
-21
-14
-14
-11
-10
6
18
15
17
7
-5
-20
-22
-16
-4
18
38
43
34
30
40
44
41
50
43
22
11
19
31
38
46
59
64
59
44
27
19
12
4
-4
-8
-12
-6
-12
-24
-23
-13
-8
-14
-16
-14
-3
4
6
-8
-19
-24
-30
-28
-22
-12
-6
5
21
20
15
6
-2
-3
-1
7
13
23
12
5
9
-2
-9
-19
-26
-30
-32
-28
-28
-19
-13
0
12
12
16
13
0
-10
-5
-2
4
12
10
7
-4
-8
-1
6
9
4
-12
-8
10
16
10
-11
-19
-14
-8
-9
-18
-35
-41
-42
-41
-39
-40
-36
-27
-32
-51
-50
-45
-42
-36
-33
-36
-25
-3
2
6
-5
-15
-16
-12
2
4
7
13
21
22
23
32
24
10
-2
-13
-20
-23
-23
-26
-20
0
11
19
17
10
-2
-14
-8
5
15
16
8
16
20
26
32
37
40
31
28
18
20
34
44
58
61
69
65
42
18
11
10
7
13
3
2
3
0
3
-2
-4
-2
5
7
15
33
43
39
42
46
32
24
23
18
18
19
18
10
-7
-27
-33
-32
-36
-41
-50
-40
-31
-31
-41
-49
-47
-34
-8
3
7
1
-9
-4
0
3
12
22
23
19
18
10
7
13
20
28
28
22
10
-5
-18
-24
-19
-18
-19
-27
-37
-36
-31
-15
-21
-31
-17
-6
-10
-13
-5
2
0
-7
-2
1
4
-9
-12
-8
-21
-36
-46
-43
-41
-32
-16
-3
3
15
28
32
24
5
-15
-33
-54
-48
-31
-15
-11
-9
-2
4
7
-8
-23
-32
-32
-34
-38
-32
-21
-3
0
3
10
3
6
12
13
10
5
17
24
17
6
-5
0
10
20
33
36
31
31
30
28
23
1
-11
-3
7
14
21
25
32
41
35
30
34
38
33
16
10
-5
-3
21
37
42
41
36
20
5
-12
-12
-8
-7
4
1
-13
-12
-11
-6
-8
-12
-7
-2
-2
13
27
32
25
24
30
23
18
27
52
60
71
57
47
38
30
32
20
10
1
0
0
-4
4
-7
-29
-41
-56
-55
-52
-53
-49
-32
-21
-26
-31
-39
-43
-40
-36
-25
-18
-12
-3
10
9
-12
-24
-43
-67
-91
-92
-76
-65
-52
-49
-42
-35
-31
-33
-35
-40
-39
-21
-7
7
14
16
16
21
38
44
43
34
22
13
3
-4
-24
-23
-20
-14
-2
8
26
21
-2
-9
-12
-12
-13
-18
-14
4
28
32
35
35
18
4
-5
-7
-1
4
12
20
39
48
39
32
22
10
4
-1
0
4
8
15
7
-1
0
4
15
16
24
31
28
14
-4
-3
7
26
33
31
42
51
55
51
53
37
32
37
33
36
29
27
27
10
-15
-20
-30
-32
-29
-35
-37
-26
-10
17
36
28
18
-7
-27
-26
-21
0
10
1
-11
-23
-35
-40
-31
-20
-10
-7
-9
-12
-24
-28
-41
-35
-20
-20
-5
-3
-5
-12
-35
-40
-30
-34
-16
1
4
13
9
7
8
10
33
52
40
23
3
-28
-47
-73
-62
-37
-30
-20
-21
-35
-45
-45
-49
-36
-30
-8
13
11
24
19
16
45
55
49
31
13
15
39
60
51
25
9
-5
-27
-42
-40
-36
-8
-6
-36
-36
-15
4
24
11
-24
-48
-83
-76
-51
-22
19
31
26
6
-11
7
30
33
19
-14
-27
-21
-20
22
59
79
77
35
-2
-14
3
63
88
31
-44
-106
-110
-69
-25
32
49
22
-19
-67
-95
-44
53
132
155
87
-2
-52
-81
-32
43
90
113
49
-49
-118
-131
-55
68
142
164
148
40
-37
-52
-75
4
99
128
141
100
19
13
-9
-31
16
19
24
61
46
30
23
-28
-51
-47
-30
41
110
122
87
15
-59
-61
-43
-10
40
37
28
20
-62
-124
-108
-41
42
75
23
-54
-118
-156
-144
-106
-12
88
100
39
-73
-174
-161
-84
25
124
121
38
-78
-179
-225
-166
-62
6
6
-51
-141
-186
-172
-155
-74
22
39
33
-35
-66
-18
-5
71
62
-3
63
33
-39
20
11
71
191
43
-65
-71
-127
6
65
66
210
176
107
36
-199
-136
12
-81
84
134
-32
86
30
-16
225
159
162
242
39
46
16
-110
31
-65
-139
-40
-199
-74
111
30
213
194
-23
115
92
82
231
93
137
132
-178
-114
-21
-25
119
35
-43
-22
-160
-136
-51
-53
115
129
-70
-136
-134
-65
79
171
352
573
529
363
274
188
167
105
19
-88
-308
-459
-496
-372
-157
-72
16
116
80
8
-35
-16
126
256
295
339
329
318
278
314
349
153
-67
-236
-474
-521
-418
-317
-47
60
106
211
-17
-231
-101
-147
-458
-646
-737
-749
-621
-175
642
750
-50
-680
-1065
-958
-426
-330
-194
-31
-453
-728
-841
-748
142
734
738
653
86
-228
-242
-298
863
1992
1865
1421
253
-1130
-1513
-1376
-778
59
399
277
-374
-1076
-1049
-276
920
2149
2311
1315
273
-355
-390
121
669
927
374
-639
-1262
-1385
-1168
-758
-386
-80
97
29
-244
-1072
-1488
-83
2106
3190
2740
1916
1400
641
51
120
305
415
219
-749
-1903
-2763
-2582
-1033
319
588
-270
-1337
-947
-105
527
1188
980
837
612
-824
-1859
-1763
-1076
-173
-634
-1833
-1986
-1818
-1113
-38
136
555
700
-88
-380
-547
452
3035
5026
5282
3139
467
-219
-162
-13
677
906
709
34
-1544
-2343
-1501
415
2463
2671
1175
-550
-1402
-472
906
1707
2106
1433
258
-543
-1519
-2286
-1557
-348
-286
-1365
-2597
-2840
-1881
-295
1093
1658
1477
905
96
-678
-1172
-891
550
1460
1047
739
540
135
-238
-835
-1441
-1279
-440
-365
-1184
-1159
-485
-236
634
1291
1341
2262
2308
387
-914
-1150
-758
292
209
-728
-952
-841
-672
-1283
-2018
-1131
-553
-844
-965
-1407
-928
330
519
232
159
-233
-167
-416
-1350
-1007
-1166
-2335
-2015
-2468
-3644
-1428
1283
7112
16779
14040
2450
-1350
-2304
-1899
1728
1162
964
2495
-1912
-7890
-10128
-5925
1684
5534
6672
618
-8382
-5816
-1118
1640
7993
6639
2250
1835
-2575
-4711
-1926
1073
4064
2587
-1107
-3753
-6483
-4961
-2284
-1339
735
-1240
-4603
-4420
-5063
-2266
2183
2133
2425
531
-2784
-2263
4796
20025
22307
6969
-1950
-5567
-7628
-3133
-2065
-21
6306
2066
-7161
-11943
-10537
43
10013
13840
8677
-5719
-8785
-3334
-1741
5372
7955
2569
1529
-3367
-8872
-6626
-2455
3655
7131
4201
766
-3046
-4630
-1815
362
1725
936
-3380
-6658
-8460
-6495
-862
2053
2220
-540
-5053
-5141
-2701
1788
15453
24885
16459
6545
-134
-8354
-6333
289
1332
3962
1211
-9267
-13899
-11814
-5308
3486
10183
10339
13
-6976
-4962
-4874
1730
9681
5565
1993
-2870
-10598
-8478
-2742
2783
7711
5863
1404
-2970
-5227
-2502
-209
1701
2548
-1664
-5796
-9733
-12059
-7476
-3135
-824
1513
-1171
-3042
-1929
-1687
712
4989
19886
32546
17475
-2244
-6745
-8256
-3549
1605
-1507
917
2453
-6804
-13959
-13958
-4656
9094
16200
14644
-1237
-13925
-6239
-156
4776
11495
3708
-2404
-2430
-7595
-7029
-2205
2219
6859
5315
1207
-2417
-4632
-1140
1372
1444
1580
-3319
-7526
-8074
-7806
-4141
-1981
-1216
1755
537
-416
909
379
2600
5386
13548
26268
20680
2628
-6014
-8786
-6891
-1436
-1718
-1841
9
-4372
-9458
-10302
-4858
5551
12481
13936
4349
-10257
-9613
-3381
621
9448
7653
-2777
-6460
-9388
-8301
-919
5644
9799
6729
776
-1880
-4014
-2100
1397
935
739
-3096
-10966
-13718
-12942
-8136
-1180
900
1782
988
-453
3749
5450
4235
6127
9594
22699
29156
9194
-8413
-10336
-10215
-4584
-1822
-5433
-1701
-1086
-7919
-10669
-9353
680
12251
15100
10773
-5725
-15124
-5457
152
5008
8320
-1232
-5457
-5421
-7730
-3753
1770
6209
6969
2119
-311
-1749
-2516
1162
1341
-2271
-5396
-9982
-12088
-12729
-9766
-2786
-1025
1319
4450
2715
5826
8971
6821
7177
8538
18858
29380
15121
-4555
-10559
-12125
-6906
-2092
-4624
-1678
806
-4565
-7601
-7706
-273
11532
15614
13758
-284
-14214
-7579
-196
3123
6485
-2414
-7407
-4308
-5217
-1335
3783
5487
6989
3918
1521
1290
-967
178
770
-3420
-7184
-12216
-14808
-13860
-11815
-5188
-1595
-306
4009
4643
5913
9248
8239
7576
6510
9534
22571
22236
2773
-10398
-14108
-12996
-7304
-5844
-4894
-378
-608
-3935
-6363
-4331
5460
13249
14956
8124
-8417
-12405
-4065
-835
4068
3550
-4676
-5062
-3848
-3223
1396
4678
7057
7717
4369
2803
1646
-364
214
-2636
-8441
-12422
-16417
-18181
-16413
-9180
-422
3005
5628
6831
6525
9636
13195
11188
11911
27118
29930
6865
-9579
-15355
-17292
-7663
-3970
-7230
-2381
-3754
-9302
-7937
-3975
7113
16937
18720
13543
-6040
-14910
-6405
-3564
6088
10252
-5650
-12464
-11963
-10482
-490
5601
8336
10982
6148
2041
1487
382
3310
4224
-449
-7423
-16925
-21476
-19418
-13271
-4628
-196
2178
4082
4914
7220
10513
13681
12665
19316
32619
21093
-2770
-11220
-16158
-14210
-5941
-8612
-7317
-2286
-8165
-10234
-7939
-600
13877
18246
16834
6865
-12079
-9279
534
2631
11014
4042
-11792
-13475
-13929
-8468
3553
8532
11904
9714
729
-241
1298
2147
5358
1700
-4775
-11719
-20460
-22248
-16367
-8241
-2294
1705
3421
3889
5551
6912
8918
11388
22527
32574
17331
-3832
-10855
-14881
-10967
-4598
-7631
-4677
-1566
-8874
-11709
-9569
876
16670
20498
16832
2976
-11318
-4752
1112
2934
8602
442
-8118
-8980
-13440
-10003
-431
5267
10856
9533
2531
1207
1888
3594
5319
1422
-3133
-7636
-13436
-16007
-13577
-8936
-4859
-754
1178
2136
4492
5850
7808
9753
17771
29205
21441
3076
-6573
-13436
-11907
-5269
-8371
-7834
-3774
-8335
-10306
-9047
-3497
10599
17852
15712
6218
-7902
-7990
-157
3522
7095
2244
-6003
-7309
-10619
-10528
-2446
3055
7404
8737
3170
859
1524
818
3038
2193
-3761
-6949
-10367
-14767
-13032
-8711
-5675
-1200
2127
4025
5321
5505
5793
9241
23977
32576
16391
-689
-7637
-12691
-7439
-3207
-7600
-4970
-4834
-11552
-13149
-10761
171
13737
18656
15772
-62
-10580
-3527
743
5997
10705
916
-6018
-7420
-11590
-8471
-1099
3549
7226
6058
2878
1809
680
1831
3733
2758
-1004
-6737
-12204
-14416
-10863
-6624
-4351
-1232
-410
691
3819
4488
5234
11863
25366
29935
14783
-1317
-8983
-11284
-4338
-582
-4799
-4789
-7314
-14128
-14843
-9981
1019
13542
17705
11541
-3088
-10272
-4306
1710
8789
10977
1534
-5375
-9251
-12665
-7738
-124
4174
6802
3798
-903
-1300
-644
1821
4658
3239
-1344
-7151
-12548
-13942
-10178
-5306
-1823
-726
-840
82
2133
4513
5400
15753
31565
25258
6672
-2969
-10484
-8983
-1017
-2405
-2051
-1310
-9692
-15207
-15675
-8474
6784
15972
18257
8285
-8712
-8064
-2240
1433
11567
8395
-2751
-5948
-10934
-11651
-4087
1084
5524
6880
2486
930
435
-177
3584
4624
1402
-1706
-7727
-13145
-11092
-7212
-5092
-2339
-2170
-2439
-172
2512
4156
7067
19836
29935
19148
4479
-3556
-9126
-4691
-1033
-4973
-2866
-3324
-10867
-14687
-14542
-6354
6339
14749
16150
2533
-9883
-5983
-1797
5057
12685
4833
-3666
-5774
-10552
-9659
-3088
1910
6954
6534
1421
-562
-1692
307
5189
4771
1339
-3048
-9468
-11460
-7913
-5600
-2849
-691
-3460
-3590
-422
1735
3666
9295
23246
28411
14403
1951
-4579
-7279
-579
629
-3983
-2645
-6088
-12142
-13486
-12421
-3367
7883
13438
11199
-2577
-9939
-3913
1713
9811
12416
1734
-5433
-7490
-9500
-5845
-797
2212
4897
3254
-616
-1935
-1191
2440
5903
4265
-77
-4762
-9625
-10025
-5330
-3109
-2599
-1251
-3204
-4376
-2342
504
3885
10632
24361
27007
11324
-37
-4721
-5438
1648
1634
-3149
-2158
-6618
-13020
-13780
-10774
-584
8785
11925
8326
-5642
-10433
-2370
2460
10215
12307
1455
-4603
-7269
-9679
-5333
-21
3353
5078
1829
-2264
-3657
-3038
1041
4567
3123
-750
-5441
-10044
-9810
-4587
-1686
-472
414
-3252
-4663
-1990
-492
2317
9066
21878
26188
11427
-2022
-6652
-6354
1276
2545
-2390
-1451
-5058
-11545
-12157
-10108
-668
9837
12296
8021
-5358
-11001
-2933
2891
10095
12022
2066
-3091
-5486
-8309
-3939
953
4028
6242
2658
-1763
-3256
-3049
716
3245
2188
-604
-5062
-8188
-8195
-4969
-1383
657
1816
-254
-2366
-2412
-768
2266
5805
18305
26198
12879
-1188
-7253
-8923
-1082
2037
-1283
548
-3276
-9727
-11336
-11609
-1878
9009
11487
10180
-3704
-13270
-5452
193
7210
11522
2380
-3187
-5676
-9009
-5054
-226
3538
6884
3634
-1109
-3185
-3903
-574
2681
1814
-1243
-5381
-8979
-9269
-5634
-1880
646
2963
1428
-1047
-1307
-1174
1234
5113
16254
26650
16528
531
-7201
-10316
-3398
2321
-394
1157
-340
-7669
-10879
-12074
-4578
8307
13201
12078
-454
-12932
-7397
-313
5852
11866
4286
-2940
-5245
-9600
-6090
611
3751
7356
5169
-1112
-3394
-3789
-1055
2525
1200
-1988
-5859
-9868
-10130
-6415
-1848
857
2138
1849
600
-504
-625
1955
2710
9303
24443
21578
4401
-4946
-11115
-8313
108
-1718
-807
2033
-4107
-8481
-11618
-8333
5304
12060
13573
6023
-11678
-11565
-2128
2475
10694
7949
-1609
-4420
-9007
-8150
-333
3483
7069
7200
797
-2515
-3201
-2261
1536
1621
-2060
-5833
-9675
-11348
-8101
-2574
758
2378
2706
1801
1391
467
1646
2499
5784
21705
26321
8957
-3649
-10718
-11852
-2271
-786
-1560
3289
-1447
-7946
-11278
-10567
3091
13062
14700
10744
-7677
-14134
-3431
1046
8446
11021
836
-4134
-7949
-9460
-1649
3902
7159
8561
2356
-2133
-2497
-2980
481
2440
-1451
-5417
-8717
-11598
-9886
-4045
-430
1255
3020
2427
2137
1500
731
2012
3657
15210
24835
12840
-1637
-9453
-14309
-7081
-1107
-1996
2489
739
-6980
-10442
-11277
-1055
11645
14429
12410
-1877
-14409
-7926
-639
5736
10974
3524
-4508
-8320
-10678
-4550
3518
7223
8944
5003
-920
-2666
-2983
-643
2599
493
-4384
-8122
-11883
-12131
-6298
-1344
927
3374
3005
2441
2196
564
2492
3121
11005
27076
20922
1630
-7998
-15170
-10617
-224
-1161
1824
3441
-5736
-10395
-12214
-5054
11232
15955
15287
5019
-14668
-12470
-1725
2849
11480
7286
-4197
-7712
-10948
-6704
3201
7184
10247
8310
677
-1953
-3317
-2741
2140
1067
-4034
-7245
-11532
-13717
-9063
-2948
-304
2224
3599
2518
2021
773
1763
2795
6827
23313
26177
7319
-5902
-14496
-14735
-2672
-223
-49
3908
-3619
-10279
-11513
-7657
7970
16353
16127
10703
-9428
-15614
-4334
1059
10150
11723
-1020
-7291
-11058
-10672
-751
5842
9677
9939
3156
-627
-2376
-3521
721
2374
-817
-4501
-9872
-14288
-12319
-5707
-850
2092
3939
2807
1646
940
1791
3105
6248
22128
28544
9853
-5676
-13965
-16055
-4070
122
-1193
3145
-3630
-11489
-12463
-9762
5781
16368
16353
12791
-7363
-17651
-5762
1291
9690
12505
-949
-8693
-11532
-12203
-3067
4926
9325
10611
4274
-690
-2323
-2979
811
3207
229
-4421
-9271
-14113
-13360
-5592
-1213
105
2947
1945
1329
2106
1159
2950
5781
17294
28412
15115
-3083
-11138
-16075
-7839
-96
-2653
1184
-462
-9192
-11100
-10166
1281
15484
17878
15822
-24
-15615
-8282
-768
5915
13247
3158
-6830
-9590
-12202
-5314
3606
7890
10754
7070
1675
-848
-3521
-1188
2349
754
-2354
-7295
-13154
-14015
-8002
-2337
-244
2534
2678
1676
2469
1574
1975
5230
18097
30163
17620
-1200
-10422
-16531
-9319
-692
-2066
1586
-356
-9822
-12612
-12195
-798
14889
19155
17672
1791
-15337
-9575
-834
6773
13500
3462
-6962
-10174
-13112
-7648
1363
6932
10317
7665
2225
-923
-2764
-845
3145
2602
-2081
-7404
-12383
-14209
-8739
-3266
-2560
176
1285
519
1858
1047
1528
4934
16356
29437
19351
-3
-8852
-15177
-10664
-1544
-2362
427
550
-8768
-13104
-13259
-3757
12860
19642
18727
4235
-13872
-10849
-2604
4673
12399
4595
-5856
-9692
-13174
-8847
14
6059
9971
8052
3455
353
-2570
-1440
2441
3246
-91
-5741
-10385
-12871
-9348
-3220
-2391
-425
1768
733
1177
250
33
4441
17167
29819
20397
1088
-8608
-14485
-10462
-1554
-1384
1203
985
-8523
-14257
-15072
-4936
12744
20705
19881
5344
-12797
-10544
-2402
5840
14193
6441
-4159
-9230
-13903
-9967
-1510
5118
10123
8441
3834
627
-2787
-1585
2756
3974
1488
-4388
-9946
-12361
-9569
-4018
-2545
-1198
333
-412
28
-169
-737
3789
19103
29925
17889
731
-8565
-13708
-8429
-2333
-2041
1453
-597
-8683
-13962
-15617
-4747
11612
20010
19756
2472
-13236
-8871
-2758
6902
13969
4506
-3279
-8501
-13560
-8697
-1449
5092
10108
7446
2972
-99
-2707
-949
2475
3418
1025
-4285
-8851
-11174
-8436
-3683
-2660
-532
567
-633
-350
-743
-960
4431
21204
29903
15163
-227
-8738
-13313
-6488
-2182
-1949
3121
-899
-9609
-14259
-15683
-3795
11578
19441
18662
46
-13098
-8251
-3781
7892
14659
4034
-3127
-9445
-13973
-7738
-1523
4991
9814
5829
1622
-1620
-4009
-1069
2246
3598
950
-5186
-8907
-10535
-7139
-2168
-1461
477
496
-1157
-213
-1161
-1599
5353
21022
27301
12944
-1860
-9249
-11910
-5271
-1188
-568
3860
-152
-8889
-13493
-14015
-2743
11709
18695
15850
-2153
-12523
-7341
-2817
8624
13873
3771
-1905
-7797
-12503
-6638
-581
5467
9539
5333
844
-2598
-4274
-637
2027
2887
956
-4863
-7868
-8230
-5436
-1446
-158
1193
355
-1164
-786
-1643
-1302
8392
24358
24710
8536
-3952
-10932
-10566
-2950
-1525
393
4178
-2457
-10119
-14093
-12480
338
12365
17986
11490
-7352
-12171
-6390
-941
11496
12071
1880
-2624
-9416
-11626
-4737
1013
7504
10422
5738
76
-4661
-4494
-298
2421
3281
-749
-6203
-8793
-9271
-5001
-1166
693
2362
158
-2039
-2841
-4395
-2017
13259
28689
20776
3124
-6970
-12688
-7965
-1204
-1795
3264
4334
-4706
-11119
-15855
-10142
4717
14264
19200
6772
-12594
-10859
-6009
810
13916
9598
1111
-2306
-10325
-10789
-4647
1664
9462
10481
5416
-769
-6281
-4784
-382
1848
2216
-2405
-7129
-9380
-8594
-3792
-675
2511
3830
270
-2388
-4278
-5146
807
16633
27987
18022
960
-8947
-12962
-6409
197
618
5100
3851
-5288
-11298
-14160
-6531
7582
15827
17354
2931
-12910
-10161
-4973
3521
13367
7521
198
-3443
-9616
-9250
-3707
2991
9614
9586
4407
-2189
-6702
-4453
-405
2091
1594
-3471
-7620
-9697
-7513
-2458
182
3925
4296
201
-1887
-4153
-5551
2902
21526
27548
12164
-3062
-11787
-13284
-3878
-102
396
5534
1235
-6745
-11645
-13634
-2784
10147
16971
15459
-4218
-15378
-8307
-3506
7792
13762
3732
-628
-3927
-8903
-6348
-2023
5067
11100
8931
3423
-4184
-7738
-2915
926
2235
424
-5465
-8674
-9313
-5924
-1397
963
5016
4150
-4
-1732
-4778
-5606
5387
23974
26163
9399
-5321
-13577
-12075
-2274
-203
917
4876
-431
-7790
-12984
-12958
-807
11023
17216
12305
-8093
-15134
-8039
-2537
9554
11571
1786
-905
-4842
-8373
-5529
-1258
6477
11029
7713
2581
-4582
-7230
-2182
680
1387
-1075
-6503
-8768
-8783
-5134
-1160
1259
4872
3672
196
-1307
-4655
-4144
9116
24987
22463
6005
-7298
-13986
-9661
-1386
-409
2001
4209
-1354
-7736
-12493
-9855
2367
12701
17715
8645
-10521
-13386
-6887
256
11275
9286
401
-2459
-6065
-6990
-3726
764
7690
10566
7209
1675
-4689
-5823
-1540
1233
1216
-2344
-6774
-8775
-7592
-3115
-778
1713
4894
3144
1068
-1110
-5121
-2879
12534
26674
19586
2465
-9379
-14602
-8238
-989
-918
2765
3863
-2194
-8035
-12726
-7945
4767
14098
17674
4658
-12965
-12126
-6617
1781
12503
7399
-765
-3237
-7433
-7157
-3585
1050
8433
10494
6339
-418
-7273
-6623
-1029
1530
330
-4454
-9008
-10115
-7055
-2505
-182
3265
5089
2744
208
-2811
-5614
3337
23078
26496
10190
-4156
-13286
-13149
-3137
-533
627
4348
-447
-5927
-10521
-11572
-487
10073
16952
14615
-5899
-14717
-8263
-3891
7918
12204
2089
-2932
-5829
-7119
-3644
-673
4835
9418
8380
4557
-2428
-6501
-3359
933
2358
-1228
-7013
-10411
-9736
-3966
-237
1080
4540
4521
1716
-303
-4008
-3129
12513
27600
20491
2933
-9200
-15282
-9728
-1565
-478
2538
2252
-4160
-8765
-12273
-7172
5261
13714
17572
5796
-12290
-12704
-7184
441
11437
8220
-1128
-5248
-7794
-5744
-1862
1907
7438
9199
6360
1112
-5069
-5672
-1687
1186
497
-4352
-9195
-11137
-8204
-2317
620
3192
5491
3494
531
-1706
-3936
3770
21898
26781
12131
-3909
-13895
-14489
-5991
-836
1634
3773
-585
-7014
-11366
-10329
-113
10890
17523
14054
-3421
-13883
-10672
-4279
6887
11819
3771
-4365
-7645
-6675
-2406
1938
6289
9115
8117
4323
-1912
-5861
-3614
827
2424
-906
-6727
-11226
-10301
-3956
530
2455
5000
4943
2659
418
-2704
-2641
10850
26562
21262
3949
-9567
-16783
-11606
-3299
-1219
2322
2159
-4028
-9169
-12656
-7232
4872
13862
18501
7073
-11020
-13155
-9177
-680
10720
8096
-579
-6251
-9220
-5730
-850
3546
8604
9109
6394
1357
-5100
-5596
-1699
1711
1530
-3756
-9338
-12554
-9742
-2479
984
3567
5674
3887
1865
-338
-3201
1495
16895
25682
15949
-339
-12726
-16026
-8484
-2455
-279
2614
337
-4936
-9314
-10412
-2333
8168
15919
16602
1275
-11980
-11679
-6996
3956
10841
4576
-2643
-7333
-8356
-3465
1248
6075
9900
9017
5190
-1402
-6100
-4746
-700
2251
-237
-6221
-10577
-12238
-7292
-647
1805
4821
5372
3202
2404
-212
-1907
5876
19629
24251
13227
-3449
-14661
-15248
-7529
-2323
-13
1862
-1197
-6237
-9718
-8507
363
10404
16969
13854
-1597
-11979
-11588
-5636
6134
10171
2440
-4162
-8101
-8089
-2445
2193
6540
10553
9405
4473
-2011
-6052
-4094
268
1758
-2037
-8146
-12521
-12433
-6728
-914
2798
5732
5881
4102
2682
-642
1822
18104
27587
17460
1838
-11932
-17406
-10519
-4895
-1962
2017
-929
-6344
-10244
-11216
-2193
8891
15799
17208
2848
-10932
-10239
-7559
2064
10261
2963
-4878
-8086
-9117
-4672
40
4228
9342
10224
7406
1384
-4696
-4150
-828
915
-880
-6902
-11832
-12731
-9297
-3889
-573
2758
5604
4465
3602
1617
4214
20498
28214
15577
1520
-9429
-14699
-9131
-5675
-2866
1418
-2651
-7947
-11505
-11497
-801
9767
15807
16062
1050
-9223
-7198
-5711
2234
7931
2579
-3670
-8947
-9323
-4461
-640
4988
8639
7728
7418
3081
-2165
-2108
-1633
-686
-1330
-5887
-9000
-10176
-8847
-5051
-2185
1585
5200
4515
2762
1159
1097
12603
26511
22985
8834
-3824
-12664
-11636
-7006
-4366
263
349
-4855
-10439
-14158
-7990
4228
13390
17893
8617
-5989
-9140
-6980
-769
7245
6530
608
-6245
-10316
-6983
-1833
3348
8022
7928
6659
4667
25
-2318
-1723
-547
-521
-3999
-8444
-10708
-9859
-6625
-2983
63
3114
4879
3834
2161
1062
9089
24871
26512
12199
-2088
-11781
-12557
-7441
-5014
-1007
732
-4164
-9974
-14834
-11938
61
11535
19219
13588
-3575
-10365
-8349
-2811
6386
7454
1806
-4392
-9934
-9076
-3986
1275
7016
8880
7458
5098
376
-2836
-2470
-487
467
-2573
-7755
-11654
-10780
-6147
-3130
-726
1988
3555
4061
2997
840
4573
18431
27682
19694
3710
-9147
-13961
-9568
-4956
-1991
835
-1426
-7027
-12893
-14262
-5979
6168
16621
18292
3735
-9228
-10421
-6276
4067
9447
3966
-2748
-7772
-8908
-5628
-1545
4350
8762
8762
6450
985
-3565
-3266
-1040
1080
-418
-5782
-9899
-10779
-6918
-3333
-2352
550
2724
3567
4042
2016
372
9038
24161
26897
14509
-955
-11898
-12661
-7192
-4297
-776
846
-3531
-9352
-14544
-12596
-1758
9693
18306
14033
-2681
-10701
-9529
-3297
8404
9852
1100
-5531
-9739
-8531
-3506
717
6239
9394
8558
5370
-732
-3874
-1257
1552
1974
-1517
-8083
-12191
-10519
-5665
-2531
-539
1541
2434
2431
2118
267
3170
18092
29560
22719
7171
-6934
-14156
-9797
-4525
-2278
1306
-447
-6588
-13069
-16527
-8808
4656
16004
20225
6742
-9527
-11100
-6556
4235
13000
5847
-4046
-8830
-10660
-7167
-2519
2357
8060
9253
6488
1106
-4228
-3371
858
2856
827
-5823
-11988
-12657
-8410
-4041
-2523
-347
1907
2113
2143
1483
-350
5702
21746
28670
18533
3130
-10093
-13866
-8034
-4297
-1509
1059
-2249
-8182
-14318
-15214
-5941
6541
17609
18161
1672
-10825
-10670
-4120
8410
11743
2726
-4792
-8906
-8725
-4365
-736
4283
8910
8967
5973
212
-3817
-2235
1385
2891
-1051
-8089
-11694
-10792
-6265
-3241
-2560
545
3223
3645
2810
706
325
10020
25515
27841
14884
-844
-12111
-12790
-6593
-3296
-356
894
-3602
-9769
-14939
-13424
-2424
10316
19277
15142
-2399
-11424
-8840
-1146
10167
9948
70
-6135
-9543
-8290
-3237
14
4728
8937
7957
4101
-1469
-4406
-1547
1941
2153
-2157
-8955
-11821
-9557
-5621
-3591
-2150
1123
3577
3819
2508
464
1225
12106
26607
26459
12309
-3308
-13589
-12369
-5525
-2906
-239
-69
-5842
-10963
-14347
-11648
-310
11183
17941
12092
-4487
-11232
-7245
1058
10842
8749
-1176
-7175
-9994
-7846
-2832
662
5386
8659
7195
3161
-1886
-4012
-1089
2129
1121
-4093
-9548
-11605
-9383
-5392
-3965
-2116
1737
4054
4655
3194
841
2455
13157
25815
24861
10963
-3934
-13254
-11881
-5888
-3249
-827
-1384
-5889
-10148
-13246
-9481
1504
11615
17136
10309
-4496
-9854
-6419
2165
10544
7253
-1770
-7742
-10165
-7274
-2490
1654
6404
8967
8080
3989
-1147
-2756
-484
2192
805
-4991
-10064
-11573
-9043
-5104
-3786
-1481
2177
3772
4569
3534
1865
3495
12378
23598
23630
11421
-3273
-12981
-12470
-7281
-5059
-2617
-2259
-5777
-9376
-12310
-9182
730
10464
16519
11195
-2561
-8689
-6964
370
8834
6932
-738
-7188
-11009
-8742
-3595
1306
6671
9745
9188
5062
-844
-3026
-1041
1964
2015
-3377
-9421
-12466
-11535
-7200
-3902
-747
3155
4866
5857
4875
2803
3288
9691
22213
26708
15056
-1383
-12400
-14273
-8760
-5308
-3582
-1632
-3726
-7680
-11679
-11119
-1966
9445
17450
15617
1651
-8730
-9076
-3064
7203
8937
1412
-5830
-11063
-10415
-5311
-834
5553
10844
10753
6774
-307
-4270
-1878
1577
2657
-1451
-9344
-14157
-14063
-10382
-4957
-1248
1884
4428
5436
4649
3097
3359
6572
17655
26491
18572
2279
-10565
-16026
-11789
-6852
-4885
-1296
-1771
-5824
-9961
-11931
-4892
7054
16062
19086
8239
-6033
-9370
-6698
2413
9694
5183
-2488
-9624
-12562
-8008
-2754
4071
11130
11767
8481
2108
-3994
-3347
-142
2009
902
-6519
-13516
-15420
-12916
-6068
-751
2368
5533
6390
5540
3927
2879
4048
13254
25393
22982
7794
-7210
-16803
-15795
-9464
-5505
-762
687
-3528
-8816
-13008
-8741
3740
14922
21145
14390
-2191
-10660
-9906
-2043
8657
9046
1541
-7256
-13364
-11157
-5145
2056
10612
13887
10885
4070
-3394
-4932
-1294
2296
2443
-3322
-11201
-15976
-15126
-8583
-2366
1742
5986
7420
6354
4305
2529
2760
8283
21039
26557
15363
-1538
-14680
-18628
-12731
-6700
-2052
1442
-1082
-6684
-12171
-11864
-1110
12015
20913
19904
4313
-9870
-12534
-7460
3784
9853
4872
-5006
-13920
-15216
-9323
-1187
8716
14378
12292
6597
-980
-5152
-2626
1158
2297
-1129
-8536
-15060
-16616
-12115
-5156
718
5909
8046
7164
5409
2712
2136
3560
10981
23046
22492
7804
-8003
-18892
-17777
-8710
-3580
482
1681
-3476
-8863
-11770
-6755
6361
16841
21348
14557
-3130
-12533
-10758
-2965
8472
9676
667
-8748
-14753
-11689
-2928
4887
11660
12604
8553
3863
-2359
-3863
-27
1550
1095
-3455
-11638
-15948
-15211
-9804
-1824
3458
6714
7695
5496
3510
2734
2844
4405
12105
21511
18395
3262
-11567
-18602
-14670
-6181
-2004
526
-283
-5249
-8238
-7503
-700
9429
16273
18163
9251
-6024
-11615
-9524
-1802
7728
5739
-2912
-10411
-13331
-7153
529
5666
10440
10576
7997
3894
-1624
-2460
-789
-10
256
-4737
-11934
-14551
-13165
-7321
-331
4065
7021
6656
4713
3625
2727
3109
3860
10721
20193
16251
1223
-11630
-17042
-12850
-5344
-2338
-644
-1067
-3719
-4777
-4226
686
8973
14894
16538
8722
-5117
-11092
-9299
-2563
4600
3679
-2693
-9124
-11165
-6860
-1285
4410
10149
11134
8979
4743
-1170
-3263
-2488
-1085
-821
-5526
-11030
-13801
-13106
-6894
-123
3864
7012
6971
4837
3848
3407
3503
3647
9735
18589
14634
555
-10877
-16442
-12606
-5230
-3208
-1438
-697
-2411
-3184
-3235
715
8154
13331
15446
8783
-4917
-10959
-10014
-4528
3834
4365
-2085
-8558
-11008
-6887
-198
6381
11401
11061
8176
3999
-1018
-2727
-2092
-805
-1165
-5759
-11221
-14561
-13655
-7116
-558
3775
6948
6110
4102
3477
2876
3401
3708
9394
17846
13897
1484
-8658
-15077
-12111
-5232
-3596
-874
608
-1430
-2085
-2177
1177
8186
13058
15542
9398
-4315
-10594
-10672
-5165
4125
3772
-3334
-9396
-11881
-6654
1233
7041
11525
10928
7894
5157
961
-1066
-680
-687
-1577
-5460
-11081
-14409
-13579
-7944
-1251
3469
6132
5581
4028
3813
4044
4263
2836
6064
14974
15155
4939
-6300
-14681
-14011
-7248
-4303
-1052
1584
356
-304
-1235
26
5559
10986
15083
11316
-2586
-11440
-12216
-7675
1304
3136
-2384
-8205
-10857
-6273
788
6338
10521
10237
8773
6920
1742
-1778
-2706
-2954
-2283
-5059
-10766
-14946
-15475
-9831
-2402
2455
5655
5884
4749
5124
4961
4330
2488
2750
11920
18004
10364
-2432
-13064
-16313
-9803
-4661
-1827
2500
2607
1482
498
-1202
2097
8502
13485
13876
2227
-10808
-14156
-11745
-2791
3731
571
-4817
-8728
-7282
-405
5323
9373
11353
10768
9649
5200
-953
-3795
-3757
-2289
-3775
-9667
-14943
-16698
-12548
-4661
1225
5133
7028
6226
6043
5853
4565
3393
2078
8111
17908
15456
2180
-10410
-17933
-14621
-6200
-2207
2692
4705
2222
913
-2075
-1453
5854
11480
14448
8029
-8033
-15640
-14167
-7189
2812
3462
-2192
-6568
-7579
-2218
4402
8688
11711
12045
11307
7929
917
-3392
-4342
-3767
-4147
-9083
-14302
-16866
-14713
-6663
143
3886
6678
6274
6102
7439
6276
5139
2856
4164
14385
17244
5955
-7013
-17259
-17938
-8002
-2252
1688
5490
2821
984
-1056
-2935
3193
9613
13036
10896
-4062
-15180
-15125
-10520
-153
4089
-740
-4749
-7016
-3772
3318
7353
11261
13097
11428
9228
2358
-4371
-5585
-5526
-5563
-8545
-14270
-17508
-16640
-10263
-2386
1665
5068
7344
7341
8399
7950
5996
3905
1808
8431
17288
12049
-1378
-13005
-18120
-10827
-2267
617
4492
4365
1987
1320
-1594
3
5769
9339
11638
3822
-10538
-15072
-13071
-5931
2715
2415
-1680
-4438
-3539
2157
6891
10167
12272
11849
10767
5498
-2321
-6024
-7279
-6830
-7600
-12178
-15519
-16434
-12803
-4488
697
4626
9044
9546
10035
10187
6754
4720
2508
2740
12199
14737
3373
-8345
-16649
-15793
-5455
-512
2014
5340
3839
3282
896
-2600
1403
6220
9827
9654
-3371
-14478
-15285
-11796
-1691
4427
1820
-1061
-2981
180
5991
8987
11833
12223
10018
7009
-470
-7194
-9126
-9404
-8806
-11073
-15133
-16559
-15282
-8484
-379
4407
9140
11494
11137
10737
7843
4642
3304
700
4352
12608
9518
-2686
-12779
-17121
-11093
-2123
891
4739
6915
4666
2294
-1994
-2539
3188
7664
10490
4734
-10181
-16178
-13714
-7163
3325
5990
2573
178
-519
3452
8193
9962
11021
10046
7215
1966
-5587
-9879
-10898
-10439
-9891
-12448
-14605
-14034
-10238
-1672
5308
8758
11589
11649
10292
9402
6284
3473
180
-3001
3952
10646
3887
-6000
-13027
-14375
-5513
750
2418
6747
6367
4106
1715
-3463
-2317
2424
5640
8099
-1258
-13866
-14834
-11447
-2433
6837
6448
3687
1643
1812
5560
7626
8685
9072
6430
3067
-3058
-10056
-12492
-12407
-10753
-9595
-10776
-11452
-10310
-4836
3086
7780
11138
12927
11619
9882
6988
3593
1241
-3272
-4385
4510
9105
2566
-5369
-11002
-9478
-1254
2251
4244
7762
6391
3845
-616
-5429
-2953
1566
6117
7185
-3868
-12830
-12048
-7840
2742
9532
7562
5318
2701
2663
5019
5068
5496
5251
2756
-790
-7139
-11809
-11956
-10725
-8348
-7098
-7904
-8369
-7292
-1775
4860
8334
10999
11127
9148
7410
4171
1018
-1526
-6416
-8022
1295
10063
7236
-372
-6979
-8466
-2459
1995
3842
6560
5187
1443
-3279
-7524
-5667
-1086
4059
7255
-414
-9244
-9845
-7117
1620
9406
8722
6757
3601
639
602
101
685
1949
1019
-1191
-5482
-9928
-10168
-8430
-5685
-3472
-4404
-5092
-4334
-1233
4106
7209
8068
8362
7073
4680
2691
-31
-3501
-6721
-7722
1240
12496
10954
2909
-3971
-7982
-3443
1190
1943
5746
5871
1919
-2538
-8552
-8019
-1874
4987
11500
5993
-5179
-8019
-7779
-722
9212
10213
8215
3181
-2863
-3602
-3947
-2299
1373
1235
216
-2297
-6303
-6886
-6347
-4117
-897
-1541
-2858
-3922
-3304
1714
4637
4770
5329
4363
3387
3279
985
-2960
-6127
-8513
-2749
11834
17015
9877
488
-8491
-8550
-2001
960
5193
7006
2366
-2196
-8634
-10309
-2813
4823
12796
12466
-900
-8714
-9708
-5448
6175
10467
7468
2299
-5243
-7428
-6418
-4868
118
2889
3051
1595
-3759
-7213
-7234
-4567
500
980
-1542
-3848
-6172
-3559
669
1582
2978
4314
4862
5504
3096
-1907
-5791
-7196
-5178
5668
17303
15258
4870
-5060
-10266
-6049
-673
1811
6073
5785
1362
-3626
-8720
-5870
2041
8917
14733
8496
-5577
-11332
-11345
-4021
6619
8410
5797
-214
-6904
-7401
-6155
-2564
3183
5018
5220
2486
-3794
-6725
-5997
-2560
1131
-65
-2761
-5234
-6866
-3615
-625
1044
5352
8198
8563
6044
-173
-5356
-7217
-6549
-3218
7268
18013
15419
4207
-6329
-11741
-6962
928
4926
8486
7070
474
-5733
-9960
-5842
2955
9388
13239
4433
-11473
-16224
-13246
-2967
10191
11025
4948
-1943
-8311
-7595
-3891
527
6708
8105
5815
507
-7373
-9168
-5780
-1518
2223
803
-4119
-8707
-10426
-5877
670
6580
11607
11272
7239
1862
-3831
-5199
-3884
-2748
-1267
3991
12697
13387
4694
-3215
-6943
-3824
2999
4873
5595
5752
1748
-2318
-6190
-6752
-1656
3940
7962
3358
-9744
-14569
-10438
-1523
9636
10187
4126
-203
-4088
-3388
-433
1333
4982
6279
3600
-378
-6466
-8582
-4883
-1468
566
-1700
-7318
-9932
-8540
-2952
4111
8544
9971
8081
3610
-462
-2874
-2938
-1962
-2338
-4293
-5690
707
11255
13093
7067
527
-3913
-2664
1060
2529
4791
5508
2368
-3129
-9242
-9679
-4169
2234
5910
816
-8928
-11364
-7256
1068
8785
8039
4510
1124
-1813
-1079
-487
499
3631
4587
3724
258
-5949
-7403
-4884
-3073
-1861
-3887
-6706
-5982
-3472
1019
5713
7183
6939
5599
2999
1452
464
-435
-1922
-5024
-7943
-8087
509
13748
17097
10448
1969
-5571
-5750
-304
3843
8737
9523
3030
-5064
-12109
-11961
-5195
1033
5361
1335
-8831
-10463
-6938
-1371
6721
7494
5615
4595
474
-1317
-1151
644
5547
6458
2868
-2239
-8179
-9049
-5736
-3681
-1950
-1963
-3910
-4352
-2753
642
4044
6642
8784
7348
3542
1040
-742
-2071
-3546
-6546
-9150
-9229
-4538
8493
18266
13417
4229
-2646
-4745
1812
7290
8596
9716
4216
-4422
-10239
-13427
-9107
-2097
2222
4102
-3281
-11330
-9790
-5248
4028
12247
10461
6931
2991
-320
1066
2030
2533
3001
215
-3497
-7044
-9233
-7316
-4357
-1591
-276
-2698
-4644
-3514
1063
7307
9777
8866
6408
1620
-2182
-3209
-3798
-4575
-5325
-8003
-11095
-11387
-4699
11378
22162
18546
9884
900
-2499
1879
4223
5546
6399
359
-6324
-12463
-17438
-13881
-6553
2165
7508
360
-6576
-6772
-3764
6617
14358
13511
9928
3215
-1566
-3218
-4922
-3765
-2618
-2179
-1757
-5078
-7451
-6659
-4687
183
3287
2669
1806
1051
2441
4240
3442
2763
1327
-1129
-2191
-3212
-3809
-4645
-6313
-7398
-7508
-5291
1069
14875
26038
21536
10001
-216
-6632
-3851
267
1156
2949
-111
-6888
-13415
-17967
-12871
-1957
7906
13279
6026
-3913
-4586
-1263
7376
14031
10472
6123
878
-4894
-6581
-7814
-5980
-1708
591
2500
355
-3845
-3539
-1606
1194
3616
2020
493
-428
-2346
-2283
-2026
-1825
14
238
-479
-350
-1040
-1825
-2080
-3391
-4132
-2464
-63
8960
20860
18926
7414
-3429
-11549
-9584
-2760
428
3970
3331
-2876
-8219
-12668
-9782
223
8469
14702
11011
-2181
-8382
-7430
-1136
8221
8820
4354
112
-5150
-6966
-6594
-4468
1331
5561
6792
4004
-3207
-7093
-6391
-3363
547
-134
-2901
-4826
-6712
-4963
-2017
-233
3617
5960
4984
3910
1803
190
-59
-1235
-2627
-3558
-4637
-3337
5626
14636
11992
3358
-4125
-7806
-3784
1114
3913
7963
6289
-298
-5646
-8973
-5030
2826
8239
10636
2618
-8879
-10687
-7666
-94
8069
7531
4500
248
-4627
-3564
-1276
1054
5194
5649
2588
-2946
-9228
-10459
-7837
-3639
-72
-463
-2181
-3887
-4625
-1931
1560
5161
8933
9350
6502
2903
152
-1319
-2790
-4726
-6708
-7305
-6873
-5153
3914
13684
13070
7355
981
-3194
-902
1935
4121
7538
6219
1117
-5077
-10241
-8029
-2353
3145
7438
1915
-7053
-8754
-6962
-330
7595
8506
6887
3469
-745
-1873
-3046
-2415
1009
1877
741
-2894
-8955
-10559
-7862
-3325
1481
2068
443
-1142
-1687
1098
3727
5273
7285
6482
3065
-282
-3098
-3635
-3054
-4376
-6131
-7146
-7109
-5234
2188
14814
19921
13574
4323
-3391
-4613
618
4705
6948
7163
2217
-5121
-10449
-10304
-5171
1355
7267
5983
-3345
-9057
-9040
-4866
4573
9739
7882
3963
-1288
-4119
-4216
-3231
45
1425
-121
-2576
-7377
-9790
-7257
-3394
1936
4922
2061
-1843
-4257
-3819
26
4050
6758
6424
2675
-1262
-3619
-3589
-2003
-1841
-3202
-4535
-5704
-6532
-3305
7570
17742
17985
10380
226
-4974
-2127
2792
6832
8848
5400
-1808
-8430
-10856
-7503
-1757
4403
6878
546
-7496
-10462
-7750
1405
9586
10509
6830
272
-4812
-5273
-3655
-756
1327
713
-799
-3819
-7061
-6851
-4618
-806
3156
3182
990
-1586
-3811
-2435
1747
6073
8300
6226
1803
-1609
-2455
-1200
-527
-2057
-4236
-5972
-6557
-5738
-788
11281
20230
17261
7956
-1521
-4715
-430
4144
7771
8689
2655
-5045
-10113
-11784
-8139
-2117
3861
5275
-2052
-8877
-9326
-5334
3093
8682
7802
4438
-1116
-4613
-4460
-3843
-1402
895
1027
-361
-4336
-7394
-6660
-3866
955
4519
3689
1132
-2060
-3687
-1622
1704
5266
7123
5052
1557
-1795
-3540
-2208
-929
-1706
-3397
-5541
-6611
-5458
-936
10084
19962
17487
7928
-775
-4920
-1623
3055
5165
5922
1860
-4589
-9333
-12366
-9672
-3500
1575
4791
448
-7269
-8521
-5747
834
8180
8059
4169
239
-2686
-2400
-1857
-1009
581
-47
-1253
-2665
-5246
-5216
-2348
1202
4371
3685
83
-2808
-3346
-390
3050
4808
5773
4766
2410
538
-1049
-1218
-377
-895
-2274
-4361
-6205
-5170
-1071
8645
18954
17282
7603
-461
-4900
-2473
2221
3265
3820
1773
-3836
-8706
-12351
-10994
-4563
1287
5046
1297
-7529
-10178
-7612
-1292
6637
8447
6405
2991
-1680
-3033
-2305
-531
2589
3358
2424
-336
-4972
-6355
-4373
-433
3685
3324
126
-3426
-5057
-2076
1619
4794
7852
7354
4915
2174
-972
-730
1709
2302
445
-4229
-8942
-10257
-8063
-1618
9641
18489
16268
6679
-2127
-6103
-3131
2611
6263
7552
3415
-4913
-11919
-14982
-11251
-3733
2155
4641
-522
-9145
-11127
-7247
973
10166
12486
9886
5283
2
-1462
-971
-283
1600
1978
403
-3027
-8121
-10197
-8090
-3741
1365
3067
757
-1532
-1660
928
4922
8027
9667
8839
5329
1125
-2305
-3276
-1903
-1795
-4700
-9064
-12873
-13030
-8578
-1290
10424
20747
19374
10098
630
-4083
-146
5950
7518
5533
-830
-8924
-14229
-16097
-12583
-5938
79
4201
753
-6766
-7897
-3181
5994
15464
16566
11659
4880
-1688
-3924
-3930
-3503
-1241
-161
-2067
-5875
-10171
-11017
-6659
645
7360
9124
5812
1883
732
3131
6211
7591
7763
5566
764
-4207
-7431
-7598
-5561
-4618
-6177
-8613
-10122
-8679
-3867
1841
10519
21549
23376
14024
3025
-4450
-4131
1095
2542
1107
-2219
-7976
-11436
-12887
-11608
-5918
5
6209
7642
-56
-4666
-2306
3284
12135
15069
9949
3882
-2828
-6285
-5224
-4383
-2507
-885
-1173
-2652
-6073
-6874
-3083
2200
7599
8873
5156
621
-2407
-1541
1377
3037
4343
3183
-714
-4191
-7395
-8463
-6366
-3641
-1838
-2844
-5442
-6426
-4788
-881
3944
12493
20818
17504
6588
-2394
-6516
-3490
1349
2905
2822
-906
-6564
-10861
-14000
-11678
-4971
2282
8472
5647
-2478
-4365
-1440
5666
13166
12786
8499
3051
-3328
-5675
-6019
-5536
-2016
590
900
-854
-5064
-6610
-3814
1095
5884
6538
3961
1323
-293
99
497
171
1134
1101
-1427
-4101
-6248
-6694
-4424
-1632
-284
-1158
-3512
-4904
-3911
-1703
2393
11482
19808
17663
7763
-1444
-5300
-2932
661
1085
-950
-4652
-8712
-11544
-12042
-8754
-2848
4006
8690
6068
119
-1577
906
6430
10965
9402
5298
1201
-2836
-4518
-5438
-5284
-2211
202
757
-301
-3300
-3935
-1246
1784
4249
4141
1797
-217
-1745
-2382
-2435
-2082
-611
297
-188
-751
-1279
-1022
594
1311
-70
-2650
-5047
-5577
-3576
-628
2402
8688
15555
14166
6588
383
-2572
-1288
1191
553
-1073
-2099
-4065
-7065
-9120
-7514
-3445
1253
5215
3238
-2193
-3207
-346
4616
9246
8678
5095
1396
-1941
-2593
-1823
-1198
-403
-729
-1493
-2927
-5747
-6256
-4013
-1756
-122
-423
-1389
-813
226
1588
2694
3098
4365
4972
3468
1883
246
-1485
-2149
-3233
-5784
-8226
-9721
-9341
-6107
-1726
1513
5720
13408
18223
15075
8955
3373
-36
150
-94
-2019
-3247
-5848
-9804
-11838
-10909
-7279
-2566
2432
5276
2598
-20
2135
5665
9581
11311
8273
4235
-185
-4364
-6121
-7078
-6487
-5070
-4864
-4080
-4393
-5987
-4494
-1175
2304
6140
7480
6530
4657
2220
1297
1492
2028
2578
992
-1898
-4576
-7179
-7902
-6505
-4924
-3559
-3272
-3845
-2760
251
3210
5490
10378
17931
19529
12880
4112
-4027
-7612
-5770
-4116
-3263
-2798
-5217
-8269
-9129
-7162
-2281
3983
10210
11450
5367
308
-11
2134
6308
7221
3047
-1065
-4505
-6847
-6828
-6112
-4297
-1450
783
1143
-1251
-3383
-2053
1222
4457
5811
4108
1424
-749
-2063
-2104
-1412
222
2044
1851
-409
-3484
-5598
-5213
-3583
-2362
-2114
-3433
-4475
-3053
-386
1778
3097
7157
15389
18247
11817
3288
-3674
-5582
-2527
-1502
-2152
-2413
-4758
-6967
-7734
-7645
-4876
37
5923
8397
4259
471
-83
1305
5599
7101
3862
493
-2818
-5047
-5865
-6812
-6060
-3681
-793
1044
-851
-3391
-3133
-733
3123
5568
5643
4827
3001
1731
556
-1237
-950
89
-367
-1723
-4351
-6405
-6607
-6043
-4204
-2849
-2908
-1728
673
2646
3544
3589
6539
13979
18182
13213
3220
-5626
-8899
-6315
-3263
-2132
-1868
-3114
-4865
-6043
-6135
-3038
2400
7955
10574
6258
-4
-2149
-1195
2444
4647
1924
-1550
-4085
-5565
-5250
-4883
-3524
-384
2297
3695
2206
-1443
-2664
-824
2104
4357
4159
1991
-667
-2794
-3606
-3525
-2331
60
1168
20
-2121
-4335
-4870
-3255
-1348
-320
-404
-567
93
599
1121
1913
4470
12259
18252
13932
4854
-3394
-7748
-4922
-1208
-372
558
-513
-2962
-4698
-6081
-4288
-117
4796
8755
5416
-1007
-3294
-3298
582
4930
3958
2025
-652
-4235
-5071
-5506
-5018
-1911
645
1959
713
-3354
-5072
-3321
-102
3248
3947
2332
64
-2344
-3335
-2978
-1442
1208
2347
856
-2013
-4522
-4522
-2436
-522
911
1564
1071
713
23
-806
-137
1829
7992
15943
14582
4987
-3791
-8725
-6934
-1679
767
2329
2482
-771
-4298
-7029
-6530
-1702
3815
8483
7043
-1210
-6354
-6717
-3334
3188
5503
3777
1482
-2170
-4069
-4184
-3880
-652
2879
3712
2089
-2567
-6328
-5041
-1205
2152
3178
1358
-1121
-2587
-2667
-1669
119
2935
4920
3683
273
-2925
-4550
-3602
-1221
-31
-145
-1322
-2836
-2799
-1797
-234
1746
4969
12059
16008
10185
1981
-3851
-5772
-1933
1101
1326
1565
-786
-4318
-7257
-9026
-6225
-1101
4560
8217
3623
-2325
-3113
-1611
3795
8168
6430
3823
223
-3438
-4102
-4779
-4004
-1060
545
981
-956
-4444
-4447
-1445
1903
4268
4081
2272
235
-1195
-1640
-1944
-886
1283
1635
75
-2242
-4142
-3784
-1518
751
1970
1574
-286
-2060
-2701
-2251
-683
1824
7025
13750
13271
4944
-2655
-6550
-5278
-313
2001
1861
1076
-1885
-5439
-7827
-7408
-3577
1305
5864
5513
-1108
-5530
-5283
-1926
4256
6878
4782
1923
-1848
-3716
-3158
-2689
-823
1133
1691
1064
-2418
-5793
-5115
-1559
2301
3730
2228
-289
-1956
-1165
669
2070
4045
4975
3301
264
-2771
-3917
-2588
-285
1165
328
-2074
-4525
-5810
-4499
-1219
2041
4978
9621
13901
10932
3015
-2314
-3825
-1049
2462
1836
-181
-2517
-5870
-7783
-8110
-6320
-2107
2291
5533
4029
-1277
-3306
-2002
1847
6861
6800
3613
495
-3188
-4099
-3614
-3706
-2287
-1028
-666
-1215
-3667
-4874
-3190
-222
2678
3250
2118
1100
284
749
1255
1163
2291
2658
1310
-423
-2406
-2934
-1707
-736
-432
-1177
-2750
-3542
-3090
-1832
-215
1358
3313
7867
13069
11743
5463
1067
-1432
-1237
973
976
272
-126
-2538
-5721
-8062
-7528
-3644
909
4893
4857
498
-1687
-1069
1631
5998
6485
4085
1831
-1271
-3086
-4074
-5091
-3846
-1953
-769
-620
-2631
-4059
-3107
-701
2110
3244
3146
2632
1631
1654
1352
244
466
488
-554
-1858
-3626
-4381
-3889
-3286
-2657
-2698
-2950
-2773
-2286
-1017
426
1780
3296
6203
11324
12351
6892
1896
-1567
-3585
-2204
-1291
-1618
-1126
-2217
-4933
-7088
-6981
-3730
676
5092
6468
2260
-1602
-2409
-1464
2498
4910
3350
1738
-412
-2500
-3149
-3760
-2714
-379
1116
1830
222
-2367
-2779
-1525
920
3239
3688
2755
1092
77
-132
-661
-75
1139
1028
49
-1833
-3574
-3584
-2700
-1700
-785
-471
-1201
-2336
-1924
-262
1678
3873
5815
9248
11737
8067
2589
-666
-2956
-2625
-1412
-1679
-1548
-2277
-4604
-6564
-6957
-4503
-482
3680
6375
3771
-607
-1588
-779
2067
4883
3645
1380
-577
-3193
-4369
-4594
-4228
-2434
-666
343
60
-1405
-1751
-226
2168
4112
4331
3121
1294
-283
-1018
-1369
-914
45
75
-680
-1862
-2943
-2908
-2145
-1215
-18
1100
1038
-361
-1107
-662
305
1961
3068
4664
8124
8459
4476
1085
-1522
-2642
-818
323
170
87
-1398
-3344
-4076
-3605
-1850
619
3180
3512
476
-2021
-2669
-1860
1131
2576
1516
586
-1096
-2209
-1668
-1802
-1467
-299
45
137
-578
-1941
-2072
-1072
369
1241
955
226
-593
-1019
-1006
-966
-381
373
466
-51
-1478
-2796
-3059
-2988
-2259
-882
-315
-528
-715
-400
415
1411
2372
3290
5962
9262
8393
4472
1357
-1009
-1680
-876
-847
-969
-979
-1994
-3352
-4295
-3888
-1788
1010
3425
3128
113
-1895
-1957
-438
1985
2541
1392
222
-930
-1419
-1691
-1673
-155
1481
2261
2191
586
-1072
-1108
-294
448
543
-161
-1215
-1978
-2098
-1955
-1520
-574
216
341
-88
-852
-1309
-992
-163
641
958
424
-1015
-2188
-1834
-325
1391
2146
2216
4125
6827
6763
4481
2173
489
88
-3
-842
-1374
-1435
-1828
-2555
-3293
-3373
-2671
-1502
-22
213
-843
-1151
-685
495
1833
1695
1239
1228
1003
1070
852
146
-106
-354
-517
-358
-828
-1395
-1412
-1214
-878
-1035
-1782
-2318
-2380
-1633
-378
588
1389
1643
1141
731
382
88
287
470
616
837
222
-1164
-2096
-1975
-830
457
820
1037
2941
5678
6222
4162
1556
16
-113
133
-239
-1021
-1806
-2347
-2884
-3529
-3778
-3584
-2606
-716
83
-739
-1499
-1414
26
2044
2803
2375
1622
1459
2028
1959
1238
304
-758
-915
-871
-1907
-3074
-3507
-2856
-1615
-1171
-1452
-1515
-694
1228
2948
3531
3504
2935
2452
2279
1426
310
-402
-946
-955
-909
-1640
-2615
-2996
-2191
-541
706
1156
1655
3502
6223
6976
5074
2639
987
564
677
-127
-1579
-2831
-3772
-4341
-4894
-5303
-4844
-3349
-1252
-66
-377
-700
-81
1450
3192
3760
3094
2120
1550
1470
986
-217
-1455
-2251
-2404
-2113
-2176
-2661
-2671
-1828
-892
-340
-117
-96
636
2419
3616
3587
3217
2524
1686
1259
752
-204
-1245
-2240
-2871
-2877
-2678
-2502
-1986
-988
208
913
1249
1891
3171
5210
6581
5793
3870
2047
425
-677
-1488
-2376
-2920
-3039
-3119
-3576
-4252
-4197
-2932
-1036
665
1532
1606
1790
2243
2565
2612
2192
1521
1088
979
715
-55
-1233
-2070
-2182
-1966
-1802
-2089
-2294
-1891
-1381
-794
-48
562
1302
2137
2390
2053
1283
309
-145
-15
5
-529
-1411
-2199
-2489
-2113
-1616
-1425
-1353
-1002
-372
235
666
1046
1991
3764
5364
5530
4141
1887
-143
-1133
-1468
-1592
-1518
-1357
-1275
-1712
-2675
-3360
-3140
-1943
-215
906
1110
1009
953
1198
1594
1741
1552
1164
909
492
-341
-1097
-1654
-2001
-1713
-1165
-850
-637
-656
-673
-306
163
561
1132
1789
2146
1913
1218
450
17
218
591
490
-37
-785
-1519
-1713
-1337
-950
-776
-541
-182
-25
-107
-9
556
1983
4028
5206
4729
3217
1517
279
-126
-63
-183
-495
-997
-2063
-3514
-4632
-4843
-3718
-1606
147
729
504
148
194
742
1346
1562
1603
1749
1550
739
-380
-1450
-1908
-1618
-1224
-1058
-1282
-1635
-1467
-965
-510
-81
345
949
1609
1800
1412
846
519
607
802
629
63
-726
-1466
-1832
-1803
-1629
-1605
-1690
-1465
-923
-294
378
1223
2504
4115
5246
5135
4057
2779
1848
1127
332
-441
-1243
-1995
-2673
-3514
-4205
-4269
-3461
-1824
-274
511
706
578
649
1069
1439
1679
1684
1556
1521
1109
220
-670
-1276
-1340
-1123
-1098
-1183
-1414
-1506
-1267
-957
-524
-31
551
1210
1520
1410
1126
932
1016
1171
959
292
-609
-1598
-2198
-2144
-1953
-2026
-2217
-2188
-1767
-1011
-121
975
2487
4211
5481
5674
4902
3610
2221
1216
419
-597
-1597
-2505
-3362
-3936
-4243
-4169
-3375
-2014
-588
301
627
738
881
1314
1829
2108
2178
2003
1680
1363
805
96
-408
-689
-658
-731
-1220
-1541
-1654
-1623
-1305
-906
-277
524
1145
1651
1910
1812
1648
1521
1472
1325
572
-619
-1723
-2401
-2323
-2113
-2399
-2783
-2879
-2450
-1562
-540
634
2028
3481
4730
5081
4422
3457
2494
1556
689
-329
-1457
-2326
-2935
-3379
-3640
-3609
-3133
-2280
-1407
-778
-322
92
589
1127
1637
1988
2063
2053
2049
1951
1571
816
0
-728
-1308
-1673
-1827
-1847
-1785
-1568
-1212
-753
-209
519
1344
2132
2557
2342
1862
1421
971
359
-529
-1565
-2505
-3019
-3111
-3137
-3057
-2656
-1849
-645
483
1343
2146
2981
3951
4906
5277
4822
3800
2424
966
-351
-1403
-1980
-2147
-2290
-2649
-3128
-3506
-3375
-2636
-1566
-499
127
380
564
576
676
1154
1616
2011
2403
2345
1798
915
-175
-1033
-1459
-1594
-1657
-1851
-2123
-2255
-2057
-1476
-581
439
1392
2143
2426
2150
1630
1212
987
733
48
-1011
-2015
-2591
-2557
-2105
-1623
-1158
-500
256
969
1625
2213
3070
4081
4704
4701
3772
2209
763
-471
-1378
-1817
-2056
-2139
-2253
-2639
-3130
-3337
-2791
-1550
-419
268
431
224
345
645
944
1383
1671
1869
1933
1712
1206
338
-310
-607
-978
-1206
-1448
-1832
-1916
-1852
-1616
-973
-318
338
857
1085
1255
1167
935
776
516
129
-505
-1481
-2230
-2410
-2264
-1924
-1590
-1355
-892
-237
284
853
1543
2232
2947
3396
3270
2830
2272
1733
1364
811
66
-487
-883
-1152
-1479
-1992
-2239
-2031
-1633
-1178
-898
-706
-275
321
1057
1677
1862
1964
2101
2097
1953
1431
691
84
-496
-1041
-1640
-2280
-2545
-2379
-1964
-1465
-1113
-775
-191
482
1068
1334
1227
1054
818
516
88
-589
-1209
-1556
-1645
-1497
-1317
-1188
-988
-591
-87
434
984
1523
1980
2371
2441
2165
1908
1524
1133
816
253
-319
-777
-1177
-1362
-1488
-1637
-1640
-1520
-1283
-881
-546
-198
187
510
859
1073
1108
1131
1159
1165
1145
970
653
305
-60
-376
-653
-918
-1039
-1033
-966
-720
-370
-14
351
612
771
829
772
613
338
43
-285
-664
-1025
-1215
-1246
-1235
-1105
-935
-674
-195
317
728
1083
1345
1514
1598
1498
1310
1140
866
447
-175
-864
-1357
-1613
-1514
-1300
-1149
-999
-942
-841
-632
-408
-103
278
664
996
1152
1044
811
591
482
496
500
410
208
-148
-563
-833
-952
-960
-820
-569
-370
-132
114
182
201
199
218
362
431
247
-107
-484
-791
-950
-997
-940
-800
-564
-194
82
269
471
740
1212
1713
1912
1811
1489
1095
876
761
602
355
12
-370
-684
-900
-1051
-1094
-963
-754
-554
-463
-496
-491
-384
-40
396
660
769
677
471
282
114
57
105
158
176
-3
-392
-645
-721
-637
-367
-229
-135
16
61
80
14
-84
-18
59
32
-194
-583
-840
-897
-789
-590
-384
-144
149
398
546
699
952
1291
1568
1646
1490
1222
914
674
535
315
89
-221
-595
-838
-1021
-1113
-1006
-825
-597
-447
-494
-568
-675
-680
-463
-257
-41
159
183
190
160
92
196
354
477
583
519
372
244
139
127
154
107
46
-67
-241
-403
-585
-744
-800
-829
-862
-869
-903
-856
-714
-615
-480
-294
-73
202
452
700
944
1133
1320
1455
1470
1412
1197
903
695
425
162
-13
-179
-239
-305
-428
-529
-630
-620
-444
-289
-171
-115
-150
-169
-151
-109
-17
90
150
152
142
103
50
49
75
188
349
390
296
101
-92
-215
-282
-315
-396
-516
-644
-777
-873
-925
-934
-855
-675
-500
-416
-377
-353
-257
-10
317
655
936
1074
1073
1065
1089
1131
1224
1263
1145
864
512
156
-135
-341
-495
-559
-591
-665
-773
-847
-810
-700
-533
-353
-201
-57
36
90
172
289
437
606
706
712
679
564
399
277
159
157
199
115
-19
-212
-360
-381
-419
-455
-489
-612
-685
-691
-711
-647
-588
-541
-364
-197
-170
-197
-191
-41
247
481
653
733
640
553
498
517
681
709
571
383
119
-121
-270
-397
-424
-370
-336
-336
-438
-577
-597
-482
-249
-22
75
114
73
-6
6
44
144
262
317
315
235
138
71
79
156
223
238
136
-7
-130
-225
-276
-308
-306
-288
-278
-247
-211
-193
-178
-122
-41
23
55
51
6
-47
-49
-36
38
192
306
369
368
273
208
212
300
389
407
411
352
237
90
-48
-155
-230
-242
-256
-303
-411
-533
-561
-503
-318
-106
39
121
158
200
255
284
273
290
321
326
297
161
-9
-109
-109
-17
42
-9
-57
-111
-147
-118
-124
-141
-155
-179
-198
-228
-290
-313
-263
-137
34
97
73
51
73
184
297
360
359
312
273
223
171
117
117
188
253
282
160
-48
-179
-205
-171
-157
-203
-266
-288
-310
-329
-316
-285
-188
-51
82
157
119
65
52
79
143
187
186
168
111
-9
-143
-220
-214
-144
-76
-90
-127
-173
-233
-251
-220
-151
-59
28
48
27
21
43
108
185
240
239
193
142
89
34
-3
-45
-36
-12
-23
-27
-48
-24
70
181
265
306
285
206
147
71
-21
-99
-130
-120
-138
-182
-265
-310
-303
-261
-172
-81
-8
15
6
-19
-43
-38
12
92
156
149
88
44
15
32
72
89
84
63
-2
-83
-141
-188
-167
-93
-28
22
24
30
27
39
98
141
156
151
95
34
2
-27
4
52
55
78
91
76
73
100
128
136
135
153
163
127
79
9
-51
-97
-138
-145
-165
-227
-277
-272
-239
-188
-144
-126
-87
-25
46
107
139
195
279
322
310
256
186
138
93
22
-68
-138
-166
-174
-186
-201
-187
-126
-26
55
97
117
115
112
109
116
112
99
67
22
-27
-103
-196
-285
-316
-277
-219
-178
-133
-96
-58
15
78
130
170
192
208
178
87
-19
-93
-133
-163
-215
-301
-360
-368
-356
-337
-323
-285
-175
-19
114
227
306
367
427
483
527
538
503
403
250
88
-50
-164
-231
-271
-313
-321
-312
-288
-213
-123
-17
72
140
223
322
382
383
350
316
271
179
58
-89
-232
-319
-373
-397
-388
-389
-384
-325
-237
-128
0
111
183
212
216
205
188
177
175
156
121
39
-61
-151
-216
-236
-213
-155
-102
-61
-13
30
61
97
147
212
278
310
283
229
170
134
93
57
26
-17
-45
-52
-73
-101
-130
-125
-67
-7
42
66
58
38
27
27
40
44
20
-19
-85
-176
-268
-317
-292
-218
-150
-111
-69
-18
25
81
139
182
200
205
194
139
58
-27
-88
-108
-109
-122
-170
-230
-282
-283
-217
-125
-29
64
145
207
267
335
373
386
392
350
272
170
44
-55
-114
-168
-226
-286
-322
-316
-284
-243
-167
-66
45
136
157
147
145
152
169
154
107
41
-48
-142
-224
-284
-328
-335
-320
-297
-278
-248
-182
-75
57
166
239
255
243
254
240
209
173
112
42
-37
-123
-204
-251
-262
-247
-197
-133
-93
-52
0
67
157
244
314
356
371
374
377
334
249
163
95
44
-27
-91
-149
-211
-237
-231
-207
-162
-117
-68
-4
53
99
134
159
167
143
103
53
-11
-68
-110
-136
-174
-220
-234
-204
-145
-87
-28
15
61
99
123
167
187
200
194
148
94
24
-55
-130
-185
-212
-214
-215
-207
-176
-126
-62
19
109
182
231
274
314
319
302
272
226
166
79
-16
-90
-155
-214
-242
-256
-256
-250
-227
-166
-89
-21
30
78
126
155
160
127
78
23
-45
-100
-138
-184
-221
-234
-232
-197
-158
-129
-86
-14
58
122
177
194
182
167
150
115
77
26
-37
-100
-157
-180
-181
-173
-144
-113
-65
-3
54
101
132
159
191
234
253
249
234
200
164
117
64
6
-62
-119
-161
-197
-223
-212
-175
-124
-81
-40
18
75
133
167
172
142
111
81
49
1
-68
-132
-182
-210
-232
-248
-234
-209
-172
-109
-40
26
79
107
136
150
152
158
155
146
118
73
12
-38
-68
-85
-84
-82
-69
-47
-28
-5
26
77
132
184
217
219
203
190
165
135
98
53
19
-22
-67
-116
-167
-196
-204
-187
-158
-112
-64
-16
32
65
95
99
108
122
106
75
31
-23
-66
-92
-114
-130
-141
-146
-139
-113
-83
-49
-4
40
77
100
127
131
118
103
87
59
26
-2
-22
-37
-67
-79
-86
-96
-97
-89
-66
-34
12
46
82
110
120
128
120
107
84
57
32
-7
-38
-71
-94
-119
-142
-149
-154
-150
-130
-106
-86
-61
-37
-13
4
22
48
65
63
41
8
-20
-39
-60
-58
-50
-55
-54
-57
-55
-45
-31
-21
-3
15
33
62
95
125
141
149
142
115
82
51
17
3
4
-2
0
-2
-7
-7
8
27
45
67
80
84
81
75
77
68
57
51
33
4
-20
-38
-62
-77
-84
-86
-79
-81
-83
-76
-57
-49
-63
-67
-67
-61
-59
-51
-38
-30
-26
-14
1
5
13
24
27
14
2
10
24
33
48
65
76
74
65
55
53
45
41
48
41
37
28
8
-1
3
19
35
48
55
59
49
57
66
48
26
2
-16
-39
-61
-73
-75
-68
-70
-69
-58
-42
-34
-35
-37
-30
-23
-17
-6
-8
-11
-23
-32
-22
-21
-33
-52
-58
-58
-57
-51
-53
-51
-48
-41
-31
-29
-29
-20
-5
10
33
58
85
102
91
62
39
32
25
15
15
13
-2
-5
2
6
12
20
25
40
55
54
41
32
25
15
2
-24
-37
-28
-12
-4
-5
-9
-19
-27
-45
-61
-71
-58
-34
-19
2
1
-8
-8
-5
1
3
-6
-28
-35
-25
-41
-58
-65
-60
-49
-40
-30
-25
-5
16
31
41
50
60
72
93
103
96
77
58
37
23
31
29
29
34
36
34
38
40
31
30
20
10
-3
-5
1
-1
6
11
12
7
4
-7
-21
-35
-44
-47
-54
-55
-60
-61
-62
-52
-33
-11
0
5
11
18
25
30
35
29
20
19
12
-14
-22
-22
-16
-2
10
21
17
14
15
15
28
31
36
45
42
37
33
31
28
18
1
-9
-14
-17
-13
-5
1
-8
-21
-35
-46
-45
-50
-53
-45
-30
-17
-12
-24
-44
-42
-44
-34
-23
-19
-11
-17
-23
-16
-2
-2
3
14
11
-6
-22
-24
-18
0
3
-8
-18
-21
-19
-24
-18
-21
-19
-5
-7
-6
-4
4
2
10
18
18
30
39
33
19
-5
-20
-7
18
28
30
21
3
-7
-14
-11
-8
-3
10
18
18
17
20
20
17
16
11
12
20
28
25
15
3
-6
2
5
3
-1
0
17
25
33
33
21
20
14
12
11
5
-13
-24
-24
-22
-15
-11
2
13
9
2
1
5
7
19
31
37
30
32
37
26
26
34
37
36
25
19
9
1
9
8
6
-8
-21
-22
-32
-37
-42
-37
-28
-33
-30
-29
-26
-16
-5
-2
-17
-24
-18
-2
3
-7
-7
-3
4
21
26
13
-2
-7
0
-5
-15
-20
-15
-20
-31
-37
-51
-54
-47
-46
-37
-31
-18
1
10
14
5
-3
-2
-4
6
26
29
26
36
27
15
2
-17
-23
-24
-15
-7
2
1
-9
-15
-7
6
12
17
19
11
11
10
12
17
12
4
-14
-31
-37
-34
-28
-18
0
7
1
-14
-14
-2
11
27
29
15
2
-10
-15
-20
-20
-17
-14
-16
-25
-31
-38
-43
-45
-36
-14
14
33
45
57
60
68
64
46
37
33
41
42
30
21
13
1
-13
-16
-13
-7
7
16
30
36
28
19
6
-2
7
10
5
-1
1
7
6
13
26
47
58
55
42
24
14
12
27
39
40
32
16
1
-9
-11
-10
-10
-12
-23
-33
-33
-35
-38
-25
-18
-26
-19
-12
-10
-6
2
15
