-67
-37
42
145
180
205
191
128
65
12
-26
-80
-128
-174
-160
-111
-146
-199
-222
-178
-148
-146
-163
-165
-126
-110
-71
-19
38
73
85
77
61
27
-13
-14
5
16
5
-1
10
36
35
45
58
43
42
32
6
-8
-14
-7
11
20
8
-9
-58
-61
-38
-23
37
99
144
160
141
108
64
30
-25
-54
-19
-27
-41
-35
27
101
108
90
49
45
20
-39
-129
-243
-264
-237
-198
-145
-121
-98
-29
37
72
124
154
166
169
109
85
63
55
93
116
128
92
65
21
-10
-33
-48
-52
-86
-119
-177
-221
-280
-330
-306
-267
-228
-152
-111
-62
18
100
196
252
289
294
250
204
161
115
64
42
56
77
64
24
16
-13
-30
-46
-63
-39
-60
-78
-90
-98
-47
4
53
126
145
151
197
250
243
228
197
161
134
72
26
-36
-106
-160
-181
-194
-245
-293
-332
-350
-328
-285
-201
-82
-5
32
85
117
125
150
121
91
54
-5
32
109
166
180
138
110
50
-23
-79
-156
-196
-194
-206
-211
-187
-174
-126
-73
-9
37
60
98
55
-18
-75
-113
-117
-113
-98
-52
2
63
94
115
150
190
184
150
113
72
31
13
36
97
142
137
129
113
119
82
34
18
1
20
50
30
31
74
66
60
89
132
123
84
36
-48
-67
-61
-89
-72
-69
-99
-105
-114
-134
-138
-145
-173
-184
-205
-190
-164
-120
-86
-103
-79
-5
73
132
144
91
19
-33
-43
-50
-28
7
1
-21
-25
-33
-79
-121
-140
-112
-90
-90
-75
-58
-16
51
122
179
232
200
133
101
33
10
19
15
12
-9
-26
-1
29
49
39
10
11
-17
-20
15
58
130
176
207
208
172
137
122
145
150
142
117
66
22
2
-8
-15
-17
-13
-3
-5
-37
-84
-97
-77
-38
-29
-83
-124
-146
-165
-143
-119
-90
-61
-63
-54
-83
-116
-103
-65
5
47
33
0
-29
-41
-4
42
110
150
143
113
52
5
-36
-88
-102
-68
-42
-42
-43
-74
-113
-147
-163
-131
-131
-153
-163
-151
-125
-121
-66
27
91
135
161
167
153
104
19
-41
-46
17
82
114
136
118
89
55
1
-17
-20
-30
-18
8
10
26
54
99
121
71
33
24
50
51
12
7
27
38
29
-11
-55
-79
-87
-70
-47
-58
-41
-10
17
33
14
31
59
90
116
115
113
87
24
-30
-64
-81
-88
-82
-65
-45
8
58
86
103
82
50
23
-1
3
29
52
46
31
-3
-34
-62
-106
-113
-106
-105
-52
-3
21
33
7
-53
-95
-109
-94
-66
-53
-6
28
31
37
26
17
-11
-65
-116
-113
-52
-15
3
39
79
96
96
71
52
51
67
73
67
67
58
30
-7
-18
-21
-40
-78
-100
-116
-130
-111
-100
-80
-52
-15
45
65
83
91
100
103
79
57
38
36
25
-2
-19
-23
-35
-32
-30
-38
-9
1
-37
-97
-114
-90
-83
-65
-25
28
53
47
77
107
104
86
82
51
15
3
-21
-51
-95
-105
-71
-40
-31
-30
-9
15
27
52
96
100
66
63
70
63
42
21
3
-4
-27
-70
-108
-128
-87
-34
-7
35
86
119
99
68
32
-9
-25
-28
-14
11
17
7
17
9
-13
-20
-14
-19
-41
-53
-63
-90
-123
-133
-106
-81
-82
-68
-21
12
36
46
45
56
72
89
86
97
99
94
71
43
33
9
-5
1
9
-4
-10
-14
4
18
23
36
36
67
88
95
102
88
51
20
20
8
-18
-60
-67
-60
-102
-146
-148
-151
-155
-141
-116
-92
-69
-48
-21
22
39
14
1
12
3
-7
-14
-6
29
44
47
41
40
35
-6
-20
-8
7
8
12
29
45
45
21
15
17
30
48
70
81
62
40
43
52
37
23
4
-6
-30
-58
-60
-55
-50
-59
-57
-29
5
20
17
2
-19
-37
-58
-74
-72
-32
-9
-22
-24
-34
-47
-62
-38
17
50
46
33
43
57
46
15
-6
-16
-33
-42
-23
13
56
84
86
62
52
27
-16
-38
-5
35
47
45
30
30
3
-38
-50
-25
0
-15
-34
-18
1
-19
-44
-66
-46
-10
1
-3
6
14
-15
-30
-19
7
40
57
66
63
27
-43
-102
-109
-78
-53
-39
-30
-19
-26
-33
9
71
109
99
70
71
76
51
34
43
62
67
57
60
95
128
107
67
45
12
-34
-50
-63
-49
-31
-29
-38
-29
-4
24
34
11
-24
-65
-82
-83
-56
-24
-7
-16
-47
-69
-64
-42
-15
-1
-17
-39
-68
-87
-72
-54
-40
-34
-33
-25
-15
-24
-38
-28
-5
-14
-50
-57
-17
31
45
28
8
6
-3
-34
-47
-4
35
21
11
15
35
40
30
22
20
42
43
35
49
74
68
45
33
37
29
4
-29
-53
-45
-45
-67
-78
-53
-13
8
28
56
66
64
57
59
59
66
96
133
140
124
94
51
21
-13
-44
-67
-88
-96
-110
-131
-117
-88
-69
-47
-36
-30
-8
19
47
90
122
118
106
102
103
61
12
-20
-50
-59
-82
-114
-127
-121
-106
-113
-103
-78
-52
-24
-9
5
27
40
34
43
67
103
142
146
130
95
59
41
19
6
5
5
7
5
-2
-11
-10
-18
-34
-49
-58
-47
-50
-58
-74
-75
-52
-42
-45
-50
-55
-61
-62
-59
-54
-61
-80
-82
-56
-46
-50
-44
-37
-20
-9
13
16
5
6
5
21
38
49
60
85
128
166
176
170
170
167
131
88
51
27
7
-19
-27
-19
-4
-1
-10
-38
-70
-77
-66
-53
-32
-3
24
44
62
82
93
82
51
1
-12
-20
-64
-93
-110
-122
-129
-126
-108
-103
-102
-91
-84
-76
-68
-55
-32
7
64
107
111
100
96
83
76
60
38
15
-3
-4
-5
-9
-9
-35
-63
-71
-82
-92
-85
-64
-26
6
8
8
8
26
37
32
40
41
61
60
56
61
35
22
26
19
12
1
-11
-16
-26
-36
-40
-50
-53
-33
-6
6
36
87
111
118
109
91
76
50
42
59
62
46
15
-1
-8
-16
-10
-8
-21
-53
-81
-70
-42
-35
-28
-13
4
17
19
3
-29
-50
-52
-45
-46
-41
-46
-58
-53
-29
-17
-31
-31
-8
13
21
12
7
26
44
54
48
38
35
26
18
3
-20
-27
-24
-20
-26
-38
-22
6
15
15
-5
-25
-31
-36
-19
1
6
5
-5
4
8
-18
-53
-82
-102
-129
-150
-138
-103
-77
-55
-18
14
48
64
51
50
53
66
60
35
38
53
81
91
77
60
50
64
69
55
34
17
28
49
76
86
61
58
52
22
-3
-18
-14
10
25
24
14
-2
-2
-4
-16
-40
-78
-106
-107
-81
-71
-77
-68
-52
-27
-11
-31
-50
-36
-8
8
18
28
30
29
39
39
25
26
14
11
30
35
40
29
19
33
29
10
-20
-27
6
18
21
16
-2
3
10
17
23
16
7
-1
-19
-48
-55
-21
30
60
61
54
53
43
30
12
-33
-83
-104
-101
-83
-46
-8
2
-19
-34
-29
-22
-22
-47
-85
-89
-71
-50
-33
-33
-16
30
45
29
15
17
37
47
35
25
18
4
-14
-18
-12
-2
-5
-22
-17
8
9
-26
-59
-65
-49
-24
-18
-23
12
57
81
77
50
26
35
47
40
30
21
34
50
45
27
22
22
11
-7
-15
-10
-25
-41
-31
-24
-27
-46
-52
-26
-16
-2
25
34
40
46
57
66
59
62
68
51
20
10
27
31
16
-4
-8
7
-16
-66
-72
-54
-38
-25
-15
2
16
15
8
-9
-20
-27
-9
9
-1
-12
-2
37
37
1
-33
-48
-27
-1
-6
-34
-50
-42
-13
19
19
3
1
16
41
46
37
10
-7
20
48
53
17
-36
-44
-35
-29
-42
-62
-50
-33
-8
13
-6
-47
-70
-79
-71
-49
-31
-37
-28
15
55
71
54
46
52
74
73
24
7
16
16
2
-25
-45
-47
-49
-59
-56
-55
-55
-47
-31
-23
-20
2
8
-5
-1
10
19
30
26
33
72
90
75
54
41
15
-5
-2
-13
-23
-8
9
23
37
40
35
47
71
64
49
52
43
22
18
16
-19
-44
-47
-29
3
15
23
24
42
54
47
24
-13
-22
-22
-33
-46
-66
-50
-10
0
5
-2
-6
-1
-2
-11
-35
-61
-68
-59
-61
-60
-72
-84
-61
-53
-55
-45
-38
-23
5
21
35
54
51
33
18
16
15
-15
-40
-37
-20
16
34
27
19
22
11
-7
-21
-46
-53
-36
-13
-5
-18
-20
-18
4
39
50
62
84
98
92
64
48
58
62
55
39
27
25
31
32
17
-8
-23
-16
10
21
16
18
1
-24
-32
-37
-22
-12
-3
26
35
27
23
3
-31
-47
-48
-39
-36
-38
-20
-4
6
16
-10
-31
-30
-26
-11
-1
3
8
2
-5
-30
-65
-75
-67
-54
-53
-67
-75
-65
-59
-49
-38
-46
-39
-20
-7
6
5
18
40
56
81
68
33
25
30
36
21
-1
3
13
9
11
17
22
37
27
5
-3
5
13
12
13
27
43
42
40
37
36
37
36
47
71
78
67
62
67
46
1
7
31
12
-23
-25
9
34
30
10
-13
-21
-12
-16
-28
-40
-62
-80
-71
-70
-78
-82
-89
-87
-77
-67
-54
-23
21
49
40
45
71
71
40
8
15
26
0
-25
-20
-18
-31
-51
-66
-68
-69
-75
-56
-37
-42
-59
-75
-58
-29
-22
-13
4
21
44
70
94
81
48
50
46
52
65
59
57
43
33
31
20
18
10
-8
-34
-54
-42
-23
-30
-36
-16
17
39
43
38
13
-23
-42
-20
-6
-20
-15
-1
16
33
24
23
29
17
12
24
33
18
-7
-1
15
0
-16
-17
-23
-22
-32
-50
-55
-51
-34
-28
-29
-8
10
20
17
3
29
78
88
79
80
69
68
72
58
27
-18
-40
-31
-17
-7
-25
-41
-44
-57
-53
-37
-25
-20
-10
15
25
10
10
12
0
-20
-21
-7
2
8
5
14
30
17
-6
-29
-63
-75
-48
-18
-21
-43
-53
-46
-40
-58
-66
-46
-25
-3
26
37
18
2
-2
2
1
-4
11
30
25
12
11
1
-20
-28
-14
-5
-5
4
13
13
5
0
28
47
44
39
42
47
47
40
29
27
16
19
46
56
61
65
68
71
45
9
-23
-39
-22
1
15
18
7
-12
-19
-14
-21
-44
-53
-24
5
13
24
25
5
10
33
40
43
14
-21
-33
-40
-45
-56
-79
-100
-120
-117
-91
-65
-54
-54
-65
-58
-21
17
18
6
23
40
46
52
49
38
27
9
-5
-21
-35
-31
-14
-1
-8
-41
-64
-41
-10
18
39
36
12
-14
-7
23
47
67
74
70
65
49
51
69
68
67
51
11
2
-3
-34
-55
-52
-34
-8
-7
-20
-25
-28
-25
-26
-18
-7
-17
-11
19
40
56
51
16
-6
-18
13
75
84
59
40
6
-16
-32
-43
-45
-52
-37
-4
15
6
-15
-24
-31
-42
-32
-28
-50
-50
-35
-12
45
84
64
22
-15
-20
-11
1
7
-20
-26
-2
2
6
7
-12
-31
-49
-50
-21
-18
-28
-33
-51
-38
-9
-5
1
-7
-20
-22
-1
50
70
51
37
26
22
34
35
21
21
23
36
66
74
57
6
-43
-39
-22
1
50
76
44
-10
-38
-30
-20
-21
-32
-23
2
7
-9
-36
-65
-78
-49
-28
-35
-35
-50
-76
-89
-76
-50
-10
31
30
8
5
27
42
41
32
22
31
54
60
45
24
10
1
-5
12
19
16
15
22
38
68
92
62
6
-14
-16
-5
18
30
28
10
-4
-9
-12
-8
-9
-17
-9
19
47
49
20
-3
-24
-47
-43
-36
-39
-40
-30
-37
-46
-38
-30
-28
-42
-58
-67
-48
-5
13
15
21
23
23
4
-11
6
10
2
1
7
24
31
15
-6
-14
9
21
32
42
26
7
16
28
21
17
18
-9
-24
-9
-8
6
11
6
3
-8
-24
-24
-15
-8
-6
-16
-35
-43
-28
-8
-5
-20
-26
-11
7
15
8
-17
-29
-29
-12
6
5
9
16
17
11
12
18
21
27
30
44
48
32
6
-20
-37
-48
-44
-23
-11
-11
-3
-5
-1
18
31
23
21
11
2
6
22
35
43
37
16
1
-5
-4
2
3
-10
-7
7
7
20
19
7
-8
-21
-10
13
44
56
64
40
16
-6
-21
-32
-52
-58
-58
-51
-37
-30
-39
-36
-32
-20
-18
-32
-42
-34
-21
-7
11
34
52
45
17
-9
-5
-2
-8
-15
-10
-6
1
19
15
11
8
17
31
47
45
0
-44
-86
-94
-75
-58
-43
-30
-25
-18
9
17
7
2
1
12
24
38
52
68
75
80
77
67
72
65
64
55
37
53
61
45
27
19
-1
-21
-13
14
21
16
5
-20
-34
-41
-35
-36
-60
-84
-67
-36
-53
-78
-71
-65
-56
-31
-28
-50
-83
-93
-89
-72
-51
-26
-4
-7
-12
0
34
58
69
66
56
48
43
33
45
73
101
120
127
91
26
-15
-14
1
9
30
42
30
-15
-53
-58
-48
-34
3
35
39
26
12
21
19
14
-2
-26
-37
-45
-45
-48
-49
-51
-50
-103
-147
-164
-141
-102
-97
-68
-45
-44
-23
21
48
75
87
79
61
63
99
122
135
76
-10
-61
-75
-44
-24
-9
-26
-31
-36
-59
-60
-47
-15
20
58
110
131
109
66
38
44
40
29
19
56
83
95
119
103
63
28
9
-3
31
93
120
65
-19
-45
-53
-28
-8
11
49
18
-11
-26
-53
-37
-33
4
24
-58
-102
-112
-77
-62
-130
-178
-187
-156
-84
-37
-22
-38
-70
-47
-42
-57
-56
-61
-31
2
23
29
8
-7
27
60
101
96
60
45
42
99
118
99
73
30
83
136
138
120
112
145
93
34
0
-51
-58
-37
-38
-61
-71
-115
-134
-142
-156
-151
-136
-119
-151
-164
-169
-160
-122
-72
8
91
137
132
109
118
130
145
184
194
212
201
183
172
139
98
34
10
4
33
50
10
-34
-91
-112
-118
-72
-19
-22
-91
-148
-146
-164
-189
-173
-122
-172
-244
-265
-260
-241
-200
-124
-85
-95
-69
-40
-13
2
25
79
121
153
130
97
85
104
161
254
309
299
226
133
58
30
80
93
74
79
83
67
38
16
48
71
88
100
113
79
-39
-51
-19
-8
26
51
33
-51
-100
-99
-84
-76
-80
-84
-92
-71
-91
-74
-38
-23
10
9
43
98
161
180
153
93
82
84
35
55
92
99
32
-49
-56
-86
-118
-131
-117
-107
-137
-190
-221
-239
-235
-205
-151
-117
-133
-127
-157
-188
-141
-84
-60
-53
-55
-15
15
6
-7
4
59
120
152
148
116
72
105
142
126
95
60
73
45
32
57
95
105
75
68
57
54
11
-3
1
-41
-58
-44
-7
6
17
33
65
49
27
60
105
91
33
15
9
-5
-17
-1
-19
-26
-5
28
53
37
35
12
-16
-47
-57
-41
-90
-151
-139
-98
-98
-76
-32
-3
-5
-12
23
36
21
16
50
97
58
17
13
-52
-128
-111
-15
14
8
27
62
63
32
-20
-89
-133
-195
-144
-82
-73
-39
-25
11
5
24
131
158
133
115
155
194
219
229
161
71
19
64
84
30
-24
-13
11
-53
-93
-76
-56
-91
-145
-118
-96
-110
-152
-153
-135
-100
-46
35
111
109
111
127
144
133
162
176
159
81
13
-8
-32
-32
-35
8
-30
-67
-50
-29
-12
22
98
32
-59
-133
-156
-158
-158
-92
-61
-60
-120
-123
-100
-99
-122
-152
-137
-161
-213
-213
-154
-123
-110
-85
-80
-104
-81
-26
6
29
89
139
148
135
69
53
65
59
36
28
33
45
102
149
214
234
221
286
326
350
353
303
193
143
176
161
109
74
138
128
55
-79
-269
-284
-261
-274
-214
-113
-25
71
158
161
168
222
254
185
63
49
108
161
125
51
46
3
-131
-215
-294
-336
-317
-369
-441
-483
-481
-426
-380
-363
-301
-242
-252
-273
-162
-40
96
259
337
426
507
448
282
237
235
142
-52
-239
-396
-469
-312
-195
-89
55
133
189
258
260
212
201
114
7
-14
67
286
338
311
379
393
346
159
-42
-207
-332
-336
-335
-364
-247
-109
-48
16
-4
-75
-123
-201
-306
-343
-378
-229
-71
-57
145
406
523
464
306
140
-89
-294
-454
-681
-694
-443
-206
-60
16
200
386
332
110
-101
-183
-332
-475
-551
-500
149
731
981
1533
2175
2497
2695
2432
1709
1242
791
158
-809
-1568
-1712
-1701
-1529
-1370
-1217
-665
-54
93
-35
-342
-444
-486
-1045
-1561
-1644
-1516
-991
-346
-10
424
1200
1906
2145
2088
1812
1412
894
62
-1072
-2024
-2608
-2882
-2982
-2942
-2549
-1939
-1127
-478
-156
78
327
492
367
-64
-119
731
1210
1437
2303
3231
4149
4984
5045
4523
3662
2594
1289
-756
-2532
-3527
-4176
-4294
-4330
-4087
-2824
-1429
-420
216
346
682
921
398
-118
-635
-892
-322
260
694
1311
2166
3119
3509
3272
2853
2050
1053
-172
-1835
-3039
-3780
-4123
-3978
-3863
-3413
-2440
-1264
-172
406
909
1501
1606
1433
1046
614
530
428
339
384
1059
2437
3209
3702
4579
4971
4960
4527
2960
908
-920
-2358
-3930
-5747
-6421
-5939
-5085
-3865
-2731
-1444
351
1608
2046
1758
1015
643
107
-677
-1073
-1383
-934
286
1049
1530
2361
3167
3411
2887
1957
807
-742
-1955
-2983
-4155
-4650
-4374
-3800
-3103
-2266
-1252
-218
768
1501
1545
1368
1423
1246
595
15
-52
226
1188
2382
3127
4046
5325
6162
6163
5284
3676
1910
47
-2015
-4343
-6204
-6621
-6291
-5749
-4593
-3078
-1406
353
1579
1928
1571
1186
800
-329
-1487
-1798
-1570
-733
431
1336
2285
3566
4510
4436
3678
2857
1799
241
-1453
-3277
-4684
-5123
-5050
-4887
-4352
-3040
-1463
-254
725
1546
1742
1726
1586
764
-92
-437
-591
-699
-86
1279
2426
3619
5388
6773
7359
7276
6078
3942
1461
-1110
-3766
-6263
-7725
-7892
-7388
-6318
-4615
-2584
-371
1427
2240
2271
1939
1436
269
-1055
-1554
-1681
-1364
-320
854
2034
3538
4980
5628
5271
4347
2985
1091
-948
-3017
-4939
-6172
-6545
-6262
-5469
-4136
-2425
-678
955
2228
2752
2756
2487
1552
314
-499
-990
-1095
-296
1274
2873
4533
6488
8011
8544
8011
6392
4099
1463
-1510
-4745
-7517
-8914
-9095
-8496
-7210
-5128
-2503
134
2008
2692
2688
2408
1620
64
-1590
-2655
-2916
-2446
-1364
-69
1454
3590
5403
6119
5876
4964
3482
1298
-1431
-4118
-6273
-7457
-7567
-7144
-5947
-3784
-1417
708
2428
3300
3542
3186
2208
817
-764
-1650
-1971
-1699
-348
1263
3113
5443
7390
8674
9040
8130
6267
3605
509
-2653
-5782
-7927
-8820
-8941
-8028
-6133
-3508
-644
1653
3290
4111
3975
3265
1725
-341
-1930
-3031
-3392
-2894
-1780
-50
2122
4275
5780
6324
6127
5004
2778
-11
-2886
-5353
-7155
-8054
-7880
-6939
-5188
-2809
-435
1636
3049
3573
3443
2828
1716
166
-1238
-1964
-1778
-669
727
2445
4803
7135
8773
9293
8616
7067
4847
1977
-1535
-5097
-7550
-8634
-9038
-8800
-7475
-4989
-2060
398
2144
3005
3240
3066
1924
-24
-1849
-2939
-3177
-2922
-2213
-845
1377
3899
5544
6198
6253
5653
4146
1709
-1246
-3919
-5819
-6964
-7405
-7128
-5722
-3365
-899
1175
2525
3320
3632
3245
2171
584
-804
-1042
-488
-63
701
2407
4660
6618
7527
7472
6849
5634
3683
798
-2707
-5563
-7307
-8401
-9079
-9002
-7447
-4871
-2375
-402
939
1968
2718
2495
1351
-225
-1571
-2110
-2227
-2062
-1544
-239
1954
3893
5048
5640
5807
5345
3815
1512
-946
-3187
-4736
-5654
-6162
-5814
-4487
-2611
-710
755
1830
2614
2841
2545
1720
550
135
450
660
1188
2576
4495
6212
7166
7376
6929
5922
4393
1868
-1371
-4132
-6116
-7555
-8470
-8676
-7706
-5753
-3792
-2097
-624
681
1787
1912
1211
279
-823
-1439
-1493
-1509
-1351
-534
1178
2742
3433
4034
4474
4231
3302
1465
-624
-2208
-3402
-4357
-5136
-5112
-3942
-2382
-940
165
973
1849
2416
2233
1503
793
934
1272
1247
1866
3155
4598
5889
6381
6214
5774
5059
3773
1253
-1585
-3607
-5165
-6199
-6913
-7199
-6215
-4675
-3255
-2150
-1405
-308
333
-73
-540
-1006
-1370
-1386
-1429
-1354
-716
472
1667
2400
2909
3494
3717
3319
2468
1208
-15
-885
-1754
-2687
-3052
-2594
-1865
-1247
-622
147
799
1195
1305
735
97
487
1128
1289
1738
2596
3792
5070
5539
5455
5095
4381
3373
1309
-1127
-2885
-4450
-5464
-5986
-6350
-5733
-4376
-2973
-1878
-1355
-591
75
-266
-813
-1325
-1799
-1644
-1534
-1615
-1052
124
1522
2274
2337
2604
2780
2357
1346
-165
-1251
-1592
-1833
-2113
-2167
-1502
-359
550
1198
1643
1993
2294
2111
1309
459
445
832
967
1450
2351
3379
4362
4772
4582
4044
3234
2188
333
-1912
-3404
-4543
-5531
-5983
-5986
-5243
-3843
-2442
-1311
-565
265
996
855
382
-197
-790
-923
-1126
-1324
-1109
-507
385
956
1212
1582
1717
1467
883
66
-602
-1158
-1640
-2106
-2248
-1601
-845
-301
335
1127
2117
2868
3130
2952
3006
3623
3800
3543
3498
3666
3950
3986
3584
2992
2336
1713
719
-942
-2348
-3263
-4038
-4667
-5181
-5242
-4832
-4292
-3593
-2895
-2103
-1102
-571
-435
-227
-209
-123
67
-2
-141
-135
152
289
-70
-229
-205
-320
-419
-700
-1063
-1238
-1280
-1493
-1936
-1943
-1491
-1228
-1051
-678
-89
739
1652
2234
2554
3493
4728
5107
5305
5740
5953
6062
5549
4463
3224
2011
994
-687
-2619
-3642
-4263
-4822
-5188
-5411
-5107
-4299
-3540
-3133
-2951
-2288
-1436
-1274
-1095
-533
-69
367
926
1432
1788
2248
2474
2014
1376
966
541
-136
-899
-1393
-1614
-1685
-1635
-1713
-1572
-981
-627
-403
89
478
685
770
1055
1512
2228
3776
4892
5209
5774
6664
7295
7088
6239
5107
3695
2033
-19
-2428
-4198
-5101
-5918
-6484
-6609
-6174
-5214
-4318
-3657
-3586
-3460
-2779
-2721
-2983
-2878
-2650
-1951
-1077
-250
730
1692
2662
3239
3090
2925
2602
1564
482
-599
-1590
-2103
-2450
-2555
-2528
-2061
-952
-320
-118
385
703
860
1182
1126
956
1661
2690
3369
4107
5139
6341
7153
7395
7119
6087
4915
3594
1286
-1361
-3291
-4578
-5614
-6328
-6577
-6083
-5107
-4132
-3342
-2935
-2212
-1550
-1708
-1875
-1989
-2218
-1910
-1345
-981
-374
847
2178
2766
2990
3427
3506
2958
1971
754
-223
-952
-1651
-2260
-2416
-1845
-1262
-984
-429
186
658
1287
1585
1435
1865
2817
3035
2739
3257
4572
5292
5164
5026
4696
4114
3396
1857
-388
-2020
-2753
-3742
-5098
-5961
-5912
-5276
-4979
-5103
-4959
-4008
-2947
-3017
-3480
-3356
-2823
-2191
-1802
-1432
-913
9
1278
1832
1858
2219
2711
2678
2015
1338
983
680
136
-550
-962
-648
-190
-255
-136
347
838
1238
1538
1592
1789
2644
3190
3169
3354
4056
4925
5258
5076
4837
4548
4145
3140
1345
-60
-999
-2324
-3658
-4738
-5216
-4970
-4727
-4467
-4291
-3853
-2744
-2190
-2346
-2419
-2424
-2249
-2035
-1855
-1699
-1234
-366
127
245
683
1460
1791
1666
1390
1026
742
411
-86
-782
-993
-679
-513
-403
-194
345
944
1310
1391
1591
2550
3168
3173
3306
3733
4298
4451
4326
4022
3495
2994
2098
676
-574
-1431
-2167
-2877
-3598
-4071
-4051
-3854
-3722
-3887
-3865
-3070
-2633
-2624
-2434
-2306
-2038
-1753
-1340
-902
-589
72
627
692
788
967
960
825
384
-152
-263
-267
-365
-603
-643
-218
25
252
668
948
1326
1803
1913
1781
2292
3128
3434
3599
3921
4461
4870
4709
4168
3477
2814
2101
768
-984
-2015
-2589
-3381
-4086
-4659
-4609
-3978
-3604
-3415
-3327
-2794
-2058
-2023
-2045
-1947
-1985
-1685
-1350
-1327
-1093
-351
415
696
789
1022
1165
1027
675
87
-407
-505
-595
-957
-1133
-740
-247
35
497
1056
1568
2243
2663
2550
2669
3533
4153
4252
4527
4891
5258
5338
4941
4241
3376
2600
1392
-462
-1926
-2827
-3630
-4237
-4817
-5077
-4570
-3908
-3451
-3197
-2863
-2153
-1934
-2151
-2125
-2199
-2162
-1919
-1681
-1417
-1119
-557
-95
-2
160
304
122
-184
-677
-1337
-1674
-1761
-1964
-2154
-2003
-1518
-954
-319
384
992
1635
2459
2913
3135
3896
4557
4864
5170
5541
6015
6164
6029
5641
4810
4075
3229
1703
106
-1163
-2288
-3165
-3981
-4700
-4698
-4393
-4136
-3929
-3798
-3125
-2478
-2363
-2200
-2124
-2032
-1575
-1283
-1223
-976
-521
64
333
393
700
765
589
322
-313
-745
-1050
-1611
-2012
-2132
-2077
-1836
-1411
-831
-140
575
1465
2305
2636
3354
4400
4797
5070
5368
5726
6185
6104
5647
5046
4177
3201
1766
-140
-1602
-2673
-3513
-4074
-4946
-5459
-5129
-4713
-4416
-4354
-4010
-3200
-2877
-2688
-2422
-2369
-2072
-1678
-1434
-1099
-543
185
781
1013
1271
1559
1559
1394
881
368
145
-296
-898
-1363
-1430
-1256
-1280
-1115
-718
-216
602
1423
1963
2684
3850
4766
5231
5613
5959
6377
6534
6120
5326
4431
3700
2763
1246
-363
-1415
-2282
-3079
-3788
-4620
-4733
-4502
-4487
-4371
-4394
-4041
-3671
-3833
-3703
-3581
-3509
-2873
-2384
-1973
-1362
-777
-45
319
437
853
1120
1038
788
266
-99
-273
-720
-1137
-1429
-1440
-1150
-974
-802
-468
101
857
1421
1738
2439
3603
4411
4897
5522
6316
7136
7392
7038
6419
5619
4731
3455
1508
-359
-1540
-2475
-3192
-3949
-4537
-4479
-4430
-4460
-4536
-4574
-4288
-4205
-4375
-4269
-4057
-3633
-3031
-2566
-1979
-1222
-556
-47
148
296
726
967
864
723
663
789
776
481
306
468
722
743
565
331
250
296
541
656
643
1317
2443
3250
3920
4717
5627
6291
6320
6076
5497
4630
3834
2594
900
-405
-1367
-2238
-3070
-3885
-4167
-4208
-4476
-4629
-4675
-4513
-4256
-4325
-4232
-3947
-3704
-3140
-2623
-2249
-1777
-1305
-712
-415
-315
179
635
813
904
910
991
1159
1179
1118
979
989
1028
721
435
355
347
590
1006
1250
1470
1882
2505
3088
3406
3861
4348
4757
5081
5092
4930
4568
3880
2888
1492
12
-1121
-2123
-3115
-3906
-4375
-4521
-4469
-4422
-4168
-3797
-3599
-3461
-3467
-3390
-3223
-3134
-2867
-2486
-2023
-1476
-978
-724
-651
-363
-48
139
100
115
289
464
634
710
903
1166
1415
1401
1315
1306
1253
1227
1068
969
1178
1453
1565
1938
2506
3105
3789
4294
4738
5011
4841
4480
3794
2772
1862
746
-557
-1670
-2647
-3271
-3825
-4341
-4395
-4330
-4161
-3872
-3830
-3552
-3096
-2855
-2678
-2476
-2144
-1812
-1544
-1094
-571
-174
310
593
630
791
942
1019
995
954
1097
1065
822
779
813
782
755
643
711
934
1058
1076
1022
1125
1331
1372
1686
2405
2832
3211
3816
4320
4594
4587
4347
3866
2935
1874
688
-888
-2207
-3250
-4125
-4665
-5215
-5325
-4956
-4590
-4154
-3717
-3187
-2679
-2524
-2516
-2396
-2106
-1743
-1474
-1097
-781
-323
318
447
474
660
787
987
871
781
1057
1091
931
757
525
647
582
52
-79
-157
-105
229
402
824
1277
1436
1815
2405
2875
3258
3575
3844
4127
4270
4286
4219
3555
2517
1650
425
-1123
-2322
-3225
-3821
-4315
-4703
-4468
-4143
-3875
-3398
-3079
-2513
-2073
-2167
-1988
-1839
-1759
-1539
-1574
-1492
-1068
-595
-55
306
630
1251
1617
1664
1404
1010
944
639
203
-32
-206
-195
-130
43
418
663
868
1017
1038
1100
1257
1307
1470
2069
2597
3201
3971
4670
5284
5631
5583
4985
3983
2943
1783
114
-1623
-2835
-3841
-4524
-4922
-5019
-4467
-4052
-3748
-3454
-3427
-3141
-2988
-3027
-2887
-2818
-2493
-2053
-1721
-1141
-393
392
1096
1394
1583
1857
1805
1622
1473
1281
1064
644
248
-45
-194
-182
-347
-281
69
264
551
672
645
892
1110
1209
1250
1614
2156
2489
2915
3415
3845
4205
4300
3834
2959
1999
867
-589
-2122
-3289
-4259
-5089
-5391
-5299
-4937
-4409
-3839
-3311
-3083
-2804
-2523
-2550
-2402
-2170
-1968
-1619
-1410
-1142
-428
448
1214
1813
2355
3031
3379
3223
2936
2352
1897
1671
1207
953
950
1039
1189
1051
990
1165
1095
1004
888
535
467
570
568
1052
1717
2287
3099
3749
4252
4679
4656
4239
3335
2139
1069
-477
-2352
-3676
-4715
-5536
-5859
-5946
-5683
-5123
-4627
-4092
-3818
-3474
-2797
-2609
-2638
-2393
-2085
-1605
-1027
-614
-195
487
1339
2010
2328
2683
3008
2849
2431
1873
1209
665
170
-240
-456
-449
-355
-227
-24
186
384
546
744
846
700
765
958
920
1322
1966
2446
3024
3534
4109
4490
4316
3925
3231
2206
1224
-119
-1542
-2489
-3469
-4244
-4685
-4971
-4723
-4215
-3610
-2932
-2590
-2069
-1475
-1349
-1233
-981
-678
-379
-359
-270
229
732
1223
1719
2276
2886
2996
2730
2489
2169
1701
1107
371
-423
-936
-1085
-1277
-1532
-1480
-1112
-731
-533
-348
-130
91
239
171
181
650
1229
1476
1785
2291
2785
3103
3070
2819
2357
1776
1054
-211
-1663
-2642
-3479
-4383
-5034
-5260
-4811
-4076
-3555
-2947
-2134
-1196
-512
-412
-229
88
61
-5
14
67
386
894
1383
1802
2178
2598
2841
2655
2365
2167
1697
994
200
-517
-759
-844
-1060
-1099
-944
-598
-280
-174
46
243
295
432
507
466
908
1621
1852
2121
2642
3202
3639
3533
3228
2969
2456
1728
608
-874
-1879
-2693
-3678
-4276
-4609
-4532
-3971
-3497
-2941
-2329
-1796
-1178
-896
-870
-650
-564
-637
-512
-333
38
628
1081
1560
1982
2364
2635
2311
1943
1737
1199
651
75
-569
-940
-1100
-1242
-1341
-1288
-1002
-704
-566
-255
95
243
360
418
430
537
887
1305
1615
2108
2691
3158
3368
3232
2847
2232
1565
697
-540
-1640
-2431
-3151
-3598
-3763
-3785
-3498
-3097
-2610
-1954
-1462
-1056
-785
-824
-818
-857
-1028
-994
-813
-503
-76
497
1185
1573
1886
2199
2231
2141
1862
1376
820
233
-248
-612
-880
-934
-826
-723
-563
-315
-55
131
280
417
363
302
246
119
78
170
542
867
1122
1681
2209
2694
2998
2901
2710
2324
1758
984
-96
-962
-1452
-1931
-2448
-2753
-2648
-2235
-2002
-1845
-1421
-971
-599
-600
-805
-623
-490
-556
-542
-453
-121
312
797
1291
1601
2024
2445
2468
2205
1776
1219
554
-316
-1081
-1587
-1886
-2020
-2244
-2254
-1939
-1694
-1523
-1475
-1407
-1106
-837
-756
-690
-611
-321
141
354
858
1654
2264
2864
3215
3281
3253
2836
2195
1330
131
-722
-1386
-2216
-2723
-2931
-2844
-2463
-2129
-1633
-997
-418
152
375
415
600
517
301
283
355
488
790
1340
1880
2278
2553
2671
2714
2539
1983
1309
657
-116
-843
-1545
-2164
-2464
-2538
-2328
-2054
-1974
-1691
-1319
-1066
-838
-830
-758
-632
-740
-628
-216
206
810
1505
2212
3002
3501
3717
3770
3427
3024
2405
1246
196
-684
-1549
-2113
-2609
-2838
-2530
-2187
-1814
-1423
-1169
-774
-579
-782
-905
-942
-871
-801
-864
-642
-155
361
835
1172
1449
1773
1949
1738
1329
774
75
-528
-1258
-2060
-2485
-2670
-2808
-2844
-2660
-2237
-1824
-1496
-1073
-639
-308
82
403
635
915
1339
1958
2338
2631
3100
3541
3892
3940
3649
3393
3098
2457
1577
661
-130
-736
-1351
-1943
-2193
-2188
-2009
-1750
-1596
-1376
-1039
-765
-697
-764
-772
-732
-723
-641
-439
-91
426
944
1282
1604
1887
2003
1925
1452
874
299
-328
-822
-1433
-1921
-2013
-2156
-2286
-2355
-2230
-1798
-1635
-1525
-1286
-1119
-847
-704
-576
-263
2
414
963
1396
1837
2312
2817
3296
3473
3406
3229
2844
2380
1787
970
286
-270
-904
-1400
-1681
-1719
-1590
-1488
-1297
-1177
-1203
-1162
-1229
-1293
-1112
-974
-748
-360
63
606
1007
1349
1733
1803
1671
1428
917
371
-190
-769
-1193
-1609
-1911
-1947
-1862
-1728
-1649
-1565
-1363
-1290
-1357
-1370
-1256
-1001
-798
-495
-46
305
672
989
1306
1753
2158
2510
2790
3089
3445
3526
3463
3250
2804
2462
1749
625
-339
-1207
-1928
-2606
-3228
-3266
-3062
-2881
-2585
-2399
-1957
-1343
-993
-619
-296
-30
355
546
595
638
751
1097
1163
773
617
733
719
478
205
141
108
-152
-431
-761
-1280
-1744
-2125
-2446
-2619
-2591
-2242
-1720
-1300
-787
-48
659
1171
1544
1878
2196
2407
2469
2621
2954
3196
3487
3870
4034
4016
3734
3131
2416
1367
220
-630
-1581
-2427
-2835
-3033
-2923
-2781
-2700
-2266
-1777
-1405
-1059
-765
-344
10
42
90
193
270
334
202
85
26
-96
-44
-94
-268
-319
-496
-734
-1127
-1627
-1875
-2204
-2631
-2917
-3064
-2898
-2705
-2473
-1811
-1036
-318
302
756
1309
1696
1826
1959
2155
2585
2976
3088
3265
3497
3727
3914
3717
3234
2747
2190
1458
454
-457
-882
-1306
-1798
-2115
-2245
-2015
-1752
-1565
-1197
-841
-334
151
192
290
385
255
175
-80
-334
-374
-507
-660
-797
-924
-809
-703
-785
-883
-1080
-1287
-1493
-1955
-2507
-2811
-2920
-2967
-2887
-2495
-1725
-958
-253
578
1373
1979
2347
2542
2682
2783
2714
2530
2296
2197
2464
2646
2530
2479
2621
2872
2785
2256
1819
1411
778
108
-619
-1206
-1544
-1891
-2060
-2044
-1856
-1333
-817
-409
40
434
768
848
599
421
246
-171
-803
-1398
-1713
-1892
-2022
-2074
-2053
-1899
-1637
-1484
-1558
-1583
-1507
-1626
-1890
-1990
-1869
-1749
-1689
-1461
-945
-347
195
702
1149
1499
1751
1900
1966
1905
1658
1441
1307
1146
1161
1257
1217
1265
1538
1848
1979
1870
1920
2144
1948
1443
911
435
124
-190
-522
-751
-810
-606
-347
-225
2
390
722
682
234
-186
-543
-1064
-1667
-2148
-2413
-2491
-2442
-2297
-2064
-1710
-1190
-681
-440
-306
-104
-75
-207
-297
-337
-302
-302
-303
-166
-57
87
366
643
927
1102
1113
1108
1043
919
780
504
179
43
209
467
543
756
1254
1713
2009
2115
2020
1853
1588
1251
707
-9
-438
-732
-1145
-1432
-1427
-1135
-900
-841
-682
-497
-392
-422
-617
-809
-994
-1240
-1443
-1565
-1555
-1378
-1042
-726
-583
-302
105
481
725
771
794
668
414
174
-223
-740
-987
-1014
-1025
-895
-596
-283
66
472
880
1171
1165
1087
986
775
617
378
14
-76
180
439
611
883
1308
1746
1989
2017
1950
1840
1628
1177
561
114
-89
-422
-860
-1016
-917
-825
-886
-961
-932
-916
-982
-1171
-1503
-1750
-1997
-2290
-2477
-2554
-2336
-1950
-1647
-1237
-684
-55
550
787
841
1021
1035
787
438
127
62
-16
-160
-120
20
286
659
833
928
1113
1242
1181
825
460
252
147
74
38
68
367
920
1328
1675
2151
2663
3016
3014
2796
2623
2369
1961
1356
613
88
-255
-706
-1078
-1295
-1369
-1327
-1350
-1317
-1257
-1181
-1073
-1227
-1534
-1704
-1774
-1871
-1979
-2011
-1789
-1427
-1022
-695
-466
-123
72
94
19
-106
-208
-488
-869
-1149
-1459
-1675
-1728
-1725
-1479
-1106
-819
-666
-490
-199
82
101
79
193
136
128
154
211
361
618
1119
1664
2160
2782
3369
3763
4161
4316
4278
3998
3386
2710
1873
1006
249
-532
-1170
-1580
-1892
-2004
-2078
-2146
-1968
-1768
-1642
-1642
-1743
-1613
-1462
-1518
-1486
-1343
-1054
-688
-334
133
585
968
1202
1197
1126
933
482
-87
-758
-1305
-1635
-1958
-2201
-2279
-2218
-1877
-1426
-974
-456
-37
434
827
962
1100
1175
1207
1220
1280
1553
1795
2038
2486
2937
3316
3628
3621
3524
3277
2758
2193
1452
619
-181
-1030
-1709
-2151
-2493
-2521
-2325
-2151
-1833
-1454
-1039
-660
-541
-489
-519
-651
-738
-814
-843
-782
-733
-623
-419
-200
100
297
282
179
-31
-396
-840
-1448
-2130
-2713
-3150
-3351
-3505
-3431
-3142
-2639
-1840
-1050
-310
368
1055
1610
1840
2015
2289
2358
2299
2260
2181
2165
2208
2394
2643
2765
2903
3018
2955
2844
2552
1963
1295
683
116
-372
-856
-1237
-1429
-1471
-1331
-1168
-875
-474
-198
-72
-84
-32
20
-143
-404
-629
-884
-1054
-1209
-1403
-1480
-1487
-1398
-1326
-1241
-1046
-878
-918
-969
-1066
-1245
-1431
-1643
-1611
-1432
-1149
-780
-354
199
815
1313
1729
1999
2091
2219
2152
1999
1767
1466
1186
862
677
646
707
880
1045
1084
1227
1399
1530
1596
1339
962
585
171
-259
-802
-1394
-1795
-2039
-2119
-2081
-1994
-1713
-1361
-999
-665
-410
-216
-264
-582
-888
-1156
-1401
-1565
-1645
-1630
-1484
-1191
-809
-424
-107
132
354
498
560
535
417
293
150
74
77
169
248
365
650
1067
1429
1567
1709
1846
1848
1686
1442
1232
1118
1004
868
831
789
874
1158
1564
1800
1906
2041
2082
2058
1731
1207
655
30
-566
-1102
-1645
-2150
-2538
-2754
-2688
-2622
-2324
-1918
-1755
-1578
-1398
-1249
-1128
-1157
-1333
-1472
-1638
-1717
-1739
-1742
-1555
-1218
-791
-401
-76
281
688
895
866
747
596
347
49
-164
-341
-282
-168
-41
196
470
780
1093
1355
1594
1643
1490
1392
1167
1001
893
748
578
492
580
694
922
1129
1281
1449
1627
1664
1577
1372
1068
760
326
-135
-544
-918
-1210
-1376
-1483
-1419
-1144
-814
-491
-299
-263
-277
-383
-570
-949
-1466
-1788
-1964
-2036
-1925
-1766
-1512
-1032
-502
-31
318
490
648
632
483
307
1
-140
-258
-473
-554
-488
-242
16
170
474
733
923
1145
1122
1005
921
803
710
498
298
306
351
478
654
747
1004
1349
1530
1732
1896
1952
1964
1750
1502
1238
825
478
22
-498
-761
-945
-1204
-1426
-1610
-1653
-1646
-1760
-1835
-1927
-1948
-1872
-1980
-2086
-2027
-1936
-1750
-1534
-1215
-800
-462
-85
224
444
740
1020
1112
990
850
820
600
246
11
-233
-356
-406
-485
-482
-451
-381
-238
-76
118
191
228
449
617
685
789
972
1280
1556
1757
1929
2005
2229
2539
2573
2441
2278
2108
1865
1371
839
345
-234
-683
-1166
-1633
-1762
-1782
-1754
-1620
-1418
-1126
-850
-722
-632
-607
-591
-532
-735
-971
-1039
-1132
-1205
-1242
-1184
-1068
-1014
-819
-612
-544
-430
-425
-509
-574
-718
-870
-1047
-1178
-1147
-1090
-981
-784
-535
-150
241
559
852
1152
1421
1488
1471
1529
1546
1492
1515
1546
1549
1480
1371
1317
1200
1228
1323
1170
1016
923
847
815
615
406
324
209
104
-123
-333
-213
-127
-149
-96
-78
-9
-27
-137
-228
-456
-632
-790
-1112
-1379
-1517
-1591
-1570
-1562
-1503
-1304
-1112
-931
-793
-630
-386
-237
-233
-246
-229
-203
-204
-244
-252
-279
-244
-170
-91
48
195
367
470
539
638
616
468
307
129
-33
-155
-216
-183
-89
93
292
464
733
1026
1189
1287
1368
1441
1546
1565
1529
1502
1424
1322
1117
825
656
453
154
-112
-406
-614
-860
-1123
-1280
-1442
-1563
-1674
-1869
-2010
-2029
-1972
-1799
-1621
-1345
-846
-372
-4
263
517
821
900
740
598
449
303
82
-255
-447
-501
-517
-502
-542
-454
-196
-82
-1
111
262
533
657
695
789
835
928
908
763
835
915
932
915
810
901
1052
1027
944
841
744
703
444
91
-100
-291
-459
-741
-1098
-1169
-1121
-1140
-1155
-1148
-936
-655
-645
-665
-617
-549
-420
-511
-621
-587
-547
-453
-455
-426
-146
182
406
466
478
635
740
653
453
219
83
-79
-340
-561
-686
-678
-593
-507
-334
-123
83
317
441
577
733
707
652
642
658
722
674
571
581
605
632
618
492
468
507
485
488
418
423
528
487
414
356
234
121
-77
-364
-513
-567
-687
-755
-785
-693
-503
-492
-452
-408
-413
-384
-515
-686
-787
-890
-895
-916
-902
-689
-496
-283
-69
62
247
401
411
342
228
112
-25
-238
-356
-357
-275
-43
118
332
692
931
1109
1126
1070
1101
986
814
660
477
399
230
-16
-127
-244
-375
-487
-612
-639
-518
-392
-242
-40
160
405
536
474
409
297
60
-252
-728
-1071
-1156
-1309
-1296
-1167
-1057
-786
-676
-638
-513
-482
-452
-519
-675
-614
-508
-438
-208
2
287
659
800
907
1047
1147
1295
1180
1028
1052
903
752
484
149
179
265
336
430
480
752
1013
1043
1068
1068
1055
979
633
310
206
58
-177
-449
-622
-582
-590
-657
-718
-832
-782
-701
-800
-866
-811
-630
-492
-577
-614
-507
-370
-367
-506
-590
-548
-559
-701
-835
-798
-573
-380
-301
-241
-82
125
226
186
136
259
417
430
425
514
727
926
926
871
952
1060
1157
1078
846
738
657
532
301
-1
-123
-166
-294
-411
-496
-452
-367
-383
-343
-257
-202
-106
-145
-206
-136
-112
-78
-114
-149
-52
-68
-144
-175
-184
-100
-44
-42
51
149
204
251
158
8
-69
-177
-351
-569
-798
-840
-812
-844
-776
-619
-312
23
204
383
551
612
589
406
178
-22
-220
-363
-504
-649
-640
-448
-283
-170
-56
138
330
399
440
421
348
312
203
24
-129
-225
-190
-143
-99
37
176
366
490
469
532
607
614
599
497
446
440
327
237
153
70
126
154
186
294
371
533
604
527
548
555
500
382
146
12
-46
-172
-339
-600
-715
-670
-751
-759
-655
-542
-333
-182
-48
40
-18
-47
-193
-481
-680
-904
-1111
-1223
-1310
-1208
-1009
-765
-471
-250
47
347
460
498
479
365
224
30
-134
-180
-206
-177
-109
-41
203
470
627
761
805
907
1000
891
771
630
480
405
202
-13
-121
-128
-75
-159
-198
-53
87
216
276
305
473
654
758
722
619
645
662
569
405
205
150
138
13
-89
-185
-240
-240
-345
-461
-486
-501
-541
-678
-836
-889
-932
-999
-1065
-1079
-953
-762
-589
-410
-191
63
241
309
352
293
149
-18
-256
-461
-602
-702
-735
-768
-692
-491
-324
-106
76
188
335
348
266
183
103
94
53
-14
0
13
74
113
86
149
268
397
512
547
638
831
936
979
993
947
914
811
643
508
309
150
65
-29
-34
20
80
174
240
283
325
282
181
46
-123
-247
-354
-462
-495
-448
-325
-152
-33
153
360
462
554
527
450
379
194
11
-211
-449
-545
-621
-653
-636
-652
-586
-541
-501
-424
-454
-503
-583
-681
-761
-874
-925
-902
-844
-731
-650
-561
-385
-193
-6
149
312
517
736
890
990
1084
1130
1121
1037
917
841
788
682
509
295
174
150
76
9
-47
-101
-116
-193
-304
-391
-453
-469
-544
-667
-677
-642
-581
-491
-437
-300
-134
-31
72
123
181
231
145
18
-77
-169
-286
-453
-575
-578
-514
-437
-359
-316
-287
-159
33
186
273
318
399
472
429
337
306
290
246
128
29
106
197
194
141
95
214
358
373
375
368
424
475
415
426
483
550
675
674
658
705
664
640
542
401
377
333
241
114
-5
-32
-78
-171
-269
-369
-419
-471
-531
-508
-432
-366
-332
-292
-218
-135
-120
-193
-283
-324
-331
-399
-545
-649
-670
-645
-637
-696
-644
-520
-467
-455
-451
-368
-254
-263
-336
-417
-454
-391
-406
-505
-549
-540
-474
-434
-455
-452
-380
-274
-145
-39
121
397
589
680
756
771
849
970
961
945
941
925
926
832
789
824
789
821
806
694
673
575
375
219
4
-67
-73
-214
-173
-117
-97
-1
-46
-25
91
159
254
235
252
336
246
131
-6
-120
-189
-350
-463
-541
-598
-561
-618
-674
-624
-561
-501
-457
-406
-352
-388
-411
-410
-502
-574
-657
-721
-737
-754
-698
-666
-638
-593
-553
-451
-351
-233
-131
5
179
260
325
422
535
652
715
760
801
810
803
778
750
775
777
752
738
689
642
551
466
412
330
242
124
35
2
-26
-39
-12
43
87
156
234
251
280
324
304
302
290
238
132
-53
-214
-351
-488
-590
-666
-747
-771
-725
-669
-592
-567
-599
-614
-607
-596
-592
-559
-474
-415
-429
-492
-513
-501
-474
-458
-428
-318
-164
-17
120
224
317
431
530
624
694
754
794
773
699
628
531
466
500
491
423
353
253
203
127
-6
-59
-87
-84
-127
-186
-165
-157
-175
-215
-229
-204
-185
-210
-211
-200
-231
-253
-282
-361
-479
-595
-713
-741
-699
-714
-683
-628
-511
-321
-167
18
251
452
590
620
593
551
450
390
321
189
108
46
13
-13
-64
-40
21
92
201
251
334
480
573
653
723
783
881
948
961
933
924
940
847
681
549
477
416
294
176
61
-49
-141
-225
-308
-426
-490
-520
-593
-603
-578
-523
-442
-464
-480
-430
-352
-198
-138
-191
-170
-181
-240
-344
-449
-449
-501
-565
-629
-734
-714
-606
-555
-514
-459
-367
-297
-317
-338
-339
-355
-354
-392
-478
-521
-558
-594
-567
-526
-483
-376
-258
-155
-37
84
243
416
537
662
804
983
1181
1295
1364
1387
1372
1333
1195
1037
941
858
748
554
363
239
110
3
-66
-137
-167
-202
-271
-336
-385
-396
-368
-306
-247
-196
-140
-80
-60
-40
22
45
-20
-152
-287
-380
-399
-417
-480
-539
-596
-611
-613
-599
-520
-354
-187
-97
-39
8
50
73
100
155
232
314
319
213
80
17
28
58
126
207
233
251
246
231
237
265
314
322
316
314
286
219
129
61
-20
-109
-193
-294
-368
-455
-480
-385
-294
-230
-166
-105
-71
-96
-52
56
103
118
107
67
-10
-54
-44
-21
15
73
95
40
-79
-203
-242
-255
-289
-309
-287
-279
-286
-241
-187
-96
59
211
331
401
469
537
592
656
736
782
745
626
429
240
91
-8
-75
-148
-206
-249
-302
-374
-421
-372
-241
-136
-93
-46
-40
-63
-31
2
59
115
110
115
49
-77
-141
-136
-101
-117
-164
-206
-265
-303
-313
-295
-258
-243
-250
-249
-227
-176
-123
-88
-65
-16
46
41
-9
0
29
52
97
78
12
-26
-89
-134
-118
-97
-56
-3
37
81
111
174
240
269
292
311
329
293
231
172
128
114
78
-15
-82
-119
-107
-93
-119
-113
-101
-78
-80
-102
-56
27
62
47
11
1
15
37
44
41
38
55
91
122
142
198
247
240
245
258
280
278
279
322
343
291
226
182
149
119
86
86
58
-7
-90
-166
-201
-221
-230
-240
-249
-233
-187
-124
-79
-26
43
86
79
51
26
10
25
9
-47
-105
-176
-233
-300
-380
-416
-470
-548
-624
-704
-729
-752
-776
-739
-675
-587
-493
-396
-293
-188
-63
63
158
276
428
547
641
675
676
660
617
569
509
459
426
407
405
396
376
378
377
350
283
219
172
99
30
-31
-62
-53
-25
5
10
21
59
91
103
85
73
45
-46
-143
-224
-284
-335
-347
-346
-349
-333
-274
-166
-83
-15
49
69
66
27
1
5
-58
-126
-124
-85
-84
-161
-195
-154
-81
-32
-42
-101
-157
-135
-112
-134
-182
-192
-151
-121
-127
-111
-31
73
162
225
270
306
359
387
361
312
278
285
221
104
45
36
16
-10
-11
3
19
-4
-19
-18
-20
-27
-52
-81
-106
-97
-68
-42
-46
-60
-66
-87
-96
-91
-68
-57
-67
-77
-105
-122
-115
-88
-88
-121
-107
-69
-88
-102
-74
-25
9
-10
-13
10
56
112
157
186
208
288
374
407
388
404
457
471
450
419
390
318
199
71
-73
-224
-323
-361
-380
-402
-373
-299
-217
-175
-139
-79
-60
-46
-46
-56
-58
-80
-101
-121
-168
-218
-254
-249
-262
-286
-236
-210
-210
-235
-284
-327
-370
-391
-375
-328
-303
-221
-122
-26
77
184
297
346
352
375
376
312
266
227
200
185
150
133
134
156
195
215
260
330
374
365
329
309
316
340
355
332
294
273
232
174
112
91
114
131
134
95
54
41
27
17
-12
-89
-168
-227
-265
-312
-348
-350
-374
-406
-449
-463
-464
-473
-461
-452
-458
-485
-535
-571
-568
-539
-455
-368
-278
-162
-44
70
131
169
200
233
247
225
193
153
109
79
65
29
0
-20
-8
22
75
175
269
346
394
443
514
595
646
666
675
678
663
639
605
518
423
334
269
207
131
44
-40
-106
-173
-231
-289
-295
-281
-259
-265
-286
-275
-289
-299
-341
-367
-356
-346
-314
-286
-278
-309
-380
-444
-476
-511
-544
-575
-584
-577
-537
-451
-378
-297
-191
-83
35
156
274
395
464
495
479
457
452
424
392
365
324
263
226
189
144
93
55
27
-1
-5
36
107
167
238
308
382
441
454
464
483
499
488
442
369
287
189
63
-41
-130
-201
-264
-318
-381
-470
-526
-554
-603
-650
-657
-605
-522
-447
-368
-296
-219
-158
-117
-74
-31
-3
8
23
5
-19
-43
-62
-107
-172
-188
-173
-161
-147
-118
-120
-128
-113
-88
-66
-55
-39
-3
69
170
269
353
430
503
555
578
583
586
570
549
523
471
428
371
301
229
151
92
47
-9
-72
-143
-192
-220
-250
-274
-300
-282
-232
-178
-128
-86
-28
19
50
59
55
47
39
35
20
4
-23
-56
-113
-189
-267
-327
-355
-359
-359
-344
-309
-275
-250
-226
-172
-110
-33
37
75
110
144
169
185
214
238
250
255
257
264
232
170
112
67
12
-55
-130
-186
-196
-200
-205
-196
-180
-169
-134
-75
-35
-18
-6
17
43
63
99
143
157
155
132
119
105
64
29
12
-15
-45
-70
-97
-114
-162
-191
-218
-217
-179
-142
-91
-46
10
56
87
126
181
229
268
280
272
261
235
222
215
204
184
139
100
68
31
-8
-53
-104
-136
-156
-151
-125
-101
-94
-80
-33
8
23
16
26
29
30
36
43
51
33
8
-4
1
-20
-60
-107
-142
-182
-208
-196
-181
-158
-158
-152
-148
-148
-150
-170
-170
-151
-137
-104
-67
-30
8
12
31
66
89
119
126
135
148
152
161
155
128
96
56
30
12
23
51
60
80
92
103
137
157
156
142
103
73
73
72
78
94
131
162
159
142
128
102
82
65
35
1
-37
-58
-84
-98
-81
-53
-44
-56
-73
-74
-70
-76
-73
-84
-101
-110
-138
-162
-183
-207
-219
-234
-208
-174
-179
-181
-192
-185
-182
-176
-168
-191
-191
-167
-127
-72
-30
1
18
27
48
74
108
126
130
136
147
169
186
204
223
235
235
247
234
219
194
157
132
118
149
166
154
131
126
134
127
125
138
133
95
57
23
3
-21
-48
-71
-100
-122
-150
-153
-151
-174
-195
-208
-235
-238
-221
-198
-181
-186
-184
-151
-109
-72
-36
-18
-22
-31
-15
-4
-6
-14
-27
-55
-83
-97
-80
-46
-42
-25
1
34
63
59
68
88
99
101
98
104
102
91
91
114
147
169
145
103
65
52
51
28
33
55
64
52
30
20
22
21
21
16
4
-7
-4
-15
-42
-37
-20
-3
-3
-46
-72
-60
-49
-26
-14
13
31
23
25
24
36
44
51
27
1
12
-2
-15
-20
-7
-12
-24
-34
-62
-78
-85
-74
-61
-58
-52
-33
-5
23
46
65
73
60
41
24
19
9
-3
8
12
5
4
1
-6
-33
-75
-93
-108
-126
-130
-138
-124
-93
-73
-62
-50
-28
-23
-18
-2
2
-2
-9
-8
-6
-27
-33
-21
-19
2
12
14
12
28
42
57
97
99
106
107
104
91
70
60
46
34
24
30
22
11
4
7
32
46
69
81
55
43
44
28
13
15
41
66
65
52
22
-9
-22
-48
-65
-66
-84
-100
-104
-89
-62
-43
-27
-7
-13
-22
-12
-13
-9
24
50
60
77
66
37
32
30
17
9
-16
-33
-39
-42
-34
-30
-10
-2
-1
2
10
2
-22
-35
-29
1
6
-4
3
13
8
-2
-1
8
-2
-19
-10
9
27
21
9
22
44
48
32
23
16
-10
-25
-30
-33
-13
-5
5
9
-9
-24
-53
-70
-70
-75
-61
-42
-32
-22
-18
-23
-33
-25
-30
-32
-8
18
31
37
24
18
22
30
29
17
24
3
-24
-33
-42
-50
-57
-56
-39
-21
-6
-6
-17
-21
-19
-12
6
16
10
14
23
32
37
44
53
37
22
20
18
34
57
60
60
64
50
35
32
40
53
63
58
47
37
36
41
26
3
-13
-9
-3
-29
-46
-32
1
17
-2
-13
-17
-20
-30
-29
-23
-21
-27
-38
-31
-13
-1
8
5
-4
-10
-31
-52
-56
-38
-22
-28
-27
-22
-37
-50
-49
-48
-38
-36
-26
-13
-9
-11
10
40
61
75
67
71
67
53
36
12
-5
-19
-30
-23
-26
-32
-21
-28
-35
-31
-6
15
25
38
46
46
40
31
12
4
13
31
51
38
24
7
-4
-21
-40
-42
-44
-49
-82
-87
-73
-72
-61
-28
22
48
55
65
72
60
46
60
60
64
59
53
45
22
11
-10
-18
-25
-46
-64
-75
-78
-76
-69
-48
-28
4
29
34
35
44
35
4
3
24
45
45
33
20
7
-13
-48
-59
-57
-62
-50
-61
-68
-54
-37
-17
-27
-25
-22
-27
-19
-8
12
31
51
60
40
19
13
23
41
45
17
1
-1
-5
-10
4
27
17
17
16
21
38
31
40
38
37
21
4
-14
-27
-15
-9
-10
-19
-14
-16
-41
-42
-24
-12
-19
-44
-42
-31
-19
8
28
31
36
40
43
41
16
0
-2
8
14
15
25
25
18
11
2
-9
-4
18
39
24
-4
-25
-29
-16
-17
-15
-15
-10
4
10
17
23
31
35
8
-29
-31
-26
-28
-25
-19
0
6
4
-10
-28
-28
-38
-48
-49
-42
-22
4
40
64
61
72
74
66
50
21
15
12
38
48
32
17
-6
-30
-47
-49
-60
-82
-99
-94
-60
-27
-2
3
19
34
14
-15
-52
-65
-71
-81
-79
-80
-72
-62
-25
11
18
8
-4
-6
-12
-12
-16
-4
36
62
69
53
43
39
30
25
23
34
53
29
-3
-10
7
38
71
98
97
72
51
48
45
45
41
46
47
33
29
31
21
2
-27
-64
-85
-75
-65
-53
-28
-22
-21
-38
-47
-40
-36
-23
-16
-22
-20
-29
-29
-6
5
29
37
25
8
-25
-21
-15
-8
10
2
8
11
-13
-25
-25
-16
-11
-15
-17
-25
-6
22
24
30
35
51
52
26
16
5
-6
0
-6
4
16
34
53
38
19
15
19
20
12
18
43
52
42
20
17
13
-15
-40
-67
-82
-64
-43
-29
-22
-9
12
-3
-17
-19
-28
-28
-47
-67
-59
-41
-31
-37
-14
17
29
33
16
0
-2
-4
-21
-37
-30
-4
6
10
17
16
7
-14
-36
-54
-68
-65
-47
-22
-2
15
21
27
23
6
8
11
10
14
42
73
79
73
56
46
21
-3
-11
-18
-2
20
29
28
34
42
41
28
16
8
-2
2
13
27
43
41
48
59
48
24
2
-1
-12
-42
-50
-49
-43
-28
-17
-12
-21
-27
-24
-30
-51
-49
-52
-72
-82
-68
-25
5
27
57
71
73
55
34
20
7
2
-6
-38
-55
-60
-72
-64
-50
-30
-14
-5
0
24
49
52
43
37
40
17
8
2
-15
-24
-25
-13
-19
-23
-2
25
22
7
9
16
-1
-32
-42
-34
-12
-14
-13
16
47
57
34
21
21
0
1
5
1
13
23
17
4
7
23
26
10
10
15
1
0
-10
-23
-15
-4
-2
-19
-15
14
25
25
23
24
32
15
-20
-31
-29
-30
-25
-27
-11
0
8
23
14
3
-9
-26
-36
-55
-59
-46
-46
-30
-21
-3
18
9
15
29
14
9
7
21
12
-10
0
12
11
-6
-13
-12
-4
-17
-27
-25
7
14
-19
-16
4
14
11
6
25
54
59
45
35
45
35
1
-7
-2
9
-17
-43
-52
-62
-60
-69
-78
-72
-46
-34
-23
3
24
18
6
17
21
34
53
69
94
99
77
45
24
12
4
7
9
6
-11
-22
-9
-4
-8
-6
-1
11
21
30
28
27
26
33
37
46
49
37
36
14
12
12
-11
-42
-75
-87
-84
-80
-70
-53
-48
-56
-62
-51
-37
-19
-4
4
3
6
12
17
21
18
24
33
42
28
5
-11
-22
-22
-28
-31
-41
-33
-16
-6
3
17
26
24
17
7
-1
2
3
1
3
-3
-10
-10
-8
1
-2
-15
-14
-1
-5
-21
-21
-2
4
-12
-19
-14
8
17
8
-8
-4
31
44
41
54
54
35
27
32
24
0
2
18
21
25
28
27
25
20
17
8
-6
-2
-12
-32
-49
-52
-15
17
17
15
17
23
24
0
-16
-27
-39
-31
-30
-26
-3
19
20
4
12
17
16
15
3
-9
-24
-23
-37
-46
-39
-35
-27
-30
-48
-55
-63
-70
-63
-45
-34
-35
-26
-5
0
6
24
37
51
54
59
54
48
55
57
63
56
43
36
40
37
12
-6
-9
-24
-45
-28
-20
-23
-11
-4
-6
-10
-6
-4
2
12
26
41
43
24
19
14
3
4
-3
-10
-22
-26
-22
-16
-16
-26
-12
-5
6
18
26
23
19
22
25
36
38
30
15
26
43
37
20
8
3
-6
-17
-22
-24
-43
-61
-83
-93
-100
-119
-119
-109
-81
-57
-47
-36
-23
-11
-11
-16
-25
-2
23
31
31
33
57
89
111
103
77
78
89
85
61
43
36
15
9
3
5
22
32
43
42
28
22
19
9
-5
-32
-58
-62
-55
-45
-38
-39
-33
-34
-35
-47
-59
-51
-46
-45
-47
-54
-42
-10
-1
-14
-24
-15
-11
-26
-37
-32
-19
-11
-9
5
24
47
50
37
29
22
22
25
30
40
58
77
87
89
79
58
37
33
35
25
3
-15
-37
-60
-56
-33
-30
-25
-22
-24
-9
-5
-10
-26
-35
-26
-8
19
33
33
36
30
23
25
17
-1
-12
4
18
24
21
18
11
-5
-20
-39
-47
-38
-32
-35
-41
-30
-9
-5
-15
-20
-17
-9
-4
-10
-19
-15
-12
-12
-14
-11
-11
-6
6
8
10
-9
-19
-6
16
31
17
15
36
39
18
-3
-20
-24
-9
9
22
27
35
40
29
13
7
-5
-28
-37
-37
-44
-34
-10
0
8
15
16
25
28
33
26
6
3
8
19
33
53
58
46
36
23
12
-1
-6
-11
-16
-12
-16
-11
-7
-13
-25
-21
-8
-2
-2
-16
-31
-33
-27
-33
-43
-43
-29
-16
-17
-21
-29
-41
-39
-35
-43
-39
-37
-44
-43
-40
-42
-47
-43
-31
-17
-14
-17
-13
6
31
40
35
38
51
73
80
69
67
75
83
80
68
66
82
77
51
23
2
-13
-13
-6
0
13
34
50
42
20
-5
-2
10
9
-4
-7
-3
2
0
-1
7
16
32
29
5
-15
-34
-36
-42
-43
-36
-44
-42
-27
-20
-37
-55
-52
-39
-31
-33
-38
-42
-36
-21
-17
-35
-49
-39
-10
12
6
-11
-17
-6
0
5
-3
-13
-9
7
18
7
4
7
18
19
9
2
0
12
28
42
41
36
31
37
29
15
16
15
15
18
16
7
-8
-14
-12
-5
-7
-10
-5
-2
-1
-5
-6
-8
-9
0
-4
-5
-9
-5
2
-5
-21
-32
-21
-13
-5
-1
6
2
7
23
24
16
-6
-21
-23
-21
-10
-1
7
16
12
17
6
-19
-27
-20
-19
-33
-30
-22
-13
-7
-12
-21
-25
-10
13
25
32
43
42
38
29
17
24
39
33
26
28
27
22
8
15
25
20
17
17
6
-6
-3
13
26
31
31
33
46
62
56
32
11
-2
0
4
5
-3
-20
-36
-43
-40
-57
-68
-62
-44
-31
-45
-54
-57
-71
-73
-56
-38
-30
-26
-14
-2
4
18
30
34
31
23
15
8
-1
-9
-13
-20
-43
-49
-33
-18
-16
-18
-15
-25
-39
-44
-29
-8
7
28
63
75
77
90
85
66
42
40
39
41
39
26
13
-3
-15
-11
-12
-27
-45
-55
-64
-75
-71
-49
-27
-8
14
38
54
45
37
36
27
20
15
31
33
29
36
26
15
-1
-23
-42
-65
-72
-55
-40
-21
-3
10
23
14
12
16
20
31
29
23
15
10
28
29
16
3
-16
-18
-17
-23
-35
-49
-43
-47
-46
-23
-8
0
10
18
24
32
29
13
16
31
28
30
33
5
-3
12
14
16
7
4
1
-3
11
13
10
18
11
0
-10
-13
-14
-18
1
17
8
-6
-21
-26
-30
-21
-11
-13
-18
-35
-51
-57
-45
-29
-17
-16
-12
3
8
5
-6
-1
1
14
25
22
31
30
41
52
64
60
33
24
9
10
10
-12
-24
-23
-27
-43
-58
-60
-59
-60
-40
-36
-42
-43
-44
-18
5
-1
-9
5
17
21
11
13
7
-5
13
25
39
52
54
56
41
25
20
16
21
26
37
53
64
73
71
57
50
34
24
17
1
-1
-16
-22
-16
-23
-34
-43
-64
-74
-75
-66
-71
-81
-64
-54
-32
-14
-1
3
1
-4
-19
-14
-14
-25
-32
-47
-51
-41
-21
11
11
5
1
-18
-25
-23
1
29
50
81
103
106
93
75
68
77
63
42
33
34
28
16
15
-3
-31
-42
-51
-58
-43
-32
-20
-14
-15
-10
-3
21
25
24
30
30
32
17
9
20
25
26
26
2
-24
-39
-39
-33
-35
-41
-41
-39
-45
-46
-39
-30
-44
-41
-29
-24
-14
-14
-5
-3
-2
10
-4
-20
-13
0
9
9
16
19
8
-7
-21
-37
-61
-53
-36
-11
23
51
58
57
52
41
20
-6
-14
-10
6
20
41
55
47
36
21
3
-10
-8
-3
-3
-11
-4
15
18
16
12
7
5
-3
5
19
17
19
5
6
12
9
5
-11
-17
-10
9
18
10
1
2
-4
-11
-24
-35
-33
-26
-4
17
23
26
20
25
29
24
9
-12
-11
-13
-11
-13
-25
-34
-35
-24
-21
-25
-39
-39
-40
-50
-46
-42
-35
-24
-6
1
4
0
4
16
19
21
24
26
28
32
31
25
30
46
50
38
17
-6
-22
-33
-34
-24
-9
3
17
31
24
8
-9
-13
0
17
13
-1
0
-1
5
5
9
18
13
1
-2
1
-14
-35
-46
-46
-38
-23
-13
4
18
19
18
14
24
19
-4
-14
-10
-5
2
1
2
7
4
12
17
13
4
1
13
12
5
-4
-2
-5
-19
-30
-29
-27
-6
17
26
36
30
14
5
-2
-13
-12
-20
-29
-37
-26
-7
-1
8
16
28
19
3
-8
-18
-21
-15
3
23
41
42
38
27
21
19
9
0
-12
-22
-28
-41
-46
-36
-14
1
-2
2
-7
-4
4
0
-16
-29
-25
-23
-23
-11
12
18
28
36
36
21
7
15
7
-7
-22
-30
-43
-41
-23
-13
-8
8
21
31
34
17
10
12
1
-15
-20
-13
-5
6
20
40
47
45
39
36
19
-11
-37
-45
-29
-15
-3
5
33
60
52
50
32
7
-1
2
-7
-13
-3
-4
-6
-14
-27
-31
-28
-22
-10
-1
5
10
19
29
26
13
-5
-18
-30
-42
-50
-44
-40
-25
4
28
43
38
19
7
4
-9
-19
-14
-14
-25
-29
-25
-20
-13
-14
-16
-5
7
2
-4
-4
-7
-6
-6
-4
5
2
-8
5
20
24
20
16
4
-11
-13
-6
-11
-14
-21
-29
-30
-29
-34
-35
-16
-5
-6
3
7
-1
-3
0
14
27
35
36
36
29
26
22
12
19
30
36
41
42
54
69
55
17
-16
-36
-53
-54
-30
-2
10
18
24
28
28
8
-9
-12
-11
1
7
13
20
18
8
3
6
3
5
14
14
18
26
29
28
17
-3
-18
-22
-18
-35
-53
-46
-27
-21
-19
-11
-11
-22
-42
-59
-66
-68
-73
-63
-38
-21
-23
-18
-9
-3
6
8
2
0
2
7
8
11
16
21
22
32
38
39
37
25
18
8
-2
-8
-10
1
12
18
25
24
21
19
8
-8
-14
-8
-17
-20
-20
-20
-4
17
27
31
35
39
44
43
24
6
5
1
2
5
7
26
