0
0
-1
0
1
0
0
0
0
0
0
0
0
0
0
-1
1
-1
0
1
0
0
0
0
0
0
0
0
0
0
0
0
0
0
0
1
0
0
0
0
-1
1
0
0
0
0
0
0
0
0
0
0
0
0
-1
0
0
0
-1
0
0
1
1
0
0
0
0
-1
0
1
0
-1
0
0
0
0
-1
0
0
0
0
0
-1
-1
0
0
0
0
1
0
0
0
0
-1
0
0
0
0
0
0
0
0
1
0
-1
0
0
-1
0
0
0
0
0
0
0
0
0
0
0
1
0
0
0
0
-1
-1
0
-1
0
0
0
-1
0
0
0
0
1
1
-1
0
0
-1
-1
0
0
-1
0
0
-1
0
0
-1
1
-1
0
0
-1
0
0
0
0
0
0
0
1
0
0
-1
1
1
0
0
0
0
0
0
0
0
0
1
0
0
0
0
0
0
-1
0
0
-1
0
0
1
0
0
1
0
0
0
1
0
0
0
0
0
0
1
-1
0
0
0
1
0
-1
0
0
0
0
0
-1
0
0
0
0
1
0
0
1
0
0
0
1
0
0
0
0
0
1
0
0
0
0
0
0
0
1
0
0
0
0
-1
0
0
-1
-1
0
-1
0
0
0
1
1
0
0
0
-1
1
0
0
0
0
1
0
1
0
0
1
1
0
0
0
0
0
-1
0
0
0
-1
0
0
1
0
0
0
0
1
0
1
0
0
0
0
-1
0
0
0
0
0
-1
0
0
0
1
1
0
0
-1
0
0
1
0
0
-1
1
0
0
0
0
-1
0
0
0
0
0
0
0
0
0
0
0
1
0
0
0
-1
0
1
0
0
1
-1
0
-1
-1
0
0
0
0
0
0
0
0
-1
0
-1
1
0
1
1
0
0
0
0
0
0
0
0
0
0
0
0
0
0
1
0
-1
0
0
0
0
0
0
-1
0
0
-1
0
0
0
0
0
0
0
1
1
0
0
0
0
0
0
0
-1
0
0
0
0
0
0
-1
-1
0
0
0
0
0
1
0
1
-1
0
0
-1
0
0
0
1
0
0
0
0
0
0
0
1
0
1
0
0
0
-1
-1
0
0
0
0
1
0
-1
0
0
0
0
1
0
-1
0
0
0
0
0
1
0
0
0
0
0
0
0
0
0
0
1
0
0
0
0
0
0
0
0
0
0
0
0
0
-1
-1
0
0
0
0
0
0
-1
0
0
-1
0
0
0
0
0
0
0
0
0
0
0
0
0
0
0
0
0
-1
0
0
1
0
0
-1
1
0
0
0
0
0
0
0
0
0
0
-1
1
0
0
-1
0
0
0
1
0
-1
0
0
0
0
0
0
0
1
-1
0
-1
0
-1
-1
0
0
0
1
0
0
0
0
0
1
0
-1
-1
0
0
0
0
0
0
0
-1
0
-1
0
1
0
0
0
0
1
0
0
0
0
0
-1
-1
0
0
0
0
-1
0
1
0
1
0
0
0
0
-1
0
0
0
-1
0
0
0
0
0
0
0
0
-1
0
0
0
1
0
1
0
-1
0
1
0
0
-1
0
0
0
0
0
0
1
0
1
0
0
0
0
0
1
0
1
0
0
0
1
0
0
0
0
0
-1
0
0
0
0
0
0
0
0
0
-1
0
0
0
0
0
0
0
0
0
0
1
0
1
0
0
1
0
0
1
0
0
1
0
0
1
0
0
0
0
0
0
0
0
0
0
0
1
0
0
-1
0
0
-1
0
-1
0
0
1
1
0
0
0
-1
0
0
0
0
0
0
1
0
0
-1
0
0
0
0
-1
0
1
0
0
0
0
0
-1
0
0
0
0
0
0
0
1
0
0
0
0
0
-1
0
0
0
0
0
1
0
0
0
0
0
0
0
1
0
-1
0
-1
1
0
0
0
0
-1
0
-1
0
0
0
0
-1
1
0
0
0
1
0
-1
0
1
1
0
-1
0
0
0
0
0
0
0
0
-1
0
0
0
0
1
-1
0
0
-1
0
0
0
0
0
1
1
0
0
0
-1
-1
0
0
0
1
0
0
0
0
0
0
1
0
0
-1
0
0
1
0
0
0
0
0
1
0
0
-1
0
0
0
0
0
0
0
0
1
0
0
0
0
0
0
0
0
1
0
0
0
0
0
0
-1
0
0
0
0
1
0
0
1
0
0
0
1
-1
0
-1
0
0
0
1
0
0
0
0
0
0
1
0
0
0
0
0
0
0
0
0
-1
0
0
0
1
0
0
0
1
0
0
0
0
0
0
0
0
0
0
1
0
1
0
-1
0
0
-1
0
0
0
-1
0
0
0
-1
0
-1
1
-1
1
0
0
0
0
0
1
0
1
0
0
0
0
0
0
0
0
0
0
0
1
0
0
-1
0
0
0
0
0
0
0
0
0
0
-1
0
0
1
0
0
-1
0
0
0
0
0
0
0
0
-1
0
1
0
0
0
0
1
0
0
0
0
0
-1
0
0
-1
0
0
0
0
0
0
0
0
0
0
0
1
1
1
1
0
0
-1
1
0
0
0
0
0
0
0
0
0
0
0
0
1
0
0
1
0
1
0
0
1
0
0
0
0
1
0
0
-1
0
0
1
1
0
0
-1
0
-1
-1
0
0
0
1
1
0
-1
0
1
0
0
0
0
1
0
1
-1
0
1
0
0
0
-1
0
0
0
1
0
-1
0
-1
-1
0
0
1
0
0
0
1
1
0
0
1
1
-1
0
-1
0
0
0
1
0
0
0
0
-1
0
0
-1
0
0
-1
-1
1
0
0
0
0
-1
0
1
0
0
0
-1
1
0
1
0
1
-1
0
0
0
-1
0
0
0
0
0
0
0
0
0
0
0
0
0
0
0
0
0
1
0
0
0
0
1
0
0
0
0
0
0
0
0
0
0
0
0
0
0
0
0
0
0
0
0
1
0
0
0
0
-1
0
0
1
0
0
0
0
0
-1
0
0
0
0
0
0
-1
0
0
-1
0
0
0
-1
0
0
0
0
-1
0
0
0
0
0
0
0
0
0
0
0
0
0
0
0
-1
0
0
0
-1
0
-1
0
-1
0
0
0
0
1
0
0
0
0
-1
1
0
0
0
0
0
1
0
0
0
0
0
0
1
0
0
0
0
-1
0
-1
0
0
0
0
0
0
0
0
0
0
0
0
0
0
0
0
0
1
0
1
1
0
1
0
0
0
0
0
1
0
1
0
0
0
1
0
0
-1
0
0
1
0
-1
0
0
0
0
-1
-1
1
0
0
1
0
0
1
0
0
0
-1
1
0
0
0
0
0
0
-1
0
0
0
0
0
0
0
0
0
0
0
0
0
0
0
0
0
0
0
0
-1
0
-1
0
-1
0
0
0
0
0
-1
0
-1
1
0
0
0
0
0
-1
0
-1
0
-1
0
0
0
0
-1
0
-1
0
1
0
0
0
0
0
0
1
0
0
0
0
0
0
-1
0
0
0
0
0
0
0
0
1
0
1
1
0
0
0
0
0
0
0
0
0
0
1
0
1
0
0
0
0
0
0
0
1
0
0
0
1
0
1
1
0
0
0
0
-1
0
0
1
0
0
0
0
0
0
0
0
0
0
0
0
0
-1
0
0
0
0
0
0
0
0
0
-1
0
1
0
0
0
0
0
0
0
-1
1
0
0
0
1
0
1
0
0
0
0
0
0
0
-1
0
1
0
0
0
1
0
0
0
0
-1
1
1
0
0
1
0
0
0
0
0
0
0
0
-1
0
0
0
0
1
0
0
0
0
0
0
-1
-1
1
0
0
1
0
0
-1
0
-1
1
0
1
0
0
0
0
1
-1
0
0
0
0
0
0
0
0
0
0
0
0
0
0
-1
0
0
0
0
1
0
0
0
0
0
0
0
0
-1
0
0
0
-1
0
0
1
0
-1
0
0
0
0
1
1
1
0
0
-1
0
0
-1
0
0
0
0
-1
0
0
0
0
0
0
1
0
0
0
0
0
1
0
0
0
0
0
0
0
-1
1
-1
0
-1
0
0
0
0
-1
0
0
0
0
0
0
0
0
0
1
0
0
0
0
0
0
0
0
0
0
0
0
0
0
-1
0
0
0
1
0
0
0
0
-1
0
-1
0
1
0
0
1
0
0
0
0
0
0
0
0
0
0
1
-1
0
-1
0
0
-1
0
0
0
0
-1
0
0
0
0
0
1
0
0
0
0
0
0
0
-1
0
0
0
0
0
0
-1
0
0
0
0
0
0
-1
0
-1
0
0
0
0
1
0
0
0
0
0
0
0
0
0
0
0
0
1
0
0
0
0
1
0
-1
0
1
0
0
0
0
0
0
0
-1
-1
0
0
0
1
0
-1
0
0
-1
0
0
0
-1
0
0
1
0
0
0
0
0
0
1
0
0
0
0
1
0
0
0
1
1
0
0
0
0
0
0
1
0
1
0
0
0
1
0
0
0
-1
1
1
0
-1
0
0
0
0
0
0
0
0
0
0
0
1
0
1
0
0
0
0
0
-1
0
1
0
0
-1
0
-1
0
0
-1
-2
-2
-2
-2
-1
-2
-2
-2
-5
-7
-7
-8
-6
-10
-10
-8
-5
-3
1
12
23
32
31
25
19
22
20
20
11
2
6
1
-11
-20
-18
-12
-12
-21
-26
-24
-28
-26
-18
-39
-55
-68
-69
-46
-23
-37
-47
-59
-82
-89
-111
-118
-108
-68
-48
-102
-125
-107
-70
-57
-5
48
93
186
198
229
281
261
246
254
268
260
175
64
-5
-5
32
86
138
151
82
-35
-63
-70
-113
-178
-304
-372
-324
-238
-117
63
221
336
388
359
282
253
203
91
13
-89
-170
-131
-11
88
140
116
28
-86
-237
-360
-445
-480
-466
-426
-344
-357
-319
-183
-128
-109
-77
-92
-59
70
-116
-227
-119
-381
-454
-537
-963
-921
-758
-726
-529
-328
-128
304
620
644
666
562
395
276
8
-192
-295
-256
277
999
1516
2100
2676
3038
3332
2950
1908
1044
195
-800
-1461
-2007
-2225
-1761
-1096
-637
-66
414
475
478
99
-676
-1298
-1689
-1808
-1441
-784
-267
475
1360
1776
2148
2191
1647
1169
414
-698
-1437
-1897
-2300
-2095
-1634
-1359
-872
-471
-235
45
24
-218
-387
-539
-629
-483
-183
247
890
1438
1763
1973
1859
1467
937
260
-428
-979
-1468
-1801
-1812
-1662
-1275
-732
-292
114
296
254
160
26
-239
-489
-463
-343
-62
412
739
1345
2349
2761
2959
3327
3022
2620
2321
1161
120
-260
-1113
-1654
-1672
-2226
-2267
-1516
-1314
-1012
-512
-716
-737
-572
-1051
-1414
-1458
-1685
-1477
-836
-415
186
1054
1492
1756
1995
1594
967
430
-459
-1140
-1551
-2049
-2080
-1767
-1617
-1329
-922
-709
-392
-143
-224
-145
60
192
513
866
1234
1760
2070
2240
2270
1959
1593
1119
447
-150
-756
-1330
-1631
-1675
-1628
-1232
-380
247
791
1455
1760
2070
2269
1821
1463
1317
925
729
674
326
357
721
697
736
693
99
-290
-682
-1496
-1951
-2215
-2538
-2256
-1712
-1332
-544
408
1042
1671
2132
1793
1345
1013
185
-424
-689
-1266
-1397
-1147
-1242
-1130
-948
-1215
-1250
-1235
-1686
-1851
-1913
-2075
-1680
-1144
-791
-117
608
923
1254
1292
940
808
956
1151
1257
1408
1638
1992
2474
2553
2128
1658
989
84
-758
-1565
-2157
-2102
-1687
-1214
-553
36
402
677
633
201
-242
-569
-834
-887
-820
-741
-277
543
1197
1635
1883
1792
1432
824
-47
-887
-1395
-1810
-2083
-1956
-1691
-1282
-658
-411
-402
-147
-106
-61
225
154
130
494
772
1050
1337
1181
1055
1105
620
-162
-702
-1399
-1673
-936
-583
-580
148
673
1042
1839
1524
775
887
396
-356
-453
-907
-956
98
674
955
1672
1663
1340
1225
297
-835
-1313
-1979
-2476
-2229
-2051
-1637
-418
607
1302
2068
2197
2032
1958
1268
419
11
-619
-1200
-1147
-1133
-1016
-417
-89
56
363
159
-222
-219
-563
-944
-839
-959
-987
-545
-366
-226
-18
-217
-309
-196
40
596
925
1195
1682
2026
2286
2315
1769
1115
550
-390
-1257
-1888
-2387
-2222
-1701
-1351
-852
-313
68
439
467
2
-477
-845
-1298
-1462
-1332
-1155
-574
289
936
1617
2251
2372
2292
1943
1078
142
-710
-1430
-1805
-1960
-2035
-1798
-1202
-594
59
588
717
855
849
547
451
202
-183
-181
-69
-19
112
255
463
941
1445
1702
1893
2125
2144
2124
2003
1328
675
208
-531
-1197
-1802
-2355
-2337
-1908
-1464
-934
-307
134
384
417
-2
-613
-1161
-1562
-1733
-1709
-1550
-1133
-394
355
984
1473
1628
1546
1298
753
92
-496
-891
-962
-975
-918
-617
-164
395
809
917
924
908
895
784
411
15
-230
-321
-293
-325
-364
-287
-192
97
510
792
1132
1587
1892
2130
2218
1904
1457
889
106
-654
-1347
-1968
-2285
-2343
-2238
-1913
-1448
-1032
-716
-512
-535
-641
-787
-929
-892
-705
-507
-199
213
491
693
839
862
869
711
313
-35
-364
-830
-1262
-1485
-1606
-1432
-986
-691
-328
7
58
234
301
100
211
450
433
515
662
765
1096
1315
1394
1793
2107
2176
2438
2562
2609
2837
2710
2303
1923
1191
384
-300
-1090
-1658
-1814
-1897
-1827
-1469
-1235
-1108
-859
-762
-731
-589
-707
-981
-909
-780
-663
-225
225
631
1007
1138
1142
1007
528
-89
-596
-1225
-1755
-2070
-2409
-2343
-2056
-1927
-1564
-1171
-1005
-863
-885
-957
-852
-718
-556
-317
-108
147
570
982
1270
1759
2264
2473
2603
2686
2641
2646
2455
1944
1441
827
52
-504
-951
-1365
-1522
-1491
-1280
-911
-666
-465
-252
-255
-389
-474
-649
-800
-639
-357
-18
499
888
1190
1485
1505
1322
1081
581
-122
-769
-1383
-1753
-1888
-2028
-1859
-1409
-1052
-670
-305
-215
-168
-51
-102
-233
-282
-340
-266
40
293
575
1058
1531
2047
2643
2975
3148
3321
3179
2827
2444
1667
777
133
-702
-1357
-1592
-1868
-1927
-1751
-1721
-1635
-1428
-1416
-1419
-1363
-1486
-1506
-1346
-1148
-754
-264
111
553
1015
1210
1291
1275
957
550
187
-335
-790
-1021
-1298
-1485
-1484
-1581
-1536
-1323
-1206
-1060
-999
-954
-629
-367
-210
139
368
493
833
1113
1235
1548
1928
2278
2638
2684
2738
3012
2923
2566
2110
1332
528
-244
-1201
-1938
-2262
-2336
-2124
-1603
-1180
-912
-543
-419
-530
-593
-829
-1091
-1056
-848
-479
110
604
1116
1773
2005
1816
1492
848
62
-655
-1338
-1767
-1793
-1779
-1710
-1335
-982
-667
-283
-171
-166
-82
-156
-229
-257
-385
-374
-113
211
445
635
906
1193
1655
2138
2306
2486
2866
2916
2653
2145
1115
286
-295
-1210
-1924
-2156
-2216
-1865
-1386
-1168
-796
-493
-437
-506
-772
-1367
-1818
-1981
-2007
-1645
-990
-210
821
1840
2433
2652
2653
2199
1593
953
149
-378
-715
-1128
-1319
-1142
-952
-650
-506
-736
-765
-849
-1092
-1167
-1188
-1124
-849
-471
-180
54
241
412
821
1355
1759
2088
2536
2863
2959
2875
2344
1575
787
-215
-1252
-2125
-2636
-2620
-2257
-1821
-1337
-807
-352
-61
-108
-327
-661
-982
-1193
-1368
-1189
-632
148
1075
2010
2674
3093
3189
2767
1936
924
14
-862
-1632
-1977
-2042
-1887
-1481
-1161
-884
-618
-580
-649
-784
-1004
-1086
-1002
-699
-222
157
546
1198
1881
2329
2666
2847
2948
3161
3072
2618
2098
1403
592
-202
-1213
-2106
-2499
-2608
-2583
-2238
-1878
-1482
-899
-603
-666
-752
-1011
-1310
-1422
-1523
-1441
-867
-114
693
1473
2072
2549
2863
2608
1941
1155
302
-577
-1375
-2108
-2589
-2432
-2044
-1677
-1180
-790
-535
-239
-182
-277
-207
-277
-235
50
153
354
752
1124
1859
2735
3298
3904
4541
4807
4438
3718
2814
1744
705
-620
-2187
-3121
-3656
-3972
-3698
-3248
-2619
-1545
-883
-604
-484
-906
-1321
-1525
-1864
-1966
-1618
-1210
-490
509
1172
1858
2470
2669
2430
1928
1162
126
-878
-2011
-3013
-3353
-3375
-3242
-2724
-2215
-1590
-746
-245
137
630
645
704
1029
939
844
1185
1491
1992
2833
3489
4179
4840
4927
4567
3977
2992
1923
790
-580
-1761
-2516
-2934
-2864
-2502
-2021
-1350
-647
-234
-217
-374
-731
-1188
-1621
-2037
-2051
-1661
-974
-51
910
1743
2376
2742
2637
2229
1563
671
-232
-1147
-1937
-2463
-2686
-2714
-2514
-2184
-1843
-1375
-886
-541
-419
-379
-353
-54
244
344
512
821
1441
2081
2579
3043
3510
3869
4029
3962
3374
2537
1615
426
-1000
-2285
-3281
-3806
-3795
-3682
-3211
-2411
-1637
-1026
-660
-616
-716
-878
-1242
-1568
-1729
-1655
-1250
-575
234
972
1735
2482
2702
2506
2056
1276
470
-470
-1533
-2152
-2354
-2335
-2064
-1747
-1318
-544
109
516
850
940
1137
1382
1266
1024
891
979
1506
2182
2732
3265
3725
4062
4052
3692
2865
1948
1032
-268
-1506
-2561
-3317
-3555
-3553
-3363
-2810
-2104
-1551
-1018
-892
-1034
-1184
-1443
-1688
-1832
-1924
-1751
-1212
-615
12
721
1508
2050
2207
1941
1323
796
198
-575
-1135
-1480
-1639
-1329
-1070
-903
-489
-30
376
757
750
547
642
700
583
586
683
1058
1862
2542
3042
3631
4119
4401
4372
3661
2662
1674
463
-725
-1843
-2808
-3215
-3010
-2692
-2367
-1949
-1477
-1019
-783
-1017
-1484
-1820
-2328
-2700
-2900
-2911
-2206
-1263
-453
361
1160
1834
2220
2175
1737
1138
580
27
-697
-1269
-1632
-1689
-1435
-1091
-781
-381
171
464
471
208
-100
-115
-53
-169
-197
151
706
1429
2226
2791
3243
3836
3985
3590
2941
1799
689
-145
-1285
-2259
-2545
-2548
-2188
-1588
-1234
-791
-257
-112
-226
-489
-973
-1271
-1363
-1540
-1565
-1287
-947
-464
30
286
771
1276
1330
1244
1017
594
292
-56
-491
-732
-806
-639
-325
-207
-160
48
191
291
403
241
80
77
-154
-404
-493
-510
-48
671
1232
2019
2831
3322
3630
3378
2702
2026
1050
-84
-1047
-1961
-2525
-2532
-2434
-2259
-1833
-1314
-754
-359
-496
-868
-1099
-1496
-1919
-2095
-2180
-1895
-1216
-642
-34
796
1326
1803
2118
1755
1294
903
201
-458
-982
-1490
-1525
-1244
-1016
-621
-31
436
850
1100
944
811
787
499
177
-49
-111
320
941
1523
2235
2947
3510
3827
3633
2919
2039
1047
-49
-1087
-2036
-2657
-2794
-2578
-2167
-1548
-769
66
664
701
394
-152
-894
-1524
-1993
-2259
-2155
-1638
-974
-364
240
765
1183
1460
1327
876
342
-343
-939
-1429
-1873
-1916
-1616
-1283
-823
-230
277
777
1177
1181
1036
916
587
232
-66
-279
-133
420
933
1388
1914
2397
2853
3093
2762
2032
1185
57
-1101
-2166
-3076
-3428
-3257
-2929
-2401
-1683
-882
-53
436
465
359
78
-357
-711
-1056
-1224
-1023
-680
-215
344
804
1218
1518
1452
1140
664
-31
-823
-1561
-2031
-2186
-2084
-1700
-1141
-416
423
1186
1695
1960
2035
1993
1823
1517
1145
887
917
1209
1731
2275
2736
3208
3553
3552
3145
2287
1228
61
-1183
-2299
-3236
-3856
-3994
-3742
-3178
-2366
-1450
-593
-5
280
307
90
-300
-685
-1016
-1232
-1213
-942
-566
-74
458
781
1049
1204
989
495
-190
-944
-1519
-2047
-2441
-2352
-1915
-1328
-654
22
769
1574
2130
2283
2115
1895
1483
921
536
306
527
1160
1669
2097
2567
2946
3178
3051
2368
1418
423
-735
-1918
-2999
-3837
-4182
-3981
-3474
-2826
-1963
-1121
-553
-182
-220
-602
-930
-1297
-1641
-1666
-1389
-889
-206
524
1216
1814
2197
2165
1873
1311
483
-352
-1280
-2144
-2531
-2616
-2375
-1641
-777
169
1241
2045
2500
2655
2475
2261
1942
1395
1067
1085
1405
2020
2635
3220
3901
4376
4267
3732
2831
1534
191
-1231
-2740
-3881
-4556
-4876
-4566
-3964
-3201
-2060
-1178
-790
-581
-710
-939
-1033
-1274
-1500
-1428
-1133
-613
65
725
1413
2094
2493
2416
1992
1254
323
-612
-1740
-2838
-3447
-3716
-3573
-2924
-2106
-1143
-196
559
1105
1441
1552
1555
1544
1274
918
881
1115
1581
2281
3018
3769
4525
4838
4594
3928
2761
1450
171
-1239
-2479
-3326
-3850
-3887
-3574
-3144
-2496
-1767
-1086
-578
-365
-376
-552
-752
-964
-1183
-1099
-608
45
797
1460
1947
2425
2598
2399
1905
1026
111
-713
-1551
-2151
-2453
-2558
-2402
-2025
-1502
-796
44
594
913
1110
1118
1219
1158
963
1083
1435
1877
2328
2668
3052
3556
3816
3687
3126
2177
1175
19
-1383
-2823
-3910
-4518
-4775
-4714
-4417
-3821
-3003
-2325
-1813
-1543
-1495
-1398
-1286
-1345
-1390
-1233
-936
-435
325
1068
1855
2656
3018
2922
2634
2046
1187
278
-799
-1683
-2101
-2205
-1946
-1402
-784
-175
526
961
1216
1555
1615
1551
1468
1244
1278
1677
2122
2688
3382
4149
4773
4993
4823
4218
3320
2167
651
-942
-2462
-3726
-4515
-4919
-4764
-4135
-3296
-2436
-1853
-1484
-1252
-1248
-1424
-1711
-1997
-2131
-2104
-1832
-1271
-565
270
1155
1861
2317
2388
2017
1409
550
-450
-1532
-2471
-2881
-3006
-2796
-2168
-1257
-218
704
1399
1785
1950
1945
1803
1559
1187
989
1081
1504
2177
2827
3604
4397
5019
5218
4843
3989
2749
1285
-308
-1942
-3231
-3992
-4449
-4529
-4299
-3819
-3022
-2302
-1878
-1676
-1669
-1935
-2251
-2644
-2917
-2705
-2265
-1609
-671
346
1347
2392
3008
3122
3085
2549
1669
655
-509
-1358
-1863
-2241
-2249
-1843
-1189
-415
312
950
1420
1651
1617
1355
1118
886
725
1016
1540
2218
3095
3874
4556
5157
5167
4531
3599
2218
697
-758
-2317
-3529
-4277
-4731
-4709
-4370
-3852
-3074
-2265
-1735
-1395
-1274
-1400
-1454
-1618
-1813
-1789
-1525
-1070
-276
687
1561
2402
2965
3014
2804
2253
1241
323
-556
-1474
-2021
-2297
-2323
-1894
-1339
-865
-259
354
683
913
930
682
524
236
-43
141
798
1620
2580
3479
4117
4721
4978
4732
4205
3302
2029
722
-625
-1906
-2769
-3353
-3732
-3682
-3360
-2908
-2398
-2005
-1925
-2032
-2303
-2713
-2922
-2930
-2840
-2369
-1761
-1014
111
1155
1988
2715
2922
2781
2480
1800
941
43
-910
-1537
-1845
-1935
-1753
-1284
-664
42
631
877
967
972
796
562
381
244
333
814
1461
2200
3157
4113
4799
5279
5262
4671
3794
2565
1184
-228
-1735
-2932
-3656
-4143
-4262
-4046
-3661
-3123
-2681
-2389
-2201
-2227
-2327
-2475
-2556
-2545
-2402
-1950
-1266
-438
506
1426
2202
2689
2787
2610
2241
1521
532
-538
-1429
-1913
-2053
-1916
-1482
-935
-259
503
1110
1543
1815
1843
1622
1277
1015
973
1265
1690
2206
3036
3796
4442
4993
4995
4594
3787
2465
1031
-393
-1891
-3080
-3880
-4342
-4402
-4047
-3391
-2586
-1964
-1568
-1392
-1542
-1847
-2302
-2741
-2959
-3033
-2795
-2183
-1331
-222
936
1846
2550
2877
2744
2340
1520
486
-474
-1406
-2009
-2174
-2042
-1477
-682
103
973
1638
1978
2079
1944
1547
1029
587
274
343
678
1083
1662
2385
3071
3528
3835
3798
3199
2322
1089
-273
-1488
-2722
-3675
-4067
-4187
-3887
-3264
-2605
-1820
-1114
-776
-783
-1010
-1350
-1739
-2080
-2199
-2012
-1516
-831
-55
778
1594
2103
2391
2341
1869
1266
391
-529
-1238
-1858
-2201
-2152
-1828
-1039
-216
493
1386
1882
2096
2199
1831
1456
1197
813
874
1314
1786
2540
3282
3820
4343
4452
4069
3410
2409
1125
-346
-1802
-3001
-3728
-3953
-3967
-3567
-2742
-1974
-1281
-789
-633
-635
-842
-1367
-1923
-2279
-2588
-2554
-2102
-1437
-429
640
1502
2336
2924
2970
2727
2119
1135
146
-914
-1917
-2369
-2496
-2348
-1793
-1153
-294
653
1068
1173
1359
1245
911
621
194
46
439
674
1082
1921
2545
3291
3908
3684
3349
2817
1607
406
-779
-2181
-3070
-3557
-4016
-3902
-3394
-2876
-2091
-1426
-1156
-889
-868
-1188
-1474
-1876
-2278
-2167
-1882
-1434
-512
502
1460
2371
2901
3167
3275
2931
2160
1217
218
-697
-1294
-1633
-1656
-1221
-630
-76
513
959
1146
1310
1182
721
473
213
170
656
1058
1529
2281
2851
3476
3926
3789
3430
2743
1647
370
-1020
-2354
-3376
-4156
-4557
-4471
-4040
-3382
-2766
-2320
-1890
-1530
-1332
-1216
-1282
-1412
-1378
-1250
-982
-478
203
1036
1780
2288
2708
2927
2835
2408
1679
801
-11
-753
-1424
-1789
-1901
-1748
-1295
-831
-290
326
686
963
1172
1127
1092
1003
772
899
1313
1673
2330
3046
3474
3919
4031
3604
3038
2109
895
-380
-1710
-2822
-3596
-4072
-4307
-4136
-3670
-2997
-2295
-1684
-1151
-881
-773
-869
-997
-1019
-1098
-1040
-712
-345
221
971
1610
2225
2560
2492
2247
1696
967
371
-296
-1041
-1590
-1949
-1998
-1790
-1530
-1140
-608
-70
216
385
523
557
602
533
462
811
1424
1916
2427
2960
3494
3961
3963
3471
2656
1649
347
-1022
-2295
-3434
-4192
-4527
-4624
-4367
-3620
-2844
-1986
-1154
-850
-564
-413
-652
-763
-882
-1018
-736
-293
252
1115
1925
2585
3234
3457
3194
2696
1851
838
-85
-1014
-1746
-2096
-2188
-2046
-1598
-944
-257
468
975
1131
1289
1253
1005
874
636
632
1118
1492
1982
2810
3349
3888
4200
3742
3179
2347
999
-309
-1705
-3108
-3883
-4319
-4642
-4432
-4069
-3643
-2917
-2381
-1944
-1468
-1279
-1329
-1463
-1543
-1551
-1382
-993
-505
185
1044
1782
2396
2874
2918
2750
2296
1412
644
-65
-778
-1178
-1362
-1399
-1072
-654
-317
171
502
670
797
705
645
663
577
669
1125
1639
2313
3147
3703
4200
4528
4285
3651
2661
1383
-16
-1553
-3004
-4062
-4721
-4986
-4882
-4393
-3605
-2856
-2254
-1762
-1420
-1250
-1246
-1560
-1699
-1594
-1461
-1034
-292
577
1573
2501
3188
3700
3778
3482
2773
1770
707
-387
-1366
-2140
-2613
-2597
-2246
-1772
-1192
-563
117
663
815
859
861
684
519
377
514
1090
1700
2353
3104
3714
4341
4691
4353
3659
2665
1346
-15
-1523
-2964
-3904
-4441
-4602
-4410
-3966
-3175
-2264
-1624
-1218
-1061
-1062
-1105
-1427
-1741
-1715
-1440
-922
-224
566
1408
2323
3083
3505
3689
3549
2898
1989
1003
-118
-995
-1653
-2112
-2058
-1811
-1523
-996
-461
-37
312
399
343
265
33
-83
-197
-69
571
1084
1685
2416
2982
3584
3837
3440
2846
1950
727
-552
-2042
-3325
-4049
-4497
-4545
-4302
-3928
-3134
-2373
-1874
-1409
-1136
-941
-785
-1027
-1199
-1033
-834
-308
449
1242
2268
3180
3761
4098
4085
3615
2829
1869
733
-294
-1181
-1893
-2149
-2041
-1646
-987
-313
178
662
855
794
725
421
1
-198
-459
-394
294
947
1687
2623
3305
3908
4170
3751
3249
2518
1280
-53
-1378
-2695
-3471
-3958
-4117
-3670
-3045
-2310
-1486
-982
-801
-759
-1035
-1370
-1682
-1983
-1852
-1459
-892
-117
772
1696
2553
3236
3440
3295
2815
1924
887
-283
-1341
-2042
-2474
-2619
-2490
-2068
-1527
-1075
-751
-516
-365
-284
-257
-332
-364
-288
-241
52
753
1526
2336
3085
3679
4198
4412
4174
3625
2776
1698
416
-986
-2280
-3247
-3722
-3858
-3801
-3488
-2978
-2353
-1743
-1309
-1038
-877
-905
-1096
-1397
-1503
-1172
-630
74
888
1686
2606
3458
3836
3889
3618
2822
1661
278
-1024
-1912
-2461
-2733
-2704
-2441
-1920
-1192
-480
218
834
1072
1045
835
400
172
105
186
780
1442
2042
2911
3675
4259
4831
4664
3906
3075
1766
117
-1371
-2825
-3952
-4460
-4712
-4561
-3987
-3247
-2435
-1752
-1243
-838
-708
-763
-940
-1169
-1293
-1297
-1012
-425
330
1234
2150
2836
3278
3309
2864
2282
1468
386
-705
-1754
-2534
-2897
-3100
-3030
-2501
-1844
-1136
-495
-114
259
556
590
425
271
230
213
487
1106
1761
2465
3253
3861
4301
4481
4168
3542
2650
1485
189
-1233
-2481
-3363
-3845
-3900
-3722
-3186
-2284
-1430
-730
-202
21
150
92
-260
-396
-352
-205
347
848
1414
2255
2814
3144
3225
2834
2249
1456
356
-701
-1702
-2565
-3023
-3236
-3164
-2759
-2127
-1510
-1086
-700
-436
-377
-205
-36
-90
-117
-200
-278
157
871
1461
2111
2691
3084
3377
3134
2580
1843
830
-369
-1735
-3026
-4002
-4465
-4582
-4496
-4042
-3228
-2268
-1312
-482
30
376
443
170
-40
-137
-11
475
1125
1702
2314
3004
3570
4052
4181
3682
3041
2297
1148
-50
-1210
-2171
-2510
-2585
-2563
-2154
-1545
-863
-234
166
435
584
586
553
398
247
234
267
620
1219
1776
2431
3075
3477
3810
3599
2891
2173
1020
-341
-1598
-3060
-3954
-4220
-4415
-4051
-3359
-2567
-1452
-622
-176
364
515
340
252
-127
-360
-265
-202
140
666
1145
1817
2269
2341
2245
1672
894
143
-900
-1932
-2627
-3188
-3379
-3201
-2799
-2215
-1629
-991
-309
308
680
910
1008
846
582
411
167
134
701
1205
1725
2461
3050
3636
3958
3592
2982
2145
906
-378
-1686
-2819
-3348
-3544
-3570
-3241
-2581
-1664
-731
-41
301
428
375
10
-507
-989
-1258
-1094
-692
-175
649
1634
2513
3141
3141
2774
2326
1537
514
-440
-1357
-2066
-2464
-2634
-2492
-2131
-1603
-1067
-571
-37
326
543
538
409
367
308
225
170
292
779
1370
1839
2426
2907
3205
3368
3102
2476
1675
567
-711
-1939
-3150
-3860
-4044
-3990
-3472
-2586
-1642
-676
128
668
1041
1067
739
250
-255
-564
-634
-395
137
881
1690
2352
2876
3141
3100
2665
1906
793
-444
-1526
-2420
-3030
-3320
-3329
-2985
-2375
-1791
-1089
-390
140
444
441
254
-34
-389
-616
-681
-584
-74
518
1041
1663
2262
2846
3299
3092
2535
1845
881
-223
-1412
-2491
-3048
-3138
-2962
-2505
-1739
-750
185
932
1342
1428
1308
907
406
-64
-379
-429
-191
284
935
1662
2325
2750
2820
2649
2281
1551
607
-426
-1501
-2386
-3046
-3342
-3266
-2841
-2169
-1461
-880
-382
106
436
555
468
335
63
-152
-272
-330
162
816
1214
1840
2543
2953
3279
3081
2454
1878
945
-274
-1251
-2247
-2911
-2880
-2691
-2295
-1482
-712
-17
579
617
432
197
-409
-935
-1292
-1697
-1667
-1308
-904
-130
648
1237
1913
2158
1976
1751
1076
144
-652
-1505
-2175
-2578
-2968
-2954
-2561
-2182
-1583
-1038
-627
12
374
435
541
558
465
422
401
401
700
1256
1810
2423
3062
3561
3984
4109
3674
2985
2235
1165
12
-944
-1827
-2194
-1991
-1807
-1321
-578
-112
508
959
765
575
282
-402
-994
-1577
-2035
-1917
-1585
-1078
-247
500
1149
1633
1753
1668
1312
669
-162
-1076
-1957
-2650
-3116
-3317
-3060
-2468
-1735
-1029
-458
-2
365
524
425
320
150
-61
-169
-319
-315
89
636
1219
1919
2427
2989
3629
3710
3462
3037
2237
1223
102
-1091
-1843
-1978
-1938
-1626
-962
-268
370
821
882
750
384
-289
-1032
-1681
-2141
-2225
-1926
-1430
-700
201
1075
1634
1871
1831
1594
1091
280
-610
-1509
-2183
-2599
-2786
-2749
-2424
-1865
-1303
-686
-264
72
391
436
344
151
-91
-235
-390
-537
-242
360
916
1575
2210
2735
3272
3518
3239
2795
2201
1190
263
-572
-1422
-1688
-1617
-1570
-1136
-562
-123
419
716
552
351
31
-412
-832
-1318
-1512
-1308
-1040
-498
254
943
1708
2193
2114
1917
1521
729
-127
-1080
-1966
-2501
-2903
-3261
-3158
-2679
-2071
-1363
-855
-503
-146
24
-89
-319
-564
-774
-882
-891
-748
-217
645
1426
2238
3060
3662
4196
4336
3890
3358
2687
1666
703
-307
-1161
-1320
-1239
-1070
-587
-144
191
491
444
91
-356
-1122
-1854
-2342
-2706
-2671
-2241
-1601
-790
180
1028
1774
2270
2379
2181
1702
1110
416
-384
-1123
-1622
-1871
-1819
-1625
-1440
-1048
-742
-595
-438
-407
-408
-510
-774
-968
-1008
-937
-770
-603
-117
714
1476
2298
3083
3601
4062
4216
3797
3358
2799
1798
822
-234
-1275
-1741
-2023
-2310
-2191
-1899
-1578
-1129
-914
-993
-1071
-1299
-1643
-1871
-2119
-2142
-1756
-1271
-650
160
879
1499
1934
2045
1969
1591
895
207
-497
-1214
-1742
-2076
-2248
-2136
-1816
-1376
-811
-373
-163
-128
-264
-514
-733
-839
-833
-719
-511
-164
419
1192
2020
2837
3611
4171
4484
4544
4180
3571
2969
2175
1295
620
-49
-508
-676
-921
-1016
-912
-969
-987
-1006
-1278
-1506
-1701
-1994
-2204
-2279
-2101
-1497
-749
-76
694
1373
1841
2081
1925
1568
1133
525
-181
-870
-1572
-2136
-2482
-2718
-2730
-2467
-2112
-1732
-1347
-1117
-906
-720
-812
-902
-777
-668
-483
-141
165
677
1479
2127
2725
3446
3871
4113
4231
3754
3030
2369
1419
432
-378
-1217
-1652
-1659
-1802
-1775
-1559
-1441
-1114
-865
-940
-969
-1080
-1352
-1440
-1436
-1279
-732
-49
623
1281
1897
2431
2684
2545
2166
1593
863
211
-510
-1209
-1627
-1928
-2095
-2061
-1952
-1698
-1280
-956
-737
-575
-511
-529
-556
-547
-453
-242
29
302
670
1250
1774
2188
2668
2937
3092
3308
3072
2667
2246
1419
575
-245
-1231
-1873
-2174
-2465
-2473
-2278
-2102
-1689
-1342
-1243
-1088
-1087
-1186
-1140
-1086
-987
-691
-272
226
876
1496
1892
2213
2334
2052
1640
1083
330
-329
-965
-1686
-2141
-2446
-2678
-2520
-2221
-1952
-1564
-1303
-1102
-763
-540
-391
-93
175
437
863
1184
1520
2076
2603
3025
3395
3667
3886
4044
3879
3438
2809
1991
1060
-5
-1099
-1943
-2519
-2834
-2839
-2775
-2530
-2057
-1704
-1394
-1192
-1126
-987
-900
-878
-671
-404
-28
530
941
1370
1823
1995
2028
1873
1419
879
208
-542
-1201
-1735
-2152
-2459
-2569
-2501
-2388
-2178
-1896
-1684
-1339
-875
-571
-255
92
430
868
1176
1464
1730
1857
2161
2512
2656
2866
3082
3165
3315
3098
2499
2000
1272
307
-535
-1477
-2295
-2720
-3035
-3209
-3070
-2752
-2254
-1663
-1226
-926
-601
-327
-249
-163
-103
-4
283
637
950
1302
1725
1971
2050
1929
1521
968
272
-472
-1155
-1724
-2050
-2292
-2457
-2397
-2206
-1909
-1464
-1022
-732
-388
-34
206
478
711
873
1138
1364
1487
1783
2177
2429
2663
2861
2826
2825
2710
2258
1704
1038
268
-532
-1402
-2172
-2677
-2994
-3098
-3025
-2794
-2408
-1978
-1527
-1083
-756
-507
-268
-126
7
298
640
969
1317
1603
1810
1851
1768
1589
1235
796
233
-421
-1039
-1576
-2013
-2200
-2298
-2301
-2113
-1914
-1607
-1219
-893
-518
-77
340
723
1003
1215
1475
1657
1745
1807
1888
2182
2447
2511
2596
2580
2498
2393
1948
1366
773
42
-615
-1261
-1913
-2277
-2423
-2505
-2327
-2043
-1695
-1118
-716
-540
-391
-332
-199
-7
122
251
413
566
690
798
887
999
1041
890
612
316
-54
-554
-991
-1428
-1859
-2024
-2161
-2269
-2066
-1800
-1479
-962
-638
-309
229
564
818
1084
1163
1236
1389
1366
1346
1506
1558
1608
1658
1552
1526
1599
1393
1014
649
58
-549
-1081
-1813
-2323
-2505
-2731
-2715
-2472
-2146
-1465
-718
-280
205
657
916
1145
1128
968
1004
1082
1045
1065
1143
1233
1334
1234
927
639
279
-137
-531
-1019
-1441
-1625
-1709
-1664
-1417
-1116
-718
-331
-136
65
338
574
796
892
857
877
894
887
858
730
768
929
891
852
868
815
958
1036
833
692
477
119
-261
-833
-1380
-1618
-1798
-1838
-1628
-1391
-996
-507
-158
123
382
531
583
550
448
392
387
349
304
374
431
438
450
257
-21
-294
-730
-1102
-1362
-1664
-1830
-1924
-2066
-2000
-1796
-1657
-1374
-1077
-778
-356
51
429
756
981
1217
1398
1432
1413
1284
1133
1095
1056
1083
1311
1513
1620
1734
1614
1387
1204
887
508
137
-276
-658
-908
-1073
-1108
-889
-535
-171
210
510
693
754
657
497
311
151
-14
-188
-351
-502
-669
-768
-811
-848
-825
-795
-820
-910
-977
-1133
-1280
-1363
-1418
-1403
-1412
-1444
-1382
-1254
-1098
-859
-544
-111
327
627
910
1161
1299
1355
1281
1116
1080
1133
1048
1065
1220
1384
1625
1794
1788
1772
1737
1443
1035
450
-198
-570
-854
-1076
-1058
-918
-693
-327
-13
150
360
515
480
403
206
-103
-321
-561
-834
-964
-961
-859
-744
-726
-744
-700
-709
-735
-791
-922
-1012
-1093
-1168
-1200
-1184
-1102
-921
-703
-530
-298
50
472
770
942
1092
1196
1248
1238
1022
794
742
582
456
476
523
800
1151
1191
1194
1186
1006
750
409
10
-198
-234
-405
-388
-148
88
415
664
755
892
968
752
448
63
-306
-486
-681
-888
-857
-745
-635
-476
-416
-408
-393
-485
-668
-838
-1111
-1395
-1567
-1695
-1719
-1676
-1617
-1394
-1162
-1012
-829
-685
-488
-170
-18
21
99
79
-18
-138
-323
-368
-141
15
203
623
1057
1596
2032
2124
2218
2228
2025
1727
1318
863
578
356
75
65
233
517
958
1268
1416
1548
1457
1080
636
57
-495
-840
-1159
-1314
-1232
-1146
-955
-690
-539
-411
-348
-453
-670
-904
-1212
-1500
-1628
-1770
-1747
-1566
-1384
-993
-570
-177
304
631
860
1054
1021
961
918
673
411
285
73
-75
51
116
326
742
982
1392
1842
1977
2131
2177
1851
1490
1017
379
24
-222
-407
-324
-196
-14
264
414
408
330
104
-261
-770
-1441
-1974
-2334
-2613
-2699
-2561
-2259
-1804
-1382
-1043
-777
-595
-492
-633
-831
-1001
-1199
-1306
-1375
-1345
-1084
-801
-426
26
443
886
1174
1380
1594
1670
1594
1383
1097
920
820
685
658
759
896
1153
1473
1780
2222
2604
2653
2597
2434
1998
1531
933
239
-134
-417
-685
-731
-767
-700
-493
-542
-632
-677
-886
-1183
-1571
-1979
-2248
-2350
-2413
-2364
-2081
-1635
-1176
-786
-509
-321
-252
-353
-489
-590
-634
-666
-653
-613
-423
-150
-104
5
173
246
383
399
359
452
396
289
382
476
543
627
619
590
835
1084
1191
1521
1849
2161
2612
2797
2751
2834
2684
2233
1810
1207
690
412
-39
-448
-575
-698
-705
-610
-640
-662
-707
-929
-1223
-1446
-1686
-1936
-2071
-2089
-1938
-1612
-1274
-988
-633
-336
-188
-94
-133
-234
-343
-495
-621
-723
-825
-804
-778
-714
-575
-581
-628
-624
-687
-700
-650
-623
-485
-272
-135
48
317
509
818
1232
1477
1751
2068
2323
2659
2925
2987
3040
2963
2698
2360
1827
1198
620
47
-460
-829
-982
-1048
-1246
-1431
-1594
-1758
-1803
-1929
-2156
-2296
-2421
-2423
-2266
-2126
-1843
-1415
-974
-454
22
428
705
725
658
540
305
46
-218
-453
-585
-663
-711
-635
-523
-449
-352
-240
-134
-36
46
77
200
452
702
998
1260
1424
1692
2095
2365
2602
2864
2881
2934
3082
2889
2642
2354
1723
1155
602
-16
-332
-714
-1251
-1461
-1625
-1806
-1686
-1680
-1773
-1671
-1713
-1840
-1825
-1928
-1940
-1694
-1596
-1364
-841
-455
-62
353
555
731
870
786
620
431
86
-271
-589
-977
-1281
-1398
-1477
-1444
-1377
-1411
-1308
-1145
-1009
-631
-312
-156
168
509
788
1133
1366
1505
1799
2134
2341
2589
2810
2860
2981
2972
2669
2397
2042
1434
868
294
-343
-777
-1192
-1652
-1838
-1861
-1832
-1610
-1457
-1328
-1093
-989
-1012
-1016
-1031
-1013
-925
-818
-693
-459
-196
-59
125
306
364
470
438
183
15
-278
-670
-861
-1116
-1311
-1390
-1526
-1429
-1199
-1081
-876
-580
-330
-21
256
405
601
877
1043
1135
1221
1283
1378
1564
1683
1779
2097
2266
2329
2518
2452
2323
2221
1764
1324
881
147
-372
-818
-1299
-1468
-1584
-1543
-1258
-1156
-1089
-965
-921
-863
-905
-1066
-1134
-1166
-1156
-1177
-1229
-1055
-775
-589
-446
-393
-334
-327
-487
-637
-813
-998
-1101
-1248
-1372
-1314
-1276
-1118
-808
-538
-152
232
517
831
1087
1246
1308
1333
1359
1374
1373
1363
1301
1329
1446
1444
1493
1653
1745
1909
1961
1687
1534
1330
879
501
26
-392
-413
-467
-553
-395
-288
-192
-20
8
30
92
-66
-364
-602
-868
-1116
-1159
-1176
-1196
-1054
-969
-893
-672
-582
-555
-474
-566
-697
-812
-1045
-1196
-1176
-1214
-1120
-906
-702
-337
-97
144
506
726
841
896
864
824
773
614
491
457
421
392
300
297
473
593
722
849
961
1058
975
750
550
370
174
-64
-376
-628
-709
-749
-823
-862
-762
-640
-604
-576
-607
-571
-554
-692
-827
-900
-928
-813
-702
-607
-360
-107
106
316
416
452
495
351
119
-23
-102
-80
-39
-64
-108
-5
191
328
418
516
591
669
732
675
663
712
725
726
788
792
780
889
862
828
919
907
934
1108
1155
1177
1201
966
848
807
547
275
-122
-585
-801
-1007
-1305
-1385
-1334
-1302
-1214
-1214
-1243
-1162
-1180
-1325
-1374
-1499
-1613
-1528
-1421
-1288
-996
-720
-515
-182
-30
37
198
143
-56
-216
-405
-492
-490
-599
-594
-437
-303
-68
141
160
277
444
504
579
636
767
973
1066
1073
1078
1097
1109
1111
1145
1294
1416
1505
1636
1724
1847
1929
1845
1794
1694
1379
1043
641
247
0
-292
-585
-783
-858
-803
-757
-766
-797
-911
-1048
-1231
-1506
-1690
-1841
-1919
-1896
-1832
-1662
-1391
-1107
-809
-587
-442
-234
-202
-274
-324
-453
-503
-523
-595
-524
-432
-369
-178
-39
111
364
481
511
561
538
631
774
773
746
753
656
538
483
404
538
688
679
793
1017
1209
1319
1309
1254
1229
1027
649
274
-88
-287
-366
-480
-523
-468
-389
-265
-217
-257
-312
-445
-715
-1019
-1307
-1552
-1631
-1486
-1229
-854
-399
-13
368
654
756
732
601
345
52
-327
-664
-755
-802
-794
-735
-638
-444
-236
-92
75
204
231
289
323
356
459
511
472
516
613
686
841
823
840
938
850
841
934
892
943
1025
867
868
810
596
503
224
-50
-117
-320
-502
-490
-503
-401
-285
-416
-462
-502
-631
-677
-800
-1046
-1164
-1221
-1195
-950
-691
-411
-116
85
78
47
79
-58
-144
-190
-394
-459
-516
-664
-485
-379
-442
-301
-318
-348
-193
-223
-219
-109
-182
-167
-36
-5
163
391
396
462
644
740
1006
1282
1343
1519
1738
1790
1883
1835
1609
1469
1099
570
143
-276
-573
-683
-797
-954
-949
-929
-875
-652
-562
-627
-620
-741
-902
-869
-883
-795
-527
-369
-203
43
147
238
359
262
108
-9
-310
-562
-697
-923
-1009
-954
-951
-780
-597
-524
-321
-144
-90
2
149
296
528
713
809
927
934
881
897
876
823
823
739
734
726
687
797
836
824
861
720
540
400
84
-163
-400
-653
-710
-754
-776
-639
-546
-468
-320
-319
-328
-254
-279
-308
-387
-534
-638
-652
-546
-371
-203
-161
-83
52
60
-27
-109
-275
-480
-630
-833
-879
-792
-742
-632
-547
-483
-260
-11
197
464
597
654
756
741
817
996
1050
1085
1033
852
743
702
597
572
653
694
782
904
945
1042
1168
1140
1062
904
609
382
190
-115
-351
-566
-761
-796
-814
-759
-609
-536
-521
-546
-683
-862
-957
-1031
-1124
-1142
-1124
-1070
-939
-807
-645
-469
-398
-416
-437
-474
-608
-757
-897
-1036
-1073
-1037
-917
-672
-375
-87
193
406
567
708
833
922
905
822
751
690
607
521
526
556
508
474
459
568
780
906
982
1067
1154
1222
1236
1221
1161
1094
963
670
406
224
81
81
86
27
81
114
29
-88
-292
-632
-981
-1343
-1661
-1798
-1807
-1743
-1551
-1258
-982
-691
-465
-340
-249
-295
-448
-521
-601
-675
-587
-478
-386
-230
-167
-141
-49
2
53
112
116
153
204
206
279
388
436
411
347
347
400
529
674
787
978
1091
1114
1172
1215
1298
1291
1093
909
797
678
584
514
431
406
420
404
411
439
436
397
235
-43
-358
-659
-964
-1220
-1343
-1459
-1453
-1310
-1200
-1009
-804
-665
-485
-375
-359
-377
-468
-571
-694
-822
-884
-922
-877
-766
-681
-572
-445
-337
-246
-241
-266
-217
-152
-113
-62
6
132
336
476
611
750
845
1002
1161
1296
1388
1415
1492
1536
1504
1492
1383
1273
1249
1119
968
824
544
328
178
-32
-150
-255
-421
-534
-702
-888
-968
-1043
-1118
-1133
-1178
-1217
-1183
-1145
-1067
-937
-803
-698
-549
-444
-421
-361
-350
-370
-392
-457
-512
-535
-523
-427
-309
-255
-200
-91
-36
14
105
142
222
319
343
398
499
584
685
761
729
745
778
760
845
885
827
888
971
972
1038
1000
909
923
787
562
401
202
44
-59
-280
-450
-473
-510
-535
-565
-734
-796
-764
-883
-969
-1015
-1060
-929
-782
-729
-549
-308
-141
67
199
191
251
272
209
171
60
-30
-7
-24
-111
-120
-93
-111
-100
-158
-199
-84
-60
-72
2
-25
10
124
85
61
144
199
291
369
298
381
605
658
729
807
781
882
983
901
924
926
753
662
511
242
142
13
-201
-252
-398
-551
-519
-618
-737
-746
-887
-1063
-1157
-1307
-1362
-1293
-1275
-1167
-988
-873
-657
-464
-406
-307
-247
-257
-219
-236
-294
-269
-247
-211
-118
3
150
322
464
515
539
634
685
702
724
681
700
761
716
709
693
658
664
589
553
591
636
654
688
772
867
945
964
904
842
785
607
405
191
-38
-163
-261
-412
-503
-544
-626
-668
-750
-938
-1077
-1207
-1367
-1427
-1471
-1472
-1352
-1239
-1123
-984
-815
-600
-386
-215
-112
-19
18
-20
23
35
36
164
200
177
284
357
427
598
651
677
771
721
618
599
506
460
486
393
348
353
309
302
322
281
282
379
373
416
573
582
650
720
612
655
669
480
415
249
-5
-75
-240
-421
-450
-537
-618
-647
-820
-965
-1006
-1141
-1248
-1275
-1344
-1244
-1034
-906
-709
-428
-173
71
221
242
317
419
401
362
319
241
263
272
202
201
232
234
227
179
102
123
183
127
64
72
101
160
208
184
258
425
478
453
458
420
443
552
483
453
542
527
575
549
335
294
255
8
-146
-315
-463
-393
-470
-607
-591
-631
-684
-658
-739
-849
-829
-921
-1058
-1061
-1070
-1014
-837
-799
-709
-451
-249
-55
94
167
271
434
469
408
405
359
336
357
292
312
445
450
392
352
297
303
297
186
147
218
282
370
451
480
611
745
764
810
822
807
866
897
851
799
797
763
738
738
616
528
470
237
46
-146
-416
-513
-630
-849
-941
-1040
-1122
-1110
-1196
-1306
-1357
-1421
-1459
-1428
-1421
-1379
-1205
-1045
-884
-676
-504
-308
-93
33
109
177
194
206
241
243
272
365
404
412
434
381
411
512
492
486
496
439
468
493
478
555
600
576
549
527
535
556
543
468
351
324
379
424
511
622
666
713
730
649
590
465
294
173
-30
-234
-323
-480
-642
-747
-909
-1000
-1021
-1100
-1166
-1183
-1265
-1242
-1120
-1057
-847
-636
-525
-291
-76
66
269
323
258
333
348
259
219
81
-39
-46
-186
-302
-253
-225
-210
-155
-153
-103
37
87
88
163
219
308
434
459
526
627
636
643
638
601
623
648
663
684
688
707
725
761
775
674
606
517
324
164
-67
-255
-287
-402
-509
-517
-609
-631
-612
-716
-774
-817
-882
-881
-886
-909
-799
-640
-540
-401
-256
-127
-20
28
70
138
185
183
177
204
204
221
258
230
194
212
222
225
210
209
265
246
218
240
264
301
249
185
224
213
181
138
13
-30
-56
-145
-117
-69
-65
33
103
153
321
426
362
355
262
126
89
-110
-305
-407
-589
-648
-599
-655
-620
-570
-605
-513
-419
-390
-305
-266
-241
-112
-8
40
137
235
290
349
365
350
363
322
239
176
90
18
8
-85
-191
-209
-260
-229
-149
-144
-70
43
113
238
370
424
487
487
445
408
331
238
148
66
3
-24
-9
77
167
215
316
382
426
499
423
314
250
102
-73
-268
-459
-522
-547
-634
-660
-631
-534
-390
-345
-336
-273
-246
-289
-314
-349
-371
-321
-244
-159
5
151
298
464
481
456
451
380
278
127
-112
-269
-382
-523
-540
-501
-492
-388
-280
-189
15
208
413
628
718
770
804
790
755
676
576
438
275
110
-46
-112
-172
-221
-176
-141
-118
-34
-8
19
151
143
50
53
-32
-104
-152
-348
-443
-443
-456
-363
-254
-180
-69
17
66
60
5
-67
-151
-211
-292
-339
-290
-230
-153
-24
90
262
447
464
444
397
224
50
-124
-355
-473
-542
-618
-544
-436
-310
-92
77
217
411
520
529
498
386
277
187
47
-92
-184
-270
-333
-353
-345
-276
-201
-119
10
94
147
273
337
404
511
489
501
567
502
438
350
208
217
219
111
119
154
109
94
-11
-168
-236
-388
-603
-739
-905
-1004
-979
-964
-885
-701
-544
-358
-159
-56
62
143
81
-13
-166
-344
-351
-304
-263
-132
-10
148
379
529
651
801
852
875
852
714
614
564
490
401
298
181
147
145
122
79
81
120
183
309
346
324
391
417
403
447
390
334
362
259
122
73
-18
-76
-92
-262
-405
-402
-445
-528
-617
-755
-845
-873
-996
-1088
-1063
-1031
-935
-750
-594
-402
-150
35
196
289
265
270
262
138
45
-35
-128
-124
-135
-162
-116
-86
-54
19
16
9
27
-4
66
141
93
71
42
-13
58
115
146
274
262
154
164
176
213
359
450
556
725
756
764
839
758
599
498
293
110
57
-17
-15
49
14
46
114
29
-98
-206
-372
-481
-552
-670
-618
-434
-264
-88
40
133
239
243
131
33
-59
-172
-259
-380
-517
-542
-493
-486
-469
-469
-491
-409
-329
-278
-125
28
121
236
275
298
395
428
398
403
316
182
152
76
-23
-61
-156
-252
-247
-253
-231
-83
4
11
49
13
15
127
121
119
242
255
256
316
282
324
360
207
104
40
-18
48
125
124
120
123
77
15
-89
-193
-200
-241
-350
-342
-297
-194
30
208
318
420
430
370
294
122
-16
-63
-170
-291
-354
-386
-309
-117
32
141
215
201
172
152
105
128
191
156
49
-42
-42
28
32
-52
-191
-351
-441
-428
-374
-271
-108
25
83
31
-97
-142
-161
-299
-471
-615
-646
-552
-479
-383
-215
-67
22
61
27
-15
-6
-16
-47
-60
-49
6
117
238
316
418
526
563
558
509
459
494
529
524
462
355
256
177
89
30
34
33
58
128
205
284
350
396
391
340
256
170
98
-47
-203
-334
-489
-575
-651
-757
-730
-636
-577
-457
-331
-224
-16
155
221
251
195
90
50
-9
-128
-169
-187
-207
-186
-187
-151
-67
-75
-96
-72
-102
-140
-132
-166
-171
-121
-94
13
107
104
168
267
308
376
440
463
479
413
251
112
-25
-188
-307
-412
-458
-390
-241
-74
173
410
563
682
677
615
581
495
376
306
219
127
52
-63
-187
-285
-396
-505
-583
-663
-664
-548
-441
-391
-341
-318
-282
-215
-256
-305
-249
-231
-175
-64
-30
62
199
214
182
171
147
200
233
170
203
267
252
213
131
36
3
-52
-128
-107
-33
46
169
290
359
425
418
306
188
36
-110
-189
-261
-276
-172
-55
94
264
385
508
597
626
579
494
352
168
-3
-177
-307
-367
-411
-446
-458
-479
-464
-437
-460
-474
-466
-416
-355
-321
-289
-226
-135
-96
-86
-62
-70
-63
-62
-111
-103
-47
-12
21
38
42
72
68
-11
-84
-163
-272
-366
-405
-399
-333
-204
-58
112
270
370
456
495
442
380
338
284
252
233
228
259
321
360
373
416
483
590
704
780
831
856
813
707
599
437
242
46
-153
-279
-329
-366
-384
-374
-350
-349
-363
-366
-383
-405
-449
-512
-566
-561
-509
-436
-347
-240
-142
-38
58
120
148
146
96
23
-89
-207
-285
-335
-352
-391
-423
-396
-381
-340
-307
-335
-338
-333
-325
-288
-226
-138
-14
80
112
180
222
236
233
170
97
53
42
38
57
73
114
177
218
258
293
300
272
234
199
159
142
105
70
95
84
54
90
117
140
189
196
207
216
218
275
319
289
250
243
187
124
63
-13
-47
-71
-107
-80
-8
13
79
158
160
128
57
-40
-101
-156
-235
-250
-216
-184
-153
-123
-85
-42
-22
-36
-4
21
8
29
35
33
43
45
31
31
3
-42
-51
-66
-108
-129
-154
-155
-105
-115
-156
-191
-237
-271
-320
-377
-395
-399
-390
-330
-227
-131
-55
30
126
218
293
290
282
268
177
99
69
60
67
49
7
21
34
35
73
81
91
123
90
50
62
46
5
-15
-35
-40
-33
-56
-68
-45
-17
-2
20
60
132
189
210
243
255
220
168
123
84
16
-65
-164
-194
-178
-189
-183
-181
-162
-145
-143
-138
-118
-133
-161
-126
-60
4
21
12
39
68
72
83
84
100
120
132
156
183
192
180
156
125
110
115
114
106
99
95
89
99
94
53
39
40
58
90
68
71
107
101
92
59
-7
-35
-49
-89
-114
-98
-55
6
69
114
163
177
117
37
-28
-131
-264
-359
-459
-554
-618
-658
-618
-534
-492
-432
-335
-268
-213
-156
-124
-103
-76
-63
-28
12
11
28
48
60
100
119
135
152
181
212
213
230
243
237
220
215
232
253
237
211
186
166
140
168
245
301
311
258
199
171
152
123
113
76
24
-18
-48
-15
32
53
77
104
153
191
197
208
205
176
126
74
28
-45
-132
-222
-298
-331
-366
-396
-370
-333
-311
-289
-247
-187
-104
-85
-116
-117
-135
-132
-112
-88
-71
-43
-18
-1
24
28
15
-4
-23
-3
18
6
-12
-15
-37
-75
-88
-96
-59
-30
-56
-57
-15
14
18
31
51
69
69
49
50
64
63
49
25
8
18
27
27
60
110
119
145
190
200
186
178
166
153
141
93
36
-3
-33
-42
-45
-74
-104
-128
-130
-107
-116
-117
-83
-71
-68
-83
-88
-80
-53
-28
-10
22
47
60
60
83
106
119
118
109
117
104
61
42
23
1
-25
-33
-24
-5
7
26
85
120
141
157
153
136
94
39
18
13
-19
-78
-131
-166
-183
-179
-161
-136
-87
-63
-36
-20
-39
-27
-30
-49
-48
-51
-73
-100
-116
-115
-94
-68
-43
-20
-6
1
5
6
-2
-12
-30
-63
-85
-103
-95
-73
-45
-6
44
102
116
124
139
127
128
105
64
34
-14
-46
-72
-94
-107
-95
-80
-62
-12
57
138
195
221
234
208
156
96
49
-3
-26
-34
-32
-6
10
5
5
1
-4
-3
-12
15
57
70
57
45
36
14
1
-11
-12
18
48
58
57
35
11
-25
-61
-89
-92
-103
-131
-158
-179
-180
-171
-133
-78
-34
-4
27
47
53
41
41
41
9
-34
-54
-68
-95
-121
-139
-155
-162
-145
-122
-94
-64
-23
11
31
38
57
70
73
77
71
89
91
97
98
93
78
63
63
56
51
66
96
115
106
76
63
53
37
36
40
23
15
26
36
43
79
105
134
147
123
98
79
64
48
22
15
32
40
25
6
-31
-71
-101
-133
-137
-94
-33
-15
-10
-16
-42
-60
-102
-144
-159
-169
-169
-138
-126
-130
-123
-99
-82
-76
-66
-48
-31
-30
-35
-52
-73
-91
-102
-106
-110
-99
-77
-70
-81
-100
-92
-52
-33
-19
10
34
63
92
113
139
150
153
145
126
120
128
165
220
251
249
238
232
215
194
174
168
153
141
147
147
149
152
126
106
85
46
30
26
19
12
2
-4
-6
-32
-74
-133
-186
-215
-243
-266
-293
-316
-313
-289
-275
-278
-252
-227
-219
-200
-174
-157
-122
-102
-122
-147
-162
-150
-143
-133
-94
-77
-51
-20
0
30
58
83
84
90
96
82
72
84
96
102
133
162
205
260
299
336
344
322
280
239
212
196
195
188
174
165
163
148
128
120
119
84
32
-9
-39
-47
-72
-89
-99
-115
-124
-127
-139
-182
-212
-219
-220
-225
-228
-207
-183
-167
-163
-177
-182
-159
-127
-110
-95
-66
-44
-36
-50
-62
-58
-45
-16
-24
-32
-15
6
17
25
30
45
64
54
67
93
120
163
196
228
240
223
231
234
223
220
210
209
224
232
232
229
213
197
166
127
99
82
70
39
1
-43
-86
-105
-103
-104
-133
-180
-216
-256
-272
-260
-268
-293
-305
-301
-296
-311
-310
-297
-289
-281
-286
-289
-282
-296
-310
-316
-315
-301
-276
-247
-227
-205
-185
-149
-107
-57
8
72
137
204
259
300
346
392
429
451
461
470
473
460
432
414
419
429
418
396
383
365
356
344
319
302
281
244
205
159
124
86
42
13
-15
-42
-58
-85
-141
-183
-219
-255
-285
-316
-333
-350
-348
-328
-313
-303
-302
-307
-309
-309
-321
-315
-283
-256
-242
-244
-242
-240
-230
-214
-193
-162
-141
-134
-118
-78
-23
29
58
72
95
107
111
127
146
167
202
239
268
298
314
318
296
264
229
199
188
184
172
147
118
110
110
102
99
101
96
88
77
65
64
56
39
-1
-35
-60
-91
-102
-112
-117
-114
-111
-118
-130
-137
-140
-156
-183
-191
-188
-180
-155
-117
-82
-59
-49
-38
-31
-26
-27
-25
-28
-28
-30
-25
-21
-9
24
52
67
85
89
87
94
97
96
101
92
83
79
69
68
68
56
57
54
37
12
-13
-22
-21
-32
-44
-43
-45
-50
-56
-66
-79
-91
-100
-117
-135
-138
-128
-110
-96
-94
-97
-92
-77
-62
-44
-37
-33
-42
-52
-46
-25
10
40
70
96
114
126
130
127
136
138
143
167
185
203
211
204
200
204
216
226
237
230
207
186
165
142
120
107
84
58
21
-20
-40
-38
-36
-40
-74
-111
-137
-170
-210
-238
-246
-247
-256
-275
-278
-273
-264
-261
-255
-252
-254
-247
-238
-237
-232
-226
-204
-175
-141
-107
-92
-65
-33
7
45
77
96
112
136
153
172
198
226
254
277
294
294
288
281
267
245
228
213
196
188
173
150
131
113
103
91
79
60
32
10
-6
-24
-45
-56
-61
-65
-80
-94
-101
-103
-111
-123
-140
-174
-186
-191
-196
-196
-207
-209
-207
-199
-180
-172
-161
-144
-138
-124
-107
-87
-82
-82
-63
-42
-5
29
50
62
65
68
72
77
86
95
107
139
169
191
213
219
211
194
178
153
139
135
137
140
130
116
98
87
72
60
51
44
32
24
14
-9
-22
-32
-40
-49
-61
-69
-70
-64
-68
-75
-85
-87
-85
-95
-110
-125
-148
-157
-145
-132
-123
-127
-127
-120
-122
-120
-113
-93
-65
-51
-45
-27
-10
-2
-6
-14
-14
-5
15
35
57
83
88
84
85
90
98
96
92
90
88
95
88
81
89
85
71
54
46
43
32
37
58
74
86
81
69
66
53
32
15
17
28
33
20
3
-1
-12
-18
-16
-19
-27
-30
-39
-45
-50
-62
-61
-59
-58
-58
-55
-49
-46
-55
-67
-70
-67
-65
-63
-68
-65
-53
-30
-19
-27
-40
-43
-36
-38
-41
-38
-33
-35
-21
-11
-14
-22
-41
-55
-77
-81
-73
-51
-18
4
8
13
22
31
35
20
14
9
13
21
33
57
84
110
120
114
111
99
81
78
81
90
85
74
74
67
59
36
18
3
-12
-13
-7
19
30
28
27
21
12
-1
-20
-36
-39
-40
-23
-5
15
31
30
26
24
28
22
-4
-30
-39
-45
-53
-51
-43
-37
-40
-39
-30
-18
-23
-41
-51
-48
-44
-43
-41
-32
-27
-20
-12
-2
23
30
21
21
21
23
16
-3
-15
-17
-31
-43
-47
-40
-29
-26
-25
-31
-43
-56
-79
-88
-74
-51
-26
-6
4
19
33
26
17
17
6
-10
-15
-14
-5
0
5
27
58
80
86
81
62
46
36
41
52
55
53
51
57
66
69
66
65
59
50
38
41
59
67
72
72
59
40
13
-4
-15
-17
-21
-26
-35
-41
-41
-56
-62
-78
-105
-115
-128
-139
-147
-159
-167
-165
-148
-129
-111
-83
-53
-26
0
18
30
49
44
29
29
35
36
33
43
64
69
74
72
61
56
43
33
33
33
36
48
67
83
87
81
72
52
35
42
41
29
29
32
32
38
45
50
36
10
-19
-50
-71
-87
-99
-92
-81
-74
-63
-55
-55
-62
-66
-56
-46
-41
-35
-27
-32
-32
-30
-22
4
21
30
37
48
55
52
51
57
52
45
45
32
23
18
12
25
27
29
42
50
45
37
28
10
-10
-22
-33
-47
-64
-67
-58
-36
-24
-31
-31
-36
-38
-38
-39
-31
-34
-38
-39
-43
-37
-32
-34
-38
-26
-21
-26
-17
-29
-46
-52
-53
-28
4
16
17
18
40
67
84
80
69
61
50
49
66
80
79
74
73
77
90
88
79
74
58
55
59
58
46
25
14
13
-3
-4
8
-9
-43
-66
-70
-67
-64
-67
-60
-46
-48
-52
-39
-32
-35
-33
-32
-24
-16
-15
-18
-24
-37
-50
-61
-71
-77
-67
-62
-61
-60
-66
-61
-69
-87
-81
-68
-57
-59
-51
-29
-7
8
11
11
6
-14
-13
11
37
55
67
74
61
60
64
73
82
87
89
96
96
92
80
79
85
86
99
109
118
115
100
80
61
49
43
46
54
44
28
7
0
-3
-30
-58
-59
-57
-56
-54
-67
-78
-75
-63
-55
-48
-59
-68
-89
-109
-109
-102
-91
-82
-73
-77
-84
-88
-89
-81
-61
-32
-7
18
26
22
35
36
26
24
13
8
22
22
25
31
33
26
23
24
20
32
41
55
72
70
67
64
56
53
56
62
61
38
19
10
8
7
2
-1
-4
-7
-10
-16
-30
-47
-54
-42
-21
-5
11
30
47
38
12
1
-1
-19
-33
-28
-22
-27
-21
3
20
12
-17
-48
-60
-64
-75
-70
-38
-22
-25
-34
-30
-30
-37
-26
-14
-10
-18
-29
-34
-24
-1
22
39
50
43
30
21
19
22
26
37
51
49
22
-12
-25
-11
17
48
65
66
48
25
21
26
27
29
25
22
17
7
-5
-14
-15
-2
3
6
5
-14
-30
-37
-37
-37
-40
-47
-46
-30
-21
-21
-16
-27
-40
-50
-53
-56
-53
-43
-30
-9
4
5
-5
-6
7
3
-6
1
14
28
40
47
35
24
22
23
33
36
38
44
49
50
41
44
42
35
32
34
33
31
33
39
39
42
50
54
59
51
42
31
23
17
8
3
4
6
7
4
-15
-35
-51
-59
-54
-53
-66
-75
-84
-92
-93
-94
-99
-108
-99
-75
-55
-44
-39
-27
-16
-19
-24
-20
-25
-35
-36
-23
-10
-5
-3
5
28
40
45
52
54
51
42
27
11
-14
-23
-10
10
33
39
42
43
43
39
35
28
29
39
45
50
51
38
18
5
8
3
-13
-32
-33
-21
-5
11
9
10
4
-12
-17
-19
-14
-25
-35
-29
-7
9
8
2
-1
-4
-4
4
0
-7
-11
-2
14
21
6
-14
-25
-37
-38
-33
-27
-14
-4
1
-1
-4
-8
-16
-25
-31
-29
-13
1
13
21
20
28
28
12
5
10
20
36
47
54
58
54
53
49
44
39
34
29
19
12
26
36
26
9
1
2
4
8
10
7
0
7
10
12
16
7
-9
-21
-21
-19
-21
-17
-3
1
-2
-12
-30
-50
-66
-72
-71
-67
-65
-59
-42
-24
-22
-33
-39
-48
-55
-54
-52
-41
-22
-3
9
11
11
22
23
16
6
-4
9
23
32
35
31
29
16
3
-8
-13
-13
-14
-12
-20
-28
-19
2
15
16
11
-5
-22
-32
-27
-2
16
26
23
26
28
32
36
28
16
2
-6
-7
-8
9
38
46
34
11
-15
-27
-23
-4
17
27
33
37
49
59
60
53
33
7
-14
-20
-17
-2
18
22
8
-16
-35
-40
-29
-8
2
-4
-17
-30
-26
-7
19
37
36
22
11
12
16
15
14
14
-1
-14
-15
-4
14
30
29
6
-15
-31
-37
-23
4
27
26
2
-23
-30
-18
-1
2
-13
-34
-44
-45
-36
-24
-7
-6
-13
-25
-32
-15
12
37
39
23
-3
-30
-40
-28
-17
-17
-23
-30
-30
-18
7
24
33
20
-15
-44
-52
-39
-22
-16
-10
-4
3
16
26
41
44
31
8
-8
-6
8
27
44
49
47
41
30
25
34
39
28
4
-22
-26
-14
-13
-10
-10
-24
-47
-66
-72
-64
-40
-28
-28
-30
-24
-1
25
45
49
31
10
-1
-3
12
32
37
32
17
1
14
32
41
42
37
26
18
18
18
25
42
59
61
52
40
39
43
46
37
20
5
-15
-24
-25
-30
-32
-42
-54
-61
-63
-67
-65
-76
-93
-102
-105
-108
-101
-67
-32
-11
-1
-1
-8
-13
-2
7
2
-6
-13
-8
2
15
31
32
13
-2
-13
-25
-27
-20
-8
3
9
13
24
37
46
56
61
65
69
69
75
87
92
88
74
58
41
29
30
34
26
19
17
18
21
18
20
24
12
-7
-20
-22
-25
-26
-12
-2
-5
-14
-28
-27
-22
-21
-27
-41
-54
-56
-48
-34
-12
5
6
-5
-19
-27
-32
-37
-43
-53
-65
-67
-63
-54
-42
-31
-26
-29
-30
-37
-30
-17
-5
9
10
5
7
15
20
15
3
-9
-7
-5
-5
-6
-10
-6
-1
-2
2
16
24
25
26
37
35
41
53
59
57
49
38
30
34
39
34
23
16
8
-8
-19
-27
-28
-22
-15
-8
2
20
31
32
27
16
9
13
23
37
46
38
27
13
-1
-8
-22
-34
-44
-47
-38
-34
-24
-16
-6
-9
-17
-20
-23
-10
-3
-6
-12
-8
-5
-2
-1
-5
2
16
27
34
45
43
31
13
-9
-21
-30
-38
-29
-9
-8
-12
-10
-10
-12
-4
1
-4
-3
-8
-15
-23
-24
-19
-12
-7
-3
14
22
19
17
12
4
-1
2
2
7
2
-6
-3
-4
-8
-16
-30
-27
-17
-5
-1
5
11
13
18
26
32
35
34
21
14
11
12
9
1
-5
-8
-7
-13
-23
-30
-35
-45
-45
-37
-29
-23
-22
-19
-8
-2
1
1
4
7
1
3
16
24
30
32
31
25
17
16
20
11
14
23
28
31
27
24
19
9
5
12
12
10
5
-2
-15
-22
-25
-21
-14
-7
4
4
-1
-9
-3
8
-1
-3
4
3
-1
-5
-14
-18
-27
-33
-31
-20
-6
-5
-8
-19
-26
-21
-15
-10
-7
-8
-1
6
6
9
9
10
14
15
12
9
0
-11
-19
-22
-20
-9
-2
4
-4
-7
5
3
5
5
14
34
43
46
38
27
21
13
9
6
2
0
-3
-6
-1
9
17
19
17
10
-8
-19
-21
-17
-11
0
5
7
6
4
8
2
-5
-6
-9
-22
-28
-15
-9
-13
-14
-9
-1
5
12
14
13
7
-8
-21
-25
-20
-10
-8
-6
4
11
21
19
7
-3
-21
-35
-34
-13
2
-1
-3
8
18
21
23
20
24
24
13
1
1
2
1
1
2
-10
-19
-13
-23
-35
-32
-32
-27
-8
4
-4
-16
-28
-33
-23
-7
6
19
20
5
-9
-9
-2
2
4
6
12
21
25
27
17
15
21
23
31
34
25
6
-1
0
2
-2
-6
-8
-17
-20
-23
-14
-7
-5
3
2
-1
2
11
20
28
31
37
46
45
28
13
18
26
17
6
8
14
13
13
5
0
7
6
1
1
-5
-24
-28
-30
-38
-40
-49
-46
-35
-32
-9
10
7
-1
-10
-26
-39
-46
-37
-15
-4
-9
-23
-22
-7
4
-2
-9
-1
1
-8
-16
-18
-23
-25
-16
-5
-1
6
4
8
14
5
3
7
2
-1
3
8
15
17
11
3
3
4
5
6
14
16
13
17
24
30
29
31
27
27
15
4
10
7
13
19
22
18
13
2
0
8
14
30
35
30
25
21
4
-8
-9
-9
-5
-7
-3
-1
-2
-10
-15
-7
2
7
14
11
-3
-16
-28
-35
-33
-21
-9
-3
-2
-4
-11
-17
-25
-27
-30
-30
-25
-34
-31
-30
-32
-30
-31
-27
-26
-16
-10
-2
14
24
30
33
16
0
0
-4
-8
-12
-5
9
10
5
7
15
13
20
34
34
25
22
21
29
30
23
11
-1
-5
2
3
-6
-19
-28
-40
-51
-47
-38
-23
-5
9
16
11
-6
-16
-11
2
16
26
31
38
47
43
33
25
19
29
28
15
7
4
-5
-12
-6
-8
-19
-24
-20
-23
-12
-2
1
4
14
20
12
5
-9
-16
-5
-2
-14
-25
-26
-17
-7
-7
-9
-19
-24
-19
-17
-16
-15
-14
-19
-23
-21
-17
-9
-13
-6
10
28
37
20
5
2
6
15
22
14
2
3
0
3
18
34
36
21
19
18
28
42
48
41
18
-4
-22
-28
-38
-43
-34
-13
2
1
-5
-3
1
2
6
4
4
4
3
7
15
20
21
20
18
9
-3
-7
-15
-31
-31
-21
-9
-12
-29
-35
-36
-37
-44
-35
-23
-20
-8
-5
-5
-8
-5
-9
-8
14
15
16
23
34
40
30
22
13
18
18
-1
-17
-39
-31
-19
-4
11
0
-7
-13
-18
-21
-19
-10
-7
-8
1
36
61
53
42
31
28
35
35
32
26
13
2
-10
-16
-20
-27
-44
-62
-57
-57
-54
-46
-14
14
42
53
28
-4
-28
-27
-34
-37
-24
7
41
65
81
75
66
51
30
14
-1
3
-2
-14
-22
-25
-27
-18
-15
-14
-11
-10
-19
-39
-38
-26
-20
-11
-2
-12
-12
-11
-21
-36
-30
-22
-16
-6
-1
22
55
79
57
15
-15
-21
-2
25
36
33
37
37
39
32
19
11
4
16
24
27
39
51
50
39
31
7
-13
-27
-43
-53
-67
-62
-51
-39
-28
-17
-23
-56
-69
-72
-62
-41
-14
-6
0
0
-29
-29
5
55
82
74
45
18
3
-7
-1
13
15
3
8
27
44
27
5
-19
-37
-42
-44
-4
35
64
48
0
-38
-48
-37
-46
-66
-82
-73
-42
-6
41
81
86
63
11
-23
-26
-2
27
27
14
4
-1
-21
-19
23
35
20
-18
-56
-43
4
60
66
50
34
11
-25
-67
-53
-9
32
25
-21
-39
-36
-28
-13
-7
-9
-22
-40
-58
-60
-27
12
29
0
-10
-4
10
34
46
62
65
54
36
4
8
38
53
28
-11
-10
10
34
45
74
99
80
28
-31
-49
-28
-3
2
-11
-30
-57
-85
-100
-84
-25
25
18
-20
-39
-43
-24
10
23
22
12
0
-9
18
55
93
100
66
26
10
21
54
82
86
