3
-2
-5
-8
-15
-20
-21
-32
-42
-40
-24
-11
-1
8
12
24
28
30
21
7
10
1
-13
-21
-22
-34
-25
-5
10
22
21
28
26
20
24
17
-3
-2
7
11
15
17
21
20
17
13
9
4
2
-2
-6
-11
-14
1
10
6
-6
-13
-3
-3
-5
1
4
8
14
24
23
14
7
-7
-9
-3
-12
-25
-28
-19
-19
-18
-10
-11
-14
-15
-16
-19
-23
-22
-28
-39
-34
-34
-36
-33
-26
-23
-29
-32
-30
-24
-23
-16
-13
-14
-19
-20
-13
-13
-9
5
14
22
36
42
40
34
21
19
24
25
32
33
29
31
33
19
10
6
6
9
2
1
3
5
4
-1
-6
-6
-7
-7
-12
-22
-28
-31
-28
-21
-5
6
11
16
22
28
26
27
28
18
3
-8
-9
-9
-5
0
7
12
14
9
4
0
-5
2
1
-8
-17
-24
-26
-25
-7
12
19
23
27
26
21
21
25
29
24
22
27
22
22
27
29
24
10
9
12
17
24
32
34
40
47
42
37
16
6
2
-5
-6
-9
-7
-5
-11
-17
-22
-24
-29
-38
-36
-32
-29
-28
-32
-38
-45
-46
-51
-51
-43
-36
-21
-5
2
4
0
-2
-3
2
-4
-7
-9
-18
-30
-38
-47
-50
-51
-50
-38
-35
-30
-22
-18
-25
-25
-13
-8
5
20
16
7
6
4
5
-2
-15
-24
-21
-14
-8
-4
0
4
1
3
12
19
23
23
23
14
-2
0
9
15
24
24
19
21
15
5
2
0
11
20
18
20
24
27
18
27
37
41
46
45
37
17
17
33
44
50
49
42
37
33
33
38
35
28
13
3
-8
-20
-18
-21
-20
-19
-9
7
22
15
0
-9
-16
-21
-21
-11
-4
7
6
-3
-7
-13
-17
-17
-10
-13
-9
1
4
5
2
-5
-16
-13
-18
-27
-31
-34
-21
-10
-7
-7
-1
1
2
5
12
12
4
2
0
5
4
-4
-6
-15
-24
-32
-23
-11
-11
3
6
-3
-10
-9
-11
-27
-38
-42
-40
-39
-30
-22
-20
-18
-17
-26
-35
-13
3
6
2
-10
-14
-10
-11
-26
-42
-47
-45
-46
-38
-21
-8
-7
-9
-8
2
13
25
33
29
33
34
45
43
38
46
50
62
73
79
64
39
28
13
-3
-3
3
1
-2
4
15
14
15
17
0
-4
-6
1
12
12
17
8
-3
-12
-17
-13
-12
-12
-8
-8
-1
3
3
-4
-3
14
15
8
3
1
-11
-16
-10
-9
-7
-20
-33
-35
-39
-30
-9
7
14
7
1
-14
-22
-17
-13
-17
-12
1
12
26
36
31
25
27
32
34
33
30
33
26
14
13
6
7
11
8
5
10
23
36
41
46
47
37
32
34
37
39
27
4
-14
-13
11
23
11
4
8
16
32
34
25
11
2
-7
-26
-37
-40
-39
-48
-60
-78
-70
-56
-43
-32
-26
-23
-42
-55
-60
-77
-85
-88
-82
-65
-60
-54
-53
-50
-50
-55
-56
-64
-60
-56
-54
-53
-48
-26
-7
-3
1
-7
-18
-29
-32
-33
-27
-3
14
12
10
34
55
68
65
56
48
50
71
67
55
49
62
64
55
58
63
72
86
100
98
108
122
128
120
119
111
99
95
78
65
61
72
86
85
70
60
42
23
19
-2
-29
-66
-108
-134
-140
-139
-120
-110
-111
-119
-118
-94
-80
-65
-54
-52
-54
-46
-46
-40
-26
-3
1
-13
-11
11
22
22
24
22
13
17
33
45
47
39
43
38
61
102
109
92
80
77
87
63
40
40
51
46
19
5
-15
-27
-31
-25
-37
-58
-81
-92
-91
-68
-44
-58
-96
-111
-104
-111
-111
-83
-64
-82
-96
-104
-96
-44
3
2
-12
22
42
21
-14
-25
0
33
45
59
51
42
49
59
60
61
61
34
14
-3
-11
-18
-25
-45
-40
-21
-39
-90
-94
-68
-42
-30
-42
-65
-55
-59
-101
-122
-108
-76
-90
-116
-97
-37
5
10
-13
5
60
117
99
51
53
87
113
157
153
147
167
185
148
102
119
137
138
158
212
230
202
170
163
113
73
38
12
-3
-12
-31
-65
-82
-110
-165
-235
-247
-261
-280
-247
-209
-189
-162
-144
-184
-222
-193
-154
-133
-125
-77
-28
35
92
98
84
143
210
224
240
264
267
258
337
393
408
379
388
364
321
258
173
59
30
73
26
-66
-169
-193
-281
-357
-386
-336
-326
-415
-482
-495
-413
-423
-470
-557
-505
-480
-436
-478
-508
-487
-352
-262
-161
-12
58
8
43
311
532
561
527
629
709
775
833
800
759
818
886
853
825
804
688
582
598
592
465
257
25
-160
-208
-149
-282
-563
-765
-719
-663
-808
-998
-1039
-932
-995
-1105
-1225
-1205
-1222
-1143
-1082
-957
-924
-902
-888
-726
-486
-271
-66
18
196
352
523
558
705
834
976
1071
1209
1284
1326
1463
1567
1567
1580
1573
1348
1136
1017
897
570
352
139
-12
-109
-166
-367
-610
-677
-654
-777
-986
-1039
-1136
-1172
-1263
-1331
-1343
-1174
-1041
-1053
-1077
-952
-793
-715
-532
-425
-268
-215
-167
-235
-131
41
265
434
554
696
842
1017
1002
1082
1244
1454
1285
1165
1250
1417
1334
1245
1185
1063
973
860
814
705
644
314
46
-167
-225
-458
-671
-824
-780
-790
-906
-1107
-1207
-1212
-1192
-1091
-1090
-978
-966
-870
-853
-674
-489
-294
-278
-274
-255
-101
50
2
37
182
188
19
120
279
360
569
608
235
150
725
976
577
330
651
730
851
1142
1167
846
841
943
825
934
911
573
182
325
209
-233
-533
-559
-818
-906
-865
-988
-1262
-1348
-1194
-1162
-1195
-1433
-1515
-1488
-1346
-1225
-1035
-964
-907
-886
-685
-606
-672
-734
-610
-262
-200
-291
-505
-443
-258
810
1195
32
-878
594
2224
1586
400
639
1398
1415
1938
1864
1539
1323
2028
1826
1901
1988
1591
716
915
1404
964
414
23
-478
-622
170
-138
-922
-1180
-841
-1065
-1075
-903
-1090
-1580
-1638
-1317
-1097
-921
-1275
-1720
-1596
-811
-825
-1175
-957
-729
-904
-902
-790
-1035
-412
1422
1105
-1220
-1085
2128
3098
1066
100
1463
2176
2390
2686
2027
1303
1886
2573
1961
1933
1900
1004
136
1016
1298
353
-460
-866
-1468
-990
-266
-1163
-2093
-1625
-1292
-1985
-1780
-1233
-1619
-2326
-2021
-1472
-1145
-1200
-1870
-2188
-1321
-519
-873
-1109
-868
-575
-364
-168
-503
-642
1541
2653
56
-1906
1507
4648
2857
140
1309
2878
2830
3032
2919
1933
1776
3093
2641
1911
1986
1956
211
227
1192
771
-766
-1421
-2078
-2087
-1223
-1632
-3123
-3410
-2430
-2599
-2942
-2649
-2551
-3332
-2975
-2075
-1628
-1846
-2184
-2623
-2051
-770
-330
-1114
-1584
-1338
-365
199
-163
-881
1137
3865
2350
-1279
221
5115
4956
1260
1017
3872
4083
3965
3814
3233
2064
3556
3730
2450
1958
2733
1375
-55
857
1251
-93
-1496
-1891
-2260
-1035
-580
-2042
-3913
-2867
-1717
-2243
-3132
-2754
-2649
-2972
-2430
-1863
-1696
-1847
-2209
-2483
-1591
-549
-922
-2112
-2037
-581
72
-488
-1504
36
3108
2614
-1160
-1661
3378
5387
2338
336
3166
4218
4012
3571
3628
2437
3159
3975
3239
2482
2659
1872
-239
221
957
346
-1608
-2312
-2822
-1702
-1018
-2063
-4327
-4066
-2063
-1963
-3204
-3181
-2248
-2412
-2313
-1976
-1375
-1418
-1803
-2191
-1450
-10
230
-774
-1347
-125
908
758
-493
168
3369
4065
547
-1641
2646
6109
3850
363
2265
4025
4207
3801
3647
2076
2119
3685
3238
1828
1466
1539
-673
-1084
-204
98
-1868
-3064
-3856
-2802
-1871
-2571
-4969
-5461
-3484
-2613
-3769
-4336
-3097
-2852
-2904
-2597
-1728
-1776
-1931
-2528
-2109
-1023
134
-649
-1366
-905
563
546
-41
-390
930
4231
4290
251
-1468
4084
6966
3487
686
4198
5228
4408
4369
4790
2734
3210
4743
3397
2110
2920
2452
-973
-403
1218
418
-2231
-2565
-3313
-2838
-2222
-3142
-5437
-4569
-2582
-3550
-4601
-3320
-2144
-3297
-3088
-2217
-1262
-1285
-1426
-2599
-1739
243
908
-1237
-1601
94
1293
264
-348
-251
1300
4416
3551
-930
-1649
4511
6319
2440
657
4303
4524
3839
4184
4539
2754
3726
4468
2834
2671
3947
2112
-1435
121
1394
45
-2300
-2492
-3449
-2759
-2718
-4134
-5398
-3894
-3869
-5649
-4704
-2263
-2540
-4614
-3839
-2514
-1552
-1749
-2556
-3358
-1192
936
234
-1773
-780
860
1025
418
761
747
2562
5477
3928
-598
227
5864
5974
1744
1581
4749
3777
3195
3809
3465
1464
2946
3290
1982
2010
2894
-167
-2291
17
1104
-1148
-2778
-2980
-3884
-3000
-2694
-4356
-5769
-4071
-3862
-4795
-4090
-2704
-4062
-4857
-3219
-1684
-1566
-2044
-3117
-2944
-429
1125
-355
-1562
-45
1602
1764
1479
1301
1539
4001
5509
3302
510
3207
6527
5155
2192
3648
4937
4007
3565
4555
3815
2672
3214
2865
1922
2128
1936
-1024
-1316
371
173
-2915
-3905
-3679
-3108
-3049
-4045
-5839
-5364
-3419
-3976
-5242
-4354
-3066
-4053
-4229
-3106
-2217
-2278
-2342
-2368
-1319
330
592
-693
-613
972
1926
1623
1415
1683
3675
5292
4287
1735
2641
5681
5925
3532
3088
4655
4926
4148
3704
3982
2991
2798
2587
2462
1407
1418
359
-933
-1197
-486
-1738
-3807
-4096
-3374
-3277
-4449
-5030
-5391
-4417
-4053
-4648
-5393
-3921
-3024
-3594
-3993
-2890
-2064
-2085
-1811
-1376
-704
-76
511
314
775
1602
2392
1938
1965
3864
5021
3583
1695
3463
6071
5847
3615
3435
3924
4484
4265
3274
2303
2306
2792
2051
1715
1060
419
-534
-412
-907
-1620
-2599
-3354
-4274
-4067
-3723
-4608
-5312
-5178
-4817
-5037
-4883
-5236
-4924
-4115
-3278
-3675
-3593
-2717
-1856
-1478
-982
-259
130
1110
1440
1846
2021
2825
2462
3370
5197
5268
3003
2428
4903
6116
5187
3962
4223
3862
4766
4821
3951
2072
2548
2766
1971
985
655
-62
-1002
-1164
-1929
-2380
-3294
-3626
-4536
-4144
-4402
-4969
-5630
-4915
-4750
-5001
-4919
-4662
-4350
-3800
-2895
-3148
-3153
-2181
-740
-659
-311
335
1258
1526
2259
2644
2790
2634
3512
4909
4691
3387
3323
5152
5671
5188
4602
5068
4409
4623
5127
5128
3605
3054
3619
3524
2431
1006
524
-111
-396
-1318
-1909
-3059
-4230
-5007
-4521
-4779
-5785
-6572
-6589
-6054
-5611
-5619
-6197
-6028
-5373
-4383
-3732
-3310
-3582
-3172
-1756
-356
-186
134
855
1704
2205
2393
2227
3950
5700
4492
2388
3836
6677
6090
4156
4221
5104
4474
5064
5041
4188
3202
3960
3336
2852
2678
1470
-970
-1584
-603
-1195
-2887
-4630
-5266
-5184
-4154
-4865
-6326
-6710
-5731
-5874
-5805
-4674
-4416
-5384
-5280
-3377
-2388
-2083
-2199
-1823
-1150
948
2023
1437
915
2275
3146
3067
4222
5039
4263
3185
5257
6338
5583
4551
5373
4777
4954
5921
5784
3583
2822
3653
3598
3160
1653
-9
-1046
-246
-1218
-2784
-3900
-4268
-5287
-5028
-4977
-5818
-6743
-6235
-5858
-5744
-4746
-4669
-5333
-4854
-3026
-2808
-2786
-2182
-1288
-1096
98
595
584
604
1970
2044
2358
4121
4739
3044
2574
5159
6089
4939
4343
5083
4242
5037
5574
5086
3355
4206
4376
3075
2159
2224
1034
-430
-349
-1089
-2695
-3678
-3530
-4783
-4756
-4735
-5390
-6679
-5902
-5166
-5583
-5559
-4571
-4082
-3691
-2448
-2150
-2001
-1187
-225
-771
50
1150
1472
689
2402
4428
3520
1900
2861
5149
5468
5027
4622
4895
4431
5209
4839
4225
3544
3623
2844
2735
2678
1201
-534
-1079
-926
-1986
-2731
-3969
-5361
-5556
-4273
-5527
-7134
-6503
-5547
-6390
-6250
-4933
-4469
-4351
-3281
-2614
-2297
-863
146
-107
683
2452
2293
1415
3373
5542
4221
2145
2901
5558
6217
4971
3839
4110
4601
5457
4911
4127
3255
2833
2074
2309
2367
994
-963
-1550
-1122
-1728
-2552
-4070
-5320
-5450
-4020
-4649
-6119
-6463
-5862
-5852
-5036
-3928
-4174
-4330
-3323
-2133
-1322
112
-21
-220
1335
3230
2542
2152
4601
5899
3797
2765
5304
6582
5534
4285
4609
4549
5088
4867
3493
2411
2689
2593
1334
1204
710
-803
-2479
-1973
-2169
-3097
-4535
-4972
-5262
-4655
-4850
-6149
-6693
-5690
-4790
-5047
-4379
-3676
-3206
-2820
-1560
-994
-149
472
908
1160
2332
3207
3154
4362
5554
4610
3022
4940
6994
6110
4010
4810
5731
5555
4720
3752
2766
2523
2782
1613
875
100
-1133
-2979
-2723
-2740
-3995
-6076
-6476
-6058
-5688
-6209
-7177
-7384
-6830
-5704
-5463
-4889
-4265
-3325
-2760
-1498
-344
681
878
1309
2255
3274
3951
3897
5003
5918
5558
4133
5283
6979
6986
4984
4786
5542
5534
5012
4177
3649
2692
2735
1952
1331
-307
-1618
-3160
-3591
-3895
-4496
-6378
-7986
-7913
-7187
-7068
-8143
-8424
-8181
-7002
-6302
-5568
-5513
-4519
-3321
-2114
-968
549
1206
1588
2731
3942
4564
4866
6379
7020
6364
5147
6377
7771
7786
6328
6243
6798
6968
6637
5868
4990
4015
3869
3008
2281
791
-358
-1922
-2376
-2985
-3968
-5710
-7187
-8182
-8171
-7872
-9056
-9668
-9162
-8312
-8541
-7729
-6728
-5630
-4883
-3550
-2512
-1242
-97
790
1846
2792
3859
4399
6273
7203
6306
4975
6831
8902
8598
6771
6809
7395
7131
7166
6615
5785
4659
4807
4136
3447
1733
458
-718
-934
-1778
-3247
-4910
-6172
-6914
-7183
-7409
-8719
-9376
-9206
-8510
-8649
-8217
-7787
-6954
-6169
-4853
-3573
-2625
-2257
-1485
224
1679
2195
2335
4769
6238
5648
4237
5494
7689
8209
6871
6552
7264
7326
7202
6511
5947
5142
5271
4459
3896
2742
1827
423
-412
-1113
-1847
-3362
-4872
-5534
-5489
-5715
-7358
-8195
-8280
-7735
-8169
-7977
-7540
-6541
-6060
-5258
-4513
-3402
-2501
-1958
-779
99
638
995
3240
4306
3722
2515
4141
6279
6757
5547
5156
5996
6527
6608
5884
5844
5412
5720
5057
4709
3316
2319
1328
963
472
-672
-2376
-3851
-4204
-4240
-4536
-6101
-6715
-6566
-5869
-6346
-6319
-6053
-5658
-5097
-4258
-3427
-2686
-2073
-1893
-703
-15
297
47
1506
2992
3127
1816
2294
4325
5182
4760
4355
5058
5351
6222
6117
5944
4897
5526
5417
4957
3940
3325
2365
1633
1171
183
-907
-2450
-3366
-4035
-3949
-5359
-6358
-6761
-6203
-6482
-6367
-6075
-5901
-5249
-4125
-3380
-3183
-2297
-1897
-1068
-242
478
124
1076
2766
2977
2005
1956
3625
4291
3923
3011
3538
3782
4509
4209
3764
3188
3591
3814
3041
2365
1540
1113
317
338
-586
-1145
-2395
-2856
-3534
-3221
-4077
-5259
-5464
-4549
-4184
-4734
-4435
-3761
-2858
-2449
-1508
-1437
-843
-270
498
1028
1495
1519
1670
3225
3920
3091
1711
2858
4209
4132
3040
3107
3020
2768
3091
2704
2123
1529
2247
1659
1067
240
37
-839
-726
-1463
-2591
-3469
-3652
-3912
-4284
-4207
-5122
-5390
-4934
-3889
-4331
-4208
-3669
-2837
-2337
-1242
-477
-206
404
1265
2062
2071
2767
2895
3605
4961
5504
3828
3035
4897
6036
4879
3755
4709
4404
3969
3575
3315
1926
2168
2304
1336
182
-380
-1258
-2478
-2517
-3413
-4609
-5856
-5704
-6461
-6448
-6693
-7003
-7590
-6495
-5389
-5627
-5621
-4539
-2786
-2197
-1216
-414
787
1436
2633
3126
3484
4383
4690
5603
7016
7191
4989
5001
7154
7883
5956
5642
6298
5618
5221
5065
4333
2732
2773
2315
1240
-256
-1054
-2513
-3426
-3774
-4793
-6642
-7455
-7406
-7763
-7915
-8340
-8642
-8635
-7184
-6350
-6788
-6563
-4737
-3452
-2845
-1594
-256
439
1177
2537
3121
3586
3960
4405
5999
7376
6245
3969
5384
7759
7128
5214
5896
6257
5541
5198
5480
4640
3487
3464
2977
2016
792
-15
-1551
-2094
-2738
-3923
-5798
-6500
-6822
-7176
-7845
-8528
-9024
-8885
-7969
-7776
-7886
-7177
-5677
-4896
-4319
-3130
-1849
-1306
-240
1358
2400
3012
3415
4599
6732
7277
5597
4791
7291
9100
7896
6358
7354
7656
7081
6778
6791
5556
4867
4947
4491
3059
1443
371
-730
-923
-1983
-3814
-5555
-5777
-6462
-7090
-7995
-8475
-9061
-8722
-8241
-8282
-8241
-7366
-6494
-5990
-4943
-3543
-2632
-2130
-961
496
1569
2072
2531
3935
6185
6456
4764
4585
7494
8739
7257
6213
7283
7316
7038
7303
7249
5537
4987
5302
5016
3688
2217
866
-92
166
-534
-2363
-4294
-4739
-5280
-5686
-6465
-7597
-8646
-8017
-7415
-7578
-7803
-7452
-7149
-6540
-5022
-3771
-3658
-3358
-2109
-1026
-183
561
958
1780
3896
4689
3479
2932
5424
6744
5657
5110
6225
5908
5681
6411
6537
4837
4297
4847
4491
3513
2511
1244
154
538
-194
-2096
-3638
-3960
-4758
-5089
-5258
-6259
-7610
-7352
-6469
-6648
-6891
-6618
-6526
-5921
-4111
-3031
-3253
-3024
-1840
-653
226
917
947
1729
4406
5286
3535
3310
6357
7237
5787
5481
6940
6603
6334
6818
6499
4966
4880
5299
4363
3690
2817
1311
99
795
-140
-2104
-3441
-3136
-3954
-4237
-4572
-5658
-6682
-5721
-4815
-5537
-5913
-5313
-4842
-4544
-3101
-2698
-2873
-2530
-1304
-815
-343
36
-98
129
2513
3340
1613
976
3444
4563
3499
3428
4434
4085
3855
5027
4932
3453
2938
3932
3822
3492
2200
677
-117
810
118
-1831
-2637
-2605
-3468
-3858
-3630
-4709
-5778
-5192
-4091
-4628
-4833
-4405
-4228
-3996
-2458
-1732
-2243
-1945
-688
259
772
1079
870
1283
3416
4242
2710
1880
3879
5170
4661
4461
5252
4739
4417
5106
5305
3928
2683
2955
2840
2799
1581
25
-1275
-722
-1420
-2713
-3710
-3887
-4919
-5261
-4944
-5202
-5969
-5675
-4778
-4875
-4437
-4114
-4000
-3938
-2336
-1506
-1587
-1577
-374
165
748
1047
1006
1089
2632
3788
2837
1884
2831
4461
4248
4205
4428
4530
4105
5046
5231
4397
3135
3443
3411
2998
2153
943
-194
-424
-605
-1952
-2903
-3640
-4411
-5159
-4812
-5281
-6139
-6324
-5568
-5305
-4885
-4430
-4178
-4015
-2748
-1724
-1678
-1245
-157
521
894
1739
2081
2221
3009
4793
4836
3998
3556
5012
5695
5788
5313
5054
4600
5295
5874
4933
3470
3038
3419
2676
2012
590
-406
-1519
-1505
-2715
-3620
-4673
-5419
-6207
-5758
-5547
-6588
-7141
-6588
-5675
-5598
-5163
-5038
-4407
-3549
-2420
-2202
-1452
-529
366
728
1651
2171
2189
2320
3758
4786
4367
3528
4257
5647
5769
5082
4672
4761
4819
5528
5169
4200
3254
3789
3509
2964
1809
891
-295
-437
-988
-2181
-3771
-4829
-5305
-5231
-5088
-6285
-7206
-7153
-6254
-6369
-6231
-5984
-5188
-4603
-3544
-2975
-2156
-1460
-735
-220
885
1912
2119
1955
2775
4453
4556
3438
3069
5036
6055
5350
4206
4820
4949
5228
4932
4397
3421
3589
3699
2858
1804
1099
483
-316
-444
-1269
-2301
-3656
-4104
-4741
-4658
-5348
-6174
-6390
-5586
-5406
-5688
-5714
-5448
-4978
-4101
-3099
-2643
-1941
-1160
-328
56
1099
1782
2146
2187
3872
5201
4719
3124
4007
6054
6195
5041
4942
5352
5080
5369
5098
4018
2981
3701
3534
2822
1680
966
-205
-392
-785
-1920
-3082
-3667
-4342
-4822
-4615
-5330
-6156
-6385
-5588
-5728
-5563
-5668
-5478
-5142
-3870
-3303
-3028
-2428
-1416
-901
-408
534
873
943
1710
4094
4686
3552
2796
4896
6256
5679
4740
5209
5549
5763
6076
5488
4362
3802
4087
3820
3595
2214
686
-142
313
-485
-1921
-2977
-3818
-4366
-4125
-4140
-5641
-6238
-5915
-5666
-5841
-5332
-5427
-5443
-4638
-3609
-3674
-3235
-2229
-1655
-1479
-386
451
508
825
2064
3735
3838
2926
2717
4581
5628
5237
4553
5164
5231
5315
5308
5238
4278
3519
3405
3384
2847
1161
135
-320
-550
-1622
-2148
-3153
-4369
-5179
-4716
-5032
-5990
-6310
-6269
-6096
-5725
-5442
-5771
-5252
-4356
-3815
-3560
-2339
-1898
-1521
-669
784
1132
1350
1855
2976
4575
4828
3691
3335
5693
6863
6071
5097
6003
5733
5572
5639
5891
4522
3730
3727
3693
3098
1681
435
-581
-350
-690
-1380
-3118
-3737
-4197
-4056
-4610
-5053
-5841
-5833
-5398
-5101
-5143
-5277
-4799
-4927
-4215
-3389
-2622
-3049
-2351
-1367
-492
-33
445
579
1104
3304
3986
2938
2349
4714
5772
5327
4642
5506
5656
5586
5744
5501
5089
4156
3645
2937
3420
2579
1134
-585
-500
-911
-1677
-2946
-3838
-4373
-4503
-4487
-5367
-5612
-5789
-5584
-5782
-4953
-4637
-4584
-4754
-3915
-2996
-2150
-1813
-1709
-800
193
1116
876
1074
1542
3083
4229
4312
3451
3640
5349
5828
5239
4878
5422
4892
4749
4602
4482
3611
3055
2495
2265
2036
1026
-494
-1780
-1535
-1870
-2722
-4434
-5097
-5355
-5053
-5505
-6210
-6687
-6728
-6402
-6082
-5570
-5562
-5314
-5245
-4210
-3192
-2382
-2534
-1752
-424
636
1332
1743
2147
2511
4811
6204
5528
4048
5614
7451
7536
6609
6618
6402
6090
6724
6243
5321
4081
4130
3188
3219
2430
966
-1015
-1171
-1023
-2079
-3485
-4699
-5315
-5493
-4664
-5727
-7042
-7399
-6217
-6103
-5836
-5811
-5892
-5684
-4564
-3339
-3075
-2649
-2194
-1285
-519
735
1301
1406
1589
2555
4650
5795
4765
3295
4860
7190
7357
5592
5257
5712
6022
6139
5972
5119
3568
3426
3338
3212
1868
546
-1048
-1422
-1424
-2149
-3975
-5476
-5749
-5511
-5407
-6188
-6971
-7301
-6459
-5864
-5736
-6015
-5445
-4586
-3855
-3249
-2636
-2035
-1821
-970
216
1192
1723
2203
2505
3175
5157
6025
4606
3418
5434
7308
6943
5474
5325
5379
5613
5885
5059
4261
3673
3415
2128
2505
2175
527
-1889
-1780
-1434
-2076
-3866
-5528
-6089
-5550
-4973
-6328
-7155
-7104
-6484
-6823
-6034
-5654
-5705
-5817
-4719
-3807
-3025
-2344
-1984
-1703
-481
1033
1547
1649
2264
3155
4350
5883
5337
3993
4403
6943
7359
5775
4845
5799
5808
5455
4999
4747
3539
2876
2527
2499
2160
534
-1298
-2058
-1195
-1474
-2829
-4918
-5400
-5075
-4378
-5290
-6186
-6272
-5730
-5512
-5216
-4801
-4738
-4562
-4041
-3024
-2253
-1769
-1676
-1130
272
1816
2061
2112
2489
3296
3968
5895
6389
4952
3824
5719
7442
6746
5143
4934
5411
5394
5348
4451
3534
2509
2473
1830
1702
524
-895
-2365
-2084
-1762
-2821
-4793
-6115
-5595
-5093
-5376
-6695
-6971
-6687
-5832
-5770
-5656
-5441
-4691
-4296
-3936
-3055
-1979
-1399
-1433
-587
867
1936
1964
2070
2797
4081
4793
5670
5672
4958
4190
5377
6671
6194
4731
4503
4504
4040
4105
4104
3054
1450
1381
1292
1060
38
-962
-2415
-2326
-2025
-2848
-4691
-5219
-4768
-4763
-5258
-5704
-5838
-5862
-5393
-5344
-5104
-4670
-4136
-4256
-3394
-2146
-1365
-1724
-1083
326
1577
1937
2372
2889
3475
4269
4628
5692
5839
4984
3610
4855
6254
5758
3632
3302
3709
3599
3227
2644
1734
712
978
595
342
-539
-1122
-2297
-2024
-1869
-2286
-3622
-4259
-4141
-3907
-4000
-4777
-5147
-4948
-4067
-4292
-4387
-4012
-3212
-3401
-2980
-1945
-1333
-1487
-1078
374
1284
1798
2029
2654
2756
3428
3834
4794
5621
5465
3786
3405
5203
5884
4323
2637
3160
3082
3114
2449
2098
576
618
673
770
737
40
-1529
-2524
-1176
-862
-2022
-3674
-3461
-3577
-3162
-3135
-3358
-4411
-4161
-3420
-3214
-3176
-3033
-3078
-3335
-2347
-1533
-1123
-1533
-879
-214
765
1456
1462
1238
1600
2692
2802
3787
4314
3171
1187
2887
5317
4543
1957
1687
2421
2290
2987
2389
950
-137
1322
1048
624
13
-614
-2210
-1759
-479
-1143
-2863
-3605
-2842
-2493
-2041
-3081
-3994
-4097
-2636
-2388
-2652
-3033
-2779
-2512
-1614
-443
-354
-959
-955
271
1104
1499
1096
650
759
1846
2163
1389
1913
3118
2333
488
1729
3753
3168
1195
1216
2153
2387
2536
1756
1266
1432
2282
1324
955
952
472
-986
-660
21
-692
-1761
-2546
-2589
-2359
-1373
-2409
-3314
-3114
-2106
-2701
-3116
-2857
-2393
-2183
-1858
-1444
-1340
-851
-584
-430
-140
730
846
159
227
1234
1513
530
596
2228
2156
377
302
2631
3320
2193
1120
1531
1994
2931
2761
1988
1562
2241
2437
2190
2054
1313
714
503
1094
573
-328
-1852
-2235
-1653
-902
-2078
-3381
-3489
-2739
-2670
-2813
-2918
-3193
-3060
-2729
-2160
-1754
-1510
-1962
-1547
-209
675
62
7
486
1381
1572
1609
903
1505
3195
3086
1287
1274
3650
3667
2117
1522
3016
3032
3024
2421
2412
2013
2580
2413
1884
1567
1312
600
-327
121
-394
-1235
-2695
-2563
-2809
-2747
-3560
-3960
-4148
-3701
-3878
-4371
-4375
-3849
-3366
-3722
-3366
-2921
-2273
-2558
-2162
-1843
-921
-490
148
-25
362
721
1046
834
1711
3452
2960
1423
1549
4159
4546
3498
2457
3384
3871
4732
4077
3192
2550
3244
3644
3036
2318
1143
867
729
954
-414
-1132
-1946
-2329
-3066
-2788
-3133
-3911
-4420
-4104
-3777
-3982
-3937
-4034
-3557
-3293
-2589
-2555
-2096
-1837
-1135
-855
-393
-131
480
765
812
1426
1842
1853
1198
2902
3921
2991
1148
2535
4419
4441
2963
2607
3260
3643
4177
3296
2794
2232
3228
2547
2152
1161
916
107
-150
-733
-1542
-1886
-2902
-3394
-3734
-2884
-4152
-5239
-5394
-3922
-3903
-4300
-4509
-3903
-3412
-3023
-2467
-2221
-1519
-1445
-910
-433
621
461
405
638
1769
2071
1769
1528
1898
3648
4097
2627
926
2911
4760
4220
2302
2822
3676
3817
3698
3268
2823
2276
2720
2186
2275
1757
896
-977
-813
-62
-555
-2533
-3672
-3184
-2920
-3428
-4753
-4963
-4673
-3965
-4218
-4269
-3945
-3469
-3549
-3129
-2010
-1565
-1629
-1559
-727
-7
648
497
342
924
1811
1983
1504
1690
1703
2130
3084
3035
1294
976
3097
3899
2379
1194
2140
2413
2685
2482
2243
1196
1533
1974
1714
1205
1006
448
-678
-376
-446
-1023
-2132
-1959
-2319
-2504
-2671
-2662
-3494
-3488
-2781
-2730
-3136
-2902
-2116
-2253
-2126
-1777
-1127
-964
-571
-467
-225
302
808
717
687
981
1497
1607
1520
1265
2224
3306
2338
569
1580
3826
3473
1563
1385
2468
2586
2552
2115
1591
1085
1780
1411
1037
741
349
-843
-884
-226
-648
-1883
-2751
-2859
-2517
-1816
-2420
-3608
-3669
-2440
-2291
-2804
-2720
-2131
-2244
-1990
-1140
-798
-1110
-1130
-740
-165
537
950
335
-109
782
1910
1779
811
835
1017
2513
3361
2189
-17
1446
3830
3154
1185
1712
2829
2427
2695
2824
2410
1641
2509
1980
1664
1502
1241
-530
-343
623
-219
-1912
-2335
-1871
-2320
-2148
-2873
-3760
-3883
-2432
-3182
-4218
-3646
-2166
-2682
-3120
-2241
-1955
-2206
-1943
-1143
-1269
-682
-364
-743
-1078
468
979
505
217
789
728
1524
3080
2128
308
1209
4017
3440
1965
1803
2729
2438
3254
3354
2289
1507
2296
2420
1786
2054
1352
107
-156
1239
288
-1148
-1894
-1449
-1414
-1278
-2191
-3354
-3050
-2136
-2427
-3064
-2507
-2432
-2669
-2764
-1768
-1690
-1687
-1942
-1750
-1529
-725
-481
-1136
-1193
-325
546
-13
199
489
839
412
1508
2643
2169
817
1448
3365
3740
2995
1882
2487
3207
4097
3115
2576
2028
2461
2716
2954
2051
810
623
989
1062
-113
-699
-1643
-1642
-1704
-1664
-2795
-3296
-3381
-3082
-2915
-2837
-3255
-3602
-3072
-2561
-2366
-2594
-2528
-2361
-1628
-1045
-1210
-1616
-1133
-381
-42
193
324
403
768
1358
1363
1401
2675
2982
1604
1143
3381
4706
3716
2195
2538
3380
3910
3750
3021
2732
2802
3067
2407
2479
1772
845
61
829
501
-672
-1708
-2043
-2233
-2473
-2625
-3723
-4345
-4176
-3511
-4345
-4722
-4552
-4038
-4310
-3982
-3608
-3520
-3485
-3055
-2318
-1826
-1532
-1673
-1328
-608
284
362
600
998
1674
1836
2014
2350
3554
4172
3138
2290
3693
5406
4633
3214
3369
4233
4496
4409
3840
3244
3173
3365
2839
2453
2187
1297
52
151
381
-406
-2099
-3025
-3127
-2869
-3260
-4315
-5122
-5002
-4660
-4994
-5303
-5265
-4833
-4594
-4177
-3997
-3665
-3359
-2729
-2146
-1602
-1208
-776
-277
237
1049
1549
1777
1972
2862
3287
3047
2802
3661
4826
4604
3372
2994
4359
5124
4391
3105
3388
3779
3818
3459
3071
2203
1725
2041
1924
1193
17
-571
-1185
-947
-1282
-2174
-3602
-3678
-3188
-3237
-4050
-4673
-4692
-4577
-3929
-3730
-3784
-4250
-3780
-3105
-2183
-1701
-1298
-1382
-957
62
943
1208
1004
1375
1928
2698
2633
2614
2495
3034
3109
3004
2727
2896
3461
3102
2029
1610
3108
3449
2071
662
1578
2197
1880
976
479
-115
-121
338
-331
-1328
-2065
-2050
-2646
-2455
-2555
-3251
-4369
-4183
-3626
-3664
-4217
-4553
-4194
-3467
-2874
-3186
-3240
-2634
-1602
-1421
-1315
-867
-47
208
313
794
1456
1705
1697
1982
2325
3038
3138
2782
2432
3140
3771
3206
2331
2386
3380
3677
2666
1355
1879
3240
2976
1199
699
1501
1411
713
556
647
-35
-483
-700
-703
-1027
-1510
-2259
-2394
-1796
-1807
-2626
-3221
-3053
-2695
-2525
-2710
-3088
-3056
-2327
-1985
-2083
-1928
-1448
-1503
-1337
-438
180
-253
-391
319
895
1012
1195
1236
1221
1654
2102
2009
1743
1903
1927
2009
2268
2170
1476
1939
2904
2377
891
1125
2306
2162
1291
845
822
767
1229
870
101
-110
254
-212
-594
-373
-561
-1438
-1655
-1205
-1276
-1575
-2072
-2575
-2447
-1527
-1474
-2401
-2801
-1930
-1388
-1631
-1769
-1448
-1175
-855
-623
-698
-554
-70
42
-96
387
886
578
174
583
1060
1029
936
903
855
1233
1659
1124
334
744
1855
1723
625
247
1022
1521
1114
239
64
651
975
343
-198
8
319
71
-263
-261
-452
-744
-1031
-972
-889
-986
-1826
-2352
-1672
-728
-1302
-2303
-2157
-1255
-840
-938
-1172
-1156
-593
153
187
-31
393
805
723
870
1669
1669
1115
969
1475
1809
1741
1274
804
1087
1581
1257
597
532
391
211
884
1136
-200
-1148
263
1176
66
-908
-150
193
-71
-16
150
-277
-412
157
138
45
-214
-336
-708
-59
246
-344
-1323
-1174
-562
-394
-882
-1455
-1510
-1075
-563
-785
-991
-879
-441
-522
-250
73
167
-261
-55
431
628
461
243
228
427
936
803
229
-86
569
831
475
-38
-248
-318
1
661
512
-538
-1121
-60
884
735
-111
-81
545
1193
1445
1291
991
773
1127
1591
1874
1177
545
342
850
995
584
-251
-663
-394
-131
-424
-1093
-1480
-1533
-1207
-1106
-1243
-1731
-1797
-1616
-1398
-1328
-1371
-1743
-1943
-1274
-716
-991
-1563
-1335
-846
-469
-446
-733
-866
-339
365
195
-70
151
542
436
930
1772
1549
698
1008
2401
2800
2236
1626
2008
2696
3191
2576
1961
1783
2128
2164
2012
1601
828
399
468
690
185
-471
-1472
-1740
-1488
-1073
-1786
-2929
-3458
-2930
-2379
-2683
-3326
-3621
-3245
-2941
-2524
-2356
-2545
-2785
-2152
-1240
-947
-1077
-970
-563
55
827
1003
818
994
1746
2144
2040
1967
2148
2349
2504
3049
3251
2773
2087
2532
3440
3540
2538
1973
2246
2521
2538
2012
1489
942
1039
849
570
-126
-695
-1359
-1653
-1631
-1964
-2627
-3458
-3609
-3437
-3066
-3367
-3765
-3687
-2978
-2705
-2783
-2628
-2191
-1650
-1101
-561
-343
-203
311
1138
1654
1775
1737
1772
2060
2602
2762
2356
1891
2034
2424
2616
2247
1741
1401
1433
1626
1897
1720
813
-94
415
1502
1144
-229
-680
3
238
7
-481
-952
-1387
-1231
-1231
-1498
-1961
-2450
-2868
-2628
-2126
-2355
-3156
-3570
-3186
-2542
-2221
-2646
-2939
-2415
-1540
-1257
-1167
-888
-506
-11
717
1216
1418
1589
1981
2242
2672
3102
2966
2630
2726
3208
3175
2867
2436
2118
1963
2074
1715
957
428
204
-31
59
244
-623
-1778
-1580
-289
-349
-1487
-2029
-1326
-856
-769
-985
-1224
-1285
-945
-588
-601
-700
-996
-1140
-912
-326
-447
-1027
-1273
-839
-361
-176
-512
-917
-800
-45
380
182
26
219
546
868
1192
1263
1114
1050
1399
1809
1933
1523
1021
839
1321
1585
1079
322
240
493
559
343
-31
-403
-513
-454
-486
-238
-382
-1189
-1678
-607
220
-363
-1160
-780
-257
61
467
311
-320
-82
941
1050
756
671
695
487
1010
1379
776
37
328
812
668
337
-34
-422
-459
130
36
-620
-963
-590
-439
-361
-297
-593
-1141
-1042
-420
-360
-734
-1099
-1206
-1032
-543
-556
-1044
-1392
-1128
-1046
-1002
-1040
-1333
-1660
-1469
-1021
-994
-988
-1108
-1439
-1375
-173
321
-319
-781
98
904
1227
1279
1174
1103
1551
2293
2228
1953
1713
1750
1688
1971
1797
1191
692
756
736
517
228
-322
-854
-706
-202
-613
-1269
-1317
-857
-863
-815
-761
-815
-939
-567
-160
-185
-333
-396
-341
-221
187
148
-215
-424
-106
156
257
68
-249
-169
432
618
213
371
789
525
159
936
1599
1206
686
1080
1550
1712
1666
1373
1042
1273
1636
1402
1016
826
715
614
708
391
-77
-308
-296
-427
-392
-439
-914
-1343
-984
-436
-756
-1382
-1437
-952
-820
-1004
-1263
-1209
-1055
-888
-891
-1054
-1073
-998
-882
-771
-618
-749
-1017
-972
-588
-451
-597
-711
-605
-278
-21
-96
-411
-183
674
955
354
29
747
1366
1260
933
1072
1335
1427
1390
1381
1299
1111
1097
1154
1189
837
486
234
341
304
184
-285
-840
-1069
-851
-730
-1162
-1617
-1761
-1557
-1510
-1440
-1592
-1740
-1954
-1758
-1394
-1156
-1377
-1697
-1474
-926
-582
-729
-828
-763
-435
24
449
350
102
243
803
1153
1155
1047
1022
1193
1428
1675
1936
1831
1340
1184
1962
2723
2310
1320
1274
2163
2675
2377
1726
1434
1649
2232
2236
1633
935
758
798
845
575
-100
-827
-1078
-923
-1008
-1437
-2117
-2592
-2710
-2422
-2433
-2887
-3359
-3206
-2741
-2514
-2657
-2572
-2175
-1848
-1721
-1472
-1086
-832
-605
-415
-117
110
380
473
488
559
766
853
833
833
936
1168
1156
907
888
1504
1824
1353
787
1350
2235
2359
1744
1539
2044
2535
2551
2195
2050
2091
2138
1925
1756
1440
1074
636
414
205
-26
-621
-1281
-1621
-1635
-1659
-2071
-2548
-2773
-2555
-2457
-2596
-2872
-2757
-2509
-2325
-2257
-1968
-1584
-1365
-1224
-900
-447
-214
-173
-128
225
512
566
376
270
348
566
659
492
206
82
304
358
140
-139
122
482
339
-42
162
795
893
531
486
1081
1330
1156
989
1188
1245
1236
1155
1018
843
724
551
179
-85
-200
-298
-734
-1062
-1130
-1115
-1303
-1463
-1461
-1295
-1299
-1427
-1391
-1086
-887
-826
-716
-489
-221
-38
177
305
481
675
938
928
901
1075
1207
1016
806
856
975
899
695
610
613
635
531
457
287
256
396
803
758
232
-134
478
1136
953
486
487
829
979
1076
925
681
565
872
994
864
490
230
-78
-128
-141
-391
-882
-1100
-1055
-1200
-1432
-1554
-1550
-1695
-1614
-1517
-1516
-1641
-1548
-1351
-1173
-1085
-1115
-1164
-1099
-865
-810
-926
-998
-840
-657
-437
-277
-275
-319
-131
227
460
491
330
306
725
1098
1126
929
990
1073
1360
1835
1848
1152
975
1808
2240
1769
1190
1379
1605
1774
1675
1559
1221
1208
1177
1039
780
458
-24
-429
-422
-641
-1119
-1664
-1879
-2130
-2180
-2369
-2739
-3118
-2934
-2753
-2896
-2998
-2828
-2647
-2543
-2258
-2047
-1819
-1617
-1267
-1057
-693
-340
-55
148
523
979
1193
1285
1248
1369
1568
1866
1821
1637
1638
2011
2266
2104
1972
2041
2049
1991
2272
2427
1980
1365
1581
2099
2061
1396
1032
1192
1478
1457
1070
718
471
473
297
177
-173
-590
-1004
-1152
-1274
-1583
-1961
-2370
-2422
-2308
-2286
-2680
-2895
-2844
-2671
-2528
-2271
-2120
-1996
-1665
-1346
-1197
-901
-335
-94
16
299
752
917
1038
1172
1323
1407
1616
1650
1361
1339
1565
1547
1095
1010
1110
1163
1008
834
668
687
799
699
801
893
690
161
484
1008
904
114
64
408
483
411
229
-70
-453
-90
-22
-193
-605
-626
-919
-928
-796
-936
-1403
-1591
-1420
-1457
-1463
-1570
-1603
-1620
-1236
-1151
-1242
-1256
-966
-821
-732
-433
-263
-284
-336
-53
161
273
233
197
279
622
800
555
303
424
738
818
655
381
333
395
555
579
442
210
170
271
349
531
548
316
37
331
797
809
432
274
507
766
893
728
562
521
667
707
674
484
238
-44
3
31
-202
-550
-730
-780
-822
-783
-957
-1141
-1161
-935
-946
-993
-940
-839
-699
-478
-349
-285
-274
-168
71
315
402
279
262
444
711
742
574
404
426
633
752
583
249
77
55
154
196
22
-187
-207
-3
23
-23
1
91
-23
-36
319
650
609
334
450
642
912
883
731
450
541
760
654
391
160
61
-106
20
-88
-367
-647
-582
-601
-763
-907
-1032
-1215
-1223
-1036
-981
-1016
-962
-778
-556
-364
-325
-366
-319
-110
15
54
56
130
125
219
379
434
319
327
375
374
368
297
215
127
196
171
144
60
63
73
127
35
-37
200
368
174
-146
98
435
418
117
165
312
441
445
401
294
268
304
225
245
269
261
-4
-100
-166
-131
-280
-488
-745
-752
-665
-700
-891
-1096
-1126
-1170
-1112
-1239
-1210
-1185
-1042
-1028
-931
-820
-752
-614
-456
-256
-153
39
84
187
326
515
584
665
742
847
984
1003
950
848
888
938
950
889
836
741
776
928
1060
1108
1000
808
845
1244
1459
1234
983
1105
1306
1338
1205
932
662
646
760
606
205
-33
-121
-338
-524
-762
-1104
-1485
-1643
-1725
-1849
-2017
-2181
-2348
-2411
-2223
-2131
-2150
-2239
-2111
-1853
-1607
-1483
-1378
-1195
-910
-523
-249
-34
149
388
708
1051
1343
1557
1699
1820
2019
2166
2193
2127
2080
2103
2104
2035
1879
1673
1509
1365
1319
1199
1055
903
684
426
343
345
194
-117
-339
-279
-294
-421
-659
-833
-962
-892
-929
-1121
-1315
-1368
-1438
-1553
-1582
-1651
-1850
-2000
-1863
-1795
-1764
-1737
-1652
-1640
-1509
-1328
-1237
-1180
-1017
-797
-632
-405
-258
-147
7
336
521
575
725
926
996
1001
1070
1078
1079
1093
1104
1066
1020
945
912
889
811
721
593
505
433
358
308
300
272
244
231
219
212
197
265
356
405
417
473
546
625
696
703
691
752
840
826
781
671
476
355
357
315
96
-120
-178
-155
-228
-345
-480
-622
-626
-609
-679
-857
-961
-980
-945
-908
-895
-935
-1018
-968
-822
-678
-641
-577
-512
-433
-303
-177
-108
-120
-65
-5
71
117
177
168
183
322
407
424
353
339
333
398
420
407
422
516
567
499
514
607
644
525
474
514
552
528
432
292
177
168
102
-47
-185
-311
-408
-487
-577
-792
-965
-1069
-1080
-1108
-1131
-1100
-1127
-1162
-1087
-968
-893
-761
-709
-634
-489
-255
-111
-52
87
283
451
622
747
788
875
1040
1112
1116
1183
1255
1289
1263
1293
1275
1213
1118
1086
1013
885
746
589
453
284
131
7
-75
-187
-307
-421
-510
-554
-572
-568
-592
-660
-684
-686
-700
-747
-780
-748
-751
-818
-880
-870
-865
-913
-941
-944
-984
-966
-912
-900
-899
-865
-786
-704
-563
-425
-340
-280
-119
69
188
237
311
457
602
692
770
880
970
1018
1061
1113
1073
990
950
947
906
866
838
782
680
640
663
568
446
340
234
123
72
11
-102
-195
-174
-156
-243
-268
-257
-295
-365
-296
-263
-327
-407
-331
-274
-243
-221
-239
-245
-168
-87
-158
-205
-200
-143
-142
-56
-52
-80
-107
-31
-9
51
75
52
78
153
234
200
210
177
191
252
384
386
403
470
523
462
446
454
460
458
414
373
363
397
325
242
189
164
99
85
83
39
-59
-154
-268
-391
-458
-529
-618
-717
-786
-824
-833
-867
-971
-1044
-1067
-998
-938
-918
-999
-1046
-1017
-936
-912
-907
-867
-830
-741
-618
-503
-518
-498
-424
-316
-271
-206
-172
-89
50
188
243
281
358
431
531
628
730
766
811
873
995
1112
1155
1095
1058
1116
1197
1246
1191
1109
1074
1095
1092
987
841
753
717
669
596
476
282
125
65
8
-104
-270
-392
-466
-482
-486
-545
-687
-765
-765
-735
-770
-813
-863
-899
-798
-667
-615
-649
-660
-605
-483
-409
-370
-379
-294
-183
-23
68
120
148
220
332
404
462
501
553
600
723
795
796
737
791
871
898
870
808
731
687
682
646
526
412
326
271
260
182
36
-98
-153
-213
-290
-402
-496
-611
-674
-696
-750
-841
-927
-947
-959
-953
-949
-986
-1043
-1039
-982
-993
-1001
-975
-907
-831
-731
-629
-580
-530
-444
-302
-178
-77
-18
88
226
377
476
519
575
666
746
806
850
880
917
972
996
997
969
922
873
845
833
782
710
632
604
557
530
453
346
234
144
48
-73
-203
-304
-401
-504
-562
-627
-700
-759
-775
-814
-845
-879
-892
-930
-936
-916
-908
-923
-922
-892
-873
-839
-794
-745
-707
-638
-574
-487
-399
-302
-240
-155
-41
102
222
330
440
530
650
771
852
914
980
1088
1186
1214
1244
1285
1320
1329
1356
1344
1343
1307
1268
1187
1109
1030
941
844
759
679
581
495
370
233
81
-70
-218
-370
-540
-695
-816
-889
-962
-1062
-1164
-1222
-1258
-1277
-1315
-1349
-1338
-1273
-1195
-1145
-1081
-1005
-927
-861
-780
-703
-600
-497
-356
-213
-78
66
193
289
391
492
577
646
688
740
789
867
930
980
996
1049
1065
1076
1063
1022
987
973
997
974
913
806
723
615
495
350
221
72
-58
-158
-270
-375
-487
-619
-775
-939
-1064
-1180
-1308
-1430
-1509
-1576
-1613
-1642
-1683
-1705
-1677
-1612
-1595
-1551
-1445
-1312
-1208
-1066
-939
-813
-660
-507
-369
-249
-86
67
232
373
526
667
788
884
977
1069
1143
1202
1228
1270
1301
1327
1323
1330
1352
1402
1416
1393
1319
1238
1168
1119
1068
990
926
822
731
643
569
471
349
227
146
88
13
-91
-198
-260
-304
-379
-477
-585
-684
-744
-761
-776
-794
-834
-867
-888
-893
-891
-930
-951
-941
-897
-865
-809
-773
-724
-638
-525
-416
-350
-274
-192
-99
-10
83
165
249
332
405
478
542
587
613
635
664
662
647
650
666
648
646
637
605
546
492
461
413
362
297
243
200
183
144
121
82
89
71
31
-23
-69
-109
-169
-199
-216
-200
-215
-208
-250
-265
-299
-312
-364
-401
-421
-449
-489
-546
-565
-594
-575
-563
-540
-546
-503
-471
-447
-430
-395
-349
-310
-272
-229
-164
-108
-45
-13
26
73
156
198
194
189
182
172
179
200
182
170
182
205
226
220
178
115
80
66
58
38
10
5
13
38
38
39
23
25
31
46
31
10
-1
9
32
36
87
99
125
133
174
174
177
207
235
259
262
286
285
306
339
376
366
353
327
295
249
222
202
172
140
96
66
19
-3
-56
-95
-131
-139
-159
-206
-246
-270
-269
-306
-317
-337
-351
-352
-337
-320
-305
-263
-232
-208
-181
-156
-168
-175
-147
-115
-102
-71
-28
12
66
120
177
179
193
216
229
253
289
309
301
332
347
355
348
343
352
356
356
337
310
283
286
280
286
272
249
221
202
169
126
90
59
40
4
-21
-62
-96
-116
-150
-208
-256
-294
-332
-371
-428
-467
-512
-544
-542
-550
-581
-600
-600
-602
-591
-580
-550
-509
-461
-407
-372
-320
-273
-246
-216
-165
-120
-75
-48
-11
7
19
48
69
82
94
126
146
190
228
242
247
273
298
316
314
340
344
343
350
358
368
371
370
373
394
393
401
385
376
349
323
292
266
241
227
216
164
105
26
-26
-67
-109
-151
-189
-217
-243
-279
-322
-359
-389
-417
-437
-432
-422
-423
-412
-408
-407
-383
-352
-318
-287
-254
-213
-175
-151
-102
-68
-42
-18
33
86
137
176
180
185
194
211
223
236
242
272
300
306
300
293
297
317
339
360
363
350
355
359
356
347
349
348
366
385
382
346
321
287
246
209
165
128
85
40
-6
-39
-84
-118
-159
-220
-274
-325
-374
-432
-469
-499
-520
-542
-575
-586
-581
-569
-564
-560
-558
-543
-514
-491
-474
-451
-410
-353
-307
-280
-239
-208
-167
-130
-92
-44
17
78
129
180
225
252
290
335
376
415
456
503
528
547
555
546
525
517
505
500
500
511
518
517
490
458
432
389
341
283
234
181
136
86
44
0
-21
-45
-79
-121
-191
-254
-315
-377
-447
-500
-542
-552
-560
-553
-553
-589
-624
-663
-675
-676
-656
-608
-548
-498
-465
-442
-411
-383
-351
-310
-255
-175
-97
-21
31
60
89
126
167
211
258
293
315
340
369
392
425
461
485
520
561
592
599
601
599
612
639
644
643
628
606
596
576
531
477
421
392
376
349
351
331
273
200
140
79
0
-64
-110
-154
-208
-256
-309
-350
-389
-434
-484
-526
-562
-598
-629
-639
-634
-636
-638
-625
-620
-619
-600
-575
-551
-529
-480
-450
-411
-370
-331
-273
-233
-200
-165
-133
-95
-71
-57
-34
15
80
124
166
190
213
252
282
306
314
332
365
384
399
404
393
393
396
402
402
403
390
371
364
351
327
312
291
261
229
212
201
171
151
126
104
60
7
-37
-80
-103
-142
-160
-174
-200
-224
-234
-235
-265
-299
-322
-315
-297
-293
-303
-320
-348
-352
-323
-289
-271
-253
-227
-200
-194
-199
-195
-185
-160
-122
-90
-69
-45
-9
34
70
98
105
107
138
177
194
222
258
281
307
329
351
345
334
300
266
256
233
217
217
235
256
259
261
254
222
192
175
146
89
55
34
29
28
16
15
12
-16
-51
-66
-82
-119
-165
-205
-222
-249
-262
-258
-270
-276
-267
-242
-224
-225
-228
-220
-210
-207
-196
-195
-186
-156
-121
-94
-78
-60
-29
-3
9
34
68
81
96
110
108
106
107
123
129
145
152
145
147
145
138
137
147
147
131
122
109
88
65
59
52
39
31
18
0
-29
-43
-72
-100
-118
-126
-116
-112
-120
-133
-143
-166
-190
-203
-200
-200
-195
-194
-193
-168
-137
-121
-114
-116
-130
-130
-121
-94
-66
-44
-4
34
52
56
53
51
51
54
67
97
132
151
190
238
265
277
278
283
292
290
289
291
293
297
290
293
295
282
250
204
148
95
57
6
-30
-46
-62
-95
-120
-140
-158
-186
-204
-197
-200
-201
-198
-202
-202
-183
-172
-167
-174
-181
-185
-185
-193
-200
-187
-172
-161
-148
-131
-126
-117
-108
-104
-107
-105
-91
-68
-45
-27
-19
3
33
41
58
74
89
96
96
107
138
149
147
142
121
102
89
88
101
128
155
182
200
209
201
191
175
161
161
157
154
159
156
146
132
118
122
120
101
76
62
63
61
31
11
6
19
32
11
-11
-36
-50
-80
-96
-103
-116
-138
-170
-197
-230
-246
-254
-267
-297
-306
-305
-297
-272
-256
-246
-251
-255
-260
-255
-237
-212
-193
-169
-146
-133
-109
-102
-102
-85
-56
-33
-1
30
42
42
30
25
42
66
81
113
154
194
226
251
259
279
309
318
339
354
350
352
350
338
327
319
315
309
287
256
227
179
150
141
113
80
54
41
33
15
-33
-66
-88
-98
-109
-125
-123
-121
-141
-161
-169
-183
-191
-199
-208
-226
-231
-236
-236
-236
-262
-273
-268
-250
-237
-206
-178
-161
-136
-126
-120
-111
-81
-55
-34
-10
13
30
38
53
66
85
100
125
151
172
183
191
193
190
188
196
218
234
258
281
290
286
264
232
208
184
161
148
135
96
50
19
-6
-26
-45
-69
-91
-124
-151
-164
-182
-198
-211
-218
-224
-234
-258
-272
-269
-264
-277
-290
-290
-279
-266
-250
-218
-197
-173
-147
-117
-94
-84
-69
-54
-37
-1
34
61
81
105
126
148
168
177
199
214
227
240
243
234
228
221
225
226
222
215
207
214
209
202
176
149
130
93
50
17
2
-10
-21
-26
-25
-27
-39
-66
-94
-119
-151
-172
-183
-179
-173
-169
-146
-145
-156
-159
-181
-213
-248
-252
-230
-209
-181
-152
-117
-78
-61
-62
-69
-75
-66
-37
7
62
109
140
167
182
186
189
199
198
202
214
218
225
237
248
250
237
225
222
212
190
181
167
152
145
137
126
112
93
58
21
-11
-45
-61
-72
-90
-106
-112
-112
-116
-121
-136
-147
-175
-204
-219
-220
-213
-220
-220
-217
-216
-222
-234
-241
-241
-233
-214
-193
-177
-162
-148
-136
-125
-108
-95
-99
-96
-79
-66
-57
-41
-19
11
42
51
52
54
67
92
117
151
169
187
226
250
257
257
258
262
261
252
244
244
232
212
195
180
158
140
133
105
80
73
71
74
62
50
40
12
-30
-76
-107
-123
-112
-101
-85
-60
-63
-60
-73
-86
-92
-117
-137
-141
-141
-131
-107
-87
-71
-57
-54
-62
-81
-104
-124
-134
-130
-122
-115
-111
-94
-87
-80
-80
-91
-101
-97
-82
-56
-17
11
36
68
91
102
108
105
98
88
78
79
86
93
91
94
104
108
97
76
66
47
26
20
23
36
34
26
16
2
-16
-18
-29
-25
-21
-21
-8
3
7
3
4
4
15
13
0
-11
-19
-26
-18
-10
-6
1
-5
-11
-15
-17
-20
-14
0
-2
-7
-10
-16
-17
-16
-3
11
13
18
22
28
33
34
45
54
52
46
34
19
9
5
8
-5
-4
1
-11
-28
-35
-44
-42
-19
-2
17
27
26
25
15
-8
-15
-14
-25
-29
-31
-30
-34
-45
-45
-42
-57
-67
-66
-52
-42
-29
-23
-17
-7
-7
-9
-15
-17
2
15
25
47
69
87
81
65
44
26
1
-20
-28
-42
-50
-51
-42
-40
-40
-53
-52
-46
-55
-69
-87
-104
-111
-88
-56
-30
0
25
45
59
51
42
30
27
31
51
68
94
117
115
115
97
77
62
38
19
20
26
40
50
48
54
62
66
64
52
36
32
21
12
18
20
27
40
47
44
37
31
36
37
25
4
-18
-26
-26
-30
-35
-39
-41
-46
-50
-52
-42
-23
-14
-7
-4
-19
-37
-57
-72
-84
-98
-103
-108
-121
-121
-111
-95
-74
-57
-54
-48
-42
-49
-62
-72
-68
-54
-34
-14
5
26
44
48
49
48
45
51
63
77
83
83
76
68
66
62
66
71
63
50
33
22
24
32
42
57
63
57
48
46
26
6
0
9
28
32
21
-4
-25
-36
-35
-38
-47
-46
-39
-41
-42
-50
-66
-82
-87
-80
-71
-54
-38
-25
-9
17
40
46
50
52
50
38
20
6
-13
-25
-15
-7
0
-1
6
25
26
17
8
-5
-18
-37
-54
-52
-44
-34
-17
2
16
14
7
-2
-7
-20
-34
-22
1
11
5
-11
-27
-42
-43
-34
-14
9
21
29
26
27
21
14
12
6
-2
-10
-13
-9
-6
2
25
59
81
82
68
47
38
27
27
29
26
32
33
32
18
9
20
21
25
14
-7
-12
-10
-2
11
28
32
32
38
30
12
2
-14
-18
-22
-16
1
15
22
15
11
10
6
-9
-19
-29
-46
-56
-63
-62
-44
-29
-33
-50
-65
-72
-72
-77
-71
-67
-71
-62
-53
-45
-39
-26
-14
-13
-14
-6
2
5
7
10
14
9
7
0
-5
-7
0
15
26
27
18
24
38
45
41
27
20
20
20
18
19
26
26
22
16
18
18
11
5
3
12
22
27
42
48
37
21
12
5
-7
-8
-9
-2
10
20
16
6
-8
-18
-16
-24
-14
-6
0
10
3
1
0
0
-4
-16
-22
-26
-26
-11
22
40
54
69
62
58
40
9
-20
-34
-33
-14
4
15
31
29
16
12
6
-6
-10
-21
-30
-43
-58
-51
-49
-36
-31
-24
-12
-7
-4
-16
-34
-50
-56
-61
-64
-52
-54
-56
-43
-23
5
25
28
25
22
25
38
46
39
23
20
29
54
64
71
73
69
76
69
56
40
19
3
-9
-14
-14
-4
6
16
22
3
-16
-18
-11
-7
-9
-18
-32
-37
-38
-34
-17
-7
-8
-15
-19
-31
-53
-64
-61
-50
-41
-32
-34
-42
-60
-61
-56
-50
-41
-28
-10
-11
-2
7
18
21
10
-1
-4
-4
2
19
37
57
79
88
88
90
69
35
2
-21
-30
-44
-34
-4
33
59
70
77
74
52
28
23
14
1
-8
-13
-12
-11
-22
-26
-22
-13
0
9
19
3
-11
-23
-33
-35
-24
-12
-5
1
4
-2
-8
-13
-35
-41
-37
-31
-24
-16
-16
-8
-8
-21
-12
-1
2
-1
5
7
3
13
21
27
43
40
42
50
43
39
32
31
43
57
55
59
62
49
35
11
-16
-40
-47
-47
-27
-9
-1
15
26
17
0
-11
-35
-51
-58
-69
-64
-39
-18
1
16
23
32
25
3
-24
-51
-68
-59
-49
-40
-34
-23
-17
-11
-3
-6
-13
-20
-18
-19
-15
-6
7
19
23
22
7
-16
-28
-31
-33
-34
-32
-29
-33
-21
-8
9
15
2
-5
-8
-7
-15
-16
-25
-32
-18
-13
-21
-20
-17
-10
23
50
61
66
57
54
50
37
36
38
38
40
38
31
22
24
34
43
50
51
30
-1
-17
-34
-45
-40
-26
-9
2
8
7
5
20
22
23
20
20
31
43
