-25
-11
-2
-4
-6
-1
0
1
0
-2
-11
-17
-20
-15
-1
10
24
28
34
41
51
53
31
18
17
12
6
5
8
1
-7
-2
15
26
22
14
5
4
3
-16
-31
-26
-17
2
10
14
12
0
-6
-21
-22
-25
-25
-10
4
2
3
10
2
-1
8
3
8
7
3
-2
0
11
23
22
16
15
-4
-4
4
-9
-12
-6
13
27
34
27
20
19
26
38
42
43
36
33
43
48
45
41
37
15
1
1
-3
0
2
-7
-12
-10
-12
-6
-12
-14
-5
3
4
-5
-22
-38
-35
-39
-52
-53
-45
-35
-29
-32
-35
-38
-28
-15
-9
-13
-22
-27
-26
-23
-17
-4
7
16
17
19
7
-13
-26
-36
-38
-49
-48
-43
-43
-34
-26
-35
-49
-36
-18
-8
1
-1
-2
0
7
11
16
21
28
36
42
51
49
45
33
16
-2
-14
-17
-13
-6
-4
8
14
14
22
23
36
63
68
51
22
7
19
24
21
19
11
-1
-11
-14
-13
6
32
50
50
47
39
14
-9
-28
-47
-49
-37
-39
-30
-19
-12
-2
-3
1
6
2
-3
-17
-27
-31
-41
-41
-15
0
7
25
33
20
7
1
17
35
31
27
21
13
3
1
-3
-3
2
0
2
9
18
24
36
38
41
54
46
17
-10
-18
-19
-15
-12
-11
-9
-11
-19
-30
-20
-13
-8
-5
-10
-24
-40
-44
-38
-31
-22
-4
2
9
25
30
15
4
7
-4
-7
-1
-7
-19
-26
-27
-26
-10
-7
-5
15
9
-11
-22
-30
-24
-1
30
48
42
32
16
-2
-20
-35
-42
-41
-48
-61
-46
-20
5
17
8
3
-6
-19
-26
-34
-45
-44
-18
3
13
17
27
34
35
40
40
34
27
26
23
18
26
41
42
33
28
24
16
15
13
2
-2
0
-7
-6
-6
-15
-15
-8
-3
7
13
2
-3
-23
-42
-40
-27
-13
-8
-7
-15
-31
-39
-43
-42
-27
-10
5
12
2
2
-1
0
10
22
28
26
28
24
20
3
-9
-13
-33
-48
-56
-55
-53
-35
-9
19
46
69
87
94
97
92
92
94
86
66
52
53
49
35
13
-6
-10
-2
5
-2
-10
-28
-41
-40
-35
-31
-27
-22
-22
-14
-10
-3
-4
3
21
22
15
3
-7
-10
-7
-6
-6
-12
-22
-31
-40
-43
-35
-25
-21
-20
-11
-14
-23
-17
-23
-48
-70
-77
-89
-81
-53
-45
-24
-7
-14
-23
-31
-23
0
7
0
-7
-13
-16
-25
-34
-14
8
23
42
52
52
47
48
38
21
4
-9
-9
-14
5
40
49
49
50
33
12
10
17
24
22
26
24
18
13
13
14
7
10
8
0
0
-3
-2
-1
-3
-6
-8
-19
-22
-14
-13
0
21
21
18
24
19
2
-15
-19
-22
-35
-34
-12
-2
2
4
4
14
20
28
32
26
25
35
32
13
5
7
6
-2
-8
-12
-27
-26
-14
-14
-11
3
-1
-10
0
13
18
20
23
42
50
21
12
11
11
19
16
10
-3
-8
-2
9
-1
-10
0
-1
-3
-2
1
7
2
-2
0
8
21
44
43
18
28
47
59
62
51
46
31
24
3
-48
-85
-87
-75
-78
-79
-84
-81
-67
-53
-41
-61
-78
-86
-124
-186
-257
-300
-314
-316
-301
-288
-281
-255
-196
-158
-160
-138
-47
16
42
71
76
65
70
89
83
70
113
164
157
126
123
148
188
221
259
264
253
286
302
297
283
275
246
168
98
72
71
66
105
182
216
301
412
424
390
405
434
361
197
64
-58
-232
-410
-590
-827
-1038
-1089
-1059
-1054
-1046
-895
-658
-443
-183
125
409
678
988
1241
1306
1319
1348
1256
1058
853
637
365
135
-40
-269
-479
-561
-580
-629
-652
-568
-476
-522
-584
-550
-543
-579
-509
-440
-486
-486
-370
-238
-196
-135
26
213
355
487
611
617
592
610
525
271
3
-185
-408
-661
-795
-847
-902
-827
-535
-198
13
313
764
1144
1451
1725
1923
1930
1883
1804
1495
1054
653
280
-163
-669
-1066
-1361
-1660
-1845
-1924
-1973
-1913
-1693
-1451
-1305
-1102
-805
-518
-345
-239
-111
20
174
321
377
340
405
589
655
532
402
351
272
97
-158
-423
-660
-783
-828
-936
-1024
-928
-589
-224
35
428
934
1455
1947
2249
2442
2593
2699
2708
2454
2052
1684
1327
868
245
-370
-834
-1143
-1409
-1743
-1980
-1973
-1832
-1674
-1558
-1385
-1126
-862
-634
-545
-575
-637
-618
-617
-816
-1033
-1124
-1213
-1335
-1370
-1300
-1131
-760
-295
102
514
1087
1740
2187
2528
2973
3322
3442
3355
3191
2865
2426
2092
1610
953
416
43
-349
-897
-1383
-1693
-1891
-2000
-2141
-2330
-2416
-2263
-2049
-2054
-2060
-1858
-1592
-1488
-1464
-1396
-1349
-1253
-1121
-985
-908
-817
-608
-382
-176
62
430
821
1211
1647
2085
2479
2879
3324
3592
3651
3762
3838
3769
3477
3066
2671
2084
1463
896
314
-337
-994
-1474
-1898
-2275
-2540
-2632
-2610
-2567
-2431
-2239
-2049
-1957
-1999
-1939
-1814
-1846
-2062
-2162
-2044
-2033
-2132
-2099
-1842
-1624
-1349
-782
-190
402
1114
2075
2905
3368
4010
4638
4936
4985
4957
4837
4234
3587
3068
2158
1009
43
-553
-1317
-2304
-2816
-3007
-3228
-3422
-3371
-3141
-2930
-2611
-2223
-1931
-1800
-1623
-1416
-1427
-1605
-1858
-2012
-2100
-2335
-2583
-2669
-2429
-2123
-1878
-1226
-388
450
1231
2298
3587
4314
4950
5774
6276
6299
6032
5941
5400
4421
3661
2735
1497
196
-574
-1140
-2110
-2876
-3195
-3276
-3416
-3485
-3250
-2997
-2549
-2040
-1723
-1439
-1177
-951
-955
-1077
-1211
-1444
-1549
-1670
-1828
-1972
-2004
-1831
-1691
-1170
-437
151
851
1903
3141
3848
4457
5513
6232
6370
6220
6315
6070
5059
4230
3466
2272
735
-443
-1163
-2301
-3596
-4379
-4606
-4697
-4992
-5040
-4778
-4257
-3723
-3452
-3063
-2523
-2100
-1960
-1919
-1747
-1673
-1758
-1893
-1953
-1924
-1805
-1592
-1163
-396
263
828
1715
2968
4032
4535
5282
6339
6836
6659
6361
6375
5837
4804
3980
3022
1699
221
-820
-1645
-2830
-3815
-4324
-4487
-4580
-4770
-4671
-4291
-3735
-3368
-3247
-2901
-2411
-2168
-2311
-2384
-2227
-2191
-2372
-2487
-2370
-2195
-1951
-1615
-894
97
908
1754
2835
4232
5308
5840
6608
7471
7773
7459
7156
6940
6075
4862
3836
2747
1261
-320
-1429
-2474
-3731
-4738
-5187
-5346
-5611
-5704
-5394
-4902
-4463
-4240
-3942
-3395
-2819
-2541
-2566
-2377
-2050
-1933
-1970
-1887
-1631
-1434
-1117
-515
419
1142
1645
2574
3996
5188
5649
6164
7103
7710
7618
7315
7162
6477
5190
4049
2937
1502
-104
-1280
-2216
-3494
-4620
-5022
-5154
-5457
-5626
-5429
-4854
-4176
-3549
-3172
-2789
-2066
-1525
-1551
-1647
-1484
-1255
-1439
-1530
-1241
-1047
-1009
-792
136
1050
1478
2180
3618
5137
5704
5972
6948
7821
7765
7078
6780
6288
5123
3899
2720
1225
-661
-1904
-2744
-4089
-5390
-6045
-6163
-6337
-6536
-6427
-6114
-5567
-5080
-4786
-4568
-4050
-3305
-3129
-3206
-2978
-2497
-2210
-2228
-1890
-1358
-999
-463
697
1920
2516
3201
4765
6463
7006
7143
7975
8997
9105
8315
7781
7121
5992
4705
3106
1324
-466
-1654
-2639
-4083
-5315
-5904
-5940
-5984
-6063
-5944
-5541
-4725
-4046
-3772
-3736
-3302
-2601
-2527
-2898
-3062
-2689
-2370
-2391
-2360
-1994
-1343
-581
586
1748
2557
3475
5118
6982
7797
8110
8836
9550
9539
8731
7982
6926
5597
4379
2742
738
-1181
-2347
-3420
-5116
-6472
-6884
-6801
-7014
-7287
-7198
-6626
-5844
-5352
-4993
-4544
-3825
-3062
-2828
-2837
-2644
-2192
-1653
-1423
-1335
-1038
-420
531
1702
2641
3398
4431
6108
7506
7962
8326
9202
9933
9649
8943
8399
7363
5985
4598
2963
855
-1187
-2342
-3488
-5328
-6970
-7445
-7244
-7474
-7867
-7625
-6675
-5725
-5139
-4669
-4072
-3200
-2556
-2380
-2412
-2265
-1825
-1455
-1271
-1290
-1111
-652
252
1437
2227
2961
4174
6015
7257
7495
8064
9058
9707
9205
8447
7856
6728
5400
3805
1897
-282
-2222
-3332
-4717
-6582
-8008
-8321
-8100
-8365
-8739
-8360
-7264
-6355
-5891
-5515
-4787
-3869
-3141
-2713
-2646
-2435
-1983
-1471
-1155
-976
-468
361
1788
3047
3713
4421
6013
8065
8777
8795
9486
10478
10672
9759
8997
7884
6350
5017
3454
1382
-1034
-2505
-3480
-5008
-6694
-7713
-7843
-7902
-8077
-8250
-7950
-7098
-6366
-5921
-5614
-4993
-4123
-3461
-3158
-2978
-2487
-1633
-900
-492
-272
354
1894
3463
4307
4698
5900
8100
9389
9423
9523
10179
10810
10284
9594
8513
6870
5703
4548
2809
39
-1930
-2699
-4077
-5999
-7614
-7998
-8136
-8738
-9198
-9248
-8678
-8034
-7485
-7137
-6659
-5789
-4814
-3857
-3569
-3434
-2625
-1362
-237
-10
220
1731
3784
4913
4974
5532
7595
9375
9627
9609
10216
11109
10819
9961
9091
7554
6184
5008
3402
770
-1788
-2943
-4029
-5965
-8033
-9091
-9089
-9163
-9656
-10131
-9659
-8532
-7699
-7372
-7105
-6017
-4826
-4035
-3412
-2932
-2272
-1426
-354
263
231
1059
2966
4459
4788
5129
7068
9129
9659
9569
9930
10813
10881
10141
9256
7800
6456
5404
3793
1270
-1466
-2876
-3942
-5780
-7817
-9177
-9415
-9415
-9698
-10160
-10015
-8896
-7673
-7082
-6915
-5902
-4392
-3500
-3160
-2875
-2056
-1142
-311
344
516
1357
3089
4615
5276
5387
7037
9326
10301
10282
10407
11401
11712
10910
9994
8724
7244
5961
4550
2289
-550
-2260
-3262
-4926
-7193
-8824
-9114
-9227
-9617
-10200
-10194
-9114
-8053
-7506
-7483
-6759
-5187
-4173
-3703
-3364
-2496
-1314
-471
161
311
1009
2762
4230
4945
5062
6575
8762
9787
9933
9972
10924
11622
11257
10490
9152
7869
6860
5468
3121
167
-1506
-2574
-4438
-6940
-8881
-9491
-9777
-10347
-11170
-11391
-10463
-9230
-8578
-8543
-7748
-6043
-4747
-4222
-3901
-2958
-1703
-656
115
286
829
2555
4262
4884
4708
5999
8458
9710
9636
9721
10789
11510
10979
10090
8887
7676
6738
5437
3202
206
-1699
-2642
-4272
-6915
-8878
-9210
-9166
-9681
-10673
-10902
-9971
-8792
-8161
-8286
-7721
-6081
-4698
-4078
-3679
-2703
-1375
-247
631
880
1221
2911
4792
5561
5330
6397
8840
9997
9765
9603
10477
11319
10848
10067
8815
7477
6684
5363
3119
121
-1577
-2227
-3809
-6196
-8165
-8670
-8634
-9091
-9985
-10407
-9722
-8612
-8030
-8294
-7978
-6501
-5187
-4609
-4373
-3576
-2220
-1095
-150
195
836
2673
4477
5363
5335
6649
8981
9992
10078
10179
11157
11851
11525
10857
9368
7994
7076
5816
3329
221
-1473
-2596
-4567
-7193
-8947
-9372
-9658
-10213
-10873
-10925
-10164
-9073
-8315
-8307
-7594
-6088
-4769
-4088
-3871
-2997
-1688
-415
431
648
1680
3677
5328
5861
6042
7826
9765
10348
10253
10280
11010
11092
10692
9885
8197
6989
6302
5058
2377
-314
-1357
-2294
-4262
-6811
-8152
-8512
-9197
-10084
-10975
-11097
-10635
-9794
-9245
-9276
-8412
-6926
-5495
-4513
-3853
-2416
-890
499
1128
1430
3099
4931
5969
5877
6459
8446
9712
9913
9697
10014
10495
10075
9680
8488
6679
5528
4767
3272
155
-1903
-2572
-3631
-5660
-7824
-8503
-8802
-9366
-10279
-10991
-10853
-10523
-9757
-9455
-9277
-8215
-6791
-5360
-4764
-3898
-2262
-631
902
1402
2269
4308
6190
7074
7050
8423
10314
11010
11061
11094
11697
11641
11160
10480
8788
7328
6298
5254
3036
148
-1067
-1842
-3330
-5522
-7067
-7555
-8169
-8730
-9686
-10223
-10094
-9733
-9292
-9526
-9229
-8280
-7011
-5929
-5581
-4421
-2741
-946
163
637
2617
4978
6602
7115
7913
10058
11167
11261
11230
11334
11427
10710
10119
8676
6594
5277
4299
2814
-17
-1848
-2381
-3375
-5276
-7255
-7791
-8076
-8635
-9368
-10095
-10053
-9901
-9325
-9149
-9185
-8465
-7613
-6403
-5785
-5175
-3800
-2089
-236
408
1565
3993
6251
7639
8132
10014
11927
12406
12546
12485
12609
11852
11016
10126
7884
5928
4646
3334
817
-1852
-2622
-3423
-5077
-6960
-7633
-7666
-8488
-9042
-9512
-9682
-9782
-9712
-9212
-9405
-9287
-8749
-7700
-6699
-6449
-5242
-3522
-1687
-612
431
3154
5463
6978
7814
9556
11922
12405
12607
12968
13328
12800
11412
10825
9030
6778
5165
3741
1763
-1314
-2709
-3379
-4949
-6914
-8150
-7927
-8390
-9324
-9782
-9618
-9244
-9491
-9217
-8941
-8657
-8211
-7702
-6792
-6534
-5863
-4478
-2808
-1712
-1257
1097
3884
5503
6353
8061
11163
12618
12936
13544
14263
14599
13515
12568
11059
8915
7365
5728
3612
426
-1489
-2269
-3909
-6069
-7736
-7860
-8098
-8834
-9464
-9755
-9270
-8951
-8794
-8969
-8896
-8072
-7460
-6880
-6655
-5979
-4663
-3150
-1751
-1182
613
3415
5576
6549
7721
10574
12571
13085
13374
13936
14452
13641
12742
11206
8778
7024
5525
3401
-139
-2603
-3408
-4931
-7139
-8949
-9242
-9240
-9651
-9989
-10278
-9987
-9582
-9048
-8965
-9182
-8645
-7847
-7023
-6983
-6718
-5564
-4110
-2679
-2072
-420
2229
4535
6039
7422
10086
12084
13069
13890
14360
14696
14086
13624
12506
10145
8327
6858
4983
1709
-988
-2091
-3655
-5978
-7950
-8477
-8920
-9781
-10161
-10153
-9965
-10048
-9491
-8964
-9131
-9012
-8449
-7474
-7310
-7112
-5922
-4475
-3287
-2699
-739
1987
3791
5092
7037
10091
11905
12708
13773
14661
14957
14153
13771
12754
10613
8780
7176
5235
1941
-474
-1508
-3293
-5734
-7672
-8004
-8265
-9178
-9928
-10014
-9372
-9181
-8920
-8628
-8443
-8145
-7765
-6817
-6600
-6561
-5908
-4679
-3443
-3064
-1352
1097
2734
3798
5611
8812
10634
11428
12530
13679
14402
13856
13536
12461
10539
9015
7465
5358
2060
-12
-1066
-3039
-5554
-7416
-7579
-8061
-9046
-9706
-9825
-9427
-9547
-9239
-9014
-8911
-8417
-7766
-6888
-6884
-6518
-5470
-4162
-3310
-3030
-848
1628
3214
4260
6264
9468
10970
11862
12916
13817
14299
13945
13976
12719
10680
9272
7997
5991
2655
734
-426
-2517
-5045
-6753
-7169
-8194
-9211
-9871
-9996
-9736
-9801
-9216
-9031
-8927
-8497
-7727
-6787
-6999
-6484
-5237
-3904
-3238
-2811
-450
1706
3007
4052
6272
9136
10062
11045
12353
13278
13232
12651
12745
11332
9481
8223
6916
4732
1698
284
-1112
-3469
-5916
-7133
-7332
-8530
-9548
-10015
-9827
-9596
-9804
-9286
-9136
-8922
-8494
-7708
-6882
-7028
-6428
-5249
-4139
-3846
-2997
-309
1801
2947
4134
6886
9499
10263
11181
12298
13273
13088
12728
12458
10733
9263
8092
6625
3970
1206
157
-1308
-3613
-5751
-6530
-6920
-8071
-8806
-9217
-9138
-9167
-8874
-8170
-8123
-7810
-7262
-6151
-5587
-5695
-4778
-3406
-2294
-2271
-965
1729
3311
4022
5225
8301
10342
10639
11427
12540
13417
12845
12639
12235
10425
8971
7659
6098
3101
628
-272
-1971
-4360
-6538
-7073
-7556
-8865
-9553
-9804
-9556
-9695
-9412
-8694
-8619
-8383
-7719
-6494
-6230
-6306
-5343
-3898
-3031
-3122
-1353
1328
2742
3413
5086
8111
9505
10111
11279
12392
12811
12159
12193
11394
9525
8260
7053
5147
2095
396
-516
-2618
-5022
-6498
-6772
-7713
-8928
-9426
-9395
-9317
-9476
-8793
-8252
-8342
-8226
-7255
-6099
-6105
-5931
-4824
-3359
-3041
-2750
-568
1759
2856
3603
6368
9273
10050
10814
12081
13222
12976
12567
12493
11087
9578
8190
6733
4199
1457
280
-1318
-3824
-6081
-6708
-7153
-8610
-9497
-9747
-9458
-9680
-9803
-9069
-8576
-8142
-7712
-6455
-5438
-5328
-4683
-3264
-2005
-1972
-829
1501
3110
3664
4623
7482
9301
9525
10215
11543
12271
11594
11488
10921
9414
8229
6961
5205
2436
731
-159
-2087
-4429
-6001
-6216
-7095
-8579
-9404
-9559
-9379
-9645
-9347
-8922
-8778
-8386
-7624
-6364
-5717
-5422
-4367
-2570
-1563
-1105
705
3032
4319
4954
6927
9263
10095
10608
11395
12362
12384
12037
11688
10319
9063
7937
6367
3798
1473
346
-1455
-3973
-5910
-6566
-7215
-8540
-9329
-9625
-9672
-10005
-10067
-9527
-9210
-8800
-8028
-6752
-5704
-5177
-4303
-2821
-1633
-948
483
2465
3995
4778
6399
8806
9907
10441
11093
11859
12175
11805
11533
10389
8963
8157
7003
4644
1964
835
-157
-2461
-4871
-5954
-6435
-7714
-9078
-9602
-9623
-10037
-10344
-9954
-9569
-9443
-9182
-7942
-6781
-6263
-5615
-4122
-2393
-1785
-571
1677
3798
4592
5441
7880
9454
10022
10728
11581
12122
11741
11771
10947
9087
7896
7094
5439
2276
293
-588
-2376
-5067
-6846
-7169
-8207
-9667
-10374
-10270
-10292
-10654
-10162
-9595
-9270
-9180
-8276
-6632
-6018
-5600
-4420
-2381
-1390
-698
1427
3720
5027
5843
8046
10049
10516
11108
11882
12393
11900
11783
11645
9923
8443
7681
6518
3714
1498
798
-791
-3359
-5326
-5783
-6817
-8641
-9603
-9634
-9669
-10430
-10473
-9702
-9247
-9223
-8879
-7481
-6325
-5658
-4691
-2848
-1310
-581
1307
3596
5192
6010
7991
10474
11133
11717
12763
13679
13306
12614
12561
11167
9410
8219
7011
4475
1707
885
-402
-3176
-5804
-6626
-7370
-9305
-10789
-11252
-11138
-11814
-12185
-11400
-10828
-10591
-10407
-8982
-7503
-6855
-5915
-4242
-2316
-1310
558
3071
4955
5836
7386
10052
11150
11420
12082
12974
13036
12177
11966
10802
8909
7716
6569
4632
1856
608
-335
-2493
-4726
-5675
-6362
-8157
-9573
-10152
-10343
-10945
-11605
-11244
-10676
-10481
-10501
-9483
-7880
-7099
-6462
-5005
-2810
-1560
-146
2157
4522
5822
7178
9772
11373
11763
12134
13128
13792
13039
12562
11767
10371
9050
7534
5696
3138
1793
418
-1865
-4073
-5261
-5809
-7654
-9387
-10149
-10365
-10847
-11961
-12087
-11741
-11215
-11138
-10728
-9177
-8131
-7339
-6236
-4237
-2429
-847
1244
3567
5311
6917
9197
11122
11933
12444
13061
13842
13853
13264
12001
10577
9823
8525
6280
3536
2403
1453
-938
-3535
-4663
-5044
-6747
-8535
-9387
-9723
-10253
-11194
-11188
-10988
-10822
-10782
-10265
-8960
-7930
-6911
-5830
-3985
-2231
-352
1674
3635
5287
6789
8917
10646
11691
12545
13026
13596
13676
13505
12320
10578
9848
8757
6754
3946
2769
1927
-502
-3207
-4721
-5176
-6990
-9023
-9959
-10428
-10850
-11994
-12233
-12063
-11830
-11659
-11344
-10059
-8899
-7662
-6556
-5067
-3221
-1052
1073
2966
4817
6718
8714
10214
11208
12155
12556
13004
13270
13152
12059
10450
9876
8780
6519
3638
2424
1741
-692
-3517
-4971
-5437
-7096
-9239
-10258
-10637
-11118
-12092
-12342
-12102
-11845
-11618
-11125
-10067
-9051
-7803
-6220
-4621
-3209
-1147
1202
3024
4456
6424
8748
10342
11258
12299
13010
13387
13563
13805
12856
11132
10585
10007
8246
5347
4065
3527
1373
-1379
-3076
-3586
-5315
-7599
-8870
-9569
-10234
-11622
-12109
-12181
-12340
-12364
-11947
-10892
-10052
-9026
-7581
-5901
-4410
-2334
215
2172
3485
5499
8014
9628
10500
11837
12815
13059
12983
13346
12721
10987
10265
9770
8261
5493
4305
3926
1679
-1214
-2755
-3146
-4772
-7165
-8329
-8732
-9486
-11026
-11658
-11641
-11783
-12119
-11841
-10645
-9877
-9163
-7997
-6355
-4907
-3100
-675
1525
2973
4907
7571
9373
10174
11124
12179
12685
12498
12693
12320
10968
10202
9653
8361
5978
4783
4291
2466
-84
-1697
-2166
-3664
-5935
-7270
-7906
-8678
-10097
-10886
-11063
-11166
-11475
-11648
-11037
-10142
-9341
-8313
-7040
-5518
-3527
-1360
603
2005
4040
6461
8229
9293
10326
11412
12018
12150
12310
11658
10543
9918
9140
7441
5182
4314
3613
1636
-750
-1983
-2521
-4139
-6127
-7288
-7825
-8676
-9804
-10291
-10736
-10898
-10989
-10810
-10346
-9759
-8782
-7818
-6730
-5553
-3559
-1349
316
1645
3710
6159
7672
8466
9474
10458
10994
11216
11586
11088
10046
9626
9075
7540
5390
4816
4555
2667
334
-873
-1289
-2796
-4895
-5952
-6401
-7172
-8440
-8926
-9204
-9656
-9956
-9846
-9338
-8902
-8197
-7229
-6344
-5188
-3284
-1059
666
1712
3808
6215
7619
8410
9294
10432
10784
10846
10935
10173
9310
8815
8263
6455
4491
4072
3519
1634
-613
-1405
-1743
-3239
-5030
-6024
-6490
-7305
-8231
-8518
-8677
-8932
-9239
-9098
-8749
-8443
-7789
-6841
-5938
-4827
-2930
-879
623
1743
3753
5967
7192
8004
8900
9915
10228
10217
10148
9285
8527
8297
7777
5975
4281
4165
3777
1760
-367
-1020
-1389
-3050
-5000
-5817
-6194
-7151
-8153
-8501
-8773
-9097
-9201
-8887
-8596
-8442
-7896
-7081
-6450
-5368
-3494
-1521
-221
889
3042
4971
5971
6944
7904
8912
9131
9282
9213
8182
7567
7352
6781
4921
3500
3604
2982
842
-855
-899
-1268
-2961
-4562
-5205
-5554
-6705
-7658
-7727
-7880
-8144
-8053
-7364
-6821
-6633
-5743
-4667
-3961
-2775
-1062
855
1891
2937
4931
6682
7540
7985
8667
9388
9394
9317
8704
7565
7031
6655
5561
3359
2350
2391
1351
-874
-2294
-2079
-2522
-4099
-5301
-5629
-5861
-6842
-7466
-7556
-7643
-7736
-7621
-7051
-6603
-6116
-5217
-4354
-3542
-2218
-502
1202
2140
3630
5645
6865
7533
8112
8770
9000
8817
8704
7588
6322
5946
5567
4129
1817
1231
1284
-50
-2219
-3048
-2717
-3457
-4901
-5840
-5806
-5933
-6645
-6849
-6767
-6633
-6513
-6048
-5493
-5406
-5025
-3986
-3020
-2278
-1053
598
2118
2849
4067
5651
6662
7318
7665
8207
8210
8090
7824
6518
5574
5188
4779
3216
1484
1318
905
-644
-2438
-2890
-2920
-4094
-5288
-5768
-5711
-6254
-7056
-7237
-7285
-7170
-7063
-6508
-5718
-5111
-4305
-3302
-2319
-1162
108
1660
3009
4069
5589
6769
7565
8065
8098
8278
8090
8021
7193
5883
5579
5214
4163
1963
812
777
-277
-2199
-3574
-3526
-4032
-5465
-6373
-6656
-6953
-7831
-8086
-8030
-8194
-7947
-7365
-6481
-5763
-4848
-3466
-2253
-1049
632
2162
3414
4553
6261
7732
8175
8767
9426
9489
9042
8837
8790
7148
5469
5289
5085
3374
972
796
815
-841
-2973
-3502
-3076
-4462
-6214
-6700
-6510
-7227
-8398
-8126
-7735
-7988
-8085
-7348
-6231
-5703
-4846
-3385
-1920
-385
1429
3285
4485
5657
7319
8324
8545
8966
9185
8897
8173
7984
7333
5273
4112
4008
3284
910
-636
-235
-662
-2814
-4490
-4132
-4068
-5841
-7178
-6913
-6456
-7504
-8347
-7781
-7398
-7711
-7718
-6469
-5377
-4970
-3973
-2368
-738
868
2527
4330
5540
7078
8639
9357
9864
10394
10380
9675
9127
9176
7736
5407
4673
4641
3080
252
-263
386
-902
-3524
-4337
-3518
-4417
-6427
-7175
-6611
-7125
-8658
-8831
-8310
-8289
-8724
-8173
-6702
-6010
-5405
-4279
-2611
-738
962
2661
4153
5876
7765
8729
9120
9971
10484
9911
8786
8782
8511
6247
4321
4044
3547
767
-1487
-1032
-844
-2934
-4878
-4327
-3788
-5504
-7258
-6934
-6218
-7513
-8814
-8314
-7585
-7921
-8251
-6900
-5473
-4969
-4173
-2662
-644
1121
2696
4291
5690
7662
9053
9460
10007
10842
10931
9629
8841
8868
7421
4875
3587
3636
2086
-1030
-1998
-1318
-2221
-4936
-5594
-4149
-4520
-6684
-7658
-6377
-6297
-8126
-8640
-7597
-7040
-7858
-7683
-5876
-4941
-4642
-3742
-1759
513
2002
3763
5554
7665
9440
10103
10687
11445
11741
10850
9582
9365
8453
5994
3946
3409
2730
11
-1977
-1842
-1831
-4017
-6099
-5465
-4840
-6338
-8299
-7936
-6703
-7700
-9014
-8638
-7385
-7479
-8081
-6805
-4999
-4172
-3777
-2455
-147
1879
3324
5088
7175
9377
10522
11001
11897
12405
11757
10235
9622
9142
6912
4279
3073
2605
427
-2177
-2784
-2533
-3729
-6146
-6700
-5800
-6234
-8112
-9037
-8062
-8187
-9506
-9813
-8955
-8294
-8820
-8179
-6323
-5078
-4431
-3491
-1040
1537
3093
4503
6456
9357
11195
11526
12140
13157
13292
11785
10613
10366
8832
6046
4167
3501
1876
-1007
-2385
-2248
-3036
-5319
-6556
-5799
-5536
-6976
-8614
-8225
-7508
-8324
-9197
-8965
-8186
-8380
-8611
-7323
-5827
-4981
-4289
-2551
356
2363
3719
5429
8128
10589
11219
11670
12908
13566
12527
10978
10650
9515
6663
4370
3546
2217
-860
-2761
-2839
-3130
-5201
-7022
-6813
-6582
-7330
-8640
-8785
-8195
-8605
-9133
-9286
-8657
-8176
-8057
-7140
-5937
-4577
-3639
-2389
113
2620
4357
5555
7788
10724
11861
11915
12696
13758
13192
11427
10948
10417
8035
5392
4282
3305
428
-1992
-2316
-2514
-4495
-6671
-6591
-6133
-6950
-8268
-8517
-7855
-8268
-8876
-8961
-8722
-8406
-8304
-7347
-6321
-5523
-4473
-3246
-1169
1191
3272
4869
6663
9484
11173
11550
12250
13394
13463
11615
10658
10433
8605
5758
4141
3595
1180
-1807
-2730
-2661
-4136
-6598
-7053
-6723
-7453
-8904
-9455
-8799
-9177
-9753
-9775
-9413
-9188
-9366
-8325
-7052
-6099
-5099
-4068
-1942
426
2608
4433
6155
9015
11294
12139
12671
13735
14354
13148
12052
11685
10074
7366
5473
4739
2611
-640
-2069
-2137
-3312
-5742
-6605
-5992
-6469
-8055
-8953
-8440
-8614
-9503
-9557
-9154
-9020
-9563
-9063
-7701
-6885
-6039
-5000
-3050
-712
1224
3243
5163
8002
10432
11438
12297
13399
14188
13275
12217
12097
10709
7934
5735
5051
3294
3
-1875
-2290
-3202
-5740
-7054
-6471
-6550
-7833
-8985
-8323
-8050
-8929
-9131
-8562
-7847
-8309
-8111
-6724
-5932
-5399
-4717
-2591
-149
1278
2862
4907
8052
10412
11091
12062
13544
14518
13573
12308
12129
10864
8465
6400
5451
3748
490
-1415
-1998
-3076
-5507
-7123
-6759
-6856
-8053
-9101
-8719
-8375
-9101
-9391
-8917
-8324
-8630
-8600
-7257
-6111
-5504
-5252
-3582
-670
915
1831
3243
6328
9033
9561
10323
12110
13529
12893
11776
11954
10924
8307
6182
5321
3708
521
-1430
-1908
-2845
-5298
-6966
-6708
-6947
-8272
-9491
-9045
-8461
-9204
-9601
-9172
-8242
-8201
-8325
-7169
-6076
-5292
-4962
-3598
-879
1129
2455
3794
6768
9614
10362
11015
12678
14389
13953
12618
12635
11998
9782
7349
6253
4754
1408
-986
-1874
-2905
-5453
-7359
-7385
-7634
-8823
-10087
-9543
-8773
-9308
-9603
-9121
-8119
-8000
-7883
-6517
-5262
-4383
-3992
-2580
-184
1437
2548
3741
6654
9403
10231
10873
12165
13715
13366
12153
11986
11210
9396
7147
5859
4432
1641
-445
-1495
-2479
-4825
-6923
-7243
-7609
-8824
-10343
-10207
-9566
-9897
-10130
-9753
-8617
-8389
-8171
-6846
-5613
-4593
-4160
-2609
-87
1483
2543
3791
6641
9189
9948
10694
12144
13690
13472
12598
12504
11618
9610
7571
6443
4500
1497
-448
-1491
-2907
-5402
-6986
-7101
-7689
-9217
-10633
-10359
-9843
-10313
-10594
-10133
-8887
-8449
-8229
-6937
-5452
-4157
-3699
-2310
272
2035
3076
4157
7061
9607
10063
10664
12267
13722
12960
11907
12265
11554
9342
7260
6382
4636
1496
-341
-1135
-2563
-5289
-6928
-7085
-7775
-9276
-10698
-10308
-10064
-10754
-11080
-10573
-9224
-8978
-8703
-7323
-5742
-4508
-4186
-2540
199
1968
3080
4334
7341
9865
10388
10934
12419
13994
13388
12239
12247
11481
9388
7215
6345
4699
1636
-323
-1078
-2282
-5009
-6801
-7005
-7715
-9297
-10859
-10650
-10451
-11264
-11718
-11297
-10022
-9674
-9291
-7869
-6114
-4495
-3914
-2363
520
2872
4133
5233
8203
10769
11334
11772
13122
14590
13867
12729
12837
12064
10016
7810
6814
5205
2124
73
-728
-1777
-4283
-6211
-6536
-7140
-8704
-10237
-10067
-9981
-11002
-11523
-11146
-10091
-10024
-9899
-8372
-6670
-5152
-4462
-2815
11
2144
3443
4516
7401
9933
10484
10760
11876
13384
12750
11600
11586
10758
8898
6949
6245
4749
1900
222
-548
-1590
-4057
-5832
-6214
-6961
-8215
-9618
-9691
-9819
-10649
-11122
-11128
-10289
-10275
-10079
-8820
-7332
-5784
-5111
-3279
-442
1771
3135
4224
7102
9660
10427
10891
12074
13578
13092
12206
12179
11443
9766
7796
6919
5299
2608
795
-98
-1170
-3633
-5343
-5825
-6744
-8268
-9786
-9828
-10015
-10883
-11257
-11028
-10150
-10002
-9552
-8098
-6510
-5026
-4279
-2437
247
2328
3679
4921
7741
9932
10599
11180
12370
13674
13153
12315
12100
11201
9643
7859
6780
5058
2662
1017
-267
-1726
-4006
-5463
-6240
-7393
-8919
-10351
-10502
-10995
-12025
-12610
-12282
-11329
-11321
-10896
-9458
-7641
-6053
-5377
-3337
-409
1928
3208
4408
7666
10072
10653
11081
12336
13744
13000
12258
12289
11401
9729
8078
7354
5636
3270
1784
684
-869
-3208
-4439
-5189
-6440
-8120
-9537
-9651
-10298
-11166
-11650
-11460
-10613
-10670
-10130
-8899
-7244
-5648
-5010
-3062
-318
2102
3536
4714
7720
10017
10746
11308
12701
14096
13312
12552
12391
11537
9859
8024
7054
5223
2974
1468
304
-1182
-3316
-4436
-5209
-6502
-8190
-9394
-9384
-10055
-11120
-11797
-11430
-10593
-10798
-10522
-9471
-7810
-6258
-5451
-3398
-776
1404
2629
4011
7124
9183
9675
10204
11647
12826
11951
11403
11321
10329
8687
7248
6547
4633
2473
1328
395
-1348
-3687
-4600
-5128
-6443
-8224
-9205
-8989
-9657
-10785
-11448
-11026
-10339
-10606
-10106
-8928
-7406
-6121
-5225
-2985
-401
1805
3167
4726
7768
9776
10303
10817
12283
13490
12613
11940
11890
11118
9585
8051
7158
5096
2910
1852
956
-891
-3357
-4271
-4754
-6063
-8104
-9303
-9083
-9850
-11136
-11940
-11601
-10825
-11106
-10578
-9394
-7784
-6354
-5299
-2819
-401
1733
3195
5188
8283
9839
10329
10923
12392
13258
12300
11968
11693
10740
9211
7936
7018
4753
2843
1748
551
-1365
-3328
-3949
-4716
-6078
-7783
-8746
-8854
-9640
-10581
-11170
-10796
-10417
-10676
-10114
-9052
-7720
-6744
-5584
-3121
-899
1045
2401
4500
7466
9090
9865
10530
11889
12767
12152
11939
11516
10471
9165
8116
7162
4924
3195
2234
1060
-1059
-3196
-3776
-4598
-6126
-7958
-8750
-8822
-9906
-10821
-11371
-11012
-10662
-10867
-10129
-9161
-7668
-6576
-5329
-2876
-747
1275
2639
4909
7767
9104
9798
10457
11898
12331
11398
11137
10586
9645
8198
7176
6077
3802
2355
1392
263
-1750
-3426
-3834
-4875
-6327
-7886
-8369
-8456
-9368
-10083
-10568
-10064
-9777
-9876
-9189
-8200
-6541
-5599
-4378
-1991
230
2241
3236
5310
7965
9262
9970
10499
11785
12167
11363
11010
10239
9247
7851
6727
5439
3309
2018
1004
-216
-2123
-3598
-4033
-5054
-6231
-7647
-8228
-8372
-9232
-9800
-10337
-9885
-9539
-9716
-9163
-8416
-6929
-6048
-4846
-2432
-292
1678
2751
4979
7581
8744
9463
10033
11641
12065
11430
11327
10756
10081
8622
7505
6195
4191
3104
1938
600
-1322
-2669
-3236
-4536
-5833
-7215
-7765
-8311
-9149
-9506
-10097
-9803
-9548
-9198
-8581
-8028
-6491
-5555
-4307
-2407
-458
1611
2696
4849
7207
8470
9286
9910
11317
11541
10856
10337
9424
8693
7537
6524
4967
3015
2131
1091
-338
-2169
-3163
-3645
-5027
-6258
-7287
-7698
-8299
-9179
-9484
-10011
-9820
-9526
-9132
-8509
-8051
-6588
-5483
-4194
-2404
-542
1575
2797
4900
7142
8455
9409
9929
11177
11389
10973
10720
9824
9045
7745
6618
4942
3023
2197
925
-774
-2792
-3628
-4036
-5493
-6728
-7759
-8030
-8887
-9832
-9853
-10126
-9853
-9662
-8861
-7784
-7117
-5713
-4610
-2870
-1035
762
2790
3952
6055
7949
9217
10120
10613
11712
11682
11291
10783
9572
8621
7511
6555
4737
2870
2131
1079
-527
-2535
-3402
-3946
-5415
-6732
-7685
-7980
-8822
-9752
-9871
-10058
-9882
-9818
-9042
-7951
-7364
-6152
-4945
-3008
-1096
474
2322
3827
6059
7740
8672
9573
10329
11377
11227
11036
10942
9875
8820
7732
6906
4948
2911
2232
1097
-709
-2835
-3521
-4024
-5784
-7312
-8351
-8427
-9297
-10341
-10452
-10647
-10210
-10101
-9286
-8088
-7269
-5790
-4618
-2620
-679
1032
2839
4244
6651
8193
9111
10050
10758
11629
11043
10847
10651
9532
8439
7232
6496
4458
2598
1966
940
-687
-2820
-3385
-4015
-5719
-7209
-8076
-8071
-9191
-9997
-9892
-9907
-9720
-9943
-8940
-7826
-7108
-5882
-4786
-2700
-939
621
2192
3654
6088
7560
8377
9150
10161
11221
10723
10666
10581
9681
8589
7585
7079
5063
3143
2473
1658
-10
-2432
-3118
-3628
-5268
-6960
-7982
-7966
-9124
-10167
-10262
-10195
-9901
-10212
-9352
-8229
-7395
-6162
-5142
-2921
-993
740
2364
3753
6276
7713
8545
9351
10369
11433
10710
10559
10444
9467
8219
7019
6565
4592
2530
1657
827
-721
-3066
-3779
-4328
-5823
-7433
-8406
-8298
-9421
-10357
-10255
-9881
-9484
-9837
-8801
-7330
-6311
-5170
-4118
-1847
111
1730
3138
4521
7024
8506
9229
9874
10887
11853
11151
10923
10882
10054
8652
7398
6925
4925
2568
1560
996
-444
-2976
-3918
-4198
-5534
-7403
-8695
-8633
-9463
-10658
-11001
-10602
-9995
-10286
-9518
-8059
-6869
-5784
-4979
-2749
-385
1382
2680
3957
6754
8554
9112
9720
10879
12103
11205
10641
10905
10260
8772
7195
6920
5344
2958
1860
1248
5
-2743
-3921
-4034
-5320
-7368
-8981
-8694
-9251
-10622
-11098
-10786
-9911
-10252
-9734
-8210
-6969
-5869
-5156
-2786
-236
1553
2785
3998
6915
8543
8900
9509
10769
12154
11058
10283
10574
10002
8356
6596
6448
5211
2621
1094
715
-93
-2802
-4346
-4275
-5014
-7047
-8941
-8707
-8987
-10498
-11402
-11114
-10118
-10424
-10123
-8524
-7085
-5952
-5399
-3369
-669
1071
2166
3311
6277
8405
8685
9140
10586
12177
11311
10388
10954
10624
8931
7078
7045
6339
3507
1642
1318
706
-2060
-4198
-4163
-4644
-6688
-8837
-8708
-8548
-9978
-10997
-10665
-9521
-9846
-9960
-8339
-6571
-5293
-4918
-3008
4
1809
2814
3795
6729
9042
9119
9438
10820
12496
11781
10709
11342
11077
9331
7377
7244
6575
3791
1989
1700
1189
-1595
-3959
-4008
-4581
-6625
-8927
-9160
-9043
-10534
-11752
-11734
-10703
-10807
-11040
-9598
-7766
-6249
-5793
-4178
-1166
838
1958
2989
6009
8658
8933
9246
10580
12300
11646
10398
11082
10993
9313
7316
7127
6703
3828
1666
1191
875
-1728
-4369
-4580
-5009
-6779
-9098
-9478
-9180
-10558
-11726
-11691
-10607
-10515
-10784
-9373
-7522
-5897
-5401
-4004
-932
1300
2421
3144
6030
8803
8978
9077
10369
12215
11551
10096
10886
10996
9286
7126
7010
6945
4112
1878
1575
1450
-1021
-3866
-4124
-4287
-6034
-8498
-8962
-8465
-9735
-11050
-11229
-10176
-10016
-10528
-9302
-7483
-6002
-5757
-4717
-1604
784
1843
2414
5149
8228
8563
8530
9840
11875
11533
10013
10666
10942
9396
7367
7161
7201
4536
2355
2209
2026
-428
-3368
-3700
-3844
-5740
-8219
-8841
-8283
-9358
-10810
-11067
-10168
-9962
-10533
-9558
-7727
-6143
-5646
-4639
-1543
1020
2195
2818
5281
8530
9169
9106
10429
12329
12064
10346
10763
11112
9457
7175
6625
6800
4222
1585
1173
1220
-808
-3774
-4115
-3957
-5629
-8146
-9093
-8604
-9719
-11303
-11701
-10758
-10231
-10805
-9905
-8138
-6408
-5773
-5092
-1995
766
2093
2651
5051
8732
9495
9276
10379
12454
12622
10714
10996
11433
9896
7586
6830
7120
4628
1914
1397
1533
-274
-3452
-4122
-4067
-5621
-8181
-9302
-8632
-9659
-11244
-11777
-10949
-10357
-11227
-10600
-8916
-7198
-6487
-5972
-2954
-15
1576
2164
4145
7793
8922
8798
9671
11746
12395
10639
10681
11219
10058
7892
6939
7315
5150
2355
1614
1809
205
-3071
-3910
-3684
-5020
-7539
-8825
-8194
-9032
-10689
-11318
-10545
-9927
-10734
-10222
-8501
-6658
-5802
-5495
-2876
127
1813
2478
4233
7776
9331
9284
10047
11985
12857
11252
10874
11405
10330
8147
6943
7275
5615
2770
1876
2065
735
-2400
-3662
-3369
-4577
-7040
-8522
-8097
-8685
-10475
-11244
-10612
-9912
-10594
-10397
-8732
-7147
-6448
-6326
-3935
-677
951
1559
3055
6665
8617
8391
9042
10903
12066
10750
10180
10965
10156
8085
6739
6950
5564
2555
1322
1371
364
-2541
-4065
-3738
-4651
-6872
-8469
-8160
-8561
-10294
-11026
-10449
-9631
-10230
-10216
-8414
-6619
-5765
-5674
-3564
-227
1570
2242
3465
6741
8806
8602
9210
11071
12420
11250
10437
11280
10659
8626
7015
7101
6174
3176
1645
1577
805
-1937
-3899
-3601
-4144
-6240
-8135
-8126
-8208
-9851
-10840
-10565
-9831
-10282
-10531
-8942
-7217
-6228
-6097
-4448
-1341
442
1192
2217
5314
7812
7859
8379
10072
11653
11011
10100
10979
10694
8743
7074
7075
6522
3599
1569
1301
831
-1668
-3970
-3907
-4208
-6073
-8117
-8368
-8149
-9614
-10723
-10452
-9606
-9808
-10215
-8705
-6846
-5727
-5441
-4077
-940
954
1627
2486
5204
7983
8150
8369
9973
11658
11299
9976
10672
10830
9080
7217
6843
6716
4051
1724
1420
1202
-979
-3771
-3978
-3863
-5440
-7511
-8043
-7432
-8678
-10133
-10075
-9162
-8988
-9716
-8603
-6689
-5582
-5398
-4583
-1607
581
1267
1853
4010
6967
7422
7459
8904
10519
10676
9429
10026
10584
9152
7437
6895
7145
4974
2316
1613
1370
-393
-3463
-4332
-4145
-5467
-7628
-8611
-7882
-8618
-10087
-10241
-9303
-8758
-9609
-8884
-6889
-5561
-5082
-4562
-1753
793
1767
2532
4296
7259
8054
7810
8914
10522
11056
9696
9751
10401
9132
7180
6175
6581
4938
2051
1022
979
-202
-3234
-4575
-4293
-5266
-7402
-8842
-8083
-8237
-9692
-10069
-9261
-8470
-9219
-8915
-7032
-5621
-5054
-4752
-2358
267
1387
2232
3754
6778
8064
7844
8869
10514
11385
10018
9489
10455
9573
7413
5962
6162
5011
1889
343
252
-561
-3529
-5494
-5182
-5682
-7617
-9417
-8900
-8572
-9920
-10419
-9584
-8342
-8736
-8798
-6768
-5162
-4539
-4469
-2674
199
1374
2098
3437
6334
8286
8080
8820
10498
11674
10771
9884
11041
10721
8526
6718
6813
6508
3434
1244
1093
756
-1818
-4565
-4604
-4692
-6517
-8748
-8714
-7817
-9085
-10182
-9600
-8222
-8201
-8866
-7298
-5321
-4516
-4547
-3385
-272
1321
1752
2711
5110
7539
7474
7672
9449
10908
10405
9076
10035
10585
8577
6389
6220
6505
3741
816
553
804
-1326
-4628
-5080
-4548
-6104
-8720
-9412
-8238
-9059
-10764
-10528
-8930
-8462
-9431
-8401
-6016
-4932
-4962
-4250
-1325
887
1316
2218
4488
7367
7991
7970
9742
11381
11393
9976
10423
11548
9718
7186
6404
6929
5035
1457
443
818
-639
-4025
-5377
-4593
-5452
-7980
-9370
-8404
-8538
-10373
-10598
-9106
-8084
-8752
-8342
-5918
-4591
-4606
-4234
-1904
644
1103
1704
3630
6448
7746
7418
8695
10494
10897
9839
9583
10885
9821
7209
5978
6308
5297
1854
301
612
-213
-3122
-5102
-4485
-4991
-7314
-9101
-8621
-8151
-9798
-10505
-9493
-8498
-8850
-8983
-6899
-5239
-4929
-4596
-2851
-153
909
1589
3140
5541
7580
7840
8925
10789
11612
11145
10373
11472
11129
8741
7126
6926
6545
3405
1028
1004
499
-1942
-4670
-4800
-4753
-6695
-8836
-9074
-8335
-9554
-10702
-10067
-8943
-8817
-9084
-7303
-5533
-5109
-4704
-3358
-773
570
1281
2933
5040
7389
8090
8712
10453
11459
11498
10572
11002
11072
8909
7052
6427
6311
3889
1050
461
92
-1713
-4595
-5356
-5054
-6483
-8478
-9300
-8517
-8937
-10117
-9798
-8879
-8420
-8648
-7556
-5624
-4873
-4371
-3391
-1249
507
1233
2501
4099
6494
7811
8177
9439
10534
11099
10294
10128
10718
9272
7353
6241
6011
4410
1413
328
53
-1308
-4011
-5554
-5221
-5970
-7801
-9119
-8787
-8691
-9860
-10032
-9375
-8776
-8953
-8509
-6685
-5678
-5040
-4129
-2300
-96
939
2062
3450
5728
7824
8365
9434
10712
11522
11246
10477
11060
10215
8201
6886
6325
5374
2400
495
132
-735
-3001
-5220
-5203
-5346
-6873
-8503
-8747
-8173
-9017
-9579
-9072
-8290
-7909
-7709
-6314
-5196
-4574
-3735
-2549
-512
890
1942
3198
4839
7157
8118
8775
10156
11280
11617
10703
10826
10630
8729
7045
6115
5626
3217
639
8
-447
-2207
-4943
-5718
-5599
-6871
-8610
-9428
-8754
-9120
-10102
-9967
-9237
-8590
-8646
-7736
-6260
-5432
-4495
-3564
-1630
489
1921
3343
4698
7111
8761
9317
10418
11611
12467
11662
11127
11348
10075
8210
6664
6151
4580
1554
6
-575
-1641
-4099
-5705
-5477
-6035
-7656
-9163
-8971
-8682
-9620
-9986
-9561
-8629
-8450
-8244
-6787
-5620
-4587
-3975
-2776
-434
1089
2289
3330
5566
7873
8338
9114
10430
11772
11492
10442
10863
10254
8343
6340
5561
4795
1890
-228
-880
-1372
-3424
-5861
-5855
-5850
-7148
-8956
-9237
-8333
-9072
-9797
-9648
-8668
-8054
-8260
-7184
-5933
-4766
-4056
-3328
-1011
960
2399
3332
5205
8020
8778
9099
10302
11930
12231
10813
11005
11144
9516
7322
6182
6067
3510
553
-425
-653
-2276
-5335
-6036
-5528
-6423
-8494
-9442
-8252
-8411
-9514
-9687
-8702
-7696
-8147
-7633
-6171
-4964
-4269
-4026
-1982
373
1669
2574
4128
7230
8734
8816
9986
11726
12528
11162
10830
11517
10268
7913
6310
6344
4624
1298
-276
-525
-1630
-4712
-6271
-5643
-6047
-8019
-9648
-8881
-8454
-9618
-10103
-9254
-8006
-8198
-8171
-6734
-5452
-4573
-4237
-2663
-106
1372
2368
3463
6202
8535
8766
9376
10953
12341
11658
10622
11211
10775
8599
6398
5914
5079
1864
-392
-608
-901
-3361
-5815
-5557
-5272
-6760
-8811
-8762
-7849
-8732
-9653
-9418
-8219
-7890
-8151
-6984
-5727
-4814
-4446
-3494
-1061
648
1613
2415
4548
7382
8211
8641
10097
11871
12002
10684
10960
11040
9174
6776
5665
5156
2348
-528
-1227
-1358
-3339
-6221
-6447
-5697
-6686
-8758
-9267
-8083
-8519
-9658
-9650
-8477
-7637
-8033
-7229
-5644
-4463
-3927
-3581
-1667
436
1670
2570
4087
6915
8486
8836
10039
11833
12720
11666
11366
11885
10580
7935
6151
5841
4015
761
-814
-821
-1862
-4662
-5947
-5275
-5665
-7635
-8988
-8147
-7894
-9150
-9703
-8805
-7642
-7717
-7408
-5904
-4655
-4052
-3795
-2507
-346
970
1791
2985
5558
7874
8470
9242
10823
12111
11690
10833
11300
10719
8274
6185
5670
4667
1395
-987
-1031
-1471
-3928
-6124
-5755
-5300
-6885
-8688
-8407
-7521
-8460
-9462
-9110
-8163
-8020
-8294
-7165
-5773
-5054
-4549
-3537
-1270
615
1830
3117
5025
7642
8863
9529
11051
12369
12411
11233
11284
11435
9506
7102
5855
5180
2605
-406
-1193
-1491
-3454
-6132
-6650
-6061
-7089
-8909
-9415
-8376
-8491
-9458
-9214
-8148
-7379
-7512
-6895
-5334
-4426
-3914
-3432
-1911
162
1310
2392
3895
6368
8186
8662
9750
11230
11952
11224
10812
11284
10094
7707
6197
5754
4095
938
-714
-859
-1922
-4516
-5982
-5450
-5707
-7406
-8631
-8111
-7672
-8629
-9133
-8608
-7747
-7629
-7590
-6368
-5302
-4658
-4073
-3009
-1031
449
1558
2731
4735
7251
8323
8971
10324
11577
11590
10530
10569
10429
8313
6089
5174
4485
1801
-913
-1344
-1561
-3569
-5928
-6052
-5451
-6513
-8178
-8235
-7130
-7391
-8268
-8111
-7213
-6797
-7127
-6473
-5157
-4441
-3986
-3325
-1597
366
1518
2640
4248
6720
8395
8785
9781
11187
11684
10782
10363
10844
9574
7218
5988
5647
3781
608
-643
-542
-1739
-4332
-5531
-4866
-5259
-7036
-8110
-7457
-7288
-8563
-9102
-8446
-7603
-7719
-7711
-6446
-5390
-4856
-4340
-3054
-1036
411
1695
3248
5617
7882
8811
9759
11262
12257
11861
11047
11362
10730
8146
5988
5226
4107
1086
-1291
-1506
-2002
-4246
-6338
-6314
-6022
-7278
-8845
-8818
-8068
-8661
-9496
-9151
-8123
-7828
-7901
-6821
-5369
-4536
-4045
-3153
-1415
295
1610
2835
4370
6543
8083
8916
10071
11187
11456
10761
10692
10832
9144
6766
5551
5005
2955
27
-1026
-1105
-2498
-4787
-5740
-5335
-5754
-7312
-8151
-7540
-7329
-8136
-8395
-7622
-6957
-7156
-6897
-5573
-4669
-4191
-3425
-2059
-299
1219
2756
4070
5911
8038
9217
10091
11105
11825
11576
10851
10925
10082
7673
5791
4989
3871
1170
-947
-1282
-1925
-3855
-5674
-5813
-5827
-7260
-8722
-8952
-8576
-9194
-9867
-9423
-8607
-8294
-8089
-6772
-5382
-4667
-3818
-2708
-1165
461
1946
3327
4566
6593
8405
9372
10375
11273
11750
11311
11104
11064
9376
7298
6038
5128
3070
218
-964
-1357
-2723
-4739
-5712
-5356
-5760
-7014
-7673
-7307
-7109
-7808
-8064
-7649
-7337
-7376
-7047
-5933
-5082
-4365
-3444
-2399
-816
815
2468
3691
5124
7350
8761
9551
10455
11242
11401
10663
10543
9860
7676
5852
4887
4002
1577
-617
-1084
-1763
-3450
-5432
-5930
-5790
-6970
-8574
-9129
-8567
-8826
-9643
-9514
-8758
-8153
-7926
-7097
-5844
-4940
-4048
-3252
-1943
-81
1586
2985
4154
6453
8764
9670
10533
11584
12415
11901
11090
11020
9596
7411
5700
4652
2985
90
-1353
-1583
-2385
-4208
-5647
-5383
-5599
-6889
-8036
-8007
-7461
-8249
-8910
-8487
-7663
-7245
-7253
-6338
-5133
-4143
-3286
-2653
-933
1063
2526
3533
4945
7500
9095
9489
10422
11561
11971
11002
10518
10375
8489
6276
4879
4260
2168
-689
-1438
-1570
-2909
-5253
-6007
-5298
-5943
-7633
-8742
-8141
-7929
-8987
-9338
-8592
-7441
-7234
-7090
-5814
-4592
-3814
-3456
-2561
-502
1267
2501
3561
5731
8367
9442
10114
11322
12342
12031
10951
10938
10141
7667
5421
4639
3799
842
-1409
-1386
-1402
-3459
-5839
-5654
-4927
-6246
-8229
-8497
-7359
-7632
-8746
-8593
-7501
-6874
-7258
-6789
-5277
-4340
-4043
-3543
-1941
-21
1151
2299
3940
6278
8077
8898
9985
11266
11671
10964
10378
10437
9061
6447
5007
4783
3381
123
-1387
-771
-1395
-4104
-5754
-4958
-4978
-7162
-8781
-8183
-7486
-8543
-9476
-8650
-7382
-7361
-7756
-6682
-5094
-4652
-4457
-3120
-996
465
1293
3012
5166
6956
8180
9320
10779
11530
11405
10944
10745
10320
8325
6057
5182
4671
2529
-376
-1036
-556
-2123
-4932
-5635
-4599
-5317
-7597
-8381
-7436
-7194
-8400
-8670
-7551
-6925
-7285
-7112
-5555
-4449
-4545
-4067
-2365
-698
222
1535
3844
5638
6904
8402
10022
11077
10975
10825
10853
10540
9602
7528
5866
5130
4073
1782
-593
-895
-967
-3054
-5345
-5599
-5046
-6230
-8074
-8364
-7863
-8177
-9015
-8728
-7834
-7633
-7679
-6825
-5277
-4610
-4433
-3170
-1394
-291
431
2195
4603
5838
6897
8779
10522
11197
11118
11382
11385
10610
9512
7958
6544
5509
4422
2464
231
-608
-1045
-2740
-4839
-5664
-5714
-6760
-8171
-8599
-8490
-8653
-9163
-8974
-8462
-8183
-7811
-7032
-5922
-5188
-4442
-2942
-1411
-244
1099
3042
4988
6035
7312
9170
10442
10802
10810
10922
10653
9966
9368
8021
6218
5106
4262
2480
54
-1104
-1449
-2992
-5173
-6141
-6049
-6719
-8185
-8894
-8768
-8728
-9073
-9066
-8493
-7851
-7387
-6903
-5988
-4938
-4106
-3012
-1736
-431
1136
2946
4743
5999
7283
8906
10068
10557
10562
10394
10056
9632
9182
7818
5850
4781
4316
2738
156
-1076
-1137
-2466
-4750
-5939
-5775
-6345
-7998
-8827
-8622
-8429
-8888
-9102
-8513
-7815
-7395
-7088
-6124
-4675
-3666
-2683
-1304
201
1673
3208
5040
6352
7272
8544
9892
10752
10730
10426
10226
9857
9254
7743
5796
4775
4233
2686
140
-1083
-946
-1970
-4090
-5224
-5008
-5453
-7025
-7862
-7626
-7492
-7952
-8157
-7672
-7068
-6866
-6612
-5714
-4578
-3784
-3011
-1562
-72
1021
2482
4426
5798
6389
7575
9337
10076
9719
9571
10008
9866
8896
7771
6442
5320
4331
2850
785
-735
-1210
-2172
-4102
-5613
-5892
-6171
-7280
-8197
-8380
-8311
-8510
-8832
-8693
-8312
-7909
-7474
-6760
-5473
-4233
-3053
-1672
-464
690
2320
4363
5746
6181
7286
9122
9858
9424
9362
9883
9373
8062
7284
6419
5035
3754
2870
1276
-825
-1773
-2100
-3290
-5283
-6223
-6032
-6459
-7557
-8169
-7821
-7518
-7985
-8140
-7460
-6553
-6174
-5843
-4726
-3345
-2395
-1585
-424
924
2475
4152
5498
6239
7281
8795
9478
9255
9322
9716
9306
8444
8209
7408
5515
4076
3660
2474
-111
-1488
-1385
-2316
-4774
-6075
-5501
-5682
-7383
-8531
-8061
-7565
-8322
-8968
-8198
-6940
-6646
-6622
-5357
-3557
-2630
-2224
-951
879
2208
3215
4564
5957
6955
7769
8485
8919
9107
9066
8657
8213
8102
7285
5394
4027
3782
2928
270
-1554
-1314
-1874
-4317
-5961
-5279
-5044
-6860
-8170
-7465
-6671
-7504
-8300
-7335
-5905
-5744
-5991
-4716
-2705
-1943
-2015
-745
1379
2466
2938
4217
6031
6567
6649
7664
8738
8974
8380
8194
8348
8061
7207
5618
4521
4066
3015
765
-1202
-1435
-1934
-4112
-5958
-5950
-5789
-7216
-8473
-8132
-7660
-8336
-9084
-8402
-7360
-7019
-6809
-5599
-3708
-2729
-2358
-1086
853
1840
2157
3413
5286
6002
5812
6734
8326
8811
8418
8283
8535
8168
7364
6333
4991
3913
3004
1653
-279
-1530
-1979
-3186
-4974
-5813
-5739
-6286
-7474
-7939
-7750
-7934
-8447
-8386
-7636
-6858
-6377
-5671
-4304
-2876
-1995
-1323
13
1512
2357
3177
4584
5892
6263
6642
7778
8650
8707
8495
8609
8613
8187
7417
6033
4763
4027
3131
1207
-811
-1344
-1595
-3134
-4816
-5068
-4766
-5626
-6867
-6908
-6475
-6794
-7486
-7275
-6246
-5610
-5477
-4553
-2627
-1292
-1081
-333
1553
2623
2449
3001
4860
5790
5288
5664
7251
7958
7256
6963
7600
7689
6758
5471
4432
3745
2810
1253
-587
-1573
-1823
-2856
-4503
-5338
-5186
-5635
-6917
-7519
-7292
-7320
-7854
-7795
-6928
-6322
-6235
-5486
-3706
-2343
-2043
-1547
261
1758
1626
1773
3462
4950
4592
4454
6224
7658
7353
6832
7530
8106
7324
6332
5499
4499
3355
2288
978
-830
-1796
-2117
-3213
-4904
-5821
-5632
-6094
-7276
-7741
-7512
-7487
-7758
-7286
-6348
-5814
-5351
-4098
-2378
-1479
-1182
-50
1825
2508
2159
3050
4956
5637
5016
5524
7268
7963
7583
7565
8093
8043
7380
6650
5468
4192
3493
2662
754
-1105
-1526
-1912
-3618
-5298
-5561
-5516
-6579
-7486
-7284
-7022
-7369
-7387
-6461
-5737
-5578
-4987
-3434
-2063
-1871
-1628
-196
1155
967
695
2128
3941
4135
3833
5186
7105
7513
7034
7218
7921
7859
7124
6208
5134
4423
3700
2284
379
-818
-1092
-2026
-3708
-4806
-5087
-5639
-6589
-6935
-6787
-6877
-6940
-6321
-5490
-5186
-4855
-3730
-2338
-1826
-1906
-1077
563
1313
825
1090
2761
3923
3617
3703
5479
6928
6814
6508
7136
7838
7478
6757
6147
5354
4380
3234
1956
394
-861
-1657
-2722
-4054
-5158
-5704
-6165
-6629
-6857
-7003
-6862
-6372
-5778
-5497
-5385
-4704
-3686
-2987
-2847
-2506
-1496
-522
-241
-405
357
1873
2744
2832
3477
5126
6252
6339
6431
6966
7289
6992
6707
6167
5081
4147
3613
2766
894
-547
-976
-1721
-3315
-4836
-5193
-5323
-6099
-6886
-7008
-6448
-6048
-5859
-5532
-5015
-4237
-3590
-2995
-2591
-2183
-1407
-572
-169
-139
711
2191
3106
3341
3894
5432
6613
6884
7016
7226
7467
7450
7171
6174
4870
4301
3868
2470
359
-670
-753
-1708
-3545
-4731
-4697
-4941
-5870
-6357
-6122
-5763
-5615
-5206
-4681
-4357
-3831
-3149
-2560
-2276
-1925
-1130
-292
89
69
695
2057
3001
2992
3222
4701
6027
6151
5902
6184
6780
6648
5943
5153
4346
3688
3012
1889
237
-1004
-1433
-2140
-3605
-4883
-5197
-5210
-5635
-6145
-6179
-5671
-5129
-4861
-4708
-4200
-3377
-2807
-2572
-2335
-1888
-1391
-917
-427
-209
289
1485
2724
3173
3392
4661
6240
6803
6615
6844
7538
7653
7150
6263
5210
4567
4023
2818
873
-440
-737
-1619
-3464
-4882
-5021
-5111
-6016
-6663
-6535
-6249
-6308
-6217
-5707
-5291
-4980
-4496
-3751
-3287
-3262
-2901
-1818
-863
-921
-707
887
2609
2913
2862
4472
6573
7073
6622
7046
8138
8072
7158
6607
6158
5401
4258
3189
1925
560
-325
-1186
-2321
-3532
-4249
-4562
-5145
-5715
-5986
-5989
-5832
-5696
-5420
-5193
-4977
-4479
-3802
-3327
-3241
-2849
-1828
-1034
-1027
-738
705
2148
2404
2597
4138
5832
6185
6110
6809
7692
7521
6902
6689
6159
5047
3912
3096
1862
141
-843
-1404
-2543
-4012
-4765
-4797
-5229
-5847
-5983
-5887
-5796
-5524
-5049
-4895
-4887
-4364
-3495
-3060
-3060
-2579
-1518
-790
-847
-604
810
2254
2739
2944
4154
5852
6512
6703
7439
8318
8360
7896
7929
7567
6195
4892
4380
3578
1558
-104
-623
-1258
-2836
-4298
-4661
-4785
-5423
-6242
-6613
-6472
-6205
-6136
-6270
-6062
-5360
-4671
-4403
-4249
-3680
-2957
-2311
-1828
-1321
-439
654
1805
2594
3384
4610
5828
6780
7247
7600
8012
8215
8150
7438
6246
5352
4768
3707
1813
285
-346
-1245
-2805
-4075
-4494
-4843
-5582
-6090
-6313
-6507
-6488
-6274
-6213
-6385
-6119
-5319
-4817
-4725
-4451
-3682
-2799
-2184
-1746
-1049
216
1614
2529
3303
4683
6317
7328
7829
8374
8969
9117
8838
8325
7348
6163
5105
4201
2836
864
-460
-998
-1935
-3701
-5094
-5175
-5165
-6083
-7091
-6974
-6163
-6135
-6696
-6700
-5943
-5283
-5215
-4772
-3899
-3302
-2890
-2065
-886
-324
227
1830
3658
4428
4800
6381
8321
8925
8583
8712
9452
9435
8388
7202
6323
5578
4505
2899
1011
-342
-1042
-2152
-3949
-5374
-5696
-5755
-6501
-7319
-7493
-7277
-7166
-7164
-7018
-6768
-6282
-5512
-4842
-4464
-4126
-3250
-1931
-1029
-820
-213
1650
3584
4267
4583
6074
8134
9070
8999
9247
9965
10071
9481
8820
7900
6720
5776
4910
3213
904
-467
-888
-2012
-4075
-5413
-5491
-5766
-6895
-7872
-7940
-7725
-7919
-8194
-8108
-7721
-7301
-6820
-6154
-5515
-4840
-3847
-2581
-1513
-902
204
2125
3722
4365
5057
6762
8392
8840
8799
9095
9636
9558
8861
7984
6899
5929
4945
3518
1462
-304
-1147
-2205
-3937
-5462
-6030
-6262
-7119
-7954
-8249
-8221
-8152
-8024
-7752
-7657
-7316
-6589
-5755
-5012
-4414
-3339
-1882
-525
317
960
2495
4332
5414
5810
6655
8387
9509
9632
9714
10161
10526
10222
9540
8479
7052
5918
4809
3010
562
-1158
-1904
-3258
-5320
-6797
-7189
-7590
-8650
-9425
-9464
-9188
-8972
-8756
-8308
-7739
-6894
-5786
-4807
-4074
-3336
-2044
-448
643
1088
1809
3534
5213
5857
6090
7154
8809
9608
9577
9676
10184
10364
9747
8830
7691
6401
5248
3989
2140
-38
-1439
-2255
-3643
-5598
-6990
-7437
-7962
-8859
-9499
-9600
-9373
-9112
-8837
-8558
-7964
-6795
-5591
-4755
-4086
-3047
-1558
-262
613
1326
2465
4145
5443
6019
6486
7705
9322
10080
10130
10187
10544
10728
10193
9196
7734
6356
5296
3767
1430
-981
-2283
-3160
-4902
-6948
-8075
-8247
-8722
-9690
-10241
-10096
-9542
-9211
-8970
-8461
-7527
-6243
-5120
-4140
-3184
-2138
-880
367
1353
1848
2583
4220
5843
6445
6569
7795
9600
10187
9610
9295
9878
9840
8563
7137
5932
4836
3373
1537
-485
-2604
-4013
-4986
-6448
-8189
-9311
-9429
-9450
-9847
-10059
-9663
-8688
-7722
-7089
-6479
-5483
-4053
-2891
-2284
-1598
-441
923
1853
2358
2888
3853
5267
6332
6815
7236
8370
9799
10269
10007
9905
10228
10223
9290
7931
6452
5119
3762
1867
-424
-2645
-3982
-4944
-6496
-8243
-9331
-9321
-9214
-9619
-9897
-9462
-8225
-7227
-6887
-6456
-5320
-3695
-2660
-2204
-1468
-361
860
1642
2189
2732
3338
4541
5739
6309
6361
6915
8400
9207
8802
8361
8646
9003
8087
6541
5137
3754
2469
777
-1281
-3464
-5007
-5557
-6502
-8115
-9192
-8949
-8344
-8692
-9030
-8447
-7252
-6252
-5871
-5338
-4418
-3175
-1930
-1160
-511
304
1449
2512
3045
3379
3802
4797
6020
6566
6541
6801
8024
8983
8649
7907
7745
8017
7375
5790
4154
2789
1620
60
-1954
-4001
-5423
-5914
-6571
-7726
-8651
-8697
-7972
-7787
-8034
-7852
-6971
-5700
-5099
-4919
-4340
-3144
-1858
-1342
-986
-132
901
1772
2370
2968
3380
3809
4855
5802
5864
5587
6504
8160
8394
7304
6672
7094
6990
5342
3566
2501
1619
213
-1584
-3057
-4396
-5322
-5753
-6358
-7246
-7810
-7332
-6585
-6623
-6835
-6296
-5039
-4073
-3845
-3494
-2398
-956
-6
370
888
1791
2759
3381
3643
3887
4213
4845
5523
5670
5467
5607
6397
6735
6013
5265
5286
5420
4494
2903
1809
1163
382
-817
-2163
-3356
-4299
-4700
-5109
-6093
-6956
-6868
-6119
-5971
-6490
-6433
-5534
-4549
-4137
-4027
-3456
-2424
-1438
-817
-327
469
1393
2094
2529
2944
3320
3704
4417
5027
5110
4972
5408
6245
6209
5298
4778
4999
4967
3892
2680
1941
1195
267
-676
-1655
-2892
-3771
-3961
-4340
-5273
-5801
-5231
-4575
-4861
-5201
-4543
-3436
-2989
-2934
-2463
-1676
-956
-437
81
614
1013
1459
2045
2449
2455
2249
2501
3276
3549
3157
2937
3575
4344
4056
3505
3608
3922
3634
2730
2226
1873
1167
363
-408
-1197
-2364
-3210
-3308
-3652
-4629
-5384
-5103
-4578
-4914
-5401
-5075
-4207
-3706
-3670
-3376
-2671
-1888
-1294
-843
-244
379
907
1468
1907
2078
1994
2085
2620
2836
2582
2540
3257
4086
3903
3488
3816
4389
4316
3575
3135
2925
2398
1776
1112
206
-1024
-1764
-1832
-2469
-3873
-4803
-4463
-4073
-4739
-5339
-4852
-3877
-3563
-3750
-3241
-2162
-1298
-814
-418
227
811
1181
1531
1699
1655
1529
1736
2229
2343
2037
1903
2641
3566
3667
3479
3850
4711
4951
4303
3770
3422
2865
2083
1307
538
-520
-1321
-1733
-2413
-3524
-4375
-4331
-4274
-4811
-5255
-4975
-4149
-3661
-3552
-3182
-2412
-1336
-545
-174
297
951
1529
1678
1558
1477
1284
1168
1439
1776
1751
1587
2181
3275
3566
3247
3612
4661
5014
4362
3992
4033
3547
2537
1693
994
-329
-1654
-2163
-2799
-4165
-5340
-5323
-4988
-5655
-6441
-6128
-5153
-4455
-4289
-3966
-3165
-2138
-1274
-930
-720
-169
600
1055
904
741
901
945
980
1259
1671
1845
2042
2963
3850
3983
4050
4747
5611
5466
4743
4499
4322
3525
2180
962
-82
-1291
-2370
-3351
-4453
-5403
-5829
-5841
-5996
-6200
-5869
-5105
-4213
-3556
-3087
-2479
-1570
-580
-215
-164
337
1101
1417
1214
1226
1660
1865
1740
1923
2438
2757
2832
3319
4212
4585
4507
4896
5723
5876
5164
4804
4913
4367
2988
1631
760
-431
-1966
-3016
-3778
-4731
-5736
-6109
-5989
-6107
-6262
-5823
-4894
-4120
-3858
-3486
-2550
-1620
-1267
-1263
-839
-61
275
204
363
849
1160
1103
1245
1873
2479
2710
2978
3748
4605
4891
4908
5219
5656
5539
5023
4702
4313
3481
2285
1107
-38
-1442
-2660
-3479
-4349
-5274
-5806
-5737
-5536
-5480
-5211
-4568
-3684
-2889
-2447
-2044
-1280
-411
0
19
418
1143
1350
1051
1004
1330
1399
1139
1277
1863
2121
2098
2548
3552
4116
3991
4273
5075
5300
4642
4108
4045
3408
1926
669
-99
-1265
-2965
-4127
-4654
-5377
-6297
-6600
-6246
-6094
-6154
-5663
-4640
-3815
-3422
-2980
-2110
-1171
-599
-467
-208
470
848
589
396
704
1030
826
526
801
1335
1576
1603
2000
2840
3380
3531
4000
4781
5146
4746
4473
4601
4015
2615
1440
840
-160
-1864
-2978
-3301
-3943
-4921
-5302
-4779
-4400
-4444
-4007
-3152
-2451
-2093
-1598
-718
-162
-13
174
688
1139
908
569
812
1283
1176
698
854
1469
1720
1727
2121
2847
3409
3879
4416
4879
5145
5189
5124
4883
4387
3577
2464
1439
606
-546
-2130
-3238
-3565
-4065
-5036
-5545
-4987
-4407
-4535
-4628
-4013
-3059
-2601
-2462
-2166
-1670
-1200
-1078
-1031
-900
-898
-922
-807
-543
-565
-760
-347
371
650
739
1381
2476
3119
3387
4023
4844
5361
5465
5540
5533
5144
4473
3475
2422
1492
481
-790
-2004
-2654
-3214
-4136
-4824
-4707
-4306
-4434
-4532
-3867
-3034
-2776
-2820
-2434
-1836
-1587
-1612
-1462
-1027
-825
-959
-845
-401
-93
-147
73
802
1233
1318
1700
2570
3099
3077
3606
4587
4979
4686
4508
4802
4734
4075
3238
2429
1747
905
-245
-1562
-2500
-2853
-3374
-4341
-4984
-4903
-4722
-4871
-4807
-4308
-3834
-3583
-3219
-2731
-2565
-2512
-2123
-1538
-1184
-1044
-636
7
394
583
866
1411
1969
2269
2670
3275
3776
3986
4152
4603
4953
4972
4920
4928
4829
4396
3838
3201
2381
1565
662
-424
-1604
-2447
-2895
-3685
-4558
-4877
-4631
-4541
-4778
-4548
-3941
-3456
-3207
-2892
-2334
-1862
-1474
-1079
-712
-229
206
508
814
1277
1766
1943
2097
2510
2838
2983
3185
3623
3838
3716
3854
4079
4012
3718
3562
3507
3103
2596
2008
1150
355
-318
-1133
-2346
-3305
-3416
-3791
-4770
-5254
-4883
-4571
-4925
-4941
-4208
-3669
-3521
-3216
-2548
-2020
-1721
-1124
-464
-79
205
719
1366
1781
2017
2240
2569
3027
3132
2928
2888
3180
3336
2918
2697
2939
3096
2837
2337
2176
2009
1439
818
217
-303
-913
-1635
-2238
-2805
-3171
-3562
-4015
-4172
-4138
-4080
-4103
-3805
-3189
-2903
-2720
-2148
-1331
-785
-572
-50
745
1236
1515
1779
2134
2380
2286
2180
2198
2283
2178
1789
1632
1672
1555
1204
1008
1296
1426
1174
1028
1253
1445
1065
718
709
482
4
-455
-762
-1253
-1898
-2177
-2426
-2838
-3067
-2997
-2706
-2561
-2321
-1804
-1363
-904
-431
39
529
949
1507
1890
1959
2062
2145
2167
2014
1753
1528
1175
831
472
74
-121
-246
-363
-517
-496
-221
-20
229
564
917
1243
1447
1670
1636
1327
1261
1153
646
-95
-608
-862
-1410
-2031
-2288
-2263
-2165
-2101
-1883
-1546
-1120
-546
-115
103
344
693
959
844
675
637
492
246
-7
-196
-437
-614
-634
-858
-1190
-1113
-685
-518
-758
-520
367
1006
1174
1465
2169
2696
2720
2808
2955
2797
2432
2047
1538
671
-107
-481
-885
-1659
-2310
-2356
-2239
-2262
-2241
-1986
-1603
-1374
-1210
-1074
-1034
-897
-753
-916
-1261
-1416
-1356
-1480
-1831
-2069
-2087
-2002
-1967
-1980
-1954
-1759
-1217
-588
-156
313
1088
2041
2805
3331
3883
4471
4958
5161
5022
4673
4272
3890
3220
2201
1195
520
4
-751
-1546
-1987
-2119
-2185
-2328
-2401
-2279
-2034
-1770
-1718
-1853
-1949
-1868
-1800
-2063
-2374
-2349
-2191
-2135
-2230
-2252
-2056
-1748
-1316
-999
-828
-383
404
1208
1616
1989
2953
3852
4212
4403
4775
5258
5320
5056
4667
3980
3285
2713
2004
930
-200
-763
-1132
-1889
-2709
-3021
-2934
-2988
-3221
-3304
-3268
-3152
-2981
-2889
-3003
-3075
-2704
-2241
-2165
-2292
-2058
-1370
-814
-652
-469
16
707
1138
1255
1492
2054
2729
3044
3078
3308
3796
4249
4436
4441
4375
4292
4275
4037
3371
2565
1981
1459
608
-500
-1394
-1923
-2466
-3179
-3829
-4161
-4270
-4301
-4317
-4382
-4343
-4018
-3590
-3397
-3451
-3287
-2686
-2166
-2016
-1868
-1394
-759
-319
4
356
691
1148
1681
2043
2077
2184
2706
3081
3011
2834
2954
3258
3283
3144
2964
2833
2757
2584
2182
1547
1138
967
445
-471
-1179
-1375
-1673
-2393
-2928
-3086
-3163
-3210
-3124
-2966
-2931
-2798
-2283
-1843
-1819
-1808
-1333
-638
-457
-539
-260
246
555
551
690
980
1211
1340
1329
1323
1333
1439
1593
1550
1363
1364
1744
2072
1973
1766
1796
1991
1980
1648
1266
965
794
550
-67
-836
-1336
-1415
-1498
-1982
-2459
-2457
-2186
-2081
-2095
-1883
-1502
-1198
-1022
-873
-658
-476
-284
-134
-99
-86
-2
219
344
307
322
489
739
784
608
498
588
828
928
812
759
954
1368
1630
1643
1796
2154
2465
2489
2305
2158
2017
1827
1463
815
134
-267
-419
-773
-1354
-1673
-1614
-1545
-1752
-1948
-1784
-1566
-1463
-1405
-1372
-1319
-1305
-1209
-1145
-1263
-1293
-1169
-1054
-1081
-1145
-1038
-820
-604
-530
-479
-273
-117
16
176
325
522
755
1101
1474
1649
1821
2105
2331
2330
2160
2067
1957
1742
1355
817
368
21
-287
-636
-1055
-1402
-1592
-1658
-1822
-2035
-2033
-1932
-1893
-2053
-2301
-2268
-2082
-2026
-2110
-2153
-1957
-1684
-1393
-1100
-882
-521
-33
442
759
930
1203
1524
1812
2010
2100
2214
2361
2641
2900
2887
2805
2820
2929
2867
2593
2357
2154
1900
1562
1099
635
171
-205
-510
-878
-1138
-1320
-1402
-1460
-1583
-1617
-1625
-1666
-1775
-2003
-2117
-2118
-2174
-2328
-2403
-2214
-1983
-1870
-1702
-1410
-1046
-659
-234
167
423
665
952
1177
1328
1505
1686
1729
1824
2103
2247
2241
2406
2668
2705
2539
2479
2501
2283
1969
1712
1379
905
459
215
-169
-783
-1170
-1320
-1529
-1978
-2393
-2493
-2580
-2783
-3010
-3057
-2968
-2947
-2903
-2738
-2365
-2017
-1798
-1407
-890
-494
-231
24
349
538
626
820
893
807
791
1024
1322
1367
1398
1716
2090
2312
2494
2760
3012
3160
3238
3202
3046
2780
2421
1982
1426
843
253
-407
-1070
-1668
-2194
-2700
-3119
-3403
-3735
-4026
-4092
-4053
-3999
-3920
-3703
-3311
-2945
-2578
-2171
-1746
-1299
-786
-223
213
549
901
1209
1499
1804
1946
1983
2098
2302
2454
2520
2671
2907
3090
3252
3446
3554
3481
3401
3383
3180
2694
2120
1527
895
238
-412
-1152
-2050
-2764
-3151
-3467
-3845
-4150
-4185
-4114
-4060
-3927
-3847
-3757
-3425
-2878
-2480
-2317
-1893
-1208
-638
-188
360
1039
1622
2114
2661
3117
3354
3485
3705
3858
3818
3639
3468
3397
3290
3094
2827
2577
2413
2233
1935
1643
1410
1015
488
95
-267
-887
-1615
-2081
-2393
-2888
-3453
-3776
-3986
-4286
-4497
-4406
-4279
-4245
-3979
-3459
-2997
-2697
-2327
-1765
-1132
-529
113
722
1286
1918
2502
2913
3255
3623
3917
4021
3982
3767
3358
2964
2635
2231
1693
1212
941
756
514
296
228
191
135
70
-152
-430
-652
-903
-1267
-1675
-1976
-2246
-2626
-2986
-3095
-3088
-3161
-3154
-3005
-2788
-2533
-2199
-1745
-1310
-958
-520
85
633
1089
1575
2099
2597
2929
3115
3266
3287
3144
2858
2473
2013
1390
682
88
-382
-845
-1268
-1475
-1451
-1401
-1401
-1211
-867
-573
-319
-46
174
211
217
265
143
-169
-385
-408
-572
-871
-1003
-1024
-1067
-1145
-1140
-1038
-908
-712
-461
-220
-4
248
525
704
886
1121
1318
1436
1497
1532
1435
1210
1031
866
543
165
-101
-353
-709
-1024
-1129
-1078
-1055
-956
-590
-102
297
636
972
1342
1687
1910
1973
1941
1923
1882
1698
1327
902
536
177
-155
-444
-737
-985
-1114
-1162
-1283
-1478
-1520
-1425
-1359
-1320
-1208
-1070
-957
-845
-726
-644
-633
-575
-535
-615
-756
-875
-940
-983
-1040
-1036
-951
-762
-431
-39
319
686
1186
1737
2173
2559
2870
3113
3267
3249
3061
2698
2304
1920
1409
767
168
-298
-730
-1205
-1672
-1984
-2153
-2306
-2400
-2388
-2361
-2353
-2307
-2251
-2218
-2158
-2047
-1921
-1807
-1702
-1619
-1487
-1176
-802
-519
-342
-51
360
659
793
967
1210
1338
1414
1541
1758
1876
1941
2172
2468
2646
2732
2768
2781
2771
2669
2409
1970
1543
1193
699
2
-707
-1246
-1645
-1998
-2252
-2417
-2535
-2508
-2333
-2141
-2045
-1932
-1672
-1437
-1293
-1218
-1164
-1067
-984
-827
-659
-556
-360
-47
268
520
749
998
1248
1430
1573
1683
1694
1697
1673
1556
1390
1248
1212
1157
1051
974
878
744
613
491
328
97
-67
-163
-325
-600
-867
-1030
-1172
-1318
-1450
-1529
-1564
-1570
-1586
-1555
-1485
-1450
-1412
-1293
-1095
-906
-762
-582
-286
0
250
487
754
1035
1216
1423
1644
1730
1719
1689
1675
1590
1429
1316
1176
984
835
760
756
687
587
606
663
673
624
599
584
498
344
182
33
-227
-484
-634
-776
-1027
-1290
-1402
-1460
-1582
-1783
-1922
-1899
-1862
-1899
-1957
-1939
-1849
-1753
-1632
-1461
-1277
-988
-573
-147
188
430
694
1000
1265
1354
1335
1371
1403
1297
1075
858
715
569
431
381
416
445
453
517
578
641
740
829
885
854
762
645
500
270
-57
-310
-428
-551
-797
-1074
-1286
-1454
-1641
-1798
-1887
-1911
-1898
-1835
-1711
-1574
-1440
-1252
-890
-459
-41
338
706
1100
1393
1574
1750
1906
2014
1971
1838
1742
1664
1532
1322
1145
1027
984
984
1016
1056
1073
1080
1095
1055
929
795
665
483
195
-148
-494
-775
-1028
-1325
-1619
-1861
-2006
-2129
-2312
-2468
-2502
-2464
-2439
-2354
-2169
-1967
-1708
-1348
-885
-422
-82
308
798
1250
1558
1749
1903
2031
2076
2022
1923
1744
1507
1367
1317
1271
1228
1273
1417
1511
1544
1578
1595
1593
1565
1431
1238
1042
783
413
1
-400
-827
-1224
-1623
-2005
-2340
-2639
-2841
-2953
-3028
-3073
-2977
-2781
-2580
-2421
-2251
-1993
-1700
-1385
-1041
-644
-280
76
416
644
774
881
1010
1117
1163
1185
1211
1203
1172
1115
1053
1007
1030
1121
1172
1200
1270
1277
1240
1142
993
834
645
429
171
-151
-438
-656
-902
-1201
-1479
-1599
-1632
-1671
-1736
-1798
-1760
-1619
-1448
-1293
-1077
-774
-418
-65
227
435
659
1000
1335
1559
1702
1845
1977
2033
1974
1835
1695
1573
1427
1220
1000
852
742
653
601
573
530
500
493
458
371
283
195
3
-272
-568
-864
-1181
-1480
-1778
-2022
-2186
-2296
-2386
-2462
-2466
-2359
-2178
-2024
-1805
-1531
-1215
-851
-508
-149
218
566
918
1257
1548
1789
1949
2025
2091
2100
2006
1873
1746
1646
1487
1252
1053
902
742
594
524
533
534
514
502
490
450
369
318
245
133
12
-142
-393
-681
-888
-1098
-1345
-1523
-1577
-1632
-1705
-1735
-1687
-1593
-1507
-1412
-1281
-1079
-843
-633
-487
-320
-117
65
260
409
512
605
692
734
670
503
338
227
97
-94
-280
-332
-335
-322
-307
-268
-143
27
203
315
359
424
532
573
542
445
290
122
-27
-135
-294
-447
-543
-613
-715
-863
-942
-885
-776
-705
-614
-455
-271
-93
21
135
324
545
745
901
1003
1065
1144
1177
1154
1113
1092
1116
1141
1100
954
793
746
750
714
683
688
789
886
951
993
988
999
969
847
626
367
111
-156
-488
-845
-1138
-1414
-1664
-1880
-2026
-2110
-2169
-2151
-2065
-1970
-1854
-1692
-1498
-1312
-1157
-992
-842
-705
-515
-325
-143
10
149
271
397
502
580
632
691
816
884
913
944
1000
1100
1196
1303
1441
1545
1631
1681
1719
1750
1696
1625
1512
1342
1147
868
525
181
-185
-537
-822
-1043
-1171
-1278
-1355
-1365
-1396
-1392
-1316
-1203
-1029
-827
-646
-494
-369
-252
-128
-7
116
231
336
448
504
474
390
311
240
165
46
-94
-172
-221
-277
-365
-424
-444
-469
-468
-414
-363
-341
-320
-336
-397
-442
-465
-504
-587
-693
-781
-831
-868
-934
-1027
-1073
-1010
-891
-786
-698
-567
-396
-245
-86
55
168
283
384
499
648
798
913
1014
1137
1223
1271
1284
1303
1304
1275
1231
1212
1198
1133
1018
911
871
858
854
828
795
737
663
618
534
392
246
153
93
13
-93
-199
-287
-391
-505
-641
-764
-859
-930
-956
-1006
-1067
-1067
-987
-873
-767
-689
-615
-540
-460
-382
-363
-329
-254
-192
-134
-68
-19
48
127
185
232
274
318
372
455
509
529
577
671
769
755
688
616
558
526
463
334
145
-15
-121
-189
-269
-408
-556
-693
-810
-941
-1102
-1236
-1315
-1330
-1321
-1331
-1316
-1240
-1126
-993
-817
-639
-488
-301
-81
132
307
435
575
693
761
787
824
888
909
916
921
941
992
1091
1193
1248
1296
1322
1323
1290
1267
1258
1189
1059
936
778
550
307
60
-207
-484
-725
-950
-1157
-1396
-1600
-1728
-1848
-1966
-2030
-2023
-1988
-1875
-1714
-1557
-1374
-1151
-891
-639
-411
-141
166
465
709
931
1111
1242
1341
1420
1475
1472
1469
1463
1381
1251
1103
947
827
750
690
639
568
498
422
327
220
97
-18
-127
-247
-433
-655
-848
-1022
-1189
-1306
-1369
-1392
-1427
-1456
-1422
-1346
-1268
-1179
-1059
-921
-777
-636
-469
-239
-21
159
334
492
638
782
948
1103
1176
1168
1132
1112
1104
1027
886
754
675
615
510
381
292
238
210
206
172
88
-3
-41
-29
-19
-45
-84
-110
-137
-161
-173
-179
-164
-177
-189
-190
-185
-189
-177
-148
-125
-95
-96
-106
-100
-71
-19
92
211
284
329
356
421
458
416
351
275
199
105
4
-120
-252
-351
-443
-495
-493
-475
-468
-482
-492
-468
-416
-362
-292
-199
-66
69
178
265
294
326
402
470
498
449
350
241
108
-30
-181
-369
-533
-614
-648
-708
-816
-908
-952
-967
-970
-929
-839
-708
-611
-531
-433
-305
-177
-90
-20
37
109
162
203
259
286
266
256
299
349
386
414
458
542
628
718
789
861
928
1016
1110
1166
1181
1154
1090
982
856
709
534
373
211
20
-200
-425
-637
-861
-1040
-1125
-1163
-1200
-1236
-1220
-1165
-1062
-961
-857
-699
-533
-328
-119
57
194
334
479
616
728
834
949
1045
1093
1101
1042
986
997
986
936
898
882
856
810
762
728
678
632
601
532
386
209
75
-43
-180
-362
-546
-751
-964
-1135
-1289
-1414
-1558
-1694
-1789
-1835
-1850
-1856
-1815
-1698
-1545
-1375
-1191
-993
-786
-553
-341
-154
45
196
316
420
530
629
709
765
786
768
770
813
856
883
900
918
903
885
837
763
719
682
618
508
423
378
347
307
237
155
56
-51
-171
-302
-407
-501
-581
-649
-723
-803
-826
-782
-729
-673
-632
-580
-488
-393
-291
-196
-74
69
205
335
429
475
486
510
535
568
611
643
680
701
703
702
702
686
669
672
630
579
511
423
336
243
133
35
-54
-152
-239
-306
-372
-482
-611
-721
-824
-914
-976
-1027
-1068
-1100
-1105
-1064
-987
-911
-833
-737
-630
-537
-434
-282
-125
8
137
261
353
445
529
578
592
602
654
693
707
714
695
623
573
578
593
589
552
515
463
409
377
331
271
213
153
92
15
-46
-97
-158
-213
-256
-310
-349
-379
-403
-399
-406
-401
-387
-358
-320
-260
-177
-118
-51
10
18
26
77
127
166
193
219
237
264
259
236
209
151
124
99
57
2
-71
-123
-160
-199
-243
-253
-242
-238
-244
-307
-340
-352
-353
-323
-322
-332
-342
-327
-312
-311
-303
-296
-261
-235
-185
-96
-40
-14
34
109
168
191
229
309
374
411
439
460
483
491
483
475
429
389
357
291
205
121
63
3
-36
-72
-116
-131
-138
-132
-143
-166
-156
-104
-58
-45
-64
-89
-94
-95
-80
-64
-59
-61
-51
-55
-77
-131
-173
-166
-117
-65
-39
-18
-28
-58
-84
-120
-172
-190
-161
-103
-60
-71
-121
-125
-67
-21
7
40
56
61
85
84
64
29
17
39
99
183
235
263
289
317
366
395
413
415
421
443
431
419
423
426
452
474
456
425
398
363
309
264
216
135
41
-28
-101
-178
-228
-277
-333
-390
-440
-486
-531
-547
-544
-548
-553
-549
-549
-570
-599
-605
-585
-550
-508
-480
-444
-391
-337
-285
-241
-210
-196
-174
-109
-64
-58
-31
0
37
94
127
137
136
161
189
209
232
213
200
197
177
144
128
99
68
36
12
-11
-41
-58
-68
-70
-59
-20
40
106
149
181
199
206
220
246
267
273
306
336
337
332
328
341
387
447
481
453
437
434
430
433
416
381
337
287
225
186
146
87
66
78
46
-16
-66
-145
-210
-233
-262
-321
-390
-433
-484
-491
-474
-524
-579
-579
-538
-504
-467
-453
-482
-488
-458
-403
-355
-332
-295
-280
-287
-287
-275
-219
-161
-116
-46
16
47
93
133
163
190
244
284
297
333
338
350
368
370
388
404
393
378
380
373
365
362
364
357
339
303
233
186
186
168
146
154
144
84
55
67
21
-35
-47
-53
-78
-118
-163
-207
-242
-261
-265
-254
-266
-307
-317
-312
-314
-310
-277
-265
-276
-255
-281
-324
-338
-314
-275
-237
-155
-74
-19
5
5
12
1
16
56
80
96
101
115
102
81
105
171
224
255
276
245
193
170
161
137
119
120
134
129
113
95
78
99
131
133
73
3
-33
-37
-3
7
-41
-88
-106
-101
-97
-117
-126
-106
-92
-83
-69
-63
-73
-87
-61
-16
11
15
-1
-5
10
29
57
68
70
78
104
129
114
73
38
26
30
38
25
21
21
11
19
24
42
27
-12
-11
3
-10
-51
-71
-79
-83
-102
-120
-118
-119
-102
-93
-89
-87
-72
-43
-27
-25
-29
-7
-11
3
22
15
34
48
49
57
73
73
89
84
79
93
121
150
139
110
88
52
24
16
11
4
-4
-2
0
1
2
15
7
-5
-13
-30
-54
-67
-86
-107
-103
-103
-98
-104
-113
-114
-105
-67
-21
12
36
41
42
20
-13
-27
-33
-37
-46
-37
-23
5
8
-3
-8
-38
-40
-23
-11
0
2
-1
2
-6
-20
-22
-18
5
28
58
59
24
16
25
35
35
34
26
-3
-34
-62
-68
-63
-57
-45
-28
-25
-36
-31
-49
-58
-35
19
63
67
81
105
137
145
148
153
153
147
149
155
148
133
143
134
112
68
20
-20
-48
-54
-59
-58
-61
-56
-69
-88
-87
-77
-90
-80
-69
-72
-61
-59
-53
-56
-72
-78
-80
-67
-65
-98
-139
-153
-153
-148
-138
-140
-115
-58
10
32
33
43
54
88
118
123
114
99
102
109
119
129
142
169
188
178
148
119
108
108
93
65
24
13
17
4
-10
-30
-48
-37
-10
2
5
-8
-24
-24
-30
-59
-78
-88
-105
-126
-140
-147
-143
-118
-100
-78
-38
-19
-9
-22
-22
-14
-11
0
-1
-3
16
27
26
39
53
66
80
65
48
36
10
-7
-34
-47
-62
-63
-62
-77
-90
-101
-82
-67
-56
-40
-30
-25
-10
12
27
26
23
31
32
24
13
-1
-2
0
-2
7
0
7
23
31
19
1
12
17
25
32
24
8
15
43
49
40
38
50
70
67
71
69
43
35
20
17
21
12
16
2
-31
-42
-39
-58
-47
-34
-57
-60
-61
-72
-66
-30
11
17
23
46
47
24
13
24
32
30
17
13
16
21
12
22
36
35
38
38
29
41
47
48
25
-14
-45
-56
-26
-15
-16
-15
-11
-23
-10
10
11
50
89
96
93
66
34
21
36
44
48
52
18
-13
-9
-14
-22
-5
26
46
20
-16
-45
-72
-95
-99
-90
-83
-89
-87
-73
-83
-103
-96
-93
-78
-46
-28
-25
-43
-58
-65
-70
-91
-91
-38
8
34
35
14
2
17
45
64
57
41
44
43
41
47
57
84
94
75
37
26
52
32
9
-13
-44
-48
-48
-55
-62
-81
-106
-112
-105
-107
-94
-75
-47
-11
11
4
-18
-11
22
49
67
66
32
8
30
54
52
64
86
98
80
50
33
31
34
68
106
97
65
49
58
58
54
60
50
24
14
11
5
-7
-19
-14
-13
-38
-55
-59
-62
-42
-16
2
-5
-14
-13
-43
-73
-86
-76
-57
-49
-33
-21
-11
9
32
51
63
49
39
22
-7
-18
-21
-19
4
24
16
-12
-5
15
22
33
35
41
35
41
39
29
30
53
93
86
62
35
16
-8
-34
-13
0
17
12
-19
-39
-65
-75
-74
-82
-88
-82
-77
-40
-3
4
11
6
-12
-11
-21
-37
-25
-24
-36
-57
-65
-94
-98
-52
-19
-24
-30
-39
-81
-78
-54
-31
8
40
68
58
19
-14
-20
3
14
31
57
60
53
33
24
-3
-16
-6
-21
-30
-20
4
38
60
33
9
1
19
34
40
53
33
16
6
-5
3
19
14
17
32
15
-15
-25
-34
-30
-13
5
-4
-11
-4
-5
-5
-17
-17
-11
18
61
75
68
43
24
14
5
9
19
29
34
43
40
24
23
16
5
-11
-9
-5
-11
-26
-40
-34
-26
-35
-43
-42
-58
-63
-25
26
59
82
86
63
43
22
-9
-9
1
0
10
14
13
7
1
