3
-2
-8
-15
-22
-29
-35
-35
-23
-9
-1
5
18
27
35
41
43
39
36
38
35
37
34
29
37
48
57
74
65
53
43
18
10
9
5
12
15
20
25
24
25
29
25
6
5
7
4
2
-6
-7
0
1
-2
-2
-17
-22
-14
-13
-27
-39
-30
-29
-29
-27
-22
-23
-35
-48
-52
-42
-33
-29
-29
-29
-26
-15
-9
-15
-19
-21
-18
-18
-16
-10
-10
-5
-4
-11
-11
1
20
33
35
21
10
4
-6
-6
13
25
25
18
11
6
-5
-13
-11
-3
-1
4
-1
-3
10
22
32
26
29
46
44
38
21
7
-1
-10
-8
1
5
-1
-5
-11
-25
-31
-30
-33
-33
-34
-29
-15
-3
8
14
13
17
17
3
4
12
13
19
21
18
9
0
-14
-23
-21
-7
4
9
24
32
29
28
29
11
-5
-11
-22
-34
-39
-36
-39
-44
-38
-26
-15
-12
-15
-11
-12
-8
1
5
11
11
6
5
2
6
10
13
10
5
9
3
-2
3
9
7
-7
-9
-8
-5
7
22
16
11
14
7
13
20
17
7
-6
-13
-14
-17
-23
-26
-28
-20
-5
1
-1
-7
-11
-5
10
24
34
44
44
48
52
47
42
41
37
35
32
23
20
16
2
-5
-1
-7
-16
-16
-6
-2
-6
-8
-21
-28
-23
-4
8
23
37
40
39
32
18
-6
-24
-39
-48
-55
-65
-70
-73
-73
-65
-46
-28
-12
-21
-32
-34
-30
-20
-11
-3
5
12
9
-6
-12
-18
-30
-23
-10
-13
-18
-13
-5
-2
2
10
27
50
52
45
33
25
21
14
9
1
4
28
34
30
25
4
-3
2
1
6
7
1
-8
-17
-29
-27
-30
-27
-14
-12
-3
12
16
19
22
17
10
9
8
4
6
12
29
34
12
4
0
-9
6
23
19
38
56
34
23
29
30
19
5
-2
-12
-22
-28
-30
-32
-27
-29
-37
-46
-49
-39
-32
-38
-44
-45
-38
-42
-50
-37
-19
-2
14
32
55
74
84
81
66
43
30
16
-6
-7
-5
-5
9
13
12
9
-5
-13
-22
-29
-30
-25
-16
-6
15
30
47
63
70
73
58
37
26
24
-3
-18
-17
-40
-53
-47
-43
-34
-24
-31
-33
-16
2
22
36
39
29
16
7
-6
-21
-9
8
7
7
15
7
-12
-17
-32
-54
-77
-83
-75
-71
-68
-61
-41
-29
-23
6
25
16
17
41
27
20
28
23
21
16
9
-7
-20
-21
-16
-19
-15
-20
-49
-56
-48
-36
-34
-9
22
17
1
10
27
30
26
13
-15
-29
11
27
-5
-20
-2
11
31
58
59
54
46
32
43
62
57
39
29
32
54
85
96
83
98
121
72
34
72
76
55
58
44
-10
-5
50
51
77
107
92
92
101
79
2
-8
48
16
-45
-56
-8
-38
-96
-89
-102
-165
-186
-120
-130
-165
-152
-134
-142
-108
-73
-117
-157
-109
-99
-90
-89
-110
-91
-54
-44
-38
18
26
-12
-11
29
26
28
70
88
108
168
161
113
173
239
207
160
138
112
63
62
100
54
55
64
78
55
14
9
10
19
-50
-124
-94
37
44
-29
-89
-81
-175
-224
-170
-60
-6
-67
-184
-221
-96
-133
-224
-136
-15
-183
-222
-98
-108
-44
160
-96
-565
-231
308
75
-244
-66
71
103
333
405
238
263
312
187
232
436
252
-157
-110
128
106
-75
-93
-69
-108
-19
-41
-354
-546
-432
-322
-385
-483
-679
-766
-546
-417
-417
-289
-224
-273
-111
133
-22
-312
-295
-155
-37
55
-139
-415
499
1187
36
-842
774
1838
620
-155
615
835
761
1293
912
175
743
1497
854
762
1290
692
-54
778
1337
524
12
268
119
52
339
-184
-986
-560
22
-542
-910
-567
-662
-913
-572
-573
-919
-807
-676
-983
-836
-459
-695
-929
-611
-208
-172
-364
-613
-502
-161
88
-5
-403
-484
-75
1032
1396
-33
-1288
462
2261
971
-414
505
1113
656
921
915
271
577
1273
665
635
1295
574
-496
455
1466
370
-795
-602
-263
-120
-49
-851
-1730
-1004
-99
-759
-1628
-1317
-993
-1238
-1247
-1108
-1090
-1038
-1144
-1243
-698
-114
-495
-1007
-779
-135
106
-322
-776
-451
224
357
88
-274
-228
159
1203
1534
171
-962
908
2751
1357
-177
841
1529
1003
1480
1524
839
1002
1693
1182
1317
1896
726
-491
792
1835
483
-623
-198
122
-2
59
-659
-1402
-725
84
-824
-1533
-737
-602
-1449
-1396
-654
-690
-1010
-1263
-1216
-540
46
-669
-1419
-882
122
101
-470
-680
-198
139
177
193
6
-42
359
1365
1260
-148
-741
1124
2056
644
-232
779
935
735
1429
1370
657
893
1383
1042
1416
1482
193
-376
1084
1392
-126
-887
-293
21
64
18
-704
-1141
-527
-190
-886
-1044
-615
-981
-1523
-1170
-690
-900
-1262
-1474
-1168
-340
-123
-954
-1184
-348
276
9
-549
-527
39
292
93
-171
-143
-17
989
1729
593
-691
615
2327
1227
-134
663
1270
288
551
1101
454
107
894
570
349
1082
422
-1093
-213
1122
-181
-1755
-1272
-647
-957
-1078
-1466
-2013
-1521
-833
-1456
-1870
-1228
-1081
-1566
-1396
-1096
-1040
-1027
-1177
-1167
-367
53
-481
-768
-112
538
483
-28
-75
630
1001
810
629
587
903
2177
2561
1003
189
1968
3276
2130
1096
1740
2459
2226
1965
1829
1718
1762
1902
1532
1417
1693
1042
-46
450
1541
629
-1059
-1124
-379
-192
-569
-1594
-2292
-1539
-854
-1851
-2432
-1805
-1727
-2114
-1853
-1780
-1888
-1624
-1667
-1772
-1057
-691
-1473
-1718
-1060
-538
-682
-950
-974
-469
116
423
183
-281
89
1753
2041
205
-282
1787
2602
1270
771
1500
1733
1714
1975
1665
1436
1740
1735
1251
1621
1792
756
-61
617
1173
362
-667
-1000
-738
-401
-490
-1347
-1720
-1172
-1020
-1487
-1356
-1151
-1757
-1824
-1159
-1138
-1551
-1368
-1218
-1174
-727
-667
-1200
-1051
-218
37
-261
-338
-100
12
426
958
695
-132
373
2123
1939
-114
-224
2218
2556
796
435
1461
1321
1268
1616
826
339
1064
1187
368
775
837
-321
-402
989
786
-724
-1211
-999
-705
-410
-890
-2196
-2095
-1041
-1042
-1731
-1749
-1768
-1775
-1081
-883
-1577
-1586
-934
-1193
-1062
-257
-375
-940
-400
364
373
144
-66
193
769
1239
1035
553
414
1636
2779
1582
-162
873
2968
2408
840
1015
1822
1639
1802
1857
1243
888
1223
1112
922
1297
601
-807
-478
932
375
-1223
-1602
-1204
-884
-799
-1750
-2650
-1992
-992
-1456
-1993
-1613
-1393
-1558
-1272
-1058
-1340
-1046
-738
-915
-685
10
-449
-906
47
635
85
-27
554
695
987
1381
1049
568
1137
2272
2526
1280
259
1551
3076
2076
736
1388
1997
1708
1758
1675
1109
1129
1347
1065
1120
1303
210
-889
-282
581
-257
-1770
-2214
-1684
-1345
-1875
-2745
-2950
-2351
-2050
-2614
-2946
-2454
-2299
-2455
-2139
-1979
-2196
-1898
-1582
-1668
-1124
-604
-1196
-1194
-110
153
-378
-88
475
442
555
1003
1009
563
1179
2567
2438
832
910
2574
2987
1871
1426
1710
2060
2383
2347
1746
1532
1999
1859
1557
1752
1625
646
316
767
799
32
-832
-1217
-996
-892
-1425
-2024
-1989
-1747
-1824
-1913
-1866
-2094
-2218
-1743
-1458
-1885
-2174
-1806
-1571
-1400
-1026
-881
-1104
-828
-188
-20
-56
235
370
412
986
1635
1274
776
1649
2668
2123
1141
1636
2567
2481
1732
1574
1768
2020
2143
1859
1237
1247
1652
1417
968
900
653
101
108
162
-352
-986
-1072
-1465
-1823
-1595
-1542
-2430
-2860
-2348
-2108
-2285
-2341
-2459
-2388
-1614
-1308
-1586
-1591
-1160
-1118
-1036
-441
-107
-450
-603
-59
441
625
489
301
770
1830
1914
1064
1423
2636
2435
1260
1440
2482
2621
1779
1343
1646
2102
2022
1610
1586
1532
1423
1356
1309
1020
594
69
-130
79
-250
-1291
-1803
-1752
-1931
-2242
-2503
-3078
-3267
-2931
-2873
-3066
-2836
-2666
-2809
-2469
-1948
-1762
-1867
-1574
-1137
-775
-645
-546
-281
-52
206
396
679
884
904
850
1346
1778
1320
1426
2207
2307
1551
1654
2146
2384
2504
2243
1830
2236
2672
2084
1810
2132
1944
1357
1616
1612
810
272
334
58
-499
-1038
-1602
-2011
-2266
-2488
-2762
-3035
-3341
-3445
-3167
-2730
-2688
-3018
-2962
-2282
-1619
-1414
-1312
-1124
-717
-175
235
337
351
524
738
1100
1364
1290
1117
1379
1824
1957
1813
1931
2356
2342
2097
2165
2275
2212
2317
2226
1810
1898
2384
2170
1659
1729
1698
1213
1153
1395
893
157
138
137
-459
-1157
-1594
-1861
-2172
-2532
-2808
-2969
-3382
-3714
-3349
-2930
-3208
-3342
-2923
-2554
-2478
-2128
-1684
-1561
-1405
-939
-292
104
79
-143
105
885
1271
1013
897
1352
1762
1799
1616
1893
2486
2537
1911
1806
2429
2557
2156
1976
2004
1809
1805
1743
1541
1327
1169
854
783
892
428
-419
-773
-345
-343
-1126
-1862
-2081
-2356
-2567
-2497
-2669
-3297
-3566
-3206
-2969
-3022
-3211
-3139
-2787
-2399
-2178
-1927
-1610
-1361
-1140
-808
-230
153
-127
-85
891
1539
1332
1457
2074
2313
2448
2469
2659
3218
3419
2647
2425
3194
3289
2541
2158
2291
2241
2110
1846
1813
1729
1582
1377
1189
1000
671
-11
-688
-476
-296
-1252
-2175
-1901
-1805
-2388
-2732
-2798
-3135
-3180
-3088
-3197
-3050
-2594
-2449
-2477
-2117
-1723
-1552
-1436
-1109
-893
-769
-523
-17
208
471
1077
1232
1047
1361
1873
1871
1817
1905
2324
3044
3097
2224
2366
3414
3422
2639
2445
2594
2480
2383
2102
1851
1762
1444
860
826
941
281
-693
-967
-849
-1178
-2147
-2760
-2884
-3088
-3358
-3540
-3933
-4356
-4180
-3681
-3628
-3685
-3545
-3069
-2473
-2183
-1943
-1674
-1381
-1092
-659
-224
9
109
181
699
1543
1797
1528
1726
2486
3011
2832
2684
3107
3506
3059
2590
3169
3741
3194
2387
2445
2683
2793
2496
1913
1558
1718
1370
691
588
586
-343
-1128
-901
-884
-1856
-2766
-2670
-2626
-3095
-3622
-3654
-3708
-3822
-3962
-3862
-3615
-3638
-3681
-3198
-2501
-2304
-2155
-1786
-1355
-1042
-645
-395
-14
381
518
769
1293
1578
1556
1832
2297
2609
2622
2814
3423
3715
2982
2622
3583
4158
3378
2841
3128
3038
2718
2348
1865
1402
1526
1307
743
567
344
-537
-1158
-805
-770
-1856
-2767
-2577
-2533
-3104
-3464
-3433
-3701
-3757
-3426
-3190
-3144
-2883
-2907
-2748
-2058
-1440
-1295
-1101
-678
-420
-96
157
349
405
712
1187
1596
1518
1529
1968
2405
2457
2384
3028
3555
3293
2549
3038
3796
3477
2623
2702
2940
2828
2654
2267
1855
1695
1800
1296
920
545
-236
-1066
-945
-912
-1980
-3211
-3317
-2973
-3217
-3785
-4135
-4296
-4290
-3954
-3712
-3786
-3936
-3711
-3347
-2866
-2466
-2200
-1920
-1595
-1081
-599
-222
25
29
33
524
1380
1560
1099
1201
1948
2455
2188
2069
2649
3098
2549
2242
3116
3601
2833
2333
2939
3208
2972
2604
2392
2091
1913
1636
1290
1103
722
-122
-760
-555
-504
-1482
-2653
-2681
-2181
-2656
-3488
-3547
-3453
-3685
-3713
-3414
-3289
-3380
-3394
-3008
-2359
-2020
-2058
-1897
-1481
-917
-375
-182
-37
261
486
633
1229
1708
1744
1846
2400
2857
2872
3165
3623
3532
2740
3017
4146
4184
2952
2860
3529
3301
2839
2873
2591
1851
1649
1518
1208
741
90
-996
-1199
-726
-1263
-2794
-3351
-2650
-2520
-3304
-3873
-3686
-3742
-4105
-4145
-3716
-3471
-3570
-3606
-3045
-2310
-2122
-2270
-2068
-1501
-962
-549
-196
138
371
538
897
1554
1913
1869
1965
2497
2795
2787
3070
3498
3077
2524
3294
4229
3713
2623
2896
3456
3195
2788
2725
2267
1958
2082
1911
1426
928
79
-910
-871
-599
-1555
-3042
-3214
-2817
-3303
-4141
-4423
-4482
-4641
-4587
-4489
-4409
-4142
-3907
-3800
-3244
-2444
-2087
-2020
-1709
-1260
-894
-598
-253
27
310
670
1135
1431
1554
1732
2063
2349
2322
2630
3308
3449
2524
2432
3679
4233
3249
2806
3490
3706
3154
2837
2735
2145
1928
1980
1905
1570
1060
24
-669
-361
-452
-1876
-3082
-2657
-2268
-3201
-4184
-3967
-3656
-4168
-4401
-3875
-3514
-3797
-3936
-3688
-3136
-2615
-2452
-2316
-1746
-1039
-701
-429
51
440
608
1036
1855
2319
2153
1955
2357
2874
3005
3337
3701
3389
2749
3405
4504
4214
2962
2885
3490
3527
3281
3270
2845
2179
2120
2267
2014
1274
528
-226
-269
-88
-986
-2744
-3307
-2636
-2727
-3732
-4328
-4284
-4580
-4925
-4789
-4305
-4211
-4332
-4113
-3404
-2777
-2665
-2630
-2155
-1268
-590
-221
33
352
606
899
1288
1798
1998
1917
2073
2614
2731
2656
2904
3104
2575
2293
3095
3568
2811
2094
2487
2725
2502
2280
2152
1654
1425
1402
1270
1071
688
-239
-908
-571
-556
-1810
-3114
-2939
-2485
-3071
-4087
-4281
-4074
-4289
-4527
-4392
-4075
-3995
-3903
-3560
-2765
-2133
-2023
-1930
-1388
-732
-329
81
692
1108
1290
1607
2192
2532
2470
2485
2880
3394
3593
3743
3784
3450
2829
3155
3815
3462
2392
2386
2849
2756
2395
2304
2055
1573
1511
1452
1274
891
365
-427
-481
-158
-741
-2263
-2823
-2230
-2317
-3278
-3686
-3447
-3878
-4380
-4148
-3610
-3837
-4251
-4128
-3502
-2919
-2777
-2821
-2569
-1832
-1167
-853
-667
-345
-29
335
977
1750
1925
1782
2076
2837
3188
3235
3364
3393
3040
3244
4125
4402
3506
2893
3354
3624
3319
2780
2548
2281
2325
2170
1821
1377
850
89
-273
-105
-343
-1419
-2526
-2464
-2132
-2701
-3702
-3636
-3376
-3947
-4433
-4074
-3808
-4204
-4261
-3746
-3294
-3254
-3175
-2866
-2452
-2010
-1411
-962
-602
-423
-297
88
766
1041
918
1027
1752
2440
2633
2800
3036
2937
2636
3219
3933
3804
3055
3248
3729
3768
3343
3089
2796
2475
2448
2244
1911
1381
726
-63
-31
122
-626
-1927
-2388
-2097
-2394
-3343
-3707
-3356
-3594
-4098
-3864
-3400
-3719
-4171
-3935
-3330
-2950
-2776
-2594
-2197
-1652
-1284
-1077
-720
-276
-8
258
903
1539
1671
1529
1713
2363
2749
3074
3258
3169
2685
2953
3873
4154
3213
2617
3190
3521
3198
2749
2589
2018
1876
1951
1840
1263
669
-117
-615
-546
-840
-2061
-3017
-2696
-2380
-3071
-3882
-3836
-3934
-4473
-4489
-3784
-3753
-4252
-4122
-3424
-2970
-2815
-2561
-2228
-1637
-1096
-781
-569
-150
174
531
1179
1932
2038
1834
2019
2739
3147
3293
3719
4012
3673
3321
4051
4728
4291
3344
3416
3693
3730
3413
3246
2892
2443
2146
1849
1525
784
-85
-745
-635
-663
-1558
-2896
-3283
-2868
-3055
-3955
-4450
-4332
-4639
-5108
-4927
-4330
-4248
-4463
-4204
-3603
-3233
-3085
-2873
-2471
-1941
-1375
-1128
-955
-556
-202
56
659
1344
1642
1676
1923
2549
2987
3372
3616
3577
3204
3526
4396
4596
3883
3575
3995
3966
3671
3379
3150
2522
2213
2067
1971
1562
740
-227
-637
-425
-669
-1852
-2937
-2880
-2691
-3457
-4312
-4132
-4000
-4557
-4848
-4267
-3839
-4108
-4244
-3764
-3113
-2749
-2594
-2511
-2112
-1483
-980
-829
-422
89
276
393
1109
1670
1661
1715
2247
2777
2986
3239
3470
3393
2995
3429
4088
4073
3380
3529
3860
3770
3485
3474
3176
2659
2653
2628
2308
1566
959
268
24
-14
-606
-1932
-2528
-2142
-2183
-3224
-3790
-3730
-4058
-4311
-4009
-3662
-3953
-4142
-3995
-3550
-3082
-2777
-2736
-2633
-2111
-1568
-1362
-1237
-891
-567
-253
210
841
1144
1223
1331
1902
2463
2753
3144
3462
3162
2848
3562
4002
3375
2736
3157
3305
3174
3074
2908
2206
1903
1958
1645
1271
897
159
-652
-560
-479
-1449
-2647
-2626
-2059
-2433
-3394
-3602
-3539
-3786
-3899
-3659
-3409
-3263
-3189
-3196
-2963
-2556
-2341
-2448
-2321
-1884
-1354
-1167
-1061
-760
-536
-396
-86
464
812
1002
1244
1817
2277
2746
3163
3204
2768
3233
4454
4756
3975
3798
4346
4249
4109
4062
3761
3128
2975
2710
2344
1928
1169
-21
-413
-83
-485
-1987
-3121
-2981
-2651
-3312
-4447
-4393
-3972
-4197
-4576
-4143
-3725
-3774
-3764
-3367
-2792
-2424
-2393
-2443
-1953
-1166
-783
-1090
-883
-242
44
-20
525
1279
1407
1386
1707
2196
2418
2866
3249
3334
2932
3288
3993
4164
3688
3582
3622
3585
3739
3661
3241
2813
2806
2468
2121
1731
1033
-41
-357
-241
-710
-2038
-3042
-3104
-3031
-3680
-4512
-4346
-4098
-4487
-4834
-4324
-3912
-3850
-3836
-3573
-3050
-2581
-2489
-2498
-1905
-1151
-861
-941
-447
148
232
245
1019
1600
1497
1470
1991
2434
2362
2740
3240
3132
2493
2870
3634
3675
3033
2818
2799
2971
3238
2951
2165
1872
2165
1885
1469
1267
750
-241
-393
-208
-622
-1800
-2570
-2517
-2127
-2547
-3515
-3682
-3257
-3307
-3692
-3607
-3409
-3283
-3276
-2863
-2411
-2013
-2072
-2075
-1579
-975
-777
-941
-595
82
352
263
641
1137
1256
1371
1825
2012
1975
2589
3337
3163
2550
2912
3641
3691
3292
3129
3076
3059
3166
2863
2304
2046
1917
1453
1265
1225
397
-660
-777
-589
-1196
-2170
-2830
-2835
-2507
-2861
-3873
-3811
-2988
-3167
-3679
-3345
-2733
-2795
-3014
-2704
-1955
-1509
-1728
-1891
-1267
-534
-590
-1053
-659
212
464
255
536
1089
1137
1266
1731
2125
2074
2432
3137
3366
2841
2586
3331
3863
3515
2923
2957
3126
3109
2589
2114
1798
1726
1506
1190
980
492
-395
-832
-721
-1019
-1893
-2722
-2881
-2558
-2707
-3673
-4014
-3597
-3549
-3769
-3393
-3158
-3305
-3145
-2669
-2198
-2080
-2144
-2015
-1368
-842
-697
-733
-526
10
421
678
1034
1381
1314
1536
2125
2459
2418
2422
2942
3509
3344
2604
2854
3541
3466
2754
2530
2554
2603
2397
1901
1510
1463
1334
913
718
376
-358
-1009
-1116
-1167
-1484
-2205
-2908
-2876
-2465
-3052
-3968
-3962
-3562
-3667
-3536
-3406
-3352
-3313
-3003
-2509
-2008
-1841
-1892
-1461
-809
-269
-242
-147
223
725
916
1092
1234
1362
1582
2035
2253
2357
2351
2510
3227
3788
3140
2466
3197
3723
3345
2716
2750
2882
2945
2636
2230
1879
1612
1329
1091
880
500
-196
-943
-1145
-1077
-1632
-2620
-2999
-2676
-2506
-3210
-3930
-3711
-3066
-3180
-3544
-3299
-2657
-2486
-2460
-2193
-1841
-1733
-1600
-1204
-790
-440
-329
-402
-143
519
776
652
931
1570
1896
2096
2394
2550
2285
2694
3609
3605
2545
2388
3181
3352
2804
2313
2250
2305
2397
2050
1653
1247
909
612
499
410
-130
-1110
-1510
-1190
-1348
-2367
-3254
-3391
-2966
-3076
-3934
-4222
-3544
-3387
-3997
-3926
-3152
-2999
-3264
-2934
-2338
-2105
-2047
-1975
-1738
-1124
-693
-791
-668
121
520
425
861
1656
1914
2011
2468
2920
3070
3038
3345
4070
4346
3506
3044
3880
4401
3520
2589
2779
3023
2988
2570
2015
1517
1483
1449
1026
684
277
-538
-1069
-842
-935
-1886
-2794
-3004
-2766
-2865
-3458
-3968
-3697
-3310
-3306
-3423
-3247
-2990
-2754
-2423
-2122
-1884
-1662
-1449
-1206
-864
-497
-347
-303
125
577
934
1162
1381
1549
1855
2164
2234
2232
2151
2630
3220
3146
2235
2215
3201
3439
2547
1929
2078
2224
2306
1906
1240
748
846
677
396
130
-255
-1071
-1519
-1337
-1466
-2171
-2917
-2857
-2440
-2618
-3357
-3594
-3316
-3076
-3043
-3007
-3044
-3076
-2751
-2204
-1993
-1981
-1746
-1512
-1091
-517
-152
-182
13
558
1027
1440
1802
1975
2209
2647
3016
3083
3078
2934
3173
3794
3692
2444
2072
3083
3445
2458
1638
1788
2064
2075
1617
1144
880
956
580
-21
-128
-117
-940
-1698
-1432
-1316
-2136
-3026
-2871
-2455
-2619
-3274
-3569
-3342
-3183
-3206
-3304
-3143
-2776
-2375
-2098
-1782
-1629
-1688
-1583
-1143
-718
-494
-442
-228
219
660
1089
1262
1405
1680
2091
2352
2497
2507
2294
2589
3366
3286
2186
2000
2977
3170
2253
1580
1633
1732
1755
1446
908
681
782
572
182
90
-132
-798
-1148
-920
-921
-1610
-2154
-2090
-1990
-2164
-2455
-2706
-2784
-2578
-2444
-2576
-2704
-2504
-2236
-2003
-1974
-1978
-1666
-1100
-859
-793
-496
-138
7
139
465
737
897
1122
1512
1925
2320
2449
2375
2243
2807
3704
3530
2410
2189
3151
3396
2646
1985
1927
1932
1880
1564
1114
859
837
552
271
346
143
-772
-1380
-936
-679
-1439
-2331
-2423
-2248
-2363
-2695
-3066
-3305
-3100
-2776
-2912
-3174
-2975
-2477
-2143
-2056
-1894
-1437
-990
-831
-640
-204
73
193
379
726
1041
1214
1177
1270
1717
2150
2158
1967
1824
1981
2551
2550
1715
1270
2001
2427
1780
949
971
1214
1236
1007
708
531
636
611
276
294
233
-540
-1142
-652
-288
-1008
-1857
-2147
-2034
-1880
-2052
-2735
-3195
-2748
-2171
-2448
-2814
-2552
-1963
-1639
-1522
-1326
-906
-454
-384
-258
212
674
556
472
946
1544
1656
1394
1354
1814
2293
2342
2090
1901
2171
2831
2917
1951
1224
1930
2761
2197
1140
1063
1367
1224
974
779
585
514
445
94
-11
78
-506
-1422
-1303
-707
-1079
-2177
-2641
-2318
-2226
-2600
-3167
-3540
-3289
-2773
-2946
-3306
-2886
-2132
-2033
-2094
-1714
-1184
-797
-613
-333
113
379
467
742
1159
1612
1837
1659
1690
2222
2605
2506
2327
2220
2209
2708
3090
2451
1300
1457
2425
2465
1303
834
1382
1604
1320
1046
945
804
810
549
365
537
329
-676
-899
-179
-295
-1516
-2333
-2116
-1754
-1820
-2549
-3433
-3365
-2447
-2469
-3197
-3084
-2288
-2003
-2096
-1860
-1360
-913
-816
-783
-351
372
498
130
277
1044
1541
1367
1241
1754
2220
2163
1972
1877
1825
2042
2546
2357
1227
698
1559
2160
1180
106
342
847
773
611
419
43
19
238
131
89
85
-730
-1431
-718
-187
-1300
-2599
-2488
-1897
-1837
-2326
-3076
-3368
-2546
-1961
-2589
-3009
-2237
-1558
-1702
-1565
-1013
-556
-402
-212
247
856
1029
824
958
1696
2288
2099
1685
1930
2579
2678
2341
2085
1917
1844
2306
2822
2190
823
786
2020
2106
647
65
789
992
700
641
481
35
15
201
233
195
-328
-1272
-1344
-616
-782
-2086
-2833
-2313
-1804
-2209
-2961
-3368
-3104
-2490
-2425
-2831
-2698
-1851
-1435
-1403
-1016
-426
-184
99
537
987
1327
1443
1319
1375
1965
2253
1791
1467
2028
2575
2348
2016
1876
1561
1564
2293
2600
1388
158
943
2159
1539
200
301
785
772
923
842
167
-11
406
267
129
207
-535
-1596
-1175
-483
-1434
-2865
-2897
-2287
-2401
-2822
-3043
-3305
-3117
-2350
-2343
-2778
-2340
-1579
-1402
-1133
-595
-412
-250
188
613
1092
1438
1335
1184
1538
2084
1924
1303
1133
1582
1749
1438
1251
1056
656
621
1206
1330
399
-453
314
1443
815
-482
-228
595
653
543
348
-17
40
404
158
-11
111
-491
-1359
-956
-296
-1063
-2330
-2392
-1712
-1483
-1866
-2626
-2884
-2036
-1045
-1512
-2121
-1486
-687
-585
-334
139
293
525
745
881
1393
1786
1331
1089
1786
2440
2092
1581
1540
1847
2107
2047
1624
1145
1072
1132
1288
1375
702
-396
36
1362
1047
-367
-197
714
760
651
716
322
77
473
498
303
227
-455
-1313
-846
-118
-960
-2398
-2403
-1593
-1324
-1756
-2399
-2563
-1812
-1109
-1428
-1737
-1237
-740
-750
-522
-60
30
-33
174
454
792
1080
742
347
820
1437
1172
614
539
807
1143
1113
636
393
670
549
441
1035
946
-419
-595
1074
1472
-19
-486
429
619
578
745
226
-368
129
468
-82
-200
-332
-1257
-1371
-408
-621
-2021
-2390
-1745
-1419
-1540
-1867
-2424
-2213
-1173
-756
-1416
-1475
-641
-288
-233
120
289
244
538
695
720
1041
1047
409
522
1386
1462
710
482
857
1134
1054
813
535
443
630
542
724
1120
654
-593
-4
1848
1627
-224
-297
901
1136
990
719
137
90
904
694
-76
-150
-319
-960
-647
24
-576
-1697
-1677
-1005
-782
-931
-1524
-1962
-1269
-432
-925
-1530
-903
-238
-495
-427
92
95
-24
356
493
500
744
570
185
602
1061
600
127
496
691
466
500
761
551
254
291
120
422
1013
355
-1072
24
1945
1134
-697
-55
1225
989
742
674
268
452
1167
640
-59
541
718
-321
-207
724
92
-1045
-748
-132
-217
-458
-1075
-1737
-860
323
-556
-1754
-1032
-154
-348
-446
-318
-372
-128
214
-22
-89
233
-101
-669
-232
360
-237
-943
-618
-263
-485
-544
-624
-935
-807
-360
-753
-779
270
-28
-1703
-1034
1288
928
-1022
-579
1026
922
541
645
506
644
1371
1016
331
925
1342
184
-125
941
920
-452
-903
-404
-201
-214
-886
-1862
-1342
146
-537
-2069
-1427
-26
-287
-710
-316
-95
28
365
338
419
1098
1042
197
262
1326
1208
174
46
724
787
585
575
163
-81
337
145
-713
7
925
-524
-1880
-128
1198
-294
-1257
-18
641
460
773
678
293
1027
1708
918
749
1492
1034
166
1076
1651
350
-516
135
331
31
-52
-735
-1377
-589
227
-706
-1571
-977
-347
-479
-450
-471
-555
-170
44
-213
-121
227
-207
-503
236
801
210
-418
-118
432
249
-124
-354
-382
-90
123
-399
-931
-38
505
-733
-1350
213
801
-481
-983
-29
349
215
307
227
281
881
1104
528
673
1195
613
25
549
699
-84
-545
-435
-478
-536
-489
-1051
-1599
-945
-344
-930
-1500
-1037
-553
-626
-785
-828
-705
-330
-203
-378
-301
35
-184
-575
-413
5
-190
-696
-835
-633
-418
-294
-615
-1029
-565
133
-307
-996
5
1066
300
-602
578
1789
1330
558
1090
1797
1994
2093
1885
1633
1911
2267
1943
1913
2151
1667
877
1049
1405
678
-170
-255
-227
-327
-290
-797
-1485
-1099
-358
-874
-1762
-1513
-919
-794
-835
-971
-1167
-732
-220
-510
-683
-170
-165
-737
-643
-227
-467
-901
-892
-634
-372
-393
-734
-1092
-640
73
-334
-1343
-784
806
726
-745
-575
1337
1871
868
702
1741
2233
2179
2165
2251
2250
2167
1906
1962
2408
2078
905
637
1480
1382
110
-644
-547
-364
-536
-1119
-1769
-1760
-1438
-1644
-1831
-1524
-1448
-1728
-1521
-1236
-1271
-1093
-962
-1424
-1420
-582
-536
-1229
-1219
-796
-799
-724
-767
-1181
-1147
-690
-828
-1154
-993
-675
-689
-809
-910
-339
611
182
-1078
-501
1570
1755
373
414
1866
2274
2290
2462
2259
1970
2586
2960
2615
2452
2271
1547
1408
2154
1742
163
-418
293
564
-113
-909
-1360
-1244
-822
-952
-1556
-1678
-1338
-1363
-1392
-1285
-1391
-1545
-1377
-1211
-1119
-993
-973
-1179
-1156
-745
-677
-1090
-1360
-1015
-758
-946
-1092
-998
-913
-612
-283
-349
-549
-191
850
1164
25
-447
1501
2589
1246
573
1961
2508
2319
2756
2766
2326
2865
3236
2550
2613
3033
2087
1214
2011
2119
671
-137
280
158
-351
-673
-1254
-1764
-1299
-1078
-2020
-2484
-1863
-1825
-2386
-2183
-1771
-1921
-1855
-1519
-1599
-1437
-919
-887
-1137
-879
-516
-506
-559
-525
-499
-392
-283
-432
-407
-81
1
-208
-45
91
198
1055
1333
-29
-282
1920
2513
660
317
1987
2439
2031
1913
1588
1516
2382
2299
1274
1453
1914
930
225
1036
927
-493
-1203
-938
-958
-1245
-1714
-2576
-2694
-1856
-1867
-2798
-2877
-2257
-2199
-2347
-2070
-1923
-1757
-1387
-1377
-1373
-777
-334
-768
-885
-190
414
236
-132
-35
435
752
732
343
99
656
1409
1093
396
526
855
1572
2186
1189
-146
1452
3464
2339
684
1712
2722
2178
2167
2498
2107
1880
2313
2097
1908
2081
1261
-52
495
1546
446
-1336
-1363
-755
-860
-1342
-2166
-2873
-2145
-1384
-2374
-3233
-2436
-1947
-2438
-2443
-2053
-2015
-1825
-1522
-1509
-1191
-710
-967
-1369
-843
-208
-409
-837
-564
-67
123
399
358
-17
345
1357
1075
298
847
1660
985
1255
2706
2166
492
1477
3544
2865
1517
1974
2774
2532
2833
2654
1800
1770
2407
1793
1116
1403
863
-592
-577
307
-474
-2008
-2140
-1573
-1816
-2213
-2540
-3173
-3009
-2045
-2349
-3360
-2990
-2130
-2317
-2320
-1962
-2062
-1894
-1323
-1425
-1349
-629
-554
-1050
-656
86
-10
-299
6
349
373
436
699
612
789
1231
1007
455
1073
1677
1039
567
1298
2213
1999
928
520
2243
2962
1346
294
1813
2640
1848
1102
1061
1355
1608
1341
729
949
1068
309
-159
457
578
-469
-1354
-1146
-669
-881
-1582
-2132
-2040
-1410
-1358
-2206
-2546
-1979
-1647
-1917
-2071
-1861
-1401
-1211
-1499
-1520
-854
-619
-960
-841
-396
-102
-79
-91
138
615
645
550
743
794
843
1151
1327
1010
1205
1557
1587
1262
1061
1836
2457
1320
56
1718
3039
1502
145
1338
1773
1169
1310
1097
344
816
1570
518
27
704
229
-1028
-349
394
-924
-1976
-1150
-865
-1541
-1587
-1728
-2392
-1795
-850
-1849
-2859
-1816
-1023
-1661
-1787
-1403
-1527
-1205
-617
-906
-899
-4
260
-180
138
746
693
343
601
1130
1168
955
920
1007
1162
1440
1005
358
698
1225
718
214
184
-43
788
1687
262
-1497
311
2022
505
-1016
0
589
106
221
196
-390
-300
381
110
-127
133
-126
-902
-334
341
-440
-1551
-1031
-449
-785
-1133
-1375
-1840
-1271
-208
-782
-1859
-1231
-43
-87
-596
-833
-561
60
433
97
-35
425
768
565
626
1189
1275
674
568
1116
1230
1103
1016
589
600
1517
1390
281
112
867
741
425
112
-369
-513
533
1331
62
-1519
-558
1687
852
-1125
-848
565
294
139
129
-400
-368
377
85
-263
501
116
-1280
-764
899
315
-1351
-1398
-492
-309
-564
-1098
-1805
-1282
91
-241
-1647
-1319
-72
-101
-632
-517
-346
-221
-35
-226
-224
340
509
-94
-159
530
959
475
-147
91
805
975
635
292
338
898
1128
417
49
395
542
276
215
64
48
118
-92
474
1094
-71
-1463
335
1887
484
-1022
-83
562
653
947
554
-224
280
1313
934
452
463
372
-26
456
803
73
-743
-338
39
-302
-586
-860
-1292
-893
-280
-978
-1770
-1394
-868
-1037
-1077
-1095
-1333
-1054
-583
-808
-1137
-972
-921
-842
-609
-522
-680
-540
-233
30
26
40
21
-226
-123
356
418
-60
0
381
487
576
622
405
509
947
645
611
1352
1154
47
454
1763
1557
606
613
1124
1206
1295
1055
790
893
1047
780
727
945
710
32
-49
519
414
-455
-783
-577
-407
-525
-873
-1439
-1277
-595
-785
-1471
-1449
-1043
-1026
-878
-894
-1233
-998
-423
-488
-619
-308
-194
-436
-210
455
589
86
70
523
824
929
839
395
471
1297
1360
617
600
1018
983
995
1005
409
228
819
840
141
-10
628
786
7
-531
170
586
-58
-622
-280
-121
-215
-206
-391
-607
-385
-244
-547
-586
-549
-746
-876
-601
-671
-1085
-1306
-1155
-959
-874
-901
-1134
-1222
-769
-405
-706
-1082
-834
-406
-386
-446
-507
-495
-175
252
398
286
190
357
676
708
662
720
788
845
898
871
1065
1201
761
651
1295
1315
573
498
821
777
656
414
-100
130
729
320
-561
-469
109
96
-457
-848
-539
-94
-173
-597
-727
-446
-121
-249
-628
-505
-118
-178
-253
44
137
-14
-85
-74
124
401
195
-278
-139
395
367
-74
-205
110
439
385
79
-45
78
302
371
43
-131
155
149
-124
-20
141
-37
-53
173
111
26
41
-51
-96
150
188
-117
-202
-120
-14
-57
-349
-596
-394
-101
-330
-687
-640
-300
-178
-425
-750
-636
-19
191
-388
-903
-376
319
128
-467
-275
341
511
339
159
204
539
759
519
321
545
604
271
336
770
708
159
212
565
682
502
251
40
241
624
350
-113
-19
290
280
158
-30
-103
81
218
-44
-206
-126
-132
-303
-356
-189
-125
-307
-528
-436
-222
-276
-615
-820
-544
-153
-220
-671
-833
-500
-204
-281
-558
-591
-358
-169
-236
-292
-307
-202
-13
-13
-188
-155
117
161
19
-3
170
195
115
115
232
293
263
221
258
308
265
200
168
346
427
280
145
148
98
116
178
11
-127
49
106
-188
-186
-6
-92
-175
-91
-94
20
131
-136
-315
-67
1
-207
-165
-18
-77
-142
-64
35
126
16
-155
-11
233
201
42
82
218
317
275
195
211
272
291
303
263
77
287
563
264
-123
266
671
294
-8
263
405
346
468
343
57
252
546
188
-6
337
358
-9
148
420
62
-193
7
-18
-196
-79
-175
-473
-255
23
-314
-585
-393
-285
-325
-200
-276
-567
-425
-56
-170
-489
-469
-312
-375
-434
-399
-474
-591
-475
-480
-696
-562
-279
-511
-750
-436
-298
-502
-463
-275
-382
-258
-9
-219
-347
38
147
-230
-198
124
194
67
137
150
117
275
464
355
302
404
447
521
691
703
510
580
804
919
854
841
785
762
894
950
701
562
693
740
688
610
483
244
202
239
129
-26
-95
-157
-304
-338
-295
-428
-738
-838
-763
-705
-781
-1057
-1188
-1018
-809
-922
-1155
-1153
-1001
-905
-860
-805
-778
-799
-702
-533
-392
-393
-382
-373
-203
51
93
-101
-117
167
478
698
555
293
564
1255
1272
803
799
1214
1355
1358
1303
1162
1164
1416
1429
1200
1172
1248
1044
877
1060
1090
618
284
314
259
177
-9
-453
-625
-284
-399
-936
-1086
-936
-978
-1073
-1307
-1603
-1505
-1277
-1498
-1759
-1525
-1290
-1354
-1345
-1165
-1128
-1159
-1122
-1069
-914
-672
-526
-641
-509
-65
138
16
67
343
491
580
703
731
724
858
1040
1094
1083
1234
1401
1525
1546
1506
1520
1606
1542
1390
1399
1521
1468
1288
1201
1117
996
946
793
480
303
298
169
-93
-215
-312
-495
-647
-693
-888
-1152
-1241
-1229
-1375
-1537
-1571
-1642
-1672
-1633
-1637
-1853
-1965
-1825
-1712
-1694
-1673
-1539
-1478
-1363
-1161
-1067
-1117
-989
-673
-482
-353
-209
-74
68
300
484
552
678
842
1039
1245
1354
1351
1423
1609
1674
1565
1572
1640
1585
1647
1737
1477
1174
1445
1740
1462
1039
1058
1111
1022
926
679
354
288
411
290
-8
-242
-370
-438
-420
-475
-765
-978
-923
-785
-786
-938
-1172
-1253
-1017
-841
-1033
-1255
-1138
-959
-896
-957
-1002
-940
-811
-790
-796
-627
-451
-400
-355
-184
-5
95
191
233
262
386
545
542
409
539
828
825
621
673
786
739
666
576
462
449
461
281
67
56
110
57
-82
-226
-178
-6
-48
-262
-277
-98
-56
-162
-179
-91
-60
-112
-111
-5
87
5
-114
-54
178
221
28
-94
53
197
123
-36
-71
77
248
233
127
210
368
353
256
240
248
252
188
94
114
188
142
-40
-193
-149
-8
-100
-355
-405
-233
-193
-343
-450
-480
-446
-398
-497
-681
-604
-458
-556
-690
-626
-506
-565
-713
-721
-572
-507
-614
-656
-477
-307
-340
-450
-359
-122
14
-94
-171
17
274
313
217
287
511
675
618
559
632
733
748
759
754
732
754
750
722
697
671
607
534
507
549
583
484
365
384
437
356
186
137
162
187
168
0
-136
-106
-71
-95
-134
-187
-253
-284
-261
-230
-228
-271
-309
-305
-261
-220
-290
-375
-373
-262
-189
-284
-344
-267
-186
-242
-250
-150
-112
-115
-43
15
-12
86
190
132
51
143
255
262
278
348
384
416
434
402
350
355
371
323
304
330
256
188
285
333
200
94
109
71
21
-50
-218
-349
-355
-373
-498
-575
-621
-665
-677
-710
-773
-803
-770
-784
-850
-875
-821
-842
-866
-812
-756
-733
-698
-615
-546
-544
-518
-452
-380
-248
-99
-58
-51
105
278
308
293
358
478
620
638
567
563
644
752
826
825
853
943
980
945
919
912
891
882
856
821
797
770
711
673
628
573
508
466
455
412
287
138
86
77
-2
-131
-225
-289
-287
-334
-482
-619
-722
-757
-807
-862
-908
-906
-885
-897
-926
-932
-903
-890
-811
-707
-672
-682
-643
-542
-430
-330
-269
-233
-136
-7
65
69
63
102
206
268
233
207
278
378
444
497
536
539
523
547
582
605
607
577
518
513
595
644
555
503
584
635
596
557
519
461
457
446
357
279
280
245
176
119
46
-58
-175
-224
-240
-270
-301
-335
-372
-395
-447
-558
-643
-638
-584
-575
-586
-587
-558
-519
-472
-479
-530
-509
-460
-450
-440
-370
-365
-366
-302
-191
-109
-88
-74
-16
64
104
106
94
151
247
315
314
315
363
414
424
367
324
320
378
392
376
386
377
353
330
304
208
160
162
134
126
100
36
14
-3
-28
-79
-140
-228
-273
-238
-255
-325
-401
-414
-402
-407
-447
-500
-514
-473
-452
-481
-506
-493
-488
-518
-512
-482
-434
-399
-367
-353
-317
-251
-207
-168
-104
-46
-21
42
125
186
226
288
347
391
440
494
535
554
586
629
677
724
745
742
740
758
761
740
729
738
719
681
655
674
679
631
613
605
589
539
477
392
330
273
185
83
18
-21
-69
-125
-168
-205
-276
-332
-349
-386
-428
-434
-453
-485
-521
-538
-570
-596
-614
-616
-645
-679
-717
-752
-744
-759
-777
-785
-770
-778
-810
-809
-785
-760
-724
-672
-625
-605
-540
-450
-416
-390
-287
-209
-175
-92
26
100
152
207
246
302
349
367
348
389
464
515
524
536
583
606
607
590
607
608
592
582
589
590
587
608
604
593
583
569
531
515
494
454
422
391
350
301
290
273
238
191
152
99
45
-5
-65
-102
-115
-149
-215
-264
-296
-323
-370
-411
-462
-491
-490
-512
-530
-517
-507
-510
-504
-491
-489
-484
-456
-423
-383
-339
-305
-275
-261
-221
-197
-181
-147
-116
-117
-108
-48
9
29
26
87
144
160
174
180
162
156
214
259
265
294
346
363
368
390
378
351
345
350
343
346
331
285
235
227
243
207
167
150
145
121
64
-15
-58
-64
-73
-98
-109
-110
-148
-193
-211
-228
-240
-240
-243
-246
-258
-270
-255
-235
-231
-235
-228
-217
-221
-200
-166
-126
-109
-89
-73
-56
-17
10
30
31
65
104
109
113
150
187
191
195
185
170
182
198
205
200
217
246
255
254
234
196
167
172
164
143
126
123
105
87
75
22
-35
-52
-53
-82
-119
-142
-169
-208
-237
-278
-323
-342
-344
-357
-392
-411
-399
-405
-410
-401
-374
-333
-309
-302
-295
-258
-222
-195
-180
-155
-122
-113
-120
-103
-78
-43
-2
23
54
97
117
132
160
183
194
205
236
257
290
339
367
383
416
459
484
469
452
439
428
425
403
382
371
383
369
317
294
272
236
208
190
165
128
101
70
43
45
40
14
-3
-12
-37
-68
-99
-109
-127
-168
-209
-230
-229
-232
-245
-279
-304
-296
-304
-308
-309
-318
-315
-293
-286
-270
-258
-276
-286
-273
-237
-205
-192
-196
-179
-166
-156
-160
-165
-143
-105
-54
-23
-27
-38
-36
-26
-29
-45
-30
-5
26
71
85
69
45
44
39
35
61
73
90
100
104
106
108
101
95
105
112
108
103
129
150
150
170
180
159
155
168
153
139
134
126
124
116
79
55
48
36
22
6
2
-4
-32
-54
-69
-85
-90
-66
-46
-43
-50
-67
-75
-72
-64
-62
-55
-38
-19
0
-4
0
17
26
52
57
56
62
70
72
64
62
65
74
99
116
120
129
131
133
142
125
98
77
66
75
67
55
50
48
47
55
53
30
-7
-47
-85
-137
-160
-170
-206
-245
-262
-286
-313
-331
-339
-345
-365
-387
-382
-371
-365
-381
-400
-394
-392
-375
-355
-345
-323
-270
-225
-181
-136
-90
-39
14
73
136
174
202
246
301
362
408
443
475
504
514
539
576
598
602
613
630
636
632
632
634
636
632
615
591
537
482
423
374
338
293
244
196
135
63
-3
-66
-121
-170
-230
-306
-378
-437
-487
-530
-578
-621
-666
-716
-755
-780
-797
-796
-802
-801
-776
-752
-728
-727
-713
-685
-659
-622
-578
-535
-491
-423
-356
-284
-216
-153
-94
-27
50
129
197
262
315
355
409
446
475
522
572
616
650
661
678
699
703
698
679
654
626
581
545
525
496
472
447
418
384
337
277
225
172
122
85
24
-38
-97
-149
-173
-214
-254
-281
-325
-376
-411
-438
-466
-492
-514
-534
-557
-558
-532
-506
-474
-418
-368
-327
-279
-231
-198
-185
-164
-123
-64
-13
60
124
176
234
277
305
320
349
363
362
373
401
430
445
445
446
454
458
441
423
420
411
394
365
341
315
275
239
202
165
111
71
36
-18
-69
-126
-190
-252
-301
-354
-398
-425
-461
-505
-531
-556
-573
-587
-594
-581
-584
-566
-553
-546
-532
-514
-483
-457
-437
-420
-392
-349
-308
-274
-231
-190
-163
-131
-98
-70
-29
35
81
121
168
201
238
281
314
344
351
362
380
384
404
433
439
442
460
477
494
516
538
551
547
524
498
476
464
462
442
420
400
367
328
303
285
257
220
193
154
94
42
14
1
-30
-60
-94
-137
-177
-214
-236
-255
-274
-295
-317
-330
-352
-371
-383
-392
-408
-433
-450
-444
-441
-447
-439
-432
-440
-451
-437
-420
-412
-409
-406
-395
-384
-383
-376
-362
-341
-308
-271
-228
-186
-132
-72
-26
31
96
139
183
233
283
317
355
379
414
460
483
505
506
509
506
485
464
451
436
421
402
369
338
319
296
252
218
189
167
163
159
147
120
102
77
54
34
14
-13
-38
-50
-77
-108
-127
-149
-169
-178
-195
-225
-247
-259
-267
-275
-278
-281
-296
-317
-337
-357
-341
-300
-262
-242
-222
-209
-188
-155
-111
-58
-22
12
28
38
56
74
90
100
101
110
120
125
154
183
204
225
231
220
217
205
204
206
176
142
107
70
41
24
16
0
-10
-34
-52
-65
-71
-80
-95
-111
-127
-127
-134
-138
-139
-145
-149
-143
-142
-139
-139
-129
-105
-90
-92
-81
-69
-70
-74
-95
-109
-129
-127
-109
-100
-89
-77
-61
-38
-14
-10
-5
7
24
52
85
113
137
156
160
164
154
147
143
128
121
120
122
117
127
136
127
118
109
110
107
104
105
119
134
125
114
106
98
94
115
126
133
140
132
113
78
52
44
40
33
15
-7
-33
-68
-104
-126
-132
-134
-129
-122
-119
-122
-115
-105
-86
-84
-80
-76
-86
-96
-103
-98
-91
-68
-57
-51
-57
-81
-106
-126
-139
-138
-129
-129
-125
-123
-121
-114
-94
-77
-58
-41
-33
-20
2
29
51
78
92
100
100
101
92
90
87
83
75
57
54
53
49
45
45
33
28
23
0
-12
-19
-29
-31
-31
-34
-26
-4
17
31
39
40
41
35
25
32
36
38
39
42
40
33
30
17
7
9
10
9
0
-5
-3
-6
-6
-15
-33
-61
-77
-72
-60
-38
-23
-12
-22
-47
-69
-77
-81
-85
-65
-49
-37
-16
1
-4
-19
-22
-26
-32
-35
-19
11
35
46
49
39
32
31
33
33
35
40
48
55
55
47
34
28
19
28
36
40
44
56
60
60
74
82
83
83
83
94
91
65
49
36
25
25
33
42
40
20
-1
-20
-29
-49
-73
-88
-104
-106
-100
-102
-99
-95
-97
-98
-92
-66
-41
-33
-37
-25
-4
7
20
30
40
54
60
59
59
58
55
46
47
36
14
5
14
7
-4
-3
-2
4
5
12
20
19
-3
-25
-46
-70
-65
-37
1
19
16
3
-19
-37
-47
-38
-19
-18
-34
-62
-95
-103
-94
-83
-76
-57
-43
-51
-51
-55
-60
-68
-66
-47
-42
-42
-40
-24
-13
-2
16
29
28
23
24
37
39
23
22
23
37
55
74
91
91
94
96
84
69
54
51
64
64
57
59
69
75
72
57
40
20
3
0
2
8
14
25
32
23
15
27
30
24
21
19
34
43
29
10
-6
-11
-5
-10
-11
-2
1
0
2
-10
-44
-73
-88
-92
-83
-79
-72
-67
-72
-78
-79
-76
-64
-53
-50
-46
-42
-28
-20
-21
-21
-3
18
35
44
30
16
14
23
20
5
-9
-1
1
-5
-2
2
24
45
54
54
40
18
1
-3
10
25
39
54
66
70
73
70
58
51
50
53
49
39
34
24
17
17
15
10
-12
-31
-41
-45
-45
-52
-51
-48
-52
-55
-65
-72
-78
-79
-80
-79
-82
