21
12
-2
-16
-13
-13
-18
-13
-9
-3
-11
-21
-23
-14
-14
-11
-7
0
1
2
-4
-9
3
10
9
-1
-3
-6
-12
-7
0
-5
-17
-31
-39
-41
-37
-30
-23
-26
-28
-30
-35
-31
-36
-32
-22
-18
-3
13
17
30
37
42
51
42
34
40
47
45
39
34
36
32
22
17
14
5
13
7
5
10
17
33
36
27
19
3
-11
-15
-19
-11
0
0
-11
-10
-2
12
19
22
13
11
7
-6
-16
-34
-52
-60
-60
-67
-77
-72
-48
-35
-32
-29
-19
-26
-43
-50
-48
-35
-17
-2
2
-10
-25
-29
-33
-28
-19
-7
1
0
6
22
34
31
19
7
-1
-6
-14
-6
14
18
29
35
35
31
26
29
22
13
15
16
13
3
-3
2
16
28
34
20
-10
-16
-7
-3
-2
-12
-21
-17
-11
1
8
15
21
21
18
20
21
18
16
14
17
21
6
3
9
5
10
3
-9
-18
-25
-29
-28
-11
7
22
20
7
-3
-7
-3
10
23
21
28
34
46
59
60
52
45
44
32
30
15
-4
-6
-2
7
5
-3
4
13
15
12
7
0
-14
-13
-21
-28
-26
-23
-19
-24
-30
-33
-32
-24
-14
-3
8
0
-19
-28
-21
-22
-28
-28
-29
-27
-25
-20
-12
-11
-20
-39
-51
-49
-53
-44
-32
-32
-23
-14
-17
-24
-22
-10
2
17
15
-2
-13
-31
-34
-31
-18
1
7
12
5
-5
-6
1
1
7
12
13
17
18
11
15
22
28
30
34
29
17
17
18
20
13
-11
-26
-26
-12
-2
5
11
12
12
3
3
2
21
43
47
46
40
22
20
31
42
54
55
55
52
50
45
40
34
21
8
6
15
21
14
4
-11
-35
-46
-49
-53
-52
-49
-32
-10
0
-4
-19
-38
-44
-32
-25
-20
-16
-10
-3
0
0
3
10
11
2
-4
-5
-6
-13
-4
6
10
17
-9
-28
-53
-67
-50
-45
-28
-4
24
36
37
37
23
15
9
11
21
28
35
36
25
22
28
37
43
43
35
24
13
5
15
10
-8
-20
-38
-46
-38
-29
-20
-19
-23
-27
-29
-31
-32
-27
-18
-10
0
6
6
10
5
4
9
8
9
8
6
12
26
26
15
10
-1
-12
-22
-34
-42
-50
-57
-58
-59
-61
-72
-72
-67
-57
-42
-25
-20
-26
-16
-3
11
17
10
12
16
20
29
34
37
44
50
51
39
28
27
16
3
7
19
29
35
36
34
23
14
17
21
15
10
7
4
-5
-17
-23
-20
-11
7
38
47
35
25
23
17
16
28
33
32
21
12
12
15
23
15
6
-9
-26
-18
-17
-10
7
15
16
12
9
10
11
2
-9
-25
-23
-7
5
17
2
-8
-14
-27
-33
-26
-26
-16
0
-10
-18
-39
-51
-50
-54
-38
-34
-35
-17
-13
-14
-8
-10
-13
7
19
20
16
14
24
16
7
13
19
31
45
55
52
49
31
0
-3
20
24
25
-3
-27
-21
-31
-18
-15
-19
-7
-3
-10
-7
7
22
24
5
-21
-65
-79
-41
-17
-12
-25
-64
-79
-56
-50
-34
-18
-8
5
-11
-5
-24
-13
19
22
32
-18
-78
-75
-49
-35
-41
-77
-87
-63
-30
13
14
-9
-23
-28
0
13
40
97
116
132
115
83
94
69
40
36
12
23
55
27
62
67
40
83
41
-11
-9
-47
-27
47
25
28
21
-38
6
56
63
113
74
21
27
-23
-10
-4
-51
-19
11
-43
-33
-29
-40
25
28
26
28
-42
-50
-16
-11
13
-18
-34
12
29
59
44
-6
-20
-55
-70
-56
-52
-52
-24
-4
20
13
-23
6
5
7
-20
-45
-21
-6
24
32
11
8
13
4
-5
-37
-33
-35
-53
-45
-65
-49
26
44
59
-18
-115
-57
-40
-36
14
-26
-15
48
27
21
-6
-33
39
35
31
46
-22
15
95
80
54
-16
-52
46
69
52
34
-28
-69
-33
-30
-28
-32
-34
51
45
-7
-46
-46
0
86
104
16
-11
-7
30
65
38
13
-16
-70
-91
-120
-113
-16
6
-9
-48
-140
-120
-78
-96
-75
-119
-174
-154
-144
-87
0
35
90
93
-2
-27
-50
-39
-8
-29
25
30
6
103
70
-18
13
31
49
62
43
40
51
54
86
125
140
206
276
238
148
95
32
-56
-112
-61
50
77
88
14
-106
-28
40
120
207
42
4
54
-54
7
18
-81
3
-23
-146
-93
-35
67
217
264
199
-18
-9
194
285
401
355
176
175
265
270
195
59
-17
-50
-86
-109
-182
-284
-313
-300
-209
-161
-186
-58
68
144
146
-61
-124
-97
-244
-170
-204
-341
-271
-311
-321
-252
-189
70
199
68
17
-27
-35
-98
-314
-281
-121
70
208
-95
-211
-126
-116
105
-43
-425
-527
-522
-229
106
77
67
45
-30
-131
-241
-225
-169
-130
-55
-196
-373
-329
-341
-91
48
-97
-10
154
352
455
356
253
100
9
10
-114
-149
63
96
-73
-126
-83
84
323
550
706
598
604
712
659
510
239
183
213
225
377
332
255
435
405
237
107
-41
1
96
63
-89
-291
-276
-209
-348
-394
-376
-111
93
-267
-514
-489
-517
-214
35
27
-15
-206
-89
60
90
374
426
485
529
21
-146
-129
-254
100
-148
-296
462
-14
-472
-266
-462
-118
-143
-598
-265
-53
20
203
6
20
208
227
316
-129
-507
-222
-32
59
-239
-514
-184
24
385
772
640
506
416
19
-525
-635
-216
763
1387
903
378
-23
-297
-29
215
338
426
234
-191
-160
-162
-374
-17
234
355
-89
-1120
-1108
-674
-206
211
100
506
602
-203
-543
-778
-1105
-392
119
62
-83
-1104
-1412
-1022
-1136
-773
-1345
-1655
-988
-1123
-813
-567
608
4218
5996
4342
2302
1003
260
365
388
174
404
-34
-1344
-2908
-3525
-2655
-573
1272
1154
-200
-1395
-1262
397
1887
2613
2223
957
65
-847
-1248
-646
-359
-237
-181
-1382
-2006
-1871
-1594
133
1006
1241
2091
1045
-87
-94
-477
-245
374
-182
-645
-1245
-2349
-2617
-2846
-2002
-999
-948
-2209
-3954
2053
11114
11970
8382
2735
-2361
-1713
-204
-92
1930
1699
-1388
-4322
-7974
-7801
-3138
2295
6682
3247
-3487
-5267
-3780
2273
7860
7177
4729
1783
-516
-185
117
541
1525
1476
624
-1718
-4514
-5372
-3244
738
1864
2387
2113
-1167
-1786
-1231
-1361
633
1772
1439
1641
-132
-2443
-2293
-2850
-1182
-1477
-4739
-9432
-13507
8977
27486
13168
4328
-3342
-11193
1358
4477
-496
7778
3902
-5591
-7792
-17711
-12466
1750
8029
13749
-3484
-18614
-10616
-4921
10287
18345
6511
2745
-1380
-3949
1118
-1145
667
5047
1686
-488
-6541
-12137
-7828
-1065
4483
4632
764
-1711
-6218
-2639
2627
-675
3990
5367
2324
4566
-2085
-4737
-730
-2597
-826
-3827
-10653
-14568
-6526
23474
29603
9603
3081
-6872
-8374
7721
4385
4021
12980
470
-7281
-12127
-21076
-5968
6852
12845
11626
-13393
-19043
-8475
285
18694
17306
5369
2751
-4432
-3474
-24
-3323
2430
4849
-138
-3571
-11506
-13401
-5891
2855
8147
3293
-2340
-5793
-6183
2362
2989
1265
6815
3724
2697
1175
-6939
-3266
-1310
-3604
-3075
-10504
-17647
-901
27046
25983
8702
-1725
-8797
-3806
7170
5599
5109
9706
926
-8080
-13945
-18036
-4460
9296
15651
7597
-15677
-18849
-8596
4586
20707
14974
3176
710
-3736
-1767
451
-2428
3088
6697
1315
-3230
-10219
-12705
-3583
4146
3084
-3736
-6472
-6234
-2285
5084
3407
1796
3978
3505
3435
557
-3199
-3014
-4252
-5796
-13533
-8252
22588
25159
6460
112
-13363
-11623
6735
5058
7090
10814
-3940
-7306
-10572
-17011
-1951
7555
13851
11445
-13697
-18838
-10302
-19
18108
14744
2729
-3085
-9101
-2514
1886
-664
4527
4512
1166
46
-6094
-8234
-2712
6006
7782
-2776
-9028
-12021
-10757
3631
4558
792
6308
1724
1750
2914
-2065
2292
3443
-1282
-3614
-16659
-16293
16742
28267
16603
7339
-9976
-12495
-1128
1669
6279
10692
4575
-5301
-14650
-18037
-8042
4235
15981
14027
-7606
-16617
-12745
-3646
13422
15837
8265
3340
-4484
-5362
-2021
-1055
3037
5419
3261
-2578
-8807
-7594
-1932
5111
6747
-4533
-10612
-9899
-8808
2303
6602
3804
5860
3836
655
-717
-2991
283
2150
-1854
-7732
-14927
6511
32634
20215
5505
-3018
-11624
-811
6884
3632
7837
4243
-5581
-9616
-18024
-11094
5326
11020
14190
-3511
-20851
-11805
-1180
12931
19542
7099
-698
-5015
-5995
-185
-531
1518
6701
1660
-4854
-9836
-12360
-4797
4546
7745
-756
-12401
-13439
-12087
-4397
6111
6185
6027
5154
-22
-2809
-2957
-238
3376
-435
-6761
-16682
-12125
22069
29734
11337
5340
-7836
-10075
4237
2122
3891
11136
1570
-6362
-14159
-19611
-3740
8077
14829
10312
-15599
-18121
-6257
1748
18556
15379
1966
2140
-2784
-4186
651
-914
3609
6779
116
-4086
-9514
-10568
-1894
4170
2596
-6277
-11171
-11525
-7894
3042
6533
6883
8626
6258
4055
-69
-3406
-1030
-1711
-3638
-8943
-9654
14072
23217
8174
3258
-5155
-6613
6258
3695
3949
10023
260
-5301
-8388
-14907
-4323
5747
9319
6507
-14052
-18382
-6240
3485
17864
14244
-1031
-3105
-3644
-193
6303
3323
4322
6141
-798
-5520
-9923
-9821
-1714
1685
-2942
-10983
-13984
-10303
-2618
5796
7612
7259
7009
5489
4099
403
-2513
-1496
-1592
-5856
3106
19375
14651
1654
-5478
-9509
-3485
5943
6096
5422
5874
-521
-6671
-9925
-7967
-199
7238
13185
2526
-17003
-19559
-11590
3943
18854
14466
925
-8033
-8289
553
6514
5307
5276
4832
1878
-1993
-7626
-10645
-7503
-241
-1215
-9183
-12255
-13031
-6421
3913
4977
4522
7304
7505
7410
5508
-1354
-6326
-6050
-5524
-108
16271
21306
6553
-3999
-8127
-8664
1300
6594
6185
8374
2056
-6261
-9578
-9939
-1266
6439
9110
5928
-10186
-18429
-12306
-3850
10453
16265
7617
-19
-5427
-4518
3535
6131
6640
6911
1958
-1731
-3612
-7397
-8154
-5779
-6577
-9685
-10254
-9758
-7695
293
5008
3293
4252
6613
8179
8854
5125
-2656
-8794
-9153
-4315
11151
22447
11955
-2161
-7284
-7977
-1171
6764
7602
9499
7805
-2404
-9010
-10085
-3745
6280
9309
5649
-6763
-17181
-13054
-5045
4289
12252
8928
3425
-49
-2587
1737
5054
5203
7512
4802
-725
-1615
-3792
-7359
-7186
-7378
-11182
-12739
-9982
-6551
-389
4937
4477
2955
4842
8524
10043
6794
-1056
-9657
-11584
-8496
3079
21398
20088
2930
-5256
-9085
-6315
4361
6704
8061
9579
605
-7590
-11925
-10050
2128
9226
8420
20
-15680
-18483
-8939
877
11817
13270
5178
478
-3145
-4103
1481
5861
8239
7183
1472
-3215
-6132
-7687
-6432
-3328
-4854
-10335
-11483
-10608
-7778
265
4666
6386
9307
7466
5732
4550
-1382
-6648
-8606
-8698
-1171
16297
20381
4332
-6598
-7601
-4569
4016
9718
9424
8884
3589
-4986
-9824
-9016
-401
6832
7816
1496
-15067
-21612
-11252
1744
14209
16487
7131
-760
-3789
-1743
3065
5735
8993
10291
4147
-2672
-8186
-11517
-8753
-4583
-4230
-9637
-13084
-10745
-7161
899
8342
7878
8149
9712
7323
3836
-362
-6552
-12168
-14316
-2908
20982
25592
8206
-5818
-13760
-10376
3728
9658
11853
13619
4356
-5627
-11765
-13437
-514
12617
14917
5110
-17561
-28540
-19669
-3661
15788
21113
10209
717
-5186
-4513
2623
6940
10729
11500
5563
107
-6157
-11401
-9391
-4553
-4063
-8933
-13630
-13583
-9762
-1324
5229
7052
10215
12967
12749
10028
1454
-6319
-7345
-8890
-13449
-9446
12984
24269
9775
-3463
-11237
-11467
3667
11466
10130
12205
5965
-3096
-7417
-11582
-5121
4256
8583
6856
-13380
-28013
-21124
-9000
10849
22176
12426
2891
-2613
-4076
3572
7910
9679
11784
5748
-250
-6434
-14000
-11829
-5716
-5518
-9283
-12828
-13966
-10150
-560
6980
8859
11646
15142
13642
8715
1409
-6332
-10549
-13401
-14956
-6569
16712
25955
8142
-6413
-12267
-11140
3938
12006
11189
14887
8670
-3927
-9390
-11839
-3598
9755
14261
6756
-17987
-32541
-20401
-2803
15973
22081
6718
-2924
-2651
-2803
3597
8664
10614
15212
10187
-1464
-10450
-16543
-12626
-4323
-5426
-10881
-14034
-14769
-9239
-136
6499
11271
14944
15963
12523
3056
-4922
-7770
-10615
-11307
-5395
15488
27684
8025
-11069
-15185
-13186
2121
13817
10480
10706
7087
-4545
-8189
-7959
-459
11979
16184
11463
-12258
-32579
-23508
-6976
12735
25038
10461
-5749
-8924
-5667
3860
9798
10137
12256
10328
4163
-3569
-11355
-11107
-5115
-1907
-7530
-15341
-16994
-14686
-5182
4250
5151
8287
12198
11058
8863
2193
-4896
-7989
-10041
-8455
6610
26038
19058
-3419
-13723
-16019
-8474
6975
11004
10870
10363
39
-8106
-9771
-4946
8285
14862
14037
843
-24409
-27185
-13794
-160
17951
16691
335
-7231
-9371
-3798
6527
9453
11569
12025
5894
598
-5920
-10849
-7497
-2433
-4285
-10849
-14414
-15205
-9811
665
4661
5389
8860
10466
9507
6069
-338
-7819
-12250
-8258
10117
28691
19890
-2560
-14847
-17487
-9523
2512
7549
11361
12294
3144
-7068
-11967
-6490
9689
19283
16134
-275
-23143
-26939
-14578
-71
14726
14347
2395
-4788
-8747
-6193
1952
7311
13077
14648
6798
-44
-4458
-7966
-5986
-2687
-5359
-11465
-14241
-14445
-10378
-1688
3397
5919
9016
10234
9116
5774
844
-6029
-11803
-6395
16132
31283
16843
-5483
-18146
-19276
-6465
4635
6793
10420
8972
311
-5755
-9614
-3113
12986
20564
15658
-4605
-25767
-24690
-12471
2822
14691
8959
-744
-4255
-7260
-3188
4038
6312
11188
13004
7345
1797
-4517
-8347
-5706
-3193
-6095
-11640
-14622
-12820
-7483
-1653
2573
6291
9438
11360
8952
3272
-2232
-8415
-10444
4486
27595
25969
4551
-12953
-22771
-16892
-1226
5599
8003
8625
911
-6523
-9319
-6817
6291
19456
22330
8288
-17493
-26693
-17659
-4569
11157
12405
124
-5472
-7129
-6281
923
5944
8961
12536
9277
2505
-3206
-6746
-5338
-2042
-2334
-7305
-13513
-15967
-11192
-3232
1822
5282
7909
8917
9862
7526
1857
-4201
-9750
-5471
16796
29434
13398
-6301
-18303
-20055
-7549
2927
6287
8874
5353
-1888
-7823
-9469
364
14361
22162
18980
-3902
-25763
-23389
-10715
4479
13932
5711
-5249
-7500
-5801
-1380
4099
8423
11064
10415
6321
49
-5570
-6896
-3789
-1720
-5009
-9753
-14240
-15210
-7091
887
3555
7400
8272
7337
9000
6950
1511
-5375
-9604
4883
26173
21149
169
-14968
-21640
-14045
-822
4178
8050
8459
1693
-3457
-8422
-6399
8262
19389
22419
10060
-17788
-28109
-17814
-3069
12216
10927
-3022
-8498
-7959
-3095
4546
7529
10543
12465
7913
2469
-4518
-8891
-3827
-888
-4944
-9625
-14480
-16329
-9775
200
5412
7362
7878
6298
6564
7641
6230
1543
-5564
-2799
15749
22678
6739
-10242
-20507
-19567
-7473
-118
3438
7713
5131
145
-4374
-7131
1897
15681
21483
16323
-4482
-23238
-20917
-9208
3477
9548
1199
-7125
-7010
-3854
1685
5918
8046
10992
10543
4280
-2536
-7921
-7505
-1340
-1495
-7970
-12645
-15934
-14145
-4075
3873
6942
10122
9273
6580
5815
4100
2983
-395
-2331
10501
22397
11703
-5695
-17555
-21075
-10736
-961
1405
4992
3921
-582
-2827
-5578
-898
11095
19069
18880
3730
-17134
-21307
-11647
1179
9680
3745
-7330
-9518
-5846
758
6650
7910
8902
10791
7724
530
-6750
-9736
-4651
140
-3718
-10131
-14386
-14903
-7647
1485
5893
8962
10240
8783
7247
4311
1913
-240
-1073
10147
24402
17010
-2774
-16218
-21620
-14219
-2403
1549
4315
4495
-1527
-5463
-7045
-3861
8680
19566
20989
8785
-13201
-21962
-13289
-328
10796
8636
-4527
-10766
-9055
-3377
3708
6394
8020
10107
7516
1551
-5188
-9237
-5771
-240
-1741
-8413
-13256
-14741
-10299
-737
5092
7217
8726
7340
6076
4772
1766
292
-847
6039
22658
22554
3250
-11695
-19024
-15879
-4005
364
484
2397
-985
-4955
-6717
-6733
1921
14107
19403
13281
-4742
-18521
-14863
-2617
8992
11085
108
-9725
-8739
-2697
3329
6537
5836
6014
7127
3221
-2492
-6940
-8577
-3469
-1070
-7197
-11298
-12514
-11281
-2715
4104
5700
8615
7776
4530
4220
2088
153
-1652
-1303
13629
26385
14082
-4739
-15848
-18211
-7001
2832
2489
2743
649
-4709
-6832
-8591
-4388
7616
15736
15879
2884
-15790
-18427
-8054
4935
13857
7767
-4740
-8871
-5961
1062
7135
7110
6207
6379
4023
-1370
-7625
-10182
-5877
-1152
-4142
-9884
-12272
-11859
-5395
3896
7907
10223
11073
7892
5502
2897
60
-1234
-3364
3573
20661
21603
3272
-12015
-18250
-12756
-117
5063
5198
4509
-613
-5448
-8106
-7708
956
12210
16745
9782
-8418
-20954
-15447
-1600
10853
13767
3563
-6470
-7010
-2607
3734
8254
7815
6932
5572
113
-6001
-9911
-9839
-4235
-2953
-9691
-13517
-13929
-10224
96
6999
8513
10636
9672
6782
4629
1313
-45
-2464
-4324
8105
23069
14993
-3190
-14333
-17688
-8321
2748
4869
6232
4479
-2128
-6340
-9694
-6936
4049
12407
14495
2391
-18233
-21571
-10871
2087
14591
11971
-561
-4641
-3516
161
6413
7584
7054
7771
3779
-2935
-8915
-12166
-7906
-1936
-4365
-10316
-13357
-12344
-4164
4975
8540
10577
11125
9237
7162
2861
-598
-2192
-5890
371
19105
21912
5141
-9214
-17263
-13886
-1307
4703
6304
7211
2218
-3722
-8766
-10130
-939
9993
15916
11529
-8482
-22755
-17882
-5300
9496
15243
5455
-3345
-4133
-2010
2929
6462
6519
7288
6014
744
-5775
-11593
-11722
-5908
-3379
-6745
-10870
-13546
-9422
710
7123
9025
10319
9449
8171
6433
1835
-536
-3944
-6131
8493
24002
15251
-1781
-12719
-16529
-7540
1892
4190
7033
5347
-930
-5961
-10970
-7497
3897
12759
16655
4214
-17453
-22255
-13232
815
14440
12227
438
-3913
-2976
422
5473
7108
7540
8105
4657
-1353
-8776
-13561
-9102
-3341
-4503
-8128
-12204
-13873
-6019
3914
8167
10837
10643
7641
6287
3579
640
-980
-5496
-387
18883
23137
6179
-8718
-15996
-12742
-1592
3156
4636
5768
1215
-4152
-9726
-12045
-3024
8176
15283
13037
-6971
-22740
-19036
-7633
7452
14450
5082
-3411
-3886
-1745
3079
6538
6692
7486
6382
1770
-4055
-10556
-11352
-5285
-3763
-8036
-10696
-12794
-9969
412
7109
8919
10561
8710
6393
5074
1818
801
-2281
-5066
8734
23262
15152
-471
-11088
-14515
-6155
1725
3604
6197
4513
-784
-5214
-10504
-7773
3433
12372
16248
4771
-16044
-21088
-12118
1557
13928
11026
-69
-3572
-2785
183
4939
5582
5727
6421
3072
-1372
-6746
-10684
-6684
-2695
-6101
-10272
-13238
-13261
-4716
4542
7641
9053
8380
5876
4758
2651
1087
234
-4941
-780
17241
20715
6486
-5287
-12548
-10412
-1003
2093
3545
5373
1246
-2996
-7716
-10569
-2257
8185
14666
11808
-7383
-20708
-15650
-4509
9330
13910
3364
-4186
-3791
-717
4505
6050
4907
5734
4487
1315
-3003
-9015
-8672
-2331
-2269
-7705
-12027
-14902
-10101
1481
7727
8739
8512
5644
3701
2848
1052
478
-2881
-4516
9036
21551
12913
-1464
-10309
-12329
-4059
2153
2240
4112
2313
-2319
-5135
-9458
-6487
4047
10984
13339
1756
-17390
-19407
-8869
4622
15226
9350
-3010
-5905
-3260
2011
6806
5737
4881
5252
1819
-1294
-5635
-9436
-3948
853
-3427
-8806
-13389
-14087
-4469
5988
9679
10237
7359
3638
1973
-354
-841
-1385
-4352
3495
19036
18026
2918
-8456
-12945
-7186
2705
4311
3492
2631
-2189
-5273
-8058
-8116
1042
10003
14394
8187
-11578
-21611
-13921
-609
13081
14831
2053
-6785
-6667
-2113
4910
7030
5365
5046
2446
-1716
-5964
-9777
-6711
195
481
-4619
-10430
-14407
-9797
1193
8519
10964
10138
6573
3648
1655
-316
-244
-2284
-1097
14195
23116
9848
-5481
-13058
-12175
-810
5685
4394
3963
50
-4479
-6711
-9789
-4843
6065
12928
13806
-125
-17954
-18396
-8102
6047
15639
8463
-2914
-6348
-4826
421
4656
4754
4778
3665
-33
-3760
-8647
-10200
-3634
871
-2126
-6631
-11374
-12165
-4325
4511
8808
10126
8101
4321
2051
-474
-1906
-2078
-3581
5662
21498
18317
1459
-10346
-14729
-7476
3561
5817
5239
2508
-3973
-7280
-10134
-8794
1753
10952
15581
8277
-12187
-21240
-13607
-252
13622
13941
1558
-6078
-6333
-2265
3903
5889
5136
5179
2284
-2375
-6949
-10099
-5820
915
3
-5714
-10357
-12022
-6408
2925
7442
8572
7931
5012
2586
364
-1564
-1858
-3091
2635
19239
23164
7426
-7538
-14754
-10745
1006
5716
5991
5254
-1077
-6468
-9471
-10505
-2107
9017
15102
11823
-6336
-20299
-15794
-3319
10663
15701
5531
-4776
-7292
-4553
1580
4841
4844
5300
3531
-1190
-6699
-10626
-7864
127
2659
-3195
-9840
-13041
-9339
798
7675
8771
8204
5665
2582
348
-1842
-1304
-1279
286
14846
25230
12852
-3465
-12134
-12799
-2246
5200
4997
5500
1119
-5836
-8598
-10553
-5382
6227
13691
13642
-1334
-19308
-19055
-7330
7208
16786
9416
-3711
-8272
-6489
-154
5877
5911
4725
3479
-1048
-5987
-9651
-9529
-2641
2752
-1304
-8694
-13313
-12114
-2456
7386
9945
8592
5303
1494
119
-1133
-1805
-1190
-1429
7804
23071
19048
1009
-10261
-13398
-6132
3883
4627
3741
2194
-3631
-6636
-8439
-7328
2593
11770
14787
6441
-13198
-21210
-12076
1992
15099
14700
983
-7688
-7187
-1782
5350
7546
5433
3463
379
-3932
-7969
-10149
-6152
966
810
-5888
-11606
-13524
-7306
4238
10389
10312
7727
3218
272
-615
-1824
-1661
-2115
2154
17497
23292
8613
-6827
-13949
-10878
602
5664
4450
3343
-2095
-6716
-7779
-8835
-2601
8171
14175
11745
-4604
-20151
-17579
-4803
9993
16954
7503
-4740
-7740
-4038
2899
7513
6473
4299
2645
-754
-5218
-9408
-9609
-2906
1950
-2025
-8281
-12281
-10636
-568
8629
10761
9874
6508
2545
1211
-1015
-2808
-3017
-1857
10845
24943
17087
-1451
-12350
-13809
-3865
5474
5129
4046
838
-5298
-7666
-9187
-6118
4409
12348
13970
2671
-17029
-21896
-11587
2973
15323
12383
-1084
-7819
-6325
-222
6199
6992
4680
3335
693
-3923
-8520
-10516
-6064
595
-388
-6713
-11761
-12658
-5412
5185
9797
9695
8046
4472
1741
-574
-3020
-3534
-3839
3603
20324
22354
5680
-8799
-14725
-8783
3419
6559
5124
3552
-2448
-6701
-8422
-8429
-247
9950
14858
9810
-8386
-21217
-16285
-2834
11978
16623
5984
-4971
-7655
-3808
3294
7050
6226
4665
2557
-1729
-7160
-10911
-8984
-1975
1079
-3635
-10075
-13803
-10438
539
9132
11014
9683
6125
2167
-51
-1951
-2624
-3128
-1864
11018
22788
14157
-1787
-11052
-11910
-1933
5974
5176
4416
936
-4761
-7124
-9314
-5993
4200
11801
12966
814
-17026
-20224
-10479
4083
15654
12302
405
-6230
-5825
-1
5995
7112
5703
3696
217
-4334
-8512
-9652
-4972
841
-606
-6655
-11512
-12386
-4791
6316
11562
11932
9334
4401
1447
-1145
-3339
-3374
-2243
8626
23115
18727
1430
-10733
-14418
-5509
6223
7491
5302
1342
-5499
-8580
-9730
-7247
2246
10514
13246
4419
-13758
-20790
-12824
1036
13887
13796
2106
-6308
-7000
-2100
4416
7022
6041
4212
854
-3896
-8403
-10597
-6976
-481
70
-5653
-11367
-13938
-8854
1901
8973
10822
9749
5762
2050
-658
-3231
-3524
-2836
4379
18589
20499
6246
-7715
-13910
-8480
3503
7903
6347
3244
-3173
-7951
-9424
-8025
-101
9075
13020
7393
-8757
-19857
-15527
-2299
11275
14867
5678
-4638
-7457
-3272
3584
7868
7616
5002
1590
-3214
-8005
-10137
-7517
-976
1801
-3351
-10264
-14154
-11551
-1545
7620
10476
9879
7071
3119
518
-1770
-2726
-2641
1274
14567
22602
12008
-3840
-12838
-11331
427
8277
7375
5202
268
-5846
-8393
-9073
-4230
6097
13171
11591
-1978
-17421
-18797
-7805
6871
15479
9993
-1602
-7396
-5435
1488
7419
7912
5748
3172
-1312
-6190
-9570
-9605
-3830
2038
-64
-6823
-12180
-12962
-5337
4986
9956
10840
8803
4530
1412
-1105
-2620
-2806
-2082
7594
20010
16933
2692
-9194
-13223
-5038
5759
7856
5894
1752
-4253
-7329
-8914
-7457
82
8277
11644
3699
-12517
-20249
-14218
-553
12160
13044
3054
-5670
-7108
-2315
4535
7436
5843
3675
652
-4066
-8538
-10870
-7984
-1350
577
-4334
-10503
-13381
-8649
1489
8790
10870
9258
5065
1742
-309
-2224
-3010
-2648
4963
18177
19797
6825
-7170
-13922
-8418
3665
9427
8745
4754
-1679
-6616
-8980
-7714
-455
8669
13418
7581
-8199
-19195
-16292
-3560
10302
14700
7117
-2993
-6839
-3618
2918
7892
7926
5028
1809
-2891
-7695
-10293
-8983
-3502
407
-2148
-8181
-12448
-10356
-1336
7490
11069
10510
6515
2166
-82
-2288
-3315
-3852
469
13785
20821
11527
-3162
-13348
-12541
-970
7600
8556
6020
65
-5524
-8437
-8974
-3435
5776
12696
11040
-3107
-17623
-19476
-9020
6128
14664
10689
328
-6279
-5418
333
6328
8336
6361
3485
-965
-6610
-10390
-10314
-5253
165
-255
-5613
-11150
-11802
-4302
5469
10870
12041
8816
3291
29
-2199
-3256
-3140
-1268
9524
20154
15089
973
-10912
-14327
-4803
6457
9680
7974
2226
-4283
-7805
-9359
-5551
3236
11132
13187
2646
-13758
-20380
-13729
893
12922
12905
3491
-5165
-6830
-2148
4458
8022
7112
4506
305
-5687
-10595
-12158
-8240
-1793
-195
-4059
-9702
-12646
-7658
2052
9195
12236
11025
6043
1542
-1812
-4142
-4176
-1900
7379
18789
17582
4437
-9085
-15123
-8689
3703
10333
9773
3818
-3904
-8472
-10302
-7205
1672
9915
13033
5428
-10272
-19656
-16310
-3066
10631
13919
6314
-3680
-7506
-4009
2829
8264
8923
6375
2029
-4357
-9887
-11715
-8778
-2723
298
-2929
-8870
-12720
-9776
-226
8611
12726
12097
7187
2297
-873
-3258
-3581
-2090
4968
16300
18618
8362
-5324
-13720
-10357
1028
9331
11087
6600
-1313
-6898
-9492
-7919
-437
8123
12943
8520
-5516
-17287
-17485
-6170
7942
13764
8767
-1354
-7343
-5105
1234
7275
9436
7164
3250
-2169
-8078
-10922
-9561
-4884
-770
-1868
-6796
-11634
-11612
-4106
5582
11572
12558
8336
2479
-1059
-3388
-4026
-2806
2228
13021
18847
11298
-2419
-13182
-13595
-3107
7175
10810
8001
674
-5406
-8505
-8710
-3089
5349
11547
10411
-1447
-14635
-18584
-10698
3818
12832
10983
2169
-5849
-6322
-1083
4935
8374
7385
4149
-801
-7210
-11089
-10708
-6760
-2031
-1697
-5949
-10982
-12705
-7424
2451
10445
13300
10536
4564
-25
-2693
-3538
-2833
733
11509
19997
14421
1006
-11466
-15509
-6593
4990
10626
9975
2668
-5065
-8570
-9460
-4974
3704
10780
11773
1300
-13306
-19426
-14092
264
12461
13122
5361
-3554
-6438
-1922
4491
8599
8919
6332
1627
-4733
-9909
-11010
-7474
-2531
-1245
-4302
-9211
-12093
-8268
660
8982
13585
12710
7491
2540
-1122
-3442
-3681
-1342
7963
18612
16822
4668
-8505
-15758
-10277
1400
8881
10858
5776
-2714
-7904
-10395
-7786
828
9240
12753
5132
-9915
-18690
-16346
-3981
9601
13344
7474
-1695
-6297
-3318
3004
8275
9386
7158
3166
-3179
-9149
-11515
-9283
-4397
-1985
-3913
-8142
-11835
-10124
-2611
5471
11283
12945
9162
3923
62
-2800
-3915
-2938
4287
15717
17639
7897
-5022
-14682
-12759
-1795
6912
10964
8453
88
-6448
-9910
-9415
-2153
6889
12440
8386
-5780
-17119
-18274
-8775
5951
13387
10412
2440
-3989
-3464
2098
7692
9900
8513
5170
-572
-7058
-10860
-10161
-5713
-2369
-3234
-6861
-11225
-11503
-5456
2441
8871
12070
10155
5496
1423
-2095
-3964
-4016
-197
10296
16799
10809
-813
-11781
-14448
-5502
4038
9147
9643
3113
-4056
-8062
-9935
-5508
3040
9886
10649
141
-13404
-18728
-13520
199
11163
11676
5360
-1890
-3649
639
6186
9144
8374
5964
1777
-4041
-8940
-10749
-7887
-3653
-2790
-5217
-9309
-11388
-7399
100
6861
11194
11265
7881
4145
400
-2520
-3450
-1670
6959
16516
14565
3759
-8187
-14972
-9334
1625
8327
11102
7172
-428
-5111
-8533
-7328
367
8319
12318
5993
-8089
-17119
-16473
-5864
7260
11510
7219
-51
-4071
-1695
3217
6858
7619
6421
3716
-1507
-7237
-10917
-10192
-6005
-3457
-4043
-6929
-10096
-8613
-2582
3781
8724
10562
8587
5360
1993
-1454
-3444
-3593
1920
12950
16474
8144
-3761
-13381
-12874
-2760
5729
10409
10125
3565
-2416
-6779
-9027
-4249
4108
10853
9977
-2047
-14348
-17794
-11292
1738
10100
8788
2365
-2940
-2886
662
4472
6333
6384
5590
1618
-4694
-9893
-11555
-8207
-4089
-3234
-4858
-8427
-9746
-5332
900
6309
10041
9657
7109
4464
504
-2390
-3680
-2244
7207
16271
13085
2524
-8609
-14052
-7706
1722
7227
9980
6240
-549
-5238
-9337
-8061
-874
6915
11690
5166
-9404
-17929
-16466
-5666
7232
11014
6617
484
-2796
-1271
2580
5464
6451
6376
4432
-634
-6668
-10747
-9886
-5278
-2417
-2545
-5279
-8523
-6925
-1138
4624
9254
10751
8775
6137
2724
-939
-2441
-3424
482
11772
16169
8715
-1662
-10835
-11274
-2481
4370
8418
9108
3547
-2148
-6751
-9466
-4977
2648
9385
10776
135
-12746
-17077
-12504
-136
9753
9545
4375
-431
-2101
-2
3019
4606
5518
5479
2234
-3175
-8726
-11619
-8543
-4082
-2464
-2952
-6420
-8792
-5262
373
5720
9545
8838
6305
3653
-438
-2465
-3226
-4123
2879
13201
13161
5221
-4381
-11084
-7781
-203
4734
8148
6351
869
-3714
-8657
-9059
-2913
4515
10962
8637
-4081
-14029
-15596
-8477
3999
10450
8276
3111
-840
-1630
538
3151
4512
5528
4574
329
-4700
-9669
-11045
-6981
-3534
-2141
-3109
-7124
-7504
-3075
1986
7355
9460
7211
4744
1815
-1130
-1770
-3296
-3050
5644
13406
10750
3308
-4793
-8913
-4249
1791
5310
7314
4275
-517
-4592
-8584
-7185
-908
5968
10728
5541
-6689
-13721
-13508
-5290
5947
9461
6500
2379
-948
-1606
125
1622
2918
4554
3304
-448
-5045
-10169
-10159
-5637
-2408
-689
-2555
-6394
-5476
-1198
3464
7982
8690
6773
4944
1857
-205
-1240
-4166
-2669
6632
12347
9160
2800
-4352
-7136
-2743
1707
4791
6100
3014
-993
-5215
-8426
-6006
-226
6625
10288
2829
-8132
-12891
-11570
-2561
7001
8658
6077
2510
-844
-1708
-662
887
3299
4810
3014
-816
-6018
-10299
-8971
-4579
-873
480
-2632
-5714
-4146
-580
3462
6821
7229
6204
4235
1309
-389
-2007
-4798
-2939
5745
11161
8553
3352
-2773
-5892
-2944
841
3747
5214
3010
-1185
-5885
-8504
-6105
-449
6558
9083
1823
-7360
-11815
-11113
-2875
5818
7705
6003
2663
-1289
-3074
-2513
-608
2255
3820
2117
-1756
-6420
-9891
-8446
-3767
-282
193
-2605
-5035
-3760
-364
3120
5680
6198
5238
3623
2148
899
-1360
-5144
-4641
4081
11328
10740
6452
-506
-5499
-3799
-532
2254
4790
3822
33
-4459
-7667
-6491
-1188
6045
9617
4068
-5085
-10638
-10632
-2923
5856
8662
7339
3429
-1452
-3771
-2857
-840
1590
3280
1990
-1318
-5601
-9248
-7935
-3231
-51
297
-2134
-4594
-3388
-140
2354
4132
5035
5207
5047
4282
2462
-877
-5648
-6961
1455
11520
12805
8908
1982
-4980
-4987
-2323
-209
3352
3746
619
-3120
-7425
-7896
-2923
4224
9149
6088
-1923
-7870
-9931
-5098
3582
8100
7914
4519
-798
-3860
-3251
-1557
836
2956
2289
-219
-3472
-7331
-7675
-3580
-483
685
-61
-2768
-3215
-1473
-148
1616
3655
4991
5680
5236
2487
-1702
-6804
-9629
-1767
11157
15245
11603
3723
-5869
-8093
-4830
-1438
3338
4864
1820
-2298
-7730
-9835
-5751
1637
9136
9331
1102
-7310
-11890
-9128
606
7952
8478
4491
-1519
-5435
-5186
-2989
-134
2702
3193
1487
-1359
-5605
-7344
-3876
-317
1193
923
-2554
-4568
-3010
-1458
633
3347
5087
6739
6764
3356
-1783
-6576
-9849
-4278
9813
17752
15026
6803
-3684
-8908
-6232
-1585
3345
6273
4302
-434
-6151
-9854
-7110
330
8941
11917
4861
-4305
-10378
-10915
-2580
6495
8499
5463
-28
-4469
-5410
-3979
-1352
1580
3500
3822
2099
-2124
-5621
-4830
-1949
335
1070
-1803
-5686
-6180
-4574
-2335
1173
4825
7791
8400
4847
-1197
-6239
-8672
-6325
5298
17231
16786
8920
-757
-9445
-9254
-3628
994
5299
5169
482
-4657
-9416
-9036
-2311
6195
12569
10053
-474
-9574
-12685
-7447
3113
9429
8302
3334
-2090
-5607
-5694
-2928
724
4007
5898
4807
703
-4522
-6272
-2680
993
2641
884
-5409
-9105
-7469
-4854
-719
4500
7439
8331
5976
-82
-5217
-6777
-6602
-770
11158
16253
11060
2652
-6443
-10190
-5869
-657
3595
5990
3373
-1724
-6890
-9096
-4924
2288
10001
13097
4376
-6604
-11137
-11665
-4796
4755
7013
3989
-917
-5995
-7367
-4950
-969
3627
6949
6962
3923
-1258
-5151
-4046
-1021
1051
1061
-3674
-8834
-8818
-6413
-2704
3370
7342
8501
7535
2915
-1303
-2854
-3394
-2764
2996
12320
14206
7576
168
-6841
-8926
-3610
1184
4140
5525
2215
-2408
-5595
-5992
-1607
4973
11241
11134
1233
-8044
-12239
-11372
-2014
6557
6414
2266
-3360
-7777
-6706
-2277
2930
7661
9429
7528
2851
-2741
-5455
-3739
-1143
-562
-3082
-8751
-12367
-10292
-6025
-899
4786
7102
6820
5220
1728
-783
-1414
-1786
-2098
2198
9596
10644
5785
297
-5559
-6743
-2696
-91
2685
4812
3130
611
-1889
-3188
-619
4461
10165
8990
-1686
-9933
-13142
-10836
-495
6929
5551
847
-4513
-6805
-3314
1722
5990
9180
9350
6948
2835
-2523
-5525
-4895
-3191
-2657
-4958
-9635
-11392
-8061
-3553
1621
6294
7513
7614
6779
3592
486
-1541
-3089
-4917
-2487
5745
9270
5976
1910
-3845
-7256
-4632
-1579
2382
6991
6618
3102
-932
-4654
-3631
2299
7944
6377
-2749
-11290
-14538
-10223
-835
4764
3373
-636
-3267
-2983
-2
3877
6612
7880
8406
6642
2132
-3055
-6669
-5886
-3599
-4180
-5724
-8302
-9161
-5450
-1388
2672
6391
8175
9150
8298
4425
569
-1881
-4083
-6485
-5633
2297
8750
7752
4112
-1791
-6840
-5367
-1523
3617
9052
8854
5096
203
-5190
-6045
-2371
2833
5281
-807
-9958
-14066
-11904
-4278
2976
4752
3305
1233
195
935
2483
4687
7177
8581
7078
2251
-3774
-8358
-8974
-6214
-4855
-5251
-6741
-8593
-6301
-1474
2956
7088
9473
10033
8750
4977
640
-2600
-4506
-5673
-7263
-3064
6440
9515
6799
3207
-2609
-4366
-495
3602
8857
11114
7788
2574
-4471
-9451
-7186
-1184
4459
3572
-5291
-12276
-12792
-7164
2305
8534
8814
6309
3156
1253
2006
4448
6262
6803
5473
882
-4806
-9605
-11619
-8702
-5823
-5469
-5272
-7126
-6987
-2261
1967
5885
8990
9394
8132
4807
82
-3532
-5993
-7357
-8905
-8796
-871
7861
8740
6357
1898
-3088
-1843
2526
6664
10506
9006
2520
-4711
-10834
-11551
-6138
821
3876
-1769
-10579
-13233
-8699
580
8775
10663
8116
4656
2516
2499
3634
4790
5338
4674
1659
-3611
-8136
-9950
-8349
-4675
-2766
-2447
-2951
-4112
-1797
2612
5502
8035
8899
7317
4836
1461
-2208
-4440
-5794
-7476
-9863
-8705
944
10653
12104
9343
4320
-583
372
4068
6885
8365
5245
-1299
-7698
-12690
-12335
-6406
164
2997
-1250
-7481
-8433
-3775
3503
8753
9872
7768
4767
2715
911
633
2085
2644
2075
-499
-5126
-8206
-9165
-7454
-3339
-1203
-585
-771
-2693
-1640
1869
4186
6494
7425
5119
1547
-1554
-4384
-5878
-5868
-6139
-8101
-7125
2299
11942
13962
12237
6846
154
-254
1953
3588
5249
3062
-2707
-8819
-12908
-11453
-5624
1151
5359
2277
-3035
-4745
-2918
3324
8742
9624
7966
4275
711
-1189
-1040
614
910
321
-1777
-5632
-7321
-7144
-5088
-1049
571
56
-1524
-4332
-3161
515
2886
4844
4359
1756
-719
-2584
-3606
-3480
-3357
-4550
-7597
-8435
892
13578
17515
14825
7684
-1392
-3406
-724
1329
3606
1876
-3168
-6840
-9879
-9811
-5337
536
5908
5233
-585
-4251
-4463
549
7547
10180
7985
3165
-564
-1937
-1586
-281
-485
-1360
-1723
-3341
-4573
-4565
-4003
-1420
265
-1443
-3476
-5317
-4371
-154
2189
2773
2047
336
86
941
693
-561
-1595
-3036
-4551
-6004
-2020
9425
16418
15825
11527
2171
-4799
-4635
-2375
2154
5271
2663
-1390
-6117
-9785
-7607
-1726
5306
8025
2979
-2600
-5987
-4360
2776
7666
8329
5360
1146
-1369
-2626
-2220
-789
-124
498
-15
-2216
-3812
-4952
-4189
-2146
-2640
-3992
-5475
-6066
-2923
-141
942
2051
1484
1470
2161
1762
1595
1242
-358
-3124
-7506
-9375
-55
13171
17869
14961
5677
-4922
-6855
-2875
1764
6354
5715
1298
-3007
-8069
-10097
-7537
-1642
6050
7389
1191
-4919
-8492
-4989
4428
9592
8726
4856
331
-1989
-1323
-543
-799
-118
750
152
-1496
-4440
-6313
-5003
-3816
-3176
-3432
-5354
-4002
-139
1666
2802
3127
2224
3368
4864
4517
2904
-223
-3798
-6646
-9281
-8673
1119
12804
16214
13339
5539
-3430
-5582
-3056
1756
7251
6820
2012
-4322
-11892
-14050
-8564
532
8791
8356
40
-7292
-10511
-5188
5973
11544
10171
5804
86
-3830
-4147
-3417
-2184
333
2193
1053
-3026
-8089
-9743
-6658
-2988
-716
-1267
-3162
-2617
-531
1838
3880
3999
3897
5000
4729
3073
1111
-1433
-3649
-5332
-7356
-7375
1520
14830
19730
15792
6760
-3574
-6326
-2167
2718
6969
6437
1051
-5276
-11169
-12486
-7699
894
9594
10195
2119
-5882
-9865
-5872
4741
11170
10686
5683
-1090
-5372
-6448
-5073
-2301
320
2223
1210
-3451
-8760
-10955
-8109
-3273
67
561
-1695
-3631
-2928
-781
1466
3626
4590
4733
4056
2072
126
-1015
-1664
-2340
-3204
-5094
-2341
8327
16085
15664
10185
107
-6938
-5407
-1608
2871
6137
3289
-2203
-7653
-11436
-8573
-426
8462
12440
6541
-3011
-8806
-8252
-624
7470
9908
6534
65
-5908
-8348
-6716
-3277
1072
4613
3588
-1513
-6862
-10540
-8905
-3414
-21
1565
-392
-5131
-5328
-3019
-964
2670
4468
4184
4566
4140
2842
1618
-174
-1440
-2791
-5310
-6649
-1509
8521
13261
11057
5261
-2906
-6128
-3246
377
5242
7457
4532
213
-5223
-7996
-4141
2293
8682
9418
831
-7421
-10803
-8114
656
6545
7456
4535
-939
-4053
-4387
-2720
1005
4533
5758
3848
-1519
-7465
-10209
-7733
-3024
-141
1242
-998
-4928
-5012
-2959
491
5661
8492
8556
7002
4058
1816
331
-885
-2430
-5194
-8163
-9124
-3122
7033
12122
11649
6541
-1449
-4838
-2854
1994
8760
10923
7052
812
-6381
-9168
-5633
-8
5240
4488
-3560
-10304
-12923
-9987
-1451
5411
7237
5372
1363
-1836
-2643
-1701
939
3514
3950
1064
-4659
-10689
-12826
-9201
-4298
-57
2192
-591
-3322
-2595
-495
4366
9493
10966
9709
6075
1444
-1573
-3484
-4107
-4004
-5782
-8535
-10496
-6074
6016
14469
15141
11170
3105
-1971
347
4584
8877
11241
7977
741
-6682
-10855
-10166
-4984
2045
3712
-2468
-9224
-12786
-10744
-1569
7433
11209
9325
3686
-1720
-4689
-3870
-750
959
670
-1816
-6547
-10570
-11215
-7335
-1529
2610
4284
2404
-464
-437
1300
4552
7882
7860
6123
3415
-655
-2858
-3000
-3068
-3276
-4303
-6095
-8008
-5753
4835
15571
18729
15905
7498
-1207
-2546
775
5319
8789
6352
-700
-7974
-13245
-13366
-7997
-252
4947
2618
-4050
-9664
-11040
-4124
6143
11704
11152
5037
-2756
-7250
-6851
-3058
734
2671
2410
-1252
-6114
-8385
-7019
-2254
2941
5995
5171
421
-3899
-4662
-1708
3044
6344
6164
3306
-349
-2659
-2901
-2025
-559
124
-1513
-4986
-7055
-2163
9074
17496
18861
13100
2269
-4789
-4847
-1594
3909
7008
3694
-2520
-9183
-13048
-10194
-3785
3456
6157
321
-6385
-9898
-8315
-653
5473
7633
6516
1560
-2382
-3999
-3841
-1048
2151
3813
2517
-2168
-6118
-6694
-4301
113
2732
2511
2
-3870
-4999
-3454
-769
3023
5179
4881
3478
1534
561
809
868
-29
-2364
-5617
-7959
-6269
2530
13297
16659
12535
4193
-4276
-6163
-2264
2902
7312
6790
893
-5415
-10345
-11179
-6185
657
5107
2590
-4996
-10716
-11606
-5558
3814
8771
8243
4764
465
-2284
-2329
-408
2291
4420
4328
1690
-2653
-6980
-7966
-4476
-677
1859
2134
-1824
-4968
-4956
-2844
2333
6749
7832
7028
4463
1627
510
860
1327
851
-1909
-6241
-9696
-8768
1158
13437
17121
13180
4690
-4483
-6368
-2118
3182
8190
7745
2102
-4421
-11057
-13005
-8428
-1237
4958
4030
-3122
-8801
-10243
-5363
3064
8762
9816
6448
2111
-1279
-2789
-1294
831
2610
3257
796
-3161
-6400
-7568
-4505
-414
1468
1626
-1697
-4775
-4261
-2496
1334
5344
6625
6351
4749
2223
640
122
-351
-618
-2394
-6106
-8894
-8624
-751
10905
14667
11243
4915
-2677
-4523
-788
2608
5808
6131
2222
-2886
-9239
-12287
-8819
-2640
3155
3090
-3887
-10149
-11850
-7226
1823
8015
9488
7105
2149
-1343
-2095
-379
2597
4503
4856
2226
-2586
-6414
-7663
-5040
-918
700
27
-3536
-7238
-5981
-1698
3408
8265
9725
8030
5596
2959
1405
1229
912
47
-2979
-8073
-11799
-12968
-7375
5198
13799
14734
10771
2960
-2079
-787
3171
8484
11224
7234
-308
-8479
-13823
-12380
-6249
948
4020
-534
-7528
-11955
-11019
-3382
5950
11424
11769
8617
3817
-166
-793
586
2634
4270
3125
-444
-5500
-9976
-10122
-6997
-3451
136
753
-1257
-1405
-650
2061
7244
9931
9955
7986
4152
1290
-356
-1538
-2930
-6293
-10915
-14139
-15016
-12058
-1863
10731
16549
15866
10472
2625
3
2966
6873
10132
8067
281
-7619
-13882
-15386
-10941
-4969
113
173
-5701
-10057
-10283
-5564
4730
13186
15581
13059
6666
810
-1270
-783
1182
3339
2892
-996
-6219
-11005
-12097
-7594
-1246
3509
5117
2139
-1304
-981
1743
6590
10845
10766
7299
2360
-2298
-4443
-4287
-3895
-4994
-8418
-12321
-14061
-12574
-6708
4735
16851
21490
18057
10103
1361
-2116
377
4223
6149
2910
-5116
-12831
-16930
-15977
-10568
-3757
1627
2063
-2291
-5828
-5726
-1147
7381
13766
14761
11444
4520
-1873
-4556
-4212
-1914
244
247
-2049
-5866
-8896
-8135
-3570
2302
6207
6525
3942
731
-103
1654
4392
6989
6994
3768
165
-2677
-4391
-4324
-4047
-4661
-5959
-7780
-8455
-6692
-2296
6160
16075
20154
16601
8903
964
-2856
-1416
1253
2331
825
-3463
-7913
-10959
-12023
-9655
-4471
761
2474
-356
-3878
-4994
-1987
5114
11428
12597
9132
3588
-1755
-4903
-4689
-2775
-728
406
-1107
-3936
-5718
-5819
-2618
2519
4948
4367
1821
-1333
-1875
-108
2234
4528
4248
1724
-759
-3044
-4211
-3263
-1296
-116
-862
-3432
-6077
-6467
-4445
592
9806
16784
16011
10612
3184
-2865
-2979
317
3192
4163
890
-5169
-10890
-14489
-13214
-7414
-226
4325
2450
-2744
-5673
-4637
1239
8552
11964
10742
6204
653
-3324
-4746
-3722
-1284
935
1407
-368
-3398
-6308
-6451
-3081
423
2210
2089
-537
-2775
-2276
-683
1772
4263
4863
3670
971
-1564
-2373
-1859
-310
566
-1256
-4739
-7619
-8428
-6121
910
11339
17766
16310
9869
1435
-3603
-2036
1925
4971
5002
-59
-7032
-12173
-14331
-11908
-5688
825
3737
1283
-2826
-4500
-2220
4198
10376
12315
10216
5739
1078
-2576
-4020
-2882
-699
936
286
-2605
-5816
-7712
-6231
-2266
511
1887
1230
-1151
-1385
-131
1024
3589
5301
4614
3292
987
-1177
-1319
-426
469
-307
-3916
-8005
-10120
-9010
-4421
3288
12234
16800
14499
8806
2608
-725
607
3122
4018
2156
-2844
-8452
-12513
-13622
-10471
-4822
1097
4153
1957
-1713
-3127
-914
5539
11524
12810
10164
4470
-1234
-4101
-4350
-2449
-663
-496
-1464
-3812
-6027
-6457
-4808
-1226
1626
2278
1453
-191
-454
1017
2596
4361
5267
4050
2145
-14
-1955
-2396
-2128
-2127
-3784
-7062
-9780
-10573
-8555
-4000
1608
8400
14297
14724
11247
7063
2418
189
846
841
-109
-2163
-6082
-9928
-11514
-10012
-6245
-1301
3061
3400
717
-767
-209
2558
6914
9148
7864
4554
483
-2818
-4550
-4299
-3116
-2473
-1685
-1652
-3280
-4603
-4891
-3658
-725
2283
4006
3491
2072
1399
932
1594
3492
4383
4329
3396
823
-1782
-3652
-4794
-4815
-5069
-6199
-7294
-7020
-4842
-1900
3256
11587
17342
17628
14508
7806
919
-1562
-1392
-123
1281
-521
-5023
-9122
-11049
-9557
-5321
-107
3331
2549
215
-953
-602
2690
6739
7938
6144
2617
-954
-3651
-4953
-4837
-4300
-3408
-2504
-2831
-3952
-4792
-4118
-1062
2128
3797
3703
1993
1312
1726
1939
3394
4710
4358
3342
449
-3465
-5536
-6268
-5757
-4572
-5398
-7047
-7107
-5792
-2755
1327
6035
12602
17650
17557
13379
6189
-667
-3295
-3123
-2161
-1796
-3936
-7191
-9595
-10350
-8293
-3827
1677
6015
6801
5019
2907
1929
3687
6304
6823
5300
1721
-2546
-5637
-7208
-6851
-5317
-3635
-1958
-1377
-2032
-2688
-2581
-819
1862
3869
4701
3820
2265
1277
375
439
1287
884
-492
-2390
-4755
-6397
-6964
-6367
-4934
-3946
-3383
-2733
-1678
302
2373
5475
11511
16675
16593
11802
3889
-3759
-6866
-5958
-3514
-1400
-1903
-4353
-6682
-7989
-6895
-2867
2751
7330
8018
4804
697
-1442
-171
3278
5254
4026
594
-3129
-5629
-6466
-5563
-3360
-403
2237
2766
1244
-1240
-2763
-1163
2009
4409
4850
2527
-230
-1505
-2188
-1656
-265
461
642
-528
-2821
-4330
-4518
-2988
-674
-24
-887
-1983
-2854
-2024
197
2723
7360
12812
14182
11078
5208
-1707
-5353
-4440
-1854
458
646
-1618
-3935
-5418
-5354
-3092
176
3645
5006
2859
-232
-2644
-3031
-556
2044
2833
1841
-770
-3214
-4409
-4361
-2702
-393
1227
1631
600
-1414
-2813
-2279
-298
1996
3346
2613
794
-788
-1919
-1575
61
1416
1574
101
-1998
-3438
-3717
-2764
-1179
-178
-209
-569
-1136
-1575
-995
967
5371
11682
15356
13208
6744
-947
-5996
-5959
-2723
725
2098
226
-3291
-6414
-7937
-6504
-2560
2034
4829
3626
-168
-3463
-4231
-1510
2590
4857
4289
1320
-2094
-3933
-4397
-3505
-1281
546
1121
74
-2609
-4756
-4665
-2446
1019
3375
2875
325
-2127
-2669
-1585
74
1961
2644
1461
-586
-2887
-3930
-2720
-129
2390
2862
985
-1427
-3059
-2537
171
3704
8446
12804
12963
8822
2690
-2891
-4741
-2579
1047
3402
2674
-531
-4552
-7466
-7214
-4333
-336
3407
3813
752
-2508
-4194
-2664
1628
4941
5753
3768
-104
-2934
-3945
-3567
-2090
-687
102
-221
-2029
-3879
-4173
-2741
-338
1562
1990
850
-960
-1750
-1325
-368
973
2061
2312
1451
-279
-1466
-1599
-434
1332
1933
990
-914
-2701
-3260
-2562
-1078
2093
7411
11668
11415
6914
686
-3756
-4010
-1281
1718
2755
1013
-2205
-5326
-7118
-6637
-3861
431
3832
3828
1158
-1961
-3446
-1378
2707
5425
5501
2768
-1015
-3186
-3653
-3224
-2097
-809
189
132
-1470
-3652
-4593
-3178
-220
2214
2471
574
-1526
-1824
-255
1829
3221
3428
2275
548
-1065
-2210
-2006
-548
745
710
-1201
-4162
-6106
-5625
-2862
570
3992
7598
9487
7988
4272
336
-1687
-673
1762
3301
2601
-401
-3812
-5955
-6351
-4902
-2315
385
2018
1360
-741
-2267
-1924
777
4078
5721
5025
2373
-628
-2122
-2080
-1524
-902
-540
-667
-1221
-2119
-2924
-3057
-2245
-831
548
1137
764
426
562
1126
1770
2101
2235
1909
1089
140
-596
-797
-683
-630
-1121
-2499
-3968
-4697
-4369
-2875
-670
2028
5799
9213
9571
7188
3635
348
-910
-177
822
1012
-347
-3024
-5689
-7410
-7245
-4739
-905
2476
3328
1418
-737
-1255
518
3691
5673
5213
2891
-184
-2504
-3475
-3570
-2842
-1479
-343
27
-831
-2429
-3170
-2478
-663
1428
2578
2498
1920
1671
2044
2353
2219
1974
1487
719
-175
-1298
-2204
-2729
-2810
-2320
-2132
-2566
-2912
-2806
-2038
-621
1205
4503
8813
11001
9935
6384
1588
-1783
-2506
-1711
-806
-1224
-3182
-5672
-7562
-7649
-5593
-2033
1891
3904
2943
798
-755
-532
1706
3798
4111
2661
52
-2349
-3665
-3801
-3043
-2033
-871
145
88
-1029
-2321
-2553
-935
1763
3863
4023
2483
790
50
312
839
897
647
213
-366
-1250
-2519
-3358
-3281
-2492
-1546
-1701
-2594
-2736
-2005
-410
1662
3674
6542
9349
9602
7518
3785
-288
-2133
-1849
-958
-434
-1563
-3789
-5569
-6179
-4885
-2100
1093
3467
3320
1198
-717
-1576
-625
1694
3151
2964
1246
-1326
-3147
-3588
-2978
-1734
-500
250
292
-450
-1424
-1720
-875
1010
3032
3786
2770
844
-684
-918
-85
672
909
680
-116
-872
-1388
-1782
-1497
-901
-427
-368
-1336
-2192
-1844
-672
1209
3031
4605
6834
8376
7840
5701
2250
-831
-1733
-1290
-419
-58
-1313
-3058
-4171
-4551
-3497
-1553
359
1522
862
-689
-1942
-2309
-955
873
1653
1200
-537
-2147
-2454
-1878
-849
-20
133
42
-122
-465
-800
-975
-615
392
1406
1636
845
-431
-1124
-747
175
964
1235
782
-208
-1194
-1984
-2355
-2047
-1297
-580
-401
-725
-1047
-1098
-592
356
1342
3156
6017
7955
7681
5406
1860
-1089
-1939
-1304
-307
80
-853
-2632
-4347
-5084
-4309
-2493
-298
1019
510
-788
-1821
-1974
-669
1090
2002
1768
475
-1044
-1846
-1592
-361
809
1189
1022
151
-1016
-1692
-1851
-1255
-20
970
1059
305
-656
-1014
-429
481
885
770
364
25
53
146
237
542
674
548
196
-554
-819
-373
145
826
1487
2564
4806
6672
6772
5213
2291
-316
-1168
-807
213
944
216
-1374
-3095
-4458
-4611
-3730
-2215
-785
-430
-833
-1373
-1579
-949
169
1182
1806
1783
1462
1285
1165
1083
803
370
133
-163
-767
-1553
-2316
-2685
-2419
-1826
-1465
-1606
-1726
-1175
-21
1045
1456
1318
1040
1057
1223
1079
630
94
-329
-707
-1332
-2149
-2673
-2431
-1503
-470
353
1500
3384
5319
6191
5271
2983
659
-615
-555
67
256
-359
-1716
-3284
-4525
-5061
-4525
-3026
-1458
-801
-1117
-1617
-1322
117
2178
3823
4230
3697
2915
2255
1942
1556
809
183
-243
-730
-1439
-2436
-3254
-3318
-2743
-1932
-1162
-594
142
1276
2406
3033
2936
2479
2201
2205
2182
1438
81
-1224
-2286
-2879
-3325
-3801
-3992
-3724
-2857
-1707
-571
996
3228
5374
6566
6263
4688
2786
1241
507
326
-112
-1185
-2727
-4296
-5447
-5759
-5024
-3583
-2142
-1141
-519
64
905
2159
3583
4538
4763
4381
3433
2226
952
-383
-1389
-1951
-2209
-2237
-2454
-2931
-3296
-3400
-2870
-1649
-196
1267
2500
3255
3608
3529
3059
2489
1950
1474
773
-307
-1402
-2387
-3148
-3475
-3439
-2970
-2114
-1208
-363
365
982
2061
3902
5741
6695
6410
4900
2864
920
-556
-1583
-2382
-2940
-3499
-4013
-4383
-4521
-4028
-3020
-1879
-777
119
904
1640
2139
2517
2648
2293
1920
1543
907
176
-786
-1747
-2318
-2621
-2626
-2433
-2342
-2169
-1802
-1168
-45
1078
1893
2539
2789
2740
2721
2584
2292
1784
935
43
-884
-1736
-2248
-2617
-2836
-2908
-2920
-2671
-2215
-1584
-697
408
1932
3678
5010
5524
4965
3565
2167
1008
217
-160
-603
-1135
-1833
-2757
-3532
-3904
-3591
-2567
-1367
-260
450
732
1040
1354
1613
1738
1603
1324
863
240
-323
-904
-1352
-1587
-1694
-1535
-1375
-1354
-1130
-719
-46
720
1183
1499
1606
1574
1665
1597
1289
813
230
-204
-554
-987
-1426
-2008
-2480
-2556
-2433
-2024
-1443
-777
35
813
1705
2859
4011
4904
5277
4758
3612
2255
1011
358
165
-52
-429
-1218
-2341
-3353
-3888
-3536
-2561
-1468
-521
-64
96
305
572
894
1111
1106
1034
945
658
94
-644
-1214
-1414
-1373
-1335
-1474
-1610
-1561
-1258
-706
-308
-31
493
1196
1937
2422
2363
1951
1474
1033
658
262
-260
-806
-1326
-1929
-2566
-3060
-3152
-2726
-1896
-964
-121
831
1954
3014
3697
3806
3413
2874
2391
1830
1066
143
-889
-1856
-2604
-3105
-3352
-3246
-2685
-1827
-1023
-479
-102
327
1017
1724
2031
1894
1485
1186
1099
1071
888
429
-90
-514
-814
-1088
-1331
-1467
-1312
-874
-515
-396
-307
26
694
1514
2081
2126
1730
1227
810
405
-85
-692
-1367
-2011
-2573
-3022
-3202
-3031
-2519
-1671
-732
137
1081
2120
3082
3796
4006
3673
3148
2618
1999
1233
212
-916
-1832
-2484
-2876
-2955
-2768
-2344
-1759
-1212
-671
-178
346
1031
1611
1885
1825
1543
1259
1079
981
805
483
21
-482
-964
-1451
-1780
-1872
-1700
-1301
-832
-444
-70
418
997
1639
2178
2332
2106
1644
1077
493
-151
-871
-1538
-2111
-2477
-2549
-2531
-2410
-2096
-1565
-696
524
1823
2941
3766
4119
3969
3493
2830
2142
1424
609
-377
-1521
-2622
-3446
-3788
-3674
-3245
-2691
-2230
-1836
-1399
-812
30
978
1852
2478
2735
2728
2557
2324
2089
1857
1494
901
74
-877
-1751
-2366
-2624
-2528
-2193
-1761
-1292
-783
-200
489
1236
1909
2330
2289
1850
1116
179
-732
-1513
-2110
-2508
-2855
-3156
-3259
-3058
-2414
-1291
210
1753
2953
3667
3946
3924
3770
3503
3134
2545
1577
306
-1101
-2308
-3033
-3245
-3063
-2688
-2395
-2183
-1901
-1449
-672
324
1318
2099
2459
2382
2079
1702
1464
1429
1352
1066
482
-334
-1204
-1928
-2312
-2317
-2051
-1656
-1314
-991
-615
-148
485
1205
1840
2209
2182
1763
1094
306
-391
-903
-1247
-1512
-1814
-2141
-2302
-2129
-1527
-526
705
1922
2779
3201
3276
3081
2778
2464
2047
1479
703
-338
-1404
-2338
-2971
-3085
-2894
-2580
-2282
-2114
-1912
-1505
-856
-54
704
1236
1576
1728
1724
1721
1728
1720
1727
1676
1405
893
249
-388
-817
-1029
-1065
-1012
-992
-973
-880
-679
-326
166
574
822
866
649
276
-191
-691
-1074
-1323
-1543
-1780
-2008
-2112
-1922
-1374
-500
504
1419
2132
2562
2740
2689
2514
2317
2086
1682
1032
182
-706
-1420
-1861
-1993
-1972
-1969
-2010
-2082
-2031
-1717
-1198
-528
160
674
972
1137
1275
1475
1674
1795
1801
1609
1176
569
-38
-493
-763
-868
-890
-960
-1071
-1126
-1043
-808
-432
35
466
728
740
581
344
45
-192
-316
-451
-639
-902
-1147
-1214
-1037
-584
69
749
1270
1586
1763
1866
2046
2220
2086
1636
1008
311
-285
-782
-1166
-1417
-1613
-1799
-1906
-1993
-1954
-1672
-1237
-704
-229
107
416
703
996
1263
1401
1411
1333
1264
1158
908
513
83
-300
-565
-731
-823
-889
-918
-875
-816
-689
-460
-157
236
645
868
887
692
339
29
-146
-271
-431
-693
-1019
-1262
-1365
-1266
-908
-379
171
630
962
1177
1332
1517
1703
1799
1717
1451
968
409
-63
-417
-646
-845
-1026
-1143
-1228
-1248
-1179
-957
-597
-186
141
299
333
373
511
705
889
936
782
463
118
-116
-259
-329
-342
-414
-580
-844
-1062
-1064
-804
-335
135
447
512
391
217
124
140
205
219
21
-388
-882
-1278
-1417
-1217
-711
-121
294
475
522
631
905
1343
1790
2073
2063
1668
1041
339
-239
-553
-662
-744
-945
-1238
-1543
-1709
-1654
-1406
-999
-590
-222
60
237
366
488
692
968
1212
1322
1243
1007
742
555
435
317
141
-75
-292
-473
-569
-588
-499
-347
-201
-105
-89
-93
-92
-79
-58
-80
-170
-345
-545
-730
-870
-893
-783
-558
-296
-47
150
320
510
759
1042
1305
1484
1487
1326
1032
689
383
131
-74
-308
-575
-881
-1150
-1321
-1365
-1253
-1036
-746
-457
-206
-27
91
216
373
596
799
919
918
782
542
275
59
-86
-145
-160
-162
-179
-201
-204
-207
-160
-70
41
140
210
213
136
34
-95
-186
-256
-303
-316
-330
-372
-481
-561
-527
-379
-145
110
302
410
478
506
554
606
653
665
580
400
138
-112
-296
-394
-438
-461
-486
-546
-619
-664
-614
-447
-175
101
295
394
410
356
331
371
400
384
283
106
-94
-283
-409
-427
-329
-196
-119
-102
-127
-122
-17
133
294
435
484
469
403
302
200
99
50
45
7
-143
-364
-523
-576
-489
-323
-141
3
44
50
80
166
294
426
527
542
435
265
109
-33
-132
-172
-192
-253
-357
-425
-434
-414
-339
-205
-51
73
133
137
117
106
125
187
233
187
81
-63
-201
-286
-283
-222
-151
-97
-85
-81
-82
-47
44
155
213
196
170
153
112
139
210
240
226
155
28
-128
-214
-236
-184
-89
-26
26
64
82
122
220
357
454
491
468
389
254
116
7
-102
-223
-353
-473
-589
-678
-698
-646
-528
-373
-195
-13
136
265
386
503
596
656
659
578
446
284
119
-48
-205
-342
-459
-541
-625
-688
-702
-668
-581
-470
-340
-196
-34
161
360
508
565
565
539
505
434
336
245
137
9
-119
-224
-310
-351
-334
-281
-226
-189
-147
-70
33
147
221
233
217
189
144
93
31
-21
-34
-27
-13
-13
-33
-64
-49
14
84
160
191
184
135
67
23
1
-6
-20
-60
-131
-209
-243
-267
-281
-264
-227
-159
-107
-55
26
110
206
297
339
339
330
324
299
246
163
71
-6
-72
-140
-230
-328
-403
-432
-401
-347
-278
-194
-101
-3
101
200
281
320
315
280
223
157
89
31
-26
-82
-127
-169
-195
-184
-138
-74
-2
67
110
121
128
130
139
160
190
220
189
112
20
-85
-162
-182
-142
-83
-50
-63
-97
-102
-75
12
113
193
234
231
216
178
133
93
39
-66
-175
-246
-313
-381
-406
-354
-294
-240
-185
-117
-41
46
147
237
287
278
244
186
116
38
-28
-57
-101
-170
-217
-240
-221
-164
-113
-73
-47
-23
14
44
53
45
32
27
25
37
57
74
91
81
59
26
4
-5
6
30
38
50
68
76
96
139
180
205
205
187
147
98
53
4
-43
-77
-112
-155
-211
-253
-260
-229
-179
-130
-78
-26
39
116
174
197
209
197
168
131
90
37
-33
-96
-159
-231
-288
-304
-240
-128
-40
16
23
-6
-24
-22
11
76
172
255
283
247
175
127
113
123
122
89
40
-29
-79
-108
-129
-111
-71
-36
-9
-12
-32
-34
-14
10
35
46
31
-1
-55
-97
-118
-126
-96
-62
-43
-27
-28
-20
7
45
83
101
106
96
73
45
16
-17
-50
-63
-58
-64
-70
-80
-79
-70
-52
-31
-19
-10
-9
-5
-1
2
20
46
59
54
41
58
57
33
31
39
41
22
7
-23
-65
-72
-57
-39
-21
-37
-68
-79
-69
-38
10
35
35
39
27
15
-1
-20
-37
-60
-74
-79
-76
-63
-44
-15
7
23
44
54
66
73
85
96
85
69
41
29
35
28
2
-30
-49
-59
-53
-50
-52
-33
-4
36
70
82
95
117
147
162
150
117
82
58
38
11
-18
-46
-80
-118
-151
-167
-168
-136
-93
-47
7
53
79
91
78
73
76
54
14
-38
-83
-112
-122
-126
-129
-127
-134
-132
-119
-83
-22
24
67
98
109
107
107
99
100
114
118
111
96
55
9
-14
-25
-29
-23
-18
-20
-17
-12
-9
0
27
65
95
97
100
107
103
94
72
34
-7
-35
-55
-83
-116
-138
-156
-162
-145
-115
-83
-50
-24
-4
2
9
17
4
-18
-46
-69
-72
-73
-69
-61
-48
-48
-52
-51
-49
-30
-2
24
43
64
68
65
79
96
111
116
122
123
111
84
50
25
-10
-32
-36
-53
-64
-63
-56
-34
-7
16
35
54
42
28
21
19
19
12
-8
-29
-40
-52
-66
-75
-87
-101
-86
-59
-29
-16
-19
-19
-19
-6
15
27
24
12
-11
-26
-25
-23
-17
-14
-33
-50
-31
8
23
38
53
63
62
68
82
79
87
93
95
85
71
72
57
45
30
6
-13
-33
-45
-47
-34
-17
10
32
40
49
59
67
59
39
17
3
-8
-27
-48
-71
-69
-52
-39
-29
-41
-61
-83
-90
-69
-38
4
38
54
59
57
59
57
49
39
37
6
-39
-66
-74
-56
-35
-19
-10
-13
0
19
18
14
16
15
12
4
-12
-31
-52
-60
-62
-71
-69
-69
-74
-80
-82
-64
-29
4
31
46
42
42
44
43
50
49
40
21
-2
-17
-33
-47
-50
-33
-21
-18
-24
-28
-29
-28
-23
-7
19
44
66
67
46
32
30
37
44
37
25
9
2
-2
-3
0
3
8
4
4
1
1
8
11
27
44
55
61
48
26
-11
-37
-35
-29
-32
-39
-32
-30
-34
-28
-16
-12
-3
2
24
39
50
57
49
29
-2
-28
-57
-55
-45
-36
-33
-54
-56
-43
-45
-52
-41
-23
-3
24
44
47
33
19
22
24
33
45
47
43
41
43
51
47
39
50
60
45
28
40
49
50
42
30
16
8
9
7
4
-7
-9
-13
-10
1
6
6
4
3
7
10
7
11
18
7
-3
-14
-33
-33
-34
-36
-45
-58
-74
-81
-87
-90
-74
-66
-60
-50
-35
-40
-50
-46
-35
-17
-17
-22
-25
-27
-33
-31
-23
-18
-11
-6
-1
-8
-9
-7
-2
14
18
16
9
-1
2
13
14
5
2
14
29
33
29
24
23
20
21
32
39
45
47
36
25
26
22
28
39
38
35
31
15
-6
-14
-24
-30
-26
-16
-3
9
-6
-18
-11
-11
-11
-12
-16
-12
-7
-9
-4
5
14
8
5
13
17
28
25
17
17
8
-8
-4
9
-1
-10
-5
-6
-8
-6
-2
10
30
35
35
32
12
5
9
2
-3
-2
20
32
44
63
80
88
66
57
49
24
9
-1
-16
-25
-23
-14
-23
-32
-29
-23
-14
-17
-14
-9
-17
-33
-37
-37
-41
-35
-35
-32
-31
-19
-22
-35
-24
-15
3
10
0
-12
-33
-50
-59
-58
-47
-28
1
12
16
17
24
16
-1
-7
-6
-10
-23
-30
-28
-22
-15
-6
-16
-31
-38
-35
-18
-10
-2
8
8
19
32
31
35
39
34
21
5
3
0
-7
-7
-6
-9
-22
-31
-31
-30
-29
-26
-18
-18
-10
19
36
42
48
57
67
61
64
66
45
23
10
6
4
-7
-10
-11
-15
-15
-12
-12
-8
7
23
22
23
27
26
32
42
43
40
20
4
-17
-32
-37
-34
-17
-7
-4
-7
-12
-11
-6
6
1
-13
-18
-22
-21
-20
-22
-20
-23
-43
-62
-64
-66
-52
-30
-24
-21
-20
-1
17
38
57
78
89
91
90
75
62
43
32
23
3
-16
-21
-24
-18
-4
10
14
12
15
20
25
35
47
50
48
33
17
-4
-28
-43
-26
-13
-3
0
6
11
10
19
19
18
2
-20
-29
-23
-19
-24
-28
-28
-38
-50
-62
-66
-60
-52
-55
-70
-83
-81
-81
-76
-53
-39
-15
9
21
34
42
39
33
32
18
8
-5
-20
-26
-35
-33
-14
1
13
22
23
24
23
17
12
7
3
2
8
13
10
7
7
4
5
0
-2
-10
-19
-12
-4
8
17
25
32
34
35
26
16
7
0
-3
-8
-19
-27
-24
-28
-26
-10
6
16
12
15
19
25
29
23
24
31
44
59
59
52
36
20
9
-9
-32
-48
-43
-40
-32
-12
-7
3
11
18
25
20
18
24
26
19
18
22
16
5
-2
-3
-19
-39
-42
-37
-25
-13
-1
19
25
