-41
-7
-11
8
29
7
-8
14
17
-5
0
25
16
-1
3
10
4
8
28
43
41
37
36
18
-7
7
32
31
24
33
43
25
33
54
40
19
19
34
31
34
66
92
95
77
78
63
25
15
29
10
-20
-10
-4
-40
-62
-33
-28
-51
-33
-1
-13
-31
-28
-36
-87
-110
-80
-80
-98
-75
-25
-22
-24
28
41
-1
0
20
-6
-39
-40
-42
-57
-66
-52
-13
-30
-65
-30
-5
-44
-43
11
-7
-45
-16
-5
-20
-22
2
12
-7
13
29
26
2
2
23
13
-2
10
11
-26
-40
-9
-14
-22
2
30
14
-7
14
22
22
26
39
31
9
17
46
39
41
74
72
36
21
32
10
-27
-22
6
-16
-28
-11
-12
-29
-25
10
4
-15
7
24
-11
-38
-17
-10
-22
-11
21
15
-4
13
19
0
-6
21
46
30
17
42
43
6
-3
16
2
-8
31
47
32
29
59
60
15
13
30
13
7
53
63
46
44
43
26
-27
-35
-17
-10
-12
14
62
39
21
29
20
-16
-29
-10
-19
-40
-16
15
-7
-46
-31
-26
-67
-45
-5
-14
-47
-46
-18
-17
-18
-26
-33
-44
-48
-26
-26
-57
-69
-56
-75
-86
-56
-34
-47
-57
-36
-26
-48
-37
-7
-20
-32
5
48
35
39
56
48
28
15
44
49
14
12
35
11
-11
16
12
-34
-38
-22
-24
-29
12
46
28
-3
-10
20
23
22
44
56
36
30
64
73
35
35
44
26
34
55
52
27
7
-15
-27
-40
-55
-53
-55
-52
-39
-49
-72
-76
-54
-51
-56
-34
-20
-9
-15
-5
-4
-15
10
27
11
-2
7
13
7
1
1
1
-17
-21
0
-2
-14
-13
11
10
8
22
14
9
16
24
55
92
99
85
67
52
35
40
42
31
33
42
49
39
37
22
11
30
39
39
26
24
25
34
63
55
30
24
26
18
17
12
-14
-26
-10
3
1
-22
-37
-32
-40
-33
-44
-74
-89
-87
-69
-55
-41
-33
-23
-37
-44
-35
-46
-70
-70
-76
-84
-67
-44
-39
-49
-51
-51
-43
-32
-16
4
12
33
50
29
-13
-25
-2
9
14
11
-6
1
13
19
19
8
-13
-3
5
-33
-39
-9
-14
-14
22
19
4
14
28
30
32
37
24
7
-7
-1
23
26
-15
-22
-11
-28
-42
-31
-30
-44
-19
13
17
-3
-2
5
13
46
79
87
67
41
52
62
50
63
87
84
65
79
92
74
35
8
-1
-7
-12
-13
-43
-72
-62
-33
-15
-24
-20
-5
-4
-20
-18
-15
-32
-28
-12
-6
-15
-1
23
15
-6
-6
21
43
47
35
19
9
1
18
36
40
25
9
-1
-14
-10
-2
3
-32
-58
-52
-48
-38
-10
-13
-44
-35
-28
-19
12
17
21
58
70
51
47
59
44
36
43
33
23
3
-34
-70
-96
-107
-98
-98
-107
-103
-100
-101
-103
-103
-96
-90
-75
-58
-36
-21
3
36
60
89
122
140
159
185
190
173
139
121
94
67
50
19
-15
-62
-99
-130
-138
-155
-178
-150
-130
-144
-152
-128
-117
-104
-79
-82
-78
-34
12
42
67
82
89
113
145
156
136
114
108
113
130
110
82
62
38
29
35
29
5
16
14
-45
-100
-114
-120
-138
-137
-142
-157
-132
-85
-55
-40
-27
11
47
78
107
113
116
117
118
121
94
59
37
34
21
8
20
23
-2
-25
-45
-87
-102
-78
-53
-50
-42
-33
-24
0
25
37
43
54
68
72
62
72
80
74
70
74
75
66
66
82
95
86
85
92
91
82
60
25
-15
-20
-27
-47
-74
-77
-54
-68
-83
-71
-42
-46
-55
-45
-21
-16
-29
-18
-18
-12
11
34
42
38
28
-20
-97
-152
-207
-251
-284
-334
-389
-426
-442
-444
-455
-457
-416
-330
-249
-176
-98
-16
61
134
195
217
240
306
368
364
330
266
216
150
77
6
-43
-61
-105
-137
-136
-71
13
77
166
286
409
478
474
518
521
447
376
281
220
212
183
85
-52
-176
-256
-303
-349
-415
-440
-458
-455
-390
-296
-214
-131
-1
164
296
388
534
695
804
883
947
954
933
896
837
772
687
539
370
187
-47
-311
-603
-828
-954
-1149
-1442
-1599
-1619
-1618
-1626
-1600
-1501
-1322
-1082
-798
-497
-247
-59
171
472
633
635
646
801
998
1096
1095
1094
1141
1169
1136
1075
1017
952
917
802
549
286
124
-22
-349
-717
-944
-1142
-1416
-1640
-1769
-1861
-1930
-1891
-1684
-1370
-1007
-552
84
720
1225
1699
2162
2573
2903
3062
3127
3102
2937
2587
2015
1468
1039
576
8
-462
-786
-1096
-1346
-1481
-1546
-1588
-1610
-1510
-1379
-1411
-1572
-1670
-1645
-1724
-2055
-2431
-2629
-2719
-2828
-2983
-3037
-2910
-2679
-2274
-1580
-855
-286
320
1321
2389
2893
3151
3777
4523
4702
4363
4148
4107
3750
2987
2264
1666
867
92
-448
-958
-1596
-2000
-1985
-1912
-2097
-2245
-1997
-1648
-1538
-1531
-1485
-1303
-1225
-1305
-1367
-1377
-1315
-1311
-1380
-1410
-1318
-1083
-824
-489
85
670
1075
1514
2340
3081
3263
3375
3913
4420
4379
3923
3629
3445
2848
1933
1091
222
-688
-1442
-2108
-2774
-3331
-3583
-3644
-3682
-3694
-3462
-2985
-2371
-1765
-1358
-1010
-466
72
409
560
750
1076
1329
1339
1173
1095
1127
1130
951
669
526
768
1014
1011
1021
1262
1601
1812
1780
1811
1994
1937
1648
1399
1238
873
287
-242
-653
-1259
-1884
-2202
-2365
-2550
-2696
-2712
-2604
-2417
-2195
-1950
-1568
-1073
-572
-198
166
565
781
826
776
600
336
96
-239
-711
-1207
-1600
-1848
-2117
-2396
-2447
-2078
-1624
-1385
-994
-167
755
1303
1634
2270
3111
3575
3663
3804
4104
4078
3650
3197
2742
2061
1313
785
269
-468
-1187
-1540
-1764
-2164
-2517
-2470
-2186
-1975
-1907
-1799
-1519
-1197
-1050
-1033
-1011
-931
-838
-927
-1077
-1104
-1162
-1283
-1349
-1364
-1411
-1400
-849
-119
228
518
1314
2388
2932
3079
3735
4696
4894
4556
4455
4445
3879
2971
2257
1505
430
-703
-1454
-2108
-2998
-3722
-3918
-3994
-4210
-4276
-4012
-3465
-2853
-2335
-1850
-1258
-662
-163
181
422
680
798
618
434
316
89
-88
-93
-70
-304
-336
333
1013
999
1080
2126
3247
3341
3156
3959
4904
4705
3909
3872
4074
3368
2230
1512
867
-188
-1277
-1966
-2582
-3466
-4110
-4135
-3947
-4063
-4196
-3791
-2900
-2242
-2086
-1876
-1173
-567
-595
-814
-782
-679
-771
-1002
-1173
-1265
-1428
-1387
-1100
-1070
-1197
-667
356
871
919
1587
3005
3850
3656
3736
4678
5093
4377
3646
3716
3589
2522
1380
750
16
-1143
-1963
-2237
-2660
-3299
-3533
-3246
-3102
-3315
-3167
-2457
-1840
-1710
-1591
-1096
-632
-636
-815
-689
-497
-736
-1001
-964
-987
-1259
-1372
-1076
-737
-844
-551
578
1390
1456
1868
3355
4525
4257
3886
4796
5703
4998
3669
3619
4012
3075
1538
793
465
-442
-1585
-2019
-2265
-3057
-3681
-3430
-3141
-3613
-3899
-3179
-2351
-2368
-2600
-2070
-1213
-1196
-1592
-1477
-1106
-1122
-1383
-1353
-1130
-1171
-1175
-794
-538
-576
-230
901
1853
1954
2292
3797
5093
4934
4597
5701
6872
6286
5025
4965
5334
4378
2635
1792
1347
9
-1457
-2155
-2652
-3710
-4671
-4520
-4108
-4567
-5097
-4528
-3400
-3000
-3169
-2679
-1555
-916
-1063
-1158
-768
-480
-626
-913
-1110
-1214
-1384
-1395
-1355
-1403
-1494
-1378
-537
302
511
856
2245
3681
3858
3577
4409
5694
5717
4690
4481
4910
4216
2785
1889
1241
178
-994
-1688
-2248
-3284
-4080
-4052
-3825
-4307
-4819
-4272
-3294
-2751
-2655
-2363
-1518
-754
-651
-799
-805
-664
-574
-614
-828
-1155
-1336
-1315
-1151
-1236
-1531
-1184
55
1049
1128
1462
3275
4971
4963
4674
5857
7231
6801
5684
5874
6263
5181
3618
2881
2143
517
-911
-1475
-2303
-3830
-4831
-4681
-4622
-5436
-5925
-5341
-4433
-4156
-4094
-3313
-2213
-1765
-1816
-1533
-954
-692
-882
-889
-572
-581
-931
-893
-550
-572
-935
-434
920
1480
1112
1769
3957
5098
4371
4256
5949
7118
6143
5067
5800
6369
5074
3554
3058
2370
716
-574
-983
-1823
-3522
-4611
-4334
-4356
-5482
-6130
-5322
-4487
-4784
-5087
-4107
-2884
-2851
-3183
-2556
-1680
-1744
-2111
-1726
-1012
-1084
-1297
-680
124
26
-170
991
2432
2474
2116
3400
5376
5503
4529
5207
6848
6601
4837
4576
5376
4629
2668
1736
1754
558
-1386
-2085
-2064
-3127
-4663
-4695
-3881
-4265
-5213
-4904
-3509
-3002
-3594
-3340
-1938
-1236
-1676
-1663
-807
-444
-910
-1118
-747
-636
-1078
-1092
-428
-260
-583
-8
1338
1934
1542
2233
4218
5024
4160
4220
5996
6621
4983
3998
4812
4843
2917
1289
1081
448
-1220
-2365
-2636
-3311
-4629
-5036
-4376
-4454
-5229
-5082
-3817
-3057
-3410
-3316
-1943
-858
-1126
-1416
-643
1
-486
-1096
-870
-460
-752
-1085
-704
-405
-410
167
1190
1760
1935
2842
4321
4798
4344
4767
6121
6296
4926
4218
4665
4416
2809
1276
848
318
-986
-2053
-2554
-3148
-3891
-3970
-3636
-3866
-4345
-4009
-2976
-2502
-2815
-2587
-1672
-1116
-1478
-1878
-1419
-911
-1192
-1657
-1655
-1382
-1377
-1419
-1111
-674
103
1020
1782
2379
3441
5085
6024
5962
6297
7381
7849
6742
5481
5270
5018
3774
2152
1040
130
-1100
-2247
-3095
-3867
-4729
-5220
-5142
-5324
-5662
-5443
-4762
-4295
-4261
-3866
-2940
-2476
-2570
-2409
-1650
-1123
-1267
-1367
-1191
-1192
-1426
-1478
-1192
-947
-475
557
1465
1933
2714
4298
5574
5656
5651
6652
7386
6486
5158
4976
4917
3634
1892
824
153
-1032
-2431
-3366
-4006
-4664
-5013
-4923
-5088
-5293
-4794
-3901
-3391
-3410
-3109
-2041
-1098
-854
-906
-490
238
391
76
-55
72
29
-236
-352
-274
223
1093
1610
1974
2840
4323
5335
5182
5133
6099
6689
5724
4401
4061
3719
2408
765
-469
-1295
-2323
-3334
-3977
-4621
-5102
-4925
-4493
-4514
-4718
-4176
-3139
-2654
-2621
-2293
-1355
-644
-537
-499
-165
221
178
-139
-298
-347
-340
-506
-753
-728
-140
855
1512
1942
2700
4016
5028
5033
4938
5734
6402
5730
4463
4052
3843
2615
921
-309
-1064
-1903
-2888
-3535
-3893
-4292
-4370
-3955
-3766
-3923
-3544
-2680
-2164
-2101
-1978
-1284
-453
-367
-559
-276
77
-56
-422
-627
-696
-759
-924
-1100
-1054
-436
424
847
1221
2461
4129
4800
4600
5038
6138
6350
5200
4223
4051
3359
1852
417
-711
-1790
-2833
-3742
-4485
-5194
-5615
-5224
-4693
-4860
-4903
-3948
-2829
-2578
-2487
-1763
-661
-85
-59
227
671
785
539
200
-59
-298
-432
-497
-707
-699
66
992
1308
1644
2859
4298
4841
4775
5319
6365
6333
5041
4220
3921
2764
922
-619
-1678
-2654
-3769
-4691
-5219
-5651
-5847
-5345
-4795
-4702
-4159
-2901
-1841
-1530
-1346
-581
272
475
373
556
903
951
748
513
425
422
257
191
147
422
1259
1847
2158
3014
4317
5154
5300
5713
6719
7092
6006
4740
4562
3983
2106
144
-1317
-2595
-3829
-4902
-5755
-6519
-7148
-7119
-6344
-5974
-5897
-4961
-3503
-2553
-2172
-1548
-507
190
286
451
1026
1340
1068
740
770
870
629
349
407
671
1216
1800
2168
2832
3995
4953
5316
5429
5820
6342
6043
4820
3985
3619
2484
649
-1114
-2486
-3610
-4913
-6107
-6702
-7037
-7218
-6727
-6058
-5723
-5069
-3921
-2769
-1957
-1359
-440
682
1202
1243
1484
1890
1969
1575
1172
1058
905
562
445
664
1166
1714
2075
2690
3908
4878
5154
5476
6132
6616
6334
5183
4194
3505
2222
316
-1530
-3125
-4466
-5628
-6765
-7640
-8010
-8117
-7783
-7167
-6783
-6073
-4668
-3140
-2185
-1541
-479
873
1547
1522
1721
2237
2224
1696
1266
1070
835
408
148
280
787
1392
1866
2501
3745
4966
5379
5717
6699
7320
6755
5603
4894
4320
2916
911
-794
-2212
-3808
-5257
-6367
-7255
-7866
-7953
-7533
-7087
-6755
-6126
-4898
-3435
-2399
-1665
-590
755
1613
1647
1713
2243
2424
2131
1834
1834
1819
1515
1321
1690
2326
2559
2786
3831
5209
5608
5385
5920
7193
7397
6249
5407
5188
4381
2601
677
-936
-2558
-4220
-5562
-6747
-7840
-8560
-8672
-8374
-8115
-7666
-6560
-5011
-3785
-2846
-1661
-178
921
1433
1611
2000
2469
2230
1714
1509
1443
1186
899
958
1461
1995
2331
2950
4358
5579
5836
5920
6844
7779
7394
6016
5357
5068
3435
1008
-849
-2385
-4411
-6484
-7931
-9020
-10080
-10818
-10668
-10155
-9947
-9335
-7797
-6107
-4981
-3892
-2178
-296
700
1219
2159
3144
3405
3126
3137
3388
3361
2899
2643
3195
3580
3513
3721
4709
5851
6165
6191
6897
7764
7390
6074
5451
5060
3522
1312
-480
-1762
-3265
-5123
-6520
-7431
-8253
-8766
-8585
-8149
-8030
-7483
-6244
-4875
-4067
-3541
-2373
-795
48
361
986
1985
2572
2514
2559
2791
2922
2771
2676
3116
3827
4086
4314
5276
6527
6824
6500
6940
7782
7590
6111
4957
4621
3534
1316
-693
-2031
-3414
-5143
-6560
-7538
-8352
-8951
-8968
-8618
-8525
-8294
-7373
-5983
-5150
-4702
-3729
-2153
-982
-567
-68
938
1748
1962
2090
2519
3084
3252
3245
3857
4863
5335
5434
6328
7696
7990
7385
7550
8381
7959
6020
4683
4259
2950
548
-1469
-2726
-4127
-5895
-7194
-7959
-8543
-9054
-9052
-8432
-7977
-7539
-6693
-5354
-4314
-3853
-3172
-1927
-1017
-826
-665
3
645
550
506
978
1718
2017
2231
3338
4774
5554
5883
7195
8945
9393
8856
9162
9908
9116
6923
5593
4942
3002
147
-1931
-3181
-5058
-7306
-8596
-9315
-10144
-10754
-10461
-9647
-9108
-8447
-7186
-5685
-4667
-4024
-2940
-1634
-970
-935
-741
-57
455
324
307
909
1804
2262
3006
4483
5716
6502
7621
9405
10529
10413
10317
10978
10949
9237
7286
6293
5061
2513
-169
-2102
-3791
-5879
-7727
-8849
-9725
-10451
-10654
-10125
-9522
-8948
-7839
-6232
-4885
-3996
-3031
-1727
-734
-465
-359
-72
239
159
-13
170
591
989
1725
3046
4328
5312
6526
8363
9898
10237
10246
11119
11754
10651
8725
7560
6653
4469
1540
-732
-2438
-4511
-6726
-8200
-9166
-10301
-10906
-10470
-9939
-9853
-9361
-7771
-6090
-5178
-4421
-2941
-1393
-748
-714
-268
472
612
348
598
1200
1327
1544
2788
4317
4945
5426
7294
9431
9888
9369
10037
11311
10655
8375
6941
6350
4584
1605
-869
-2437
-4275
-6605
-8230
-8961
-9934
-11000
-10875
-9942
-9656
-9779
-8844
-6888
-5655
-5494
-4800
-2963
-1672
-1808
-1838
-884
-65
-39
26
675
1326
1968
3077
4431
5440
6389
7949
9622
10310
10388
11031
11692
11005
9218
7734
6614
4944
2394
-240
-2026
-3517
-5385
-7148
-8121
-8622
-9071
-9229
-8926
-8368
-7837
-7187
-6197
-5194
-4682
-4053
-3103
-2361
-2206
-2104
-1532
-1100
-1044
-919
-345
292
1064
2194
3366
4493
5863
7592
9062
9843
10366
11385
11920
10885
9256
8224
7046
4763
2064
-101
-1745
-3591
-5590
-6990
-7727
-8330
-8621
-8214
-7620
-7147
-6581
-5640
-4719
-4263
-4058
-3495
-2725
-2560
-2869
-2948
-2673
-2571
-2595
-2231
-1531
-831
209
1897
3531
4855
6467
8471
10089
10755
11319
12307
12614
11288
9577
8494
7047
4553
1766
-576
-2674
-4761
-6628
-7876
-8695
-9423
-9663
-9080
-8298
-7757
-7030
-5659
-4258
-3508
-3120
-2384
-1478
-1256
-1615
-1586
-1298
-1449
-1771
-1658
-1286
-828
248
1646
2882
4167
6005
7904
9031
9436
10237
11229
10974
9405
8096
7115
5348
2703
-77
-2185
-3974
-6018
-7779
-8817
-9596
-10194
-10099
-9442
-8645
-7757
-6452
-4781
-3365
-2616
-1781
-653
-59
-164
-348
-211
-267
-943
-1543
-1598
-1593
-1202
-240
679
1508
3180
5449
7061
7713
8669
10389
11379
10389
9224
8969
7931
5566
3115
1035
-969
-3009
-4945
-6417
-7669
-8581
-8589
-8106
-8036
-7670
-6462
-4998
-3806
-2888
-1919
-640
366
646
655
852
923
606
93
-92
-23
-25
487
1389
2032
2634
4097
5865
6846
7112
7932
9319
9581
8122
6789
6282
4993
2507
-36
-1890
-3498
-5419
-7144
-8174
-8943
-9484
-9226
-8525
-8029
-7288
-5985
-4448
-3289
-2587
-1678
-551
80
207
236
447
627
304
-110
-21
371
727
1417
2199
2861
3910
5577
7049
7693
7970
8967
9870
9194
7643
6744
5989
4221
1751
-532
-2255
-3917
-5730
-7057
-7902
-8621
-8669
-7970
-7304
-6803
-5850
-4400
-3025
-2183
-1620
-666
197
265
-56
-204
-126
-346
-813
-1020
-898
-561
167
1072
1790
2732
4506
6346
7366
7862
8794
10015
10038
8543
7195
6228
4534
1986
-686
-2996
-5035
-7095
-9023
-10238
-11017
-11496
-11217
-10418
-9604
-8433
-6733
-4836
-3160
-1989
-942
320
1291
1435
1298
1409
1590
1412
807
474
762
1538
2338
2947
3914
5709
7705
8927
9428
10195
11419
11860
10685
9118
8110
6527
3770
705
-2003
-4402
-6858
-9096
-10510
-11457
-12250
-12173
-11131
-10101
-9033
-7196
-4885
-2959
-1643
-388
1204
2351
2550
2372
2340
2160
1525
837
393
225
550
1319
2114
2923
4370
6430
8074
8985
9858
11165
12043
11330
9808
8650
7238
4776
1576
-1529
-4196
-6683
-9206
-11416
-12819
-13542
-13709
-13247
-12466
-11317
-9629
-7498
-5451
-3667
-2024
-407
1080
1976
2227
2406
2560
2390
1962
1482
1173
1407
2199
2912
3687
5254
7275
8818
9699
10547
11782
12550
11929
10535
9348
7804
5278
2242
-730
-3487
-6091
-8561
-10740
-12401
-13492
-13895
-13639
-13062
-12148
-10676
-8639
-6492
-4629
-2873
-953
661
1614
2065
2371
2598
2470
2023
1637
1550
1727
2093
2572
3328
4686
6552
8078
9225
10492
11934
12798
12376
11349
10325
8807
6306
3286
290
-2609
-5344
-7920
-10294
-12117
-13264
-13736
-13672
-13469
-12863
-11480
-9633
-7923
-6408
-4791
-3064
-1490
-375
368
1089
1597
1713
1623
1549
1526
1830
2578
3213
3851
5318
7397
8925
9908
11128
12754
13684
13139
12165
11547
10302
7802
4854
2078
-705
-3742
-6676
-9035
-10948
-12604
-13492
-13464
-13196
-12739
-11593
-9757
-7969
-6538
-4961
-2946
-1237
-316
316
1046
1533
1424
1097
940
1019
1442
2152
2690
3424
5079
7094
8459
9429
10803
12460
13282
12772
12003
11557
10329
7892
5111
2412
-292
-3154
-6014
-8597
-10724
-12318
-13246
-13488
-13575
-13229
-11884
-10171
-8780
-7414
-5459
-3368
-1924
-1020
-197
649
1151
1070
889
969
1072
1385
2117
2759
3564
5360
7388
8596
9508
11033
12684
13331
12697
11914
11393
9964
7278
4372
1866
-680
-3607
-6360
-8550
-10394
-11936
-12845
-13228
-13447
-13143
-12045
-10531
-9237
-8172
-6557
-4466
-2920
-2052
-1111
19
797
930
757
783
1158
1766
2280
2770
3842
5802
7578
8555
9663
11425
12862
13087
12440
11794
11062
9492
6984
4216
1659
-902
-3552
-6242
-8579
-10313
-11480
-12063
-12371
-12481
-11913
-10636
-9237
-8143
-6963
-5253
-3495
-2460
-1818
-939
-6
366
270
319
712
1366
2052
2655
3446
4991
6954
8265
8989
10218
11985
12988
12562
11748
11307
10451
8536
5879
3298
1100
-1133
-3684
-6220
-8217
-9630
-10586
-11221
-11633
-11646
-10896
-9592
-8489
-7655
-6466
-4638
-3022
-2158
-1519
-687
100
349
241
168
463
1111
1608
1971
2838
4655
6492
7473
8362
9934
11644
12241
11606
11007
10729
9665
7363
4610
2243
262
-1950
-4505
-6726
-8285
-9367
-10037
-10505
-10941
-10891
-10045
-8934
-8159
-7502
-6154
-4283
-3038
-2573
-1950
-856
-151
-221
-406
-142
478
1098
1428
1854
3115
5109
6592
7455
8799
10618
11917
11917
11202
10772
10241
8650
6067
3393
1105
-1058
-3489
-6080
-8100
-9326
-10048
-10516
-10870
-10866
-10124
-8874
-7810
-7129
-6271
-4732
-3215
-2486
-2143
-1426
-506
-124
-245
-339
29
823
1530
1912
2523
4119
6146
7317
7887
9083
10857
11800
11332
10567
10251
9565
7718
5047
2486
339
-1878
-4434
-6973
-8841
-9908
-10489
-10865
-11113
-10859
-9758
-8274
-7055
-6190
-4892
-2954
-1371
-763
-478
261
1066
1168
845
829
1368
2202
2681
2912
3698
5346
6843
7423
7920
9229
10605
10809
9878
9154
8830
7671
5368
2801
711
-1131
-3331
-5729
-7741
-9057
-9895
-10524
-10885
-10912
-10349
-9212
-7847
-6843
-6053
-4614
-2775
-1663
-1248
-579
429
1035
858
657
917
1499
2078
2476
2975
4135
5976
7531
8379
9301
10852
12140
12130
11120
10361
9781
8357
5814
2832
491
-1523
-3986
-6594
-8627
-9919
-10806
-11351
-11706
-11829
-11337
-10119
-8727
-7754
-6853
-5140
-3195
-2084
-1703
-969
308
960
684
509
1034
1898
2538
2824
3354
4779
6559
7546
8080
9119
10531
11370
10929
9929
9330
8590
6744
3980
1440
-586
-2674
-5170
-7678
-9532
-10622
-11225
-11656
-11941
-11710
-10663
-9194
-7807
-6814
-5514
-3619
-2058
-1254
-731
-4
695
875
585
309
571
1338
1933
2399
3422
5338
7217
8257
9028
10509
12237
12833
12140
11356
10822
9618
7449
4726
2259
189
-2194
-4830
-7178
-8966
-10212
-10972
-11472
-11961
-11848
-10863
-9552
-8558
-7809
-6417
-4475
-2920
-2084
-1329
-239
726
1053
976
1021
1494
2226
2755
3176
4057
5787
7488
8461
9351
10882
12571
13172
12456
11648
11262
10224
7736
4679
2293
194
-2453
-5347
-7668
-9299
-10538
-11295
-11735
-12134
-12090
-11097
-9686
-8738
-8091
-6748
-4811
-3374
-2705
-2005
-899
-32
171
111
187
575
1399
2097
2443
3260
4996
6645
7564
8147
9419
11102
11740
10996
10489
10491
9690
7513
4826
2645
731
-1745
-4509
-6655
-8399
-9943
-10793
-11233
-11754
-11782
-10798
-9360
-8358
-7657
-6239
-4137
-2632
-2161
-1593
-450
421
508
237
206
698
1426
1769
2075
3058
4769
6305
7254
8072
9587
11235
11689
11043
10685
10556
9511
7462
5156
3126
1141
-1200
-3716
-5930
-7657
-9023
-9966
-10704
-11401
-11454
-10462
-9226
-8488
-7660
-6049
-4147
-2748
-2114
-1521
-328
431
171
-83
87
285
862
1429
1827
2787
4492
6163
7314
7997
9195
11080
11780
10871
10383
10412
9467
7337
4741
2598
823
-1591
-4351
-6340
-7930
-9305
-9894
-10312
-10877
-10768
-9805
-8551
-7453
-6678
-5471
-3403
-1870
-1628
-1070
147
697
458
43
-191
211
887
953
1237
2535
4173
5593
6720
7628
9070
10790
11297
10766
10768
10699
9622
7727
5346
3052
940
-1572
-4272
-6418
-8273
-9781
-10489
-10958
-11521
-11369
-10178
-8932
-8120
-7204
-5669
-3888
-2556
-1921
-1309
-196
473
331
342
559
706
1265
1973
2319
3113
4762
6363
7495
8271
9400
10980
11663
10931
10313
10247
9329
7071
4578
2513
359
-2378
-5101
-7154
-8946
-10639
-11480
-11683
-12009
-11931
-10747
-9148
-7995
-7081
-5459
-3347
-1917
-1355
-650
483
1131
1119
869
816
1020
1474
1951
2555
3268
4460
6212
7521
8004
8926
10505
11291
10850
10182
9687
8934
7160
4552
2309
400
-2059
-4698
-6869
-8836
-10520
-11359
-11689
-12026
-12007
-11075
-9394
-8096
-7293
-5788
-3568
-1915
-1227
-639
265
1119
1346
993
942
1295
1725
2105
2593
3359
4668
6338
7713
8455
9420
10934
11992
11665
10914
10557
9721
7887
5419
2866
435
-1967
-4516
-6998
-9091
-10629
-11437
-11816
-12348
-12538
-11657
-10080
-8707
-7659
-6166
-4016
-2128
-1242
-551
621
1559
1694
1513
1473
1542
2056
2697
2925
3450
4921
6562
7708
8488
9492
10992
12140
11853
10993
10635
9969
8181
5628
3051
625
-1895
-4536
-7180
-9467
-11076
-12015
-12558
-13018
-13091
-12232
-10720
-9381
-8369
-6869
-4766
-2833
-1676
-989
46
1001
1415
1356
1259
1400
1854
2444
2833
3385
4639
6382
7852
8797
9727
11124
12302
12323
11506
10796
10130
8575
5956
3106
622
-1826
-4472
-7203
-9663
-11561
-12716
-13312
-13919
-14095
-13263
-11749
-10291
-8941
-7353
-5242
-3104
-1629
-755
302
1390
2002
2086
1874
1886
2158
2660
3118
3588
4419
6106
7873
8978
9606
10781
12313
12860
12054
11094
10601
9570
7294
4295
1690
-593
-3088
-5906
-8474
-10526
-11897
-12696
-13281
-13667
-13386
-12125
-10526
-9143
-7945
-6235
-3993
-1993
-938
-322
779
1925
2241
1896
1817
2208
2956
3502
3723
4397
6063
8039
9350
10117
11207
12809
13777
13322
12078
11117
10139
8166
5105
1987
-556
-3088
-5949
-8819
-11179
-12713
-13640
-14295
-14660
-14432
-13313
-11576
-9967
-8562
-6807
-4586
-2534
-1107
-365
463
1560
2193
1950
1586
1673
2099
2676
3044
3476
4629
6632
8343
9274
10238
11865
13403
13680
12636
11668
11143
9689
6795
3637
1059
-1479
-4358
-7334
-9923
-11734
-12909
-13798
-14362
-14332
-13705
-12395
-10853
-9548
-8252
-6368
-4246
-2752
-1849
-1062
49
1071
1233
881
1077
1765
2464
2918
3428
4422
6159
8039
9297
10106
11380
13107
14000
13367
12247
11706
10883
8653
5369
2463
245
-2238
-5241
-8074
-10156
-11455
-12385
-13184
-13582
-13257
-12203
-10772
-9496
-8382
-6866
-4900
-3249
-2204
-1446
-545
381
947
1014
1049
1507
2168
2848
3363
4077
5416
7323
9066
10072
10922
12513
14029
13993
12783
11885
11216
9589
6771
3544
790
-1612
-4521
-7782
-10341
-11913
-13027
-13862
-14431
-14460
-13553
-12070
-10653
-9406
-7922
-5971
-4043
-2730
-2028
-1310
-345
385
568
477
709
1237
1881
2596
3335
4259
5922
8061
9690
10603
11650
13282
14399
13879
12492
11707
10994
8898
5612
2522
116
-2287
-5198
-8141
-10027
-11079
-11997
-12789
-13065
-12572
-11366
-9873
-8696
-7465
-5885
-4180
-2838
-1920
-1355
-655
26
251
102
146
442
808
1617
2490
3296
4553
6376
8243
9635
10369
11385
12945
13781
12724
11314
10766
9533
6790
3287
299
-1903
-4361
-7452
-9946
-11286
-12113
-12851
-13216
-13079
-12302
-10923
-9595
-8401
-7085
-5528
-3894
-2659
-1925
-1380
-569
213
368
329
569
938
1466
2172
2988
4108
5536
7354
9236
10512
11174
12303
13690
13798
12289
10772
9962
8541
5568
2105
-399
-2316
-4715
-7555
-9834
-10991
-11509
-12167
-12642
-12289
-11161
-9703
-8378
-7235
-5938
-4312
-2784
-1882
-1490
-972
-163
306
374
276
517
1118
1615
2243
3283
4384
5534
7322
9069
9905
10509
11584
12522
12351
10774
9207
8487
6945
3716
501
-1579
-3558
-6055
-8524
-10293
-11154
-11547
-11969
-12069
-11418
-10211
-8714
-7322
-6269
-5040
-3320
-1761
-999
-630
-81
763
1115
650
393
929
1356
1359
1944
3133
4394
5593
7171
9066
10461
11070
11928
13046
13034
11539
10085
9239
7492
4246
1068
-1098
-3186
-5833
-8349
-10020
-10966
-11593
-11924
-11731
-11118
-10169
-8769
-7398
-6374
-5286
-3908
-2542
-1756
-1539
-1029
133
632
149
91
756
1322
1512
1956
3197
4620
5489
6561
8491
10032
10370
10789
11702
11667
10024
8175
7087
5639
2710
-366
-2337
-4148
-6595
-8880
-10351
-11460
-12138
-12230
-11935
-11234
-10260
-8987
-7278
-5689
-4673
-3491
-1714
-660
-555
-122
768
1307
1083
773
1258
2196
2332
2302
3593
5288
6097
6797
8476
10234
10771
10722
11302
11839
10756
8596
7407
6395
3866
737
-1437
-3135
-5401
-7647
-9134
-9934
-10546
-11095
-11077
-10331
-9663
-8999
-7566
-6011
-5167
-4318
-2762
-1427
-1077
-971
-274
703
960
675
1018
2068
2576
2467
3349
5223
6402
6754
7787
9653
10563
10116
10168
11082
10917
8966
7216
6299
4613
1537
-1360
-3160
-4862
-7081
-8935
-9726
-10145
-10609
-10586
-9751
-8931
-8458
-7382
-5679
-4540
-4118
-3101
-1510
-772
-800
-345
738
1327
1000
934
1751
2401
2256
2473
3793
4969
5287
5739
7250
8752
8701
8122
8761
9441
8208
6129
5129
4339
2186
-713
-2867
-4085
-5741
-7963
-9280
-9662
-10178
-10577
-9988
-9076
-8645
-7840
-6126
-4734
-4273
-3609
-2083
-716
-329
-157
792
2020
2122
1573
1971
2884
2961
2670
3464
4829
5393
5580
6632
8142
8587
8018
8134
8839
8338
6422
4941
4411
3117
435
-2110
-3383
-4488
-6366
-7943
-8489
-8917
-9548
-9454
-8767
-8273
-7595
-6192
-4664
-3851
-3407
-2252
-616
145
174
852
2195
2919
2659
2560
3156
3451
2953
2825
3744
4512
4563
4892
6080
7204
7159
6654
7007
7704
7076
5193
4157
3738
1989
-510
-2300
-3597
-5197
-6877
-7954
-8507
-9035
-9349
-9025
-8466
-8152
-7443
-5832
-4439
-4038
-3561
-2092
-668
-390
-485
454
1932
2524
2365
2679
3366
3612
3512
3505
4346
5463
5797
5829
6755
7869
7669
7094
7527
7937
7028
5406
4357
3549
1846
-363
-2079
-3316
-4875
-6523
-7417
-7902
-8718
-9206
-8740
-8179
-8103
-7339
-5563
-4286
-3810
-2996
-1280
97
221
204
1125
2295
2536
2162
2333
2845
2766
2310
2142
2666
3365
3685
3835
4538
5537
5677
5118
5133
5770
5578
4122
2987
2583
1356
-660
-2195
-3329
-4674
-5903
-6661
-7322
-7988
-8169
-7737
-7361
-7402
-6912
-5434
-4174
-3700
-3002
-1529
-222
188
576
1441
2311
2685
2682
3015
3406
3288
3097
3049
3190
3715
4108
4080
4546
5646
5989
5439
5406
6062
6138
4838
3569
3186
2338
645
-1075
-2328
-3330
-4403
-5337
-6084
-6745
-7059
-6752
-6329
-6420
-6101
-4785
-3622
-3187
-2844
-1950
-875
-386
-247
83
778
1277
1215
1148
1406
1637
1743
1657
1486
2177
3348
3656
3738
4889
5971
5849
5467
5760
6153
5522
3988
3134
2765
1527
-218
-1392
-2061
-3024
-4069
-4757
-5178
-5452
-5439
-4989
-4666
-4500
-3925
-3010
-2332
-2108
-1831
-1170
-619
-630
-745
-525
-19
296
133
111
613
1025
966
895
1524
2562
3050
3060
3814
5287
5737
5052
4871
5603
5547
4068
2814
2382
1615
168
-1202
-2254
-3188
-3921
-4506
-5130
-5583
-5794
-5591
-5169
-5068
-4989
-4270
-3252
-2950
-2832
-2220
-1495
-1233
-1264
-1091
-486
92
82
-2
413
970
1052
835
884
1586
2336
2480
2624
3589
4686
4839
4401
4569
5243
5234
4168
3220
2968
2428
1226
-87
-1035
-1769
-2522
-3273
-3955
-4437
-4714
-4671
-4456
-4499
-4421
-3824
-3198
-2916
-2748
-2221
-1424
-951
-872
-598
318
1087
1193
1304
1764
2120
2259
2149
2070
2662
3102
2890
2881
3659
4348
4276
4098
4539
5223
5141
4362
4068
4125
3597
2548
1368
313
-698
-1731
-2793
-3893
-4848
-5372
-5504
-5699
-6139
-6184
-5513
-5007
-4937
-4726
-4079
-3245
-2657
-2395
-1931
-870
-92
51
316
887
1298
1283
1021
1010
1697
2287
2123
2149
3008
4007
4336
4206
4689
5626
5863
5354
5038
5028
4598
3675
2531
1389
358
-734
-1928
-3265
-4418
-4941
-5177
-5727
-6302
-6204
-5616
-5122
-4857
-4439
-3598
-2706
-2122
-1828
-1400
-666
-146
-16
68
402
695
678
597
555
877
1450
1686
1896
2744
3944
4649
4837
5266
6238
6922
6582
5846
5557
5333
4403
2830
1251
8
-1126
-2540
-4024
-5262
-6118
-6553
-6879
-7182
-7209
-6778
-6059
-5501
-5057
-4376
-3423
-2602
-2243
-1816
-960
-83
250
181
476
1038
1245
1139
979
1203
2000
2520
2470
2819
4190
5449
5752
5970
6802
7671
7795
7059
6390
6004
5193
3708
1713
60
-1279
-2708
-4182
-5697
-6694
-7021
-7204
-7559
-7780
-7367
-6455
-5583
-5071
-4683
-3602
-2267
-1672
-1361
-655
324
1018
1274
1310
1666
2116
2125
1878
1855
2320
2931
3203
3306
3992
5125
5771
5818
6131
6775
7225
6927
6069
5344
4664
3570
1840
18
-1326
-2481
-3924
-5432
-6598
-7233
-7442
-7473
-7602
-7606
-6995
-6060
-5354
-4937
-4199
-3007
-2025
-1533
-1078
-155
833
1189
1250
1586
2057
2139
1803
1587
1630
2070
2571
2827
3185
3989
5042
5594
5607
5817
6445
6817
6189
5108
4440
3813
2489
547
-1081
-2123
-3305
-4744
-6103
-6993
-7302
-7394
-7594
-7656
-7197
-6270
-5312
-4719
-4291
-3372
-2010
-1116
-798
-438
438
1394
1718
1586
1652
2121
2365
2103
1804
1753
2271
2835
2823
2893
3660
4813
5235
4921
5122
5891
6101
5161
4015
3574
3004
1542
-283
-1739
-2828
-3965
-5126
-6140
-6932
-7085
-6818
-6720
-6730
-6304
-5172
-4059
-3402
-2867
-1927
-659
257
651
1140
1844
2294
2195
1966
2082
2303
2140
1687
1458
1446
1830
2314
2497
2676
3319
4465
5266
5222
5215
5790
6207
5421
4001
3306
2757
1479
-400
-1910
-2718
-3629
-4789
-5783
-6329
-6533
-6573
-6533
-6458
-5956
-4930
-3961
-3341
-2892
-2112
-946
-68
373
674
1327
2102
2341
2110
2022
2227
2251
1845
1452
1450
1784
2242
2207
2222
2764
3786
4536
4409
4320
4790
5156
4465
3000
2094
1827
1114
-485
-2187
-3040
-3555
-4230
-4955
-5524
-5636
-5385
-5177
-5200
-5012
-4158
-3201
-2813
-2644
-2146
-1263
-636
-633
-579
95
1030
1341
1066
1074
1513
1698
1516
1261
1183
1320
1577
1814
1870
1915
2349
3334
3857
3425
3323
4150
4441
3475
2379
2202
2323
1550
205
-614
-786
-1170
-1961
-2926
-3539
-3624
-3748
-4225
-4789
-4879
-4397
-3970
-3973
-4043
-3605
-2604
-1878
-1741
-1577
-576
533
762
640
884
1379
1529
1092
639
822
1069
1094
1236
1480
1603
2060
3033
3487
3285
3552
4570
5082
4282
3385
3546
3798
2895
1290
353
227
-304
-1548
-2701
-3250
-3683
-4152
-4456
-4859
-5154
-4895
-4177
-3633
-3391
-2842
-1703
-701
-376
-200
735
1817
1977
1580
1684
2243
2123
1336
886
1047
947
632
880
1390
1467
1645
2736
3781
3693
3524
4591
5595
5048
3857
3673
3975
3258
1535
183
-136
-769
-2290
-3700
-4363
-4819
-5406
-5889
-6155
-6270
-6102
-5409
-4675
-4395
-4160
-3113
-1886
-1513
-1644
-1175
5
585
165
-110
448
881
474
-59
87
417
305
414
1206
1829
2000
2798
4141
4635
4261
4616
5855
6066
4722
3760
4129
4057
2515
768
96
-258
-1352
-2578
-3190
-3568
-4102
-4369
-4390
-4609
-4680
-4165
-3484
-3209
-3215
-2714
-1794
-1286
-1401
-1367
-617
162
247
72
290
889
1091
793
856
1365
1549
1282
1702
2593
2900
2887
3631
4716
4569
3896
4472
5435
4669
2927
2477
3030
2340
366
-871
-896
-1383
-2730
-3648
-3870
-4160
-4637
-4705
-4557
-4740
-4852
-4289
-3666
-3789
-3974
-3094
-1909
-1770
-2200
-1703
-330
427
142
99
915
1687
1644
1181
1286
1792
1867
1470
1668
2399
2453
2191
2820
3681
3426
2966
3616
4329
3640
2497
2478
2922
2257
788
101
252
-198
-1412
-2111
-2237
-2616
-3146
-3284
-3292
-3598
-3665
-3133
-2690
-2885
-2973
-2086
-926
-612
-677
-28
1199
1858
1640
1519
2115
2566
2095
1387
1273
1316
768
-2
-174
269
359
-2
234
1161
1612
1336
1413
2087
2265
1782
1524
1730
1646
1052
609
395
-36
-701
-1173
-1607
-2316
-2911
-3076
-3198
-3536
-3723
-3490
-3171
-3133
-3161
-2597
-1651
-1143
-970
-491
321
858
880
810
972
1186
1027
621
323
287
237
-63
-392
-204
295
349
228
588
1425
1868
1807
2023
2732
3179
2937
2601
2702
2829
2485
1848
1384
1152
678
22
-643
-1244
-1585
-1781
-2089
-2491
-2775
-2706
-2454
-2429
-2546
-2224
-1473
-1043
-1078
-965
-389
96
47
-126
-29
205
158
-406
-920
-958
-951
-1283
-1848
-1937
-1465
-1257
-1371
-1003
129
980
1171
1734
2994
3971
4140
4213
4778
5241
5108
4617
4164
3844
3168
2244
1343
412
-539
-1249
-1887
-2774
-3608
-3758
-3462
-3476
-3797
-3737
-2883
-2114
-2067
-2123
-1410
-417
-156
-392
-314
103
257
-94
-460
-531
-696
-1158
-1601
-1802
-1764
-1598
-1459
-1203
-500
511
1344
2093
3136
4272
5150
5640
5973
6412
6673
6342
5516
4773
4089
3091
1833
554
-547
-1485
-2326
-3164
-3939
-4426
-4589
-4699
-4861
-4941
-4715
-4252
-4021
-4020
-3857
-3281
-2655
-2415
-2338
-1995
-1494
-1305
-1444
-1448
-1270
-1197
-1286
-1487
-1462
-957
-292
138
566
1546
2850
3717
4234
5134
6428
7123
6981
6845
7073
6908
5890
4688
3784
2862
1698
480
-623
-1650
-2486
-3132
-3861
-4668
-5151
-5122
-5120
-5489
-5865
-5582
-4827
-4521
-4726
-4396
-3206
-2183
-1876
-1581
-714
159
466
437
541
667
599
481
277
105
265
740
1156
1490
2197
3430
4496
4860
5390
6570
7368
7181
6852
6903
6817
6023
4658
3486
2637
1641
354
-1064
-2351
-3374
-4286
-5255
-6196
-6939
-7349
-7468
-7639
-7821
-7514
-6532
-5581
-5072
-4357
-2897
-1340
-381
162
847
1808
2450
2312
1968
1983
1972
1674
1355
1147
1134
1658
2288
2459
2813
3974
5125
5461
5601
6381
7288
7332
6626
6206
6090
5427
4077
2633
1444
381
-780
-2420
-4168
-5235
-5790
-6558
-7682
-8550
-8662
-8275
-8114
-8223
-7960
-6954
-5612
-4586
-3842
-2793
-1262
47
773
1262
1981
2715
2963
2625
2310
2320
2196
1740
1250
947
1129
1724
1917
1826
2227
3493
4556
4606
4627
5525
6517
6305
5474
5179
5148
4451
3048
1782
989
-67
-1533
-2826
-3981
-5048
-5827
-6358
-7048
-7709
-7863
-7634
-7328
-7214
-6934
-5923
-4524
-3585
-2868
-1574
104
1336
1950
2553
3464
4203
4324
3982
3647
3510
3214
2583
1890
1368
1186
1277
1232
993
1139
2052
2875
2946
2967
3759
4676
4654
3992
3790
4044
3623
2367
1126
347
-401
-1468
-2693
-3842
-4784
-5390
-5867
-6628
-7289
-7403
-7018
-6622
-6553
-6181
-4912
-3327
-2336
-1535
-96
1633
2836
3521
3988
4509
5103
5169
4609
3974
3533
3028
2146
1171
506
229
306
421
281
281
1150
2396
2776
2630
3290
4587
4977
4214
3643
3983
4081
2998
1543
713
203
-715
-1978
-3182
-4130
-4790
-5202
-5712
-6417
-6845
-6540
-6019
-5866
-5816
-5049
-3613
-2443
-1732
-937
395
1753
2526
2771
3006
3607
3896
3320
2538
2088
1648
944
110
-697
-1317
-1510
-1317
-1177
-1274
-1022
99
1269
1481
1428
2369
3649
3894
3322
3241
3753
3738
2910
1995
1518
1051
191
-799
-1823
-2802
-3507
-4117
-4919
-5832
-6430
-6376
-5995
-5797
-5668
-4880
-3299
-1825
-977
-63
1560
3212
3990
4143
4458
4889
4762
3873
2902
2175
1291
154
-742
-1329
-1950
-2224
-1834
-1328
-1233
-868
530
2003
2451
2609
3681
5161
5616
5165
5077
5562
5546
4591
3430
2678
1929
805
-455
-1787
-3130
-4147
-4787
-5520
-6513
-7110
-6908
-6366
-6090
-5909
-4973
-3281
-1800
-898
-16
1324
2683
3308
3365
3390
3487
3252
2455
1507
705
-143
-1012
-1591
-2008
-2480
-2641
-2133
-1335
-891
-614
429
2129
3151
3196
3599
4822
5638
5386
4871
4952
5155
4632
3452
2440
1785
946
-213
-1516
-2877
-4010
-4604
-5171
-6157
-7027
-6992
-6316
-5879
-5836
-5245
-3719
-2100
-1157
-494
669
2112
3028
3187
3183
3330
3341
2930
2222
1420
679
104
-405
-908
-1362
-1612
-1582
-1410
-1170
-994
-685
29
969
1570
1740
2219
3199
3959
4036
3884
4185
4725
4664
3928
3159
2691
2080
869
-718
-2131
-3239
-4242
-5313
-6495
-7340
-7458
-7048
-6709
-6504
-5663
-3981
-2343
-1335
-378
1154
2800
3581
3557
3668
4127
4175
3466
2508
1862
1448
720
-296
-977
-1176
-1365
-1596
-1778
-1690
-1221
-713
-360
156
1088
1859
2296
2913
3815
4414
4438
4516
4923
5091
4565
3784
3213
2613
1529
150
-1104
-2336
-3634
-4771
-5619
-6403
-7010
-6974
-6283
-5620
-5238
-4437
-2735
-1081
-325
371
1697
2896
3134
2915
2956
2976
2450
1552
888
604
163
-601
-1169
-1252
-1152
-1171
-1108
-806
-276
214
458
645
1292
2275
2683
2610
2994
3923
4455
4416
4394
4672
4838
4432
3665
2916
2175
1176
-129
-1546
-2973
-4180
-4988
-5779
-6575
-7037
-6814
-6149
-5656
-5229
-4285
-2703
-1393
-756
-105
1021
1968
2089
1773
1735
1853
1531
840
183
-199
-441
-785
-1131
-1220
-1063
-770
-501
-434
-248
325
845
886
1075
1785
2245
2082
2097
2775
3329
3149
2816
3071
3465
3248
2529
2059
1770
1026
-23
-933
-1863
-2893
-3596
-4075
-4691
-5180
-5045
-4446
-3915
-3555
-2868
-1502
-111
528
837
1629
2524
2686
2374
2223
2203
1911
1278
625
276
126
-147
-495
-662
-595
-408
-231
-207
-239
-43
222
39
-296
-43
451
469
362
908
1821
2288
2358
2783
3594
3964
3724
3383
3120
2573
1620
499
-674
-1897
-3021
-3941
-4689
-5268
-5561
-5343
-4785
-4251
-3695
-2632
-1214
-224
216
857
1873
2376
2066
1751
1806
1669
1075
316
-178
-363
-629
-1068
-1337
-1304
-1231
-1211
-1186
-1249
-1122
-581
-217
-350
-174
765
1661
1910
2278
3372
4556
5092
5144
5416
5980
6083
5331
4312
3415
2434
1070
-522
-2039
-3335
-4352
-5195
-5828
-6218
-6157
-5504
-4641
-3964
-3276
-2130
-811
-67
179
592
1158
1290
810
273
33
-223
-852
-1699
-2102
-2032
-2052
-2299
-2346
-2014
-1565
-1132
-881
-713
-187
677
1162
1192
1630
2669
3508
3727
3979
4867
5827
6092
5905
6027
6338
6037
5033
3961
2996
1839
451
-1046
-2548
-3889
-4894
-5601
-6192
-6695
-6808
-6314
-5617
-5216
-4795
-3824
-2739
-2240
-2121
-1664
-961
-679
-887
-997
-676
-403
-562
-761
-466
9
201
347
719
1129
1464
1833
2066
1951
1928
2344
2585
2200
1910
2449
3129
3043
2833
3526
4689
5085
4793
4930
5615
5679
4727
3732
3076
2151
687
-857
-2294
-3628
-4712
-5562
-6332
-7048
-7348
-6843
-5990
-5499
-5181
-4209
-2624
-1442
-1035
-544
528
1425
1501
1300
1515
1854
1824
1478
1311
1435
1549
1462
1300
1121
1002
1044
944
467
-62
-51
203
21
-398
-158
730
1273
1284
1684
2860
3798
3919
3842
4203
4496
3979
2872
1834
903
-382
-1921
-3386
-4690
-5783
-6515
-6940
-7259
-7391
-6896
-5835
-4895
-4289
-3426
-1977
-592
114
460
1110
1904
2214
2011
1849
1971
2023
1742
1409
1289
1208
1063
895
689
433
318
355
208
-313
-799
-537
-72
-287
-672
-14
1271
1763
1728
2497
3980
4899
4936
5001
5641
6108
5644
4572
3636
2839
1617
58
-1519
-3053
-4351
-5212
-5823
-6409
-6739
-6410
-5607
-4907
-4388
-3567
-2094
-770
-296
-26
845
1715
1700
1178
1045
1278
1020
327
-161
-263
-358
-541
-519
-467
-500
-302
218
452
181
103
701
1249
895
436
976
1952
2102
1772
2267
3445
4110
4055
4212
4871
5139
4553
3729
3106
2248
938
-473
-1761
-3181
-4629
-5559
-6102
-6753
-7294
-7045
-6039
-5176
-4769
-3856
-2101
-672
-240
91
967
1699
1591
1022
701
643
391
-158
-542
-531
-368
-167
139
499
803
1258
1900
2252
2057
1774
1950
2184
1724
925
828
1450
1779
1526
1675
2677
3742
4248
4521
4973
5466
5412
4684
3704
2663
1356
-267
-1988
-3729
-5345
-6580
-7405
-8025
-8445
-8396
-7694
-6634
-5714
-4822
-3429
-1759
-638
-160
355
1127
1487
1178
709
566
713
616
265
191
591
1031
1338
1706
2065
2333
2656
2882
2622
2064
1632
1494
1242
520
-136
9
744
1124
1142
1772
3187
4339
4696
4944
5523
5904
5411
4214
2907
1532
-146
-2045
-3960
-5813
-7322
-8263
-8775
-9125
-9155
-8448
-7084
-5590
-4455
-3274
-1511
311
1340
1745
2287
2920
3114
2712
2175
1957
1849
1567
1257
1236
1418
1565
1831
2191
2344
2300
2325
2314
1886
1123
417
54
-159
-641
-1154
-949
-5
685
950
1717
3240
4567
5022
5078
5349
5562
5072
3745
2063
547
-1006
-2808
-4636
-6272
-7489
-8057
-8124
-8044
-7748
-6842
-5204
-3480
-2195
-1071
355
1899
2730
2740
2744
2924
2687
1871
994
421
-27
-579
-1065
-1197
-1102
-946
-634
-218
26
70
286
536
401
-27
-375
-464
-397
-469
-594
-243
699
1636
2132
2727
3910
5086
5628
5685
5642
5713
5379
4281
2741
1246
-122
-1592
-3127
-4576
-5676
-6169
-6133
-6016
-5856
-5212
-3990
-2602
-1582
-860
-1
1041
1616
1390
983
869
606
-211
-1116
-1660
-1912
-2110
-2275
-2235
-1851
-1198
-561
11
627
1242
1723
2017
2087
1948
1720
1475
1200
989
770
548
653
1189
1747
2025
2428
3258
4149
4560
4546
4502
4532
4190
3149
1829
750
-261
-1579
-2958
-3988
-4606
-4932
-5033
-4977
-4635
-3905
-2981
-2049
-1286
-681
-57
549
727
317
-156
-428
-821
-1471
-2109
-2453
-2441
-2201
-1994
-1719
-959
162
1091
1805
2534
3114
3456
3520
3218
2651
2026
1371
547
-96
-482
-817
-944
-606
94
742
1418
2381
3460
4235
4509
4563
4708
4489
3455
2150
1133
60
-1351
-2687
-3653
-4385
-4979
-5296
-5198
-4881
-4496
-3938
-3108
-2263
-1828
-1512
-1040
-764
-881
-1104
-1193
-1355
-1494
-1546
-1503
-1234
-863
-468
-51
599
1384
2009
2471
2816
3036
3052
2823
2331
1689
968
173
-617
-1235
-1498
-1610
-1621
-1255
-416
613
1497
2363
3403
4457
5206
5452
5382
5213
4748
3747
2458
1271
90
-1142
-2304
-3217
-3824
-4152
-4242
-4175
-3836
-3363
-2877
-2312
-1786
-1552
-1433
-1212
-1179
-1463
-1743
-1848
-1953
-2115
-2212
-2170
-1857
-1356
-948
-509
156
831
1365
1854
2256
2389
2414
2456
2186
1622
1099
662
219
-228
-497
-448
-172
241
880
1728
2437
2946
3683
4492
4726
4450
4268
4256
3807
2752
1586
733
-1
-952
-2011
-2781
-3156
-3405
-3578
-3647
-3635
-3521
-3304
-3089
-3018
-3037
-2948
-2751
-2703
-2866
-3022
-2924
-2580
-2376
-2248
-1792
-937
-4
676
1324
2203
3105
3776
4128
4303
4404
4351
3992
3381
2751
2127
1527
893
333
19
-22
78
122
400
912
1319
1587
1919
2257
2321
2220
2058
1822
1309
533
-248
-991
-1691
-2506
-3323
-3850
-4186
-4556
-4858
-4928
-4826
-4669
-4484
-4170
-3842
-3592
-3344
-2970
-2547
-2246
-1888
-1335
-754
-254
275
964
1734
2457
3097
3726
4348
4849
5188
5284
5152
4908
4600
4058
3209
2243
1431
758
-35
-876
-1425
-1549
-1598
-1704
-1499
-935
-459
-184
315
1066
1618
1813
1914
2153
2215
1733
986
445
-12
-844
-1823
-2540
-3170
-3841
-4403
-4784
-5051
-5140
-5013
-4682
-4156
-3624
-3083
-2301
-1360
-653
-59
736
1514
2047
2523
2997
3383
3763
4070
4176
4263
4328
4191
4057
3980
3625
3023
2509
1926
1069
259
-355
-983
-1644
-2207
-2534
-2545
-2472
-2468
-2094
-1233
-465
22
601
1455
2214
2604
2673
2655
2635
2249
1360
395
-373
-1289
-2462
-3420
-4114
-4718
-5113
-5261
-5134
-4749
-4185
-3539
-2756
-1948
-1238
-383
543
1095
1361
1782
2216
2333
2232
2219
2455
2714
2739
2680
2879
3234
3239
3126
3179
3066
2562
1998
1591
914
11
-807
-1423
-2037
-2859
-3529
-3615
-3371
-3364
-3267
-2517
-1534
-900
-365
467
1328
1774
1831
1761
1703
1366
564
-246
-776
-1347
-2183
-2806
-3025
-3188
-3299
-3165
-2747
-2247
-1749
-1261
-680
-85
219
392
697
903
741
611
778
975
1099
1259
1576
2120
2748
3188
3576
4152
4580
4672
4664
4536
4009
3281
2566
1553
319
-816
-1842
-2763
-3546
-4263
-4738
-4612
-4206
-3917
-3375
-2368
-1412
-761
-117
682
1327
1640
1665
1646
1731
1517
902
417
285
-66
-689
-1027
-1129
-1271
-1380
-1307
-1204
-1123
-1035
-971
-816
-678
-780
-798
-437
-211
-293
-187
351
931
1283
1650
2218
2935
3497
3748
3938
4134
4071
3712
3314
2786
1890
872
-49
-983
-2043
-3040
-3754
-4200
-4507
-4772
-4818
-4454
-3872
-3353
-2782
-1900
-906
-158
445
1191
1848
2144
2247
2418
2576
2390
2003
1660
1359
910
331
-47
-321
-673
-1012
-1202
-1291
-1420
-1520
-1493
-1378
-1313
-1357
-1288
-980
-670
-499
-250
264
831
1215
1552
2060
2559
2828
2914
2920
2825
2523
2056
1490
786
-12
-769
-1494
-2254
-3025
-3638
-3952
-4089
-4184
-4142
-3804
-3251
-2627
-2027
-1409
-618
256
971
1457
1929
2464
2904
3123
3127
3056
3020
2963
2723
2380
2121
1934
1628
1220
787
349
40
-205
-555
-975
-1236
-1353
-1468
-1550
-1616
-1540
-1251
-936
-700
-414
21
423
696
937
1152
1292
1376
1367
1174
919
678
359
-50
-451
-825
-1165
-1407
-1637
-1905
-2072
-2088
-2090
-2137
-2121
-1918
-1606
-1296
-1042
-753
-213
418
881
1254
1720
2237
2678
2972
3092
3183
3304
3231
2835
2318
1847
1343
751
134
-543
-1166
-1585
-1900
-2226
-2466
-2495
-2335
-2081
-1866
-1676
-1371
-957
-668
-585
-514
-355
-247
-303
-440
-523
-441
-265
-169
-108
63
336
624
860
1047
1178
1319
1427
1318
1051
778
507
204
-139
-491
-803
-971
-920
-805
-695
-428
124
704
1033
1246
1594
2033
2213
2051
1800
1654
1464
984
374
-76
-383
-686
-998
-1257
-1401
-1414
-1343
-1292
-1269
-1190
-1121
-1097
-1149
-1387
-1654
-1753
-1842
-2103
-2341
-2286
-2029
-1779
-1505
-1084
-452
300
978
1540
2109
2663
3051
3220
3143
2850
2507
2102
1443
595
-197
-784
-1284
-1825
-2356
-2606
-2501
-2317
-2136
-1781
-1215
-596
-9
562
1060
1496
1888
2228
2431
2462
2462
2541
2608
2462
2216
2085
1962
1681
1294
889
524
155
-303
-848
-1382
-1825
-2230
-2574
-2773
-2911
-2981
-2843
-2565
-2268
-1911
-1422
-792
-148
372
787
1238
1640
1805
1843
1880
1783
1481
1153
862
523
127
-291
-611
-812
-1021
-1295
-1495
-1544
-1533
-1505
-1474
-1378
-1152
-847
-561
-280
94
500
905
1366
1826
2237
2678
3101
3347
3444
3446
3322
3072
2711
2210
1569
890
170
-588
-1269
-1875
-2419
-2821
-3108
-3321
-3368
-3242
-3063
-2773
-2340
-1913
-1531
-1124
-702
-374
-103
159
315
409
469
483
479
450
395
331
302
215
56
-79
-225
-411
-613
-824
-1018
-1135
-1257
-1377
-1425
-1406
-1330
-1139
-802
-401
81
695
1370
1976
2494
3002
3526
3927
4048
3991
3875
3675
3239
2565
1877
1208
511
-183
-868
-1530
-2043
-2393
-2696
-2917
-2998
-2971
-2805
-2520
-2277
-2098
-1809
-1453
-1161
-959
-809
-588
-327
-163
-111
-22
183
378
528
662
760
885
1055
1134
1079
1016
979
875
688
454
180
-68
-248
-417
-545
-575
-497
-344
-86
231
574
1049
1603
2092
2490
2828
3055
3179
3172
2953
2614
2265
1802
1158
508
-84
-680
-1294
-1832
-2292
-2672
-2882
-2952
-2917
-2806
-2656
-2451
-2172
-1907
-1649
-1341
-1066
-881
-744
-617
-476
-294
-149
-82
41
212
312
369
497
696
856
962
1054
1115
1122
1042
879
704
482
168
-146
-380
-593
-768
-837
-839
-812
-682
-437
-176
138
483
750
980
1232
1445
1569
1668
1690
1628
1533
1334
996
635
349
40
-267
-541
-807
-1013
-1152
-1273
-1384
-1427
-1425
-1437
-1430
-1445
-1473
-1433
-1352
-1278
-1207
-1085
-942
-784
-589
-409
-235
39
369
621
825
1053
1253
1416
1581
1660
1621
1541
1418
1204
939
641
309
10
-326
-667
-928
-1130
-1272
-1340
-1306
-1248
-1111
-855
-517
-139
257
662
1069
1464
1776
1933
2014
2084
2058
1894
1669
1441
1156
793
388
-28
-439
-851
-1265
-1583
-1805
-2012
-2119
-2103
-2060
-2017
-1877
-1611
-1301
-986
-688
-390
-64
264
563
854
1153
1437
1670
1873
2040
2109
2110
2044
1927
1759
1507
1196
876
525
68
-411
-826
-1213
-1601
-1910
-2074
-2156
-2160
-2068
-1904
-1646
-1291
-825
-288
228
715
1193
1637
1965
2178
2309
2319
2182
1917
1549
1102
607
85
-443
-928
-1359
-1722
-1985
-2183
-2330
-2398
-2355
-2231
-2065
-1857
-1586
-1261
-948
-672
-373
-63
247
543
802
1039
1248
1437
1574
1673
1776
1842
1836
1744
1614
1458
1236
947
616
225
-208
-617
-985
-1337
-1640
-1838
-1966
-2028
-1967
-1798
-1562
-1272
-935
-524
-112
225
544
885
1191
1416
1586
1681
1703
1642
1517
1340
1097
841
574
275
-41
-358
-682
-1003
-1296
-1524
-1668
-1786
-1889
-1885
-1802
-1688
-1494
-1227
-942
-639
-300
60
444
805
1115
1376
1568
1714
1814
1861
1815
1684
1507
1291
1028
733
459
176
-116
-383
-610
-811
-980
-1089
-1153
-1166
-1107
-988
-800
-534
-223
94
463
885
1283
1645
1997
2324
2609
2792
2861
2847
2700
2412
2026
1511
892
226
-441
-1105
-1767
-2356
-2846
-3224
-3478
-3598
-3578
-3417
-3134
-2758
-2282
-1763
-1255
-726
-215
215
565
837
1018
1120
1188
1187
1122
1029
919
792
637
486
338
176
32
-92
-222
-360
-519
-630
-714
-797
-851
-859
-811
-707
-513
-271
41
420
835
1269
1676
2069
2420
2698
2904
3038
3028
2846
2543
2143
1615
991
343
-303
-936
-1542
-2065
-2473
-2815
-3048
-3129
-3124
-3022
-2811
-2519
-2195
-1843
-1475
-1136
-817
-514
-260
-70
65
190
288
331
358
364
351
324
315
326
320
286
255
215
135
31
-47
-124
-225
-293
-345
-424
-473
-460
-404
-321
-227
-52
218
533
860
1208
1574
1912
2232
2540
2782
2897
2905
2808
2614
2354
2015
1615
1187
720
219
-279
-745
-1180
-1551
-1798
-1943
-2015
-1979
-1861
-1688
-1455
-1229
-998
-729
-445
-186
17
189
298
334
347
344
330
311
294
276
244
217
218
224
227
257
245
206
159
74
-63
-251
-466
-689
-893
-1049
-1162
-1207
-1177
-1102
-964
-760
-464
-82
321
710
1085
1427
1680
1841
1901
1836
1688
1441
1119
742
328
-88
-525
-965
-1345
-1643
-1853
-1953
-1949
-1878
-1736
-1524
-1272
-1034
-802
-563
-325
-120
31
149
227
243
251
274
279
298
340
394
430
463
503
532
543
515
490
466
386
291
208
113
-27
-170
-263
-309
-327
-324
-259
-126
43
252
465
682
923
1160
1377
1563
1700
1768
1762
1670
1506
1277
1000
671
308
-45
-408
-771
-1092
-1367
-1571
-1697
-1763
-1793
-1778
-1685
-1566
-1425
-1262
-1110
-969
-814
-694
-611
-531
-488
-472
-466
-471
-458
-415
-357
-292
-185
-51
91
256
417
580
739
887
1012
1084
1097
1067
1006
895
762
602
424
281
181
100
40
38
96
180
289
437
597
732
837
945
1021
1074
1076
1004
885
698
485
262
17
-245
-496
-701
-876
-1007
-1112
-1168
-1146
-1062
-978
-886
-749
-591
-429
-270
-134
-20
80
166
227
256
274
289
292
306
332
340
381
450
488
501
505
503
469
389
260
133
10
-166
-365
-559
-761
-942
-1069
-1152
-1210
-1227
-1168
-1031
-863
-669
-401
-87
227
526
807
1051
1261
1410
1459
1453
1387
1218
961
664
322
-37
-362
-667
-939
-1166
-1357
-1459
-1453
-1419
-1352
-1197
-998
-801
-595
-384
-187
-6
144
270
381
454
501
544
568
583
582
565
552
549
537
494
431
384
325
230
124
-17
-193
-369
-518
-682
-862
-1014
-1083
-1095
-1088
-1002
-817
-583
-306
30
391
768
1168
1551
1870
2118
2250
2290
2258
2125
1897
1609
1230
798
398
-3
-417
-780
-1073
-1284
-1403
-1425
-1377
-1271
-1096
-873
-618
-361
-118
112
297
448
542
565
545
504
470
397
266
135
51
-37
-131
-194
-263
-325
-370
-417
-471
-547
-654
-733
-791
-859
-904
-928
-926
-881
-805
-682
-482
-225
58
374
716
1058
1395
1686
1889
2016
2044
1981
1833
1583
1236
841
404
-88
-569
-994
-1409
-1790
-2085
-2292
-2381
-2372
-2287
-2131
-1900
-1620
-1317
-1007
-721
-441
-171
28
142
232
288
280
264
235
172
136
123
119
153
172
202
281
373
441
508
556
550
526
479
415
335
280
231
202
215
265
397
576
762
989
1268
1558
1879
2180
2395
2581
2701
2689
2594
2358
1974
1528
1011
418
-162
-762
-1369
-1880
-2315
-2680
-2924
-3043
-3048
-2935
-2742
-2509
-2198
-1859
-1531
-1165
-833
-554
-297
-97
14
91
138
123
110
87
67
103
153
207
269
330
388
446
496
507
487
441
366
300
215
105
9
-64
-109
-101
-37
108
329
585
873
1178
1490
1768
1978
2108
2152
2104
1967
1771
1479
1110
707
228
-291
-796
-1253
-1623
-1920
-2161
-2299
-2327
-2266
-2120
-1908
-1664
-1395
-1094
-814
-553
-317
-134
21
146
223
273
311
342
354
349
330
332
363
390
392
357
309
254
166
50
-88
-245
-405
-548
-677
-751
-766
-741
-647
-502
-310
-58
256
585
915
1264
1591
1879
2115
2264
2328
2295
2147
1893
1552
1164
726
245
-228
-676
-1094
-1437
-1692
-1879
-1980
-1984
-1911
-1768
-1574
-1353
-1089
-820
-570
-323
-100
85
248
380
500
613
685
715
708
664
593
514
430
335
249
147
34
-65
-178
-286
-384
-474
-561
-651
-704
-705
-660
-580
-473
-334
-159
34
233
445
655
835
960
1053
1108
1118
1090
1004
878
696
484
235
-55
-320
-571
-788
-940
-1066
-1151
-1168
-1144
-1094
-1023
-939
-813
-657
-504
-326
-151
-14
115
221
285
354
396
408
416
382
359
374
392
398
404
415
409
384
367
367
343
325
327
315
308
309
306
289
279
263
261
292
326
388
482
590
708
844
944
1012
1062
1068
1020
939
804
607
400
138
-165
-462
-760
-1052
-1285
-1483
-1648
-1750
-1820
-1829
-1752
-1627
-1451
-1246
-1043
-825
-594
-374
-189
-37
68
149
189
170
116
45
-44
-157
-272
-393
-499
-579
-650
-698
-721
-719
-700
-641
-560
-494
-406
-291
-166
-31
104
230
370
522
684
847
1005
1161
1301
1453
1604
1721
1786
1793
1757
1679
1580
1452
1302
1136
957
792
601
392
223
88
-42
-131
-184
-223
-215
-213
-216
-198
-185
-198
-227
-258
-294
-348
-412
-479
-580
-701
-810
-907
-989
-1059
-1109
-1126
-1116
-1069
-1007
-950
-867
-773
-695
-609
-531
-455
-383
-315
-250
-178
-88
0
95
186
249
323
419
512
625
745
854
967
1063
1153
1231
1259
1242
1179
1056
897
737
540
335
138
-56
-252
-457
-641
-776
-868
-918
-935
-907
-848
-746
-625
-501
-374
-254
-134
-40
16
55
73
57
20
-32
-112
-210
-292
-381
-480
-570
-659
-730
-756
-728
-674
-590
-478
-358
-228
-79
74
225
365
484
589
695
809
902
969
1029
1068
1062
1033
999
940
899
855
768
699
659
601
539
491
445
388
304
193
87
-9
-100
-174
-247
-299
-341
-390
-461
-527
-586
-658
-698
-706
-679
-652
-623
-590
-573
-564
-553
-518
-480
-438
-398
-354
-315
-288
-266
-247
-264
-281
-292
-300
-288
-270
-245
-215
-200
-196
-143
-60
26
117
209
298
368
430
478
506
510
510
516
499
475
431
365
299
223
120
18
-99
-224
-296
-341
-357
-357
-378
-354
-307
-278
-221
-154
-76
35
155
238
313
387
411
450
469
444
416
363
314
242
151
82
11
-53
-93
-122
-138
-113
-55
2
51
98
134
190
248
299
325
339
368
394
440
470
460
442
460
486
481
460
416
380
334
279
233
148
56
-13
-91
-202
-359
-518
-631
-731
-855
-945
-1027
-1121
-1166
-1179
-1148
-1081
-988
-867
-749
-653
-546
-435
-335
-198
-76
19
98
145
179
203
195
173
130
59
12
-50
-131
-183
-245
-289
-291
-269
-201
-119
-76
-12
102
188
261
356
441
550
650
733
815
855
889
914
912
905
888
858
840
787
685
573
464
354
263
171
65
-36
-147
-243
-326
-413
-488
-541
-564
-565
-564
-542
-490
-421
-329
-233
-142
-74
-40
6
51
59
76
82
64
34
-33
-103
-181
-266
-333
-386
-433
-467
-463
-465
-444
-376
-300
-205
-110
-18
62
138
212
286
357
414
459
475
488
504
512
514
515
507
478
423
354
287
220
143
57
-36
-128
-212
-295
-375
-452
-526
-569
-593
-602
-571
-533
-491
-420
-335
-255
-163
-45
71
172
249
299
336
353
374
390
377
337
284
226
160
74
-25
-112
-196
-265
-309
-339
-342
-332
-312
-277
-235
-187
-113
-27
56
130
157
183
224
260
288
311
326
339
337
320
300
263
213
173
113
55
12
-46
-94
-138
-175
-199
-222
-247
-266
-275
-278
-271
-245
-200
-157
-121
-88
-42
8
50
76
79
91
95
81
50
34
33
21
6
2
-5
-15
-36
-62
-57
-55
-41
-29
-22
-4
-6
-5
7
27
58
84
87
86
80
73
77
77
71
73
68
48
29
14
19
29
41
67
78
85
81
66
58
37
31
34
38
31
34
45
57
74
88
104
92
74
55
37
51
66
79
109
119
96
74
53
35
25
-7
-45
-71
-112
-141
-162
-204
-218
-217
-195
-163
-137
-105
-82
-87
-95
-95
-110
-95
-73
-40
14
52
86
90
75
52
51
59
59
60
55
28
-2
-22
-58
-95
-123
-132
-129
-105
-91
-96
-99
-87
-75
-73
-79
-74
-52
-16
26
83
141
159
158
148
125
110
108
95
86
77
84
75
34
-6
-41
-73
-107
-123
-133
-142
-126
-97
-72
-61
-64
-57
-46
-47
-36
-22
-2
29
61
78
65
49
52
62
58
39
21
21
39
46
30
11
-5
12
58
71
68
67
67
65
44
20
0
7
11
19
33
21
26
40
44
64
55
33
21
15
0
-20
-19
-8
-2
0
-19
-50
-70
-78
-78
-93
-92
-75
-71
-71
-58
-38
-16
17
42
58
81
97
101
83
54
41
38
40
34
30
32
35
43
48
32
1
-28
-51
-68
-72
-66
-35
-3
4
10
9
8
1
13
28
26
14
-7
-28
-42
-71
-92
-84
-92
-104
-93
-91
-80
-49
-7
34
62
71
55
43
33
30
38
47
70
81
77
81
73
61
58
47
16
-22
-34
-44
-54
-43
-45
-53
-54
-61
-44
-34
-42
-47
-70
-77
-55
-27
-11
-2
1
-8
-13
-16
-33
-32
-15
7
32
18
-13
-23
-38
-63
-108
-151
-172
-156
-132
-90
-51
-22
5
9
-2
-14
-17
-10
17
46
69
77
79
68
64
69
75
79
51
46
48
51
60
41
35
39
46
51
41
34
50
77
91
85
73
54
42
40
22
15
18
24
34
59
84
97
94
79
75
66
47
32
28
35
41
46
57
41
19
-4
-30
-52
-73
-86
-95
-87
-80
-70
-48
-44
-42
-31
-27
-30
-39
-40
-24
-8
-19
-33
-33
-13
7
2
-27
-51
-55
-53
-43
-41
-34
-45
-63
-53
-50
-52
-38
-43
-61
-61
-61
-77
-57
-38
-33
-12
-11
-9
1
9
21
55
60
52
62
41
31
46
53
69
74
67
46
13
-5
-13
-17
-10
-8
-25
-47
-56
-55
-47
-32
-26
-20
-18
-22
-22
-14
10
29
40
42
31
28
31
17
7
4
-5
5
9
-1
2
0
4
3
-11
-22
-23
-22
-28
-23
-22
-23
-19
-20
-12
-11
1
18
24
23
21
24
32
40
45
68
57
35
38
36
22
16
10
-1
-28
-52
-62
-45
-24
-10
-12
1
39
55
69
58
50
69
81
87
92
71
59
78
88
87
77
41
28
9
-4
-17
-43
-70
-99
-112
-125
-121
-111
-93
-75
-60
-37
-18
-4
10
18
19
26
41
45
55
55
55
55
49
49
30
