-6
-9
-6
-17
-32
-33
-25
-16
-2
-1
-22
-45
-61
-64
-59
-36
-26
-9
26
42
58
61
50
36
27
23
26
27
16
25
29
9
2
-5
-16
-8
1
-5
-12
0
2
-6
-2
-19
-35
-40
-40
-33
-29
-18
7
13
29
52
37
21
12
-2
-8
27
45
38
38
33
16
7
5
-13
-8
-11
-21
-4
2
6
3
-3
-12
-12
-11
-19
-15
-5
18
41
50
56
47
32
25
14
12
18
15
0
3
9
2
1
9
-1
-4
-3
-16
-13
-3
14
30
40
22
-6
-26
-45
-49
-42
-39
-38
-15
2
-12
-18
-27
-41
-41
-24
5
19
22
18
9
6
8
10
16
33
40
38
36
31
35
34
23
6
-14
-24
-24
-13
-16
-23
-27
-38
-27
-18
-28
-29
-24
-28
-23
-16
-21
-21
-7
-3
4
-1
-8
-9
-5
-7
-27
-40
-45
-24
11
21
22
17
9
14
10
-8
-28
-39
-43
-45
-32
-16
4
23
22
22
22
32
49
47
57
75
78
72
63
43
19
-2
-20
-32
-38
-37
-29
-22
-30
-15
-7
6
19
4
-7
-10
3
18
21
21
19
5
-11
-19
-10
2
16
26
20
17
15
4
-2
-13
-33
-47
-74
-83
-80
-72
-63
-49
-29
-14
5
3
3
3
-7
-1
-6
1
13
11
12
11
1
-20
-25
-24
-17
13
40
40
32
21
1
-2
15
35
49
62
60
45
50
62
74
81
72
74
68
62
60
54
35
13
-7
-27
-31
-35
-30
-19
3
23
35
50
33
14
11
2
-21
-41
-45
-51
-51
-37
-30
-19
-17
-17
-10
-17
-37
-39
-26
-28
-42
-49
-65
-75
-79
-78
-57
-28
-3
17
44
55
54
51
37
11
-17
-46
-75
-90
-92
-86
-62
-31
0
28
41
48
55
39
9
-18
-36
-30
-9
17
49
76
102
88
61
47
30
12
16
28
13
-4
-27
-51
-63
-67
-77
-86
-72
-48
-23
-4
7
13
21
20
5
-11
-16
-4
12
18
30
42
44
43
24
-4
-24
-26
-20
-11
-3
-17
-28
-34
-45
-40
-20
-24
-32
-14
-9
5
32
48
52
66
70
50
23
-14
-35
-35
-26
-20
-15
12
30
43
60
58
41
42
48
49
56
68
72
68
65
66
70
78
66
54
44
21
19
13
-7
-21
-27
-37
-41
-31
-19
-16
-21
-35
-34
-24
-29
-33
-34
-52
-55
-46
-45
-30
-15
-9
0
4
-1
-9
-15
-14
-9
-7
-20
-42
-49
-41
-28
-25
-12
-15
-21
-5
-3
-11
-25
-34
-45
-44
-44
-49
-44
-36
-18
-7
-13
-17
-5
2
22
37
44
38
23
13
-2
-4
-6
-4
2
-4
-15
-34
-29
-14
-6
-6
1
7
10
26
34
30
25
21
15
18
25
20
18
36
47
45
50
45
34
25
7
-11
-7
-5
-7
4
6
-2
-2
-1
-10
-15
-20
-3
8
12
17
0
-5
-19
-30
-25
-16
-1
-8
6
3
4
7
-23
-38
-47
-51
-58
-59
-49
-49
-43
-20
-6
12
29
49
55
35
12
-8
-5
-2
-18
-30
-51
-88
-109
-132
-160
-169
-147
-121
-104
-91
-78
-73
-59
-36
-22
-4
27
69
113
147
179
219
244
233
213
201
184
183
186
171
162
149
144
131
127
142
148
151
159
167
184
199
220
256
274
274
244
213
188
175
161
112
85
56
19
-23
-60
-93
-153
-202
-231
-239
-251
-278
-283
-300
-311
-309
-339
-362
-372
-378
-373
-357
-356
-339
-315
-311
-305
-308
-297
-297
-272
-258
-256
-199
-142
-102
-48
-22
-25
-7
50
82
91
98
71
48
15
-31
-51
-38
-52
-85
-77
-61
-57
-21
9
14
58
75
73
93
113
131
148
173
177
186
215
199
175
169
125
84
62
33
23
33
39
45
65
102
156
214
274
319
390
464
547
622
637
628
632
643
613
564
546
512
420
302
191
87
-22
-126
-211
-304
-384
-428
-459
-460
-468
-496
-506
-486
-429
-413
-416
-374
-317
-277
-258
-205
-164
-179
-206
-217
-233
-277
-291
-293
-300
-285
-249
-201
-170
-135
-74
-34
-13
60
158
237
287
337
406
448
468
488
506
496
481
500
473
419
369
311
221
88
8
-58
-143
-216
-300
-378
-449
-464
-451
-457
-457
-414
-356
-339
-305
-247
-194
-130
-69
10
109
199
248
286
292
284
288
280
252
226
191
116
5
-103
-209
-322
-418
-483
-513
-555
-572
-544
-525
-483
-399
-264
-90
62
249
462
681
863
1009
1130
1168
1176
1118
1019
878
684
473
197
-128
-439
-715
-1021
-1329
-1575
-1760
-1923
-2101
-2162
-2057
-1909
-1783
-1651
-1430
-1143
-822
-399
53
506
992
1528
2044
2381
2624
2908
3129
3166
3019
2833
2634
2339
2007
1610
1181
721
303
-53
-461
-840
-1124
-1357
-1524
-1620
-1738
-1844
-1768
-1646
-1622
-1624
-1518
-1410
-1381
-1342
-1278
-1181
-1067
-948
-918
-875
-729
-547
-469
-415
55
582
803
1044
1733
2537
2732
2868
3391
3801
3762
3564
3629
3388
2801
2304
1717
1001
179
-482
-1148
-1907
-2454
-2989
-3487
-3706
-3818
-3968
-4018
-3738
-3406
-3334
-2968
-2373
-1926
-1508
-874
-50
467
1043
1777
2169
2431
2770
3130
3109
2733
2471
2148
1505
645
-168
-728
-1306
-1897
-2412
-2815
-2696
-2295
-2064
-1805
-1185
-193
406
726
1398
2106
2525
2574
2697
2788
2532
2387
2230
1809
1173
732
586
94
-503
-931
-1187
-1330
-1567
-1832
-2036
-2018
-1799
-1893
-1949
-1730
-1480
-1133
-908
-652
-528
-391
-177
-330
-541
-694
-859
-1232
-1842
-2186
-2363
-2444
-2534
-2730
-2230
-1123
-437
-223
579
2326
3337
3490
4235
5436
5963
5623
5632
5682
5024
4302
3753
3027
1930
942
338
-424
-1234
-2038
-2744
-3039
-3268
-3734
-4264
-4266
-3835
-3820
-3830
-3273
-2419
-1772
-1256
-291
493
953
1562
2145
2471
2308
2197
2166
1732
1106
555
247
-179
-837
-955
-435
-176
-363
-18
1214
1982
2058
2509
3397
3905
3677
3462
3443
2995
2286
1577
853
-43
-1066
-1699
-2159
-2681
-3399
-3875
-3723
-3606
-3911
-4071
-3583
-2939
-2794
-2707
-2220
-1590
-1072
-834
-516
-118
206
418
428
403
293
87
-127
-503
-1019
-1362
-1584
-1669
-1394
-1105
-887
-475
623
1764
2057
2427
3543
4615
4765
4678
5123
5251
4782
4254
3812
3079
2049
1435
742
-376
-1261
-1801
-2340
-3092
-3685
-3982
-4208
-4251
-4303
-4254
-3913
-3455
-2950
-2585
-2025
-1397
-940
-394
-14
78
73
117
106
-279
-629
-707
-696
-989
-1046
-212
277
306
949
2718
3920
3836
4262
5603
6321
5646
5154
5425
5100
4018
2965
2114
1077
-37
-805
-1723
-2489
-3148
-3786
-4174
-4371
-4630
-5037
-4872
-4211
-4047
-4221
-3619
-2562
-2228
-2003
-997
-88
461
940
1426
1743
1837
1907
1563
1069
861
557
168
-440
-372
411
488
240
757
2429
3226
2690
3106
4503
5068
4271
3990
4584
4285
3361
2904
2474
1473
488
194
-431
-1517
-2304
-2781
-3107
-3725
-4375
-4631
-4600
-4485
-4570
-4412
-3851
-3250
-2718
-2256
-1463
-818
-371
179
289
76
-80
98
-104
-975
-1237
-1131
-1661
-1784
-866
-121
-336
108
2439
3948
3799
4292
6009
7180
6528
6081
6206
5681
4734
3767
2973
1596
184
-524
-1550
-2765
-3788
-4440
-4960
-5502
-5714
-6105
-6354
-5948
-5655
-5562
-5173
-4083
-3015
-2432
-1534
-542
523
1337
1666
2034
2327
2512
2196
1464
1031
826
403
-272
-16
529
466
538
1959
3501
3415
3395
4676
5927
5572
4648
4822
4921
3867
2581
1756
890
-308
-922
-1768
-2887
-3501
-3740
-4001
-4328
-4602
-4818
-4793
-4449
-4342
-4512
-4266
-3587
-2737
-2334
-1698
-766
56
801
1396
1876
1928
2120
2403
1799
1194
764
500
-14
-581
0
625
968
1065
2755
4714
4673
4818
6202
7312
6839
6006
6009
5444
4290
3000
1733
833
-725
-1951
-2736
-3502
-4290
-4957
-5239
-5597
-5835
-5948
-6150
-5820
-5705
-5921
-5435
-4500
-3718
-3253
-2214
-1102
-28
924
1202
1827
2443
2460
2139
1699
1335
573
219
-373
-911
85
663
517
839
2990
4617
4369
4754
6511
7789
6952
5867
6498
6170
4124
2808
2333
1169
-883
-1650
-2183
-3261
-4282
-4750
-4978
-5503
-6071
-6381
-6401
-6156
-6174
-6182
-5627
-4953
-4081
-3442
-2394
-1043
-197
423
1082
1698
1761
1598
1319
823
279
-138
-401
-1299
-1346
36
809
793
1917
4794
6328
6088
6979
8939
9778
8445
7772
8081
6791
4509
3040
1978
-246
-2228
-2968
-3977
-5424
-6491
-6942
-6997
-7419
-8083
-8154
-7516
-7021
-7221
-7005
-5817
-4525
-3702
-2891
-1279
29
672
1691
2717
2989
2875
3126
3082
2315
1724
1208
848
1310
1896
2010
1849
3405
5884
6478
6208
7285
8903
8753
7563
7317
6684
5199
3849
2800
1256
-814
-1641
-2402
-3678
-4751
-5170
-5273
-5821
-6479
-6878
-6975
-6802
-6770
-6809
-6558
-5951
-4832
-3873
-3024
-1945
-802
394
1104
1512
1715
1862
2072
1807
1212
683
388
492
1056
1730
2025
2173
4012
6193
6461
6035
7006
8308
7825
6621
5891
4999
3766
2536
1249
-296
-1643
-1883
-2725
-4229
-5143
-5256
-5461
-6544
-7343
-7573
-7855
-8015
-8032
-7887
-7462
-6644
-5245
-4288
-3338
-2033
-597
882
1694
1955
2214
2856
2984
2248
1824
1518
1243
1983
2615
2666
2722
4410
6820
7304
6962
7788
9311
9184
7560
6905
6195
4616
3115
1773
175
-1969
-2787
-3173
-4224
-5592
-6115
-5568
-5822
-6923
-7234
-6820
-6767
-7227
-7293
-6805
-6363
-5634
-4948
-4092
-2938
-1906
-898
259
1043
1332
1697
2609
2973
2612
2408
2564
3595
4224
4227
4266
5197
6976
7665
7308
7668
8656
9055
7847
6824
6120
4719
3313
1862
559
-1376
-2920
-3482
-4257
-5509
-6818
-6980
-6686
-7350
-7985
-8101
-7709
-7420
-7337
-6820
-6125
-4942
-3825
-2842
-1699
-776
360
1450
2013
2181
2114
2675
2949
2327
1700
1698
3059
3553
3392
3914
5579
7531
7803
7801
8463
9193
8963
7636
6827
5553
3702
2490
1241
-553
-2893
-3813
-3958
-4882
-6162
-7038
-6758
-6497
-7280
-7813
-7612
-7198
-7389
-7430
-6665
-6442
-5860
-4700
-3526
-2736
-2206
-856
436
885
850
1059
1781
1503
1190
977
829
2036
2658
2698
2973
4957
7015
7057
7203
8333
9314
9024
7990
7723
6444
4484
3334
2223
457
-2019
-2675
-2868
-3853
-5033
-5599
-5360
-5544
-6380
-6858
-6919
-6738
-6990
-7207
-6517
-6020
-5489
-4809
-3515
-2404
-1815
-537
746
1347
1248
1420
2184
1922
1259
793
1225
2424
2505
2589
3735
6227
7863
7816
8588
9927
10514
9778
9017
8628
6922
5016
3828
2588
398
-1880
-2353
-2927
-4290
-5553
-5907
-5403
-5864
-6852
-6964
-6704
-6817
-7362
-7314
-6834
-6658
-6193
-5418
-4247
-3569
-2927
-1348
-62
149
203
1154
1928
1442
926
746
1268
2240
2075
1817
2788
5002
6252
6309
7134
8351
8914
8424
8033
7582
5899
4420
3653
2350
-34
-1950
-2202
-2775
-4084
-5412
-5540
-4961
-5542
-6313
-6271
-5672
-5657
-6148
-5951
-5646
-5451
-4998
-4366
-3431
-2949
-2483
-1033
63
-87
-250
928
1794
1211
661
650
1796
2595
2285
2528
3929
5998
6704
6614
7513
8566
8779
7869
7610
7078
5262
4056
3371
2178
-319
-1916
-1684
-2311
-3998
-5214
-4750
-4153
-5195
-5931
-5640
-5121
-5483
-6044
-5583
-5500
-5548
-5038
-4338
-3645
-3618
-2933
-1466
-844
-1072
-1034
349
863
60
-324
412
2020
2195
1982
2895
5004
6628
6474
7085
8429
8732
7923
7501
7613
5997
3820
3152
2736
800
-1878
-2345
-2192
-3491
-5138
-5576
-4807
-4757
-5815
-6193
-5130
-4478
-5169
-4964
-3858
-3771
-3795
-3183
-2177
-1948
-2398
-1711
-569
-437
-1466
-1201
311
188
-604
-885
691
2512
2279
2190
3954
6791
7383
6943
8254
9317
9057
7950
7897
7553
5201
3461
3235
2637
-69
-2182
-2020
-2210
-3986
-5959
-5920
-4952
-5881
-7239
-6896
-5836
-5765
-6351
-5679
-4371
-3922
-3956
-2999
-1718
-2028
-2055
-1028
-563
-1075
-1595
-559
321
-159
-886
153
2190
2357
2217
3351
5702
6965
6387
7004
8655
8892
7501
7288
7701
6003
4138
3488
2946
1170
-1121
-1577
-1507
-2962
-5059
-5346
-4576
-5478
-6850
-7056
-6343
-5838
-6216
-6123
-4808
-3775
-3865
-3245
-1550
-1325
-1664
-675
268
44
-746
-581
-24
-47
-995
-898
1180
1671
983
1880
4548
5873
5096
5420
7049
7760
6435
5363
5992
5438
3262
2179
2212
1056
-946
-1540
-1533
-2172
-3522
-4440
-3821
-3552
-4795
-5503
-4636
-3802
-4509
-4896
-3996
-3062
-3011
-3166
-2125
-1145
-1060
-922
-356
-1
-492
-502
39
-20
-629
-335
1612
2443
2227
3235
6009
7578
6795
7055
8672
9131
7448
6122
6123
4969
2948
1559
746
-619
-2528
-3187
-3284
-3863
-5036
-5632
-4824
-4588
-5561
-5971
-4965
-4137
-4719
-5058
-4214
-3280
-3118
-3268
-2430
-1442
-1254
-1262
-744
-398
-920
-928
-498
-828
-1507
-697
1262
1758
1258
2658
5858
7200
6272
6726
8658
8863
7213
6318
6054
4823
2981
1773
986
-561
-1860
-1962
-2201
-3313
-4188
-3910
-3365
-3596
-4322
-4467
-3457
-3021
-3654
-3732
-3010
-2206
-1767
-1569
-1393
-913
-262
-26
-124
-338
-577
-566
-682
-1347
-1879
-794
682
641
506
2713
5356
5627
5329
6521
7803
7373
6034
5542
4716
2838
1382
588
-676
-2523
-3174
-2972
-3421
-4464
-5163
-4770
-4174
-4770
-5499
-5266
-4644
-4263
-4278
-4025
-3234
-2302
-1761
-1147
-526
-364
106
544
260
-374
-705
-758
-1187
-2009
-1766
-86
842
698
1853
4686
6437
6311
6744
8424
9183
7759
6743
6553
5188
3317
2436
1820
-275
-1867
-1906
-1931
-2667
-3894
-3966
-3245
-3426
-4158
-4295
-3638
-3105
-3007
-3020
-2682
-1746
-1220
-978
-279
13
305
809
626
105
-257
-450
-998
-1837
-2393
-1699
-688
-1059
-824
1813
3738
3933
4565
6234
7446
7021
6031
5625
5072
3230
1740
1140
-362
-2234
-2696
-2645
-3127
-4166
-4637
-4105
-3729
-4313
-4801
-4261
-3706
-3706
-3640
-3123
-2446
-2035
-1575
-776
-219
-36
309
746
540
0
68
-44
-1127
-1585
-466
223
-343
85
2633
4338
4235
4616
6362
7584
6841
5979
5827
4961
3272
2197
1670
109
-1657
-2019
-1936
-2482
-3766
-4165
-3465
-3493
-4281
-4575
-3954
-3638
-3971
-3807
-2946
-2124
-1911
-1517
-307
346
318
730
1317
1173
414
265
295
-679
-1390
-424
288
-423
-250
2190
3805
3481
3645
5285
6499
5475
4345
4659
4175
2254
1123
814
-695
-2330
-2480
-2576
-2974
-3566
-3939
-3355
-2918
-3410
-3654
-3016
-2427
-2386
-2282
-1781
-1025
-540
-411
288
963
927
951
1245
1035
439
445
422
-425
-784
55
555
50
154
2260
3690
3038
3002
4698
5699
4381
3423
3737
2896
1013
85
-97
-1500
-3191
-3295
-3139
-3505
-4176
-4218
-3436
-3103
-3289
-3170
-2380
-1834
-1819
-1417
-707
-25
157
268
1004
1209
936
995
1129
990
467
494
468
-244
-92
891
1243
659
1218
3351
4055
3616
3906
5156
5528
4023
3202
3145
2092
214
-843
-1355
-2778
-3868
-4102
-4327
-4541
-4850
-4697
-4101
-4000
-4092
-3605
-2653
-2194
-2027
-1267
-348
288
511
935
1586
1616
1365
1296
1247
724
322
462
-160
-714
203
1244
1150
995
2836
4879
4765
4225
5273
6626
5776
3947
3395
3004
1462
-409
-1466
-2516
-4117
-4940
-5022
-5332
-5931
-6182
-5722
-5104
-5008
-5021
-4226
-3064
-2531
-2257
-1317
116
894
993
1640
2733
2863
2422
2517
2537
1782
1195
1036
303
7
805
1251
1017
1509
3421
4580
4140
4191
5462
6072
4622
3514
3417
2373
778
-414
-1261
-2392
-3441
-3935
-4599
-5174
-5358
-5319
-5266
-5202
-4742
-4322
-3846
-2861
-2189
-1740
-627
756
1376
1813
2699
3395
3687
3545
3222
3026
2562
1999
1198
635
994
1078
541
616
2278
3466
3043
3103
4182
4881
4135
2932
2540
1854
478
-815
-1934
-3113
-4154
-4377
-4899
-5631
-5578
-5392
-5418
-5356
-4873
-4331
-4122
-3515
-2778
-2403
-1748
-757
143
686
1354
2135
2646
2950
2993
2928
2846
2574
1861
1315
1800
2092
1332
1105
2784
4394
3860
3323
4642
5748
4831
3389
3144
2576
882
-466
-1471
-2979
-4383
-4782
-4998
-5675
-6058
-5840
-5346
-5063
-5003
-4517
-3802
-3303
-2832
-2327
-1719
-745
88
530
1221
2013
2385
2712
2990
2676
2262
2218
1863
1161
1325
2177
2195
1676
2708
4684
4831
4073
4754
5907
5613
4289
3560
3028
1647
96
-976
-2225
-3974
-4625
-4644
-5753
-6621
-6547
-6346
-6391
-6432
-6189
-5711
-4945
-4284
-3623
-2736
-1771
-549
635
1433
2076
2864
3653
4051
3986
3819
3949
3805
3060
3003
3634
3540
2814
3509
5503
5640
4478
4851
6092
5662
3895
3106
2705
1223
-348
-1193
-2285
-4127
-4975
-4837
-5554
-6372
-6195
-5773
-5968
-5979
-5330
-4994
-4756
-4095
-3337
-2682
-1951
-798
262
960
1594
2202
2672
2815
2841
2838
2705
2381
2076
2407
2833
2744
2511
3234
4819
4939
4026
4394
5279
4612
2858
2125
1579
-24
-1479
-2385
-3237
-4432
-4989
-4790
-5246
-5815
-5348
-4584
-4829
-5261
-4728
-4122
-4038
-3750
-3124
-2453
-1787
-930
107
836
1333
1943
2467
2643
2567
2427
2396
2067
1815
2340
2904
2860
2944
4481
6102
5917
5437
6249
6954
5755
3927
3151
2101
167
-1503
-2672
-4031
-5515
-6070
-6090
-6458
-6955
-6532
-5417
-5198
-5578
-4971
-3888
-3525
-3460
-2809
-1921
-1325
-645
186
1016
1603
2064
2639
3098
3118
2928
2854
2666
2717
3069
3148
3244
3848
5080
5991
6031
6100
6562
6626
5584
4295
3370
1978
337
-1156
-2762
-4313
-5267
-5601
-6181
-6881
-6986
-6446
-5914
-5903
-5671
-4916
-4312
-3801
-3025
-2165
-1399
-593
392
1328
1880
2313
2995
3437
3532
3545
3502
3198
2636
2981
3716
3556
3076
3921
5669
5817
4925
5364
6414
5929
4244
3386
2633
752
-1108
-2249
-3596
-5537
-6732
-7059
-7606
-8325
-8402
-7551
-6872
-6941
-6493
-5314
-4522
-4216
-3607
-2612
-1981
-1617
-993
-135
562
943
1543
2190
2511
2874
3120
2878
3101
4191
4473
3910
4240
5733
6516
5905
5816
6749
6782
5438
4373
3738
2255
458
-835
-2271
-4179
-5679
-6142
-6602
-7597
-8083
-7497
-6726
-6570
-6328
-5245
-3876
-3028
-2509
-1532
-349
213
704
1543
2029
2143
2474
2759
2595
2405
2622
2697
2413
2874
3815
4147
4063
5071
6785
6987
6557
7168
7828
7266
5862
4855
3915
2163
61
-1747
-3500
-5570
-7211
-8163
-8983
-9670
-9828
-9385
-8704
-8221
-7467
-6065
-4818
-4160
-3308
-1910
-692
-8
461
1388
2316
2484
2617
3043
3263
3304
3380
3102
3047
3952
4439
4170
4430
5907
6921
6406
6386
7465
7497
6036
4990
4529
3092
1071
-490
-1912
-3673
-5614
-6754
-7384
-8485
-9514
-9535
-8943
-8791
-8606
-7473
-6024
-4954
-4219
-2927
-1007
7
528
1540
2528
2919
3005
3293
3354
3055
2945
2911
2716
2919
3463
3893
4220
5309
6767
7112
7084
7724
8227
7651
6358
5385
4278
2478
591
-1163
-3050
-4863
-6243
-7576
-8894
-9672
-9925
-10000
-10027
-9852
-9212
-8154
-6945
-5880
-4838
-3444
-1793
-472
481
1499
2563
3319
3660
3883
4093
4126
3868
3353
3404
3927
3781
3587
4375
5756
6242
6076
6706
7617
7390
6330
5751
5142
3569
1814
480
-1201
-3128
-4580
-5711
-6958
-8259
-8954
-9011
-9242
-9524
-9098
-8147
-7331
-6507
-5377
-3950
-2466
-1333
-182
1134
2096
2598
3199
3762
3590
3312
3428
3198
2850
3351
3921
3908
4198
5657
6941
6995
7053
7984
8594
7781
6633
6117
5162
3417
1823
345
-1327
-2976
-4311
-5523
-6752
-7858
-8438
-8726
-9130
-9366
-8986
-8148
-7482
-6830
-5795
-4274
-2840
-1839
-668
696
1668
2284
2946
3451
3642
3905
4083
4139
4461
4753
4615
4616
5479
6335
6187
6023
6711
7217
6712
5735
5219
4629
3377
1980
593
-1100
-2820
-3973
-5199
-6811
-7992
-8508
-8891
-9537
-9941
-9676
-9175
-8821
-8347
-7315
-6014
-4973
-3833
-2383
-955
228
1158
2085
2994
3330
3421
3654
3711
3882
4317
4548
4686
5630
6953
7250
7184
7751
8425
8194
7052
6177
5435
4195
2804
1539
83
-1479
-2643
-3506
-4623
-5762
-6295
-6537
-7066
-7688
-7807
-7532
-7371
-7287
-6981
-6071
-4941
-4188
-3425
-2193
-939
-74
749
1650
2329
2724
3012
3387
4018
4651
4987
5168
5909
7150
7440
6987
7128
7558
7200
6176
5456
4666
3357
2067
805
-741
-2270
-3193
-3834
-4966
-6297
-6883
-6872
-7162
-7758
-7753
-7135
-6740
-6442
-5864
-4896
-3816
-3038
-2405
-1564
-566
58
422
732
1067
1501
1799
1707
1936
2998
3755
3952
4688
6355
7527
7628
7947
8715
8898
8034
7018
6340
5092
3437
2173
870
-927
-2480
-3214
-4109
-5424
-6258
-6399
-6460
-6935
-7216
-6706
-6165
-6136
-6034
-5202
-4214
-3617
-2915
-2117
-1334
-600
-101
271
583
874
1122
1236
1418
2079
2882
3206
3683
5125
6444
6596
6656
7501
8026
7281
6207
5703
4896
3328
1887
750
-778
-2352
-3336
-4183
-5294
-6244
-6563
-6595
-6981
-7458
-7152
-6446
-6217
-6212
-5551
-4398
-3468
-2843
-2107
-1031
-102
393
562
677
905
1014
821
787
1474
2140
2305
2755
4144
5563
5867
6166
7268
8013
7635
6915
6625
5842
4320
2939
1742
194
-1561
-2554
-3129
-4339
-5440
-5726
-5741
-6206
-6837
-6654
-6081
-5863
-5809
-5306
-4213
-3363
-2734
-1896
-1027
-138
639
1162
1525
1822
2107
2197
2174
2579
3200
3472
3638
4740
6135
6258
6015
6836
7742
7281
6058
5507
5064
3694
2164
1096
-14
-1531
-2733
-3295
-4168
-5437
-6050
-6047
-6451
-7223
-7355
-6840
-6518
-6375
-5976
-4916
-3662
-2907
-2205
-1090
-16
657
1118
1557
1781
1888
1929
1784
2119
2717
2872
3031
4069
5459
5806
5734
6521
7496
7422
6442
5890
5427
4132
2652
1460
161
-1375
-2575
-3214
-4083
-5291
-5914
-5895
-6148
-6909
-7197
-6659
-6256
-6333
-6064
-5016
-3828
-3165
-2561
-1478
-423
233
679
1177
1619
1782
1829
1975
2505
3033
3113
3339
4349
5470
5651
5480
6115
6881
6474
5366
4854
4450
3222
1939
1001
-240
-1713
-2726
-3327
-4197
-5256
-5925
-6038
-6286
-6940
-7107
-6599
-6237
-6240
-5912
-5017
-3992
-3190
-2486
-1584
-543
202
682
1284
1732
1779
1671
1921
2590
2903
2834
3352
4793
5961
6071
6203
7096
7753
7288
6357
5893
5298
4041
2811
1791
527
-787
-1635
-2332
-3430
-4520
-4925
-5046
-5701
-6512
-6565
-6214
-6267
-6429
-6010
-5058
-4273
-3671
-2871
-1800
-855
-221
436
1085
1485
1770
2035
2425
3128
3596
3692
4084
5271
6331
6184
5895
6515
7200
6812
5698
5075
4558
3496
2334
1304
212
-903
-1586
-2059
-3000
-4020
-4325
-4352
-5037
-5973
-6172
-5853
-5869
-6116
-5821
-4862
-3961
-3361
-2633
-1649
-818
-317
207
657
723
626
658
980
1473
1647
1560
2112
3515
4563
4594
4735
5666
6387
5931
4929
4424
3865
2744
1498
429
-605
-1586
-2180
-2698
-3477
-4090
-4176
-4257
-4900
-5575
-5516
-5203
-5396
-5733
-5368
-4429
-3770
-3298
-2549
-1565
-828
-255
476
1013
1160
1177
1314
1725
2329
2598
2628
3228
4614
5606
5552
5502
6112
6574
5981
4870
4079
3282
2316
1360
293
-782
-1595
-2041
-2487
-3195
-3734
-3633
-3458
-4071
-4718
-4367
-3830
-3978
-4215
-3628
-2458
-1801
-1504
-742
291
767
865
1295
1569
1241
842
753
987
1195
1207
1359
2073
3338
4109
4175
4430
5156
5461
4765
3903
3312
2466
1371
276
-858
-1953
-2632
-2851
-3298
-4033
-4258
-3685
-3388
-4029
-4447
-3843
-3299
-3679
-4068
-3446
-2407
-2029
-1929
-1092
46
507
670
1219
1693
1494
1160
1260
1676
1920
1853
2065
2835
3929
4662
4785
4977
5540
5921
5475
4491
3696
2906
1939
819
-488
-1612
-2329
-2710
-3271
-4060
-4393
-4054
-3880
-4401
-4716
-4250
-3693
-3688
-3864
-3453
-2585
-1932
-1498
-896
-97
318
551
1069
1346
1063
715
653
803
1054
1162
1206
1819
3012
3919
4155
4388
5039
5392
4837
3906
3109
2183
1118
-127
-1515
-2766
-3645
-4047
-4488
-5196
-5444
-4933
-4391
-4585
-4767
-4130
-3329
-3114
-3164
-2602
-1630
-1030
-701
-23
988
1608
1825
2259
2611
2468
2215
2159
2270
2376
2351
2324
2660
3529
4269
4396
4393
4868
5321
4879
3913
3126
2395
1515
276
-1104
-2293
-3284
-3892
-4384
-5044
-5481
-5350
-5102
-5215
-5349
-4994
-4356
-4019
-3900
-3296
-2254
-1432
-906
-198
799
1681
2146
2493
2806
2663
2360
2260
2209
2249
2386
2493
2859
3768
4741
5113
5207
5703
6276
6019
5075
4092
3111
1982
691
-643
-1841
-2927
-3762
-4326
-4819
-5234
-5390
-5174
-5009
-5097
-4829
-4161
-3721
-3693
-3493
-2565
-1472
-947
-554
414
1533
2116
2386
2615
2615
2478
2155
1715
1599
1649
1471
1436
2132
3155
3527
3448
3851
4470
4367
3557
2852
2256
1391
228
-1059
-2139
-3210
-4182
-4775
-5292
-5798
-6044
-5912
-5724
-5747
-5609
-5014
-4252
-3841
-3527
-2610
-1438
-630
-152
601
1680
2365
2663
2946
3069
2870
2513
2270
2288
2466
2386
2351
3024
4214
4864
4892
5418
6376
6557
5788
4947
4250
3192
1775
369
-857
-2039
-3248
-4183
-4947
-5568
-6026
-6203
-6193
-6368
-6540
-6238
-5668
-5261
-5015
-4322
-3113
-2048
-1345
-590
530
1579
2308
2896
3306
3450
3408
3114
2939
3144
3110
2729
2886
3938
4740
4552
4546
5409
5958
5408
4547
4083
3391
2105
650
-697
-1892
-3155
-4183
-4848
-5527
-6155
-6348
-6170
-6167
-6303
-5987
-5202
-4511
-4231
-3722
-2576
-1421
-796
-236
853
1813
2331
2862
3251
3258
3101
2914
2739
2697
2682
2466
2481
3268
4336
4651
4530
5153
6051
6064
5288
4535
3902
2891
1516
120
-1215
-2591
-3806
-4638
-5303
-5893
-6347
-6484
-6338
-6382
-6487
-6008
-5240
-4924
-4792
-3988
-2679
-1660
-1112
-313
906
1692
2089
2487
2853
2884
2602
2304
2217
2472
2481
2097
2273
3448
4423
4337
4414
5398
6082
5733
5023
4633
4008
2677
1272
70
-1174
-2664
-3850
-4491
-5101
-5812
-6309
-6136
-5907
-6140
-6060
-5285
-4465
-4245
-3974
-2893
-1710
-1086
-656
262
1271
1614
1792
2158
2379
2126
1575
1254
1233
1335
1265
1204
1788
2923
3682
3979
4559
5332
5544
5124
4693
4261
3387
2092
770
-446
-1739
-3021
-3901
-4545
-5293
-5888
-5925
-5607
-5673
-5966
-5692
-4886
-4203
-3893
-3209
-1986
-969
-243
591
1732
2597
2986
3314
3638
3660
3233
2694
2237
1988
1915
1751
1797
2505
3484
4041
4457
5258
6085
6329
5992
5487
4824
3718
2335
931
-450
-1845
-3226
-4246
-4981
-5670
-6057
-6010
-5894
-6068
-6046
-5434
-4711
-4263
-4007
-3281
-2235
-1459
-722
246
1305
1854
2170
2668
2849
2578
2075
1638
1402
1278
1248
1169
1394
2133
2967
3643
4286
5062
5665
5756
5430
4810
3850
2625
1229
-244
-1746
-3192
-4326
-5231
-6217
-6869
-6945
-6782
-6677
-6621
-6244
-5626
-5009
-4370
-3737
-2968
-2085
-1119
-93
865
1734
2317
2711
2980
2918
2725
2326
1604
980
866
963
847
927
1724
2981
3870
4451
5399
6373
6674
6256
5757
5196
4105
2609
983
-559
-1996
-3306
-4386
-5304
-5967
-6255
-6244
-6054
-5930
-5711
-5262
-4581
-3794
-3219
-2571
-1666
-727
17
655
1485
2167
2507
2709
2884
2941
2588
2054
1694
1747
1875
1735
1860
2661
3706
4321
4745
5515
6248
6336
5783
5161
4398
3100
1530
-16
-1423
-2889
-4304
-5287
-6043
-6642
-6943
-6933
-6734
-6575
-6277
-5751
-5010
-4305
-3792
-3099
-2078
-1032
-291
340
1187
1874
2220
2391
2532
2500
2111
1645
1530
1897
2097
1958
2264
3370
4587
5254
5742
6507
7126
7105
6597
5960
4928
3317
1668
199
-1384
-3073
-4450
-5336
-6127
-6732
-6817
-6581
-6343
-6200
-5776
-5169
-4715
-4293
-3858
-3167
-2341
-1669
-958
-134
714
1251
1545
1879
2030
1877
1543
1217
1037
1070
1231
1342
1678
2654
3892
4740
5320
6122
6939
7094
6616
5922
4958
3626
2183
616
-1153
-2805
-4079
-5063
-5959
-6540
-6630
-6525
-6357
-6095
-5631
-5121
-4752
-4304
-3801
-3206
-2531
-1807
-1016
-300
431
1067
1573
2045
2365
2426
2260
2038
1906
2056
2276
2315
2548
3352
4398
4926
5211
5815
6386
6354
5748
5053
4222
2987
1534
31
-1489
-2764
-3822
-4708
-5498
-5981
-6008
-5918
-5778
-5556
-5204
-4740
-4312
-3833
-3422
-3019
-2333
-1555
-842
-309
268
898
1358
1754
1953
2022
2036
1972
1936
2076
2403
2628
2898
3696
4764
5347
5581
6085
6629
6554
5781
4880
3963
2706
1113
-589
-2202
-3523
-4466
-5254
-5972
-6412
-6366
-6125
-5913
-5645
-5276
-4834
-4430
-3982
-3545
-3189
-2591
-1785
-1028
-351
370
1126
1658
2069
2431
2656
2712
2552
2386
2612
3032
3109
3076
3641
4790
5524
5705
6047
6613
6712
6038
5171
4256
3020
1519
-89
-1789
-3303
-4396
-5238
-6025
-6561
-6570
-6406
-6327
-6124
-5775
-5388
-5067
-4677
-4295
-4040
-3574
-2843
-2137
-1564
-913
-85
609
1155
1629
1974
2174
2143
2058
2197
2670
2940
2844
3211
4387
5407
5521
5591
6344
6927
6492
5491
4661
3807
2429
742
-864
-2118
-3179
-4216
-5032
-5541
-5605
-5494
-5343
-5042
-4721
-4493
-4274
-3925
-3588
-3505
-3302
-2698
-2043
-1553
-941
-98
584
1049
1556
2006
2148
2090
1914
1906
2216
2503
2448
2604
3638
4829
5184
5227
5838
6558
6327
5234
4293
3475
2161
456
-1184
-2503
-3574
-4494
-5201
-5676
-5809
-5600
-5303
-4999
-4720
-4445
-4185
-3897
-3492
-3227
-2929
-2304
-1571
-900
-268
519
1336
1946
2426
2732
2971
3011
2675
2301
2397
2781
2681
2485
3167
4358
4978
5139
5676
6463
6566
5915
5180
4368
3065
1533
19
-1540
-2889
-3969
-4822
-5549
-5938
-5816
-5668
-5670
-5509
-5123
-4807
-4657
-4417
-4216
-4092
-3655
-3036
-2434
-1810
-1028
-135
591
1143
1520
1795
2074
2102
1737
1448
1776
2196
2124
2300
3350
4539
5003
5222
5885
6498
6269
5353
4452
3530
2165
495
-1105
-2405
-3413
-4324
-5135
-5625
-5708
-5584
-5413
-5177
-4966
-4789
-4473
-4027
-3671
-3530
-3025
-2127
-1449
-947
-151
879
1613
2109
2574
2841
2871
2808
2482
1973
1865
2260
2321
2120
2841
4280
5172
5359
5855
6828
7043
6258
5391
4706
3516
1681
9
-1360
-2696
-3929
-4900
-5587
-5961
-6007
-5862
-5795
-5780
-5624
-5302
-4896
-4660
-4579
-4194
-3332
-2509
-1918
-1095
25
1043
1749
2235
2588
2727
2739
2571
1950
1406
1529
1825
1596
1458
2342
3588
4153
4327
5010
5894
5916
5173
4510
3816
2637
1236
-190
-1674
-2889
-3634
-4264
-4890
-5228
-5145
-4890
-4743
-4657
-4526
-4272
-3884
-3601
-3470
-2979
-2123
-1442
-867
15
1149
1928
2351
2783
3117
3183
2959
2592
2088
1787
2051
2278
2068
2180
3296
4571
4930
4898
5477
6198
5891
4815
3800
2832
1563
8
-1608
-3058
-4131
-4920
-5695
-6337
-6541
-6394
-6259
-6162
-5942
-5654
-5290
-4975
-4705
-4179
-3321
-2439
-1689
-819
302
1351
2095
2648
2997
3097
3085
2954
2414
1629
1360
1724
2004
1787
2008
3370
4734
5143
5317
6052
6621
6225
5319
4397
3247
1776
237
-1265
-2675
-3814
-4584
-5157
-5580
-5763
-5762
-5565
-5298
-5186
-5095
-4671
-4153
-3943
-3723
-2982
-1937
-1144
-533
378
1559
2442
2790
2976
3193
3166
2785
2124
1354
836
853
1120
1090
1250
2352
3812
4515
4683
5299
6027
5876
4913
3901
2876
1428
-222
-1705
-2989
-4105
-4898
-5344
-5678
-5899
-5757
-5233
-4835
-4787
-4547
-3865
-3325
-3244
-3022
-2211
-1232
-567
95
1167
2290
3020
3487
3818
3917
3723
3464
3076
2264
1451
1423
1983
2024
1865
2772
4401
5302
5331
5690
6458
6403
5376
4221
3070
1535
-247
-1811
-3201
-4462
-5334
-5751
-6013
-6284
-6210
-5738
-5322
-5205
-5146
-4760
-4282
-4078
-3940
-3397
-2490
-1621
-833
38
1086
2035
2641
2905
2903
2725
2436
1976
1120
181
-65
379
543
316
900
2551
3869
4177
4481
5251
5508
4816
3819
2803
1401
-217
-1597
-2838
-3999
-4723
-4808
-4731
-4749
-4541
-3908
-3272
-3151
-3249
-3085
-2784
-2742
-2880
-2742
-2142
-1311
-529
315
1358
2430
3320
3823
3887
3656
3383
3177
2613
1553
746
893
1414
1375
1390
2433
3988
4774
4856
5214
5608
5237
4239
3091
1803
272
-1176
-2405
-3640
-4582
-4864
-4687
-4571
-4577
-4317
-3789
-3440
-3565
-3767
-3609
-3316
-3401
-3564
-3115
-2113
-1142
-369
551
1650
2650
3338
3595
3486
3153
2744
2250
1326
251
-237
16
231
60
435
1735
2962
3245
3176
3590
3995
3569
2460
1331
411
-472
-1457
-2430
-3154
-3379
-3134
-2865
-2832
-2760
-2309
-1805
-1823
-2225
-2405
-2248
-2172
-2352
-2309
-1727
-914
-202
496
1458
2477
3142
3433
3506
3344
2961
2549
1940
942
74
-20
321
175
-151
424
1718
2458
2333
2389
2900
2962
2203
1153
298
-486
-1294
-2050
-2836
-3368
-3397
-3112
-3017
-3135
-2947
-2490
-2299
-2559
-2823
-2758
-2620
-2717
-2800
-2421
-1613
-758
26
844
1783
2759
3447
3709
3668
3475
3171
2657
1832
811
71
-47
55
-243
-430
411
1671
2151
2066
2422
3097
3150
2556
1892
1290
604
-117
-788
-1536
-2154
-2334
-2259
-2368
-2667
-2738
-2449
-2312
-2709
-3177
-3209
-3023
-3173
-3450
-3183
-2360
-1545
-931
-107
1028
2100
2812
3176
3359
3258
2875
2298
1497
490
-372
-617
-598
-887
-1104
-344
991
1692
1799
2337
3297
3601
3133
2652
2362
1886
1088
281
-341
-823
-1148
-1320
-1554
-1796
-1809
-1662
-1667
-2072
-2497
-2489
-2310
-2502
-2829
-2553
-1716
-938
-377
493
1752
2807
3480
3916
4121
4029
3565
2769
1699
409
-746
-1355
-1629
-2079
-2360
-1694
-417
411
709
1372
2459
3002
2735
2279
1957
1448
608
-293
-1108
-1740
-2158
-2348
-2444
-2526
-2415
-2135
-1939
-2138
-2528
-2640
-2594
-2749
-3098
-3070
-2465
-1744
-1028
-127
1078
2213
2928
3416
3733
3677
3083
2154
1149
-105
-1470
-2299
-2484
-2690
-2973
-2305
-630
815
1601
2558
3976
4906
4944
4540
3980
3208
2205
1150
40
-1038
-1696
-1931
-2112
-2376
-2446
-2113
-1783
-1912
-2369
-2660
-2699
-2891
-3276
-3412
-2962
-2265
-1667
-899
221
1473
2408
2958
3290
3236
2688
1869
948
-332
-1856
-2829
-2964
-2963
-3172
-2682
-1004
764
1747
2691
4180
5412
5647
5283
4904
4344
3376
2198
1005
-37
-760
-1133
-1303
-1472
-1560
-1348
-995
-947
-1355
-1701
-1649
-1635
-2063
-2519
-2261
-1503
-928
-511
282
1535
2554
2959
3029
2974
2604
1767
624
-676
-2110
-3287
-3728
-3674
-3722
-3518
-2212
-245
1210
2074
3226
4587
5147
4784
4162
3553
2617
1380
214
-785
-1553
-1974
-2075
-2074
-2183
-2077
-1627
-1341
-1570
-2077
-2258
-2240
-2563
-3099
-3158
-2508
-1832
-1290
-491
604
1657
2268
2586
2683
2282
1498
484
-665
-1952
-3200
-3886
-3964
-3731
-3481
-2632
-727
1214
2457
3455
4811
5910
5869
5252
4770
4056
2816
1501
584
-145
-873
-1160
-976
-765
-738
-594
-180
-49
-469
-1069
-1382
-1586
-2221
-2836
-2841
-2484
-2239
-1953
-1185
-265
413
973
1437
1436
912
225
-519
-1510
-2746
-3870
-4253
-3843
-3354
-3009
-1997
61
2072
3209
4147
5421
6278
6026
5264
4566
3597
2377
1281
326
-657
-1423
-1450
-1025
-943
-1061
-588
292
515
-173
-659
-411
-427
-1256
-1986
-1800
-1361
-1225
-919
-174
605
1104
1519
1794
1532
891
227
-554
-1647
-2980
-3959
-4125
-3711
-3512
-3324
-1974
238
1883
2715
3832
5285
5948
5718
5388
5021
4119
2958
2170
1349
177
-554
-492
-379
-771
-1114
-852
-603
-1063
-1872
-2279
-2405
-2968
-3842
-4233
-4023
-3836
-3767
-3163
-2144
-1304
-597
147
682
701
521
364
-108
-954
-1851
-2424
-2590
-2436
-2214
-1897
-875
815
2249
3110
3983
5087
5825
5823
5440
4844
3988
3070
2262
1338
198
-492
-518
-428
-678
-942
-638
-134
-203
-796
-1220
-1297
-1644
-2439
-3058
-3077
-2959
-3060
-2855
-2252
-1741
-1279
-622
-89
-165
-456
-460
-670
-1434
-2373
-2948
-2988
-2758
-2538
-2381
-1667
-66
1554
2546
3381
4557
5647
6054
5922
5474
4855
4236
3613
2682
1404
538
397
245
-321
-753
-560
-136
-272
-853
-1326
-1535
-1815
-2470
-3102
-3355
-3298
-3181
-2996
-2609
-1945
-1002
-72
471
684
868
1077
996
412
-264
-796
-1167
-1336
-1377
-1313
-990
-23
1472
2642
3322
4166
5300
6012
5880
5342
4826
4301
3492
2273
983
-20
-569
-952
-1547
-2002
-1990
-1703
-1681
-1997
-2221
-2297
-2413
-2832
-3452
-3932
-4174
-4195
-4107
-3868
-3377
-2528
-1481
-627
-192
154
637
770
307
-396
-975
-1505
-1957
-2157
-2132
-1984
-1345
-1
1401
2376
3280
4655
5891
6212
5979
5711
5364
4612
3429
2195
1184
500
10
-532
-987
-1094
-943
-837
-979
-1185
-1458
-1790
-2208
-2924
-3654
-4122
-4226
-4191
-4125
-3692
-2931
-2066
-1319
-685
-25
489
703
590
212
-255
-801
-1373
-1721
-1755
-1567
-1091
-58
1348
2545
3577
4853
6219
6981
6923
6594
6174
5473
4406
3147
1864
761
89
-350
-843
-1208
-1132
-878
-926
-1159
-1367
-1661
-2197
-2883
-3536
-4147
-4545
-4646
-4571
-4279
-3655
-2704
-1776
-980
-264
370
749
659
298
-130
-736
-1569
-2271
-2433
-2183
-1963
-1557
-347
1362
2679
3595
4820
6133
6690
6543
6233
5783
4902
3767
2720
1679
709
130
-84
-350
-755
-802
-580
-667
-1198
-1802
-2223
-2776
-3579
-4410
-4948
-5061
-4999
-4703
-4007
-2996
-1872
-756
467
1443
1880
2000
1972
1606
835
-65
-893
-1600
-1944
-1783
-1485
-982
154
1769
3064
3944
5099
6266
6710
6453
6015
5423
4509
3463
2322
1143
244
-198
-558
-1166
-1597
-1554
-1461
-1842
-2546
-3231
-3958
-4798
-5736
-6591
-7236
-7511
-7347
-6790
-5870
-4771
-3486
-1961
-378
786
1459
1955
2250
2105
1498
779
60
-560
-715
-547
-442
-81
1194
2979
4225
5056
6311
7669
8144
7793
7257
6548
5476
4273
2935
1471
288
-314
-727
-1385
-1868
-1956
-1920
-2163
-2771
-3443
-3963
-4354
-4928
-5695
-6105
-5947
-5567
-5084
-4244
-3006
-1633
-150
1269
2228
2684
3061
3272
2760
1711
738
-126
-1070
-1740
-1801
-1550
-1151
-107
1610
3173
4234
5413
6811
7644
7587
7095
6488
5604
4298
2743
1153
-125
-1089
-2061
-2908
-3356
-3571
-3877
-4130
-4319
-4677
-5103
-5377
-5583
-6019
-6393
-6118
-5353
-4643
-3863
-2578
-964
567
1953
3115
3837
4238
4413
4087
3149
2074
1250
271
-894
-1460
-1261
-900
-399
848
2553
3833
4819
6154
7405
7719
7304
6755
6000
4738
3068
1367
-46
-1226
-2351
-3327
-3935
-4179
-4360
-4513
-4533
-4672
-4944
-5120
-5208
-5498
-5955
-5978
-5529
-4982
-4433
-3521
-2080
-582
666
1789
2889
3650
3864
3713
3207
2314
1246
226
-783
-1765
-2091
-1734
-1290
-763
572
2570
4088
5016
6002
7012
7314
6808
5946
4845
3528
2091
635
-722
-1820
-2560
-2935
-3051
-3119
-3141
-2933
-2608
-2677
-3255
-3778
-4137
-4627
-5326
-5729
-5516
-4962
-4215
-3132
-1572
166
1820
3350
4624
5376
5619
5472
4834
3620
2152
968
-249
-1658
-2380
-1965
-1333
-1062
-111
1865
3538
4242
4853
5826
6145
5423
4355
3315
2178
881
-384
-1365
-2001
-2374
-2427
-2149
-1803
-1740
-1776
-1597
-1666
-2460
-3533
-4171
-4618
-5430
-6139
-6021
-5207
-4320
-3268
-1583
417
2085
3384
4666
5598
5690
5118
4319
3249
1779
247
-1017
-2088
-2890
-2837
-2159
-1635
-914
653
2400
3345
3829
4507
5028
4788
4042
3269
2446
1593
853
208
-296
-537
-521
-519
-614
-794
-1087
-1428
-1957
-2896
-4103
-5025
-5612
-6256
-6802
-6731
-5980
-5014
-3872
-2292
-419
1366
2905
4233
5194
5580
5361
4783
3903
2509
866
-464
-1551
-2805
-3767
-3619
-2957
-2651
-2084
-457
1386
2362
3064
4203
5119
5152
4799
4607
4179
3350
2505
1799
1113
341
-225
-512
-835
-1364
-1950
-2277
-2615
-3399
-4393
-5012
-5260
-5661
-6099
-5922
-5067
-4101
-3164
-1843
-107
1591
3002
4151
5025
5476
5394
4894
3970
2498
824
-601
-1964
-3560
-4780
-4820
-4211
-3817
-3151
-1326
1094
2848
4089
5598
7102
7739
7552
7143
6564
5497
4036
2758
1712
550
-604
-1283
-1526
-1911
-2484
-2773
-2742
-3084
-3912
-4520
-4733
-5160
-5901
-6121
-5610
-4992
-4374
-3184
-1409
278
1709
3153
4467
5154
5052
4561
3750
2260
276
-1444
-2814
-4367
-5784
-5958
-4973
-3959
-2924
-825
2109
4496
6091
7668
9158
9725
9344
8518
7351
5717
3861
2098
483
-813
-1843
-2527
-2708
-2581
-2578
-2793
-2732
-2636
-3246
-4297
-4990
-5425
-6252
-7061
-7078
-6558
-5948
-4923
-3162
-1160
633
2340
3984
5203
5661
5459
4726
3478
1728
-232
-1989
-3528
-4906
-5770
-5464
-4240
-2994
-1606
693
3621
5784
6876
7876
8858
8887
7779
6441
5159
3462
1629
251
-713
-1597
-2200
-2092
-1698
-1562
-1601
-1557
-1577
-2118
-3201
-4461
-5592
-6653
-7696
-8359
-8344
-7737
-6682
-5033
-2799
-473
1739
3865
5672
6826
7168
6891
6092
4628
2598
522
-1229
-2757
-4083
-4791
-4360
-3077
-1737
-247
1960
4628
6633
7673
8462
8973
8585
7326
5864
4343
2497
678
-593
-1479
-2294
-2729
-2452
-1976
-1847
-1888
-1872
-1984
-2623
-3772
-5009
-6031
-6934
-7862
-8377
-8070
-7161
-5834
-3906
-1459
1000
3229
5473
7472
8451
8449
8073
7264
5495
3076
862
-1086
-3006
-4616
-5455
-5541
-4889
-3417
-1632
78
2068
4324
5955
6591
6748
6808
6274
4901
3273
1701
365
-560
-1291
-1987
-2306
-1911
-1302
-1081
-1102
-1076
-1278
-1898
-2842
-4176
-5650
-6696
-7194
-7634
-7855
-7216
-5631
-3709
-1670
698
3201
5480
7284
8407
8685
8314
7386
5775
3514
1072
-1179
-3195
-4828
-5895
-6439
-6344
-5216
-3482
-1986
-511
1612
3734
4680
4805
5050
5180
4491
3137
1834
738
-168
-765
-1241
-1549
-1490
-1018
-428
-151
-115
-289
-720
-1293
-2206
-3486
-4757
-5581
-6077
-6570
-6457
-5406
-3810
-1968
189
2710
5021
6908
8387
9170
9194
8474
7231
5357
2834
210
-2218
-4299
-5991
-7228
-7795
-7548
-6264
-4437
-2817
-1100
1185
3481
4733
5180
5608
5847
5402
4478
3499
2489
1588
1100
902
635
475
669
1081
1220
855
261
-424
-1224
-2389
-3859
-5150
-6077
-6685
-7053
-6902
-5993
-4429
-2447
-360
1786
3900
5737
7064
7557
7254
6488
5281
3334
787
-1720
-3842
-5679
-7178
-8160
-8288
-7684
-6420
-4449
-2353
-380
1657
3928
5749
6446
6554
6660
6532
5687
4382
3338
2670
2139
1666
1416
1608
1949
2195
2368
2204
1662
831
-215
-1556
-3312
-4984
-6262
-7233
-7998
-8330
-7718
-6373
-4656
-2751
-633
1660
3613
5058
5929
6105
5641
4570
3016
985
-1408
-3511
-5159
-6566
-7568
-7792
-7202
-6250
-4757
-2575
-367
1479
3303
5252
6434
6555
6413
6309
5748
4564
3389
2581
2003
1691
1571
1670
1992
2308
2569
2559
2109
1360
239
-1288
-3066
-4940
-6676
-8052
-8840
-9086
-8794
-7677
-5786
-3457
-1038
1454
3897
5914
7343
7932
7556
6538
5093
3150
638
-1954
-3951
-5364
-6452
-6994
-6613
-5424
-3961
-2194
74
2160
3603
4798
6054
6611
6050
5205
4618
3867
2565
1450
1099
1086
971
999
1463
2104
2435
2382
2120
1502
409
-1219
-3020
-4769
-6545
-8014
-8825
-8939
-8553
-7599
-5789
-3390
-940
1470
3892
5972
7299
7856
7867
7126
5601
3659
1686
-236
-2202
-3765
-4624
-5025
-5006
-4385
-3240
-2012
-844
680
2213
2970
3095
3380
3770
3380
2385
1766
1647
1476
1134
1138
1621
2192
2690
3101
3332
3324
3012
2436
1396
-181
-1931
-3526
-4952
-6440
-7768
-8378
-8222
-7626
-6760
-5413
-3513
-1454
406
2078
3555
4549
4937
4854
4374
3350
2064
805
-431
-1679
-2739
-3322
-3519
-3490
-3178
-2524
-1743
-1077
-518
76
577
735
657
653
762
691
493
558
968
1502
2112
2834
3585
4327
4985
5344
5315
4839
4002
2873
1473
-139
-1824
-3345
-4570
-5593
-6374
-6532
-6084
-5320
-4357
-3050
-1450
42
1260
2323
3138
3519
3553
3349
2826
2030
1184
355
-369
-1003
-1528
-1783
-1756
-1666
-1674
-1589
-1245
-979
-1077
-1144
-757
-417
-554
-521
181
966
1334
1845
2896
3990
4633
5111
5675
5995
5861
5442
4812
3881
2585
1177
-123
-1563
-3129
-4462
-5263
-5740
-6174
-6335
-5907
-5122
-4438
-3729
-2742
-1765
-1010
-223
607
1122
1174
1272
1513
1446
1119
972
1020
805
419
228
199
-7
-458
-743
-844
-1016
-1354
-1653
-1513
-1082
-822
-571
109
1269
2246
2863
3760
4839
5560
5771
5945
6062
5620
4912
4188
3193
1852
462
-590
-1674
-2970
-3981
-4579
-4979
-5388
-5683
-5651
-5445
-5146
-4739
-4334
-3793
-3243
-2764
-2217
-1606
-1031
-587
68
796
1166
1404
1766
2102
2089
1814
1642
1356
748
14
-545
-986
-1580
-2097
-2263
-2114
-1677
-1089
-369
572
1743
2885
3661
4375
5167
5632
5613
5413
5177
4620
3886
3173
2325
1380
506
-201
-901
-1700
-2435
-2996
-3440
-3907
-4440
-4810
-4919
-4948
-4962
-4874
-4477
-3792
-2953
-2033
-1037
18
1071
2129
3071
3625
3835
3975
3931
3388
2436
1629
872
-106
-1189
-2037
-2362
-2572
-2707
-2521
-2058
-1241
-401
339
1183
2107
2964
3355
3593
3890
3918
3741
3592
3398
2943
2470
2393
2239
1760
1328
921
469
-247
-1112
-1960
-2910
-3814
-4687
-5501
-6035
-6281
-6199
-5818
-5137
-4107
-2910
-1524
-93
1211
2341
3231
3933
4189
3985
3678
3113
2215
1145
226
-422
-1125
-1692
-1907
-1853
-1627
-1342
-937
-536
-264
120
457
604
654
813
1197
1375
1488
1777
2224
2867
3408
3889
4329
4633
4790
4525
3961
3165
2037
748
-722
-2345
-3927
-5295
-6243
-7030
-7584
-7566
-7087
-6272
-5343
-4283
-2982
-1729
-741
3
612
1158
1381
1321
1231
1191
1115
949
970
1123
1242
1444
1675
1837
1736
1437
1137
599
-204
-1107
-1853
-2217
-2499
-2752
-2666
-1986
-772
461
1713
3204
4757
6087
7014
7558
7709
7337
6574
5447
3904
2143
389
-1117
-2564
-3994
-5002
-5536
-5728
-5795
-5700
-5318
-4817
-4375
-3977
-3598
-3217
-2827
-2420
-1921
-1312
-577
221
1163
2223
3195
4105
4939
5526
5619
5239
4575
3589
2184
491
-1182
-2706
-4109
-5219
-5831
-5984
-5585
-4594
-3230
-1673
108
2103
4000
5498
6595
7345
7627
7432
6839
5916
4782
3592
2385
1162
38
-953
-1812
-2464
-2992
-3468
-3968
-4396
-4713
-5114
-5546
-5848
-5933
-5803
-5504
-4885
-3896
-2661
-1252
233
1755
3283
4625
5611
6198
6317
6009
5266
4106
2633
995
-638
-2245
-3630
-4634
-5231
-5424
-5188
-4497
-3527
-2421
-1034
526
1836
2841
3739
4559
4949
4853
4635
4409
4044
3486
2869
2306
1797
1309
833
331
-208
-815
-1456
-2120
-2921
-3839
-4630
-5193
-5680
-6045
-6110
-5762
-5094
-4240
-3148
-1830
-421
991
2271
3295
4028
4439
4544
4301
3691
2763
1729
728
-275
-1189
-1843
-2169
-2258
-2117
-1728
-1138
-493
157
789
1285
1567
1683
1822
1767
1402
1026
896
890
765
688
929
1372
1753
2077
2436
2747
2885
2842
2584
2059
1302
428
-467
-1477
-2565
-3484
-4106
-4466
-4684
-4679
-4323
-3702
-2961
-2214
-1485
-847
-355
28
257
260
137
18
-130
-312
-392
-292
0
391
820
1332
1881
2349
2615
2690
2615
2362
1870
1199
425
-415
-1230
-1804
-2053
-2134
-2015
-1484
-532
533
1550
2618
3731
4674
5267
5571
5618
5317
4728
3953
2967
1878
827
-74
-859
-1672
-2375
-2824
-3071
-3298
-3554
-3721
-3794
-3880
-4049
-4239
-4400
-4469
-4427
-4258
-3961
-3478
-2820
-1944
-903
107
1065
2011
2866
3450
3630
3521
3254
2744
1938
965
51
-819
-1649
-2298
-2761
-3018
-3038
-2755
-2222
-1590
-888
-73
819
1644
2308
2869
3468
4033
4406
4595
4702
4754
4733
4576
4189
3629
2948
2173
1285
181
-1090
-2355
-3485
-4571
-5649
-6515
-7001
-7155
-7082
-6761
-6088
-5141
-4022
-2775
-1512
-341
680
1662
2537
3112
3391
3544
3682
3652
3342
2904
2560
2326
1977
1508
1144
875
548
125
-316
-733
-1172
-1563
-1774
-1773
-1705
-1531
-958
-79
727
1422
2289
3346
4215
4743
5112
5281
5149
4701
3948
2949
1767
503
-743
-1892
-2998
-3979
-4680
-5101
-5348
-5510
-5490
-5222
-4876
-4563
-4205
-3708
-3119
-2562
-2040
-1436
-750
-33
768
1654
2428
3101
3842
4563
5074
5257
5207
5029
4620
3860
2923
1945
917
-134
-1149
-2004
-2674
-3098
-3287
-3207
-2836
-2367
-1778
-978
-14
836
1538
2294
3052
3568
3789
3896
3974
3874
3560
3116
2570
1897
1032
20
-1049
-2198
-3368
-4484
-5565
-6541
-7351
-7933
-8167
-8075
-7718
-7028
-5930
-4547
-3059
-1500
114
1668
3036
4225
5210
5892
6257
6320
6125
5703
5012
4182
3337
2444
1536
703
-43
-697
-1309
-1878
-2331
-2771
-3124
-3372
-3575
-3530
-3186
-2707
-2089
-1159
-15
1157
2381
3625
4748
5641
6225
6561
6505
5989
5129
3928
2409
647
-1226
-3007
-4621
-6011
-7086
-7799
-8072
-7949
-7484
-6716
-5675
-4489
-3224
-1894
-632
493
1514
2410
3126
3661
4038
4357
4610
4760
4804
4768
4701
4495
4150
3710
3134
2411
1570
661
-331
-1362
-2299
-3130
-3833
-4369
-4671
-4650
-4369
-3773
-2857
-1803
-615
661
1898
2984
3863
4541
4951
5039
4850
4352
3615
2746
1765
688
-410
-1402
-2220
-2886
-3362
-3611
-3670
-3623
-3443
-3156
-2861
-2579
-2248
-1879
-1526
-1199
-887
-517
-99
309
740
1220
1693
2153
2630
3021
3299
3483
3582
3497
3187
2679
2042
1340
509
-383
-1263
-2072
-2810
-3455
-3923
-4240
-4386
-4310
-4052
-3633
-3037
-2313
-1541
-704
125
857
1455
1933
2328
2588
2688
2712
2672
2544
2329
2029
1669
1260
816
365
-49
-532
-1040
-1477
-1864
-2221
-2579
-2831
-2985
-3066
-3006
-2798
-2406
-1888
-1234
-436
404
1297
2143
2892
3578
4168
4593
4751
4715
4531
4077
3353
2491
1572
600
-392
-1335
-2190
-2961
-3653
-4197
-4528
-4706
-4773
-4656
-4350
-3892
-3277
-2505
-1685
-855
63
1050
1973
2814
3602
4281
4761
5044
5107
4939
4597
4082
3397
2563
1630
678
-235
-1110
-1861
-2512
-3062
-3435
-3640
-3693
-3604
-3334
-2904
-2396
-1853
-1280
-670
7
678
1328
1936
2439
2859
3193
3408
3443
3303
3080
2736
2242
1660
1045
391
-314
-1012
-1711
-2361
-2927
-3416
-3785
-4013
-4097
-4063
-3886
-3579
-3129
-2536
-1818
-989
-95
789
1651
2499
3245
3873
4353
4634
4721
4633
4388
3975
3366
2629
1857
1050
197
-625
-1363
-1982
-2528
-2965
-3233
-3341
-3367
-3286
-3101
-2858
-2560
-2243
-1870
-1446
-1055
-692
-325
46
414
711
1014
1323
1586
1763
1878
1919
1825
1552
1143
700
223
-382
-1069
-1669
-2186
-2667
-3090
-3307
-3302
-3186
-2895
-2387
-1750
-1026
-188
690
1562
2374
3099
3769
4313
4651
4802
4794
4631
4358
3967
3517
3012
2445
1869
1253
599
-38
-691
-1358
-1963
-2530
-3063
-3489
-3808
-4049
-4204
-4241
-4124
-3878
-3562
-3117
-2547
-1965
-1346
-673
-50
527
1064
1538
1909
2115
2250
2278
2133
1907
1622
1304
964
579
158
-209
-561
-895
-1164
-1345
-1464
-1516
-1439
-1288
-1090
-808
-436
-27
402
874
1379
1895
2426
2938
3376
3734
4005
4152
4171
4079
3875
3541
3107
2566
1906
1189
400
-448
-1329
-2215
-3073
-3855
-4534
-5042
-5368
-5499
-5419
-5116
-4614
-3965
-3168
-2271
-1312
-374
536
1394
2148
2798
3309
3592
3701
3668
3464
3103
2616
2042
1417
770
60
-633
-1303
-1956
-2547
-3089
-3552
-3922
-4150
-4189
-4064
-3802
-3336
-2694
-1904
-986
32
1128
2251
3319
4248
5038
5645
6013
6131
5975
5561
4869
3918
2830
1617
317
-962
-2165
-3254
-4160
-4904
-5447
-5747
-5844
-5725
-5402
-4915
-4268
-3487
-2625
-1694
-711
294
1250
2115
2892
3564
4104
4472
4695
4732
4562
4253
3823
3243
2539
1757
902
4
-918
-1801
-2555
-3164
-3607
-3886
-4006
-3901
-3658
-3292
-2782
-2191
-1518
-770
44
902
1728
2493
3176
3771
4198
4466
4593
4550
4343
3960
3441
2824
2068
1227
369
-533
-1400
-2207
-2897
-3447
-3865
-4141
-4247
-4194
-4049
-3785
-3414
-2970
-2472
-1944
-1390
-807
-231
309
785
1224
1592
1851
2057
2242
2340
2314
2237
2140
1952
1658
1316
920
510
98
-313
-688
-1007
-1263
-1466
-1611
-1700
-1719
-1661
-1540
-1316
-989
-561
-90
413
965
1537
2121
2692
3176
3527
3792
3952
3959
3830
3534
3079
2482
1762
971
124
-731
-1549
-2294
-2966
-3555
-4016
-4352
-4565
-4644
-4557
-4359
-4073
-3681
-3220
-2739
-2226
-1630
-999
-388
178
748
1291
1780
2242
2645
2976
3201
3317
3296
3118
2791
2364
1871
1283
629
-22
-646
-1233
-1722
-2098
-2385
-2545
-2555
-2464
-2277
-2001
-1623
-1199
-777
-296
225
741
1245
1733
2169
2528
2843
3102
3265
3286
3191
2986
2601
2109
1544
859
74
-693
-1448
-2213
-2927
-3548
-4025
-4358
-4579
-4630
-4529
-4295
-3885
-3323
-2688
-1991
-1186
-355
448
1228
1998
2737
3346
3861
4319
4647
4794
4836
4742
4446
3996
3428
2771
1985
1114
205
-714
-1601
-2358
-2976
-3509
-3884
-4066
-4073
-3913
-3575
-3061
-2425
-1727
-963
-103
768
1557
2335
3055
3639
4110
4449
4635
4627
4427
4095
3607
2901
2081
1197
231
-764
-1713
-2604
-3446
-4166
-4735
-5090
-5271
-5280
-5013
-4579
-4034
-3314
-2514
-1688
-823
70
915
1650
2284
2841
3298
3561
3695
3737
3613
3346
2977
2502
1914
1254
560
-147
-850
-1541
-2197
-2771
-3256
-3626
-3850
-3960
-3912
-3694
-3370
-2940
-2407
-1791
-1109
-408
311
1060
1756
2396
3012
3525
3857
4052
4119
4038
3776
3387
2916
2322
1636
906
160
-604
-1325
-1977
-2539
-2978
-3312
-3513
-3573
-3480
-3226
-2853
-2395
-1829
-1200
-560
85
695
1252
1778
2229
2584
2882
3071
3160
3164
3032
2758
2409
1997
1497
914
273
-353
-962
-1560
-2054
-2470
-2814
-3025
-3125
-3106
-2982
-2767
-2428
-1971
-1458
-899
-316
256
857
1440
1978
2483
2895
3211
3441
3540
3515
3377
3107
2723
2235
1629
942
237
-466
-1150
-1810
-2383
-2852
-3244
-3494
-3570
-3533
-3364
-3057
-2659
-2188
-1661
-1099
-533
-16
461
910
1277
1577
1825
2016
2157
2250
2264
2202
2087
1921
1692
1413
1091
758
394
-59
-508
-905
-1280
-1614
-1866
-2010
-2060
-2037
-1914
-1678
-1369
-1021
-608
-175
219
629
1006
1322
1613
1869
2083
2224
2285
2302
2258
2101
1897
1668
1392
1074
706
288
-141
-583
-1061
-1504
-1900
-2255
-2512
-2682
-2811
-2866
-2835
-2745
-2585
-2353
-2052
-1726
-1377
-963
-549
-172
203
538
803
1042
1262
1428
1508
1532
1514
1433
1253
1021
802
554
261
-12
-236
-435
-607
-723
-761
-776
-737
-616
-478
-346
-184
6
197
391
592
772
930
1057
1185
1328
1424
1497
1542
1535
1470
1389
1274
1066
801
529
229
-129
-497
-829
-1132
-1422
-1632
-1752
-1853
-1926
-1933
-1844
-1714
-1545
-1305
-1029
-745
-449
-133
214
537
840
1145
1366
1553
1727
1848
1899
1889
1830
1682
1492
1251
958
648
327
16
-284
-548
-773
-940
-1083
-1193
-1243
-1247
-1212
-1142
-1018
-873
-730
-546
-320
-91
146
411
674
935
1184
1414
1656
1842
1951
2014
1975
1813
1559
1217
779
265
-291
-846
-1402
-1931
-2361
-2703
-2980
-3123
-3146
-3082
-2924
-2680
-2359
-1973
-1557
-1108
-629
-164
287
721
1125
1499
1815
2075
2264
2374
2426
2399
2259
2029
1753
1406
980
511
39
-437
-896
-1298
-1628
-1896
-2094
-2201
-2238
-2183
-2034
-1821
-1544
-1210
-833
-414
18
433
837
1226
1597
1931
2203
2404
2519
2549
2515
2411
2211
1928
1566
1154
691
159
-363
-844
-1313
-1714
-2036
-2294
-2452
-2508
-2468
-2335
-2147
-1883
-1545
-1182
-793
-368
82
533
969
1369
1706
1989
2189
2318
2364
2312
2181
1960
1662
1301
900
443
-54
-546
-1017
-1456
-1849
-2151
-2347
-2455
-2452
-2363
-2229
-2033
-1758
-1409
-1000
-543
-55
438
929
1413
1876
2289
2615
2863
3023
3066
3008
2819
2524
2152
1712
1227
716
173
-375
-902
-1385
-1789
-2114
-2349
-2500
-2576
-2558
-2444
-2247
-1956
-1610
-1228
-850
-457
-37
402
837
1211
1519
1784
1993
2102
2140
2100
1966
1742
1439
1041
579
91
-416
-897
-1331
-1706
-2014
-2253
-2396
-2422
-2342
-2163
-1909
-1618
-1282
-907
-499
-63
372
764
1089
1357
1589
1755
1851
1915
1932
1908
1835
1693
1477
1204
895
549
186
-170
-523
-891
-1251
-1557
-1818
-1992
-2086
-2131
-2113
-2037
-1887
-1673
-1416
-1142
-842
-542
-239
99
422
686
909
1089
1200
1260
1275
1233
1151
1021
851
669
461
244
11
-214
-380
-516
-619
-676
-700
-660
-558
-446
-315
-175
-41
105
270
451
603
726
858
983
1079
1176
1269
1335
1406
1458
1496
1528
1495
1418
1322
1159
943
690
397
82
-236
-554
-844
-1095
-1328
-1492
-1609
-1688
-1701
-1667
-1593
-1494
-1343
-1151
-947
-735
-519
-330
-170
-23
103
221
324
406
477
534
558
544
490
425
377
323
237
107
-24
-142
-281
-429
-568
-692
-804
-901
-961
-948
-861
-734
-586
-421
-216
17
282
573
848
1096
1320
1510
1644
1737
1788
1786
1751
1657
1511
1315
1061
775
467
161
-160
-469
-771
-1047
-1276
-1492
-1654
-1750
-1821
-1846
-1827
-1765
-1647
-1481
-1277
-1045
-793
-532
-252
25
291
546
772
959
1114
1217
1272
1281
1235
1131
940
705
443
191
-44
-283
-507
-718
-890
-1028
-1129
-1174
-1145
-1021
-844
-631
-380
-95
204
496
784
1047
1281
1471
1623
1713
1737
1684
1571
1429
1233
971
648
322
-12
-337
-636
-955
-1261
-1537
-1766
-1961
-2113
-2198
-2232
-2226
-2198
-2089
-1909
-1672
-1379
-1038
-673
-300
86
458
807
1117
1389
1613
1783
1893
1929
1911
1837
1717
1542
1320
1074
800
525
256
19
-182
-380
-547
-663
-732
-748
-719
-648
-517
-350
-144
101
369
659
937
1205
1434
1610
1741
1804
1801
1744
1633
1457
1226
949
639
304
-28
-348
-663
-977
-1257
-1501
-1723
-1892
-2006
-2059
-2070
-2031
-1945
-1812
-1640
-1434
-1184
-919
-641
-367
-84
208
471
715
933
1115
1230
1295
1303
1241
1130
948
714
469
223
-39
-297
-523
-745
-939
-1080
-1163
-1207
-1221
-1164
-1037
-873
-689
-458
-203
47
284
536
791
1004
1178
1314
1422
1478
1465
1372
1224
1040
805
525
228
-69
-388
-735
-1062
-1346
-1599
-1813
-1943
-2005
-2008
-1956
-1845
-1667
-1439
-1182
-886
-544
-199
139
451
748
1009
1231
1427
1582
1692
1755
1770
1719
1610
1462
1264
1018
758
489
222
-14
-229
-423
-581
-695
-758
-767
-725
-628
-460
-245
-3
244
503
768
1025
1232
1374
1494
1556
1564
1517
1403
1247
1033
777
481
150
-205
-565
-882
-1184
-1454
-1706
-1894
-2017
-2108
-2145
-2136
-2071
-1945
-1763
-1529
-1264
-982
-686
-387
-66
263
563
843
1085
1292
1426
1494
1502
1449
1369
1267
1159
995
822
632
440
265
86
-71
-217
-325
-403
-454
-459
-422
-348
-240
-96
56
214
393
578
784
969
1101
1180
1206
1175
1092
953
751
508
216
-104
-425
-781
-1122
-1437
-1731
-1972
-2154
-2281
-2344
-2328
-2280
-2189
-2041
-1841
-1600
-1335
-1051
-753
-454
-163
115
381
612
799
969
1101
1193
1259
1278
1257
1216
1132
1016
881
737
604
460
310
172
52
-54
-106
-123
-103
-56
25
147
282
412
531
656
772
872
947
986
989
970
922
842
717
552
369
151
-71
-287
-510
-733
-956
-1157
-1321
-1444
-1530
-1583
-1594
-1563
-1484
-1373
-1241
-1085
-886
-668
-452
-214
19
244
440
607
763
883
973
1015
1022
1010
966
903
829
736
642
552
458
361
276
213
145
89
60
69
119
186
257
344
433
527
631
714
803
889
951
970
938
887
809
716
600
446
263
48
-166
-384
-607
-820
-990
-1131
-1277
-1385
-1470
-1509
-1495
-1454
-1377
-1303
-1204
-1091
-959
-808
-635
-460
-312
-171
-44
74
182
278
367
435
482
511
503
469
419
370
324
266
214
164
114
73
56
32
20
40
75
142
196
236
276
310
347
372
374
361
329
284
237
189
121
65
4
-52
-119
-207
-296
-380
-449
-515
-576
-649
-697
-734
-766
-787
-789
-769
-727
-654
-570
-472
-372
-249
-111
26
153
275
390
484
584
669
726
775
813
832
837
855
883
895
884
851
810
763
704
636
567
495
424
344
248
146
38
-64
-165
-244
-305
-350
-380
-415
-455
-491
-506
-502
-496
-481
-453
-423
-393
-376
-351
-318
-304
-288
-270
-283
-327
-370
-394
-417
-451
-482
-517
-541
-559
-566
-561
-538
-499
-432
-330
-225
-98
31
159
300
455
614
760
913
1057
1173
1261
1325
1373
1407
1419
1403
1372
1312
1223
1122
992
840
669
477
293
100
-92
-276
-444
-593
-725
-836
-932
-982
-997
-983
-949
-908
-842
-767
-676
-591
-505
-396
-293
-206
-148
-113
-80
-60
-35
-23
-39
-70
-118
-165
-226
-295
-363
-440
-512
-565
-606
-635
-647
-642
-616
-574
-526
-460
-378
-285
-183
-67
48
148
254
344
424
513
577
629
666
660
636
604
551
478
399
314
235
153
76
9
-46
-98
-151
-189
-217
-219
-205
-182
-150
-92
-20
29
67
108
144
172
182
174
161
150
142
123
93
57
15
-34
-85
-138
-161
-175
-181
-171
-171
-163
-139
-106
-63
-7
49
107
175
242
302
365
427
492
555
618
683
739
760
749
733
693
647
587
505
421
320
211
99
-13
-125
-232
-340
-446
-547
-636
-689
-723
-742
-748
-754
-746
-728
-705
-676
-650
-609
-551
-481
-411
-348
-283
-219
-168
-128
-98
-69
-49
-33
-24
-24
-26
-44
-55
-55
-56
-56
-53
-32
10
61
102
145
196
252
307
372
438
500
573
637
689
738
783
819
831
823
802
766
715
651
569
465
355
234
109
-11
-141
-270
-393
-506
-607
-687
-743
-789
-823
-840
-854
-850
-828
-786
-731
-660
-569
-468
-363
-261
-153
-47
30
93
150
184
219
257
265
267
262
249
235
191
140
101
59
5
-51
-72
-84
-90
-73
-46
-22
10
63
114
153
202
244
287
339
374
410
441
462
480
483
468
432
393
343
272
196
113
34
-44
-123
-198
-280
-364
-434
-476
-508
-529
-532
-526
-491
-451
-410
-351
-275
-182
-103
-29
40
104
171
217
273
331
370
407
430
425
382
338
277
201
130
49
-30
-105
-176
-244
-305
-340
-364
-371
-388
-380
-346
-313
-270
-222
-152
-78
-8
64
132
201
268
316
369
413
430
438
421
391
356
322
279
220
160
96
35
-28
-92
-138
-183
-223
-257
-287
-316
-328
-303
-269
-229
-191
-143
-102
-67
-39
-5
33
59
94
108
122
115
97
86
74
69
49
32
8
-19
-43
-69
-86
-89
-81
-69
-60
-60
-62
-46
-16
14
48
87
121
159
191
210
203
178
157
134
108
55
0
-68
-133
-195
-264
-343
-443
-529
-604
-657
-680
-698
-710
-693
-652
-597
-532
-465
-379
-279
-162
-43
76
207
327
458
582
682
760
834
898
943
965
960
938
907
851
786
696
590
485
379
270
153
45
-66
-151
-207
-256
-298
-323
-332
-334
-313
-283
-251
-204
-155
-111
-62
-13
17
61
96
109
125
119
88
37
-7
-68
-146
-213
-277
-345
-435
-525
-591
-633
-678
-713
-737
-724
-692
-655
-595
-522
-419
-321
-213
-112
-8
100
195
297
387
476
553
606
632
631
618
599
579
540
498
453
412
359
289
227
153
77
24
1
-22
-40
-57
-65
-46
-18
1
13
33
68
116
148
160
157
137
130
97
62
19
-35
-74
-134
-208
-287
-369
-458
-530
-574
-617
-654
-670
-663
-652
-643
-623
-579
-512
-430
-324
-205
-76
47
164
283
390
500
592
666
719
762
782
767
758
709
637
560
465
366
242
122
7
-96
-184
-275
-347
-414
-472
-514
-542
-554
-557
-524
-451
-370
-307
-239
-167
-100
-21
64
132
199
267
314
345
354
355
346
325
277
213
161
111
68
18
-37
-87
-139
-181
-218
-240
-243
-218
-180
-135
-81
-23
54
147
244
335
407
487
559
627
689
709
701
675
626
558
477
377
253
134
9
-135
-281
-429
-570
-708
-820
-907
-965
-1008
-1046
-1035
-997
-945
-874
-785
-673
-540
-384
-234
-96
33
166
300
405
472
508
533
541
548
518
482
443
371
298
232
155
58
-28
-97
-160
-199
-232
-256
-251
-226
-185
-132
-59
17
125
243
356
459
538
610
651
677
685
679
663
617
551
456
337
191
37
-118
-272
-408
-548
-679
-792
-893
-971
-1030
-1048
-1033
-992
-930
-852
-740
-595
-435
-262
-92
68
218
374
516
644
761
833
903
942
954
938
879
790
668
541
392
243
101
-49
-185
-308
-421
-536
-623
-684
-720
-707
-678
-623
-537
-427
-298
-155
-8
142
305
453
583
698
767
807
836
839
822
773
684
574
456
330
174
16
-141
-307
-453
-599
-738
-835
-915
-976
-993
-962
-912
-839
-742
-625
-508
-385
-249
-93
81
247
419
534
610
663
685
687
671
642
588
532
470
389
290
163
18
-107
-228
-315
-374
-431
-465
-475
-458
-434
-394
-335
-268
-192
-115
-19
94
203
291
350
411
447
446
453
437
392
339
253
163
78
-20
-122
-217
-295
-376
-436
-471
-507
-523
-510
-478
-417
-352
-283
-205
-125
-33
75
180
270
351
425
481
509
521
513
492
455
390
312
214
107
-1
-92
-184
-302
-379
-433
-463
-471
-473
-446
-405
-349
-280
-196
-112
-17
76
156
241
320
381
439
503
549
561
553
521
456
383
290
183
68
-48
-158
-262
-348
-440
-518
-581
-633
-653
-644
-617
-574
-513
-442
-345
-247
-146
-11
121
249
346
431
509
552
590
610
603
583
543
501
443
367
281
183
76
-36
-137
-228
-307
-358
-386
-416
-419
-413
-401
-349
-311
-274
-216
-141
-59
22
100
154
197
246
275
276
291
287
271
255
219
177
96
15
-65
-144
-185
-237
-269
-298
-321
-316
-334
-331
-293
-242
-189
-151
-85
-25
23
87
143
200
246
292
321
338
339
318
285
238
183
132
81
13
-42
-92
-122
-153
-179
-194
-211
-218
-224
-210
-186
-156
-113
-71
-33
12
56
83
107
126
148
163
157
138
131
124
105
71
28
-6
-43
-88
-121
-152
-178
-193
-200
-218
-234
-225
-206
-161
-101
-58
-8
37
69
104
131
152
184
225
242
239
231
220
201
180
157
126
93
61
24
-29
-64
-101
-134
-152
-169
-177
-197
-194
-171
-146
-136
-126
-92
-55
-19
23
54
86
121
146
169
175
181
192
205
210
188
155
119
95
73
41
-10
-61
-87
-118
-145
-174
-192
-202
-214
-192
-164
-137
-113
-89
-55
-51
-36
-7
9
33
59
94
110
111
118
129
137
132
125
104
72
61
60
50
34
14
-8
-23
-42
-59
-71
-80
-86
-91
-84
-95
-102
-81
-71
-71
-67
-67
-65
-60
-55
-48
-42
-37
-35
-23
-6
5
19
33
46
58
57
60
59
65
71
86
99
107
112
118
113
83
53
17
-7
-16
-26
-34
-43
-56
-75
-85
-111
-128
-128
-124
-109
-91
-73
-67
-48
-28
-2
21
31
51
82
113
141
152
143
124
105
96
81
64
49
30
8
-13
-39
-74
-105
-141
-157
-156
-155
-161
-162
-154
-158
-152
-128
-94
-48
-10
21
57
71
80
106
132
154
164
170
176
174
160
141
113
85
60
37
16
4
-11
-44
-73
-93
-95
-88
-81
-81
-79
-80
-58
-32
0
40
57
69
82
91
106
131
140
140
142
154
157
137
119
91
67
39
4
-13
-32
-59
-90
-120
-140
-149
-165
-189
-201
-188
-172
-143
-127
-123
-108
-86
-57
-38
5
48
66
61
57
50
54
71
85
98
98
109
102
72
29
-15
-35
-63
-82
-89
-91
-84
-95
-106
-109
-114
-120
-118
-104
-86
-65
-48
-28
-4
26
41
48
77
88
95
98
99
103
105
110
107
104
91
67
38
-14
-68
-87
-101
-100
-96
-90
-78
-77
-71
-65
-60
-62
-65
-53
-20
15
46
69
89
108
108
110
115
120
123
127
137
150
141
132
118
87
56
28
19
15
14
-1
-5
-15
-32
-52
-68
-83
-106
-113
-108
-90
-83
-74
-43
-16
-7
-2
-10
-11
-2
4
-2
-5
-3
5
27
37
36
41
31
-1
-42
-69
-89
-99
-98
-85
-74
-49
-24
-14
2
3
-11
-29
-35
-30
-16
5
31
42
43
57
66
75
74
54
36
31
43
55
59
52
37
27
28
25
13
-16
-39
-47
-49
-24
4
20
22
5
-1
-3
0
-1
-12
-19
-35
-42
-27
6
34
51
39
5
-22
-31
-22
-19
-17
-29
-26
-24
-19
-11
-2
-3
-7
-6
-19
-29
-36
-45
-45
-38
-31
-24
-15
-11
-11
-14
-19
-26
-33
-39
-36
-26
-17
-5
-8
-6
-3
-5
-10
-16
-26
-21
-1
14
16
4
1
6
-1
-1
14
35
33
22
22
15
11
10
4
12
18
21
36
40
40
37
38
47
56
69
70
79
65
52
43
30
26
20
23
17
4
-8
-13
-21
-28
-35
-36
-32
-24
-9
5
14
22
23
28
38
39
36
36
39
36
38
46
46
32
19
15
31
40
38
24
-1
-15
-31
-48
-68
-84
-78
-72
-63
-57
-55
-34
-11
6
13
-1
-29
-45
-51
-61
-54
-35
-20
-4
-4
-14
-31
-38
-32
-25
-24
-35
-42
-36
-31
-20
-19
-33
-43
-56
-59
-50
-35
-23
0
21
22
28
17
1
-17
-22
-21
-23
-13
6
29
