0
0
0
1
0
1
0
0
0
0
-1
0
0
0
0
0
-1
0
0
0
1
1
0
0
-1
0
0
1
0
0
-1
1
0
0
0
0
-1
0
0
0
0
0
0
0
0
0
0
0
1
0
0
0
-1
0
1
0
0
1
-1
0
-1
-1
0
0
0
0
0
0
0
0
-1
0
-1
1
0
1
1
0
0
0
0
0
0
0
0
0
0
0
0
0
0
1
0
-1
0
0
0
0
0
0
-1
0
0
-1
0
0
0
0
0
0
0
1
1
0
0
0
0
0
0
0
-1
0
0
0
0
0
0
-1
-1
0
0
0
0
0
1
0
1
-1
0
0
-1
0
0
0
1
0
0
0
0
0
0
0
1
0
1
0
0
0
-1
-1
0
0
0
0
1
0
-1
0
0
0
0
1
0
-1
0
0
0
0
0
1
0
0
0
0
0
0
0
0
0
0
1
0
0
0
0
0
0
0
0
0
0
0
0
0
-1
-1
0
0
0
0
0
0
-1
0
0
-1
0
0
0
0
0
0
0
0
0
0
0
0
0
0
0
0
0
-1
0
0
1
0
0
-1
1
0
0
0
0
0
0
0
0
0
0
-1
1
0
0
-1
0
0
0
1
0
-1
0
0
0
0
0
0
0
1
-1
0
-1
0
-1
-1
0
0
0
1
0
0
0
0
0
1
0
-1
-1
0
0
0
0
0
0
0
-1
0
-1
0
1
0
0
0
0
1
0
0
0
0
0
-1
-1
0
0
0
0
-1
0
1
0
1
0
0
0
0
-1
0
0
0
-1
0
0
0
0
0
0
0
0
-1
0
0
0
1
0
1
0
-1
0
1
0
0
-1
0
0
0
0
0
0
1
0
1
0
0
0
0
0
1
0
1
0
0
0
1
0
0
0
0
0
-1
0
0
0
0
0
0
0
0
0
-1
0
0
0
0
0
0
0
0
0
0
1
0
1
0
0
1
0
0
1
0
0
1
0
0
1
0
0
0
0
0
0
0
0
0
0
0
1
0
0
-1
0
0
-1
0
-1
0
0
1
1
0
0
0
-1
0
0
0
0
0
0
1
0
0
-1
0
0
0
0
-1
0
1
0
0
0
0
0
-1
0
0
0
0
0
0
0
1
0
0
0
0
0
-1
0
0
0
0
0
1
0
0
0
0
0
0
0
1
0
-1
0
-1
1
0
0
0
0
-1
0
-1
0
0
0
0
-1
1
0
0
0
1
0
-1
0
1
1
0
-1
0
0
0
0
0
0
0
0
-1
0
0
0
0
1
-1
0
0
-1
0
0
0
0
0
1
1
0
0
0
-1
-1
0
0
0
1
0
0
0
0
0
0
1
0
0
-1
0
0
1
0
0
0
0
0
1
0
0
-1
0
0
0
0
0
0
0
0
1
0
0
0
0
0
0
0
0
1
0
0
0
0
0
0
-1
0
0
0
0
1
0
0
1
0
0
0
1
-1
0
-1
0
0
0
1
0
0
0
0
0
0
1
0
0
0
0
0
0
0
0
0
-1
0
0
0
1
0
0
0
1
0
0
0
0
0
0
0
0
0
0
1
0
1
0
-1
0
0
-1
0
0
0
-1
0
0
0
-1
0
-1
1
-1
1
0
0
0
0
0
1
0
1
0
0
0
0
0
0
0
0
0
0
0
1
0
0
-1
0
0
0
0
0
0
0
0
0
0
-1
0
0
1
0
0
-1
0
0
0
0
0
0
0
0
-1
0
1
0
0
0
0
1
0
0
0
0
0
-1
0
0
-1
0
0
0
0
0
0
0
0
0
0
0
1
1
1
1
0
0
-1
1
0
0
0
0
0
0
0
0
0
0
0
0
1
0
0
1
0
1
0
0
1
0
0
0
0
1
0
0
-1
0
0
1
1
0
0
-1
0
-1
-1
0
0
0
1
1
0
-1
0
1
0
0
0
0
1
0
1
-1
0
1
0
0
0
-1
0
0
0
1
0
-1
0
-1
-1
0
0
1
0
0
0
1
1
0
0
1
1
-1
0
-1
0
0
0
1
0
0
0
0
-1
0
0
-1
0
0
-1
-1
1
0
0
0
0
-1
0
1
0
0
0
-1
1
0
1
0
1
-1
0
0
0
-1
0
0
0
0
0
0
0
0
0
0
0
0
0
0
0
0
0
1
0
0
0
0
1
0
0
0
0
0
0
0
0
0
0
0
0
0
0
0
0
0
0
0
0
1
0
0
0
0
-1
0
0
1
0
0
0
0
0
-1
0
0
0
0
0
0
-1
0
0
-1
0
0
0
-1
0
0
0
0
-1
0
0
0
0
0
0
0
0
0
0
0
0
0
0
0
-1
0
0
0
-1
0
-1
0
-1
0
0
0
0
1
0
0
0
0
-1
1
0
0
0
0
0
1
0
0
0
0
0
0
1
0
0
0
0
-1
0
-1
0
0
0
0
0
0
0
0
0
0
0
0
0
0
0
0
0
1
0
1
1
0
1
0
0
0
0
0
1
0
1
0
0
0
1
0
0
-1
0
0
1
0
-1
0
0
0
0
-1
-1
1
0
0
1
0
0
1
0
0
0
-1
1
0
0
0
0
0
0
-1
0
0
0
0
0
0
0
0
0
0
0
0
0
0
0
0
0
0
0
0
-1
0
-1
0
-1
0
0
0
0
0
-1
0
-1
1
0
0
0
0
0
-1
0
-1
0
-1
0
0
0
0
-1
0
-1
0
1
0
0
0
0
0
0
1
0
0
0
0
0
0
-1
0
0
0
0
0
0
0
0
1
0
1
1
0
0
0
0
0
0
0
0
0
0
1
0
1
0
0
0
0
0
0
0
1
0
0
0
1
0
1
1
0
0
0
0
-1
0
0
1
0
0
0
0
0
0
0
0
0
0
0
0
0
-1
0
0
0
0
0
0
0
0
0
-1
0
1
0
0
0
0
0
0
0
-1
1
0
0
0
1
0
1
0
0
0
0
0
0
0
-1
0
1
0
0
0
1
0
0
0
0
-1
1
1
0
0
1
0
0
0
0
0
0
0
0
-1
0
0
0
0
1
0
0
0
0
0
0
-1
-1
1
0
0
1
0
0
-1
0
-1
1
0
1
0
0
0
0
1
-1
0
0
0
0
0
0
0
0
0
0
0
0
0
0
-1
0
0
0
0
1
0
0
0
0
0
0
0
0
-1
0
0
0
-1
0
0
1
0
-1
0
0
0
0
1
1
1
0
0
-1
0
0
-1
0
0
0
0
-1
0
0
0
0
0
0
1
0
0
0
0
0
1
0
0
0
0
0
0
0
-1
1
-1
0
-1
0
0
0
0
-1
0
0
0
0
0
0
0
0
0
1
0
0
0
0
0
0
0
0
0
0
0
0
0
0
-1
0
0
0
1
0
0
0
0
-1
0
-1
0
1
0
0
1
0
0
0
0
0
0
0
0
0
0
1
-1
0
-1
0
0
-1
0
0
0
0
-1
0
0
0
0
0
1
0
0
0
0
0
0
0
-1
0
0
0
0
0
0
-1
0
0
0
0
0
0
-1
0
-1
0
0
0
0
1
0
0
0
0
0
0
0
0
0
0
0
0
1
0
0
0
0
1
0
-1
0
1
0
0
0
0
0
0
0
-1
-1
0
0
0
1
0
-1
0
0
-1
0
0
0
-1
0
0
1
0
0
0
0
0
0
1
0
0
0
0
1
0
0
0
1
1
0
0
0
0
0
0
1
0
1
0
0
0
1
0
0
0
-1
1
1
0
-1
0
0
0
0
0
0
0
0
0
0
0
1
0
1
0
0
0
0
0
-1
0
1
0
1
-1
-3
-7
-14
-24
-35
-40
-29
3
54
110
153
167
147
86
-27
-169
-305
-396
-418
-369
-260
-113
33
206
385
454
374
290
450
778
941
780
388
-75
-639
-1223
-1520
-1339
-663
299
1297
2023
2099
1599
795
-204
-1323
-2242
-2586
-2280
-1422
-262
856
1619
1868
1787
1446
786
9
-629
-1067
-1457
-1895
-2291
-2518
-2463
-1892
-631
1057
2600
3488
3602
3062
1899
146
-1888
-3600
-4518
-4504
-3613
-2169
-674
651
1996
3307
3948
3381
2178
2200
3821
5163
4993
3426
1289
-904
-3387
-5300
-5278
-3249
320
4371
7331
8055
6371
3366
-53
-3753
-6971
-8500
-7744
-4996
-1258
2143
4082
4431
3737
2414
577
-1545
-3146
-3747
-3820
-4003
-4457
-4953
-5138
-4510
-2647
249
3284
5396
6162
5829
4335
1329
-2637
-6310
-8568
-8842
-7401
-5129
-2493
213
2552
4708
6172
5650
3242
1635
3168
6067
7110
5707
3225
581
-2651
-5961
-7407
-6324
-2771
2434
7124
9531
8781
5786
1958
-2391
-6390
-8854
-8780
-5702
-1053
3225
5737
6055
5048
3307
1114
-1241
-3078
-3625
-3096
-2375
-2481
-3532
-4838
-5526
-4707
-2396
615
3477
5596
6787
6306
3553
-738
-5100
-8027
-9084
-8580
-6692
-3947
-1013
1787
4163
5763
5899
4376
2427
2580
5162
7218
7209
5565
3274
608
-3169
-6571
-7488
-5620
-1239
3822
7627
8999
7287
4125
612
-3354
-6580
-7660
-6083
-2433
1560
4134
4914
4338
2948
1286
-530
-2008
-2427
-1921
-1046
-811
-1978
-3973
-5687
-6041
-4742
-2318
892
4254
6772
7622
5991
1913
-3014
-7113
-9622
-10233
-9158
-6574
-2903
589
3266
5255
6167
5695
3961
2067
2523
5176
7088
7277
6132
3935
628
-3934
-7334
-7575
-5470
-1338
3682
7093
7803
6142
3295
95
-3579
-6646
-7309
-5515
-2258
1198
3244
3536
2662
1129
-471
-1898
-3041
-3287
-2432
-1308
-1087
-2547
-4875
-6271
-6041
-4206
-1086
2451
5664
7730
7797
5267
596
-4190
-7664
-9538
-9621
-8035
-5204
-1743
1622
4118
5479
5895
5299
3417
1055
1046
3776
6324
7420
6849
4893
1956
-2540
-6480
-7607
-6184
-2188
2704
6060
7235
6373
4314
1508
-2032
-4987
-5740
-4367
-1648
1359
3078
3276
2604
1442
247
-1129
-2432
-2482
-1549
-868
-1322
-3039
-4777
-5404
-4618
-2437
488
3463
6005
7185
6503
3760
-805
-5246
-8050
-9179
-8678
-6915
-4079
-566
2330
4117
4998
5034
4209
2340
-53
-222
2815
5929
7388
7133
5207
2341
-1936
-6054
-7292
-5995
-2596
1907
5431
7043
6424
4042
1157
-2028
-4702
-5172
-3838
-1465
1361
2950
3122
2826
1899
498
-1214
-2871
-3382
-2687
-1909
-1989
-2994
-4098
-4132
-3257
-1794
395
2788
4767
5557
4545
1923
-1905
-5481
-7326
-7785
-7148
-5541
-3163
-436
1723
2727
2995
3137
2929
1705
-201
-214
2910
6529
8276
7807
5474
2059
-2344
-6437
-8248
-7520
-4145
809
4957
7027
6834
4995
2335
-599
-3214
-4459
-3828
-1846
692
2475
2779
2417
1839
1010
-298
-1914
-2685
-2328
-1684
-1600
-2155
-2890
-3246
-2730
-1513
264
2262
3531
3928
3363
1290
-1874
-4718
-6223
-6661
-6366
-5172
-3114
-829
641
1285
1848
2485
2661
1756
413
1282
4998
8513
9753
8607
5695
2019
-2743
-7315
-9319
-8446
-4568
812
5220
7335
7059
5344
2735
-450
-3281
-4674
-4145
-2200
208
1769
1936
1487
742
50
-1061
-2429
-2690
-1686
-241
523
53
-1134
-2371
-2872
-2154
-621
1138
2996
4704
5204
3605
230
-2896
-4669
-5727
-5936
-5128
-3756
-2125
-775
185
957
1617
2353
2530
1518
1234
3821
7362
8924
8055
5496
2100
-2242
-7209
-10037
-9376
-5816
-530
4273
7310
7897
6237
3816
916
-2578
-4950
-5129
-3623
-1444
128
790
899
776
587
146
-722
-1239
-861
-333
-449
-1372
-2737
-3858
-3772
-2354
-350
1569
3219
4320
4478
3345
855
-2092
-4061
-4967
-5334
-5328
-4905
-3813
-2340
-933
483
1906
3363
4293
3508
2518
3828
6448
7631
6717
4598
2014
-1672
-6119
-8603
-8237
-5339
-570
4043
7006
7595
6232
4004
1011
-2328
-4547
-4844
-3539
-1542
-31
655
798
769
543
-147
-1117
-1791
-1898
-1294
-716
-1243
-2329
-3092
-3021
-1945
-604
659
2176
3562
4095
3365
1248
-1338
-3281
-4549
-5254
-5628
-5697
-4551
-2582
-630
1374
3248
4920
5756
4526
2249
2060
4264
6326
6886
5830
3716
958
-2803
-6339
-7572
-6010
-1967
2875
6219
7517
6861
4797
2462
-193
-2689
-3713
-3108
-1462
202
948
890
367
-261
-574
-1219
-2234
-2271
-1291
-258
-390
-1830
-3126
-3728
-3696
-2865
-1479
149
1937
3273
3488
2198
-585
-3071
-4153
-4787
-5600
-6284
-5791
-3839
-1931
-262
2109
4417
5796
5647
3792
1939
2254
4320
6101
6359
4986
2932
3
-4064
-7089
-7458
-4987
-387
3943
6632
7235
5911
4071
1793
-1170
-3254
-3653
-2881
-1423
-280
144
177
-230
-728
-1297
-2349
-3029
-2286
-674
556
456
-793
-1837
-2617
-3083
-2669
-1670
-133
1690
3180
3717
2496
150
-1616
-2941
-4732
-6310
-6604
-5430
-3214
-937
1226
3559
5217
5768
4789
2090
499
2094
4692
6233
6202
4742
2597
-912
-5099
-7473
-7201
-4059
469
4345
6945
7612
6647
4782
2038
-1175
-3482
-4186
-3574
-2445
-1830
-1481
-1139
-1167
-1326
-1912
-2879
-2763
-1640
-483
45
-462
-1410
-2414
-2936
-2565
-1978
-1268
266
2423
4013
3934
2362
473
-917
-2403
-4183
-5321
-5250
-3595
-877
1655
3830
5713
6802
6694
4793
1906
1201
3515
5912
6610
5771
3985
1395
-2762
-6941
-8433
-7011
-3412
1098
4863
6857
6675
5245
3323
285
-3185
-5044
-4750
-3388
-2086
-1438
-1011
-726
-1183
-1911
-2696
-3335
-2657
-981
602
1211
162
-1395
-2529
-3377
-3735
-3514
-2209
334
2667
3896
3548
1466
-905
-2752
-4730
-6415
-6792
-5532
-2748
183
2287
4128
5628
6229
5531
3192
765
814
3370
5912
6595
5941
4792
2209
-1897
-5444
-6770
-5250
-1470
2666
5853
7278
6447
4689
2580
-592
-3846
-5448
-5124
-3822
-2765
-2276
-1568
-886
-851
-1199
-1800
-2003
-1072
80
604
543
-314
-1168
-1772
-2429
-2488
-2254
-1564
-10
1471
2403
2111
438
-1129
-2523
-4298
-5541
-5783
-4869
-2590
-122
1767
3406
4746
5388
4662
2193
-424
-300
2308
4876
6294
6169
5058
2787
-1285
-4724
-5929
-4723
-907
3226
6298
7520
6428
5084
3085
-207
-2916
-4478
-4426
-3105
-2185
-1780
-1615
-1695
-1582
-1465
-1728
-1484
-171
1324
2512
2500
864
-1086
-2643
-3333
-3256
-3047
-1951
-8
1853
2939
2142
20
-1701
-2838
-4034
-5092
-5476
-4712
-2704
-747
786
2532
3999
4800
4561
2576
-323
-1052
1674
4849
6298
6241
5481
4171
723
-3444
-5127
-3929
-503
3367
6348
7672
6598
4931
3115
-14
-3350
-5490
-5668
-4524
-3729
-3336
-2753
-2084
-1624
-1199
-930
-912
-437
324
880
727
-735
-2388
-3216
-3429
-3411
-3364
-2681
-1128
622
1934
2135
1061
-187
-910
-1760
-3007
-4102
-4436
-3565
-1908
-49
2024
3854
5079
5161
3288
65
-1905
-216
2994
5007
6024
5709
4326
1405
-2913
-5338
-5269
-3127
654
3655
5417
5636
4604
3502
1024
-2353
-4630
-5372
-4576
-3401
-2663
-1900
-932
77
1051
1423
1060
1225
1844
1859
1305
-7
-1537
-2476
-2960
-2677
-2419
-2581
-1740
41
1650
2392
1896
1129
747
-312
-2166
-3758
-4805
-4630
-3074
-1102
1211
3380
4918
5572
4491
1876
-416
-30
2499
4632
5833
5856
4780
2719
-917
-3989
-4734
-3307
-35
3087
5085
5797
4983
3625
1277
-2158
-4876
-6158
-5794
-4432
-3418
-2547
-1463
-436
256
216
-346
-356
307
717
712
76
-1444
-2769
-3606
-4001
-3917
-3793
-2397
139
2245
3355
2939
1714
555
-877
-2610
-3988
-4447
-3812
-2205
-301
1790
3842
4989
5485
4811
2461
-612
-2288
-310
2892
4706
5937
6010
4901
2169
-1906
-4082
-4269
-2824
104
2382
3766
3690
2617
1540
-899
-3655
-5138
-5180
-3899
-2540
-1551
-674
133
666
727
425
-293
-676
-366
-362
-1048
-2115
-2953
-3292
-3478
-3328
-2899
-2158
-741
920
2300
2646
1645
323
-858
-2213
-3575
-4475
-4338
-2862
-794
1147
3155
4724
5186
4822
3570
1112
-1663
-1693
1666
4731
6470
7319
7136
6069
2582
-1506
-3312
-3387
-1899
82
1842
2870
2345
2008
1542
-364
-2281
-3505
-3495
-2467
-2082
-1946
-1141
-194
510
941
629
96
137
173
164
-92
-967
-1560
-1822
-1870
-1718
-1778
-1292
-148
1067
2011
1906
836
-454
-1867
-3057
-3784
-4379
-4225
-3029
-1474
124
1139
1783
2516
2167
764
-1082
-2662
-1648
1427
4070
6101
7049
6487
4818
1280
-2460
-3880
-3577
-1793
790
2718
3832
4040
3735
2630
156
-2063
-3121
-3216
-2401
-1748
-1314
-490
181
397
213
-422
-928
-743
-620
-783
-1109
-1846
-2208
-2233
-2295
-2013
-1824
-1484
-673
182
931
922
387
27
-524
-1443
-2201
-2696
-2863
-2245
-1020
319
1679
2747
3214
3002
1617
-620
-2097
-1238
1534
4348
6392
7378
6746
4322
411
-3045
-4496
-4437
-2978
-741
1321
2634
2782
2491
1512
-440
-2066
-2874
-2794
-2175
-1719
-935
-71
312
524
384
-87
-372
-370
-391
-550
-907
-1365
-1512
-1386
-1259
-1409
-1634
-1292
-821
-126
795
1012
851
394
-262
-953
-2150
-3144
-3254
-2398
-724
1000
2552
3915
4769
4680
3215
835
-1392
-1749
691
4067
6678
7933
7718
6374
3149
-926
-3709
-4791
-3990
-2100
-45
1561
2168
2476
2141
703
-1035
-2749
-3648
-3436
-3127
-2763
-2436
-2111
-1527
-1452
-1546
-1658
-1878
-1812
-1694
-1482
-1416
-1442
-1080
-746
-687
-734
-854
-590
348
1619
2318
1997
1116
34
-912
-1841
-2666
-2759
-1804
226
2374
3670
4282
4280
3357
1389
-1232
-3467
-3613
-971
3098
6691
8464
8521
7134
3827
-644
-4632
-6623
-6085
-4230
-1914
298
1769
2708
2825
1932
477
-1190
-1958
-1445
-736
-422
-559
-734
-772
-1037
-1669
-2389
-2679
-2537
-1968
-1206
-931
-565
35
207
-129
-1033
-1893
-2342
-2128
-1041
-275
-391
-793
-1283
-1647
-2008
-2328
-1950
-822
624
1879
2423
2217
1832
1541
884
-272
-1611
-1676
1083
5079
8178
9856
9883
8556
5396
650
-3602
-6301
-6753
-4827
-2061
425
2189
3370
4399
4298
2581
586
-518
-959
-1329
-1866
-2641
-3155
-3388
-3348
-2949
-2794
-2513
-1566
-291
832
1141
1057
1125
616
-575
-1855
-2965
-3587
-3320
-2316
-925
143
318
356
399
-43
-441
-743
-781
-167
445
832
1267
1616
1877
1860
1205
2
-1174
-630
2314
5574
7560
8411
8044
5993
1974
-2791
-6226
-7621
-6949
-4365
-977
1930
4102
5747
6423
5280
2815
498
-1061
-2316
-3602
-4836
-5417
-5102
-4288
-3100
-1987
-1284
-574
576
1506
1432
762
30
-729
-1676
-3004
-4132
-4628
-4518
-3350
-1512
-48
720
1127
1313
897
-74
-1085
-1595
-1684
-1299
-298
683
1510
2467
3202
3304
2395
878
396
1830
4414
6579
7699
7665
6238
3282
-1115
-5217
-7499
-7401
-4771
-1203
2142
4842
6742
7724
6660
3975
940
-2043
-4133
-5319
-5902
-6020
-5630
-4242
-2479
-1285
-783
-528
74
943
1604
1565
846
85
-963
-2160
-3365
-4563
-4783
-3915
-2362
-468
976
1830
2090
1616
796
-136
-1102
-1607
-1437
-1038
-407
568
1476
2120
2537
2648
2164
974
393
1633
3788
5478
6508
6554
5099
2319
-1262
-4308
-5649
-5077
-2713
390
3299
5758
6921
6936
5729
3010
19
-2765
-4745
-5796
-6260
-5662
-4312
-2733
-1170
34
477
510
806
1029
930
622
-63
-938
-2051
-3342
-4379
-5240
-5360
-4240
-2351
-310
1163
2026
2436
2082
1034
-290
-1510
-2364
-2593
-2282
-1509
-110
1420
2748
3714
3962
3373
1972
537
338
1739
3474
4795
5578
5092
3457
756
-2120
-3633
-3912
-2859
-544
1823
3897
5297
5821
5234
2938
188
-2373
-4691
-6004
-6108
-5264
-4095
-2785
-1293
-161
352
538
885
1408
1424
908
-181
-1648
-3104
-4586
-5481
-5608
-5160
-3946
-1873
488
2141
2887
2968
2506
1520
166
-986
-1830
-2456
-2358
-1668
-483
1051
2356
3331
3748
3580
2469
747
-162
655
2318
3781
5039
5477
4746
3071
606
-1818
-3359
-3532
-2041
20
2095
4219
5511
5618
4286
1721
-1175
-4019
-6061
-6888
-6844
-5786
-3879
-1700
287
1540
2043
2020
1796
1342
546
-436
-1611
-2515
-3223
-4034
-4541
-4616
-4000
-2651
-886
1021
2401
3056
3054
2348
999
-712
-2127
-3011
-3250
-2470
-872
1185
3128
4384
4923
4608
3524
1944
-22
-1157
-383
1557
3754
5400
5878
4930
2565
-264
-2336
-3162
-2485
-392
2235
4523
5868
5875
4568
2011
-1388
-4404
-6484
-7438
-6863
-5412
-3685
-1743
-50
1078
1356
852
406
145
-308
-675
-1065
-1864
-2839
-3704
-4211
-4284
-3965
-3012
-1371
494
2009
2670
2504
1685
285
-1196
-2475
-3164
-2972
-2004
-601
872
2183
3004
3283
3082
2437
1238
-340
-1702
-1885
-483
1593
3551
5213
5992
5434
3913
1787
-145
-1396
-1686
-617
951
2172
2911
3151
2724
1301
-630
-2360
-3924
-4917
-4810
-3950
-2656
-1131
364
1366
1561
1041
289
2
-105
-409
-819
-1540
-2145
-2510
-2992
-3374
-3329
-2760
-1716
-331
802
1350
1719
1922
1299
-2
-1063
-1587
-1990
-2231
-1885
-839
367
1191
1887
2365
2099
1167
70
-1082
-1913
-1422
713
3396
5620
7046
7221
6153
3642
327
-2185
-3183
-2654
-1210
673
2632
3835
4060
3462
1843
-419
-2752
-4329
-4529
-3994
-2910
-1332
219
1140
1386
1271
816
172
-310
-536
-764
-1094
-1467
-1817
-2391
-3082
-3444
-3321
-2642
-1560
-241
1062
1962
2373
2064
1159
170
-1061
-2088
-2363
-2123
-1484
-596
528
1636
2153
2310
2057
1030
-399
-1870
-2599
-1699
379
2660
4500
5499
5367
4087
1823
-757
-2445
-2986
-2108
-214
1521
2768
3176
2917
1835
-302
-2390
-3753
-4148
-3665
-2908
-1848
-654
238
719
664
398
-61
-407
-170
74
160
-29
-622
-1361
-2360
-3090
-3482
-3525
-2754
-1460
163
1381
1936
2132
1650
854
2
-1084
-1926
-2150
-1664
-794
37
963
1730
2180
2490
2345
1560
486
-322
-618
-183
1245
3002
4413
5215
5176
4211
2162
29
-1500
-2439
-2473
-1773
-487
685
1245
1623
1235
-32
-1217
-2291
-2903
-2950
-2777
-2238
-1557
-819
-188
217
667
976
932
720
585
465
-16
-802
-1605
-2304
-2604
-2680
-2429
-1671
-541
934
2165
2879
3139
2701
1694
407
-1073
-2357
-3271
-3506
-2811
-1476
260
1701
2594
3110
2756
1529
-37
-1399
-2263
-2426
-968
1766
4350
6214
7235
7220
5755
2901
-292
-2759
-3871
-3609
-2604
-970
785
2054
2640
2122
768
-1232
-3143
-3918
-3998
-3868
-3307
-1960
-198
912
1520
1775
1165
244
-369
-939
-1633
-2279
-2514
-2366
-2355
-2410
-2504
-2610
-2059
-737
598
1529
2046
2247
2034
1114
-263
-1621
-2526
-2622
-2149
-1153
282
1553
2253
2397
2168
1247
-214
-1295
-1812
-1788
-899
1051
3662
5760
6729
6614
5215
2807
-184
-2938
-4386
-4330
-3004
-1168
846
2738
3605
3439
2355
682
-1074
-2581
-3198
-3171
-2886
-1966
-648
717
1763
2039
1917
1433
762
-46
-1135
-1782
-1966
-2230
-2487
-2615
-2663
-2672
-2415
-1627
-725
137
978
1363
1179
589
-264
-1129
-1834
-2283
-2373
-2163
-1442
-268
860
1855
2604
2797
2536
2073
1526
845
269
401
1228
2575
4217
5480
5661
4763
3413
1489
-864
-2391
-2684
-2168
-1141
259
1497
1789
1518
1005
-36
-1191
-1940
-2207
-2124
-1635
-664
277
774
1246
1445
834
-145
-825
-1351
-2071
-2437
-2197
-1788
-1616
-1517
-1368
-1614
-2011
-2094
-1907
-1488
-903
-217
477
921
889
290
-595
-1252
-1886
-2499
-2541
-1873
-657
676
1815
2688
2855
2329
1504
452
-536
-1050
-807
500
2387
3832
4683
4845
3996
2394
261
-1798
-2662
-2309
-1472
-549
299
1029
1545
1490
1021
502
-192
-828
-1088
-1175
-1240
-1250
-815
-142
55
27
-269
-740
-879
-1121
-1464
-1608
-1664
-1419
-1266
-1367
-1322
-1495
-1573
-1100
-412
375
1129
1780
2266
2140
1436
579
-459
-1501
-2148
-2264
-1872
-993
345
1577
2264
2641
2429
1395
82
-1105
-1929
-2179
-1797
-939
152
1382
2443
2959
2761
2029
1371
743
50
-130
170
686
1316
1867
2216
2001
1544
1258
680
179
-4
-187
-86
211
506
703
572
344
-12
-600
-1148
-1554
-1842
-1867
-1541
-1042
-770
-904
-1151
-1393
-1705
-1869
-1740
-1442
-913
-297
254
664
775
582
175
-203
-556
-1058
-1441
-1474
-1258
-732
104
871
940
459
20
-380
-838
-1282
-1322
-920
-394
570
1732
2546
2917
3055
3444
2836
745
-891
-1714
-1936
-1813
-1569
127
2050
2754
3040
2474
1343
223
-792
-998
-1272
-1451
-449
584
1132
1010
370
239
-15
-387
-458
-738
-954
-970
-935
-1009
-1322
-1551
-1460
-975
-390
65
723
1078
1112
1165
669
-289
-1555
-2559
-2658
-2710
-2817
-2216
-1335
-500
67
309
456
-188
-1184
-1737
-2202
-2470
-2080
-946
716
2358
3610
4455
4599
3856
2589
1128
-156
-888
-1066
-570
492
1660
2416
2777
2761
2329
1550
727
330
50
-291
-359
-261
-351
-207
129
418
478
340
549
511
120
-137
-558
-918
-1052
-1038
-909
-878
-781
-508
-245
-97
189
466
385
15
-363
-733
-1259
-1715
-1869
-1772
-1527
-1426
-1446
-1436
-1454
-1344
-1178
-940
-724
-599
-195
297
607
819
937
1255
1504
1491
1501
1176
853
650
209
-27
-37
115
529
886
1310
1776
2011
2134
1804
1139
519
22
-298
-628
-545
-82
314
931
1547
1753
1448
1004
772
299
-366
-874
-1059
-1140
-1171
-853
-564
-619
-664
-513
-577
-851
-997
-1112
-1316
-1464
-1731
-2189
-2485
-2749
-3040
-3195
-2922
-2166
-1303
-379
530
1083
1143
964
701
47
-909
-1248
-936
-472
177
1019
1832
2313
2306
1895
1139
301
-142
-111
223
703
1266
1702
1987
2094
1690
974
223
-286
-420
-397
-169
247
754
1233
1397
1493
1699
1523
1258
1173
1012
678
156
-143
-277
-694
-884
-532
-248
-285
-349
-346
-475
-786
-1097
-1403
-1822
-2127
-2119
-2010
-1999
-1845
-1547
-1090
-518
-163
-41
-79
-131
-338
-701
-844
-726
-435
125
799
1127
1183
1452
1578
1299
874
640
790
881
905
1147
1267
1227
1310
1196
855
473
174
43
-95
-189
-220
21
534
944
1035
1019
1124
990
494
32
-343
-786
-996
-983
-927
-951
-903
-585
-499
-530
-331
-188
-256
-354
-508
-778
-1084
-1251
-1252
-1291
-1255
-1110
-965
-836
-603
-395
-499
-501
-190
106
238
248
290
269
78
-16
45
59
71
194
379
680
831
804
894
915
708
316
-82
-231
-352
-358
-126
110
438
651
855
1127
1042
713
527
586
601
294
151
369
402
278
241
193
-130
-594
-645
-557
-671
-773
-597
-320
-316
-420
-671
-1015
-1390
-1753
-1936
-1885
-1640
-1350
-1001
-467
-113
-226
-339
-234
-194
-389
-458
-219
83
299
611
987
1032
908
981
1029
943
1004
1082
1143
1328
1542
1658
1595
1492
1346
1065
856
845
836
888
1088
1252
1182
1009
771
403
-6
-228
-327
-528
-372
39
178
125
165
251
40
-269
-388
-397
-464
-655
-686
-687
-910
-1180
-1427
-1718
-1920
-1978
-1880
-1603
-1398
-1196
-1017
-904
-794
-928
-1171
-1207
-1093
-944
-826
-601
-336
-217
-36
198
375
370
304
510
593
419
312
409
613
718
911
1222
1364
1400
1565
1706
1638
1579
1583
1413
1151
1043
998
740
544
706
727
427
246
280
86
-110
7
209
221
122
164
85
-202
-481
-635
-820
-1005
-1049
-1097
-1213
-1278
-1373
-1491
-1546
-1643
-1661
-1705
-1586
-1370
-1294
-1177
-979
-869
-913
-859
-794
-722
-559
-346
-138
-32
13
75
80
9
-12
-25
94
312
467
644
861
971
966
1122
1267
1222
1191
1203
1176
1102
1101
1250
1381
1491
1667
1680
1412
1189
1007
774
583
582
742
869
1059
1236
1081
720
432
134
-268
-535
-592
-648
-597
-334
-180
-378
-655
-839
-1160
-1565
-1762
-1722
-1615
-1411
-1087
-870
-802
-735
-789
-1064
-1313
-1300
-1249
-1094
-608
-185
-55
-50
89
50
-291
-411
-205
0
199
526
786
866
836
839
735
558
507
532
599
754
982
1034
1117
1294
1125
743
490
362
216
75
174
444
586
728
934
906
625
330
155
-118
-467
-670
-674
-592
-456
-257
-198
-265
-402
-678
-1019
-1326
-1526
-1507
-1328
-1091
-886
-744
-653
-677
-831
-1002
-1158
-1294
-1238
-1022
-727
-432
-166
49
67
11
-20
-127
-237
-209
-62
150
357
586
783
868
903
886
849
883
977
977
991
1049
970
769
663
698
708
676
785
1077
1145
1090
1130
1046
789
532
399
302
201
188
181
46
-72
-139
-254
-334
-341
-374
-474
-603
-674
-767
-871
-912
-1044
-1259
-1398
-1407
-1375
-1307
-1084
-851
-723
-482
-174
-97
-259
-391
-388
-437
-539
-511
-363
-212
18
271
484
622
804
969
1071
1188
1195
1095
970
880
731
617
613
712
808
904
1027
1046
982
938
902
772
639
555
413
231
123
13
-47
24
191
327
300
294
252
14
-265
-474
-663
-892
-1061
-1096
-1130
-1209
-1245
-1320
-1344
-1326
-1296
-1251
-1205
-1105
-1103
-1086
-927
-790
-769
-805
-831
-812
-802
-777
-659
-596
-442
-192
-4
116
215
311
349
426
534
577
584
636
751
822
815
810
796
891
1001
1052
1080
1094
1121
1010
801
670
600
438
432
573
605
664
756
852
867
767
741
608
363
138
-105
-345
-576
-682
-692
-676
-645
-656
-709
-690
-703
-780
-773
-681
-603
-597
-566
-545
-677
-835
-929
-973
-962
-941
-801
-562
-390
-203
-58
-25
37
15
-81
-144
-141
-80
-41
97
338
488
567
643
622
547
483
492
573
577
648
777
811
826
794
730
710
719
742
764
825
862
810
764
680
517
242
-18
-123
-165
-255
-311
-227
-138
-108
-72
-34
-24
-47
-124
-220
-325
-487
-596
-631
-646
-656
-684
-635
-606
-589
-533
-470
-367
-314
-255
-171
-184
-258
-371
-500
-611
-672
-642
-509
-324
-137
82
246
347
362
260
107
-20
-96
-165
-154
-103
-33
117
224
287
315
311
307
233
168
107
1
-18
-52
-31
-4
-98
-119
-123
-142
-141
-174
-120
6
103
181
192
171
64
13
57
-7
-90
-86
-28
9
-1
16
100
166
221
277
249
174
89
39
-28
-72
-25
-24
20
102
114
117
123
189
261
246
287
325
236
165
152
111
48
13
33
41
55
127
162
114
93
58
-36
-116
-150
-163
-204
-285
-316
-350
-387
-349
-281
-251
-228
-150
-107
-96
-93
-46
-19
-21
-40
-120
-179
-190
-155
-122
-28
115
146
157
178
144
66
-40
-90
-90
-115
-49
79
158
264
355
403
409
370
311
207
167
167
108
89
126
184
218
256
322
326
260
207
148
53
-6
28
61
62
101
144
151
120
46
-44
-134
-179
-194
-252
-296
-271
-254
-231
-181
-201
-254
-290
-273
-255
-281
-239
-188
-199
-181
-170
-178
-248
-320
-277
-263
-255
-207
-212
-208
-192
-188
-213
-251
-194
-152
-124
-5
77
92
116
156
153
69
47
43
-45
-88
-50
-16
2
75
226
342
348
417
420
320
189
49
1
-77
-71
24
109
189
263
257
257
267
216
132
74
114
34
-61
-62
-10
2
24
180
256
206
176
173
112
45
6
24
17
-10
11
-20
-32
-25
-54
-94
-97
-52
-43
-45
16
29
-18
-48
-49
-101
-227
-213
-179
-229
-231
-167
-67
-28
2
91
103
55
19
-60
-119
-149
-159
-170
-216
-167
-58
-38
-65
-38
-11
-1
-20
12
31
-3
51
60
56
23
17
23
-28
-11
11
14
12
31
37
-31
-98
-63
-39
-69
-26
68
144
166
226
285
246
165
113
55
19
15
12
28
51
126
131
126
170
152
132
97
118
124
94
116
139
129
81
45
7
-60
-147
-151
-134
-145
-83
-18
20
57
78
37
-29
-71
-132
-220
-280
-256
-249
-236
-145
-70
-65
-115
-164
-258
-357
-431
-490
-518
-477
-388
-311
-240
-146
-102
-115
-110
-125
-189
-229
-165
-117
-104
-43
31
49
60
101
111
65
96
205
245
272
306
326
292
296
348
312
291
333
358
300
282
322
297
238
267
308
271
308
394
446
428
448
463
380
292
236
153
30
-3
10
-22
-37
13
46
17
16
47
8
-34
-64
-151
-227
-244
-270
-325
-340
-318
-334
-377
-364
-310
-296
-323
-267
-228
-280
-306
-334
-402
-469
-446
-397
-380
-305
-222
-166
-143
-117
-118
-170
-167
-128
-137
-138
-84
-33
-7
-5
55
89
86
131
178
177
196
246
244
244
268
294
273
256
278
275
259
302
353
372
389
452
467
380
337
314
258
218
204
194
172
157
174
156
94
45
4
-21
-88
-133
-124
-136
-109
-87
-84
-104
-174
-223
-271
-323
-353
-380
-350
-302
-274
-252
-265
-284
-280
-277
-299
-324
-323
-314
-312
-279
-238
-212
-184
-137
-113
-113
-103
-79
-41
-30
5
36
42
45
33
31
13
41
99
137
177
215
237
218
214
224
192
147
164
188
174
172
207
257
292
341
360
342
295
251
188
130
133
153
148
135
133
114
60
19
43
52
56
77
95
68
22
-10
-56
-109
-160
-178
-194
-189
-133
-90
-73
-60
-71
-74
-101
-121
-119
-156
-150
-138
-126
-103
-88
-65
-107
-136
-127
-149
-136
-97
-72
-64
-66
-40
-54
-86
-91
-92
-76
-60
-12
16
-5
11
33
22
23
26
16
-3
23
60
24
17
67
86
69
78
107
97
71
77
73
21
11
29
6
-18
5
46
23
26
76
63
32
63
91
55
33
44
32
-18
-1
30
-1
-24
20
47
7
-11
-19
-69
-105
-90
-86
-97
-103
-85
-77
-73
-43
-32
-20
-18
-29
-40
-63
-53
-48
-52
-22
-16
-40
-49
-34
-39
-72
-51
-41
-61
-71
-66
-44
-42
-21
-14
-37
-45
-77
-119
-131
-85
-51
-40
24
74
43
30
68
100
91
97
145
129
107
143
163
160
173
216
212
186
191
165
136
124
138
122
114
153
134
83
75
107
74
72
139
140
95
54
76
33
-16
16
12
-28
-35
7
3
-26
-6
5
-46
-58
-43
-109
-166
-148
-123
-166
-161
-88
-113
-184
-157
-156
-238
-264
-207
-162
-197
-193
-144
-170
-208
-184
-139
-118
-113
-78
-38
-38
-35
-25
-21
-40
-73
-72
-54
-38
-26
-19
20
48
33
29
46
76
79
77
106
134
133
122
160
176
135
92
104
124
84
84
138
137
68
78
129
93
27
31
62
-12
-78
-46
-62
-118
-115
-46
-23
-34
-26
-21
-44
-69
-84
-76
-24
11
10
0
44
53
5
-5
38
17
-26
22
49
16
-12
50
86
33
23
40
3
-41
-29
-22
-48
-91
-75
-39
-16
-14
-10
51
108
99
92
109
100
46
39
111
62
1
42
113
95
61
130
160
109
63
76
49
-18
-22
7
-18
-41
-51
-71
-83
-88
-98
-125
-106
-101
-145
-151
-95
-111
-154
-95
-30
-62
-94
-14
16
-48
-32
42
-17
-99
-58
33
23
-3
60
80
66
40
21
3
-9
-25
-43
-6
32
-12
-36
23
19
-38
-51
25
32
-33
19
95
60
-10
28
56
-12
-36
-4
2
8
34
45
54
65
46
27
54
70
18
-7
40
17
-95
-110
-39
-78
-144
-97
-46
-105
-121
-35
-20
-77
-53
-17
-53
-78
-46
-30
-65
-23
0
-31
-35
8
-1
-35
14
62
28
0
86
90
47
89
145
119
116
176
167
106
119
162
97
76
138
153
72
41
65
-10
-78
-27
26
-9
-33
-3
8
-40
-33
-19
-54
-61
-53
-51
-66
-52
-35
-54
-60
-20
-29
-45
-13
-27
-80
-67
-20
-41
-75
-50
-7
-23
-39
2
16
-50
-65
6
9
-50
-59
-17
-18
-58
-33
47
45
-8
21
53
37
-6
1
53
62
59
72
99
114
90
80
114
128
68
24
42
53
-8
-51
3
-1
-73
-53
45
47
-29
-5
71
19
-55
-6
49
11
-20
38
49
-20
-44
-26
-60
-108
-98
-86
-63
-50
-61
-53
-7
10
-34
-47
-6
-22
-97
-75
-5
-20
-68
-10
48
-46
-102
-23
-16
-92
-81
-6
-21
-58
-17
4
-24
-44
-54
-67
-88
-95
-83
-82
-57
-45
-50
-14
37
13
-21
41
71
6
1
75
68
7
41
125
97
61
121
162
134
116
153
171
155
142
130
121
110
76
50
49
66
54
34
80
94
32
16
39
4
-74
-79
-41
-75
-95
-42
-20
-48
-44
0
-24
-72
-62
-52
-73
-63
-31
-35
-43
-31
-22
-40
-44
-32
-37
-49
-30
-31
-60
-62
-49
-69
-86
-64
-51
-68
-75
-44
-46
-62
-36
-2
-4
-17
-3
8
-2
24
46
37
42
49
66
58
68
87
84
95
89
70
41
30
39
35
47
86
91
77
78
67
46
33
32
7
-23
-26
-8
2
4
9
21
32
28
10
-18
-18
-20
-57
-63
-30
-43
-71
-64
-25
-35
-79
-62
-50
-67
-77
-48
-50
-95
-92
-88
-111
-113
-99
-102
-91
-55
-43
-69
-46
-11
-20
-36
-19
-1
-21
-14
38
54
9
13
49
35
7
31
68
52
48
86
101
85
80
83
86
68
45
44
61
67
51
42
53
41
0
-11
5
-1
-22
2
54
58
30
27
26
16
0
-15
-21
-27
-25
-19
-3
18
5
-19
5
34
7
-19
15
10
-42
-41
5
-7
-44
-10
29
18
2
23
28
9
12
30
28
22
24
7
4
27
31
-17
-16
15
-10
-53
-34
-12
-64
-87
-34
-12
-64
-70
-10
-14
-63
-21
17
-18
-35
8
22
-15
-1
28
6
-24
-13
0
-14
-23
1
13
6
34
40
7
9
18
-19
-43
-14
-13
-47
-29
14
-8
-25
15
45
-1
-30
34
53
-14
-16
28
12
-17
27
70
34
13
48
58
14
-10
10
16
9
11
12
-3
-6
9
-27
-45
-20
-33
-58
-42
-32
-68
-74
-49
-53
-80
-78
-47
-51
-68
-42
-19
-40
-45
-7
4
-26
-9
28
21
-10
1
22
16
14
24
29
25
29
38
44
49
65
56
53
67
53
19
24
45
33
22
57
85
64
45
73
86
58
43
42
33
0
-3
18
1
7
18
14
20
11
-7
-15
-8
-7
-28
-36
-16
-25
-50
-34
0
-14
-36
-6
23
-8
-37
2
11
-22
-33
-2
22
-9
3
48
22
-17
-4
2
-31
-55
-39
-49
-53
-44
-60
-67
-64
-49
-40
-29
-18
-23
-26
-7
5
-16
-42
-26
-5
-17
5
38
39
14
24
28
0
-10
8
28
3
2
30
11
-20
-2
23
3
-12
13
29
13
13
19
2
-23
-21
-12
-25
-36
-29
-19
-26
-19
-10
-16
-11
3
-2
-10
13
32
25
21
45
40
19
30
37
23
7
19
28
-6
-20
7
2
-16
-9
13
4
-15
-2
11
0
13
41
37
24
29
28
-1
-15
-8
-13
-29
-22
-2
2
-19
-5
3
-22
-25
-24
-25
-29
-11
4
-9
-21
-5
-3
-16
2
30
35
22
29
30
22
21
11
-5
-12
-6
5
4
20
39
24
6
3
-8
-38
-42
-18
-21
-35
-19
2
-5
-20
0
7
-7
-6
3
1
-10
-1
22
29
36
51
49
47
66
67
49
50
50
46
39
40
41
29
30
26
9
-13
-30
-32
-38
-42
-44
-59
-71
-67
-55
-48
-52
-46
-49
-47
-22
-20
-35
-42
-33
-27
-38
-43
-39
-32
-20
-9
9
12
6
25
24
7
-1
4
17
0
-19
-12
-16
-19
-12
10
6
-14
-14
-7
-7
-22
-22
9
27
17
25
15
-2
-9
-18
-23
-20
-18
-2
29
52
46
41
55
50
33
12
8
10
-3
5
40
52
43
53
67
36
6
13
11
1
-4
-11
-16
-28
-46
-46
-38
-40
-54
-54
-40
-36
-47
-43
-10
0
-31
-38
-13
-5
-30
-24
5
7
-12
8
58
56
34
49
76
60
35
37
59
47
19
29
51
48
14
27
61
51
20
14
22
6
-15
-15
16
16
-25
-33
-3
-12
-48
-41
-5
-3
-27
-26
10
28
0
13
54
59
29
42
60
12
-38
-26
10
-9
-30
-20
0
6
-5
-5
1
-16
-31
-34
-32
-40
-75
-76
-55
-53
-81
-86
-52
-38
-43
-36
-17
-20
-50
-37
-14
-45
-73
-58
-37
-58
-66
-46
-31
-15
8
27
30
23
19
22
23
10
-3
6
24
32
29
27
35
30
19
24
25
15
11
20
28
28
27
34
36
27
46
64
59
58
72
72
50
51
69
68
60
61
77
52
0
-15
-4
-10
-33
-26
-7
-3
-15
-14
-5
-17
-53
-57
-51
-79
-125
-123
-82
-74
-99
-94
-43
-43
-68
-42
1
8
-5
23
59
43
9
24
53
36
-9
7
70
75
55
70
84
55
37
70
82
31
-6
22
63
39
-8
4
25
6
-22
-9
-9
-44
-58
-14
11
-12
-39
-15
35
27
-9
-5
26
9
-42
-19
17
-8
-24
18
58
27
-12
8
42
24
-14
-4
10
-5
-28
-29
-17
-29
-43
-30
7
9
-36
-46
-22
-38
-78
-104
-81
-71
-94
-85
-47
-28
-35
-36
-5
7
-22
-25
-9
-6
-16
-18
9
30
14
-6
15
30
-5
-24
6
33
1
-39
-2
16
-41
-41
14
20
-23
-29
24
43
3
-12
22
38
9
-2
29
45
30
29
72
100
67
45
55
66
39
20
63
92
60
37
71
101
64
17
23
32
-9
-37
-3
0
-39
-52
-7
38
4
-19
-4
-5
-45
-67
-35
-18
-30
-19
5
12
-13
-43
-16
3
-20
-39
-10
27
5
-12
20
39
20
1
19
25
-24
-57
-36
-21
-67
-81
-41
-29
-62
-72
-41
-26
-42
-47
-19
-16
-44
-60
-30
-18
-23
3
55
71
45
43
72
77
42
36
61
51
24
31
63
67
41
61
87
65
30
37
47
16
-4
10
33
17
-21
-28
-22
-48
-77
-67
-44
-47
-52
-16
14
-13
-41
-16
9
-32
-60
-21
1
-30
-42
-7
0
-42
-58
-28
-18
-56
-60
-16
-15
-54
-54
-30
-22
-37
-56
-65
-63
-52
-49
-19
13
13
13
29
40
14
-13
-7
4
5
-7
4
26
15
-3
26
64
48
33
65
100
98
96
116
123
98
66
73
71
40
22
36
24
-11
7
27
11
12
35
25
-5
-18
-16
-24
-34
-40
-47
-50
-56
-63
-69
-48
-32
-41
-44
-34
-26
-58
-65
-12
12
-11
-7
41
51
12
19
37
3
-29
-6
29
-5
-41
-15
10
2
11
47
66
41
25
46
53
38
32
56
49
12
9
20
17
4
13
31
37
22
17
26
19
-5
-14
-8
-9
-8
-17
-24
-17
-18
-33
-44
-49
-53
-72
-87
-83
-81
-94
-105
-102
-100
-113
-119
-93
-60
-40
-27
-6
23
14
-2
5
29
27
0
15
60
58
30
33
47
26
-8
5
43
24
-12
9
52
28
-2
30
67
45
8
17
47
38
15
29
47
27
18
42
57
24
-5
17
32
18
2
23
45
33
18
21
24
3
-14
2
20
13
-1
4
5
-18
-49
-28
-5
-29
-72
-78
-57
-78
-109
-104
-85
-84
-81
-59
-41
-52
-49
-17
5
-7
-26
-13
4
4
3
18
33
