-36
-26
-21
-11
-2
-2
-9
-15
-14
-7
-6
-8
-5
2
1
-17
-28
-45
-55
-55
-50
-38
-23
-21
-22
-13
-27
-38
-37
-35
-33
-26
-11
6
12
23
46
55
51
48
51
32
16
13
3
-5
-2
9
19
23
21
25
26
28
38
42
41
32
9
-5
-16
-21
-19
-12
-1
14
25
32
38
44
49
51
42
27
24
17
8
5
-3
-4
0
3
10
16
20
26
36
41
44
33
12
-7
-12
-4
-10
-8
-10
-5
16
32
30
26
25
15
8
-2
-8
-15
-27
-42
-48
-40
-36
-39
-39
-32
-17
-16
-21
-23
-30
-33
-35
-35
-32
-27
-27
-38
-43
-37
-30
-27
-18
-3
17
31
41
50
52
39
20
0
-20
-37
-44
-52
-48
-27
3
22
37
49
54
51
39
26
3
-21
-32
-37
-46
-41
-31
-20
-10
3
13
10
2
-8
-7
-15
-29
-32
-35
-32
-33
-27
-18
-8
-4
-4
12
35
54
62
67
61
48
29
14
2
-15
-25
-25
-21
-18
-4
7
11
7
-7
-6
4
10
20
28
25
13
-1
-8
-5
-2
-9
-13
-22
-29
-33
-30
-25
-22
-19
-24
-27
-26
-21
-24
-31
-29
-15
11
29
38
44
47
51
57
63
65
60
54
44
31
9
-9
-20
-23
-18
-18
-14
-4
5
16
29
28
17
0
-14
-13
-7
3
9
14
23
33
44
45
39
33
36
35
32
34
30
23
6
-11
-15
-14
-10
-1
1
-9
-18
-25
-32
-34
-21
-7
4
10
9
2
-2
-8
-14
-11
-3
5
14
21
22
15
3
1
-1
-4
-10
-15
-19
-22
-26
-35
-47
-58
-65
-67
-64
-61
-65
-72
-79
-74
-63
-60
-57
-53
-43
-26
-28
-33
-33
-34
-33
-31
-31
-26
-19
-11
-2
1
-1
-9
-12
-10
-7
0
14
24
20
25
34
37
37
26
15
13
6
2
15
32
40
51
57
55
51
47
56
68
77
74
66
67
70
64
57
48
38
34
39
39
31
23
12
10
6
6
3
0
5
4
2
-6
-27
-37
-36
-30
-20
2
26
40
46
45
40
32
20
10
2
-7
-9
-15
-24
-29
-34
-26
-24
-23
-32
-40
-36
-35
-35
-40
-45
-40
-35
-23
-10
-3
1
8
7
10
23
22
26
27
18
-4
-22
-23
-21
-26
-34
-42
-45
-44
-44
-39
-31
-18
-10
-15
-20
-32
-33
-24
-13
-3
-7
-9
-9
-10
-9
-12
-13
-12
-17
-20
-23
-21
-14
-9
-1
4
7
11
8
4
4
14
23
31
42
55
57
58
64
59
51
47
45
39
39
38
30
18
15
13
4
2
-12
-34
-39
-33
-27
-28
-31
-30
-23
-18
-16
-6
-2
-7
-8
-14
-22
-22
-13
-11
-11
-15
-21
-20
-18
-8
6
12
3
-7
-5
2
13
11
3
2
2
3
13
24
24
19
14
16
6
-11
-12
-12
-25
-27
-24
-24
-24
-24
-27
-27
-29
-45
-49
-43
-40
-19
4
21
28
26
26
27
33
38
46
59
62
67
65
53
50
47
52
59
69
77
86
94
73
55
36
13
9
15
20
24
23
9
1
-1
-17
-28
-19
-15
-16
-14
-26
-40
-52
-64
-59
-46
-38
-32
-28
-34
-42
-56
-61
-54
-53
-53
-57
-61
-64
-68
-53
-33
-11
5
17
29
27
22
17
17
15
11
17
19
14
17
21
15
-2
-13
-18
-27
-31
-27
-15
-5
-6
-5
-6
-11
-20
-21
-20
-20
-17
-18
-22
-22
-12
-12
-13
-7
-5
-8
-11
-17
-29
-29
-20
-18
-23
-25
-19
-5
16
35
45
55
51
59
61
42
34
27
21
32
36
39
42
41
35
20
1
-10
-13
-20
-25
-34
-33
-24
-17
-8
-6
-3
2
3
5
10
14
20
23
24
26
27
35
51
59
58
42
22
9
-1
1
12
15
19
22
21
19
15
19
11
10
17
17
7
-1
-5
-10
-12
-10
-3
6
16
10
7
6
-7
-21
-36
-49
-43
-31
-25
-19
-14
-12
-5
-6
-13
-25
-31
-35
-40
-33
-27
-30
-17
0
15
29
37
32
26
30
31
34
42
42
32
19
9
5
-8
-15
-14
-19
-22
-21
-26
-28
-34
-44
-38
-31
-25
-25
-24
-24
-29
-32
-52
-65
-60
-48
-42
-37
-28
-26
-21
-14
-32
-53
-52
-54
-62
-57
-50
-37
-21
-16
-6
11
23
29
26
11
-2
3
17
34
37
33
40
47
49
56
59
59
58
54
43
32
29
24
22
18
12
14
20
23
21
12
8
9
15
10
3
9
13
12
7
9
23
42
51
46
40
37
33
39
33
29
32
24
12
6
9
12
12
18
19
13
8
18
12
-6
-12
-14
-20
-25
-31
-27
-10
-5
-11
-7
-3
-2
-6
-7
-9
-18
-25
-20
-21
-26
-16
-12
-14
-12
-9
-20
-25
-29
-34
-38
-45
-50
-50
-53
-52
-46
-32
-12
-2
2
7
4
2
-1
-10
-23
-30
-27
-28
-18
-7
-12
-4
1
3
4
4
14
17
14
13
5
-6
-15
-19
-18
-17
-19
-10
5
12
23
37
46
50
43
43
31
15
7
3
9
8
7
11
5
2
-3
-5
-13
-20
-16
-19
-25
-30
-26
-18
-18
-15
-5
7
10
11
13
14
11
1
-12
-9
-2
-5
-9
-12
-7
1
6
19
25
37
45
46
40
33
35
35
28
30
26
11
5
-6
-18
-17
-12
-11
-12
-16
-11
-1
9
11
9
5
1
-13
-26
-30
-26
-14
-7
5
16
12
0
-4
-11
-13
-10
-21
-20
-11
-7
-2
0
5
17
19
15
12
7
-7
-23
-27
-31
-25
-11
-2
-2
-4
-8
2
15
15
24
20
15
23
40
46
30
31
38
39
46
44
29
11
-7
-8
7
24
27
28
23
8
-8
-18
-24
-25
-14
10
28
37
40
37
40
36
19
6
3
-4
-21
-35
-49
-53
-52
-53
-48
-46
-45
-58
-73
-82
-87
-78
-73
-76
-72
-72
-73
-67
-63
-51
-52
-53
-38
-33
-21
-12
-14
-5
4
26
44
36
34
23
1
-17
-7
14
39
46
35
21
-3
-20
-21
-10
6
11
4
-6
-16
-9
5
16
22
24
41
64
75
70
51
47
34
21
21
18
2
-19
-24
-19
-18
-2
18
17
34
45
48
44
30
8
0
-16
-16
9
47
91
110
126
140
156
158
134
99
61
43
31
13
1
-12
-14
-19
-14
4
27
41
36
9
-9
-2
-2
-10
-14
-25
-43
-64
-67
-59
-40
-9
28
37
12
-1
-28
-69
-90
-93
-83
-69
-60
-47
-42
-42
-44
-41
-47
-50
-35
-17
-17
-19
-15
-26
-59
-84
-94
-88
-92
-93
-73
-79
-67
-38
-13
-19
-24
-12
-24
-44
-59
-48
-22
-10
-16
-37
-38
-29
-16
4
-10
-23
-7
-1
19
25
22
22
38
60
62
72
74
83
79
72
76
81
66
54
59
61
80
103
112
127
138
118
102
88
65
57
24
-13
-41
-43
-26
-19
-8
11
12
7
15
9
-3
-8
-5
-11
-28
-46
-52
-31
-13
-11
-5
20
26
6
7
26
29
45
60
65
64
59
59
60
50
27
-18
-51
-57
-63
-75
-86
-100
-112
-92
-113
-146
-156
-169
-182
-182
-182
-164
-126
-87
-44
-12
26
42
38
23
-7
-39
-28
6
2
-23
-59
-97
-116
-115
-79
-31
0
20
51
107
151
191
220
214
190
168
186
231
273
309
358
378
349
317
288
235
171
125
85
49
23
-24
-55
-79
-149
-222
-285
-321
-328
-354
-382
-402
-412
-394
-373
-343
-300
-243
-199
-127
-63
-19
32
113
212
253
303
375
433
435
405
379
329
275
217
167
110
44
-2
-25
-60
-109
-123
-155
-178
-181
-203
-206
-171
-117
-89
-89
-71
-21
-4
-8
-29
-32
-15
-32
-57
-97
-176
-263
-318
-389
-468
-518
-566
-592
-600
-578
-495
-403
-310
-218
-134
-71
-9
77
172
215
256
354
448
500
548
604
678
716
702
677
639
596
563
513
475
407
272
193
156
80
-31
-137
-253
-389
-553
-702
-839
-928
-989
-1055
-1090
-1076
-1025
-964
-860
-742
-565
-302
-5
313
635
957
1289
1568
1771
1955
2089
2172
2168
2099
2005
1805
1542
1305
1005
612
246
-78
-386
-676
-959
-1198
-1431
-1602
-1727
-1832
-1836
-1800
-1749
-1640
-1474
-1344
-1185
-988
-792
-603
-451
-298
-146
-37
18
52
83
89
63
15
-1
12
24
70
156
295
440
555
683
807
864
920
985
1005
1038
1048
1042
1030
969
847
712
559
392
222
23
-154
-333
-477
-577
-686
-758
-827
-904
-971
-1016
-966
-891
-874
-870
-832
-801
-793
-777
-755
-729
-647
-578
-539
-464
-368
-245
-97
106
302
500
742
969
1184
1390
1532
1671
1818
1888
1847
1740
1593
1409
1231
1037
763
457
173
-110
-361
-538
-705
-892
-1035
-1170
-1289
-1351
-1402
-1416
-1379
-1339
-1278
-1202
-1127
-1049
-936
-783
-642
-519
-477
-470
-432
-399
-382
-280
-65
86
200
429
719
968
1193
1461
1734
1918
2048
2117
2114
2052
1892
1726
1549
1308
1013
712
471
221
-74
-395
-578
-706
-892
-1060
-1210
-1316
-1354
-1388
-1445
-1455
-1459
-1505
-1455
-1413
-1453
-1473
-1449
-1377
-1313
-1225
-1096
-922
-719
-448
-148
178
504
828
1150
1371
1597
1888
2074
2124
2227
2339
2287
2140
1985
1781
1477
1133
812
532
248
-117
-466
-730
-919
-1080
-1171
-1206
-1226
-1192
-1150
-1184
-1165
-1062
-1063
-1106
-1091
-987
-899
-832
-849
-875
-810
-784
-716
-615
-521
-376
-197
-34
233
565
745
905
1194
1435
1515
1580
1662
1654
1575
1495
1365
1158
927
622
279
55
-136
-447
-670
-708
-810
-947
-1005
-1031
-1048
-1065
-1111
-1180
-1164
-1061
-979
-965
-997
-980
-939
-889
-826
-748
-666
-567
-416
-162
243
574
736
1034
1493
1698
1744
2012
2318
2358
2299
2394
2371
2123
1850
1671
1415
1030
680
286
-34
-372
-808
-1167
-1322
-1412
-1586
-1697
-1740
-1779
-1747
-1696
-1785
-1833
-1772
-1675
-1644
-1637
-1529
-1439
-1350
-1216
-1049
-967
-881
-671
-399
-16
371
711
1164
1713
2071
2273
2602
2977
3055
2926
2856
2742
2518
2195
1881
1522
1056
577
120
-240
-571
-994
-1443
-1676
-1789
-1967
-2088
-2136
-2138
-2059
-1826
-1555
-1332
-1086
-768
-531
-458
-362
-277
-253
-219
-136
-125
-144
-109
-127
-88
81
176
373
832
1222
1335
1565
1991
2131
2059
2127
2264
2140
1836
1640
1471
1160
745
352
33
-166
-426
-778
-998
-1151
-1404
-1708
-1806
-1812
-1953
-2008
-1957
-2035
-2117
-2029
-1923
-1907
-1844
-1727
-1604
-1421
-1236
-1145
-1056
-744
-334
14
358
709
1091
1611
2093
2371
2743
3189
3392
3360
3352
3362
3138
2743
2420
2095
1612
1010
449
-26
-422
-847
-1329
-1639
-1832
-2078
-2348
-2430
-2306
-2263
-2288
-2185
-2068
-1995
-1827
-1637
-1553
-1422
-1279
-1222
-1041
-856
-879
-881
-678
-301
70
318
584
1034
1567
1853
1994
2329
2696
2832
2884
2980
2959
2710
2420
2194
1925
1569
1136
759
523
232
-159
-512
-720
-887
-1230
-1544
-1702
-1884
-2022
-2018
-1982
-1978
-1881
-1693
-1534
-1434
-1371
-1273
-1235
-1196
-1115
-1115
-1097
-907
-644
-355
-74
197
759
1436
1830
2156
2726
3251
3431
3472
3537
3479
3161
2793
2550
2259
1754
1108
599
274
-63
-576
-991
-1138
-1309
-1703
-2056
-2195
-2393
-2703
-2880
-2895
-3021
-3092
-2947
-2815
-2705
-2512
-2256
-2012
-1798
-1611
-1502
-1406
-1282
-1100
-761
-376
-20
551
1253
1739
2144
2703
3170
3321
3396
3575
3585
3278
2964
2735
2346
1807
1299
846
398
-11
-476
-930
-1156
-1272
-1497
-1717
-1791
-1800
-1804
-1734
-1682
-1757
-1755
-1550
-1385
-1284
-1077
-914
-852
-692
-477
-502
-486
-308
-98
130
341
591
952
1425
1762
1983
2399
2755
2835
2914
3084
3137
2858
2486
2221
1886
1422
972
609
287
-33
-464
-964
-1218
-1350
-1716
-2046
-2165
-2365
-2557
-2562
-2530
-2538
-2412
-2185
-2015
-1864
-1659
-1454
-1309
-1146
-978
-932
-874
-641
-273
77
364
769
1293
1809
2147
2370
2763
3167
3291
3274
3313
3247
2880
2499
2236
1848
1297
704
188
-234
-684
-1156
-1533
-1753
-1964
-2275
-2493
-2541
-2611
-2704
-2683
-2643
-2623
-2461
-2167
-2058
-1943
-1641
-1333
-1099
-885
-647
-473
-318
-46
312
554
766
1216
1834
2331
2676
3071
3518
3771
3793
3854
3895
3650
3186
2758
2329
1811
1160
464
-73
-526
-1035
-1588
-1963
-2139
-2446
-2807
-2944
-3072
-3243
-3276
-3126
-2952
-2847
-2659
-2433
-2270
-2122
-1827
-1487
-1314
-1124
-835
-597
-392
20
466
747
1103
1754
2394
2704
2904
3262
3598
3622
3509
3418
3242
2844
2389
2062
1739
1286
715
223
-163
-634
-1184
-1620
-1824
-2044
-2390
-2610
-2628
-2593
-2580
-2470
-2219
-2038
-1869
-1574
-1305
-1066
-755
-409
-188
-174
-172
-62
64
208
539
922
1040
1271
1934
2564
2865
3184
3628
3876
3891
3856
3766
3412
2876
2427
2050
1578
928
295
-133
-449
-919
-1418
-1724
-1932
-2200
-2456
-2612
-2765
-2847
-2869
-2896
-2926
-2866
-2695
-2499
-2372
-2309
-2076
-1744
-1538
-1376
-1109
-835
-710
-448
21
344
537
976
1611
1943
2153
2603
2972
3080
3174
3275
3090
2666
2355
2026
1582
1101
569
141
-232
-719
-1258
-1710
-2000
-2280
-2525
-2696
-2848
-2922
-2943
-2834
-2716
-2614
-2386
-2164
-2036
-1915
-1750
-1518
-1231
-957
-755
-488
-186
128
573
1020
1329
1737
2383
2880
3138
3497
3910
4054
4128
4248
4161
3728
3261
2934
2460
1849
1175
572
96
-349
-853
-1394
-1755
-1963
-2251
-2580
-2790
-2828
-2716
-2563
-2495
-2397
-2129
-1802
-1496
-1251
-1014
-778
-616
-448
-354
-317
-235
-64
210
512
800
1128
1645
2262
2709
2992
3360
3629
3649
3565
3449
3187
2734
2337
1975
1465
846
281
-174
-580
-989
-1510
-1986
-2263
-2551
-2929
-3248
-3397
-3423
-3380
-3358
-3266
-3016
-2663
-2261
-1953
-1705
-1404
-1079
-870
-773
-681
-607
-484
-196
208
565
841
1243
1844
2268
2408
2716
3131
3329
3363
3396
3370
3074
2620
2237
1856
1341
691
146
-291
-808
-1389
-1936
-2339
-2634
-2888
-3104
-3177
-3147
-2991
-2809
-2671
-2523
-2312
-1924
-1554
-1274
-990
-619
-378
-277
-114
84
256
478
827
1216
1471
1749
2279
2805
3091
3264
3554
3703
3664
3571
3460
3198
2719
2280
1885
1359
664
29
-411
-784
-1297
-1749
-2109
-2351
-2574
-2811
-2971
-3148
-3179
-3121
-3083
-2989
-2792
-2553
-2233
-1924
-1625
-1302
-977
-712
-524
-339
-177
43
372
876
1249
1497
1960
2544
2927
3123
3476
3791
3851
3806
3671
3398
2962
2484
2123
1753
1190
467
-48
-264
-541
-1006
-1409
-1626
-1877
-2123
-2343
-2652
-2844
-2868
-2894
-2950
-2877
-2705
-2474
-2184
-1903
-1636
-1267
-818
-479
-241
-5
207
464
895
1244
1405
1700
2337
2796
2903
3123
3481
3580
3462
3426
3300
2863
2392
2069
1674
1111
372
-214
-520
-826
-1372
-2008
-2288
-2485
-2819
-3067
-3280
-3466
-3492
-3373
-3372
-3445
-3242
-2899
-2701
-2527
-2218
-1817
-1481
-1173
-873
-608
-310
108
664
1144
1454
1875
2597
3261
3507
3696
4054
4181
3972
3836
3726
3250
2638
2275
1918
1317
626
-2
-428
-819
-1355
-1936
-2242
-2380
-2686
-2964
-3198
-3340
-3387
-3343
-3199
-3172
-2965
-2518
-2210
-2033
-1766
-1410
-1128
-815
-444
-129
159
575
1193
1718
1979
2306
2969
3549
3675
3831
4133
4216
3955
3773
3773
3386
2729
2347
2079
1495
833
392
82
-289
-764
-1215
-1508
-1725
-2050
-2452
-2806
-2980
-3021
-3022
-3070
-3140
-3055
-2780
-2532
-2464
-2188
-1750
-1391
-1039
-544
-130
63
410
945
1395
1670
2161
2825
3273
3454
3739
4114
4205
4032
3842
3660
3111
2435
1955
1406
659
-128
-681
-1066
-1524
-2044
-2493
-2770
-2933
-3060
-3192
-3375
-3427
-3344
-3261
-3254
-3234
-3055
-2734
-2411
-2148
-1780
-1309
-956
-790
-573
-374
-191
186
648
987
1235
1721
2296
2625
2799
3157
3583
3623
3496
3535
3522
3179
2646
2345
2016
1351
622
142
-181
-685
-1200
-1639
-1961
-2137
-2293
-2457
-2661
-2814
-2867
-2851
-2879
-2921
-2752
-2522
-2367
-2128
-1780
-1378
-1029
-660
-298
-2
319
825
1289
1489
1802
2392
2930
3086
3298
3761
4018
3901
3776
3770
3478
2885
2334
1923
1489
854
173
-287
-654
-1109
-1645
-1990
-2221
-2497
-2801
-3083
-3276
-3439
-3472
-3416
-3335
-3213
-2949
-2559
-2181
-1811
-1423
-1065
-724
-312
58
288
662
1303
1817
1980
2351
3107
3656
3760
3871
4176
4257
3936
3571
3342
2980
2287
1639
1186
652
68
-529
-919
-1221
-1545
-1962
-2327
-2524
-2692
-2855
-3129
-3284
-3264
-3164
-3128
-3128
-2947
-2632
-2376
-2143
-1728
-1320
-965
-584
-117
208
323
760
1444
1859
2014
2542
3472
3971
4036
4313
4719
4711
4366
4152
4001
3460
2708
2072
1509
814
4
-618
-1138
-1634
-2119
-2490
-2928
-3275
-3377
-3586
-3957
-4223
-4130
-3989
-3972
-3934
-3573
-3146
-2877
-2506
-1987
-1508
-1267
-992
-610
-285
0
542
1232
1559
1756
2398
3275
3534
3532
3866
4175
4027
3692
3577
3354
2840
2304
1965
1521
918
362
-14
-341
-796
-1168
-1484
-1839
-2223
-2547
-2804
-3106
-3385
-3384
-3319
-3404
-3394
-3112
-2785
-2637
-2336
-1886
-1490
-1184
-750
-245
16
333
993
1706
2081
2564
3598
4480
4738
4913
5380
5588
5311
4946
4764
4287
3419
2610
1885
1101
228
-498
-1130
-1700
-2196
-2642
-3029
-3296
-3500
-3747
-4021
-4282
-4347
-4199
-4050
-3996
-3721
-3290
-2876
-2515
-2007
-1300
-807
-377
107
484
715
1144
1871
2352
2509
2978
3814
4345
4457
4734
5248
5332
4962
4678
4426
3821
2983
2287
1601
740
-79
-697
-1177
-1723
-2209
-2503
-2832
-3168
-3435
-3732
-4125
-4411
-4465
-4377
-4329
-4260
-3889
-3456
-3171
-2754
-2105
-1469
-1021
-523
-105
15
122
668
1317
1538
1782
2574
3451
3748
3982
4537
4891
4731
4378
4177
3752
2925
2115
1444
748
-52
-751
-1173
-1530
-1907
-2220
-2421
-2601
-2973
-3316
-3565
-3795
-3962
-4032
-4010
-3966
-3768
-3346
-2954
-2592
-1972
-1232
-672
-255
321
797
967
1338
2040
2516
2711
3263
4187
4727
4769
5044
5531
5612
5349
5063
4732
4094
3246
2569
1908
1082
329
-265
-855
-1427
-1947
-2521
-3028
-3382
-3670
-3983
-4248
-4347
-4367
-4341
-4353
-4259
-3936
-3554
-3267
-2931
-2292
-1616
-1238
-785
-144
216
557
1321
2030
2235
2525
3404
4188
4382
4506
4867
5010
4696
4238
3813
3236
2420
1705
1074
301
-482
-1039
-1421
-1891
-2349
-2657
-2851
-3033
-3126
-3162
-3299
-3474
-3525
-3445
-3403
-3426
-3233
-2764
-2367
-2113
-1588
-797
-358
-34
579
1055
1294
1799
2531
2845
2924
3496
4346
4574
4525
4975
5430
5344
5019
4739
4234
3329
2448
1738
883
-112
-981
-1643
-2113
-2431
-2753
-2994
-3171
-3410
-3633
-3845
-4077
-4241
-4311
-4333
-4487
-4502
-4047
-3632
-3444
-3133
-2496
-1832
-1421
-882
-252
84
416
1298
2126
2279
2499
3364
4072
4031
4244
4936
5191
4940
4778
4673
4074
3217
2514
1838
968
77
-619
-1168
-1691
-2130
-2476
-2724
-2898
-3102
-3286
-3571
-3848
-3838
-3711
-3779
-3934
-3664
-3085
-2734
-2557
-2108
-1447
-1053
-662
-23
549
821
1346
2265
2761
2935
3522
4442
4781
4821
5282
5627
5421
5105
4906
4356
3445
2650
1952
1159
366
-301
-867
-1445
-2028
-2531
-2960
-3319
-3553
-3708
-3920
-4201
-4388
-4272
-4119
-4186
-4058
-3577
-3070
-2761
-2341
-1671
-1110
-742
-265
275
551
871
1666
2327
2419
2761
3686
4259
4262
4642
5224
5241
4946
4934
4737
3871
3023
2504
1759
729
-76
-686
-1324
-1898
-2322
-2686
-3030
-3295
-3460
-3591
-3820
-4051
-4180
-4130
-4188
-4257
-3941
-3409
-3088
-2836
-2196
-1492
-1107
-702
-77
406
742
1411
2234
2594
2824
3517
4242
4358
4489
5053
5251
4960
4754
4664
4140
3324
2761
2212
1363
413
-317
-935
-1669
-2319
-2752
-3173
-3604
-3908
-4038
-4219
-4425
-4522
-4447
-4311
-4387
-4306
-3826
-3409
-3200
-2688
-1950
-1523
-1112
-331
362
725
1330
2283
2851
3060
3680
4532
4845
4826
5177
5551
5339
4983
4941
4620
3751
2940
2343
1597
676
-125
-799
-1441
-2044
-2609
-3118
-3520
-3753
-3847
-4001
-4226
-4341
-4232
-4012
-4010
-4009
-3581
-3094
-2910
-2658
-1961
-1404
-1252
-777
-80
262
617
1469
2335
2592
2878
3738
4359
4415
4551
4964
5090
4841
4738
4625
4085
3486
3025
2445
1724
988
322
-351
-1015
-1713
-2351
-2790
-3209
-3659
-3930
-4078
-4339
-4421
-4164
-4029
-4002
-3666
-3072
-2612
-2289
-1746
-1137
-757
-409
156
593
832
1441
2203
2571
2718
3317
4061
4196
4172
4557
4845
4543
4207
4181
3885
3097
2425
1980
1294
389
-301
-766
-1306
-1924
-2494
-2918
-3257
-3620
-3880
-4066
-4303
-4480
-4406
-4352
-4480
-4337
-3821
-3413
-3263
-2780
-1959
-1492
-1189
-521
216
574
1045
2008
2673
2761
3123
3830
4143
4166
4483
4879
4813
4549
4492
4273
3696
3093
2597
1990
1198
469
-200
-848
-1396
-1965
-2489
-2924
-3331
-3677
-3953
-4197
-4452
-4505
-4329
-4333
-4371
-4031
-3581
-3394
-3165
-2539
-1932
-1580
-1060
-271
312
820
1622
2434
2857
3236
3942
4515
4675
4887
5308
5345
4997
4772
4588
4044
3324
2788
2196
1447
734
171
-434
-1055
-1529
-1984
-2447
-2838
-3112
-3346
-3584
-3788
-3922
-3871
-3709
-3697
-3564
-3123
-2797
-2676
-2280
-1658
-1329
-1074
-473
113
435
944
1692
2144
2390
2997
3668
3893
4046
4447
4620
4365
4162
4043
3659
3038
2495
2035
1406
692
63
-541
-1128
-1695
-2219
-2680
-3068
-3360
-3671
-3973
-4223
-4407
-4394
-4262
-4162
-3931
-3500
-3093
-2707
-2145
-1453
-921
-476
124
670
1032
1527
2230
2641
2759
3211
3884
4127
4113
4402
4687
4490
4234
4195
3872
3263
2783
2401
1862
1230
661
88
-446
-881
-1349
-1832
-2222
-2636
-3040
-3294
-3527
-3888
-4075
-4007
-4026
-4104
-3855
-3464
-3405
-3256
-2656
-2127
-1829
-1303
-616
-141
352
1110
1717
2005
2483
3210
3682
3903
4281
4603
4521
4319
4276
4078
3494
2901
2437
1805
975
224
-408
-1075
-1702
-2262
-2847
-3294
-3576
-3899
-4182
-4284
-4345
-4493
-4441
-4204
-4137
-3958
-3498
-3108
-2799
-2185
-1485
-1047
-539
199
749
1146
1885
2630
2985
3403
4184
4779
4930
5173
5522
5483
5192
5037
4811
4214
3572
3070
2442
1680
913
267
-272
-821
-1500
-2182
-2558
-2858
-3267
-3581
-3736
-3950
-4208
-4119
-3872
-3815
-3677
-3241
-2810
-2486
-1951
-1277
-843
-482
63
599
1079
1675
2255
2594
2931
3508
3944
4059
4223
4511
4517
4244
4015
3717
3131
2425
1909
1405
693
-78
-738
-1258
-1732
-2223
-2713
-3119
-3401
-3657
-3917
-4064
-4161
-4280
-4258
-4155
-4138
-4049
-3679
-3343
-3198
-2734
-1955
-1417
-1026
-404
234
671
1239
1896
2278
2637
3335
3937
4086
4367
4892
5052
4863
4895
4912
4370
3704
3287
2706
1854
1074
433
-229
-862
-1385
-1935
-2420
-2792
-3199
-3531
-3663
-3812
-4042
-4051
-3854
-3801
-3819
-3482
-3041
-2805
-2417
-1711
-1116
-797
-322
258
697
1259
1927
2301
2553
3126
3637
3724
3866
4284
4367
3993
3825
3803
3300
2544
2126
1713
950
243
-265
-845
-1394
-1761
-2189
-2690
-2876
-2973
-3334
-3605
-3615
-3727
-3896
-3776
-3565
-3465
-3281
-2889
-2542
-2175
-1560
-969
-529
-34
542
1057
1630
2328
2749
2970
3538
4190
4265
4198
4565
4781
4426
4138
4179
3742
2829
2246
1903
1200
301
-253
-706
-1311
-1824
-2214
-2596
-2950
-3214
-3483
-3717
-3750
-3796
-3936
-3897
-3707
-3621
-3462
-3080
-2716
-2358
-1768
-1076
-578
-171
348
891
1497
2186
2617
2888
3514
4224
4407
4357
4710
5023
4702
4300
4264
4012
3232
2508
2080
1493
707
124
-308
-880
-1505
-1948
-2338
-2747
-3055
-3315
-3605
-3758
-3861
-4009
-3970
-3776
-3660
-3555
-3183
-2667
-2220
-1752
-1164
-629
-169
272
725
1315
1928
2263
2469
2995
3599
3729
3664
3933
4103
3748
3281
3115
2760
1929
1160
681
107
-734
-1459
-1907
-2290
-2753
-3157
-3329
-3376
-3496
-3650
-3679
-3654
-3672
-3628
-3492
-3252
-2994
-2800
-2499
-2030
-1501
-973
-443
156
738
1198
1715
2368
2944
3296
3653
4253
4819
4941
4906
5087
5197
4875
4440
4266
3886
3089
2304
1715
1095
237
-625
-1247
-1732
-2254
-2800
-3179
-3408
-3657
-3943
-4113
-4131
-4154
-4213
-4115
-3884
-3701
-3526
-3186
-2770
-2348
-1836
-1258
-678
-117
377
938
1711
2437
2883
3328
4104
4731
4863
4962
5284
5412
5056
4563
4303
3928
3182
2450
1875
1207
338
-449
-1024
-1588
-2201
-2714
-3006
-3206
-3435
-3611
-3701
-3717
-3834
-3973
-3900
-3731
-3544
-3280
-2888
-2453
-2003
-1517
-1069
-625
-139
336
881
1597
2237
2591
2959
3595
4149
4344
4461
4747
4830
4508
4111
3787
3302
2512
1707
1145
544
-324
-1114
-1656
-2166
-2700
-3111
-3347
-3508
-3657
-3767
-3869
-3883
-3797
-3712
-3625
-3517
-3290
-2981
-2712
-2436
-2037
-1461
-914
-497
13
534
1031
1646
2209
2543
2841
3439
4049
4224
4334
4618
4726
4459
4093
3851
3434
2746
2030
1400
736
-71
-856
-1449
-1930
-2446
-2970
-3309
-3480
-3708
-3889
-3891
-3838
-3805
-3760
-3592
-3353
-3149
-2950
-2674
-2248
-1700
-1135
-617
-85
416
851
1372
2075
2811
3277
3618
4271
4913
5050
5006
5157
5197
4843
4433
4206
3760
2948
2186
1557
814
-89
-866
-1438
-1976
-2561
-3137
-3521
-3696
-3902
-4152
-4179
-4004
-3904
-3876
-3673
-3351
-3076
-2779
-2397
-2017
-1636
-1169
-698
-260
198
632
1163
1876
2518
2839
3173
3841
4438
4623
4735
5037
5158
4864
4398
4013
3458
2572
1797
1217
535
-330
-1147
-1748
-2265
-2707
-3072
-3392
-3566
-3702
-3884
-3911
-3770
-3728
-3750
-3536
-3209
-2996
-2841
-2626
-2230
-1756
-1332
-904
-461
32
481
938
1618
2267
2618
2924
3548
4187
4392
4452
4652
4739
4398
3987
3734
3197
2338
1592
1058
377
-554
-1364
-1907
-2398
-2937
-3384
-3596
-3689
-3903
-4167
-4259
-4203
-4165
-4064
-3829
-3555
-3373
-3214
-2925
-2494
-2012
-1552
-1048
-518
43
496
920
1648
2385
2849
3286
4081
4885
5168
5326
5713
5970
5692
5262
4997
4486
3585
2671
2009
1292
322
-582
-1268
-1891
-2604
-3261
-3614
-3855
-4122
-4260
-4251
-4219
-4272
-4217
-3916
-3570
-3317
-3040
-2583
-2075
-1508
-953
-469
64
573
965
1421
2144
2753
2985
3222
3870
4487
4627
4691
4940
5033
4690
4289
4090
3637
2739
1886
1377
832
-17
-790
-1297
-1705
-2239
-2746
-2964
-3140
-3443
-3667
-3635
-3604
-3799
-3895
-3675
-3420
-3339
-3223
-2922
-2532
-2142
-1710
-1206
-718
-318
33
527
1291
1969
2329
2777
3493
4047
4181
4331
4702
4760
4407
4032
3779
3313
2498
1644
945
231
-657
-1413
-1892
-2299
-2874
-3411
-3603
-3734
-3973
-4182
-4136
-3962
-3959
-3950
-3667
-3193
-2796
-2470
-2068
-1572
-1008
-433
108
625
1053
1415
1861
2536
3090
3298
3657
4363
4884
4912
4952
5300
5373
4982
4600
4319
3722
2745
1896
1261
502
-469
-1347
-1996
-2599
-3247
-3826
-4161
-4455
-4781
-4942
-4923
-4876
-4968
-4966
-4702
-4382
-4069
-3715
-3332
-2899
-2336
-1685
-1049
-368
237
795
1427
2221
2940
3293
3698
4386
4996
5138
5212
5526
5519
5104
4745
4520
3906
2916
2095
1461
682
-289
-1053
-1530
-1933
-2370
-2776
-2966
-3072
-3252
-3396
-3401
-3340
-3408
-3404
-3192
-2949
-2737
-2406
-1978
-1666
-1338
-806
-312
114
539
949
1454
2148
2733
2921
3280
3975
4381
4391
4503
4842
4886
4460
4060
3826
3288
2420
1712
1192
487
-379
-1089
-1676
-2238
-2787
-3273
-3592
-3880
-4121
-4261
-4171
-4088
-4252
-4305
-4072
-3839
-3761
-3546
-3181
-2812
-2403
-1799
-1150
-615
-157
266
907
1751
2418
2735
3184
4027
4686
4775
4881
5257
5289
4827
4459
4297
3730
2760
1952
1349
575
-354
-1121
-1676
-2192
-2769
-3231
-3505
-3692
-3935
-4131
-4038
-3915
-3961
-3981
-3778
-3518
-3406
-3248
-2882
-2514
-2156
-1715
-1208
-678
-219
192
695
1450
2110
2461
2896
3709
4458
4656
4816
5259
5458
5165
4880
4745
4231
3298
2499
1919
1196
237
-683
-1313
-1809
-2380
-2947
-3247
-3398
-3708
-3980
-3948
-3716
-3639
-3667
-3512
-3201
-2912
-2661
-2327
-1873
-1419
-962
-391
164
574
1011
1611
2376
2977
3256
3558
4220
4792
4808
4835
5228
5369
4903
4425
4187
3654
2688
1835
1229
562
-286
-1125
-1812
-2382
-2980
-3615
-3900
-3916
-4010
-4186
-4179
-3998
-4017
-4157
-4039
-3748
-3540
-3319
-2999
-2605
-2279
-1867
-1240
-624
-130
274
854
1688
2408
2715
2914
3501
4180
4383
4391
4627
4751
4408
4008
3863
3473
2649
1802
1161
481
-361
-1139
-1723
-2209
-2642
-3079
-3371
-3412
-3526
-3735
-3815
-3705
-3661
-3660
-3505
-3252
-2995
-2764
-2488
-2195
-1875
-1459
-880
-283
199
707
1279
1968
2655
3092
3345
3821
4599
4996
5058
5288
5522
5324
4854
4605
4174
3231
2242
1550
911
5
-979
-1751
-2355
-2899
-3344
-3629
-3804
-3982
-4136
-4175
-4101
-4043
-4033
-3797
-3458
-3308
-3134
-2656
-2182
-1978
-1660
-1049
-518
-184
219
662
1186
1836
2364
2731
3246
3973
4432
4528
4719
5023
5041
4709
4424
4156
3499
2659
2035
1496
693
-241
-1018
-1627
-2169
-2691
-3086
-3271
-3400
-3601
-3724
-3686
-3614
-3637
-3561
-3364
-3228
-3100
-2799
-2368
-2058
-1761
-1273
-745
-378
-28
425
934
1589
2212
2574
2910
3594
4236
4409
4511
4816
5009
4788
4459
4253
3826
3085
2307
1609
821
-90
-795
-1329
-1872
-2372
-2832
-3157
-3319
-3495
-3689
-3805
-3806
-3808
-3847
-3661
-3441
-3328
-3012
-2490
-2094
-1758
-1206
-616
-187
228
703
1083
1512
2136
2521
2680
3102
3693
4009
4056
4231
4389
4142
3734
3454
2993
2168
1344
687
-89
-950
-1640
-2235
-2684
-2929
-3137
-3351
-3502
-3535
-3551
-3562
-3450
-3333
-3285
-3213
-3118
-2982
-2699
-2320
-1974
-1643
-1139
-525
-64
337
871
1339
1751
2372
2945
3143
3377
4067
4596
4654
4835
5169
5153
4862
4738
4578
3895
2955
2188
1477
558
-441
-1239
-1873
-2398
-2886
-3420
-3771
-3907
-4024
-4164
-4180
-4058
-4004
-3928
-3747
-3607
-3410
-2957
-2463
-2180
-1831
-1230
-742
-360
183
751
1196
1750
2439
2808
3041
3693
4428
4647
4693
5074
5357
5129
4819
4665
4185
3304
2502
1893
1138
161
-733
-1380
-1805
-2206
-2723
-3150
-3332
-3480
-3786
-3964
-3941
-3958
-4000
-3946
-3840
-3734
-3411
-2912
-2537
-2272
-1812
-1232
-776
-296
244
540
858
1552
2125
2314
2679
3456
3955
3972
4221
4633
4533
4175
4074
3943
3264
2387
1788
1216
394
-435
-1079
-1558
-1925
-2414
-2890
-3113
-3156
-3254
-3417
-3429
-3440
-3487
-3330
-3121
-3052
-2742
-2181
-1775
-1520
-1033
-368
-52
180
591
898
1002
1312
1869
2101
2141
2515
3121
3355
3392
3714
3863
3606
3404
3337
2883
2079
1515
1061
421
-300
-983
-1472
-1750
-1999
-2353
-2679
-2773
-2894
-3164
-3381
-3461
-3508
-3546
-3401
-3277
-3132
-2763
-2318
-2060
-1764
-1034
-395
-82
279
827
1225
1535
2129
2618
2761
3038
3682
4060
4064
4305
4631
4532
4271
4211
3985
3311
2571
2087
1550
812
26
-660
-1137
-1512
-1935
-2351
-2555
-2661
-2777
-2882
-2995
-3142
-3237
-3079
-2918
-2982
-2863
-2396
-2033
-1870
-1502
-894
-553
-383
-6
354
556
898
1391
1574
1618
2130
2801
2994
3016
3460
3817
3741
3615
3471
3090
2433
1819
1294
635
-151
-929
-1490
-1759
-2091
-2549
-2888
-3004
-3094
-3251
-3315
-3355
-3434
-3430
-3333
-3280
-3214
-2942
-2528
-2221
-1829
-1215
-603
-173
313
774
878
1038
1507
1902
1961
2180
2820
3230
3253
3516
4004
4268
4185
3921
3705
3323
2655
1886
1190
533
-274
-1007
-1460
-1686
-1896
-2245
-2471
-2488
-2475
-2559
-2716
-2808
-2834
-2762
-2735
-2809
-2605
-2140
-1782
-1587
-1233
-741
-430
-106
284
496
516
644
1020
1151
1035
1311
1981
2402
2480
2880
3581
3872
3688
3515
3569
3414
2811
2113
1651
1257
508
-296
-803
-1121
-1455
-1867
-2157
-2291
-2392
-2602
-2906
-3070
-3053
-2994
-3044
-3091
-2833
-2430
-2139
-1862
-1440
-932
-436
20
334
513
762
1276
1717
1828
1924
2409
3159
3494
3480
3817
4344
4426
3965
3593
3560
3107
2156
1309
874
377
-483
-1223
-1579
-1765
-2143
-2574
-2861
-2973
-2978
-3137
-3398
-3516
-3487
-3430
-3450
-3459
-3254
-2814
-2384
-2123
-1764
-1199
-638
-330
-299
-270
-37
363
605
602
810
1541
2368
2706
2943
3666
4383
4415
4094
4120
4167
3502
2455
1806
1470
831
-51
-612
-772
-928
-1213
-1467
-1546
-1615
-1859
-2148
-2412
-2582
-2695
-2829
-2948
-3032
-2929
-2540
-2147
-1926
-1588
-1042
-530
-191
-45
5
159
502
733
811
1162
1862
2483
2828
3271
3917
4360
4327
4053
3985
3845
3116
2189
1549
1088
356
-525
-992
-1122
-1357
-1752
-2065
-2180
-2263
-2432
-2611
-2758
-2949
-3050
-3026
-3069
-3171
-3060
-2604
-2096
-1820
-1607
-1143
-597
-351
-380
-272
111
498
680
835
1217
1779
2384
2831
3273
3955
4494
4556
4355
4262
4068
3313
2304
1620
1188
573
-321
-1036
-1279
-1383
-1708
-2104
-2253
-2202
-2205
-2390
-2618
-2760
-2719
-2598
-2597
-2578
-2359
-1913
-1551
-1467
-1326
-948
-525
-432
-501
-285
102
358
498
711
1129
1691
2239
2602
2947
3598
4162
4223
3970
3908
3873
3327
2478
1870
1524
963
92
-590
-832
-1019
-1423
-1884
-2138
-2302
-2592
-2940
-3266
-3504
-3572
-3448
-3415
-3406
-3072
-2508
-2046
-1802
-1497
-970
-502
-255
-151
40
255
418
618
841
1178
1714
2362
2833
3127
3552
4009
4110
3896
3788
3756
3281
2428
1805
1447
854
-20
-741
-1065
-1221
-1511
-2002
-2347
-2412
-2474
-2763
-3149
-3324
-3319
-3218
-3208
-3288
-3160
-2820
-2468
-2197
-1904
-1463
-994
-648
-455
-326
-94
197
514
862
1270
1799
2404
2901
3264
3774
4393
4641
4499
4471
4590
4293
3515
2878
2534
2037
1243
414
-178
-464
-759
-1345
-1949
-2195
-2239
-2588
-3107
-3360
-3402
-3414
-3528
-3651
-3495
-3051
-2599
-2282
-1913
-1431
-997
-688
-432
-134
179
402
576
853
1223
1532
1859
2404
2949
3414
3829
4103
4131
4013
3975
3837
3326
2624
2127
1818
1242
373
-246
-460
-731
-1344
-1947
-2158
-2234
-2551
-2977
-3165
-3247
-3436
-3567
-3654
-3697
-3546
-3182
-2919
-2850
-2540
-2033
-1693
-1491
-1252
-929
-622
-486
-329
206
905
1286
1673
2497
3278
3689
4132
4615
4772
4701
4675
4477
3921
3321
2854
2396
1736
963
494
328
-123
-996
-1542
-1560
-1806
-2513
-3105
-3249
-3359
-3724
-4015
-3939
-3706
-3595
-3419
-3033
-2591
-2180
-1699
-1248
-968
-685
-341
-121
-67
238
897
1300
1350
1814
2763
3321
3475
3916
4501
4609
4319
4172
4043
3614
3015
2480
2037
1417
725
324
67
-398
-951
-1256
-1478
-1929
-2452
-2796
-3053
-3399
-3742
-3786
-3674
-3698
-3708
-3400
-2938
-2632
-2314
-1902
-1644
-1451
-1079
-775
-716
-607
-83
573
855
1029
1706
2597
2963
3062
3575
4257
4459
4190
4087
4183
3837
3048
2499
2377
1957
1070
393
153
-115
-689
-1293
-1660
-1833
-2154
-2700
-3029
-3059
-3189
-3334
-3337
-3243
-3093
-2797
-2438
-2218
-1904
-1555
-1342
-1049
-641
-345
-203
-36
262
720
1171
1351
1710
2519
3040
3105
3415
4038
4182
3807
3790
4036
3774
3066
2502
2293
1902
1092
335
-42
-332
-990
-1756
-2117
-2263
-2696
-3313
-3559
-3496
-3581
-3729
-3714
-3594
-3451
-3142
-2794
-2591
-2249
-1787
-1478
-1258
-995
-660
-344
-163
30
583
1241
1431
1542
2236
2990
3136
3305
3903
4337
4221
3942
3940
3892
3444
2840
2427
2072
1370
540
36
-319
-849
-1519
-2014
-2227
-2448
-2880
-3334
-3487
-3460
-3571
-3694
-3709
-3563
-3246
-2996
-2891
-2632
-2106
-1690
-1506
-1213
-730
-346
-164
-7
374
980
1358
1467
1894
2715
3235
3309
3663
4283
4492
4298
4256
4398
4089
3355
2835
2526
1932
1015
269
-170
-703
-1417
-1999
-2345
-2564
-2802
-2972
-3085
-3193
-3151
-3070
-3082
-2981
-2644
-2283
-2123
-1924
-1537
-1314
-1165
-778
-321
1
251
424
418
578
1053
1297
1270
1535
2178
2620
2760
3140
3642
3800
3743
3799
3836
3453
2809
2375
2074
1437
488
-263
-592
-877
-1477
-2098
-2370
-2375
-2576
-2981
-3092
-2944
-3011
-3291
-3390
-3214
-3083
-2983
-2720
-2345
-1939
-1607
-1276
-921
-548
-196
73
304
392
606
1153
1459
1440
1681
2484
3165
3332
3715
4378
4689
4463
4223
4159
3846
3167
2435
1831
1109
140
-759
-1416
-1945
-2453
-3029
-3504
-3604
-3536
-3728
-4003
-3934
-3701
-3647
-3596
-3322
-2980
-2723
-2475
-2128
-1592
-1050
-742
-464
-120
318
698
859
931
1046
1439
1791
1799
1893
2522
3310
3616
3845
4505
5089
5041
4761
4777
4592
3869
2984
2237
1600
747
-274
-1217
-1903
-2338
-2914
-3513
-3723
-3724
-3882
-4218
-4228
-4056
-4152
-4206
-3923
-3331
-2843
-2495
-1970
-1276
-647
-282
111
571
854
1042
1131
1064
933
923
1074
1119
1177
1572
2179
2696
3044
3499
4072
4334
4212
4079
4099
3798
3027
2254
1755
1218
317
-595
-1186
-1519
-1937
-2519
-2876
-2880
-2907
-3231
-3529
-3514
-3487
-3528
-3478
-3219
-2816
-2447
-2011
-1488
-912
-385
66
520
817
1008
1189
1302
1226
929
798
978
1104
1037
1161
1810
2387
2506
2832
3497
3764
3497
3387
3450
3101
2375
1734
1323
842
121
-589
-1013
-1207
-1564
-2138
-2469
-2490
-2582
-2941
-3184
-3142
-3091
-3031
-2949
-2867
-2622
-2213
-1878
-1638
-1186
-636
-348
-161
-8
106
233
240
46
-242
-207
209
469
440
695
1526
2171
2178
2326
2994
3452
3216
2948
3064
2970
2328
1596
1324
1111
414
-470
-927
-1038
-1355
-1873
-2209
-2212
-2182
-2319
-2436
-2403
-2291
-2099
-1898
-1799
-1626
-1236
-974
-1066
-1065
-752
-525
-552
-633
-578
-355
-237
-354
-455
-261
82
261
338
723
1402
1984
2292
2694
3390
3892
3898
3773
3980
4069
3546
2811
2430
2174
1495
559
-95
-401
-832
-1492
-1878
-1913
-2000
-2161
-2195
-2152
-2198
-2169
-1965
-1906
-1999
-1938
-1662
-1452
-1462
-1375
-1047
-747
-594
-529
-384
-229
-157
-210
-271
-134
114
307
413
714
1243
1706
2061
2589
3162
3528
3639
3620
3569
3328
2860
2243
1642
1026
327
-338
-798
-1117
-1435
-1701
-1846
-1934
-2051
-2131
-2117
-2107
-2202
-2321
-2451
-2585
-2639
-2581
-2478
-2407
-2264
-1984
-1734
-1524
-1319
-1143
-981
-800
-678
-582
-528
-472
-238
88
410
757
1355
2071
2595
3074
3656
4015
4120
4224
4383
4202
3703
3298
2982
2460
1643
940
416
-26
-469
-960
-1321
-1480
-1626
-1941
-2317
-2490
-2618
-2800
-2932
-3006
-2957
-2996
-3011
-2849
-2584
-2372
-2171
-1823
-1453
-1165
-955
-770
-537
-365
-387
-322
47
481
613
779
1363
1970
2269
2609
3226
3769
4083
4347
4584
4632
4439
4038
3545
2998
2323
1436
561
15
-522
-1271
-1809
-1963
-2150
-2430
-2583
-2635
-2764
-2854
-2934
-3034
-3092
-3034
-2842
-2698
-2490
-2184
-1714
-1287
-1003
-674
-267
41
139
233
378
463
448
625
888
1084
1409
2029
2641
3049
3657
4321
4804
5012
5048
5075
4915
4338
3436
2608
1880
879
-255
-1103
-1653
-2170
-2817
-3188
-3232
-3292
-3525
-3679
-3573
-3634
-3848
-3896
-3796
-3857
-3925
-3582
-3071
-2715
-2331
-1767
-1118
-575
-143
173
398
669
768
731
655
611
694
890
1240
1627
2157
2836
3499
4149
4748
5148
5273
5240
5083
4496
3634
2725
1778
766
-373
-1360
-2110
-2626
-3027
-3450
-3614
-3585
-3608
-3705
-3745
-3705
-3720
-3709
-3675
-3614
-3444
-3115
-2801
-2510
-1963
-1265
-660
-109
448
1066
1652
2003
2121
2180
2277
2110
1778
1849
2034
1941
1905
2388
2976
3135
3343
3899
4313
4251
4017
3915
3634
2843
1789
993
380
-507
-1452
-2019
-2259
-2607
-2966
-2934
-2750
-2740
-2789
-2726
-2678
-2854
-3017
-3087
-3267
-3437
-3332
-3002
-2746
-2390
-1693
-867
-178
439
1104
1659
1963
2059
2003
1934
1758
1389
1111
1247
1415
1270
1369
2015
2647
2916
3330
3998
4285
4162
4113
3955
3406
2582
1715
888
17
-840
-1650
-2236
-2460
-2653
-2985
-3146
-3028
-3021
-3243
-3352
-3271
-3280
-3508
-3642
-3661
-3581
-3365
-3079
-2656
-2030
-1227
-453
292
1048
1684
2055
2247
2275
2157
1990
1630
1114
781
818
839
617
742
1443
2047
2253
2640
3239
3446
3234
3052
2913
2343
1531
818
149
-491
-1102
-1579
-1882
-1977
-1889
-1854
-1841
-1666
-1502
-1585
-1781
-1926
-2111
-2354
-2515
-2566
-2535
-2340
-2048
-1719
-1205
-530
1
420
879
1244
1355
1280
1187
961
642
338
-14
-367
-421
-188
-58
54
613
1436
1916
2219
2814
3317
3288
3102
3039
2792
2151
1355
749
292
-289
-892
-1226
-1256
-1244
-1337
-1410
-1254
-1072
-1110
-1202
-1199
-1251
-1474
-1690
-1845
-1931
-1893
-1782
-1663
-1477
-1069
-543
-124
239
650
1037
1279
1289
1190
1070
843
486
100
-67
4
28
-82
89
655
1198
1453
1808
2383
2691
2641
2440
2305
2089
1566
842
317
44
-428
-1008
-1220
-1161
-1240
-1314
-1155
-968
-908
-888
-903
-1049
-1285
-1497
-1687
-1992
-2255
-2293
-2233
-2227
-2044
-1529
-1038
-666
-281
146
511
707
703
563
503
400
98
-195
-325
-261
-101
102
420
1025
1771
2254
2652
3321
3871
3887
3727
3715
3597
3000
2238
1705
1280
668
-30
-447
-716
-975
-1211
-1324
-1360
-1418
-1542
-1777
-2021
-2343
-2692
-2964
-3250
-3576
-3635
-3480
-3472
-3356
-2772
-2056
-1575
-1066
-414
203
590
700
752
817
763
484
219
105
-15
-44
8
37
263
802
1300
1687
2268
2883
3153
3173
3205
3184
3037
2714
2268
1896
1574
1139
652
275
-22
-213
-335
-488
-626
-646
-702
-1070
-1582
-1992
-2353
-2894
-3483
-3776
-3813
-3821
-3740
-3336
-2674
-1982
-1226
-419
345
1046
1618
1960
2118
2184
2111
1867
1547
1270
1098
1052
963
929
1231
1701
2006
2322
2778
3072
3139
3157
3177
3054
2735
2311
1827
1364
854
258
-235
-610
-872
-1027
-1193
-1391
-1517
-1638
-2001
-2500
-2916
-3330
-3836
-4296
-4552
-4607
-4556
-4477
-4171
-3468
-2587
-1759
-924
59
1016
1665
1982
2221
2395
2296
1889
1402
965
473
29
-219
-250
-149
109
592
1204
1800
2298
2790
3227
3427
3389
3282
3033
2460
1891
1520
1135
709
364
178
22
-216
-493
-760
-994
-1406
-1950
-2376
-2791
-3364
-3887
-4146
-4318
-4390
-4168
-3689
-3136
-2545
-1754
-820
4
695
1300
1868
2218
2173
1984
1832
1476
958
583
330
3
-228
-82
132
243
539
1134
1630
1904
2270
2644
2774
2673
2626
2634
2440
2019
1625
1374
1025
544
140
-78
-269
-648
-1044
-1293
-1542
-1894
-2285
-2529
-2708
-2933
-3046
-3015
-2952
-2824
-2498
-2133
-1808
-1316
-698
-136
303
709
1047
1264
1350
1263
1153
1096
915
583
311
175
28
-98
-19
102
181
428
893
1330
1661
2124
2651
2914
2940
3004
3062
2801
2317
1955
1666
1173
553
119
-199
-601
-1055
-1433
-1657
-1853
-2140
-2385
-2448
-2528
-2719
-2742
-2621
-2578
-2527
-2266
-1932
-1712
-1466
-1087
-731
-449
-123
241
576
764
857
949
985
880
687
547
428
212
-50
-85
41
74
99
441
925
1157
1477
2106
2591
2739
2879
3145
3190
2855
2440
2124
1747
1090
347
-199
-640
-1140
-1679
-2048
-2167
-2223
-2418
-2606
-2554
-2473
-2539
-2575
-2585
-2628
-2620
-2579
-2531
-2365
-2033
-1665
-1298
-843
-371
20
325
567
784
986
1118
1066
855
594
354
40
-262
-254
-134
-36
271
855
1386
1763
2311
2954
3351
3511
3628
3661
3430
2989
2508
2104
1657
1079
596
314
95
-201
-438
-505
-485
-521
-658
-721
-693
-827
-1082
-1279
-1499
-1802
-2082
-2327
-2583
-2632
-2481
-2374
-2234
-1865
-1421
-1055
-729
-396
-60
200
284
274
296
226
44
-149
-212
-93
44
81
298
844
1341
1666
2206
2863
3258
3416
3514
3500
3169
2647
2014
1429
824
74
-593
-968
-1179
-1452
-1660
-1598
-1342
-1292
-1423
-1361
-1220
-1458
-1928
-2253
-2551
-2933
-3255
-3404
-3450
-3301
-3008
-2695
-2232
-1583
-896
-259
303
734
1163
1580
1732
1636
1555
1437
1102
762
614
648
766
879
1161
1731
2323
2695
3099
3698
4105
4135
4050
3979
3746
3145
2364
1796
1318
613
-173
-694
-970
-1309
-1656
-1822
-1795
-1783
-1976
-2115
-2192
-2447
-2831
-3110
-3413
-3831
-4032
-4081
-4091
-3865
-3430
-2985
-2447
-1694
-885
-175
492
1010
1346
1624
1654
1483
1328
1177
929
614
375
270
382
606
745
1084
1711
2211
2475
2773
3163
3338
3246
3039
2887
2645
2051
1414
1092
855
370
-109
-251
-278
-420
-555
-612
-623
-748
-1025
-1320
-1664
-2113
-2575
-2968
-3297
-3555
-3664
-3603
-3469
-3177
-2714
-2144
-1480
-780
-65
664
1240
1595
1943
2241
2268
2111
1951
1799
1551
1278
1062
908
887
926
961
1067
1308
1595
1797
1993
2249
2355
2193
1949
1755
1471
971
509
203
-71
-382
-676
-835
-897
-1085
-1448
-1673
-1736
-1902
-2221
-2483
-2656
-2870
-3168
-3409
-3542
-3581
-3523
-3363
-3064
-2611
-1966
-1254
-593
129
980
1682
2166
2590
2929
3064
2991
2766
2410
2032
1617
1142
730
487
386
361
442
655
1031
1494
1809
1970
2241
2577
2616
2366
2138
1948
1542
964
474
145
-208
-680
-1039
-1215
-1351
-1586
-1796
-1862
-1949
-2203
-2569
-2893
-3263
-3645
-3896
-4058
-4216
-4215
-3871
-3395
-2936
-2271
-1349
-413
430
1165
1836
2416
2830
2938
2929
2917
2706
2336
1961
1686
1399
1084
898
864
919
1026
1164
1321
1492
1712
1903
1911
1884
1893
1808
1571
1268
1051
808
515
233
10
-183
-393
-616
-810
-935
-1047
-1256
-1498
-1655
-1780
-2001
-2344
-2579
-2689
-2730
-2712
-2664
-2480
-2149
-1718
-1346
-988
-411
203
618
975
1323
1634
1844
1873
1823
1748
1649
1405
1080
897
791
586
302
167
166
148
137
94
51
149
294
253
192
312
404
272
156
200
206
102
-25
-68
-76
-119
-229
-348
-348
-399
-595
-851
-1017
-1099
-1280
-1451
-1506
-1497
-1468
-1415
-1309
-1107
-805
-453
-121
246
712
1060
1275
1517
1790
1907
1842
1774
1753
1653
1414
1172
918
608
277
-71
-368
-537
-718
-915
-928
-800
-708
-664
-463
-167
43
320
669
948
1071
1183
1327
1360
1211
1039
936
766
441
91
-125
-389
-729
-1044
-1260
-1429
-1636
-1860
-1984
-1988
-2041
-2081
-1969
-1816
-1730
-1553
-1262
-1016
-782
-461
-182
37
281
506
665
786
878
892
856
802
701
572
469
295
29
-274
-452
-523
-606
-616
-514
-348
-137
189
599
958
1333
1754
2037
2219
2349
2427
2359
2204
2103
1947
1706
1378
1097
874
655
391
113
-129
-352
-559
-810
-1072
-1365
-1667
-1951
-2132
-2338
-2591
-2728
-2714
-2618
-2501
-2220
-1810
-1403
-1025
-540
93
556
768
1012
1326
1422
1301
1166
1101
937
647
387
225
143
-4
-63
138
356
484
711
1085
1382
1496
1653
1826
1865
1793
1729
1697
1558
1270
1086
1096
1003
800
670
680
665
478
177
-142
-444
-836
-1354
-1893
-2336
-2744
-3232
-3647
-3844
-3901
-3885
-3752
-3474
-3028
-2454
-1879
-1306
-703
-136
299
554
718
865
940
830
599
487
432
237
-17
-113
-115
-98
-23
97
310
501
604
781
1098
1324
1391
1509
1677
1840
2013
2175
2252
2327
2432
2529
2618
2650
2520
2298
2056
1684
1191
688
201
-421
-1126
-1716
-2162
-2537
-2890
-3140
-3124
-2907
-2730
-2554
-2218
-1793
-1399
-1013
-594
-191
156
421
577
650
705
718
612
447
286
160
0
-215
-356
-355
-301
-329
-339
-183
61
210
364
682
1050
1254
1360
1587
1885
2094
2166
2243
2411
2429
2165
1927
1805
1523
1008
533
161
-274
-780
-1279
-1745
-2170
-2594
-3021
-3301
-3454
-3586
-3632
-3542
-3385
-3131
-2773
-2380
-1924
-1335
-750
-259
228
657
958
1190
1400
1540
1619
1608
1456
1301
1181
963
670
461
357
312
303
312
363
537
768
970
1242
1623
1932
2116
2290
2444
2535
2517
2417
2299
2156
1912
1514
1126
803
329
-205
-673
-1147
-1596
-2090
-2643
-3075
-3315
-3516
-3738
-3834
-3792
-3663
-3458
-3206
-2877
-2431
-1959
-1501
-955
-368
111
459
777
1097
1404
1603
1640
1612
1579
1434
1182
1039
985
885
758
691
752
908
993
1014
1152
1341
1432
1493
1616
1719
1712
1639
1550
1457
1346
1225
1083
985
843
597
374
206
4
-299
-571
-789
-1096
-1450
-1771
-2056
-2312
-2525
-2651
-2651
-2587
-2487
-2309
-2029
-1695
-1382
-1038
-650
-289
26
258
418
571
658
674
652
636
671
663
613
595
595
632
707
755
812
904
998
1073
1096
1051
941
877
845
759
664
603
507
384
316
292
303
346
422
507
590
640
621
580
486
290
31
-214
-416
-657
-913
-1157
-1346
-1449
-1502
-1497
-1436
-1327
-1204
-1083
-935
-796
-695
-593
-555
-575
-595
-621
-666
-717
-723
-699
-591
-405
-253
-108
100
317
472
636
799
927
985
978
956
876
706
456
269
187
88
-7
-23
36
141
327
568
817
1036
1210
1308
1321
1307
1212
1041
840
634
416
166
-110
-371
-569
-695
-786
-800
-710
-606
-524
-449
-405
-391
-394
-446
-491
-508
-551
-636
-754
-828
-824
-802
-784
-675
-466
-300
-168
10
199
313
406
498
538
595
593
461
296
136
-35
-190
-267
-257
-198
-119
-75
-18
162
344
449
516
584
694
790
748
628
615
610
468
305
277
345
369
329
355
467
577
605
576
604
583
397
53
-339
-686
-1015
-1348
-1703
-1977
-2128
-2209
-2227
-2156
-1926
-1537
-1112
-752
-388
24
399
669
840
961
1043
1039
918
764
619
474
327
210
104
7
-14
28
70
94
141
222
276
290
334
397
434
471
513
601
721
841
977
1140
1363
1524
1575
1588
1567
1518
1366
1105
821
497
102
-354
-822
-1241
-1604
-1908
-2153
-2302
-2342
-2333
-2290
-2208
-2034
-1753
-1455
-1243
-1044
-811
-624
-504
-410
-273
-122
-25
47
94
149
233
321
403
488
560
595
613
604
548
460
398
361
305
231
206
257
363
462
555
731
937
1146
1361
1586
1822
2025
2096
2022
1931
1822
1617
1322
994
635
244
-169
-568
-920
-1230
-1464
-1651
-1866
-2045
-2125
-2124
-2120
-2095
-1971
-1771
-1572
-1340
-1057
-783
-517
-258
-10
260
514
710
877
1003
1086
1104
1066
987
845
647
419
169
-97
-366
-613
-774
-866
-896
-825
-668
-467
-272
-34
274
578
878
1153
1416
1651
1803
1884
1900
1879
1802
1634
1426
1222
991
738
499
267
2
-258
-492
-752
-993
-1186
-1388
-1593
-1793
-1959
-2079
-2149
-2176
-2142
-2029
-1911
-1789
-1620
-1378
-1127
-856
-530
-226
36
246
426
608
712
737
711
666
595
452
314
202
90
-40
-165
-232
-287
-317
-257
-149
-14
114
261
424
601
834
1071
1329
1558
1740
1936
2106
2239
2319
2333
2302
2201
2010
1742
1420
1106
760
369
-45
-432
-791
-1191
-1515
-1770
-2011
-2185
-2319
-2383
-2374
-2333
-2222
-2037
-1783
-1495
-1175
-825
-512
-213
86
351
590
770
884
925
909
842
686
471
266
86
-131
-360
-585
-818
-993
-1059
-1060
-969
-790
-534
-235
86
449
804
1173
1529
1835
2087
2253
2322
2310
2213
2039
1823
1554
1236
889
547
190
-204
-549
-809
-1039
-1261
-1461
-1592
-1699
-1796
-1849
-1864
-1835
-1769
-1649
-1481
-1275
-1060
-851
-626
-389
-122
146
344
505
630
701
706
658
577
436
256
82
-113
-324
-508
-657
-741
-785
-750
-656
-533
-362
-161
62
279
515
746
964
1161
1325
1469
1582
1700
1818
1873
1895
1902
1906
1873
1789
1688
1529
1298
999
666
321
-40
-443
-849
-1231
-1584
-1901
-2139
-2278
-2355
-2380
-2346
-2229
-2070
-1890
-1677
-1450
-1251
-1087
-958
-827
-700
-594
-488
-367
-259
-184
-115
-37
80
215
314
396
454
486
512
528
545
529
495
508
565
638
726
857
1019
1198
1402
1586
1761
1932
2094
2232
2316
2333
2259
2137
1990
1755
1414
1070
726
363
-18
-416
-767
-1048
-1296
-1564
-1770
-1931
-2073
-2149
-2198
-2210
-2188
-2171
-2151
-2125
-2083
-1990
-1849
-1677
-1437
-1167
-907
-645
-393
-145
91
291
440
566
660
731
784
797
795
772
702
631
563
486
421
374
343
326
340
383
445
534
658
793
931
1082
1237
1368
1488
1593
1661
1677
1646
1583
1464
1277
1065
804
487
167
-168
-525
-861
-1146
-1384
-1547
-1639
-1706
-1742
-1707
-1643
-1554
-1434
-1305
-1158
-1018
-900
-801
-698
-607
-538
-511
-487
-449
-415
-384
-341
-299
-262
-221
-174
-124
-85
-59
-44
-33
-70
-96
-104
-103
-94
-82
-36
62
177
337
541
770
991
1212
1456
1661
1786
1847
1887
1890
1842
1753
1622
1446
1222
951
715
528
360
227
106
12
-94
-223
-337
-438
-526
-646
-776
-889
-1017
-1153
-1269
-1372
-1473
-1545
-1542
-1459
-1368
-1240
-1066
-867
-650
-440
-236
-49
92
200
279
324
335
324
302
274
265
253
231
203
179
183
180
156
142
115
73
56
45
42
48
81
138
215
321
426
524
610
746
870
947
1001
995
936
856
756
593
420
213
-24
-256
-486
-690
-875
-1021
-1120
-1176
-1203
-1197
-1138
-1072
-993
-892
-789
-678
-585
-514
-460
-379
-285
-185
-79
61
225
394
554
690
809
909
975
996
988
928
825
677
505
329
162
19
-123
-251
-328
-348
-322
-273
-199
-86
64
238
412
560
668
746
792
789
765
716
636
503
347
195
58
-77
-216
-327
-446
-564
-677
-787
-916
-1028
-1145
-1280
-1413
-1543
-1638
-1684
-1655
-1586
-1462
-1278
-1039
-755
-451
-126
183
507
798
1044
1231
1332
1370
1315
1220
1098
957
816
666
480
312
184
47
-56
-136
-200
-198
-162
-131
-103
-62
-22
46
149
276
407
533
665
814
957
1061
1164
1241
1290
1307
1273
1179
1047
835
618
401
181
-48
-270
-430
-577
-680
-759
-803
-807
-779
-776
-771
-752
-779
-810
-859
-893
-965
-1007
-1042
-1057
-1057
-1038
-975
-906
-798
-668
-527
-414
-288
-195
-155
-164
-207
-245
-309
-378
-459
-513
-516
-478
-431
-339
-201
-20
224
504
793
1085
1387
1598
1775
1959
2083
2117
2106
2070
2009
1902
1728
1515
1286
1087
896
693
494
311
126
-78
-276
-492
-715
-962
-1173
-1381
-1594
-1780
-1959
-2095
-2178
-2200
-2165
-2111
-2034
-1893
-1744
-1598
-1447
-1267
-1077
-908
-774
-645
-503
-370
-257
-110
79
243
392
533
680
819
949
1064
1157
1245
1309
1368
1410
1427
1438
1425
1404
1399
1389
1396
1431
1451
1450
1441
1434
1412
1344
1243
1136
1015
870
705
523
295
51
-177
-382
-562
-748
-931
-1097
-1243
-1374
-1514
-1633
-1714
-1789
-1841
-1894
-1930
-1919
-1883
-1830
-1755
-1627
-1444
-1233
-1001
-753
-501
-228
24
252
463
633
778
890
963
1006
1001
928
820
757
706
634
572
501
445
434
449
506
588
664
764
846
911
981
1010
1044
1093
1131
1156
1134
1070
983
896
812
717
596
454
297
145
-44
-246
-443
-628
-807
-984
-1155
-1326
-1453
-1562
-1658
-1709
-1735
-1736
-1706
-1683
-1633
-1554
-1479
-1359
-1231
-1102
-950
-779
-574
-368
-190
-27
135
296
478
637
732
780
801
804
791
740
695
673
616
578
570
546
536
545
564
646
725
767
844
899
934
950
948
953
937
883
768
622
460
295
166
52
-71
-176
-250
-357
-478
-606
-693
-724
-767
-814
-867
-886
-907
-949
-945
-926
-901
-851
-793
-731
-641
-543
-465
-371
-275
-194
-81
20
89
132
145
168
214
245
285
303
325
368
395
459
528
556
605
650
668
717
769
792
803
786
764
755
735
715
713
705
705
694
686
667
645
631
602
581
551
464
344
234
82
-78
-231
-409
-571
-746
-955
-1130
-1293
-1401
-1458
-1519
-1520
-1512
-1527
-1478
-1383
-1269
-1151
-1043
-945
-853
-773
-695
-596
-501
-422
-335
-254
-195
-126
-57
11
96
178
296
417
511
581
639
733
835
909
944
950
965
1010
1068
1145
1208
1237
1246
1253
1266
1257
1214
1179
1118
999
858
686
509
345
180
21
-158
-353
-522
-665
-790
-884
-971
-1035
-1084
-1129
-1184
-1197
-1175
-1160
-1106
-1061
-1029
-992
-943
-858
-762
-674
-608
-541
-462
-426
-403
-388
-346
-261
-222
-207
-181
-153
-79
40
151
259
374
452
493
535
552
584
625
635
702
750
749
762
754
752
791
831
844
842
832
824
840
825
784
751
705
619
488
318
167
39
-86
-217
-362
-506
-620
-691
-731
-789
-823
-836
-853
-826
-783
-706
-581
-468
-379
-279
-198
-134
-71
-19
23
28
16
3
-12
-11
0
30
66
140
228
292
367
422
455
471
460
435
434
451
458
431
389
352
315
265
237
258
276
299
330
336
337
346
383
417
408
381
338
273
169
-5
-184
-314
-437
-611
-807
-946
-1088
-1225
-1310
-1363
-1350
-1303
-1260
-1189
-1105
-1031
-948
-876
-795
-674
-572
-515
-451
-397
-366
-325
-293
-251
-165
-81
26
148
238
345
436
502
584
642
703
752
765
786
786
780
795
800
791
787
792
813
871
915
912
917
887
847
825
754
708
696
636
565
514
441
329
201
19
-160
-276
-397
-521
-628
-732
-804
-856
-908
-926
-903
-859
-811
-764
-727
-692
-652
-615
-583
-583
-625
-673
-650
-593
-562
-531
-497
-498
-457
-382
-337
-269
-180
-93
13
150
285
434
565
679
785
854
895
952
1027
1137
1253
1300
1349
1400
1483
1566
1581
1584
1586
1557
1506
1434
1286
1085
870
611
346
107
-166
-451
-718
-984
-1242
-1456
-1625
-1755
-1825
-1873
-1898
-1885
-1863
-1803
-1735
-1699
-1638
-1571
-1513
-1437
-1351
-1251
-1161
-1059
-970
-864
-722
-610
-497
-379
-265
-128
18
199
389
555
694
799
885
960
1029
1085
1132
1166
1209
1270
1351
1439
1542
1637
1709
1789
1831
1857
1880
1878
1858
1823
1735
1606
1475
1285
1055
784
480
170
-138
-398
-655
-933
-1213
-1488
-1728
-1941
-2109
-2215
-2293
-2351
-2390
-2427
-2425
-2363
-2265
-2145
-2027
-1913
-1789
-1623
-1442
-1246
-1006
-775
-572
-375
-202
-47
105
242
390
575
766
913
1031
1131
1203
1253
1295
1352
1414
1483
1572
1643
1687
1714
1748
1786
1823
1833
1807
1802
1787
1753
1711
1643
1562
1421
1232
1022
805
587
353
110
-151
-387
-615
-892
-1152
-1360
-1574
-1749
-1851
-1930
-1971
-1975
-1931
-1856
-1772
-1659
-1510
-1353
-1228
-1073
-896
-754
-615
-474
-355
-270
-186
-84
21
90
131
163
183
193
185
171
157
134
122
152
209
289
399
512
588
700
842
939
1045
1120
1191
1241
1266
1274
1254
1225
1154
1024
851
683
502
299
57
-179
-376
-531
-685
-799
-868
-978
-1086
-1166
-1181
-1161
-1134
-1114
-1108
-1096
-1038
-953
-869
-772
-662
-578
-511
-441
-392
-330
-263
-206
-162
-112
-46
-4
58
142
218
288
353
398
454
500
526
554
598
638
677
715
722
695
662
672
688
698
698
687
677
657
647
643
637
602
555
509
452
395
357
333
292
250
184
94
-9
-140
-258
-380
-468
-516
-570
-650
-735
-811
-918
-997
-998
-967
-949
-910
-868
-795
-703
-630
-544
-495
-448
-364
-250
-175
-132
-82
-55
-5
61
97
133
146
137
129
143
178
221
280
355
407
430
479
531
576
622
673
729
754
796
808
784
740
667
611
538
453
383
293
196
103
-13
-112
-161
-202
-257
-320
-398
-474
-523
-537
-545
-576
-617
-634
-647
-646
-619
-584
-574
-568
-544
-519
-496
-493
-450
-387
-337
-250
-135
-32
49
127
214
290
384
459
538
604
637
669
687
693
673
651
602
540
480
437
406
356
294
220
167
121
74
66
70
90
122
163
220
247
279
286
274
256
217
168
91
-5
-110
-226
-375
-503
-636
-804
-971
-1126
-1231
-1321
-1375
-1383
-1386
-1342
-1278
-1215
-1105
-971
-847
-694
-514
-341
-147
16
140
248
342
406
482
572
645
670
670
638
574
511
419
344
320
303
327
351
364
359
362
425
503
606
728
858
974
1034
1059
1080
1064
1007
968
916
849
758
666
554
411
283
175
63
-61
-180
-297
-431
-566
-677
-750
-791
-823
-848
-874
-870
-857
-838
-794
-747
-694
-613
-547
-507
-462
-402
-349
-314
-285
-260
-240
-223
-202
-187
-158
-130
-100
-54
-7
73
142
180
219
272
313
363
416
466
526
569
634
676
678
682
677
667
640
628
616
587
532
465
411
337
270
213
151
65
-51
-152
-242
-292
-336
-404
-449
-502
-524
-561
-607
-641
-663
-667
-690
-704
-710
-704
-677
-637
-627
-631
-619
-571
-508
-450
-417
-372
-342
-327
-291
-266
-206
-160
-98
-41
34
99
141
190
219
266
307
317
349
369
360
380
379
368
369
375
405
429
448
457
459
482
501
514
502
471
454
433
408
386
372
354
301
231
158
98
55
9
-28
-65
-109
-147
-180
-193
-181
-197
-199
-185
-184
-185
-195
-194
-205
-183
-159
-160
-130
-82
-25
25
61
94
118
117
118
88
58
15
-21
-9
-15
28
105
156
181
168
142
121
78
59
61
66
74
106
144
133
124
90
62
38
12
12
4
-17
-63
-126
-161
-201
-228
-225
-239
-259
-281
-345
-417
-473
-518
-507
-516
-521
-501
-494
-454
-410
-362
-311
-229
-137
-62
4
52
95
116
137
176
212
249
303
355
386
397
403
393
363
322
292
271
266
260
262
298
313
316
306
300
294
283
310
315
298
280
242
214
167
96
45
0
-56
-119
-190
-272
-347
-404
-444
-484
-525
-554
-554
-573
-587
-602
-600
-588
-587
-568
-553
-528
-487
-437
-409
-361
-320
-282
-222
-169
-110
-49
-8
24
54
85
148
198
243
275
278
283
326
386
435
477
506
516
501
491
460
443
455
455
475
497
474
468
473
463
460
461
427
385
363
313
284
275
256
246
225
201
165
128
89
42
-19
-83
-153
-236
-287
-335
-384
-410
-427
-438
-442
-454
-490
-517
-525
-541
-510
-438
-390
-359
-315
-289
-258
-211
-197
-180
-169
-172
-177
-172
-139
-134
-114
-93
-113
-130
-117
-88
-70
-75
-91
-78
-48
-16
36
97
144
199
264
323
353
378
382
394
412
396
362
344
356
349
330
309
280
223
164
108
61
34
-21
-77
-103
-115
-133
-140
-144
-131
-104
-91
-81
-89
-109
-129
-128
-125
-113
-108
-129
-155
-173
-181
-207
-226
-239
-244
-252
-256
-245
-233
-209
-196
-183
-148
-95
-41
-24
-19
0
37
85
108
111
134
199
234
271
314
314
318
348
396
428
453
450
441
445
426
391
352
284
209
181
134
89
61
27
13
-14
-41
-65
-103
-166
-223
-270
-323
-343
-335
-325
-318
-330
-342
-339
-340
-318
-311
-293
-296
-296
-289
-287
-252
-229
-191
-172
-178
-184
-172
-154
-125
-81
-46
-36
-13
44
90
136
173
195
225
257
261
261
229
210
214
226
245
245
252
243
234
247
251
257
252
237
227
220
210
193
166
151
137
114
92
54
13
-25
-37
-38
-20
0
-43
-99
-140
-205
-256
-278
-289
-302
-301
-266
-228
-214
-172
-110
-89
-52
-14
9
23
11
-19
-42
-38
-67
-96
-98
-67
-25
-17
-13
-7
-12
-20
-20
-1
1
-8
9
-2
-10
5
12
13
-1
-22
-44
-56
-67
-57
-66
-77
-78
-67
-55
-52
-47
-63
-59
-60
-52
-50
-53
-71
-76
-49
-30
-6
-2
0
-12
-17
0
23
15
4
32
52
80
101
123
132
120
123
136
155
164
158
167
177
190
193
181
202
230
230
227
255
272
261
287
298
289
299
306
287
253
218
194
187
180
142
94
42
-26
-71
-108
-167
-252
-308
-339
-365
-375
-405
-425
-448
-442
-404
-382
-360
-348
-349
-342
-305
-288
-277
-260
-245
-216
-177
-139
-114
-118
-150
-172
-177
-165
-168
-176
-163
-130
-85
-42
-7
30
61
91
144
177
211
253
295
343
403
458
492
506
496
476
456
433
414
393
346
296
241
201
152
91
62
34
11
-9
-20
-53
-102
-128
-143
-144
-150
-168
-197
-204
-200
-180
-150
-139
-147
-159
-190
-229
-240
-241
-251
-273
-266
-239
-227
-233
-227
-208
-210
-192
-154
-102
-52
-11
43
92
123
138
144
155
158
167
187
195
189
193
193
192
198
191
175
157
123
101
83
37
16
3
-5
-6
1
3
-5
-12
-25
-18
-6
-11
-4
-6
-13
-6
-5
15
21
19
10
-6
-5
-13
-22
-46
-66
-64
-57
-39
-51
-58
-49
-54
-53
-57
-42
-43
-36
-29
-36
-24
-5
14
24
48
61
69
80
90
105
97
73
56
54
65
83
100
104
89
81
84
93
103
102
77
56
47
26
-1
-17
-35
-52
-63
-84
-94
-102
-117
-126
-134
-142
-154
-160
-168
-165
-147
-139
-137
-132
-118
-112
-102
-84
-91
-79
-55
-28
4
12
9
-1
8
2
-10
-26
-48
-58
-66
-56
-34
-11
-4
12
33
23
30
40
46
52
53
47
46
66
64
61
73
71
84
104
101
98
99
96
91
92
105
110
112
86
60
57
49
37
31
10
-9
0
-23
-36
-23
-17
-5
4
13
-9
-3
13
17
29
15
8
23
33
26
28
24
3
3
21
26
30
32
22
17
11
3
-12
-23
-25
-23
-18
-29
-37
-36
-27
-18
-5
2
-1
-3
-9
-23
-17
-18
-16
7
25
29
29
19
-8
-18
-24
-25
-25
-29
-42
-48
-56
-73
-71
-65
-74
-76
-49
-30
-18
-5
-12
-27
-39
-47
-44
-35
-43
-50
-47
-47
-41
-32
-35
-45
-50
-54
-54
-67
-68
-59
-61
-61
-50
-21
-3
-12
-29
-26
-9
7
29
42
54
69
77
86
81
71
67
50
57
66
67
71
71
67
51
31
15
21
14
5
-7
-10
-6
-14
-32
-57
-62
-61
-62
-52
-37
-17
1
8
2
-5
11
30
56
70
80
70
62
80
92
110
102
90
78
61
51
49
52
30
6
-13
-12
-4
-19
-26
-24
-16
3
7
11
16
19
20
38
39
38
61
83
87
68
56
42
55
84
107
97
49
16
-5
-15
-26
-35
-58
-94
-123
-145
-154
-148
-131
-128
-124
-116
-116
-100
-76
-71
-81
-82
-60
-48
-39
-37
-44
-54
-62
-59
-59
-47
-35
-35
-32
-39
-31
-23
-21
-13
-17
-23
-36
-43
-43
-45
-48
-32
-5
16
34
38
28
19
12
8
30
56
81
110
109
93
82
82
96
103
87
85
87
68
52
32
12
5
8
9
2
1
2
0
-12
-27
-36
-44
-36
-29
-23
-9
-1
13
16
14
-11
-27
-29
-27
2
28
52
67
67
56
53
65
64
72
83
84
78
74
61
43
31
34
53
49
41
35
14
-2
-1
0
-8
-14
-31
-59
-74
-81
-79
-85
-79
-66
-75
-72
-66
-57
-44
-45
-57
-70
-78
-86
-101
-123
-136
-125
-105
-91
-70
-68
-52
-37
-39
-37
-22
11
21
37
34
35
45
54
62
70
84
86
104
109
97
81
57
32
11
5
15
28
45
51
46
30
16
4
-10
-16
-3
21
38
72
74
67
74
74
77
65
58
43
35
30
21
13
4
-3
-17
-8
6
16
5
-23
-38
-70
-83
-72
-79
-99
-100
-93
-78
-70
-55
-57
-71
-56
-40
-24
-17
-3
7
2
-9
-35
-57
-56
-41
-31
-35
-30
-1
12
7
-12
-17
-20
-32
-36
-39
-36
-5
7
19
23
28
36
29
35
29
27
22
25
38
44
25
-8
-20
-15
-15
-21
-5
13
16
2
-8
-10
-3
1
5
11
15
24
21
28
28
47
63
84
96
71
60
49
62
67
69
74
68
68
72
56
49
54
41
29
9
8
23
28
2
-33
-40
-47
-49
-38
-22
-12
-1
13
9
-8
-13
-23
-35
-42
-51
-41
-33
-27
-27
-18
12
21
18
-3
-36
-58
-67
-68
-75
-68
-49
-50
-71
-79
-79
-79
-67
-74
-78
-79
-80
-74
-64
-49
-45
-32
-21
-18
-29
-21
-7
3
20
37
51
55
66
54
41
33
36
37
46
75
92
92
81
87
81
92
100
73
23
-2
7
19
8
-6
8
12
27
45
51
49
34
2
-16
-7
9
5
-21
-28
-53
-66
-55
-24
-8
-11
-1
-13
-16
-32
-46
-66
-69
-49
-45
-19
-12
-13
1
14
14
9
1
-8
-12
-27
-25
1
33
39
48
43
32
13
-5
-18
-12
4
21
45
65
63
15
-9
-24
-9
-5
-13
-11
-17
-28
-55
-53
-41
-39
-44
-34
-21
-15
-20
-31
-37
-57
-38
1
32
41
31
31
28
1
-11
3
25
39
44
43
42
41
33
44
23
-18
-31
-21
-7
-14
-18
-8
-6
-11
-4
21
31
32
48
48
61
61
65
79
60
13
-24
-11
3
25
36
49
62
31
-10
-44
-68
-78
-69
-71
-67
-57
-41
-41
-42
-37
-16
14
24
44
41
37
25
6
5
-1
-24
-32
-15
-3
3
-10
-13
6
1
-9
-18
-8
5
1
-2
-14
-11
2
12
24
3
-2
-5
-23
-18
-7
4
10
25
39
37
25
15
5
-19
-49
-73
-91
-95
-79
-48
-20
-8
-17
-40
-67
-84
-115
-115
-85
-83
-78
-64
-62
-48
-14
23
65
104
107
78
42
8
-16
5
58
92
84
75
80
69
54
48
45
26
-17
-50
-64
-64
-30
16
60
88
103
91
51
6
-31
-29
-13
20
54
52
33
20
29
32
36
47
