-8
-14
-24
-26
-26
-25
-18
-12
5
21
38
56
63
55
45
32
21
18
14
3
-9
-10
-13
-18
-14
-7
2
-2
-9
-15
-21
-22
-22
-12
-10
4
21
19
9
11
14
6
9
16
19
18
23
18
7
3
7
0
-8
-4
5
24
39
52
66
68
67
63
49
47
51
53
54
51
43
35
30
27
24
30
35
29
17
12
2
-8
-15
-14
-9
-14
-22
-35
-51
-62
-64
-56
-41
-41
-41
-40
-39
-46
-63
-57
-46
-33
-22
-15
-15
-22
-35
-44
-54
-64
-64
-56
-43
-30
-28
-34
-42
-45
-40
-36
-27
-13
-1
1
-5
1
9
13
16
17
14
19
22
22
17
13
11
10
17
16
15
18
9
7
18
22
6
-2
2
0
0
-5
-7
14
25
25
37
54
73
76
84
96
100
89
68
50
39
39
37
22
21
34
15
-5
-7
8
15
3
-13
-17
-19
-24
-33
-47
-50
-49
-39
-18
-8
-11
-15
-18
-16
-13
-26
-36
-53
-74
-76
-70
-61
-51
-28
-4
1
5
10
14
25
28
21
22
6
-9
-7
-11
-8
0
2
1
-2
7
21
16
6
-3
-10
-18
-30
-17
4
16
13
5
12
13
16
19
9
1
-3
-9
-10
-10
-8
-10
0
14
14
14
6
-2
1
2
-3
-7
-15
-18
-5
13
26
34
33
27
24
19
13
4
-3
-7
-6
-10
-13
-4
14
28
33
31
28
22
9
-3
-2
3
-5
-2
3
9
14
22
24
7
-4
-18
-27
-30
-33
-31
-33
-38
-38
-37
-33
-27
-24
-22
-16
-14
-16
-15
-17
-15
3
14
17
8
0
2
12
20
5
-13
-26
-37
-39
-28
-19
-18
-14
-6
2
-2
1
7
19
33
35
27
15
5
2
7
18
34
42
47
54
46
24
4
-10
-15
-15
-20
-27
-22
-15
-9
4
8
6
2
6
8
8
16
17
9
8
5
2
10
26
47
54
39
14
-14
-24
-22
-26
-17
-24
-38
-41
-36
-26
-18
-12
-6
3
3
0
2
7
16
23
25
21
21
16
8
4
3
9
20
32
42
43
42
40
23
9
-8
-28
-37
-47
-57
-52
-46
-45
-35
-26
-22
-22
-28
-30
-29
-19
-9
-10
-5
-1
6
16
18
10
11
13
10
16
25
29
20
15
12
8
5
-4
-14
-21
-32
-43
-39
-27
-9
5
3
9
3
-3
-1
-12
-17
-7
13
23
30
37
35
26
23
30
18
-3
-10
-21
-27
-32
-26
-14
2
21
25
28
27
27
25
19
25
25
17
4
2
3
1
4
-2
-10
-15
-13
-10
-4
-1
-3
-5
1
3
-2
-9
-25
-24
-31
-36
-28
-20
-4
12
27
23
15
2
-22
-35
-39
-44
-51
-50
-45
-42
-32
-14
5
11
14
20
18
21
21
7
-3
-16
-23
-21
-3
25
44
48
52
39
37
39
25
19
16
9
0
-9
-11
-6
-10
-18
-21
-19
-25
-24
-15
-2
10
18
28
41
53
66
67
64
58
55
50
39
35
30
22
12
-5
-14
-14
-15
-15
-16
-11
-12
-18
-10
-7
-5
5
5
1
-3
-11
-15
-12
-14
-12
-6
-10
-17
-17
-27
-35
-33
-30
-29
-28
-30
-31
-32
-35
-37
-38
-36
-30
-16
-14
-20
-23
-17
-13
-12
-13
-15
-16
-20
-14
-13
-8
-7
-7
-1
-1
-5
-11
-9
-8
-4
-9
-5
3
-3
-6
3
8
2
0
1
-2
-8
-5
1
-7
-14
-16
-6
3
14
28
37
47
46
38
32
37
43
49
46
35
36
47
46
36
34
42
43
33
30
35
43
40
21
12
3
6
9
0
-9
-20
-28
-30
-29
-27
-27
-28
-24
-25
-25
-17
-13
-7
-4
-9
-10
0
14
14
13
13
10
8
16
14
13
14
12
16
6
-1
-8
-13
-14
-23
-33
-43
-42
-42
-41
-34
-31
-21
-6
3
5
6
3
-3
-14
-14
0
13
15
10
11
-4
-17
-15
-8
7
6
-4
-12
-19
-19
-19
-12
-1
4
-2
-7
-7
0
6
3
12
28
32
33
39
35
32
37
37
28
22
14
6
-4
-12
-14
-11
-10
-15
-20
-21
-20
-29
-36
-43
-61
-67
-62
-46
-33
-19
-15
-21
-16
-10
-6
-7
-5
2
0
-14
-21
-19
-13
-4
6
20
27
33
31
17
7
3
5
17
26
25
29
42
46
35
29
26
13
3
2
16
29
27
11
-5
-2
-3
1
1
5
11
5
6
17
29
20
10
11
11
11
12
11
8
-3
3
17
20
31
38
21
0
-11
-8
7
11
4
-1
-5
-17
-22
-9
3
-3
-11
-18
-19
-9
-14
-11
-6
-12
-16
-12
-10
-4
4
7
9
9
5
-17
-32
-43
-51
-50
-41
-22
-14
-8
-1
-2
2
9
18
24
13
-2
-4
4
11
9
9
8
12
23
9
-4
-2
5
5
-2
-4
-17
-34
-29
-22
-10
9
13
4
-6
-16
-15
-10
-7
-12
-25
-21
-3
12
16
9
6
6
-12
-24
-29
-37
-36
-22
-9
-7
-6
-6
0
1
-7
-6
-2
-5
-10
-10
-11
0
19
34
33
35
38
35
27
14
3
0
2
-4
-1
-7
-12
-6
4
7
8
2
-8
-7
-5
3
13
24
31
28
32
29
18
16
10
6
8
20
36
39
33
31
28
17
9
9
15
13
22
20
13
18
19
12
4
9
10
5
4
2
-3
-22
-31
-29
-31
-30
-26
-33
-36
-37
-38
-42
-42
-37
-40
-46
-57
-61
-71
-70
-54
-45
-38
-38
-37
-42
-28
-18
-16
4
21
27
21
16
28
24
17
28
33
30
17
22
38
39
41
46
44
44
43
42
35
38
52
62
74
81
85
90
83
78
68
48
27
14
4
-3
1
0
-7
-5
-2
-9
-17
-28
-42
-58
-65
-62
-66
-64
-54
-57
-67
-66
-58
-52
-54
-63
-70
-69
-53
-36
-41
-42
-29
-15
-9
-14
-9
-12
-12
-8
-16
-23
-34
-37
-39
-33
-15
6
10
9
14
7
-3
-3
-2
0
-7
-13
-5
-6
-1
22
46
68
83
82
71
58
52
53
43
43
39
33
27
18
9
9
14
11
11
6
21
30
14
3
7
0
-9
4
19
24
21
19
15
19
20
11
7
-5
-9
-7
-6
-14
-29
-34
-43
-47
-35
-30
-42
-43
-32
-24
-17
2
21
39
41
35
15
-3
-7
-3
-2
7
13
15
11
-5
-13
-3
11
28
51
65
69
73
82
88
82
76
77
75
59
41
37
23
-1
-12
-9
4
10
26
31
12
4
-6
-28
-31
-27
-32
-31
-29
-30
-46
-68
-78
-79
-90
-101
-102
-115
-123
-135
-143
-149
-141
-120
-110
-113
-105
-95
-73
-60
-53
-45
-21
-11
-21
-13
-9
-12
-20
-16
-9
-16
-27
-26
-24
-25
-8
10
25
24
22
30
31
38
45
50
44
26
23
24
14
31
56
55
63
75
80
75
65
52
32
21
25
32
40
50
63
72
67
64
60
71
81
68
53
45
30
27
60
87
94
96
104
111
120
160
184
193
195
187
172
146
103
66
40
0
-42
-61
-74
-123
-168
-200
-212
-221
-228
-209
-195
-201
-217
-200
-193
-206
-196
-174
-156
-147
-148
-138
-128
-129
-118
-90
-58
-29
30
81
105
137
176
217
240
273
319
336
332
322
301
271
244
219
196
159
96
40
-23
-73
-69
-76
-107
-109
-95
-101
-122
-114
-90
-91
-106
-121
-139
-158
-180
-199
-222
-242
-230
-241
-260
-261
-255
-265
-267
-231
-185
-153
-101
-28
42
71
97
161
206
214
238
287
310
323
343
360
362
334
308
273
225
176
130
98
80
50
-18
-49
-48
-87
-156
-153
-130
-187
-250
-233
-213
-270
-316
-301
-295
-314
-269
-195
-163
-150
-117
-66
-29
19
87
147
192
209
221
215
207
159
63
-12
-78
-152
-234
-286
-328
-410
-481
-469
-453
-465
-431
-307
-162
-59
109
355
551
701
861
1028
1102
1117
1118
1047
921
773
616
421
248
96
-113
-292
-380
-460
-555
-558
-498
-515
-518
-410
-334
-341
-307
-268
-294
-338
-356
-375
-436
-441
-419
-420
-392
-317
-209
-68
132
337
512
717
923
1040
1096
1183
1195
1041
864
694
477
188
-137
-447
-732
-951
-1109
-1202
-1197
-1137
-1103
-960
-642
-353
-161
129
509
694
741
886
975
837
681
582
399
181
56
-91
-321
-472
-523
-595
-592
-486
-427
-396
-227
-33
-45
-62
11
-67
-303
-391
-410
-586
-761
-785
-805
-916
-856
-655
-560
-419
-89
207
398
636
868
964
1017
1127
1095
890
733
543
189
-160
-359
-596
-860
-921
-866
-859
-779
-465
-125
133
498
952
1318
1581
1843
2038
2108
2092
1976
1689
1376
1079
666
209
-147
-447
-795
-1047
-1148
-1258
-1372
-1312
-1170
-1117
-1086
-967
-873
-913
-938
-941
-1005
-1068
-1089
-1134
-1157
-1082
-1014
-939
-741
-458
-266
-78
252
509
635
812
1000
987
845
762
624
363
182
75
-62
-118
-86
-134
-124
120
383
541
848
1277
1522
1673
1987
2249
2213
2198
2278
2102
1710
1376
1041
568
85
-343
-811
-1218
-1520
-1836
-2085
-2102
-2030
-2054
-1936
-1601
-1398
-1292
-986
-615
-501
-415
-118
72
24
76
246
282
214
224
244
177
113
75
23
-61
-157
-261
-319
-379
-502
-561
-511
-528
-612
-527
-331
-280
-234
34
324
446
609
947
1222
1319
1435
1566
1566
1467
1332
1169
972
689
323
10
-232
-542
-959
-1228
-1350
-1556
-1712
-1644
-1550
-1556
-1478
-1257
-1032
-815
-527
-249
-49
157
340
381
376
396
334
183
115
46
-213
-419
-467
-614
-833
-828
-661
-611
-500
-100
244
355
658
1183
1507
1644
1950
2280
2280
2210
2249
2153
1850
1572
1339
989
638
348
54
-196
-370
-586
-832
-884
-874
-1021
-1099
-977
-935
-1007
-912
-699
-630
-600
-453
-362
-380
-310
-183
-178
-174
-118
-152
-173
-128
-185
-331
-332
-264
-316
-300
-182
-148
-81
237
518
570
813
1261
1442
1485
1801
2081
1935
1816
1956
1875
1509
1252
1053
643
227
-63
-412
-803
-1100
-1422
-1767
-1900
-2000
-2247
-2276
-2019
-1910
-1938
-1695
-1338
-1269
-1164
-824
-663
-741
-682
-540
-600
-697
-662
-682
-754
-687
-598
-668
-642
-382
-198
-99
175
641
995
1202
1574
2060
2368
2486
2707
3004
3029
2818
2631
2453
2035
1537
1187
834
351
-159
-549
-849
-1107
-1372
-1607
-1693
-1661
-1730
-1776
-1538
-1297
-1335
-1323
-982
-820
-972
-952
-762
-803
-983
-967
-965
-1104
-1148
-1102
-1128
-1113
-1008
-893
-641
-258
-51
99
650
1257
1393
1595
2230
2570
2389
2478
2852
2718
2316
2312
2283
1802
1343
1144
825
345
-29
-413
-809
-1025
-1274
-1667
-1838
-1766
-1872
-2016
-1828
-1650
-1748
-1664
-1337
-1245
-1275
-1063
-833
-838
-785
-608
-523
-494
-419
-399
-418
-378
-353
-258
29
311
490
929
1602
1992
2280
2929
3503
3623
3806
4242
4247
3801
3591
3492
2987
2261
1690
1120
428
-233
-841
-1372
-1720
-2018
-2343
-2451
-2347
-2379
-2471
-2268
-2013
-2038
-2047
-1831
-1674
-1738
-1846
-1855
-1857
-1908
-1994
-2039
-2027
-2038
-2111
-2108
-1982
-1798
-1447
-983
-614
-250
436
1119
1430
1909
2722
3182
3177
3433
3835
3658
3263
3181
3034
2488
1974
1658
1135
531
58
-442
-906
-1150
-1385
-1753
-1844
-1742
-1918
-2045
-1808
-1731
-1952
-1890
-1586
-1661
-1785
-1498
-1405
-1702
-1677
-1415
-1512
-1567
-1159
-987
-1177
-765
27
191
241
1145
2098
2125
2222
3146
3766
3504
3408
3867
3868
3236
2833
2690
2208
1475
961
579
47
-527
-1027
-1370
-1490
-1649
-1922
-1969
-1702
-1624
-1832
-1750
-1397
-1365
-1518
-1365
-1164
-1361
-1576
-1512
-1503
-1661
-1778
-1801
-1804
-1601
-1357
-1408
-1176
-311
276
300
893
2140
2701
2635
3313
4363
4408
4054
4458
4863
4322
3660
3521
3146
2222
1448
916
198
-563
-1168
-1681
-2035
-2235
-2518
-2697
-2459
-2253
-2334
-2181
-1669
-1489
-1680
-1550
-1348
-1585
-1875
-1894
-1992
-2264
-2367
-2408
-2543
-2430
-2188
-2211
-1890
-983
-375
-278
458
1926
2537
2553
3478
4628
4634
4246
4678
4967
4170
3434
3228
2641
1512
625
60
-686
-1460
-2017
-2394
-2550
-2740
-3080
-3042
-2520
-2312
-2504
-2167
-1462
-1518
-1868
-1436
-1023
-1407
-1671
-1387
-1428
-1831
-1782
-1477
-1388
-1130
-805
-634
25
996
1268
1255
2388
3675
3548
3542
4795
5401
4546
4332
5115
4691
3269
2757
2689
1730
460
-164
-636
-1322
-1977
-2615
-3005
-2950
-3099
-3609
-3452
-2829
-3032
-3393
-2667
-1968
-2462
-2710
-1876
-1603
-2300
-2407
-1834
-1868
-2320
-2183
-1760
-1654
-1659
-1490
-888
-36
387
462
1366
2900
3435
3536
4725
6041
5908
5530
6295
6663
5813
5154
5075
4488
3278
2358
1624
698
-248
-1230
-2135
-2633
-3088
-3943
-4384
-3955
-3918
-4554
-4379
-3481
-3402
-3748
-3087
-2111
-2079
-2269
-1709
-1030
-1008
-1079
-658
-195
-237
-403
114
875
869
607
1405
2554
2557
2347
3197
4113
3952
3695
4220
4428
3829
3341
3214
2883
2119
1270
592
86
-620
-1644
-2271
-2375
-2845
-3753
-3978
-3568
-3720
-4257
-4098
-3544
-3504
-3757
-3549
-3012
-2750
-2780
-2664
-2141
-1654
-1599
-1405
-750
-353
-299
376
1432
1743
1848
2891
3990
4047
4179
5041
5455
5143
5145
5307
4831
4166
3775
3201
2299
1547
900
168
-399
-973
-1695
-2034
-2064
-2473
-3108
-3207
-3074
-3373
-3601
-3366
-3262
-3460
-3448
-3321
-3319
-3230
-3127
-3258
-3158
-2582
-2249
-2253
-1856
-1035
-348
211
963
1872
2820
3675
4265
4868
5570
5869
5685
5669
5728
5029
4081
3666
3139
1887
741
251
-348
-1309
-2003
-2323
-2591
-2925
-3172
-3223
-3044
-2873
-2901
-2690
-2236
-2157
-2266
-1993
-1732
-1899
-1927
-1563
-1487
-1716
-1559
-1160
-1026
-957
-506
184
769
1160
1607
2605
3720
4105
4317
5240
5966
5666
5461
5824
5476
4298
3659
3484
2514
1182
483
-48
-832
-1731
-2560
-3040
-3198
-3556
-4187
-4271
-3868
-4106
-4549
-4074
-3548
-3892
-4093
-3546
-3376
-3794
-3739
-3259
-3174
-3211
-2860
-2459
-2156
-1645
-956
-297
331
992
1863
2877
3578
4129
4929
5657
5833
5835
6086
5974
5286
4665
4274
3554
2580
1786
1045
333
-222
-887
-1604
-1967
-2129
-2529
-2955
-2978
-2986
-3247
-3332
-3143
-3032
-3025
-2896
-2754
-2634
-2436
-2328
-2205
-1796
-1493
-1603
-1453
-609
69
199
668
1911
2988
3205
3491
4533
5378
5239
4957
5378
5571
4740
3957
3827
3400
2211
1126
558
-153
-1170
-2042
-2593
-2992
-3440
-3889
-4021
-3869
-3916
-4090
-3843
-3392
-3449
-3612
-3185
-2700
-2770
-2808
-2360
-2009
-1906
-1635
-1235
-966
-594
79
652
905
1324
2258
3100
3396
3739
4617
5304
5159
5032
5405
5360
4534
3840
3643
3017
1868
1056
574
-105
-969
-1624
-2078
-2500
-2898
-3371
-3710
-3723
-3800
-4085
-4086
-3685
-3592
-3728
-3405
-2905
-2807
-2748
-2240
-1722
-1505
-1152
-635
-208
492
1331
1744
2090
3117
4008
3864
3922
4892
5364
4738
4557
5189
4987
3957
3481
3442
2755
1616
888
302
-490
-1284
-2016
-2535
-2829
-3231
-3753
-3848
-3606
-3839
-4205
-3923
-3573
-3862
-4068
-3565
-3184
-3315
-3163
-2516
-2021
-1766
-1254
-523
60
741
1528
1975
2331
3040
3801
3992
4086
4703
5138
4828
4529
4756
4603
3681
2964
2764
2242
1253
437
-157
-685
-1179
-1797
-2411
-2691
-2791
-3206
-3614
-3586
-3628
-3937
-4031
-3884
-3912
-4009
-3699
-3305
-3209
-3053
-2584
-2061
-1631
-1229
-905
-385
551
1338
1630
2099
3292
4367
4523
4632
5412
6007
5578
4984
5157
5117
4190
3292
3048
2651
1611
738
276
-255
-927
-1633
-2193
-2489
-2696
-3077
-3450
-3388
-3354
-3734
-3812
-3462
-3510
-3878
-3734
-3311
-3351
-3399
-2955
-2499
-2112
-1550
-1081
-653
244
1205
1511
1878
3100
4136
4147
4428
5542
6040
5459
5241
5708
5365
4213
3502
3235
2442
1165
282
-301
-1037
-1755
-2341
-2853
-3264
-3547
-3794
-3997
-4045
-4146
-4197
-3964
-3715
-3754
-3738
-3322
-3051
-3138
-3007
-2584
-2190
-1839
-1389
-969
-479
445
1255
1477
1885
3057
4009
4014
4241
5220
5711
5282
5085
5534
5399
4445
3786
3609
3045
1969
1071
440
-246
-929
-1508
-2045
-2392
-2614
-2965
-3213
-3227
-3316
-3608
-3652
-3429
-3524
-3676
-3453
-3204
-3194
-3087
-2803
-2570
-2204
-1637
-1347
-1017
-93
677
861
1342
2574
3291
3129
3554
4574
4748
4220
4331
4897
4601
3724
3298
3140
2541
1534
805
304
-347
-1075
-1642
-2033
-2402
-2703
-2930
-3104
-3289
-3447
-3483
-3407
-3326
-3421
-3443
-3145
-2854
-2818
-2719
-2230
-1683
-1377
-1063
-615
101
1002
1501
1680
2449
3792
4223
3757
4173
5233
5222
4281
4088
4476
3954
2911
2288
1937
1256
435
-167
-773
-1247
-1684
-2145
-2362
-2486
-2802
-3091
-2901
-2712
-3000
-3137
-2796
-2605
-2829
-2871
-2548
-2418
-2476
-2311
-1975
-1568
-1180
-914
-632
45
927
1292
1490
2377
3452
3664
3627
4360
5080
4787
4265
4519
4565
3612
2763
2509
2036
1052
248
-175
-695
-1277
-1756
-2183
-2519
-2772
-3096
-3366
-3332
-3334
-3465
-3384
-3156
-3156
-3278
-3008
-2615
-2518
-2368
-1930
-1429
-977
-400
68
391
1262
2294
2504
2474
3469
4649
4423
3936
4703
5350
4500
3595
3877
3842
2571
1522
1267
670
-491
-1257
-1599
-2133
-2710
-3052
-3254
-3356
-3383
-3491
-3497
-3320
-3342
-3468
-3271
-3067
-3275
-3304
-2766
-2444
-2531
-2187
-1460
-1122
-814
-87
401
789
1868
2972
3084
3282
4638
5605
5170
5103
6084
6297
5245
4641
4794
4120
2750
1878
1374
470
-639
-1355
-1916
-2500
-3026
-3461
-3716
-3829
-3996
-4118
-3831
-3523
-3645
-3669
-3177
-2898
-3132
-3009
-2502
-2464
-2623
-2211
-1613
-1363
-902
-108
309
810
2007
2921
2943
3424
4844
5383
4864
5164
6152
5990
4932
4735
4876
3951
2670
2095
1606
470
-655
-1316
-1941
-2650
-3284
-3817
-4114
-4144
-4336
-4568
-4321
-4018
-4169
-4136
-3583
-3414
-3691
-3393
-2752
-2643
-2524
-1855
-1298
-1071
-478
274
683
1453
2661
3220
3313
4337
5636
5612
5343
6182
6778
5961
5175
5328
5017
3794
2809
2297
1589
579
-192
-794
-1454
-2071
-2707
-3174
-3360
-3560
-3961
-4122
-3951
-4083
-4367
-4124
-3725
-3852
-3994
-3515
-3032
-3053
-2924
-2343
-1901
-1589
-971
-366
138
1061
2032
2293
2619
3894
4854
4612
4651
5600
5793
4759
4298
4536
3858
2479
1628
1179
263
-838
-1575
-2167
-2686
-3103
-3561
-3836
-3776
-3812
-4062
-3998
-3662
-3698
-3754
-3298
-2977
-3145
-2952
-2309
-2069
-2001
-1466
-887
-631
-198
360
658
1322
2559
3205
3181
4046
5552
5785
5329
5990
6929
6490
5618
5704
5616
4494
3401
2859
2176
1098
212
-478
-1169
-1767
-2458
-3074
-3337
-3515
-3940
-4331
-4294
-4354
-4717
-4690
-4372
-4370
-4450
-4048
-3614
-3499
-3107
-2492
-2136
-1716
-904
-298
105
1115
2322
2721
3030
4356
5533
5382
5372
6316
6649
5728
5063
5115
4449
3100
2124
1463
453
-779
-1673
-2376
-2965
-3452
-3943
-4185
-4123
-4188
-4516
-4551
-4249
-4294
-4473
-4125
-3745
-3786
-3686
-3151
-2813
-2721
-2217
-1607
-1303
-827
-157
194
731
1894
2729
2835
3672
5348
5910
5566
6238
7412
7207
6269
6261
6243
5042
3697
2941
2105
789
-392
-1277
-2058
-2614
-3191
-3791
-3956
-3868
-4148
-4458
-4283
-4177
-4410
-4296
-3853
-3778
-3797
-3270
-2776
-2766
-2355
-1525
-1229
-1144
-450
158
359
1166
2203
2278
2263
3600
4831
4552
4604
5934
6539
5735
5482
6096
5663
4314
3462
2921
1911
622
-420
-1301
-1957
-2548
-3372
-3880
-3840
-4028
-4570
-4576
-4287
-4569
-4876
-4489
-4184
-4481
-4398
-3810
-3616
-3566
-2906
-2115
-1722
-1048
-71
488
1173
2446
3219
3198
3913
5384
5617
5019
5633
6612
6095
5097
5306
5480
4385
3273
2809
2109
942
-53
-871
-1647
-2209
-2882
-3690
-3937
-3781
-4127
-4595
-4360
-4101
-4461
-4559
-4119
-4151
-4432
-4048
-3610
-3691
-3400
-2527
-2022
-1738
-891
-48
505
1549
2737
3102
3497
4976
5969
5541
5640
6834
6990
5800
5466
5835
4944
3404
2750
2289
1101
35
-617
-1458
-2197
-2572
-3125
-3750
-3813
-3865
-4324
-4403
-4064
-4141
-4349
-4025
-3891
-4183
-3914
-3321
-3253
-3215
-2419
-1663
-1477
-866
40
531
1224
2370
2973
3119
4158
5416
5377
5093
5839
6334
5521
4983
5320
4866
3573
2897
2684
1738
522
-87
-637
-1470
-2130
-2602
-3164
-3558
-3731
-4089
-4423
-4449
-4598
-4868
-4761
-4651
-4976
-4995
-4378
-4033
-4076
-3515
-2505
-2017
-1644
-743
260
1143
2160
3092
3705
4625
5782
6164
6049
6588
7222
6648
5767
5800
5609
4249
2998
2651
1970
583
-365
-824
-1555
-2391
-2792
-3038
-3412
-3638
-3720
-3799
-3803
-3833
-4001
-3867
-3541
-3710
-3828
-3279
-2841
-2910
-2639
-1788
-1273
-1074
-385
506
1147
1918
2799
3265
3809
4771
5151
4905
5193
5800
5421
4536
4374
4228
3162
1935
1389
843
-259
-1275
-1815
-2263
-2904
-3460
-3627
-3685
-3983
-4307
-4202
-3970
-4203
-4441
-4024
-3596
-3855
-3996
-3358
-2807
-2931
-2822
-1997
-1272
-1019
-618
193
1106
1839
2356
2800
3586
4574
4898
4806
5304
6013
5817
5142
5098
5126
4329
3283
2791
2365
1310
246
-297
-726
-1501
-2336
-2684
-2716
-3007
-3570
-3708
-3458
-3631
-4081
-3914
-3450
-3672
-4007
-3522
-2907
-2971
-2962
-2255
-1496
-1058
-572
112
978
1927
2591
2994
3758
4816
5250
5207
5686
6381
6230
5687
5753
5718
4818
3716
3047
2392
1253
62
-879
-1662
-2365
-3194
-3937
-4256
-4506
-5070
-5401
-5150
-5108
-5586
-5581
-4983
-4996
-5361
-4886
-3994
-3720
-3606
-2755
-1716
-1106
-481
400
1356
2311
3100
3658
4447
5515
5982
5802
6155
6859
6621
5798
5611
5533
4569
3402
2814
2184
1052
51
-671
-1431
-2134
-2673
-3110
-3432
-3625
-3898
-4061
-3879
-3853
-4208
-4134
-3521
-3511
-3995
-3719
-2955
-2898
-3170
-2584
-1620
-1320
-1221
-501
556
1295
1656
2031
2897
3997
4379
4316
4872
5621
5378
4657
4710
4825
3952
2885
2495
2095
1065
103
-396
-940
-1643
-2163
-2474
-2670
-2836
-3153
-3439
-3460
-3572
-3990
-4100
-3768
-3821
-4233
-4096
-3506
-3356
-3482
-2996
-2250
-1936
-1647
-864
231
1148
1834
2478
3426
4552
5145
5296
5852
6646
6554
5904
5927
6033
5150
3974
3402
2861
1704
599
-59
-715
-1559
-2287
-2754
-3110
-3469
-3933
-4254
-4232
-4325
-4647
-4626
-4199
-4079
-4299
-4026
-3351
-3133
-3136
-2546
-1681
-1197
-877
-171
896
1765
2183
2619
3593
4683
5012
4886
5290
5858
5501
4701
4562
4599
3824
2696
2165
1873
1083
217
-265
-646
-1169
-1738
-2088
-2256
-2453
-2802
-3021
-2993
-3091
-3386
-3545
-3368
-3441
-3802
-3763
-3427
-3361
-3438
-3098
-2480
-2100
-1845
-1233
-150
942
1566
2018
2933
3986
4337
4311
4751
5362
5120
4373
4240
4283
3535
2420
1753
1347
542
-381
-927
-1246
-1634
-2238
-2649
-2649
-2554
-2747
-3001
-2891
-2860
-3126
-3150
-2774
-2715
-3119
-3202
-2912
-2834
-2938
-2770
-2316
-1931
-1622
-1130
-294
820
1588
1894
2530
3749
4511
4474
4771
5585
5687
4967
4694
4777
4128
2951
2153
1714
982
92
-546
-948
-1258
-1695
-2048
-2055
-1931
-2123
-2445
-2326
-2193
-2571
-2824
-2501
-2417
-2941
-3158
-2845
-2722
-2892
-2673
-2076
-1703
-1380
-882
-78
962
1726
2189
2918
4144
4964
4970
5269
6056
6085
5268
4916
5007
4305
2938
1984
1427
539
-630
-1570
-2150
-2663
-3348
-3934
-4015
-3821
-3981
-4269
-4072
-3792
-3993
-4094
-3570
-3263
-3604
-3635
-3119
-2859
-2889
-2500
-1721
-1183
-924
-495
356
1379
2061
2379
2988
4172
4914
4852
5065
5771
5940
5212
4799
4985
4648
3562
2541
2026
1482
553
-374
-831
-1038
-1541
-2155
-2333
-2209
-2493
-3021
-2918
-2591
-2913
-3341
-3052
-2662
-3136
-3672
-3344
-2913
-2972
-2956
-2395
-1687
-1295
-1023
-290
857
1709
2091
2757
4037
4818
4664
4728
5381
5479
4652
4085
4031
3481
2342
1389
807
58
-800
-1454
-1887
-2112
-2519
-3056
-3229
-2997
-3031
-3351
-3184
-2823
-2994
-3395
-3165
-2841
-3240
-3596
-3334
-3069
-3231
-3204
-2617
-2095
-1799
-1360
-530
605
1408
1758
2391
3649
4535
4505
4751
5696
6022
5281
4840
5013
4489
3252
2367
1882
1118
159
-544
-1046
-1398
-1717
-2055
-2242
-2069
-1888
-2102
-2069
-1693
-1785
-2249
-2161
-1786
-2046
-2463
-2228
-1848
-2018
-2074
-1446
-756
-444
-257
308
1233
1950
2228
2593
3623
4495
4399
4392
5108
5442
4649
3950
4010
3602
2434
1459
1009
261
-854
-1643
-2184
-2630
-3026
-3343
-3541
-3500
-3368
-3508
-3490
-3142
-3017
-3215
-3126
-2758
-2903
-3287
-3107
-2665
-2670
-2771
-2251
-1497
-1103
-813
-218
708
1569
2057
2482
3453
4533
4694
4501
5058
5706
5219
4346
4318
4261
3197
1975
1463
972
-87
-1079
-1620
-2001
-2445
-2851
-3101
-3154
-3091
-3192
-3223
-2962
-2855
-3095
-3108
-2743
-2756
-3154
-3083
-2572
-2458
-2572
-2125
-1383
-894
-536
86
1036
1979
2604
2990
3746
4860
5321
5096
5329
6045
5864
4782
4283
4216
3305
1869
1024
512
-453
-1498
-2101
-2452
-2839
-3234
-3385
-3331
-3274
-3442
-3530
-3229
-3059
-3362
-3424
-2868
-2684
-3095
-3053
-2424
-2180
-2356
-2016
-1179
-668
-450
61
882
1794
2499
2923
3580
4667
5390
5317
5417
6104
6179
5253
4677
4764
4197
2801
1868
1519
696
-459
-1193
-1603
-2078
-2593
-2973
-3125
-3057
-3149
-3406
-3263
-2952
-3146
-3454
-3091
-2763
-3243
-3524
-2915
-2433
-2668
-2560
-1716
-1047
-854
-481
352
1279
2013
2437
2946
3951
4861
4866
4716
5333
5746
4990
4165
4215
3948
2679
1563
1171
516
-702
-1650
-2142
-2571
-3107
-3587
-3819
-3731
-3657
-3864
-3861
-3451
-3356
-3680
-3544
-3030
-3153
-3570
-3197
-2595
-2656
-2679
-1876
-995
-646
-200
671
1631
2411
2977
3439
4218
5253
5524
5129
5335
5915
5491
4414
4125
4124
3143
1840
1323
970
9
-936
-1416
-1822
-2342
-2755
-3036
-3167
-3142
-3230
-3282
-3036
-2838
-3038
-3040
-2587
-2547
-2988
-2859
-2217
-2192
-2426
-1887
-1091
-822
-576
117
915
1661
2348
2798
3290
4246
4958
4728
4596
5229
5318
4306
3634
3706
3129
1767
887
517
-294
-1302
-1871
-2262
-2765
-3175
-3384
-3525
-3575
-3611
-3680
-3541
-3378
-3570
-3653
-3190
-2977
-3440
-3490
-2720
-2337
-2641
-2359
-1313
-625
-371
212
1110
2018
2883
3505
3920
4723
5685
5743
5379
5798
6324
5723
4809
4781
4640
3472
2359
2007
1473
372
-536
-1044
-1537
-2072
-2404
-2549
-2616
-2771
-3014
-3025
-2857
-3039
-3433
-3251
-2867
-3253
-3747
-3302
-2775
-3071
-3231
-2518
-1807
-1525
-1093
-412
294
1168
1953
2316
2944
4182
4885
4610
4759
5574
5522
4559
4217
4333
3500
2157
1490
1058
37
-1035
-1623
-2102
-2684
-3185
-3463
-3630
-3735
-3896
-3936
-3658
-3564
-3802
-3690
-3088
-3023
-3432
-3165
-2417
-2300
-2558
-2117
-1352
-1043
-816
-266
254
829
1640
2203
2476
3303
4351
4489
4324
4975
5637
5138
4489
4612
4442
3395
2502
2139
1489
460
-271
-779
-1430
-2042
-2443
-2794
-3118
-3353
-3511
-3412
-3287
-3419
-3448
-3025
-2751
-3005
-2980
-2317
-1893
-2021
-1817
-1112
-631
-376
84
613
1145
1908
2529
2705
3146
4154
4596
4247
4424
5175
5099
4213
3942
4036
3358
2285
1728
1347
501
-424
-1038
-1530
-2047
-2532
-2935
-3153
-3268
-3562
-3758
-3571
-3485
-3706
-3600
-3150
-3164
-3365
-2941
-2377
-2407
-2438
-1887
-1306
-984
-508
27
439
1241
2290
2649
2718
3648
4672
4523
4196
4881
5463
4817
4092
4225
4077
3069
2181
1784
1206
311
-501
-1112
-1571
-1952
-2405
-2833
-2955
-3001
-3254
-3371
-3192
-3164
-3262
-3040
-2770
-2867
-2884
-2495
-2239
-2282
-2053
-1540
-1189
-891
-485
-206
207
1067
1730
1811
2252
3453
4056
3678
3794
4691
4823
3995
3677
3906
3451
2387
1712
1323
610
-267
-1002
-1574
-2067
-2555
-3071
-3426
-3504
-3618
-3749
-3661
-3507
-3487
-3370
-3098
-3076
-3131
-2702
-2205
-2110
-1964
-1392
-729
-354
-25
416
842
1425
2092
2343
2411
3120
4072
4094
3777
4383
5198
4910
4197
4201
4273
3515
2499
1896
1387
638
-221
-999
-1541
-1841
-2268
-2831
-3118
-3135
-3261
-3406
-3290
-3247
-3347
-3134
-2835
-2889
-2861
-2394
-1983
-1956
-1797
-1210
-680
-445
-184
100
404
985
1542
1617
1717
2528
3311
3166
3029
3810
4427
3942
3467
3775
3824
3057
2291
2010
1704
1032
249
-351
-687
-984
-1523
-2011
-2151
-2266
-2542
-2675
-2674
-2886
-3058
-2874
-2797
-3055
-3009
-2499
-2268
-2365
-2082
-1500
-1121
-847
-455
-108
305
1061
1642
1746
2087
3104
3756
3483
3510
4318
4592
3868
3417
3632
3439
2498
1705
1383
942
180
-622
-1235
-1603
-1969
-2469
-2834
-2977
-3103
-3211
-3220
-3287
-3446
-3400
-3091
-3008
-3109
-2805
-2250
-2034
-2002
-1643
-1152
-819
-498
-152
97
591
1367
1706
1631
2157
3292
3704
3395
3695
4568
4595
3811
3538
3687
3234
2268
1619
1302
723
-147
-872
-1293
-1623
-2050
-2479
-2688
-2767
-2950
-3061
-2983
-3042
-3175
-3003
-2643
-2614
-2761
-2448
-1882
-1644
-1552
-1188
-701
-315
6
236
391
863
1538
1734
1676
2319
3369
3616
3386
3859
4701
4701
4097
4040
4258
3837
2928
2215
1741
1123
347
-416
-1029
-1409
-1698
-2128
-2623
-2880
-2884
-3000
-3359
-3692
-3790
-3687
-3687
-3893
-3938
-3573
-3150
-3029
-2850
-2289
-1671
-1213
-756
-342
21
717
1568
1893
2064
2912
4026
4350
4203
4697
5506
5508
4899
4662
4740
4364
3415
2541
2106
1721
940
-50
-674
-861
-1231
-2011
-2533
-2511
-2551
-2915
-3147
-3133
-3197
-3270
-3189
-3221
-3386
-3284
-2970
-2885
-2963
-2749
-2287
-1861
-1560
-1356
-948
-154
579
893
1253
2099
2990
3275
3317
3801
4451
4519
4018
3722
3775
3451
2520
1709
1364
888
-11
-882
-1338
-1603
-2028
-2569
-2922
-2953
-2911
-2911
-2863
-2847
-2844
-2638
-2355
-2351
-2398
-2047
-1653
-1654
-1625
-1261
-892
-710
-488
-118
272
641
1020
1416
1802
2254
2858
3398
3630
3908
4517
4872
4559
4240
4354
4185
3313
2455
2051
1566
706
-222
-939
-1393
-1710
-2164
-2739
-3065
-3126
-3282
-3558
-3695
-3722
-3661
-3491
-3439
-3442
-3179
-2744
-2521
-2440
-2121
-1690
-1402
-1127
-726
-343
10
587
1294
1818
2268
3035
3812
4025
4166
4781
5195
4822
4429
4526
4350
3533
2688
2184
1666
928
175
-481
-932
-1208
-1594
-2035
-2250
-2372
-2614
-2838
-2961
-3145
-3259
-3136
-3066
-3215
-3164
-2758
-2508
-2545
-2461
-2091
-1687
-1492
-1360
-1096
-665
-91
420
752
1218
2125
2978
3172
3348
4164
4792
4532
4196
4381
4358
3637
2847
2385
1861
1192
551
-139
-734
-999
-1176
-1655
-2096
-2091
-1995
-2211
-2516
-2560
-2435
-2398
-2545
-2670
-2514
-2183
-2105
-2194
-1940
-1428
-1155
-1074
-810
-439
-274
-46
435
756
953
1506
2301
2652
2710
3284
4009
3987
3611
3702
3852
3328
2439
1841
1466
953
205
-600
-1078
-1178
-1441
-2123
-2584
-2497
-2518
-3027
-3399
-3318
-3292
-3495
-3590
-3504
-3328
-2994
-2683
-2557
-2270
-1734
-1403
-1287
-1004
-583
-334
-9
652
1190
1480
2041
2910
3443
3631
4071
4675
4787
4489
4416
4512
4189
3437
2792
2414
1949
1172
317
-183
-376
-805
-1605
-2120
-2074
-2200
-2824
-3278
-3192
-3125
-3406
-3577
-3484
-3316
-3120
-2918
-2666
-2301
-1848
-1472
-1148
-698
-304
-94
206
737
1191
1506
1908
2548
3278
3669
3880
4392
4967
4931
4519
4515
4596
3919
2916
2471
2231
1481
492
-130
-365
-630
-1235
-1871
-2074
-2058
-2376
-2896
-3076
-3019
-3220
-3498
-3559
-3590
-3618
-3487
-3285
-3106
-2803
-2385
-2038
-1773
-1418
-1005
-797
-638
-127
486
704
877
1694
2604
2778
2895
3695
4269
3963
3809
4163
3970
3121
2575
2434
1960
1114
429
22
-226
-622
-1313
-1851
-1905
-1979
-2449
-2836
-2888
-2959
-3138
-3224
-3280
-3250
-2996
-2690
-2564
-2389
-1872
-1371
-1183
-952
-371
200
366
619
1413
2063
2059
2354
3339
3796
3504
3718
4417
4336
3735
3714
3806
3196
2353
1875
1470
836
88
-607
-1012
-1249
-1771
-2389
-2515
-2428
-2731
-3070
-3016
-2997
-3227
-3254
-3151
-3316
-3356
-2981
-2691
-2698
-2488
-1904
-1523
-1422
-1086
-480
-192
-111
467
1285
1570
1603
2408
3468
3633
3558
4250
4943
4713
4300
4375
4379
3821
3105
2707
2345
1712
923
352
72
-353
-1033
-1529
-1691
-1961
-2396
-2736
-2998
-3220
-3372
-3465
-3606
-3668
-3481
-3276
-3189
-3062
-2709
-2281
-2020
-1748
-1205
-670
-506
-155
845
1632
1649
2040
3312
4027
3781
4052
5039
5254
4676
4624
4950
4543
3533
2799
2459
1978
1140
306
-89
-330
-952
-1652
-1961
-2140
-2556
-2904
-2984
-3195
-3533
-3518
-3443
-3734
-3925
-3595
-3226
-3240
-3241
-2807
-2324
-2237
-2188
-1722
-1300
-1342
-1063
-186
363
392
991
2136
2591
2513
3069
3946
3995
3552
3616
3834
3422
2677
2217
1985
1557
834
193
-80
-245
-716
-1277
-1484
-1559
-1789
-2084
-2294
-2336
-2286
-2316
-2472
-2548
-2367
-2128
-2091
-2064
-1761
-1326
-1113
-1052
-674
-82
48
-3
625
1502
1579
1439
2301
3362
3348
3177
4022
4827
4524
4109
4400
4481
3673
2785
2440
2144
1382
389
-225
-498
-948
-1615
-2115
-2357
-2597
-2910
-3156
-3275
-3345
-3389
-3318
-3272
-3419
-3433
-3072
-2759
-2786
-2630
-2004
-1531
-1412
-1059
-432
-180
-101
542
1387
1633
1765
2639
3567
3647
3638
4305
4802
4438
4018
4089
4011
3256
2301
1852
1599
888
-111
-746
-964
-1409
-2145
-2625
-2746
-2884
-3200
-3452
-3433
-3312
-3279
-3195
-3058
-2922
-2688
-2351
-2132
-2072
-1810
-1286
-1046
-1054
-652
-56
48
43
664
1432
1577
1656
2553
3494
3491
3428
4187
4780
4369
3949
4240
4313
3466
2558
2296
1996
1142
227
-274
-555
-1027
-1680
-2167
-2393
-2682
-3213
-3600
-3641
-3716
-4001
-3992
-3719
-3674
-3542
-3058
-2703
-2654
-2299
-1584
-1221
-1113
-567
154
232
174
768
1476
1500
1477
2342
3232
3173
3082
3851
4453
3999
3527
3741
3710
2949
2198
1905
1578
879
94
-460
-727
-1008
-1537
-1945
-1917
-1927
-2294
-2465
-2378
-2535
-2809
-2788
-2733
-2907
-2754
-2246
-2071
-2094
-1641
-933
-754
-757
-192
506
685
772
1374
2039
2090
1974
2560
3294
3222
3013
3578
4194
3858
3277
3494
3677
2935
2047
1727
1442
589
-387
-978
-1278
-1729
-2427
-2927
-2998
-3000
-3268
-3436
-3262
-3086
-3109
-3044
-2918
-2860
-2617
-2258
-2158
-2096
-1561
-844
-592
-494
130
873
1013
939
1461
2164
2190
2026
2598
3357
3239
2999
3555
4009
3567
3118
3400
3345
2548
1910
1695
1254
418
-266
-783
-1260
-1750
-2290
-2776
-3035
-3134
-3399
-3603
-3588
-3581
-3626
-3490
-3329
-3299
-2976
-2471
-2255
-2137
-1513
-775
-647
-600
89
941
1068
948
1536
2339
2380
2036
2486
3334
3306
2794
3055
3699
3479
2839
2824
2976
2412
1568
1152
845
188
-589
-1190
-1591
-1941
-2392
-2801
-2841
-2669
-2722
-2787
-2580
-2326
-2345
-2355
-2190
-2089
-1921
-1638
-1453
-1313
-834
-249
-40
107
659
1239
1235
1118
1634
2351
2338
1950
2368
3243
3288
2837
3198
4001
3846
3117
3158
3481
2943
2063
1673
1375
710
-37
-626
-1148
-1589
-1982
-2456
-2773
-2823
-2942
-3130
-3111
-2992
-2984
-2865
-2622
-2563
-2518
-2237
-1992
-1982
-1768
-1313
-1115
-1140
-839
-356
-293
-390
-73
461
629
605
983
1721
2076
1995
2301
3015
3282
2964
2946
3325
3249
2627
2174
2051
1719
1027
324
-69
-274
-682
-1239
-1571
-1624
-1814
-2129
-2171
-2090
-2158
-2140
-1943
-1908
-1906
-1561
-1181
-1171
-1038
-538
-179
-137
6
352
520
486
414
550
722
662
548
825
1315
1308
1246
1832
2489
2388
2180
2536
2650
2077
1509
1295
942
320
-297
-803
-1050
-1185
-1587
-2036
-1982
-1841
-2182
-2465
-2284
-2260
-2614
-2653
-2460
-2460
-2359
-2042
-1915
-1886
-1518
-1183
-1191
-1152
-879
-664
-487
-227
45
401
809
1068
1394
2125
2759
2927
3295
4146
4580
4386
4445
4741
4476
3777
3259
2817
2169
1331
421
-286
-702
-1245
-1952
-2235
-2134
-2315
-2614
-2413
-2111
-2174
-2128
-1823
-1703
-1672
-1391
-1120
-1074
-900
-479
-201
-129
-51
39
101
-35
-354
-429
-175
-238
-581
-254
583
805
691
1329
2173
2229
2095
2538
2840
2468
1981
1758
1553
1111
427
-220
-513
-794
-1443
-1945
-1925
-1984
-2421
-2635
-2496
-2461
-2535
-2452
-2356
-2295
-1979
-1590
-1401
-1150
-651
-225
-100
38
313
584
645
433
395
780
1012
717
776
1557
1915
1625
1863
2733
3030
2654
2663
2952
2699
2085
1660
1390
948
347
-249
-597
-746
-1108
-1535
-1598
-1546
-1776
-1975
-1922
-1860
-1931
-1909
-1828
-1877
-1811
-1595
-1492
-1519
-1383
-1121
-994
-997
-949
-728
-513
-552
-656
-317
203
297
306
1009
1948
2200
2340
3151
3979
3991
3773
4063
4217
3664
2864
2374
2019
1304
360
-354
-694
-1152
-1869
-2355
-2380
-2443
-2780
-2873
-2624
-2457
-2478
-2321
-1986
-1749
-1531
-1129
-785
-606
-390
-159
-2
-20
-125
-159
-138
-255
-480
-378
-108
-131
-96
537
1224
1266
1410
2219
2839
2666
2659
3257
3388
2757
2260
2227
1889
1044
267
-154
-469
-1006
-1631
-1994
-2033
-2147
-2426
-2485
-2276
-2142
-2159
-2108
-2007
-1919
-1730
-1455
-1268
-1098
-830
-579
-477
-497
-407
-163
-104
-357
-384
77
362
115
160
1034
1786
1818
2123
3100
3703
3595
3687
4135
4153
3630
3073
2683
2291
1638
781
198
-105
-653
-1327
-1599
-1650
-2022
-2449
-2495
-2477
-2691
-2823
-2724
-2785
-2866
-2696
-2585
-2637
-2490
-2081
-1841
-1839
-1764
-1508
-1288
-1262
-1391
-1174
-462
-127
-321
49
1242
1898
1812
2401
3649
4130
3811
3913
4400
4320
3655
3119
2837
2445
1704
792
229
-61
-665
-1492
-1834
-1802
-2089
-2513
-2478
-2213
-2184
-2161
-1912
-1709
-1578
-1362
-1225
-1178
-1036
-841
-777
-771
-715
-639
-516
-481
-632
-565
-47
264
75
397
1468
1943
1671
2142
3324
3679
3272
3564
4343
4251
3442
3036
3018
2539
1615
764
312
-69
-823
-1608
-1941
-1961
-2260
-2667
-2675
-2495
-2592
-2728
-2589
-2412
-2311
-2197
-2053
-1955
-1872
-1785
-1741
-1710
-1728
-1734
-1608
-1516
-1655
-1601
-1049
-682
-777
-377
803
1461
1419
2062
3390
3840
3471
3751
4401
4248
3466
3076
3025
2529
1605
811
447
190
-373
-1037
-1243
-1127
-1343
-1780
-1842
-1620
-1627
-1850
-1830
-1551
-1382
-1420
-1432
-1249
-1010
-925
-908
-816
-802
-897
-920
-903
-1084
-1138
-724
-399
-421
-75
891
1507
1515
1997
3066
3577
3351
3421
3924
3982
3292
2621
2410
2080
1226
202
-346
-624
-1265
-2112
-2495
-2444
-2608
-3008
-3098
-2838
-2723
-2846
-2812
-2461
-2134
-2029
-1951
-1682
-1318
-1142
-1066
-892
-670
-583
-569
-455
-402
-357
-20
365
485
733
1493
2199
2329
2583
3472
4168
4073
3993
4451
4609
4024
3390
3168
2807
1979
1141
603
247
-256
-994
-1516
-1563
-1727
-2292
-2619
-2399
-2269
-2569
-2698
-2423
-2256
-2387
-2378
-2077
-1882
-1931
-1920
-1782
-1763
-1854
-1854
-1798
-1787
-1799
-1581
-990
-467
-237
265
1346
2231
2507
3035
4059
4591
4405
4428
4790
4730
4071
3415
2988
2403
1610
774
50
-434
-941
-1647
-2212
-2388
-2597
-3046
-3226
-3042
-3059
-3255
-3066
-2702
-2652
-2557
-2098
-1669
-1574
-1492
-1101
-667
-546
-647
-559
-242
-109
-354
-347
324
826
634
765
1891
2757
2644
2873
4027
4681
4293
4207
4728
4648
3783
3148
2868
2304
1473
671
28
-452
-1062
-1857
-2387
-2502
-2786
-3307
-3401
-3122
-3226
-3471
-3153
-2800
-2933
-2955
-2525
-2286
-2376
-2155
-1648
-1472
-1511
-1326
-979
-726
-733
-823
-454
258
492
324
851
1993
2390
2190
2808
3934
4136
3708
3889
4396
4204
3488
3017
2809
2380
1558
669
208
-84
-885
-1787
-2005
-1937
-2370
-2833
-2655
-2358
-2511
-2568
-2161
-1904
-2006
-1950
-1607
-1409
-1466
-1351
-1028
-918
-1055
-1059
-830
-695
-797
-811
-441
115
429
543
1006
1886
2477
2641
3161
4076
4543
4403
4503
4895
4750
4007
3391
3080
2470
1536
730
205
-359
-1141
-1871
-2350
-2671
-3102
-3515
-3632
-3580
-3591
-3509
-3223
-3059
-3004
-2698
-2270
-2201
-2241
-1848
-1381
-1378
-1406
-962
-534
-470
-417
-136
121
334
653
913
1157
1702
2299
2405
2545
3267
3793
3632
3521
3846
3879
3369
2907
2589
2062
1376
605
-246
-853
-1247
-1897
-2704
-3026
-3005
-3305
-3708
-3588
-3205
-3125
-3086
-2775
-2449
-2241
-1959
-1689
-1549
-1304
-1024
-997
-965
-586
-226
-156
72
519
681
778
1387
1967
1952
1992
2656
3275
3265
3362
3969
4328
4128
3983
4168
4179
3702
3062
2675
2315
1611
746
106
-341
-1018
-1843
-2391
-2661
-2876
-3120
-3295
-3309
-3210
-3119
-3099
-3088
-2929
-2816
-2965
-3021
-2788
-2628
-2678
-2563
-2200
-1957
-1826
-1435
-960
-751
-567
-117
499
997
1217
1437
2178
3038
3242
3293
4046
4832
4736
4469
4811
5066
4558
3850
3374
2825
2052
1161
178
-618
-1159
-1819
-2566
-2950
-2951
-3024
-3232
-3301
-3133
-2903
-2770
-2795
-2812
-2607
-2368
-2277
-2244
-1953
-1455
-1140
-977
-670
-114
354
560
760
1042
1218
1366
1694
1901
1787
1879
2366
2595
2458
2765
3540
3806
3561
3618
3877
3704
3098
2477
1984
1510
801
-195
-1009
-1373
-1804
-2677
-3329
-3359
-3396
-3842
-4171
-4058
-3963
-4022
-3959
-3766
-3568
-3426
-3252
-2974
-2619
-2209
-1806
-1377
-887
-410
9
431
883
1251
1457
1649
2004
2306
2295
2280
2689
3162
3086
2992
3569
4130
3962
3762
4096
4298
3810
3058
2617
2254
1480
359
-598
-1134
-1635
-2488
-3206
-3315
-3282
-3542
-3758
-3579
-3286
-3107
-2920
-2665
-2472
-2178
-1735
-1496
-1449
-1258
-892
-640
-563
-411
-46
298
466
595
899
1187
1151
1191
1519
1666
1587
1827
2354
2573
2666
3215
3781
3719
3583
3896
3973
3363
2605
2132
1622
733
-316
-1142
-1667
-2190
-2963
-3522
-3480
-3400
-3580
-3548
-3158
-2864
-2733
-2419
-2057
-1841
-1568
-1254
-1099
-995
-732
-371
-153
-52
164
537
832
832
784
1004
1138
765
484
771
916
597
620
1260
1649
1610
1942
2641
2966
2938
3051
3177
3008
2527
1894
1358
826
-20
-969
-1548
-1970
-2620
-3123
-3090
-2944
-3078
-3049
-2633
-2343
-2331
-2155
-1759
-1537
-1513
-1417
-1183
-957
-865
-763
-451
-68
86
174
505
739
560
437
678
660
212
149
573
607
262
550
1355
1590
1442
1940
2752
2923
2774
3002
3212
2877
2286
1794
1321
750
45
-656
-1041
-1317
-1823
-2123
-1988
-1926
-2110
-2033
-1680
-1647
-1797
-1534
-1249
-1450
-1565
-1234
-1002
-1039
-843
-367
-49
131
424
770
1008
1085
987
977
1141
926
351
325
783
618
64
406
1270
1229
844
1456
2275
2096
1684
1999
2258
1764
1147
813
496
77
-495
-1184
-1491
-1465
-1901
-2563
-2473
-1986
-2095
-2291
-1771
-1208
-1206
-1076
-641
-599
-753
-530
-305
-422
-401
-52
156
98
108
269
431
413
147
-13
192
263
-208
-491
-52
239
-194
-361
454
1189
1022
1035
1930
2622
2430
2241
2651
2921
2525
1993
1815
1689
1185
432
-120
-318
-648
-1344
-1779
-1637
-1646
-2088
-2136
-1691
-1600
-1813
-1555
-1087
-1147
-1277
-937
-736
-951
-938
-627
-621
-888
-905
-675
-562
-663
-806
-835
-681
-738
-1227
-1294
-610
-307
-738
-492
728
1269
927
1401
2657
3030
2609
2760
3371
3385
2767
2266
2148
1980
1280
328
-4
73
-502
-1393
-1380
-868
-1134
-1674
-1369
-830
-978
-1241
-953
-658
-806
-988
-885
-760
-869
-1041
-1045
-940
-968
-1102
-1008
-728
-746
-1018
-954
-584
-521
-774
-662
-96
232
149
341
1144
1826
1861
2071
2929
3463
3208
3174
3669
3628
2933
2506
2457
2004
1096
447
157
-220
-925
-1512
-1513
-1421
-1839
-2235
-1953
-1617
-1948
-2313
-2047
-1879
-2325
-2653
-2400
-2243
-2534
-2617
-2204
-1882
-1928
-1862
-1381
-875
-707
-652
-296
235
421
301
453
1000
1334
1204
1217
1816
2404
2371
2281
2772
3289
3166
2943
3202
3470
3204
2845
2757
2564
2136
1728
1371
933
503
174
-145
-554
-971
-1202
-1359
-1725
-2181
-2375
-2415
-2654
-3076
-3264
-3137
-3113
-3326
-3407
-3037
-2462
-2190
-2066
-1518
-719
-292
-197
111
630
883
765
651
806
1028
962
602
445
751
1047
901
869
1406
1902
1967
2046
2351
2527
2510
2426
2188
1927
1771
1400
716
248
48
-464
-1216
-1644
-1855
-2329
-2896
-3122
-3150
-3331
-3470
-3350
-3179
-3026
-2763
-2386
-1969
-1506
-968
-417
143
659
1046
1369
1731
1955
1853
1744
1817
1739
1301
905
885
848
536
332
527
920
1141
1308
1825
2528
2856
2892
3170
3532
3489
3188
3067
2952
2440
1712
1137
575
-184
-1019
-1674
-2042
-2430
-3055
-3487
-3393
-3388
-3767
-3731
-3007
-2579
-2663
-2233
-1272
-750
-700
-315
427
879
909
937
1209
1392
1140
713
562
450
-31
-553
-759
-929
-1156
-1146
-1027
-1023
-795
-234
161
361
839
1505
1916
2188
2555
2853
2941
2880
2585
2144
1804
1380
653
-69
-576
-1137
-1856
-2402
-2710
-3098
-3406
-3349
-3215
-3260
-3071
-2461
-2022
-1949
-1678
-972
-414
-327
-204
333
874
913
748
875
1170
1082
640
455
625
605
233
22
168
344
346
334
498
841
1229
1463
1658
2136
2668
2865
2904
3122
3317
3181
2910
2721
2415
1916
1398
805
100
-530
-1024
-1562
-2136
-2500
-2695
-2858
-2934
-2995
-3018
-2771
-2378
-2245
-2183
-1793
-1290
-1179
-1305
-1075
-697
-674
-796
-653
-418
-410
-481
-526
-542
-503
-529
-601
-537
-386
-326
-195
132
380
548
1013
1635
1928
2147
2820
3440
3479
3523
3915
4089
3779
3388
3063
2618
2001
1222
340
-347
-863
-1631
-2446
-2737
-2806
-3234
-3599
-3373
-3032
-2954
-2749
-2269
-1796
-1402
-1052
-768
-530
-260
-55
28
176
358
380
345
404
375
256
299
365
205
142
398
429
161
298
769
865
791
1150
1654
1780
1865
2342
2824
2902
2892
3026
3033
2753
2276
1830
1489
1018
250
-514
-949
-1399
-2118
-2685
-2858
-2987
-3240
-3306
-3087
-2860
-2787
-2632
-2324
-2154
-2118
-2040
-1876
-1699
-1586
-1490
-1299
-1073
-968
-884
-633
-301
-106
21
288
529
556
632
860
919
720
773
1105
1127
928
1094
1579
1776
1656
1830
2405
2727
2627
2648
2973
3105
2701
2195
2000
1815
1199
430
45
-111
-568
-1165
-1373
-1411
-1702
-1991
-1925
-1842
-2042
-2151
-1964
-1890
-2042
-2070
-1913
-1730
-1666
-1631
-1389
-1048
-873
-797
-527
-39
256
255
457
850
846
593
684
846
592
255
399
704
584
433
862
1491
1680
1743
2278
2992
3225
3118
3261
3587
3477
2893
2460
2297
1858
1033
317
-68
-541
-1277
-1809
-2008
-2283
-2645
-2694
-2569
-2623
-2724
-2608
-2443
-2469
-2547
-2483
-2354
-2361
-2458
-2378
-2062
-1818
-1764
-1530
-1024
-664
-563
-333
178
545
526
518
817
1077
975
810
1063
1415
1330
1213
1591
2038
2019
1972
2343
2709
2711
2660
2839
2990
2839
2500
2276
2165
1749
1081
728
581
65
-639
-921
-1024
-1457
-1968
-2200
-2340
-2676
-2985
-3078
-3113
-3214
-3338
-3344
-3198
-3106
-3121
-2822
-2256
-1923
-1659
-975
-182
178
408
957
1543
1732
1673
1766
2007
1987
1589
1235
1223
1175
783
514
750
1075
992
988
1575
2140
2192
2252
2712
3041
2820
2484
2472
2409
1821
1056
564
124
-635
-1540
-2068
-2316
-2807
-3426
-3647
-3580
-3745
-3993
-3814
-3400
-3271
-3237
-2773
-2093
-1749
-1528
-930
-191
162
345
825
1485
1919
2063
2279
2679
2897
2733
2564
2636
2579
2142
1701
1544
1429
1142
855
821
1013
1121
1037
1159
1568
1809
1706
1754
2053
1987
1573
1353
1158
624
14
-453
-1012
-1678
-2244
-2722
-3138
-3503
-3784
-3898
-3802
-3690
-3715
-3490
-2949
-2635
-2525
-2110
-1483
-1087
-800
-305
298
806
1187
1455
1752
2119
2324
2265
2226
2348
2340
2064
1723
1509
1351
1022
530
212
133
-83
-496
-653
-432
-330
-417
-227
207
458
557
770
994
1123
1195
1123
919
780
614
153
-420
-687
-940
-1516
-1978
-2048
-2163
-2558
-2700
-2511
-2476
-2532
-2268
-1850
-1662
-1539
-1202
-754
-427
-217
66
539
1001
1181
1277
1617
1987
1972
1859
2030
2153
1932
1642
1572
1509
1211
844
666
651
505
198
19
94
155
73
104
370
643
733
759
926
1135
1151
959
783
724
514
6
-461
-654
-891
-1365
-1724
-1757
-1827
-2072
-2121
-1902
-1744
-1704
-1502
-1099
-829
-750
-589
-282
-55
-38
-6
210
396
359
276
373
540
459
289
360
505
456
337
381
430
311
171
142
109
0
-7
106
184
248
481
753
884
1095
1450
1645
1622
1726
1907
1827
1568
1412
1242
780
224
-135
-439
-915
-1431
-1770
-1927
-2048
-2238
-2321
-2092
-1805
-1758
-1694
-1296
-888
-786
-695
-392
-139
-95
-111
-26
126
204
169
149
331
509
455
391
565
684
498
374
450
379
141
42
26
-108
-210
-160
-156
-176
18
310
514
737
1130
1456
1604
1757
1901
1947
1907
1783
1499
1178
892
509
43
-325
-574
-873
-1164
-1375
-1556
-1694
-1769
-1810
-1837
-1768
-1629
-1615
-1733
-1703
-1495
-1434
-1523
-1493
-1254
-1062
-975
-819
-509
-136
102
299
599
898
1016
1020
1052
1069
972
733
559
464
266
-10
-165
-166
-195
-233
-111
193
507
780
1156
1591
1933
2206
2470
2656
2712
2711
2600
2347
2081
1829
1433
932
511
116
-356
-860
-1261
-1563
-1825
-2108
-2380
-2496
-2492
-2533
-2609
-2496
-2235
-2038
-1846
-1519
-1099
-736
-407
-63
274
613
883
1026
1143
1304
1319
1114
917
797
608
286
3
-147
-292
-484
-621
-584
-436
-265
-53
304
752
1115
1392
1724
2088
2295
2373
2424
2367
2200
1954
1597
1168
711
228
-277
-764
-1233
-1703
-2107
-2386
-2661
-2925
-3033
-3032
-3005
-2980
-2835
-2613
-2413
-2173
-1895
-1563
-1178
-799
-459
-109
271
571
800
1016
1172
1278
1375
1422
1312
1149
1054
892
610
395
277
128
26
1
-12
50
247
433
556
855
1290
1562
1751
2079
2360
2401
2416
2458
2322
2062
1820
1462
939
472
41
-508
-1026
-1433
-1889
-2352
-2616
-2785
-2987
-3051
-2960
-2897
-2767
-2426
-2057
-1807
-1450
-935
-503
-146
269
670
966
1241
1490
1651
1751
1779
1707
1564
1433
1231
929
662
444
155
-162
-334
-413
-524
-576
-475
-324
-162
72
343
642
946
1195
1445
1722
1917
1949
1946
1957
1824
1508
1203
953
577
106
-281
-614
-1043
-1492
-1784
-2017
-2288
-2514
-2650
-2677
-2655
-2613
-2508
-2304
-2050
-1852
-1602
-1228
-876
-597
-306
85
428
588
735
964
1134
1134
1076
1108
1158
1088
928
826
763
628
494
464
489
471
402
396
469
570
657
737
909
1111
1192
1239
1395
1502
1415
1357
1413
1328
1042
763
540
210
-223
-580
-875
-1185
-1512
-1804
-2029
-2141
-2205
-2312
-2274
-2067
-1899
-1765
-1482
-1143
-915
-680
-369
-88
76
200
370
512
567
584
618
619
576
524
531
578
533
434
431
504
498
451
459
453
339
181
55
-49
-149
-257
-346
-380
-356
-287
-205
-104
64
237
376
531
706
824
858
898
894
795
663
538
360
103
-113
-282
-465
-613
-681
-697
-702
-660
-568
-431
-303
-229
-159
-77
-3
-9
-39
-54
-92
-126
-159
-187
-211
-214
-168
-79
30
144
287
414
503
596
679
724
703
692
664
532
353
238
205
137
25
-30
13
65
53
89
198
312
348
370
442
460
372
236
170
75
-90
-293
-493
-598
-696
-843
-911
-848
-794
-793
-733
-643
-595
-579
-553
-574
-647
-722
-839
-955
-989
-959
-947
-882
-726
-522
-281
19
374
702
999
1285
1471
1557
1630
1630
1522
1368
1152
843
487
119
-233
-556
-819
-1020
-1184
-1220
-1106
-932
-760
-508
-164
162
423
653
896
1087
1157
1144
1128
1108
988
776
626
556
431
216
22
-84
-220
-471
-685
-772
-859
-1061
-1246
-1312
-1297
-1314
-1361
-1298
-1144
-989
-843
-643
-352
-83
86
250
483
668
751
794
810
761
641
484
296
55
-223
-491
-697
-843
-938
-998
-972
-841
-671
-438
-122
267
671
1045
1430
1843
2200
2449
2663
2846
2867
2735
2575
2410
2120
1693
1245
852
437
-55
-543
-958
-1310
-1679
-2019
-2215
-2335
-2461
-2531
-2491
-2359
-2228
-2093
-1888
-1584
-1280
-1048
-767
-420
-82
193
409
639
826
947
1022
1027
986
912
762
552
339
109
-157
-412
-639
-838
-992
-1099
-1137
-1072
-917
-686
-386
-34
366
781
1214
1671
2074
2381
2630
2809
2853
2758
2577
2310
1939
1480
987
489
-44
-578
-1081
-1521
-1901
-2241
-2488
-2621
-2713
-2762
-2697
-2543
-2371
-2154
-1888
-1599
-1288
-993
-714
-424
-112
158
397
650
903
1105
1213
1275
1345
1340
1230
1076
901
704
456
173
-76
-295
-554
-765
-855
-886
-899
-841
-695
-463
-178
134
492
888
1284
1632
1927
2186
2385
2455
2432
2368
2245
1987
1653
1306
919
497
41
-422
-851
-1249
-1616
-1904
-2096
-2243
-2381
-2451
-2417
-2332
-2236
-2079
-1847
-1571
-1312
-1042
-690
-315
30
341
668
985
1255
1479
1670
1822
1875
1822
1716
1561
1307
980
593
201
-217
-642
-1008
-1295
-1486
-1619
-1641
-1541
-1338
-1076
-714
-225
298
801
1302
1793
2219
2533
2731
2859
2885
2782
2559
2276
1898
1422
901
354
-168
-716
-1250
-1707
-2124
-2476
-2739
-2906
-2994
-3011
-2946
-2820
-2630
-2351
-2017
-1683
-1344
-980
-586
-211
142
470
749
1018
1203
1306
1367
1348
1235
1050
850
608
286
-80
-423
-731
-1026
-1290
-1446
-1525
-1536
-1423
-1230
-925
-524
-61
442
962
1505
1978
2367
2724
3006
3128
3143
3092
2935
2659
2348
2007
1579
1131
675
235
-191
-617
-1013
-1360
-1614
-1799
-1971
-2091
-2141
-2144
-2121
-2062
-1940
-1799
-1636
-1419
-1189
-951
-722
-502
-262
-23
176
340
464
537
563
528
438
297
123
-65
-240
-392
-509
-617
-704
-733
-692
-608
-454
-197
91
412
766
1110
1447
1775
2097
2363
2566
2709
2787
2807
2749
2626
2456
2253
2017
1717
1390
1017
577
99
-368
-802
-1224
-1637
-2007
-2301
-2570
-2800
-2970
-3057
-3058
-3020
-2924
-2795
-2599
-2344
-2050
-1747
-1419
-1057
-704
-382
-101
156
361
510
609
652
643
624
572
483
404
338
232
93
8
-11
-16
-5
56
178
356
565
765
978
1233
1483
1690
1883
2069
2215
2300
2380
2441
2411
2351
2242
2061
1834
1550
1206
804
386
-63
-535
-988
-1426
-1866
-2270
-2567
-2767
-2917
-2980
-2934
-2814
-2629
-2370
-2070
-1734
-1355
-988
-632
-287
32
281
477
664
770
789
764
712
653
563
435
285
132
-5
-140
-260
-345
-409
-421
-381
-327
-247
-122
25
180
359
562
774
960
1119
1278
1416
1517
1608
1677
1723
1728
1660
1530
1378
1171
888
547
171
-185
-538
-893
-1221
-1490
-1683
-1829
-1928
-1943
-1866
-1783
-1658
-1463
-1262
-1048
-828
-612
-402
-245
-95
36
147
250
313
366
398
404
417
436
433
410
391
388
397
389
381
394
407
403
384
381
387
388
390
396
410
432
486
570
656
758
868
996
1122
1227
1339
1401
1410
1414
1403
1349
1259
1129
957
759
557
349
122
-100
-340
-611
-879
-1128
-1383
-1639
-1881
-2095
-2323
-2542
-2706
-2838
-2898
-2901
-2847
-2740
-2561
-2325
-2061
-1748
-1385
-1006
-621
-234
136
479
818
1113
1324
1449
1503
1512
1466
1367
1218
1042
841
613
398
211
37
-118
-215
-236
-190
-87
55
244
495
759
1016
1273
1547
1785
1948
2052
2103
2088
2003
1856
1652
1388
1075
748
411
50
-319
-664
-1001
-1300
-1542
-1743
-1899
-2017
-2077
-2085
-2027
-1911
-1770
-1611
-1428
-1215
-986
-753
-505
-243
0
217
434
651
852
1006
1137
1250
1313
1333
1317
1266
1186
1061
893
691
481
274
57
-151
-330
-486
-611
-663
-652
-597
-508
-369
-188
14
225
415
623
839
1028
1188
1309
1408
1443
1405
1320
1191
980
721
453
164
-162
-528
-872
-1191
-1491
-1757
-1967
-2110
-2186
-2207
-2165
-2066
-1914
-1723
-1486
-1191
-884
-575
-238
108
422
679
887
1065
1184
1247
1266
1267
1230
1103
933
721
485
232
-33
-306
-563
-805
-1014
-1170
-1244
-1258
-1234
-1135
-964
-761
-531
-258
59
383
683
992
1290
1552
1765
1923
2015
2066
2070
2017
1909
1718
1450
1120
767
408
28
-356
-721
-1032
-1289
-1491
-1616
-1692
-1714
-1702
-1664
-1592
-1488
-1348
-1199
-1063
-915
-776
-640
-508
-394
-282
-190
-112
-43
17
75
108
105
82
63
31
-17
-48
-51
-39
-41
-58
-47
-6
63
172
321
471
613
777
958
1135
1297
1442
1557
1651
1740
1818
1878
1902
1881
1836
1776
1666
1498
1299
1089
850
569
288
16
-277
-557
-805
-1054
-1277
-1461
-1616
-1744
-1858
-1961
-2046
-2108
-2152
-2164
-2136
-2070
-1975
-1859
-1715
-1551
-1372
-1180
-957
-702
-437
-183
75
349
601
798
953
1084
1203
1284
1320
1330
1305
1244
1153
1054
951
854
742
610
497
411
360
326
313
331
341
356
377
387
410
463
532
611
694
760
800
815
802
777
725
648
558
450
316
160
-18
-232
-465
-699
-949
-1210
-1453
-1658
-1851
-2011
-2125
-2219
-2265
-2259
-2202
-2089
-1911
-1682
-1433
-1162
-850
-548
-262
49
352
599
788
942
1056
1151
1226
1260
1262
1213
1140
1037
907
771
631
489
348
219
96
7
-39
-72
-84
-51
20
123
233
343
454
560
677
798
902
981
1051
1093
1108
1109
1082
1006
885
741
565
344
101
-150
-427
-727
-1016
-1278
-1527
-1727
-1883
-2025
-2107
-2115
-2066
-1953
-1782
-1561
-1294
-1006
-686
-350
-15
314
633
892
1089
1276
1400
1464
1496
1492
1447
1370
1263
1123
998
857
677
498
330
194
69
-42
-120
-163
-187
-199
-168
-98
-13
74
174
275
405
556
704
848
970
1083
1171
1241
1277
1257
1179
1048
889
691
463
227
-38
-319
-610
-895
-1151
-1362
-1547
-1718
-1848
-1928
-1968
-1967
-1908
-1799
-1638
-1477
-1309
-1108
-915
-745
-576
-414
-268
-152
-38
92
191
268
325
350
355
343
335
317
292
273
243
206
170
119
45
-15
-69
-117
-147
-170
-166
-135
-76
-21
43
133
237
344
469
586
655
709
748
754
724
671
602
515
428
331
211
89
-24
-134
-251
-355
-429
-507
-567
-586
-605
-626
-630
-602
-554
-511
-458
-386
-306
-218
-139
-61
22
108
215
341
464
561
649
736
801
848
886
917
934
922
871
807
734
646
547
419
286
150
31
-61
-145
-209
-254
-272
-260
-242
-219
-190
-147
-81
-18
52
107
155
209
249
258
241
215
194
141
104
75
-8
-99
-192
-288
-407
-528
-643
-756
-876
-983
-1087
-1191
-1278
-1365
-1416
-1409
-1387
-1343
-1249
-1118
-954
-792
-621
-436
-244
-51
167
398
589
752
899
996
1077
1133
1164
1185
1178
1150
1114
1072
1017
971
913
832
740
655
555
442
354
287
245
224
217
214
204
209
212
205
199
187
186
155
88
33
-28
-88
-137
-214
-300
-388
-488
-598
-707
-822
-928
-1017
-1089
-1143
-1190
-1190
-1172
-1132
-1068
-978
-878
-776
-646
-503
-357
-205
-31
134
288
419
551
674
784
879
919
938
955
947
914
873
782
663
561
473
375
273
175
57
-70
-167
-235
-285
-340
-386
-391
-397
-402
-396
-383
-353
-333
-288
-195
-128
-88
-61
-32
-8
-2
17
35
46
48
38
18
0
-10
-6
-35
-72
-89
-127
-161
-197
-216
-205
-180
-135
-85
-62
-33
12
50
100
162
247
332
406
478
538
632
735
796
847
882
893
881
872
844
781
739
720
682
617
521
429
334
228
155
88
1
-80
-170
-271
-348
-401
-438
-480
-494
-516
-564
-597
-620
-635
-672
-697
-687
-688
-691
-701
-727
-755
-761
-776
-808
-843
-884
-912
-929
-943
-960
-965
-960
-950
-918
-868
-822
-755
-672
-570
-436
-302
-162
-12
144
292
435
585
731
851
955
1048
1126
1197
1238
1266
1280
1256
1214
1164
1113
1056
983
884
786
684
577
470
358
265
189
111
23
-52
-111
-159
-195
-214
-209
-193
-192
-202
-212
-221
-217
-199
-169
-135
-129
-119
-102
-87
-73
-71
-71
-70
-79
-99
-127
-167
-204
-233
-271
-308
-355
-389
-398
-393
-385
-365
-333
-298
-260
-214
-129
-31
56
149
234
314
386
452
524
550
545
561
566
532
478
427
343
236
152
61
-54
-154
-247
-337
-429
-515
-580
-639
-689
-735
-760
-774
-777
-738
-681
-612
-524
-407
-277
-157
-38
64
136
183
241
330
414
478
551
606
628
627
607
582
541
500
482
449
380
296
230
171
116
82
60
34
-1
-35
-74
-96
-110
-127
-149
-159
-157
-150
-161
-175
-179
-191
-189
-190
-212
-242
-264
-285
-298
-292
-286
-293
-296
-287
-270
-287
-316
-320
-315
-314
-298
-266
-214
-140
-81
-29
20
86
166
239
291
352
417
466
525
595
624
635
642
647
642
607
556
493
430
355
297
236
163
97
46
-10
-57
-92
-145
-198
-232
-269
-321
-354
-375
-383
-401
-431
-437
-437
-440
-451
-462
-442
-407
-365
-321
-292
-272
-266
-268
-257
-225
-176
-131
-101
-70
-56
-35
-4
18
59
103
148
190
227
269
309
336
370
389
383
396
409
417
432
448
453
451
437
420
405
381
343
303
260
213
175
132
86
49
3
-25
-45
-79
-115
-137
-145
-156
-173
-186
-198
-219
-251
-277
-299
-315
-311
-297
-300
-307
-312
-324
-327
-326
-323
-340
-351
-364
-368
-341
-340
-322
-285
-252
-215
-177
-132
-87
-35
10
73
136
174
205
241
279
305
345
385
412
434
455
462
459
463
454
423
393
366
310
254
198
109
48
-3
-61
-108
-158
-198
-238
-267
-303
-320
-317
-315
-326
-320
-302
-298
-291
-281
-248
-224
-201
-172
-151
-125
-114
-91
-57
-36
-16
-3
-11
-14
-12
-17
-14
-8
3
7
3
15
24
36
47
38
56
76
90
122
170
224
257
284
297
319
371
393
389
375
358
346
333
311
298
279
248
215
184
157
122
95
60
13
-28
-54
-76
-111
-139
-154
-163
-177
-183
-205
-237
-258
-270
-276
-270
-265
-262
-261
-277
-278
-258
-239
-233
-217
-194
-182
-169
-152
-141
-140
-135
-107
-81
-67
-58
-64
-55
-49
-52
-42
-15
1
26
60
71
66
61
78
111
141
164
179
199
223
227
232
241
245
248
239
222
199
192
194
167
145
119
79
41
-6
-46
-78
-106
-129
-148
-162
-174
-181
-187
-190
-170
-140
-116
-107
-101
-105
-105
-94
-87
-85
-88
-75
-65
-47
-37
-31
-31
-34
-29
-22
-24
-33
-35
-36
-35
-27
1
12
41
89
117
122
123
129
127
130
132
139
145
142
132
120
110
89
75
68
49
24
9
9
15
21
30
33
25
14
23
16
-17
-28
-41
-54
-54
-58
-53
-42
-37
-26
-24
-33
-43
-30
-14
-25
-28
-27
-33
-31
-32
-32
-46
-63
-68
-67
-57
-46
-20
7
17
18
14
27
23
10
20
16
9
15
28
34
25
29
47
68
79
80
80
71
60
65
64
61
65
53
28
16
-10
-24
-13
-12
-13
-19
-47
-77
-76
-73
-98
-127
-125
-118
-113
-111
-109
-100
-86
-67
-60
-51
-48
-55
-46
-41
-42
-41
-41
-40
-37
-28
-8
4
20
20
20
23
17
20
19
18
13
14
6
6
47
80
102
123
125
125
126
118
112
112
109
98
97
103
97
95
102
102
82
65
64
49
17
-16
-36
-58
-80
-104
-126
-127
-139
-150
-148
-141
-133
-123
-117
-106
-95
-111
-120
-118
-122
-103
-87
-79
-65
-45
-14
10
33
63
64
53
55
54
52
49
50
56
65
67
63
59
47
45
60
78
93
96
105
112
110
106
88
73
69
72
75
70
65
64
63
50
33
38
48
42
25
14
11
2
-14
-11
-24
-36
-31
-37
-32
-32
-59
-85
-109
-113
-96
-96
-104
-84
-56
-42
-37
-39
-49
-66
-66
-62
-55
-51
-53
-38
-37
-41
-34
-22
-18
-16
-12
-12
-14
-6
5
5
10
21
31
43
44
43
58
71
60
45
25
-1
-16
-25
-20
-16
-15
-8
-9
-5
-18
-34
-32
-34
-22
-5
15
26
35
49
62
77
83
72
63
48
