-26
-36
-40
-30
-16
-5
-2
2
8
10
20
21
27
38
39
39
35
29
35
40
32
21
5
-8
-21
-23
-15
-13
-11
-8
-10
-3
10
14
8
-4
-13
-11
-10
-15
-10
-11
-19
-10
6
13
12
13
10
-7
-39
-72
-90
-91
-74
-58
-42
-36
-40
-35
-27
-7
5
7
12
20
29
26
26
19
14
25
36
47
63
63
38
11
-4
-17
-15
-13
-1
17
31
47
48
50
50
55
58
72
91
76
52
30
8
-3
-21
-25
-33
-25
-26
-50
-57
-72
-90
-101
-70
-41
-28
-5
14
45
56
51
46
32
19
12
0
-15
-17
-16
-22
-25
-29
-37
-32
-29
-32
-36
-34
-20
-12
-8
-2
9
11
4
5
6
5
9
0
-7
-20
-40
-35
-37
-68
-91
-111
-112
-86
-60
-34
-26
-14
-4
8
29
52
62
51
49
50
50
47
46
53
70
81
83
85
79
49
31
40
40
33
24
24
36
55
63
64
59
43
52
67
69
51
24
4
-25
-41
-47
-49
-44
-51
-62
-86
-108
-116
-125
-127
-114
-88
-62
-43
-18
4
26
48
57
64
62
52
34
22
5
-15
-17
-20
-16
-20
-21
-26
-28
-24
-22
-17
-26
-12
-6
3
25
49
63
42
4
-41
-70
-76
-75
-62
-55
-69
-74
-83
-96
-99
-94
-83
-54
-25
-7
34
65
82
100
128
158
172
174
163
144
130
118
111
110
106
100
92
73
56
36
23
-6
-39
-37
-35
-33
-10
35
78
93
118
147
161
176
182
157
114
68
13
-14
-14
-36
-67
-102
-120
-128
-151
-170
-194
-209
-213
-201
-168
-131
-98
-105
-120
-129
-142
-142
-154
-164
-187
-208
-208
-193
-185
-183
-164
-139
-118
-87
-42
6
52
91
131
166
198
225
219
201
182
150
98
57
34
-2
-37
-70
-103
-131
-127
-104
-95
-91
-87
-108
-147
-171
-171
-166
-144
-79
-10
60
105
148
195
228
266
333
448
569
646
686
720
717
670
619
551
457
319
154
8
-148
-322
-471
-582
-665
-731
-749
-735
-732
-739
-739
-733
-732
-732
-716
-684
-665
-642
-588
-531
-457
-375
-282
-163
-28
136
318
521
732
973
1198
1363
1510
1626
1711
1747
1724
1642
1532
1383
1186
962
718
468
230
31
-155
-316
-449
-574
-695
-800
-893
-954
-979
-992
-979
-941
-892
-846
-818
-830
-847
-832
-808
-752
-663
-526
-367
-199
-13
164
347
510
629
698
705
687
620
513
397
232
51
-120
-279
-435
-540
-619
-724
-820
-893
-948
-975
-975
-970
-923
-871
-827
-758
-702
-660
-610
-556
-486
-394
-287
-160
-28
117
287
491
703
905
1120
1343
1554
1714
1823
1884
1889
1836
1752
1653
1517
1348
1138
906
655
409
172
-22
-176
-328
-449
-534
-586
-610
-613
-602
-575
-541
-532
-527
-493
-455
-429
-381
-317
-252
-200
-159
-87
-13
49
102
165
257
327
357
380
378
336
254
121
-13
-141
-280
-446
-613
-764
-909
-1052
-1147
-1189
-1221
-1200
-1140
-1078
-989
-856
-692
-500
-293
-78
166
441
691
881
1053
1233
1359
1402
1423
1420
1371
1282
1162
1017
844
646
379
114
-100
-318
-556
-783
-984
-1175
-1321
-1401
-1428
-1445
-1452
-1398
-1333
-1294
-1257
-1179
-1051
-964
-915
-790
-588
-428
-316
-67
304
570
718
980
1384
1675
1800
2051
2457
2676
2642
2689
2866
2799
2450
2188
2009
1660
1147
680
300
-123
-603
-1061
-1377
-1626
-1892
-2127
-2233
-2216
-2285
-2352
-2198
-1988
-1898
-1756
-1435
-1175
-1066
-913
-673
-472
-366
-197
37
205
246
257
310
322
291
225
199
156
92
32
9
92
253
437
598
784
994
1185
1368
1543
1662
1752
1800
1722
1566
1411
1236
928
610
405
150
-197
-480
-650
-880
-1134
-1199
-1181
-1227
-1262
-1163
-1022
-954
-918
-771
-573
-530
-583
-611
-591
-668
-804
-839
-779
-816
-982
-993
-845
-749
-774
-629
-171
118
221
609
1281
1677
1787
2237
2881
3105
3014
3173
3425
3150
2646
2415
2214
1680
1030
606
207
-320
-878
-1295
-1549
-1767
-1956
-2059
-2027
-2048
-2154
-2139
-1983
-1938
-2005
-1877
-1665
-1636
-1771
-1731
-1524
-1486
-1534
-1426
-1142
-916
-848
-704
-353
153
506
630
1013
1711
2172
2169
2386
3027
3273
2994
2934
3238
3110
2521
2172
2019
1580
876
295
-168
-720
-1331
-1850
-2196
-2446
-2703
-2939
-3000
-2922
-2930
-2893
-2639
-2371
-2287
-2147
-1756
-1444
-1254
-963
-664
-542
-453
-193
15
112
361
629
667
690
1021
1365
1378
1432
1893
2358
2390
2456
2882
3250
3222
3133
3347
3423
3088
2659
2389
2077
1485
860
409
36
-484
-1094
-1475
-1724
-2053
-2366
-2439
-2366
-2439
-2475
-2298
-2143
-2083
-2021
-1855
-1696
-1677
-1690
-1612
-1408
-1244
-1180
-1020
-707
-476
-357
-190
215
730
920
1071
1588
2242
2441
2434
2924
3446
3370
3039
3202
3412
2892
2256
1987
1640
836
68
-301
-700
-1271
-1829
-2157
-2345
-2517
-2664
-2704
-2534
-2342
-2248
-2192
-2032
-1889
-1895
-1809
-1724
-1754
-1762
-1659
-1498
-1568
-1579
-1262
-977
-938
-901
-365
271
410
632
1416
2281
2476
2560
3260
3908
3834
3605
3951
4156
3612
2981
2753
2496
1695
862
428
11
-697
-1398
-1736
-1979
-2335
-2564
-2500
-2380
-2433
-2424
-2197
-2006
-2076
-2082
-1710
-1495
-1612
-1532
-1144
-1004
-1235
-1177
-757
-641
-823
-683
-32
511
526
691
1450
2303
2490
2544
3385
4195
4115
3817
4197
4484
3769
3077
3017
2682
1622
733
391
-207
-1122
-1739
-2040
-2484
-2976
-3218
-3270
-3347
-3433
-3353
-3138
-2873
-2685
-2470
-2173
-1991
-1973
-1894
-1645
-1547
-1680
-1537
-1027
-751
-828
-481
471
984
952
1409
2467
3100
3022
3379
4276
4585
4196
4173
4620
4404
3559
2958
2747
2129
1007
249
-108
-675
-1640
-2266
-2445
-2803
-3297
-3463
-3328
-3382
-3503
-3330
-3034
-2887
-2779
-2427
-2052
-1961
-1820
-1340
-899
-902
-940
-562
-212
-342
-421
214
897
918
936
1710
2661
2790
2865
3663
4442
4385
4120
4546
4764
4126
3445
3334
3094
2126
1222
846
452
-412
-1206
-1455
-1693
-2251
-2808
-2984
-3070
-3440
-3732
-3580
-3398
-3577
-3548
-3115
-2916
-3066
-2871
-2202
-1947
-2113
-1805
-1122
-908
-1071
-599
286
572
516
1115
2239
2673
2608
3134
4000
4184
3804
3958
4315
3871
3105
2817
2663
1881
912
444
156
-498
-1215
-1426
-1492
-1860
-2329
-2399
-2292
-2555
-2819
-2675
-2513
-2719
-2790
-2459
-2285
-2448
-2418
-2027
-1774
-1860
-1706
-1128
-718
-620
-190
738
1289
1373
1888
2996
3674
3677
4033
4813
5109
4782
4694
4842
4421
3600
3031
2650
1841
743
-63
-617
-1263
-2053
-2591
-2787
-2921
-3201
-3398
-3174
-2895
-2901
-2874
-2501
-2219
-2324
-2330
-2039
-1889
-2055
-2065
-1858
-1803
-1804
-1536
-1185
-1020
-716
-42
548
845
1342
2267
3004
3318
3820
4475
4737
4614
4654
4767
4421
3822
3233
2651
1939
1092
272
-376
-980
-1756
-2361
-2593
-2724
-3013
-3192
-3021
-2887
-2874
-2702
-2379
-2295
-2339
-2048
-1803
-1975
-2063
-1791
-1670
-1880
-1882
-1600
-1528
-1638
-1293
-557
-128
142
925
1982
2543
2880
3689
4603
4908
4823
5029
5219
4761
4044
3658
3253
2319
1274
496
-206
-1062
-1855
-2312
-2730
-3192
-3506
-3596
-3634
-3764
-3730
-3377
-3063
-3027
-2860
-2365
-2027
-2086
-1981
-1533
-1367
-1493
-1331
-827
-583
-596
-200
446
726
913
1677
2688
3115
3348
4157
5036
5169
4896
5086
5290
4709
3937
3583
3230
2341
1360
732
98
-778
-1580
-2061
-2530
-3004
-3257
-3380
-3523
-3659
-3597
-3372
-3311
-3358
-3113
-2731
-2596
-2650
-2387
-1792
-1501
-1503
-1173
-568
-324
-229
403
1099
1227
1375
2159
2874
2962
3209
3915
4369
4210
4108
4365
4159
3472
3036
2760
2062
1058
372
-143
-874
-1691
-2253
-2598
-3059
-3568
-3766
-3722
-3830
-4041
-3919
-3521
-3360
-3351
-2937
-2315
-2101
-2014
-1495
-877
-678
-550
11
578
696
965
1619
2006
2155
2630
3290
3523
3567
4005
4500
4444
4104
4130
4114
3629
3089
2745
2335
1554
696
122
-329
-1005
-1812
-2334
-2626
-3038
-3568
-3873
-3961
-4194
-4378
-4191
-3969
-3984
-3825
-3313
-2905
-2751
-2353
-1648
-1187
-998
-608
32
492
838
1472
2111
2526
3012
3605
4020
4239
4511
4707
4588
4373
4258
3889
3161
2414
1831
1230
502
-184
-760
-1216
-1766
-2385
-2833
-2980
-3130
-3536
-3714
-3581
-3540
-3717
-3612
-3236
-3101
-2972
-2534
-2066
-1828
-1508
-990
-566
-395
-118
380
806
1228
1669
2093
2516
3053
3577
3871
4177
4547
4676
4486
4331
4268
3851
3211
2711
2209
1543
918
370
-302
-878
-1159
-1548
-2229
-2682
-2784
-3072
-3583
-3874
-3920
-3997
-4107
-4142
-4092
-3833
-3430
-3185
-2956
-2407
-1752
-1394
-1094
-490
34
294
800
1522
1982
2379
3151
3912
4158
4391
4984
5300
5026
4739
4768
4463
3597
2817
2278
1610
775
16
-579
-1055
-1463
-1910
-2371
-2612
-2707
-2935
-3228
-3323
-3345
-3431
-3434
-3399
-3415
-3271
-2918
-2722
-2679
-2345
-1819
-1501
-1278
-866
-370
-73
338
933
1334
1722
2451
3145
3385
3749
4416
4708
4484
4438
4655
4348
3562
3003
2558
1811
1010
373
-261
-929
-1435
-1936
-2522
-2914
-3097
-3423
-3791
-3883
-3897
-3930
-3868
-3759
-3668
-3400
-2956
-2663
-2514
-2018
-1321
-992
-779
-299
197
509
981
1558
1921
2331
3038
3587
3673
3904
4484
4645
4232
3996
4068
3730
2929
2301
1882
1333
691
109
-420
-845
-1185
-1622
-2117
-2414
-2503
-2689
-2999
-3184
-3222
-3217
-3191
-3184
-3140
-2870
-2451
-2192
-1972
-1490
-925
-567
-252
178
519
870
1458
1936
2154
2641
3492
3863
3699
4040
4689
4591
4001
3914
4040
3513
2622
2042
1617
950
246
-381
-1074
-1615
-1979
-2468
-3056
-3447
-3566
-3780
-4127
-4316
-4294
-4149
-3991
-3870
-3704
-3276
-2826
-2578
-2275
-1703
-1165
-829
-392
136
586
1035
1716
2174
2351
2963
3784
3984
3865
4327
4807
4374
3766
3808
3742
2966
2242
1960
1469
689
143
-303
-938
-1461
-1689
-2007
-2454
-2655
-2755
-2998
-3280
-3358
-3300
-3253
-3209
-3212
-3035
-2609
-2269
-2167
-1889
-1267
-823
-597
-177
349
653
1058
1744
2174
2364
2926
3673
3863
3784
4209
4617
4232
3710
3742
3595
2803
2045
1605
1031
202
-436
-909
-1476
-1935
-2196
-2476
-2804
-3004
-3094
-3163
-3267
-3375
-3277
-3001
-2915
-3049
-2898
-2432
-2193
-2141
-1771
-1176
-772
-454
37
505
811
1380
2036
2244
2420
3177
3923
3809
3675
4203
4541
4044
3532
3572
3256
2428
1704
1166
474
-304
-883
-1488
-2149
-2516
-2725
-3096
-3378
-3380
-3360
-3501
-3617
-3521
-3366
-3223
-3110
-2955
-2639
-2285
-2012
-1786
-1452
-1049
-611
-87
434
816
1374
2225
2783
2921
3314
4208
4705
4551
4699
5218
5266
4786
4511
4437
3889
3017
2289
1646
867
121
-583
-1322
-1968
-2510
-2979
-3414
-3695
-3844
-3914
-3886
-3903
-3944
-3856
-3606
-3438
-3354
-3047
-2609
-2287
-2002
-1633
-1233
-796
-295
98
420
1130
1972
2362
2650
3436
4283
4435
4442
4946
5288
4924
4509
4448
4090
3238
2551
2051
1214
206
-518
-1111
-1834
-2536
-2968
-3327
-3776
-4190
-4445
-4539
-4667
-4803
-4801
-4623
-4448
-4293
-3959
-3570
-3256
-2872
-2279
-1794
-1419
-783
-3
536
1028
1958
2771
3133
3603
4518
5120
5135
5382
5881
5885
5415
5181
5009
4284
3367
2719
2035
1069
186
-473
-1159
-1832
-2299
-2680
-3097
-3399
-3531
-3605
-3736
-3815
-3766
-3662
-3613
-3609
-3405
-3092
-2912
-2734
-2312
-1816
-1414
-916
-337
91
506
1323
2133
2493
2954
3922
4730
4773
4893
5553
5804
5337
4959
4911
4357
3311
2510
1916
1031
25
-618
-1176
-1866
-2468
-2800
-3131
-3452
-3628
-3736
-3813
-3918
-3904
-3754
-3510
-3373
-3312
-3013
-2696
-2566
-2312
-1820
-1496
-1225
-681
-181
48
541
1476
1934
2057
2795
3837
4129
4117
4831
5488
5195
4754
4893
4731
3794
3013
2611
1910
810
-27
-640
-1452
-2296
-2883
-3296
-3768
-4069
-4218
-4332
-4472
-4617
-4595
-4424
-4349
-4354
-4102
-3707
-3418
-3133
-2485
-1838
-1445
-943
-240
350
781
1550
2290
2677
3193
4116
4722
4694
5126
5863
5860
5286
5191
5324
4588
3594
3118
2671
1617
514
-125
-743
-1594
-2377
-2845
-3282
-3737
-4059
-4139
-4256
-4494
-4523
-4246
-4006
-4003
-3754
-3195
-2749
-2511
-2043
-1320
-768
-371
168
854
1390
2046
2715
3152
3587
4305
4902
4784
4894
5453
5527
4878
4519
4664
4051
2993
2347
1830
782
-284
-787
-1389
-2258
-2853
-3049
-3413
-3942
-4173
-4129
-4220
-4508
-4589
-4406
-4254
-4350
-4238
-3758
-3331
-3147
-2771
-2083
-1540
-1118
-522
279
908
1571
2319
2909
3395
4086
4858
5070
5244
5715
6005
5669
5211
5184
4714
3777
3016
2523
1722
660
-83
-763
-1619
-2363
-2715
-3062
-3604
-3928
-3938
-4080
-4474
-4608
-4382
-4214
-4331
-4315
-3948
-3527
-3258
-2914
-2299
-1670
-1169
-691
-65
586
1365
2067
2677
3323
4035
4652
4789
4970
5291
5449
5142
4822
4726
4269
3537
2700
2067
1301
432
-282
-982
-1598
-2205
-2594
-2969
-3385
-3695
-3856
-3944
-4237
-4381
-4236
-4060
-4087
-4049
-3642
-3240
-3085
-2907
-2421
-1890
-1485
-1015
-330
396
1106
1731
2391
3115
3773
4247
4465
4832
5160
5193
4958
4802
4753
4230
3503
2812
2314
1595
734
40
-624
-1177
-1786
-2264
-2747
-3124
-3354
-3579
-3739
-3981
-4043
-4017
-3968
-3969
-3841
-3435
-3150
-2960
-2606
-1975
-1362
-912
-274
487
1221
1953
2570
3130
3795
4551
4947
5066
5440
5878
5808
5329
5072
4852
4112
3201
2492
1896
1025
180
-573
-1387
-2020
-2530
-3009
-3556
-3791
-3887
-4139
-4365
-4455
-4339
-4336
-4280
-4115
-3881
-3553
-3270
-2929
-2554
-1999
-1440
-924
-301
408
1278
1992
2506
3076
3828
4530
4762
4922
5280
5501
5224
4725
4568
4257
3442
2518
1886
1364
497
-369
-1033
-1603
-2195
-2810
-3226
-3637
-3857
-4002
-4283
-4508
-4549
-4405
-4444
-4517
-4302
-3985
-3709
-3561
-3244
-2759
-2206
-1547
-972
-314
369
1265
1974
2440
3121
3968
4698
4859
5180
5742
5900
5557
5267
5339
4828
3863
3087
2606
1863
841
98
-561
-1238
-1961
-2456
-2844
-3230
-3455
-3598
-3732
-3936
-3933
-3769
-3743
-3902
-3775
-3316
-3000
-2866
-2547
-1892
-1343
-946
-405
276
912
1628
2296
2806
3389
4138
4678
4710
4953
5404
5435
5050
4799
4730
4138
3300
2607
2032
1200
267
-446
-1139
-1732
-2332
-2871
-3397
-3688
-3788
-4058
-4280
-4358
-4223
-4229
-4294
-4209
-3906
-3476
-3294
-3071
-2574
-1914
-1387
-1056
-466
267
1054
1826
2437
3137
3886
4564
4776
4829
5189
5347
5016
4454
4259
3877
2905
2000
1428
931
142
-535
-1054
-1501
-1916
-2345
-2774
-3214
-3274
-3300
-3479
-3658
-3588
-3435
-3584
-3742
-3725
-3437
-3220
-3089
-2777
-2328
-1796
-1354
-917
-323
381
1160
1887
2515
3242
4058
4732
4960
5264
5770
5851
5411
4845
4656
4094
3106
2271
1678
914
-101
-764
-1391
-1954
-2409
-2706
-3018
-3318
-3264
-3264
-3437
-3642
-3496
-3383
-3562
-3743
-3635
-3261
-3128
-3012
-2736
-2259
-1792
-1449
-935
-236
568
1425
2106
2773
3620
4410
4954
5172
5577
5963
5893
5472
5121
4921
4109
3110
2262
1580
599
-492
-1132
-1750
-2271
-2850
-3247
-3632
-3860
-3790
-3893
-4065
-4115
-3853
-3813
-3968
-3960
-3655
-3296
-3194
-2985
-2556
-1952
-1522
-1189
-685
-39
757
1499
2134
2823
3662
4431
4800
5038
5551
5825
5543
5088
4924
4628
3670
2732
2042
1350
397
-427
-1082
-1746
-2163
-2517
-2832
-3204
-3254
-3114
-3248
-3423
-3314
-3106
-3190
-3354
-3302
-2941
-2616
-2474
-2219
-1740
-1132
-709
-320
263
932
1645
2191
2714
3356
4062
4577
4719
4965
5349
5382
4894
4362
4199
3640
2638
1757
1098
223
-891
-1653
-2250
-2786
-3217
-3452
-3688
-3876
-3707
-3589
-3743
-3923
-3743
-3557
-3685
-3788
-3562
-3201
-3031
-2946
-2805
-2409
-1867
-1438
-980
-328
587
1464
2011
2612
3453
4238
4623
4859
5366
5738
5626
5299
5125
4861
4027
3127
2358
1501
468
-440
-1090
-1797
-2381
-2727
-3017
-3431
-3598
-3506
-3492
-3605
-3555
-3209
-3089
-3125
-3059
-2723
-2493
-2543
-2399
-2009
-1498
-1119
-714
-176
517
1374
2059
2471
3029
3953
4667
4836
5029
5590
5766
5269
4793
4618
4048
3030
2169
1493
681
-265
-942
-1596
-2296
-2800
-3103
-3374
-3674
-3613
-3513
-3599
-3631
-3362
-2997
-2975
-3076
-2927
-2530
-2410
-2445
-2225
-1773
-1372
-1158
-767
-221
422
1163
1779
2388
3178
4037
4518
4670
5015
5385
5159
4547
4277
4086
3348
2387
1686
984
24
-861
-1509
-2185
-2765
-3111
-3336
-3670
-3894
-3719
-3590
-3694
-3739
-3400
-3124
-3189
-3178
-2795
-2319
-2216
-2104
-1649
-1025
-587
-202
359
1005
1814
2553
3076
3629
4456
5208
5332
5397
5802
5921
5380
4739
4447
3846
2728
1754
951
-25
-1045
-1806
-2481
-3188
-3611
-3861
-4118
-4305
-4203
-3986
-4042
-4120
-3940
-3575
-3345
-3330
-3137
-2673
-2383
-2412
-2205
-1589
-1069
-829
-495
45
687
1443
2071
2617
3324
4255
4936
5146
5490
5954
5954
5463
5115
4894
4103
3002
2176
1459
514
-434
-1144
-1828
-2502
-2985
-3364
-3818
-4097
-4054
-4035
-4234
-4327
-4043
-3742
-3704
-3629
-3144
-2485
-2242
-2172
-1731
-1046
-594
-389
1
628
1355
1908
2294
2891
3712
4428
4650
4847
5375
5656
5335
4884
4693
4234
3269
2292
1546
760
-195
-999
-1603
-2215
-2751
-3117
-3371
-3655
-3807
-3765
-3781
-3944
-3973
-3656
-3436
-3529
-3464
-2946
-2530
-2510
-2272
-1568
-892
-545
-120
570
1321
2095
2707
3311
4035
4810
5296
5390
5775
6207
6057
5484
5085
4792
3883
2727
1791
967
20
-1005
-1881
-2637
-3188
-3648
-4136
-4578
-4731
-4633
-4650
-4753
-4643
-4265
-3919
-3849
-3761
-3377
-2902
-2703
-2591
-2142
-1452
-945
-646
-139
587
1427
2200
2730
3299
4111
4869
5176
5377
5850
6134
5818
5296
5030
4555
3467
2336
1525
730
-281
-1258
-1998
-2558
-3000
-3410
-3791
-4084
-4047
-3829
-3781
-3865
-3781
-3412
-3279
-3515
-3532
-3091
-2722
-2691
-2498
-1879
-1217
-856
-483
153
877
1629
2238
2808
3568
4438
5068
5356
5797
6335
6366
5903
5548
5333
4600
3458
2439
1614
642
-526
-1570
-2460
-3126
-3687
-4213
-4608
-4826
-4777
-4751
-4808
-4720
-4360
-4014
-4015
-4024
-3641
-3024
-2790
-2763
-2287
-1461
-831
-561
-79
714
1576
2342
2904
3580
4430
5237
5574
5651
6046
6405
6123
5506
5218
4911
4027
2971
2112
1357
447
-492
-1246
-1939
-2495
-2999
-3452
-3845
-3978
-3877
-3894
-4011
-3997
-3676
-3517
-3676
-3679
-3268
-2814
-2830
-2853
-2393
-1728
-1309
-1053
-473
374
1250
1937
2448
3166
4110
4875
5082
5306
5908
6131
5708
5249
5171
4805
3776
2707
1955
1225
111
-1024
-1872
-2504
-3074
-3703
-4253
-4647
-4752
-4817
-5032
-5235
-5135
-4746
-4579
-4625
-4392
-3754
-3309
-3257
-2966
-2261
-1564
-1154
-696
19
821
1671
2375
3026
3812
4656
5329
5565
5859
6298
6383
6013
5546
5288
4689
3612
2562
1810
1060
-6
-999
-1657
-2078
-2569
-3120
-3500
-3645
-3715
-3975
-4273
-4371
-4151
-3898
-3864
-3852
-3516
-2953
-2723
-2702
-2376
-1662
-1039
-759
-341
385
1211
1977
2528
3064
3812
4662
5220
5398
5802
6250
6171
5611
5185
4943
4128
2939
1993
1339
451
-618
-1475
-2066
-2474
-2977
-3497
-3912
-4029
-3999
-4089
-4248
-4216
-3856
-3651
-3740
-3785
-3422
-2962
-2900
-2846
-2390
-1704
-1266
-1040
-519
244
914
1508
2091
2763
3506
4259
4810
5115
5554
5997
6000
5517
5144
4924
4234
3141
2229
1727
954
-159
-1065
-1610
-2022
-2667
-3341
-3743
-3795
-3900
-4273
-4564
-4531
-4314
-4330
-4519
-4447
-3931
-3440
-3314
-3137
-2512
-1715
-1200
-819
-228
587
1397
2007
2487
3119
3961
4777
5191
5369
5771
6120
5911
5256
4883
4521
3561
2381
1535
910
-30
-1082
-1813
-2263
-2764
-3347
-3748
-3862
-3838
-3970
-4196
-4305
-4144
-3929
-3954
-4037
-3861
-3380
-3075
-3099
-2937
-2278
-1554
-1219
-895
-183
609
1249
1849
2543
3366
4209
5043
5482
5723
6214
6592
6411
5804
5516
5180
4177
2968
2154
1581
629
-466
-1318
-1854
-2362
-2997
-3538
-3797
-3815
-4072
-4430
-4543
-4310
-4134
-4242
-4205
-3815
-3281
-2994
-2885
-2534
-1824
-1139
-815
-471
299
1088
1693
2288
2971
3673
4338
5030
5331
5497
5898
6151
5822
5214
5001
4539
3419
2266
1582
984
-66
-1109
-1772
-2246
-2873
-3559
-3982
-4071
-4080
-4370
-4639
-4541
-4235
-4087
-4110
-4028
-3776
-3402
-3174
-3153
-2874
-2269
-1772
-1563
-1197
-358
320
843
1472
2203
2951
3688
4558
5078
5476
6043
6306
5961
5505
5411
4879
3750
2785
2172
1404
235
-769
-1461
-2045
-2703
-3348
-3807
-3984
-4010
-4270
-4576
-4524
-4189
-4127
-4169
-3937
-3572
-3172
-2855
-2547
-2074
-1477
-944
-662
-199
567
1135
1754
2379
3013
3570
4240
4944
5071
5397
5945
6102
5600
5152
5151
4460
3212
2201
1597
769
-433
-1277
-1833
-2294
-2866
-3508
-3884
-3884
-3833
-4143
-4386
-4157
-3937
-4113
-4247
-4053
-3832
-3670
-3452
-3174
-2698
-2050
-1470
-1080
-464
346
931
1563
2378
3214
3806
4486
5250
5629
5953
6405
6530
5917
5388
5197
4369
3064
2058
1473
455
-840
-1723
-2319
-2796
-3414
-3897
-4112
-4007
-3944
-4149
-4082
-3739
-3413
-3443
-3443
-3169
-2889
-2608
-2440
-2217
-1767
-1176
-681
-449
69
728
1193
1701
2222
2892
3427
4003
4514
4731
5107
5410
5420
4974
4608
4397
3635
2576
1764
1251
393
-673
-1391
-1822
-2171
-2664
-3017
-3117
-3067
-3237
-3642
-3720
-3529
-3493
-3786
-3923
-3818
-3625
-3415
-3418
-3282
-2753
-2163
-1878
-1609
-786
42
636
1355
2174
2962
3573
4409
5055
5320
5654
5883
5737
5118
4785
4511
3600
2511
1648
1003
38
-940
-1612
-2099
-2470
-3007
-3411
-3566
-3460
-3582
-3906
-3811
-3511
-3398
-3522
-3470
-3267
-3041
-2847
-2871
-2711
-2126
-1429
-1071
-742
106
894
1508
2203
2966
3646
4174
4909
5362
5559
5834
6022
5788
5086
4635
4024
2988
1879
1044
307
-785
-1733
-2416
-2830
-3212
-3683
-3929
-3953
-3706
-3677
-3787
-3563
-3244
-3120
-3244
-3163
-2945
-2765
-2538
-2452
-2198
-1680
-1091
-765
-464
343
1038
1557
2193
3040
3792
4293
4936
5293
5544
5858
5977
5672
5086
4756
4114
3059
2071
1312
534
-562
-1447
-2032
-2369
-2734
-3217
-3450
-3406
-3251
-3508
-3726
-3550
-3348
-3403
-3602
-3463
-3348
-3263
-3170
-3127
-2827
-2374
-1864
-1560
-1043
-111
583
1237
2016
2907
3658
4261
4988
5313
5537
5796
5792
5362
4694
4334
3607
2467
1321
465
-264
-1277
-2106
-2753
-3113
-3446
-3860
-4025
-3881
-3628
-3728
-3730
-3459
-3183
-3141
-3216
-3051
-2906
-2736
-2595
-2564
-2228
-1660
-1175
-937
-410
475
1062
1643
2483
3453
4141
4742
5496
5873
6127
6329
6289
5810
5162
4752
3983
2875
1767
936
36
-1094
-1957
-2550
-2869
-3321
-3770
-3910
-3791
-3697
-3935
-3919
-3636
-3452
-3493
-3502
-3310
-3104
-2798
-2559
-2423
-2062
-1492
-971
-699
-212
544
1087
1728
2477
3241
3788
4336
5023
5260
5423
5574
5505
4990
4383
3971
3075
1983
1043
348
-421
-1324
-1958
-2406
-2649
-2914
-3225
-3328
-3202
-3111
-3360
-3451
-3202
-2995
-3125
-3337
-3273
-3102
-2990
-2989
-2907
-2469
-1922
-1477
-1113
-428
444
1076
1889
2897
3884
4620
5411
6162
6434
6647
6807
6659
6003
5310
4812
3841
2510
1224
267
-738
-1880
-2762
-3380
-3738
-4146
-4482
-4516
-4298
-4104
-4092
-3970
-3695
-3480
-3424
-3420
-3291
-3034
-2723
-2522
-2313
-1786
-1234
-851
-596
7
755
1232
1839
2546
3304
3817
4375
4906
5114
5320
5425
5287
4657
4049
3627
2814
1694
616
-110
-933
-1886
-2562
-2884
-3010
-3337
-3630
-3620
-3368
-3294
-3465
-3456
-3205
-3009
-3053
-3038
-2826
-2596
-2471
-2427
-2188
-1717
-1225
-826
-455
257
1018
1655
2400
3190
4010
4614
5330
5897
6147
6413
6562
6360
5634
5079
4586
3575
2372
1355
609
-429
-1515
-2222
-2712
-3103
-3670
-4067
-4211
-4147
-4155
-4373
-4366
-4181
-3995
-4051
-4080
-3863
-3567
-3251
-3126
-2883
-2248
-1523
-1012
-536
310
1106
1707
2461
3394
4218
4693
5305
5746
5901
5998
5964
5651
4923
4397
3816
2785
1623
651
-54
-995
-1929
-2632
-3140
-3416
-3835
-4173
-4243
-4018
-3900
-4074
-3990
-3733
-3526
-3536
-3461
-3156
-2881
-2627
-2454
-2054
-1422
-832
-361
180
1036
1731
2343
3124
3965
4648
5082
5736
6094
6079
6115
6065
5654
4757
4190
3620
2528
1358
410
-260
-1195
-2109
-2733
-3162
-3436
-3807
-4031
-4088
-3909
-3860
-3957
-3760
-3478
-3313
-3422
-3428
-3144
-2877
-2774
-2799
-2495
-1942
-1579
-1338
-850
72
722
1182
1979
2862
3601
4139
4864
5354
5503
5720
5826
5553
4845
4404
3898
2881
1778
955
353
-600
-1549
-2204
-2611
-2996
-3513
-3780
-3843
-3770
-3909
-4081
-3908
-3674
-3518
-3480
-3364
-3149
-2927
-2672
-2521
-2154
-1515
-942
-503
-8
900
1660
2244
3079
3939
4527
4881
5615
6103
6052
6077
6105
5717
4874
4300
3728
2649
1431
554
-173
-1251
-2245
-2872
-3247
-3615
-4076
-4372
-4403
-4228
-4289
-4414
-4173
-3827
-3707
-3763
-3523
-3103
-2841
-2581
-2413
-2083
-1518
-980
-598
-157
650
1282
1801
2581
3485
4099
4543
5255
5718
5819
5912
5987
5600
4872
4404
3799
2747
1615
759
28
-882
-1678
-2255
-2563
-2826
-3218
-3413
-3389
-3287
-3488
-3740
-3616
-3365
-3413
-3617
-3519
-3250
-3011
-2819
-2662
-2227
-1598
-1096
-708
-76
823
1340
1740
2487
3349
3902
4286
4980
5409
5417
5447
5482
5051
4287
3747
3013
1851
625
-257
-1072
-2098
-2958
-3488
-3689
-3878
-4101
-4145
-4031
-3783
-3768
-3754
-3439
-3117
-3090
-3170
-2937
-2657
-2456
-2246
-2054
-1619
-993
-390
-15
562
1422
1976
2579
3413
4261
4720
5076
5741
6031
5954
5922
5910
5391
4527
4041
3393
2230
970
123
-559
-1547
-2470
-3129
-3500
-3783
-4146
-4371
-4291
-4072
-4168
-4254
-4026
-3705
-3697
-3884
-3691
-3359
-3041
-2779
-2504
-2079
-1576
-939
-403
281
1128
1780
2494
3351
4188
4647
5160
5904
6158
6136
6255
6334
5777
4889
4404
3785
2693
1439
539
-241
-1315
-2243
-2901
-3255
-3656
-4178
-4345
-4196
-4031
-4234
-4392
-4091
-3769
-3735
-3767
-3506
-3184
-2982
-2820
-2513
-1927
-1388
-960
-497
311
1184
1706
2382
3284
4047
4461
5009
5702
5886
5819
5924
5923
5289
4543
4183
3530
2385
1292
582
-217
-1286
-2130
-2709
-3064
-3487
-3951
-4184
-4194
-4086
-4275
-4392
-4181
-3913
-3871
-3974
-3818
-3507
-3271
-3156
-2912
-2229
-1536
-1153
-777
20
896
1371
2100
3119
3927
4339
4914
5711
5897
5807
5910
5945
5300
4480
4149
3489
2280
1105
463
-231
-1319
-2246
-2825
-3118
-3546
-3980
-4146
-4029
-3866
-4025
-4064
-3843
-3568
-3410
-3377
-3176
-2863
-2472
-2315
-2300
-1898
-1281
-774
-483
227
1195
1758
2325
3139
3978
4378
4802
5503
5725
5653
5672
5676
5153
4380
4005
3403
2343
1149
431
-148
-1166
-2087
-2678
-2903
-3374
-3967
-4142
-4021
-3993
-4329
-4315
-3920
-3684
-3720
-3623
-3184
-2862
-2640
-2401
-2085
-1550
-1020
-518
-204
370
1134
1544
2087
2831
3695
4202
4645
5335
5611
5644
5644
5608
5159
4428
3974
3288
2293
1207
428
-247
-1203
-2026
-2671
-2943
-3299
-3748
-3851
-3776
-3684
-3885
-3854
-3484
-3298
-3282
-3215
-2919
-2714
-2546
-2261
-2016
-1572
-1047
-521
-80
483
1170
1519
2047
2758
3368
3704
4040
4713
4920
4827
4914
4985
4642
3906
3507
2906
1911
891
119
-566
-1572
-2346
-2884
-3182
-3496
-3930
-4083
-4038
-3894
-3976
-3948
-3569
-3343
-3336
-3322
-3046
-2835
-2682
-2442
-2188
-1726
-1265
-798
-374
221
1083
1513
1982
2776
3497
3858
4101
4827
5230
5168
5204
5349
5095
4322
3910
3490
2600
1511
676
90
-923
-1881
-2488
-2917
-3344
-3865
-4036
-4083
-4091
-4129
-4069
-3728
-3463
-3257
-3086
-2835
-2565
-2292
-1943
-1727
-1376
-864
-410
-42
465
1225
1682
2099
2821
3520
3882
4060
4711
5166
5074
5060
5260
5178
4463
3937
3581
2849
1839
972
414
-410
-1302
-1927
-2305
-2673
-3233
-3467
-3485
-3530
-3711
-3853
-3673
-3575
-3604
-3621
-3409
-3193
-3106
-2771
-2436
-2049
-1543
-1001
-477
42
812
1340
1713
2442
3160
3570
3828
4501
5114
5072
5034
5254
5307
4679
4018
3707
3049
1987
943
207
-605
-1553
-2378
-3060
-3490
-3926
-4290
-4403
-4393
-4352
-4328
-4163
-4046
-4020
-3878
-3682
-3563
-3402
-2991
-2650
-2425
-1960
-1273
-620
-109
601
1337
1774
2424
3220
3662
3801
4320
5047
5032
4792
5067
5338
4871
4147
3940
3680
2860
1821
1145
639
-254
-1130
-1770
-2186
-2614
-3124
-3436
-3647
-3763
-3883
-3895
-3882
-3946
-3861
-3679
-3581
-3520
-3203
-2800
-2572
-2167
-1473
-867
-388
288
1063
1551
2107
2999
3717
3973
4306
5038
5312
5034
5143
5495
5204
4279
3759
3561
2674
1358
505
123
-643
-1684
-2324
-2587
-2890
-3354
-3588
-3612
-3578
-3619
-3698
-3761
-3717
-3495
-3312
-3306
-3235
-2780
-2232
-2000
-1762
-1057
-323
44
365
1046
1597
1829
2345
2978
3236
3336
3890
4471
4329
4199
4660
4874
4178
3448
3451
3046
1788
720
359
-115
-1207
-2064
-2340
-2501
-2921
-3280
-3231
-3044
-2908
-2951
-3023
-2943
-2800
-2692
-2801
-2893
-2684
-2319
-2215
-2237
-1756
-963
-511
-295
271
1047
1369
1579
2235
2836
2951
3075
3784
4185
3894
4038
4564
4433
3710
3598
3781
3009
1745
1152
896
-40
-1244
-1893
-2163
-2621
-3237
-3504
-3479
-3514
-3696
-3856
-3775
-3678
-3677
-3688
-3686
-3590
-3293
-2858
-2686
-2432
-1619
-803
-497
-199
672
1440
1536
1822
2699
3227
3124
3395
4200
4327
3920
4163
4630
4202
3401
3385
3294
2261
1231
900
537
-552
-1529
-1820
-1995
-2479
-2884
-2804
-2664
-2828
-3002
-2884
-2802
-2971
-3017
-2785
-2633
-2647
-2403
-1950
-1815
-1559
-744
-139
-80
249
1099
1349
1015
1445
2339
2380
2042
2630
3537
3488
3308
4019
4635
4206
3669
3851
3677
2636
1697
1328
762
-310
-1119
-1415
-1768
-2432
-2775
-2683
-2786
-3090
-3054
-2861
-3020
-3186
-2912
-2758
-3032
-2945
-2297
-1926
-1999
-1475
-366
83
11
667
1629
1625
1288
1947
2672
2335
2037
2717
3220
2670
2483
3293
3649
3015
2720
3184
2963
1866
1085
807
178
-938
-1635
-1892
-2306
-2814
-3021
-3022
-3171
-3255
-3109
-3074
-3238
-3191
-2931
-3071
-3364
-3057
-2492
-2376
-2337
-1566
-613
-330
-32
879
1599
1549
1632
2415
2805
2444
2480
3281
3653
3304
3512
4298
4472
3886
3613
3809
3385
2280
1461
1079
366
-757
-1579
-1989
-2357
-2734
-3007
-3053
-2987
-2877
-2834
-2935
-2965
-2853
-2854
-3068
-3131
-2746
-2296
-2142
-1923
-1288
-689
-538
-320
323
870
807
767
1275
1585
1296
1285
2044
2682
2549
2646
3537
3979
3553
3347
3702
3510
2511
1734
1450
914
-132
-924
-1232
-1510
-2002
-2413
-2432
-2346
-2512
-2824
-2966
-2927
-2887
-2874
-2847
-2732
-2413
-1973
-1690
-1493
-873
-141
115
260
857
1476
1453
1306
1786
2308
2178
2135
2827
3518
3469
3558
4351
4764
4287
3817
3875
3495
2307
1335
971
329
-822
-1608
-1903
-2250
-2771
-3106
-3044
-2959
-3029
-3042
-2935
-2829
-2826
-2845
-2887
-2886
-2564
-2197
-2149
-2017
-1351
-639
-595
-603
20
554
348
18
480
1017
785
599
1257
2107
2144
2139
2995
3843
3776
3506
3836
3857
2917
1973
1586
1017
-12
-843
-1338
-1822
-2263
-2498
-2658
-2792
-2700
-2561
-2705
-2874
-2670
-2383
-2467
-2621
-2341
-1843
-1646
-1561
-993
-169
189
327
837
1422
1511
1261
1399
1821
1712
1360
1622
2295
2466
2304
2876
3663
3552
3030
3166
3480
2856
1906
1500
1237
456
-496
-986
-1216
-1566
-2104
-2490
-2540
-2498
-2591
-2817
-2969
-2952
-2918
-2967
-3123
-3141
-2803
-2506
-2509
-2324
-1574
-955
-767
-356
393
944
863
812
1418
1806
1546
1543
2280
2912
2784
2890
3795
4225
3738
3535
3892
3655
2696
2094
1886
1202
133
-520
-771
-1181
-1734
-2034
-2089
-2177
-2337
-2479
-2592
-2618
-2597
-2594
-2665
-2698
-2499
-2282
-2303
-2204
-1609
-998
-920
-818
-153
403
305
170
688
1252
1049
898
1611
2473
2573
2474
3189
3950
3796
3420
3637
3782
3100
2225
1750
1325
573
-268
-909
-1323
-1596
-2068
-2519
-2557
-2425
-2572
-2931
-2969
-2803
-2853
-2953
-2847
-2567
-2307
-2201
-2059
-1694
-1196
-884
-730
-387
63
312
296
456
1012
1417
1468
1678
2413
3162
3328
3545
4299
4802
4459
4023
4172
4018
3058
2105
1705
1255
228
-770
-1143
-1280
-1916
-2625
-2675
-2551
-2846
-3248
-3224
-3102
-3343
-3618
-3564
-3447
-3389
-3126
-2826
-2586
-2159
-1598
-1265
-1089
-568
70
298
194
452
1193
1398
1167
1575
2594
3043
2820
3240
4104
4102
3511
3522
3796
3184
2209
1811
1495
648
-178
-488
-718
-1189
-1609
-1612
-1581
-1884
-2112
-2035
-1981
-2309
-2627
-2513
-2470
-2707
-2697
-2352
-2133
-2012
-1571
-1062
-828
-627
-135
335
338
368
960
1577
1553
1581
2353
3149
3135
3041
3805
4436
4106
3744
3931
3879
3129
2422
2075
1566
746
73
-304
-772
-1352
-1753
-1959
-2236
-2605
-2682
-2630
-2815
-3059
-3008
-2815
-2982
-3118
-2723
-2391
-2505
-2365
-1632
-1152
-1239
-1093
-371
54
-270
-366
348
874
650
777
1716
2399
2292
2509
3502
3967
3549
3436
3832
3633
2795
2285
2146
1606
746
210
-88
-527
-1014
-1327
-1583
-1947
-2239
-2349
-2596
-3046
-3274
-3239
-3452
-3842
-3739
-3158
-2941
-3057
-2498
-1549
-1250
-1309
-782
92
322
87
391
1188
1457
1226
1602
2614
3139
2997
3323
4219
4490
4053
3922
4187
3916
3090
2528
2212
1547
711
111
-382
-884
-1298
-1599
-1971
-2415
-2568
-2629
-2977
-3290
-3298
-3196
-3365
-3561
-3301
-2879
-2758
-2662
-2087
-1400
-1173
-1045
-431
279
333
170
580
1225
1316
1115
1559
2425
2795
2779
3307
4258
4589
4348
4368
4649
4348
3533
2899
2372
1604
732
58
-539
-1112
-1557
-1962
-2427
-2775
-2823
-2926
-3208
-3358
-3310
-3287
-3503
-3633
-3409
-3060
-2923
-2863
-2428
-1847
-1549
-1425
-973
-311
-53
-35
241
811
1192
1284
1702
2485
3103
3303
3589
4319
4795
4692
4543
4686
4546
3859
3202
2700
2145
1343
560
-110
-820
-1375
-1913
-2400
-2723
-2926
-3093
-3369
-3526
-3479
-3464
-3520
-3569
-3469
-3161
-2880
-2781
-2472
-1794
-1284
-1149
-818
-117
281
235
437
1030
1426
1377
1566
2196
2699
2853
3044
3652
4097
4045
3883
4016
4042
3504
2862
2288
1633
808
47
-606
-1303
-1842
-2228
-2736
-3255
-3392
-3315
-3526
-3843
-3697
-3298
-3213
-3410
-3230
-2606
-2267
-2329
-2111
-1363
-930
-1013
-854
-236
271
324
422
820
1294
1528
1654
2034
2655
3176
3380
3695
4229
4607
4591
4419
4367
4147
3640
2952
2273
1679
1062
213
-785
-1342
-1565
-2156
-2924
-3221
-3115
-3243
-3733
-3910
-3612
-3399
-3596
-3765
-3359
-2767
-2661
-2706
-2153
-1256
-808
-713
-322
397
842
836
889
1384
2015
2197
2104
2452
3220
3621
3508
3723
4353
4533
4174
3943
4020
3819
3136
2378
1865
1384
545
-448
-1160
-1618
-2286
-3099
-3604
-3784
-3915
-4175
-4348
-4298
-4108
-3903
-3873
-3794
-3284
-2669
-2427
-2256
-1599
-816
-516
-405
70
729
988
925
1013
1445
1812
1750
1783
2282
2866
3028
3041
3485
3940
3962
3781
3840
3938
3562
2868
2305
1863
1224
406
-382
-1017
-1496
-1984
-2553
-3000
-3181
-3266
-3564
-3965
-4033
-3742
-3659
-3921
-3805
-3089
-2593
-2539
-2195
-1269
-547
-430
-270
275
878
1015
888
1024
1458
1833
1801
1871
2456
3083
3227
3167
3697
4407
4457
4115
4081
4191
3735
2810
2022
1500
862
-126
-1117
-1684
-2006
-2510
-3211
-3572
-3544
-3576
-3831
-4118
-3985
-3591
-3382
-3354
-3056
-2337
-1738
-1579
-1350
-569
149
199
100
472
973
864
417
417
766
923
685
621
1210
1846
2004
2045
2671
3554
3753
3488
3576
3905
3650
2929
2375
2015
1455
561
-274
-872
-1283
-1743
-2359
-2782
-2823
-2789
-3077
-3399
-3254
-2936
-2868
-2941
-2686
-2063
-1662
-1555
-1248
-557
76
223
337
737
1094
1130
950
809
774
832
825
643
690
1139
1607
1711
1885
2600
3173
3189
3105
3406
3533
2970
2285
1840
1465
762
-165
-866
-1380
-1849
-2436
-2987
-3205
-3252
-3333
-3510
-3539
-3141
-2766
-2662
-2552
-2096
-1362
-1059
-1051
-725
-42
323
125
144
437
575
299
-1
81
155
135
158
404
953
1487
1880
2193
2792
3484
3686
3657
3831
4114
3806
2964
2350
2078
1527
497
-391
-825
-1178
-1842
-2437
-2611
-2540
-2684
-2885
-2702
-2409
-2304
-2270
-2006
-1690
-1551
-1398
-1087
-820
-647
-430
-270
-230
-225
-281
-383
-559
-713
-865
-965
-849
-688
-555
-185
537
1194
1597
2083
2897
3497
3595
3575
3723
3690
3154
2471
1966
1511
832
29
-622
-969
-1349
-1820
-2151
-2233
-2135
-2172
-2254
-2254
-2115
-1953
-1876
-1839
-1721
-1386
-1157
-1229
-1215
-878
-605
-760
-855
-623
-478
-529
-578
-468
-298
-19
351
545
858
1570
2316
2665
2916
3668
4359
4298
3966
4043
4139
3499
2519
2026
1831
1239
232
-403
-546
-921
-1608
-2059
-2036
-2100
-2395
-2530
-2523
-2471
-2414
-2349
-2379
-2344
-2008
-1780
-1887
-1852
-1403
-1001
-1108
-1232
-859
-490
-608
-832
-588
-280
-365
-325
29
416
705
1220
1907
2263
2678
3329
3700
3610
3629
3978
3832
3070
2520
2437
2101
1110
273
119
17
-711
-1534
-1588
-1425
-1931
-2602
-2665
-2484
-2791
-3353
-3425
-3157
-3033
-3132
-3146
-2849
-2410
-2137
-2112
-1836
-1264
-839
-764
-634
-129
281
338
449
988
1540
1771
2005
2555
3121
3358
3637
4104
4402
4327
4220
4182
3869
3264
2677
2265
1670
908
271
-260
-868
-1495
-1955
-2195
-2431
-2798
-3024
-3133
-3154
-3249
-3364
-3380
-3256
-3036
-2932
-2843
-2598
-2200
-1966
-1806
-1339
-770
-401
-237
94
629
862
762
811
1324
1672
1593
1753
2460
3023
2981
3171
3886
4259
4042
3931
4156
4039
3381
2816
2458
1924
1127
405
-149
-644
-1212
-1800
-2222
-2526
-2760
-3047
-3313
-3403
-3454
-3541
-3644
-3628
-3442
-3296
-3275
-3166
-2772
-2354
-2110
-1810
-1286
-729
-430
-220
247
769
914
842
1208
1821
1953
1902
2439
3287
3555
3641
4272
4961
4946
4671
4815
4839
4153
3283
2770
2241
1290
207
-536
-1113
-1891
-2684
-3137
-3371
-3722
-4147
-4285
-4219
-4293
-4405
-4273
-4062
-3952
-3668
-3226
-2875
-2510
-1905
-1252
-828
-402
301
899
1144
1460
1906
2085
1907
1908
2317
2436
2082
2087
2655
2970
2695
2777
3580
3898
3397
3193
3592
3445
2430
1674
1516
1025
-62
-927
-1276
-1706
-2386
-2873
-3027
-3207
-3425
-3495
-3464
-3509
-3508
-3293
-3251
-3340
-3111
-2618
-2381
-2368
-1952
-1153
-708
-608
-95
728
1102
1036
1364
2021
2115
1733
1829
2431
2572
2172
2269
3044
3432
3268
3511
4177
4334
3904
3708
3782
3333
2515
1918
1421
572
-446
-1135
-1673
-2386
-3115
-3478
-3630
-3933
-4185
-4109
-3965
-4052
-4033
-3685
-3375
-3362
-3134
-2496
-2150
-2094
-1666
-850
-382
-286
181
994
1411
1346
1469
1975
2117
1653
1457
1846
2037
1660
1643
2295
2650
2503
2694
3387
3624
3278
3242
3454
3110
2303
1765
1397
671
-177
-730
-1220
-1851
-2349
-2538
-2697
-3007
-3149
-3031
-3085
-3318
-3256
-2918
-2813
-2990
-2835
-2313
-2063
-2025
-1620
-915
-506
-317
233
899
1095
1116
1396
1674
1537
1248
1266
1387
1315
1196
1328
1688
1956
2148
2443
2861
3186
3275
3297
3203
2988
2654
2094
1363
641
124
-479
-1309
-1969
-2212
-2390
-2879
-3243
-3115
-2927
-3056
-3231
-2997
-2588
-2501
-2553
-2295
-1786
-1534
-1479
-1083
-411
-33
25
348
884
1100
1038
1007
1142
1264
1242
1074
870
970
1266
1192
904
1198
1925
2174
1981
2256
2896
2977
2535
2337
2360
1959
1148
543
282
-103
-763
-1275
-1391
-1470
-1782
-2111
-2141
-2022
-2084
-2220
-2283
-2189
-2115
-2204
-2302
-2247
-1937
-1709
-1651
-1381
-783
-258
-86
133
675
1162
1235
1171
1311
1534
1423
1052
903
1099
1213
944
792
1137
1583
1610
1524
1913
2389
2356
2091
2061
2111
1780
1129
554
172
-226
-785
-1398
-1754
-1821
-2017
-2347
-2461
-2313
-2220
-2254
-2215
-2065
-1908
-1810
-1780
-1760
-1567
-1309
-1227
-1199
-894
-446
-218
-120
172
642
881
841
848
1025
1031
629
273
324
496
324
66
404
1099
1413
1488
2011
2765
3026
2919
2994
3220
3086
2580
2071
1630
1176
609
-51
-588
-799
-946
-1313
-1624
-1588
-1379
-1454
-1745
-1819
-1571
-1487
-1808
-2006
-1774
-1543
-1763
-1941
-1574
-1121
-1088
-1085
-621
-110
-31
-112
29
164
75
-103
-226
-259
-206
-102
-33
55
437
1075
1409
1470
1912
2650
2919
2672
2691
3081
2989
2220
1616
1524
1182
315
-362
-484
-529
-924
-1297
-1269
-1093
-1215
-1484
-1539
-1501
-1600
-1848
-2069
-2238
-2339
-2357
-2419
-2490
-2233
-1704
-1403
-1308
-882
-212
70
5
133
442
499
341
282
323
413
543
677
827
1183
1760
2159
2331
2717
3274
3469
3258
3131
3194
2907
2225
1677
1430
1102
461
-59
-210
-335
-738
-1122
-1093
-1017
-1289
-1628
-1693
-1754
-2070
-2403
-2580
-2721
-2873
-2936
-2938
-2862
-2605
-2228
-1887
-1574
-1092
-491
-117
86
418
809
876
694
718
859
746
625
820
991
916
1034
1527
1866
1860
2109
2693
2953
2801
2797
3030
2869
2279
1882
1706
1213
472
3
-247
-660
-1145
-1314
-1322
-1518
-1773
-1863
-1988
-2334
-2602
-2724
-3008
-3378
-3469
-3363
-3427
-3444
-2999
-2336
-1840
-1348
-551
349
877
1192
1707
2147
2104
1833
1808
1752
1217
738
835
917
595
618
1331
1894
1931
2314
3247
3685
3403
3397
3828
3642
2692
1998
1892
1527
522
-245
-331
-390
-851
-1290
-1286
-1242
-1571
-1989
-2254
-2593
-3076
-3447
-3787
-4188
-4258
-3939
-3668
-3427
-2726
-1660
-845
-293
540
1527
2038
2127
2343
2623
2348
1622
1170
959
372
-390
-564
-352
-502
-728
-268
500
732
869
1567
2209
2177
2120
2492
2543
1967
1531
1509
1187
368
-226
-333
-568
-1154
-1607
-1629
-1744
-2321
-2785
-2795
-2898
-3382
-3601
-3410
-3412
-3503
-3133
-2488
-2131
-1751
-897
-83
335
822
1588
2082
2058
2072
2347
2284
1702
1298
1321
1123
413
9
369
553
157
194
1070
1634
1416
1591
2493
2993
2705
2631
3119
3169
2478
1978
1968
1714
1005
463
284
-20
-559
-945
-1150
-1468
-1834
-1984
-2054
-2338
-2568
-2444
-2304
-2420
-2366
-1816
-1306
-1205
-918
-149
445
536
732
1333
1649
1393
1239
1382
1201
576
117
-80
-506
-1157
-1539
-1513
-1518
-1694
-1561
-957
-401
-144
305
1138
1723
1802
2044
2566
2661
2286
2109
2148
1749
1019
548
256
-266
-907
-1270
-1467
-1719
-1969
-2079
-2084
-2140
-2157
-2049
-1976
-2015
-1897
-1568
-1434
-1522
-1318
-780
-511
-619
-418
159
351
98
128
502
442
-68
-274
-128
-243
-734
-1014
-895
-730
-641
-476
-14
711
1340
1740
2289
3089
3611
3689
3764
3963
3929
3526
3002
2555
2140
1595
848
134
-284
-572
-1059
-1551
-1590
-1399
-1512
-1704
-1571
-1351
-1377
-1554
-1585
-1518
-1527
-1679
-1818
-1727
-1619
-1583
-1479
-1239
-992
-797
-627
-488
-330
-206
-206
-365
-473
-374
-369
-662
-834
-491
-97
-68
134
949
1841
2152
2359
3105
3863
3917
3707
3902
4042
3467
2622
2195
1947
1250
293
-263
-438
-770
-1339
-1611
-1494
-1481
-1702
-1848
-1832
-1910
-2095
-2302
-2551
-2730
-2716
-2713
-2919
-2956
-2544
-2071
-1865
-1526
-780
-36
357
581
1006
1452
1470
1219
1062
1019
800
303
-103
-153
3
1
-37
391
1196
1749
1980
2507
3337
3731
3608
3601
3792
3535
2774
2083
1584
990
179
-533
-936
-1127
-1393
-1724
-1892
-1874
-1873
-2024
-2227
-2384
-2415
-2473
-2764
-3095
-3090
-2903
-2986
-3135
-2793
-2142
-1723
-1427
-845
-68
481
798
1135
1537
1700
1528
1261
1017
763
458
135
-206
-378
-173
76
95
396
1232
1960
2167
2490
3301
3796
3531
3240
3334
3112
2264
1467
1157
838
124
-530
-689
-660
-938
-1332
-1386
-1250
-1397
-1722
-1886
-2002
-2297
-2709
-3020
-3243
-3416
-3469
-3445
-3328
-2979
-2375
-1749
-1247
-620
234
978
1348
1603
2035
2284
2058
1700
1564
1403
920
432
291
313
340
441
655
1076
1665
2144
2394
2711
3229
3464
3236
3041
3059
2851
2193
1555
1261
963
410
-177
-433
-473
-769
-1278
-1552
-1537
-1671
-2150
-2571
-2768
-3035
-3474
-3875
-4067
-4107
-4052
-3904
-3617
-3069
-2297
-1523
-802
2
926
1773
2304
2599
2897
3125
2988
2502
2059
1795
1363
669
154
-17
-90
-177
-169
99
627
1168
1541
1869
2389
2928
3019
2820
2830
2880
2459
1762
1271
907
349
-358
-906
-1270
-1617
-2007
-2415
-2746
-2988
-3249
-3570
-3908
-4204
-4407
-4546
-4725
-4830
-4667
-4290
-3894
-3448
-2691
-1678
-759
84
1025
1969
2758
3290
3642
3843
3879
3705
3302
2811
2335
1909
1474
1028
656
480
545
566
512
788
1342
1641
1624
1841
2278
2378
2089
1924
2043
1935
1369
748
478
314
-176
-779
-1077
-1187
-1464
-1901
-2127
-2158
-2326
-2602
-2798
-2886
-2925
-2940
-2964
-2863
-2574
-2204
-1802
-1374
-783
-35
635
1182
1686
2212
2704
2925
2948
3026
3048
2820
2399
2005
1671
1273
791
285
-135
-374
-488
-693
-903
-821
-542
-400
-424
-264
157
377
233
158
412
519
125
-282
-235
-85
-386
-866
-972
-868
-1029
-1435
-1630
-1515
-1512
-1749
-1877
-1767
-1579
-1468
-1442
-1314
-961
-502
-169
16
385
1059
1509
1592
1763
2171
2436
2307
2125
2177
2166
1746
1197
867
609
128
-441
-791
-1019
-1315
-1540
-1499
-1435
-1371
-1004
-510
-211
24
524
1060
1235
1273
1525
1772
1580
1191
1032
1013
671
37
-293
-325
-598
-1156
-1456
-1417
-1519
-1851
-2017
-1912
-1834
-1879
-1886
-1744
-1511
-1273
-1060
-841
-512
-84
225
379
580
968
1287
1315
1294
1449
1584
1355
990
897
824
350
-239
-433
-465
-780
-1189
-1200
-861
-750
-814
-463
201
581
672
1067
1704
2008
2030
2169
2355
2219
1900
1772
1661
1273
804
510
254
-110
-447
-604
-741
-1021
-1230
-1263
-1357
-1603
-1800
-1824
-1923
-2117
-2146
-2030
-1994
-2005
-1798
-1398
-1054
-753
-315
226
667
1003
1333
1590
1638
1576
1538
1338
975
650
486
204
-254
-456
-355
-240
-323
-324
55
521
701
772
1167
1661
1679
1393
1409
1629
1452
1022
820
828
705
354
123
200
309
218
80
121
198
47
-283
-518
-709
-1076
-1488
-1854
-2228
-2554
-2739
-2811
-2808
-2652
-2295
-1804
-1266
-687
-52
551
1057
1420
1648
1834
1875
1667
1339
1001
586
115
-251
-539
-835
-1030
-1010
-936
-935
-757
-340
37
227
470
930
1232
1220
1250
1517
1693
1532
1418
1551
1599
1345
1057
985
919
653
256
-83
-340
-703
-1223
-1737
-2108
-2416
-2771
-3077
-3167
-3019
-2743
-2463
-2161
-1602
-859
-278
183
813
1477
1817
1908
2029
2143
1950
1490
1049
681
253
-257
-753
-1046
-1190
-1375
-1544
-1500
-1225
-998
-817
-440
91
560
941
1368
1829
2225
2522
2753
2978
3082
3042
2939
2839
2663
2278
1801
1388
962
337
-356
-913
-1423
-2044
-2697
-3127
-3386
-3687
-3861
-3798
-3616
-3346
-2973
-2469
-1865
-1214
-510
175
766
1308
1891
2348
2574
2708
2766
2699
2417
1997
1629
1282
819
267
-179
-490
-789
-1065
-1125
-969
-809
-646
-304
183
629
976
1431
1963
2261
2367
2504
2638
2554
2258
1993
1805
1427
827
276
-181
-702
-1341
-2012
-2526
-2957
-3466
-3918
-4203
-4417
-4572
-4567
-4435
-4249
-3920
-3389
-2845
-2339
-1695
-912
-240
312
900
1481
1875
2076
2250
2358
2259
2023
1789
1527
1205
838
502
318
211
101
61
188
459
676
820
1133
1560
1857
1981
2141
2388
2463
2312
2112
2003
1881
1572
1148
864
650
239
-257
-586
-772
-1014
-1421
-1789
-1961
-2169
-2496
-2781
-2874
-2816
-2752
-2700
-2499
-2106
-1673
-1280
-843
-240
384
890
1268
1596
1977
2230
2185
2002
1869
1700
1306
825
491
279
-25
-398
-649
-741
-752
-748
-692
-533
-270
-2
163
299
554
839
969
933
1003
1198
1193
994
909
955
820
530
344
290
153
-159
-433
-544
-702
-1035
-1341
-1457
-1538
-1720
-1834
-1765
-1632
-1527
-1358
-1079
-741
-371
-35
250
526
837
1091
1161
1169
1228
1251
1111
868
700
585
408
167
-5
-40
-29
-57
-69
43
180
219
192
205
309
370
255
151
233
320
222
141
290
426
390
393
549
677
602
460
419
375
164
-188
-508
-731
-1026
-1436
-1732
-1874
-2026
-2196
-2225
-2091
-1953
-1796
-1546
-1278
-979
-665
-400
-198
-15
195
354
431
424
485
586
617
585
570
648
683
642
647
740
778
699
627
591
502
350
172
75
42
-3
-27
-18
53
201
371
511
687
957
1196
1260
1275
1392
1453
1244
994
881
716
403
70
-162
-319
-490
-668
-746
-724
-684
-669
-648
-568
-485
-446
-408
-410
-431
-445
-487
-574
-649
-629
-617
-639
-588
-422
-231
-104
40
297
538
657
751
876
941
891
755
560
307
52
-165
-404
-599
-707
-752
-760
-738
-630
-395
-125
53
207
431
657
754
745
778
858
833
734
673
644
604
517
441
423
425
413
383
337
265
139
-57
-289
-551
-798
-1006
-1250
-1486
-1663
-1724
-1711
-1720
-1646
-1443
-1222
-1043
-844
-556
-269
-57
125
336
507
599
604
542
498
400
217
47
-64
-143
-261
-375
-382
-328
-278
-200
-91
52
208
352
472
620
869
1108
1222
1297
1456
1610
1639
1630
1656
1643
1539
1360
1198
1072
890
604
255
-62
-347
-710
-1173
-1588
-1863
-2101
-2330
-2449
-2439
-2315
-2163
-2000
-1754
-1405
-1009
-676
-367
-5
365
621
774
989
1211
1293
1250
1164
1078
991
854
639
391
176
-3
-182
-359
-471
-536
-569
-562
-515
-413
-223
5
190
396
698
994
1185
1346
1549
1720
1750
1676
1605
1518
1373
1140
827
533
251
-55
-374
-638
-884
-1145
-1353
-1482
-1564
-1622
-1624
-1584
-1513
-1429
-1323
-1198
-1045
-872
-732
-554
-298
-107
30
194
362
514
600
654
714
696
608
510
420
327
189
50
-81
-245
-416
-543
-626
-689
-655
-499
-350
-248
-69
234
564
777
971
1200
1338
1381
1466
1605
1714
1670
1533
1474
1384
1161
895
642
365
0
-380
-659
-910
-1187
-1448
-1654
-1839
-2010
-2114
-2149
-2153
-2115
-2021
-1857
-1658
-1410
-1083
-721
-367
-72
193
451
698
873
1016
1132
1180
1171
1119
1032
853
595
348
145
-50
-262
-477
-623
-711
-785
-808
-714
-568
-404
-201
56
344
605
887
1155
1414
1613
1741
1814
1790
1702
1580
1417
1208
925
560
230
-94
-465
-789
-1013
-1210
-1427
-1646
-1775
-1807
-1852
-1818
-1672
-1456
-1222
-1003
-756
-484
-191
67
354
664
882
1017
1176
1314
1369
1408
1396
1296
1092
858
615
296
-73
-376
-651
-917
-1161
-1328
-1364
-1328
-1233
-1039
-754
-437
-127
225
661
1070
1353
1573
1861
2073
2143
2130
2076
1981
1816
1637
1442
1230
987
690
366
90
-178
-473
-745
-1007
-1274
-1529
-1798
-2048
-2220
-2358
-2478
-2548
-2525
-2425
-2284
-2080
-1787
-1470
-1163
-842
-541
-264
-9
213
368
436
460
447
383
280
187
112
59
-30
-109
-115
-98
-55
43
190
377
533
670
836
985
1131
1322
1514
1703
1887
2037
2157
2229
2273
2311
2317
2235
2120
2013
1856
1597
1269
903
487
91
-332
-784
-1216
-1624
-2030
-2437
-2760
-2991
-3127
-3185
-3177
-3091
-2909
-2684
-2471
-2230
-1914
-1571
-1264
-941
-560
-239
-6
210
406
539
630
710
743
735
689
630
572
511
446
390
355
326
294
290
340
385
467
643
862
1065
1290
1555
1835
2044
2238
2421
2518
2554
2523
2471
2313
2073
1788
1451
1058
622
190
-222
-648
-1071
-1422
-1741
-2022
-2253
-2425
-2537
-2584
-2518
-2349
-2159
-1951
-1743
-1511
-1250
-967
-677
-427
-204
-4
161
274
359
395
428
447
423
402
405
366
285
218
181
166
152
151
145
123
68
15
17
85
192
291
379
484
634
816
955
1071
1187
1268
1318
1338
1341
1273
1122
906
639
338
35
-296
-650
-968
-1270
-1545
-1798
-1988
-2119
-2181
-2135
-2032
-1886
-1689
-1427
-1171
-932
-698
-501
-314
-131
69
254
381
493
591
637
675
742
845
896
883
850
783
688
570
460
330
200
82
-13
-68
-77
-39
63
196
343
544
742
940
1110
1263
1413
1545
1609
1594
1536
1432
1261
1039
795
538
290
52
-173
-413
-643
-823
-932
-1034
-1155
-1258
-1347
-1439
-1490
-1517
-1546
-1567
-1585
-1582
-1582
-1542
-1438
-1296
-1133
-942
-703
-457
-253
-70
129
315
440
519
549
562
569
529
491
448
400
384
408
443
466
514
572
629
715
828
933
1018
1116
1244
1339
1385
1408
1409
1375
1291
1185
1112
1078
991
890
805
708
603
466
306
130
-80
-329
-574
-802
-1024
-1241
-1447
-1636
-1785
-1886
-1967
-2010
-2011
-1977
-1907
-1815
-1703
-1573
-1436
-1314
-1201
-1074
-953
-808
-621
-439
-263
-48
183
396
627
857
1035
1148
1227
1297
1315
1287
1241
1170
1032
855
666
462
261
85
-75
-213
-294
-329
-292
-202
-122
-13
142
306
476
661
853
982
1046
1108
1164
1163
1105
1040
947
818
660
506
349
148
-88
-329
-578
-848
-1127
-1357
-1557
-1726
-1792
-1752
-1631
-1497
-1325
-1083
-857
-632
-354
-49
232
484
725
921
1048
1096
1094
1059
971
815
606
416
201
-38
-258
-438
-613
-786
-938
-1069
-1155
-1183
-1149
-1072
-928
-714
-475
-221
55
382
731
1069
1402
1702
1983
2198
2336
2431
2434
2334
2140
1863
1559
1203
827
434
49
-315
-686
-1027
-1324
-1556
-1719
-1828
-1899
-1935
-1908
-1826
-1736
-1608
-1474
-1315
-1160
-1010
-831
-619
-408
-251
-106
-2
61
98
106
87
47
-21
-89
-160
-242
-327
-437
-542
-600
-620
-599
-522
-401
-232
5
281
575
888
1181
1452
1729
1968
2142
2250
2327
2359
2327
2249
2094
1885
1639
1365
1102
849
588
320
63
-217
-512
-775
-1032
-1286
-1503
-1679
-1777
-1850
-1895
-1870
-1798
-1679
-1542
-1399
-1260
-1130
-996
-852
-720
-586
-467
-342
-229
-174
-147
-127
-111
-105
-121
-172
-193
-194
-185
-136
-74
26
157
281
396
523
631
722
822
915
1000
1089
1190
1273
1333
1389
1424
1426
1406
1339
1228
1112
980
818
652
501
349
194
67
-73
-212
-336
-486
-634
-752
-842
-929
-1018
-1109
-1191
-1277
-1349
-1373
-1394
-1411
-1405
-1397
-1374
-1330
-1263
-1152
-1003
-829
-643
-474
-302
-126
19
159
297
419
540
667
774
825
859
887
884
870
878
880
877
877
876
879
899
932
944
928
907
880
831
795
775
732
679
657
632
591
546
492
436
374
298
207
126
43
-51
-156
-254
-365
-490
-638
-789
-928
-1064
-1178
-1287
-1382
-1458
-1528
-1581
-1584
-1551
-1524
-1481
-1415
-1328
-1213
-1086
-940
-770
-581
-374
-195
-29
156
323
497
663
766
828
857
853
844
829
796
749
700
637
563
502
442
370
330
339
362
395
447
524
612
705
803
883
952
997
999
981
936
850
737
619
498
343
155
-45
-260
-477
-685
-885
-1049
-1193
-1333
-1462
-1559
-1622
-1666
-1662
-1607
-1533
-1420
-1266
-1100
-911
-698
-468
-227
12
221
416
577
696
798
875
928
953
969
957
926
859
771
693
627
569
506
448
381
313
270
260
254
248
254
280
340
391
442
505
589
679
736
796
855
868
851
816
752
679
579
440
275
103
-79
-285
-495
-710
-922
-1097
-1238
-1375
-1486
-1553
-1597
-1618
-1585
-1499
-1377
-1249
-1098
-920
-763
-628
-490
-353
-214
-89
28
123
191
236
264
273
260
275
303
307
282
266
249
210
176
156
158
170
174
199
228
250
257
271
327
394
472
546
614
707
776
816
855
884
903
904
897
854
782
714
629
526
415
296
152
-20
-179
-324
-467
-609
-744
-845
-930
-1001
-1046
-1078
-1108
-1134
-1128
-1088
-1035
-981
-927
-881
-817
-738
-644
-549
-470
-385
-295
-204
-118
-35
39
100
155
209
258
303
356
404
447
493
529
559
586
624
663
717
778
852
937
1018
1080
1128
1167
1208
1233
1225
1219
1195
1130
1030
928
822
693
540
375
206
30
-152
-344
-541
-724
-890
-1035
-1156
-1288
-1403
-1481
-1539
-1573
-1576
-1537
-1490
-1425
-1328
-1215
-1090
-951
-782
-623
-473
-328
-190
-52
60
151
248
342
410
479
566
634
676
703
728
760
766
767
749
721
705
698
700
692
692
696
684
650
621
590
546
519
495
469
437
386
295
177
63
-54
-160
-244
-345
-446
-534
-637
-744
-836
-914
-977
-1013
-1045
-1091
-1124
-1119
-1121
-1114
-1085
-1037
-960
-874
-789
-699
-592
-498
-399
-283
-176
-67
50
152
236
327
400
478
550
616
671
708
737
760
793
833
866
894
922
941
953
966
959
931
912
888
856
827
791
752
688
609
528
454
396
342
272
192
106
18
-83
-179
-258
-332
-411
-502
-602
-707
-797
-864
-909
-944
-976
-1009
-1058
-1089
-1083
-1052
-1023
-984
-928
-892
-876
-858
-831
-784
-700
-585
-472
-370
-270
-192
-106
-2
95
201
329
456
561
644
712
786
866
949
1024
1085
1129
1160
1182
1187
1179
1169
1155
1130
1099
1045
973
894
809
723
640
543
424
315
221
114
-26
-156
-263
-374
-487
-593
-698
-796
-853
-896
-957
-1021
-1054
-1086
-1131
-1145
-1145
-1144
-1132
-1106
-1083
-1034
-978
-933
-862
-774
-691
-603
-509
-419
-329
-250
-160
-67
15
105
188
253
317
383
443
512
597
675
728
769
836
885
913
938
965
986
983
973
947
899
850
828
811
755
674
608
545
458
363
265
163
51
-54
-150
-261
-370
-476
-564
-663
-772
-856
-914
-955
-972
-977
-986
-990
-978
-938
-891
-834
-758
-688
-611
-538
-480
-412
-341
-277
-204
-123
-58
11
89
160
237
305
364
419
470
524
585
643
690
727
760
774
796
821
816
807
786
756
725
690
678
650
607
581
529
474
409
336
243
141
49
-32
-113
-207
-287
-346
-393
-452
-501
-544
-584
-639
-693
-712
-721
-728
-697
-675
-647
-618
-592
-568
-532
-468
-410
-356
-310
-252
-199
-152
-101
-59
-18
23
53
82
111
149
181
212
244
283
327
372
404
436
447
460
470
470
481
464
446
421
394
382
372
346
319
286
219
145
77
26
-26
-68
-105
-157
-206
-272
-340
-387
-427
-457
-476
-489
-494
-500
-489
-476
-457
-440
-423
-387
-365
-347
-353
-345
-325
-305
-250
-191
-144
-106
-70
-24
27
76
122
166
209
244
295
350
402
448
481
525
551
562
560
548
539
540
521
495
494
487
459
419
370
325
282
237
206
169
121
92
56
7
-32
-76
-123
-153
-191
-242
-304
-356
-389
-411
-421
-448
-481
-491
-491
-497
-520
-562
-588
-586
-556
-527
-509
-501
-459
-401
-344
-288
-258
-206
-132
-53
18
73
121
170
231
291
306
310
325
361
408
456
479
485
489
478
478
454
434
435
415
406
402
375
336
297
259
222
189
146
106
75
36
-28
-89
-125
-153
-167
-184
-222
-251
-272
-296
-345
-386
-396
-402
-400
-394
-395
-397
-368
-305
-277
-262
-243
-228
-197
-162
-137
-110
-72
-44
-10
28
61
102
127
160
189
195
198
197
194
185
195
211
212
227
260
283
284
280
275
259
246
234
211
195
188
183
183
170
123
67
21
-20
-49
-85
-107
-130
-168
-192
-219
-236
-247
-260
-263
-276
-303
-331
-350
-360
-360
-338
-311
-307
-297
-287
-282
-274
-261
-232
-187
-148
-116
-88
-70
-53
-35
-13
36
86
115
151
183
194
206
223
248
278
301
315
339
356
370
396
428
449
452
435
394
346
284
246
226
213
206
188
168
153
130
109
81
55
48
52
68
40
-13
-58
-102
-131
-164
-200
-219
-220
-210
-207
-221
-239
-270
-294
-310
-327
-333
-336
-321
-304
-288
-259
-235
-219
-191
-162
-155
-165
-163
-159
-155
-122
-97
-79
-34
-3
11
14
10
12
25
69
116
125
111
100
106
119
127
140
157
173
169
153
139
149
170
185
192
199
191
155
148
158
144
124
102
73
54
44
18
3
6
4
-10
-29
-50
-79
-97
-108
-95
-82
-86
-90
-88
-82
-73
-64
-55
-39
-37
-34
-53
-72
-59
-35
-10
-1
-10
-19
-34
-61
-71
-86
-102
-89
-75
-62
-39
-34
-45
-36
-32
-32
-24
-20
5
33
47
58
62
62
70
76
73
65
60
51
35
15
-7
-23
-31
-7
37
70
85
91
94
78
60
41
30
28
30
16
0
-5
11
37
49
58
54
48
32
8
-11
-28
-26
2
47
75
78
68
72
78
60
23
-13
-6
26
28
12
-11
-29
-29
-37
-47
-53
-50
-33
-13
-7
-15
-16
-26
-28
-13
-1
-8
-39
-58
-80
-86
-90
-90
-85
-72
-40
-32
-41
-50
-52
-64
-77
-87
-106
-126
-137
-130
-104
-82
-73
-49
-12
10
-9
-23
-13
-4
9
30
30
24
30
41
56
61
69
79
100
113
97
81
53
31
25
42
61
52
41
43
49
46
38
29
24
17
1
-22
-32
-31
-23
-19
-21
-19
-18
-11
-2
10
25
34
34
14
13
23
-2
-10
1
14
26
18
-1
-11
-13
-18
-21
-20
-35
-60
-75
-78
-70
-47
-21
-6
-1
0
-1
1
21
49
72
81
79
74
55
30
18
20
26
20
21
41
73
102
101
82
74
67
49
27
19
17
11
9
-1
-10
-4
9
7
-5
-18
-16
0
9
-2
-27
-44
-55
-58
-45
-26
-9
-20
-44
-60
-82
-98
-95
-79
-76
-85
-74
-57
-42
-28
-33
-37
-42
-44
-41
-41
-46
-43
-23
5
29
19
-20
-64
-90
-87
-63
-26
7
39
58
75
78
68
56
50
47
32
21
2
-7
-5
10
36
41
40
38
11
-20
-23
-17
-7
1
10
10
22
40
46
54
44
32
28
20
17
8
-10
-26
-36
-32
-11
16
33
30
12
-3
-11
5
22
33
34
27
26
17
11
11
-10
-34
-33
-27
-43
-60
-66
-80
-78
-66
-59
-53
-42
-40
-46
-39
-42
-39
-3
33
44
37
34
22
21
34
33
38
51
54
55
60
41
7
-10
9
31
41
41
20
-2
-4
3
19
33
44
58
56
45
28
7
1
11
24
31
36
42
39
40
41
35
39
38
28
7
-9
-27
-39
-40
-28
-3
-1
-3
-12
-30
-46
-52
-36
-18
0
11
5
-16
-37
-47
-49
-22
-6
0
-7
-33
-57
-71
-69
-56
-37
-24
-16
-7
-15
-19
-23
-42
-52
-47
-41
-33
-28
-31
-29
-16
-7
-3
13
16
10
-8
-31
-48
-54
-37
-16
11
15
6
-6
-6
-1
2
0
-18
-34
-43
-35
-28
-5
22
31
49
49
36
37
36
39
35
41
51
59
76
70
63
54
44
40
45
62
77
68
36
8
2
10
9
7
10
8
2
-7
-10
-11
-16
-23
-37
-54
-50
-45
-36
-18
-15
-16
-18
-8
-11
-17
-20
-21
-5
14
26
20
11
-5
-16
-12
-4
16
25
20
4
-5
9
22
33
46
31
17
16
18
21
13
7
7
-2
-9
3
18
36
47
44
32
21
25
19
15
16
1
5
9
12
23
27
25
-5
-47
-72
-81
-84
-74
-60
-52
-57
-62
-48
-41
-43
-46
-44
-30
-27
-31
-39
-52
-48
-28
-7
9
17
12
-9
-32
-41
-27
5
26
22
21
20
14
2
1
5
-4
-1
3
9
17
27
41
39
33
32
28
13
19
20
20
18
16
20
10
0
-2
0
1
6
10
22
16
-3
-7
-19
-34
-39
-27
-15
11
47
59
38
9
-10
-24
-27
-24
-27
-34
-35
-37
-32
-23
-27
-15
0
-7
-10
-10
-5
-20
-17
15
35
47
46
36
11
3
11
4
-3
-2
9
11
3
2
1
4
15
19
21
9
-11
-28
-23
-5
6
23
50
59
58
69
74
49
31
35
25
10
11
11
4
0
-6
-2
3
-9
-22
-30
-30
-30
-23
-3
9
13
16
21
36
39
27
16
19
27
23
27
24
3
-7
1
4
0
-24
-50
-58
-64
-72
-74
-70
-72
-64
-50
-34
-29
-34
-30
-21
