-1
-1
0
0
0
0
0
1
0
1
-1
0
0
-1
0
0
0
1
0
0
0
0
0
0
0
1
0
1
0
0
0
-1
-1
0
0
0
0
1
0
-1
0
0
0
0
1
0
-1
0
0
0
0
0
1
0
0
0
0
0
0
0
0
0
0
1
0
0
0
0
0
0
0
0
0
0
0
0
0
-1
-1
0
0
0
0
0
0
-1
0
0
-1
0
0
0
0
0
0
0
0
0
0
0
0
0
0
0
0
0
-1
0
0
1
0
0
-1
1
0
0
0
0
0
0
0
0
0
0
-1
1
0
0
-1
0
0
0
1
0
-1
0
0
0
0
0
0
0
1
-1
0
-1
0
-1
-1
0
0
0
1
0
0
0
0
0
1
0
-1
-1
0
0
0
0
0
0
0
-1
0
-1
0
1
0
0
0
0
1
0
0
0
0
0
-1
-1
0
0
0
0
-1
0
1
0
1
0
0
0
0
-1
0
0
0
-1
0
0
0
0
0
0
0
0
-1
0
0
0
1
0
1
0
-1
0
1
0
0
-1
0
0
0
0
0
0
1
0
1
0
0
0
0
0
1
0
1
0
0
0
1
0
0
0
0
0
-1
0
0
0
0
0
0
0
0
0
-1
0
0
0
0
0
0
0
0
0
0
1
0
1
0
0
1
0
0
1
0
0
1
0
0
1
0
0
0
0
0
0
0
0
0
0
0
1
0
0
-1
0
0
-1
0
-1
0
0
1
1
0
0
0
-1
0
0
0
0
0
0
1
0
0
-1
0
0
0
0
-1
0
1
0
0
0
0
0
-1
0
0
0
0
0
0
0
1
0
0
0
0
0
-1
0
0
0
0
0
1
0
0
0
0
0
0
0
1
0
-1
0
-1
1
0
0
0
0
-1
0
-1
0
0
0
0
-1
1
0
0
0
1
0
-1
0
1
1
0
-1
0
0
0
0
0
0
0
0
-1
0
0
0
0
1
-1
0
0
-1
0
0
0
0
0
1
1
0
0
0
-1
-1
0
0
0
1
0
0
0
0
0
0
1
0
0
-1
0
0
1
0
0
0
0
0
1
0
0
-1
0
0
0
0
0
0
0
0
1
0
0
0
0
0
0
0
0
1
0
0
0
0
0
0
-1
0
0
0
0
1
0
0
1
0
0
0
1
-1
0
-1
0
0
0
1
0
0
0
0
0
0
1
0
0
0
0
0
0
0
0
0
-1
0
0
0
1
0
0
0
1
0
0
0
0
0
0
0
0
0
0
1
0
1
0
-1
0
0
-1
0
0
0
-1
0
0
0
-1
0
-1
1
-1
1
0
0
0
0
0
1
0
1
0
0
0
0
0
0
0
0
0
0
0
1
0
0
-1
0
0
0
0
0
0
0
0
0
0
-1
0
0
1
0
0
-1
0
0
0
0
0
0
0
0
-1
0
1
0
0
0
0
1
0
0
0
0
0
-1
0
0
-1
0
0
0
0
0
0
0
0
0
0
0
1
1
1
1
0
0
-1
1
0
0
0
0
0
0
0
0
0
0
0
0
1
0
0
1
0
1
0
0
1
0
0
0
0
1
0
0
-1
0
0
1
1
0
0
-1
0
-1
-1
0
0
0
1
1
0
-1
0
1
0
0
0
0
1
0
1
-1
0
1
0
0
0
-1
0
0
0
1
0
-1
0
-1
-1
0
0
1
0
0
0
1
1
0
0
1
1
-1
0
-1
0
0
0
1
0
0
0
0
-1
0
0
-1
0
0
-1
-1
1
0
0
0
0
-1
0
1
0
0
0
-1
1
0
1
0
1
-1
0
0
0
-1
0
0
0
0
0
0
0
0
0
0
0
0
0
0
0
0
0
1
0
0
0
0
1
0
0
0
0
0
0
0
0
0
0
0
0
0
0
0
0
0
0
0
0
1
0
0
0
0
-1
0
0
1
0
0
0
0
0
-1
0
0
0
0
0
0
-1
0
0
-1
0
0
0
-1
0
0
0
0
-1
0
0
0
0
0
0
0
0
0
0
0
0
0
0
0
-1
0
0
0
-1
0
-1
0
-1
0
0
0
0
1
0
0
0
0
-1
1
0
0
0
0
0
1
0
0
0
0
0
0
1
0
0
0
0
-1
0
-1
0
0
0
0
0
0
0
0
0
0
0
0
0
0
0
0
0
1
0
1
1
0
1
0
0
0
0
0
1
0
1
0
0
0
1
0
0
-1
0
0
1
0
-1
0
0
0
0
-1
-1
1
0
0
1
0
0
1
0
0
0
-1
1
0
0
0
0
0
0
-1
0
0
0
0
0
0
0
0
0
0
0
0
0
0
0
0
0
0
0
0
-1
0
-1
0
-1
0
0
0
0
0
-1
0
-1
1
0
0
0
0
0
-1
0
-1
0
-1
0
0
0
0
-1
0
-1
0
1
0
0
0
0
0
0
1
0
0
0
0
0
0
-1
0
0
0
0
0
0
0
0
1
0
1
1
0
0
0
0
0
0
0
0
0
0
1
0
1
0
0
0
0
0
0
0
1
0
0
0
1
0
1
1
0
0
0
0
-1
0
0
1
0
0
0
0
0
0
0
0
0
0
0
0
0
-1
0
0
0
0
0
0
0
0
0
-1
0
1
0
0
0
0
0
0
0
-1
1
0
0
0
1
0
1
0
0
0
0
0
0
0
-1
0
1
0
0
0
1
0
0
0
0
-1
1
1
0
0
1
0
0
0
0
0
0
0
0
-1
0
0
0
0
1
0
0
0
0
0
0
-1
-1
1
0
0
1
0
0
-1
0
-1
1
0
1
0
0
0
0
1
-1
0
0
0
0
0
0
0
0
0
0
0
0
0
0
-1
0
0
0
0
1
0
0
0
0
0
0
0
0
-1
0
0
0
-1
0
0
1
0
-1
0
0
0
0
1
1
1
0
0
-1
0
0
-1
0
0
0
0
-1
0
0
0
0
0
0
1
0
0
0
0
0
1
0
0
0
0
0
0
0
-1
1
-1
0
-1
0
0
0
0
-1
0
0
0
0
0
0
0
0
0
1
0
0
0
0
0
0
0
0
0
0
0
0
0
0
-1
0
0
0
1
0
0
0
0
-1
0
-1
0
1
0
0
1
0
0
0
0
0
0
0
0
0
0
1
-1
0
-1
0
0
-1
0
0
0
0
-1
0
0
0
0
0
1
0
0
0
0
0
0
0
-1
0
0
0
0
0
0
-1
0
0
0
0
0
0
-1
0
-1
0
0
0
0
1
0
0
0
0
0
0
0
0
0
0
0
0
1
0
0
0
0
1
0
-1
0
1
0
0
0
0
0
0
0
-1
-1
0
0
0
1
0
-1
0
0
-1
0
0
0
-1
0
0
1
0
0
0
0
0
0
1
0
0
0
0
1
0
0
0
1
1
0
0
0
0
0
0
1
0
1
0
0
0
1
0
0
0
-1
1
1
0
-1
0
0
0
0
0
0
0
0
0
0
0
1
0
1
0
0
0
0
0
-1
0
1
0
0
-2
-1
0
3
7
12
19
27
33
37
41
40
38
33
20
4
-12
-34
-55
-77
-95
-101
-104
-112
-105
-90
-76
-51
-34
-19
3
10
33
82
141
202
257
313
364
417
481
516
520
453
317
188
39
-138
-306
-452
-574
-649
-722
-808
-829
-831
-839
-786
-743
-687
-586
-496
-336
-143
44
278
570
862
1088
1229
1323
1375
1323
1172
942
658
314
-39
-376
-740
-1070
-1299
-1387
-1406
-1390
-1344
-1230
-1003
-785
-572
-339
-97
191
492
781
1052
1396
1775
2165
2557
2842
3004
2999
2771
2405
1801
935
176
-554
-1262
-1783
-2348
-2705
-2784
-2890
-2845
-2706
-2492
-2038
-1700
-1512
-1112
-728
-282
438
1017
1572
2136
2406
2746
2970
2804
2668
2365
1812
1229
455
-427
-1133
-1893
-2579
-2898
-3229
-3379
-3294
-3183
-2914
-2650
-2420
-1968
-1485
-1122
-663
-199
343
993
1568
2191
2896
3427
3884
4239
4188
3955
3595
2891
2142
1197
4
-854
-1555
-2115
-2396
-2718
-2921
-2857
-2769
-2598
-2321
-2088
-1686
-1121
-576
42
684
1352
2160
2791
3180
3476
3552
3502
3349
3026
2547
1887
1142
266
-656
-1476
-2273
-2856
-3220
-3457
-3514
-3406
-3093
-2717
-2337
-1963
-1648
-1337
-1028
-658
-259
234
823
1465
2165
2693
3173
3610
3732
3608
3214
2481
1710
841
-229
-1138
-1982
-2744
-3150
-3430
-3664
-3744
-3693
-3403
-2908
-2461
-1987
-1475
-961
-348
301
899
1471
2165
2845
3426
3901
4157
4246
4157
3787
3184
2492
1740
989
252
-469
-1210
-1881
-2284
-2494
-2499
-2431
-2342
-2183
-2000
-1762
-1482
-1082
-629
-123
439
974
1506
2059
2550
2980
3386
3566
3497
3211
2708
2088
1337
376
-614
-1655
-2707
-3480
-4058
-4407
-4473
-4367
-4160
-3758
-3353
-2891
-2226
-1523
-769
-45
610
1198
1826
2552
3215
3589
3690
3696
3501
3197
2784
2139
1395
587
-285
-1038
-1681
-2277
-2656
-2897
-2972
-2935
-2898
-2588
-2079
-1521
-911
-401
-35
363
869
1440
2104
2789
3446
4088
4667
5011
5015
4688
4026
3119
1972
617
-681
-1893
-2867
-3497
-3975
-4345
-4595
-4597
-4446
-4312
-4023
-3575
-3029
-2340
-1609
-858
-6
869
1648
2385
2924
3260
3541
3632
3518
3119
2463
1760
1022
301
-322
-945
-1593
-2150
-2633
-2989
-3094
-3158
-3050
-2682
-2261
-1701
-1314
-1001
-462
94
741
1472
2121
2755
3434
3987
4468
4726
4612
4298
3702
2945
2151
1083
-22
-974
-1943
-2743
-3393
-3955
-4229
-4246
-4109
-3798
-3439
-2988
-2350
-1663
-803
19
702
1473
2178
2831
3432
3862
4114
4251
4121
3740
3231
2577
1872
1022
102
-737
-1585
-2349
-2958
-3509
-3846
-3890
-3748
-3443
-3022
-2594
-2112
-1614
-1221
-725
-53
729
1626
2538
3404
4116
4655
4917
4862
4555
3857
2967
1872
526
-821
-2043
-2978
-3674
-4175
-4415
-4481
-4357
-4126
-3806
-3416
-2979
-2322
-1487
-658
139
885
1627
2397
3059
3574
3959
4246
4460
4412
4016
3346
2426
1433
436
-714
-1907
-2850
-3568
-4023
-4159
-4222
-4016
-3532
-3099
-2598
-2158
-1772
-1259
-783
-166
601
1333
2168
3000
3746
4498
4975
5030
4906
4421
3600
2604
1207
-67
-1112
-2213
-3013
-3627
-4137
-4210
-4040
-3795
-3432
-3122
-2669
-2112
-1657
-1049
-357
304
1142
1927
2633
3391
3967
4370
4596
4504
4080
3450
2699
1722
714
-246
-1193
-1975
-2673
-3240
-3546
-3722
-3700
-3464
-3200
-2775
-2343
-1965
-1452
-977
-317
615
1465
2353
3210
3853
4559
5008
5005
4848
4305
3527
2740
1535
233
-916
-2052
-2819
-3421
-4085
-4316
-4322
-4206
-3853
-3631
-3282
-2688
-2066
-1300
-596
-4
818
1688
2394
3046
3489
3763
3921
3754
3417
2915
2124
1277
353
-696
-1606
-2428
-3124
-3431
-3593
-3632
-3337
-3008
-2613
-1993
-1471
-950
-333
170
802
1506
2035
2685
3442
3964
4440
4694
4517
4269
3788
3025
2154
930
-342
-1488
-2665
-3597
-4330
-4896
-5101
-5069
-4807
-4249
-3636
-2953
-2126
-1471
-787
-29
553
1205
1820
2285
2824
3236
3473
3611
3467
3172
2722
2057
1329
636
-72
-826
-1525
-2143
-2530
-2734
-2833
-2658
-2311
-1938
-1410
-783
-211
350
743
1129
1720
2110
2423
2770
2934
3217
3499
3443
3265
2889
2326
1866
1021
-204
-1343
-2569
-3572
-4180
-4777
-4981
-4808
-4563
-3960
-3270
-2641
-1809
-975
-213
549
1221
1734
2275
2633
2820
3024
3120
3222
3306
3186
2844
2349
1573
667
-253
-1288
-2166
-2943
-3575
-3922
-3997
-3773
-3346
-2819
-2164
-1390
-774
-108
493
998
1734
2317
2822
3458
3959
4477
4973
4948
4637
4161
3230
2179
868
-554
-1713
-2874
-3790
-4296
-4758
-5001
-4945
-4755
-4328
-3757
-3111
-2234
-1274
-340
635
1538
2312
2902
3225
3544
3781
3769
3522
3152
2771
2141
1275
419
-502
-1399
-2085
-2741
-3211
-3477
-3645
-3479
-3213
-2846
-2277
-1703
-1013
-350
175
687
1143
1693
2383
3010
3665
4273
4640
4905
4800
4209
3447
2391
1130
-96
-1352
-2397
-3249
-3953
-4230
-4411
-4510
-4331
-4067
-3707
-3190
-2764
-2122
-1361
-766
33
857
1643
2502
3193
3721
4197
4315
4052
3764
3219
2416
1511
487
-420
-1170
-1860
-2409
-2746
-2977
-3033
-2863
-2521
-2090
-1779
-1388
-905
-467
-33
309
647
1231
1861
2509
3335
3863
4226
4563
4445
3974
3259
2134
988
-243
-1699
-2869
-3910
-4765
-4967
-5007
-4928
-4517
-4192
-3744
-3085
-2579
-2003
-1268
-654
127
1017
1758
2534
3123
3546
3993
4189
4218
3993
3322
2613
1764
700
-170
-1005
-1821
-2313
-2840
-3201
-3285
-3386
-3080
-2355
-1737
-1072
-438
-42
521
1030
1354
2011
2610
3157
3871
4423
4858
5115
4936
4514
3952
3010
1855
489
-978
-2256
-3449
-4429
-4982
-5388
-5498
-5129
-4624
-3965
-3164
-2548
-1868
-1160
-654
-55
692
1399
2220
2983
3535
4077
4267
4170
3898
3307
2553
1553
372
-704
-1713
-2663
-3413
-4004
-4331
-4423
-4302
-3795
-2996
-2242
-1465
-748
-193
374
818
1303
1940
2426
2918
3579
4189
4747
5006
4824
4421
3685
2617
1452
106
-1317
-2701
-4008
-4892
-5502
-5866
-5791
-5473
-4870
-4079
-3437
-2750
-1927
-1227
-464
248
993
1926
2801
3582
4326
4798
5008
5059
4815
4414
3720
2707
1620
410
-859
-1984
-2897
-3634
-3976
-4043
-3859
-3382
-2711
-1949
-1170
-407
224
772
1182
1557
2097
2575
3012
3458
3803
4234
4627
4684
4432
3952
3079
2094
922
-569
-1970
-3243
-4324
-4978
-5435
-5633
-5361
-4936
-4306
-3605
-3089
-2431
-1627
-966
-225
497
1119
1869
2473
2901
3411
3775
3904
3995
3796
3314
2697
1735
584
-529
-1729
-2756
-3417
-3970
-4241
-4152
-3946
-3483
-2864
-2303
-1527
-818
-361
185
625
1173
1961
2495
3062
3776
4251
4723
4928
4592
4207
3533
2449
1427
160
-1130
-2034
-2932
-3656
-4048
-4418
-4494
-4249
-4002
-3618
-3263
-2971
-2431
-1809
-1234
-439
368
1165
2032
2793
3557
4210
4466
4477
4359
3862
3017
2120
1126
161
-659
-1494
-2053
-2350
-2625
-2535
-2291
-2146
-1767
-1501
-1328
-930
-702
-508
-138
108
651
1368
1884
2567
3144
3453
3812
3688
3063
2497
1622
649
-192
-1287
-2108
-2640
-3314
-3723
-4001
-4242
-4049
-3717
-3439
-2914
-2469
-2050
-1378
-795
-198
545
1225
2007
2744
3263
3737
4030
4049
3933
3622
3067
2341
1474
572
-310
-1134
-1746
-2087
-2247
-2237
-2122
-1953
-1773
-1659
-1537
-1415
-1318
-1196
-1030
-737
-133
562
1287
2198
2911
3494
4019
4016
3687
3182
2386
1650
823
-224
-1018
-1811
-2514
-2839
-3232
-3518
-3461
-3359
-3147
-2897
-2791
-2496
-2138
-1795
-1197
-560
140
1012
1748
2514
3232
3602
3905
3971
3586
3027
2185
1125
184
-751
-1597
-2181
-2557
-2650
-2494
-2224
-1879
-1540
-1286
-1094
-930
-874
-873
-654
-430
-85
638
1353
2144
3013
3643
4170
4431
4100
3577
2937
2006
1207
256
-800
-1483
-2148
-2590
-2612
-2733
-2718
-2436
-2263
-2015
-1900
-1982
-1814
-1648
-1449
-1015
-551
67
862
1581
2315
2889
3141
3200
2952
2429
1825
1027
118
-718
-1499
-2062
-2342
-2382
-2188
-1919
-1665
-1406
-1166
-1021
-1023
-1154
-1305
-1284
-1179
-915
-236
532
1298
2185
2948
3606
4189
4253
3878
3313
2429
1545
582
-490
-1245
-1838
-2251
-2335
-2519
-2656
-2513
-2458
-2316
-2247
-2452
-2347
-2110
-1898
-1459
-965
-239
766
1558
2379
3212
3671
3939
3825
3334
2844
2183
1448
818
37
-592
-939
-1223
-1337
-1398
-1465
-1390
-1361
-1477
-1493
-1594
-1697
-1695
-1741
-1627
-1188
-485
316
1177
2090
3067
3933
4369
4356
3985
3362
2564
1591
455
-591
-1426
-1990
-2287
-2499
-2667
-2767
-2741
-2728
-2854
-3007
-3166
-3164
-2866
-2522
-1967
-959
133
1154
2197
3072
3807
4304
4255
3904
3394
2597
1786
927
-11
-740
-1274
-1569
-1674
-1761
-1732
-1606
-1533
-1559
-1689
-1784
-1743
-1762
-1756
-1530
-1153
-381
555
1291
2175
3072
3711
4244
4281
3761
3322
2724
1877
1047
-72
-972
-1582
-2358
-2844
-3114
-3398
-3341
-3208
-3239
-3048
-2888
-2740
-2316
-2065
-1658
-850
-113
774
1734
2454
3314
3939
4061
4051
3708
3151
2540
1598
604
-224
-1003
-1423
-1585
-1680
-1548
-1435
-1329
-1221
-1264
-1331
-1279
-1349
-1379
-1127
-820
-261
474
1088
1926
2802
3394
3935
4006
3601
3266
2683
1728
855
-234
-1140
-1564
-2053
-2346
-2386
-2551
-2547
-2417
-2476
-2337
-2202
-2227
-1978
-1754
-1520
-869
-217
523
1409
2037
2678
3212
3213
3027
2686
1961
1281
430
-608
-1277
-1893
-2282
-2193
-2174
-2020
-1603
-1437
-1240
-1050
-1146
-1011
-970
-1221
-1061
-780
-431
420
1033
1651
2594
3119
3726
4286
3905
3509
3002
1851
1033
-95
-1433
-1809
-2357
-2821
-2563
-2723
-2502
-1997
-2247
-2124
-1864
-2176
-1890
-1653
-1610
-761
-63
773
2062
2662
3317
4129
4169
4129
3865
3026
2361
1410
163
-485
-1151
-1684
-1698
-1969
-1976
-1610
-1526
-1260
-1090
-1296
-1140
-1010
-1169
-1042
-865
-666
-80
621
1369
2220
2820
3325
3876
3995
3720
3201
2344
1379
425
-619
-1574
-2245
-2790
-3138
-3266
-3302
-3267
-3150
-3031
-3009
-2866
-2705
-2457
-2020
-1587
-997
-250
507
1323
2049
2557
2957
3103
3008
2819
2288
1474
657
-257
-1013
-1537
-2014
-2123
-2093
-1988
-1549
-1168
-929
-670
-592
-492
-268
-228
-43
355
700
1388
2210
2829
3575
4073
4334
4684
4388
3642
2993
1919
774
-128
-1365
-2207
-2528
-2987
-3037
-2980
-3149
-2973
-2943
-3048
-2848
-2849
-2717
-2177
-1721
-1087
-267
488
1511
2347
2928
3567
3818
3839
3729
3139
2429
1724
766
-59
-725
-1370
-1600
-1607
-1634
-1438
-1265
-1198
-1015
-1046
-1190
-1108
-1129
-1193
-966
-679
-245
514
1277
1970
2697
3217
3583
3786
3453
2866
2179
1217
232
-697
-1679
-2389
-2809
-3192
-3281
-3255
-3295
-3115
-2992
-2953
-2749
-2643
-2435
-1919
-1417
-698
290
1126
2069
2959
3458
3897
3968
3587
3202
2442
1482
721
-236
-1059
-1559
-2171
-2458
-2489
-2634
-2374
-2028
-1854
-1460
-1281
-1258
-994
-912
-812
-398
-37
484
1313
2041
2844
3646
4114
4538
4632
4147
3555
2730
1690
809
-265
-1301
-1869
-2490
-2795
-2746
-2921
-2747
-2504
-2496
-2162
-1926
-1797
-1293
-850
-356
371
1021
1867
2818
3378
3754
3959
3720
3357
2847
2084
1197
186
-687
-1420
-2149
-2703
-3064
-3185
-3078
-2910
-2648
-2354
-2072
-1765
-1453
-1115
-783
-536
-153
354
904
1676
2443
3117
3740
4091
4219
4127
3602
2869
2020
919
-186
-1262
-2241
-2814
-3163
-3433
-3415
-3349
-3255
-2976
-2880
-2781
-2503
-2280
-1786
-1107
-552
225
1133
1943
2853
3490
3811
4150
4019
3600
3161
2326
1470
660
-343
-1161
-1835
-2437
-2636
-2713
-2855
-2709
-2549
-2422
-2071
-1871
-1661
-1216
-921
-557
35
528
1071
1839
2518
3155
3735
3995
4210
4150
3560
3013
2303
1289
466
-516
-1485
-2073
-2695
-3104
-3275
-3503
-3426
-3250
-3232
-3012
-2694
-2363
-1810
-1193
-541
302
1193
2039
2786
3312
3713
4004
3970
3564
2987
2243
1381
580
-236
-929
-1380
-1826
-2103
-2218
-2370
-2396
-2334
-2365
-2292
-2125
-1935
-1543
-1177
-732
-33
509
1102
1926
2572
3174
3667
3860
4014
3897
3341
2751
2001
1055
262
-694
-1568
-2074
-2654
-3038
-3235
-3504
-3498
-3370
-3248
-2920
-2628
-2261
-1532
-886
-226
580
1302
2096
2836
3271
3663
3915
3765
3502
3024
2318
1638
844
85
-548
-1259
-1801
-2193
-2567
-2770
-2888
-2827
-2503
-2163
-1811
-1389
-1058
-708
-344
24
456
828
1452
2159
2671
3255
3702
3953
4029
3626
2930
2236
1200
138
-775
-1789
-2463
-2917
-3277
-3284
-3332
-3347
-3053
-2806
-2550
-2157
-1851
-1404
-883
-584
-80
691
1342
2043
2610
2847
3147
3202
2892
2496
1752
834
126
-735
-1472
-1980
-2455
-2522
-2490
-2514
-2246
-1959
-1785
-1502
-1366
-1151
-808
-540
-100
364
779
1361
2010
2547
2976
3154
3241
3408
3358
3141
2767
2160
1420
649
-158
-954
-1589
-2116
-2471
-2696
-2890
-2888
-2701
-2442
-2124
-1774
-1375
-781
-165
442
1149
1695
2202
2673
2954
3172
3225
2990
2683
2283
1644
1012
320
-457
-1074
-1733
-2273
-2509
-2701
-2808
-2774
-2689
-2416
-2050
-1738
-1333
-915
-528
-139
229
610
891
1180
1599
1941
2258
2535
2782
2882
2578
2071
1583
1002
269
-501
-1358
-2035
-2482
-2844
-2940
-2946
-2836
-2491
-2196
-1878
-1442
-1130
-751
-267
65
436
960
1455
1935
2277
2459
2684
2814
2812
2581
2108
1572
988
345
-256
-856
-1354
-1663
-1919
-2108
-2145
-2086
-1888
-1613
-1327
-989
-691
-474
-260
-74
105
299
594
1071
1501
1882
2228
2465
2725
2859
2555
2146
1669
910
276
-506
-1376
-1817
-2283
-2686
-2743
-2882
-2863
-2494
-2291
-1957
-1440
-1060
-480
14
256
622
927
1276
1842
2141
2362
2637
2576
2432
2069
1370
849
318
-368
-939
-1615
-2144
-2302
-2496
-2589
-2388
-2176
-1834
-1395
-1220
-939
-569
-274
156
561
939
1384
1804
2055
2322
2612
2812
3089
3108
2762
2374
1853
1150
518
-198
-1064
-1651
-2104
-2503
-2653
-2788
-2857
-2583
-2208
-1873
-1441
-1034
-584
-104
196
515
949
1318
1695
2010
2181
2415
2509
2369
2164
1667
1117
645
-23
-653
-1228
-1856
-2187
-2299
-2450
-2353
-2178
-1987
-1555
-1163
-808
-347
-24
217
502
657
844
1170
1528
1923
2308
2566
2758
2889
2763
2319
1743
1091
384
-304
-1033
-1696
-2162
-2498
-2656
-2699
-2657
-2398
-2118
-1856
-1478
-1140
-822
-437
-132
204
619
1037
1489
1838
1997
2158
2202
2107
1929
1462
981
438
-392
-1114
-1685
-2347
-2786
-3011
-3171
-3065
-2892
-2663
-2224
-1813
-1392
-979
-632
-173
219
487
859
1205
1602
2122
2452
2851
3365
3584
3686
3616
3226
2812
2176
1357
699
-52
-764
-1183
-1567
-1758
-1718
-1632
-1293
-942
-749
-520
-420
-331
-105
68
300
624
912
1280
1567
1672
1748
1692
1547
1205
590
61
-510
-1195
-1727
-2303
-2706
-2754
-2814
-2747
-2470
-2257
-1922
-1574
-1321
-887
-550
-361
-68
103
239
452
483
741
1184
1404
1752
2136
2358
2610
2456
1997
1632
1001
356
-150
-904
-1391
-1548
-1740
-1706
-1609
-1424
-1047
-886
-824
-692
-642
-562
-418
-266
5
341
743
1293
1731
2092
2391
2466
2451
2228
1738
1271
771
214
-243
-726
-1167
-1480
-1774
-1951
-1969
-1921
-1756
-1632
-1512
-1299
-1125
-967
-795
-657
-437
-150
66
478
987
1396
1832
2207
2531
2756
2599
2219
1814
1241
578
-36
-685
-1088
-1262
-1449
-1403
-1272
-1129
-885
-758
-722
-745
-869
-846
-665
-556
-428
-216
152
672
1069
1313
1599
1801
1717
1451
1003
487
-45
-669
-1108
-1331
-1549
-1631
-1668
-1634
-1406
-1301
-1173
-991
-957
-886
-818
-842
-739
-569
-395
6
431
787
1341
1826
2126
2472
2624
2606
2539
2105
1627
1193
521
-51
-491
-892
-1013
-1075
-1216
-1153
-1123
-1166
-1142
-1132
-1131
-1157
-1208
-1092
-870
-703
-357
138
692
1223
1529
1758
1982
1837
1478
1204
818
446
138
-251
-473
-651
-961
-1093
-1193
-1291
-1134
-1055
-1144
-1151
-1162
-1059
-832
-710
-485
-202
119
488
728
1142
1600
1914
2249
2465
2504
2576
2400
1986
1727
1328
907
541
-2
-292
-478
-838
-1037
-1174
-1308
-1407
-1584
-1677
-1677
-1735
-1589
-1268
-1021
-702
-386
-111
208
398
537
744
723
559
368
-6
-259
-519
-941
-1148
-1382
-1652
-1685
-1706
-1612
-1441
-1398
-1290
-1250
-1237
-900
-641
-435
-44
228
532
962
1250
1584
2021
2250
2457
2657
2687
2774
2778
2646
2540
2208
1744
1398
874
418
117
-255
-472
-672
-879
-928
-1099
-1283
-1332
-1479
-1540
-1433
-1351
-1106
-786
-493
-89
173
307
531
587
514
572
538
426
340
13
-297
-546
-927
-1199
-1400
-1590
-1635
-1615
-1568
-1415
-1261
-1063
-870
-801
-617
-373
-214
50
332
559
921
1262
1460
1660
1770
1838
1911
1771
1552
1313
1037
826
637
368
105
-23
-200
-396
-537
-707
-814
-871
-913
-867
-833
-855
-773
-620
-435
-220
25
396
727
955
1158
1236
1221
1144
917
673
352
-13
-229
-468
-660
-727
-903
-1068
-1144
-1314
-1347
-1289
-1293
-1096
-919
-765
-474
-297
-158
95
322
545
921
1211
1459
1781
1983
2153
2244
2063
1831
1672
1390
1081
755
264
-117
-475
-940
-1194
-1396
-1658
-1765
-1885
-1986
-1918
-1901
-1776
-1521
-1283
-921
-558
-227
169
504
756
1058
1226
1203
1152
975
741
440
41
-254
-525
-797
-943
-1143
-1345
-1445
-1558
-1529
-1392
-1250
-962
-587
-245
114
469
793
1081
1277
1497
1821
2070
2221
2352
2439
2551
2589
2463
2213
1851
1364
849
268
-248
-557
-847
-1083
-1186
-1310
-1495
-1661
-1882
-2049
-2139
-2252
-2097
-1775
-1510
-1126
-732
-379
6
286
498
721
858
914
926
849
713
533
264
-32
-344
-666
-899
-1021
-1061
-1039
-994
-1005
-991
-876
-776
-651
-471
-245
72
347
634
999
1273
1599
1919
2046
2222
2351
2423
2581
2505
2291
2159
1797
1367
973
328
-187
-579
-1102
-1426
-1700
-2028
-2052
-2042
-2143
-2093
-2033
-1848
-1503
-1321
-1046
-533
-89
388
877
1207
1561
1845
1911
1870
1641
1268
884
437
10
-376
-787
-1154
-1510
-1860
-2049
-2229
-2337
-2273
-2195
-2011
-1740
-1426
-1002
-584
-212
192
582
930
1275
1634
1945
2182
2426
2570
2597
2615
2478
2216
1838
1281
738
131
-465
-870
-1244
-1554
-1695
-1747
-1634
-1484
-1422
-1301
-1180
-1045
-805
-581
-277
114
449
886
1277
1489
1731
1811
1670
1514
1149
708
398
-42
-549
-960
-1381
-1680
-1764
-1890
-1928
-1847
-1837
-1783
-1677
-1622
-1420
-1069
-699
-249
171
552
979
1347
1547
1743
1943
2072
2232
2384
2487
2598
2506
2269
2066
1651
1101
584
-50
-568
-984
-1439
-1693
-1833
-1963
-1967
-1950
-1952
-1836
-1742
-1644
-1380
-1109
-715
-169
295
767
1198
1442
1624
1641
1435
1193
880
523
184
-199
-549
-825
-1086
-1271
-1397
-1554
-1609
-1589
-1568
-1508
-1442
-1168
-749
-389
8
491
1001
1428
1774
2068
2223
2275
2257
2191
2159
2077
1927
1796
1601
1268
918
533
100
-316
-854
-1324
-1646
-1953
-2125
-2166
-2092
-1890
-1682
-1442
-1155
-892
-598
-358
-142
161
449
678
873
1013
1146
1266
1280
1194
1060
856
579
265
-157
-594
-969
-1314
-1499
-1613
-1702
-1593
-1464
-1332
-1096
-928
-743
-411
-119
171
484
743
1024
1190
1213
1283
1308
1404
1530
1500
1578
1638
1610
1644
1440
1097
821
327
-192
-685
-1201
-1389
-1485
-1610
-1496
-1390
-1275
-972
-811
-716
-616
-666
-595
-464
-365
-96
179
451
729
834
933
1010
827
579
333
-19
-347
-667
-1014
-1259
-1451
-1551
-1532
-1497
-1338
-1119
-903
-638
-446
-292
-14
236
463
778
1018
1293
1528
1624
1699
1606
1461
1394
1204
1054
1023
968
1047
997
762
662
459
173
-17
-339
-530
-605
-790
-783
-725
-703
-556
-577
-593
-448
-419
-251
30
161
357
516
610
753
658
493
421
219
60
-58
-261
-408
-600
-884
-1055
-1178
-1262
-1214
-1184
-1139
-978
-811
-583
-361
-255
-91
170
354
495
713
911
1068
1120
1057
1001
858
699
602
425
341
330
237
341
397
247
274
214
-11
-131
-360
-485
-401
-477
-533
-515
-594
-558
-554
-689
-682
-711
-758
-634
-629
-610
-430
-295
-163
-36
13
125
202
135
59
-124
-395
-528
-599
-681
-653
-609
-494
-330
-334
-278
-68
4
-23
16
99
259
431
609
850
1069
1276
1392
1346
1255
1007
700
593
492
435
620
836
1077
1342
1408
1435
1422
1250
960
510
71
-223
-519
-754
-841
-908
-873
-764
-706
-652
-629
-683
-695
-679
-786
-802
-722
-697
-617
-609
-602
-453
-402
-429
-397
-494
-581
-600
-752
-834
-784
-743
-609
-526
-528
-398
-326
-284
-126
60
409
790
1049
1363
1500
1435
1329
952
544
213
-172
-262
-244
-251
57
443
766
1071
1126
1092
1093
907
718
513
188
58
-48
-168
-122
-133
-94
7
-77
-167
-271
-473
-587
-748
-924
-976
-1034
-1027
-926
-836
-656
-430
-271
-100
-27
13
79
38
-47
-181
-336
-435
-477
-493
-436
-281
-84
128
254
322
403
451
431
366
270
178
152
103
-4
-12
-42
-46
158
281
404
644
748
884
1007
921
942
918
716
609
407
224
223
116
12
8
-44
-24
-33
-172
-258
-423
-635
-732
-901
-1043
-1031
-1040
-934
-758
-682
-549
-378
-268
-180
-155
-219
-278
-349
-430
-477
-502
-406
-228
-62
137
310
463
567
561
511
435
303
134
-30
-199
-353
-420
-463
-442
-317
-197
68
460
759
1100
1460
1677
1901
2041
1965
1913
1771
1498
1303
1053
823
668
431
253
66
-286
-541
-830
-1212
-1469
-1801
-2084
-2185
-2323
-2322
-2165
-2022
-1708
-1375
-1077
-653
-393
-213
8
37
95
205
205
295
331
288
386
405
366
338
186
146
143
27
-13
-106
-198
-141
-169
-203
-169
-202
-84
62
115
271
398
585
888
1144
1448
1694
1825
1984
2023
2004
2021
1876
1708
1472
1131
898
565
165
-132
-523
-882
-1182
-1595
-1874
-2118
-2376
-2392
-2369
-2290
-2005
-1733
-1330
-868
-567
-196
168
382
587
694
740
858
816
709
673
497
327
185
-19
-177
-361
-554
-634
-693
-774
-789
-795
-780
-705
-632
-484
-337
-233
-45
115
241
435
615
875
1187
1370
1586
1818
1945
2005
1901
1692
1554
1328
1003
641
227
-80
-380
-707
-917
-1161
-1390
-1527
-1689
-1749
-1737
-1745
-1625
-1460
-1311
-1079
-801
-465
-132
104
350
600
803
939
954
914
849
659
440
195
-95
-325
-510
-672
-760
-775
-734
-630
-505
-385
-270
-119
71
234
367
466
571
704
806
908
1032
1147
1259
1429
1580
1690
1798
1765
1669
1522
1212
904
582
201
-99
-390
-685
-833
-1031
-1269
-1362
-1570
-1748
-1805
-1946
-1973
-1938
-1957
-1743
-1444
-1200
-786
-440
-114
342
620
887
1119
1105
1075
991
763
578
299
-26
-213
-421
-526
-491
-514
-423
-292
-212
-40
37
99
225
263
367
486
498
610
693
744
887
944
1034
1152
1113
1132
1061
884
829
611
351
193
-137
-345
-392
-599
-596
-646
-842
-778
-895
-1048
-1044
-1232
-1310
-1295
-1418
-1348
-1230
-1150
-852
-647
-449
-97
126
356
581
661
713
665
545
456
335
197
83
-23
-77
-109
-152
-155
-153
-67
43
95
193
243
245
347
427
505
658
675
717
838
805
852
903
816
827
750
537
462
328
114
97
12
-58
59
43
77
168
37
-15
-53
-263
-362
-482
-655
-623
-679
-734
-637
-645
-605
-525
-519
-356
-236
-233
-137
-151
-137
-50
-93
-101
-122
-218
-229
-292
-339
-294
-342
-358
-339
-394
-367
-334
-326
-155
-37
-19
62
110
186
328
348
438
569
565
615
601
513
495
396
271
207
79
-8
21
10
69
182
218
339
476
491
557
590
494
492
417
285
312
214
79
31
-194
-354
-453
-674
-750
-800
-912
-884
-919
-950
-846
-800
-658
-461
-371
-216
-74
19
162
211
223
293
326
372
374
344
415
445
480
562
553
544
531
438
388
298
136
40
-123
-282
-361
-463
-474
-423
-412
-364
-317
-312
-277
-189
-106
-23
108
239
375
524
620
722
868
939
961
947
814
681
495
196
-37
-308
-659
-921
-1188
-1395
-1457
-1532
-1491
-1310
-1168
-918
-671
-454
-124
106
250
407
459
433
431
411
415
408
340
326
325
320
354
383
408
393
299
192
130
45
-35
-106
-151
-122
-164
-172
-117
-64
43
135
196
255
285
250
296
358
437
568
639
706
804
829
866
937
865
747
574
267
1
-238
-572
-823
-1084
-1345
-1447
-1563
-1624
-1563
-1452
-1251
-987
-782
-537
-268
-87
87
225
288
352
392
379
380
383
421
467
463
439
398
318
252
153
-17
-178
-308
-397
-418
-406
-356
-226
-109
49
229
390
573
708
795
855
846
782
709
579
466
417
402
457
483
491
519
496
424
337
256
137
-31
-203
-376
-542
-702
-861
-975
-1047
-1092
-1094
-1069
-1009
-907
-825
-724
-624
-547
-436
-297
-170
-37
74
173
240
260
270
263
257
246
263
290
284
227
188
140
86
77
8
-29
2
-46
-83
-106
-164
-97
-9
63
204
288
391
513
558
600
606
581
567
506
472
385
278
298
327
371
420
389
427
455
345
297
205
102
62
-130
-293
-378
-592
-729
-737
-773
-708
-722
-772
-645
-625
-597
-488
-489
-416
-350
-429
-376
-332
-338
-247
-197
-109
-15
-2
37
45
62
121
96
46
16
-31
-98
-191
-228
-153
-83
19
157
201
303
348
353
400
367
313
283
220
206
233
265
399
509
639
816
948
1090
1209
1192
1175
1086
899
736
488
263
80
-107
-268
-402
-547
-629
-692
-787
-822
-844
-840
-861
-898
-926
-934
-919
-943
-919
-791
-656
-539
-421
-267
-61
70
148
292
361
354
337
236
193
144
-13
-135
-223
-254
-197
-177
-88
19
47
53
19
34
64
43
-6
23
30
55
64
91
299
492
642
809
950
1081
1200
1164
1150
1135
989
876
694
485
311
46
-197
-359
-566
-727
-834
-962
-1043
-1152
-1213
-1163
-1096
-1038
-938
-837
-674
-526
-400
-221
-61
73
180
262
363
451
465
460
388
304
220
79
-38
-89
-171
-179
-174
-204
-165
-211
-220
-118
-35
40
132
172
263
313
267
316
322
326
414
424
455
546
571
605
671
718
788
786
706
642
479
293
126
-102
-367
-597
-848
-1069
-1202
-1284
-1251
-1157
-1028
-870
-701
-543
-415
-329
-253
-136
-10
108
203
310
430
544
657
743
779
753
686
594
478
344
194
38
-58
-86
-127
-156
-150
-156
-144
-84
-54
-5
72
104
153
154
111
127
151
153
163
199
204
190
175
212
300
319
335
365
347
311
227
111
-4
-146
-348
-562
-752
-897
-1013
-1069
-1034
-990
-928
-834
-754
-636
-500
-389
-275
-164
-27
129
221
309
447
488
561
629
623
616
523
390
307
202
64
3
-97
-221
-309
-365
-395
-364
-318
-229
-107
2
107
186
301
445
573
645
712
739
689
593
502
420
336
303
249
169
120
80
80
62
16
-12
-45
-141
-286
-468
-624
-709
-813
-924
-964
-919
-804
-705
-628
-513
-357
-215
-126
-45
20
74
129
189
236
273
333
431
515
557
580
603
647
627
555
490
427
354
229
137
101
13
-49
-58
-64
-32
-10
64
205
263
315
393
397
428
434
409
390
274
117
9
-95
-235
-313
-426
-535
-587
-694
-700
-650
-683
-673
-621
-617
-602
-592
-579
-523
-526
-524
-461
-391
-333
-280
-216
-170
-138
-108
-107
-108
-111
-126
-128
-90
-48
6
82
162
248
337
426
522
620
710
784
789
793
767
708
660
561
489
440
379
364
369
385
407
390
368
358
282
199
99
-17
-84
-131
-163
-177
-208
-216
-170
-105
-32
24
57
112
118
54
1
-83
-140
-180
-247
-342
-429
-538
-617
-622
-636
-622
-593
-595
-592
-575
-591
-581
-563
-580
-575
-539
-501
-412
-290
-162
-7
110
214
314
393
445
457
447
445
412
367
296
206
180
128
44
19
-14
-34
18
36
104
194
213
242
285
283
290
297
310
339
315
297
313
350
407
452
474
486
458
422
378
269
161
37
-82
-196
-367
-529
-618
-698
-743
-756
-759
-712
-654
-573
-460
-363
-268
-155
-100
-52
20
59
137
226
263
314
378
410
412
389
362
355
332
274
183
64
-44
-118
-198
-270
-299
-319
-312
-277
-229
-117
8
94
170
214
265
335
345
339
318
288
294
280
283
304
296
302
271
221
185
115
62
15
-76
-177
-277
-376
-396
-414
-443
-431
-433
-435
-442
-440
-409
-336
-265
-180
-119
-71
-22
9
48
55
48
56
24
13
13
15
39
16
-54
-120
-191
-288
-376
-456
-490
-505
-505
-446
-344
-250
-173
-99
4
90
162
243
297
339
395
428
429
442
422
406
412
408
410
405
393
382
378
352
323
282
213
170
117
46
-12
-66
-118
-126
-101
-58
16
56
99
123
132
182
223
250
275
260
208
177
117
71
81
82
79
58
43
83
91
57
-3
-103
-180
-253
-332
-393
-423
-475
-504
-516
-526
-514
-493
-437
-380
-322
-280
-264
-251
-249
-246
-255
-259
-272
-289
-305
-319
-282
-243
-178
-121
-85
-47
-29
-17
-16
18
42
94
146
180
231
296
395
466
550
618
672
716
744
747
723
687
629
547
429
332
219
120
54
-12
-63
-105
-134
-150
-172
-219
-240
-276
-308
-306
-324
-296
-246
-220
-182
-140
-106
-57
-13
35
42
13
-34
-75
-129
-167
-208
-256
-282
-319
-332
-320
-295
-251
-198
-166
-122
-75
-16
60
119
155
164
136
113
119
118
132
166
173
177
207
218
255
290
284
255
184
105
57
20
-17
-47
-98
-131
-151
-165
-136
-97
-73
-65
-86
-73
-14
-3
-4
-7
-28
-33
-38
-81
-64
-17
37
98
115
136
166
175
157
143
59
-16
-89
-182
-236
-270
-315
-369
-375
-353
-307
-256
-184
-86
13
101
174
230
271
309
319
298
273
240
223
221
230
230
212
162
89
-19
-146
-255
-353
-444
-521
-602
-635
-585
-483
-329
-151
7
129
227
295
377
434
461
457
415
354
303
251
221
204
174
151
116
73
53
56
112
157
149
155
156
146
161
171
165
139
73
23
27
55
84
79
32
-35
-95
-144
-167
-190
-233
-267
-323
-371
-385
-396
-378
-350
-347
-350
-375
-385
-344
-307
-288
-287
-311
-334
-336
-310
-266
-225
-186
-148
-81
23
149
253
312
322
291
244
209
191
179
149
90
37
1
-34
-41
-17
7
17
10
15
46
80
98
127
154
178
216
283
365
460
536
584
648
705
752
771
743
679
602
517
432
374
300
208
100
-30
-112
-174
-219
-260
-314
-374
-431
-485
-542
-564
-594
-646
-708
-758
-772
-754
-717
-663
-618
-587
-541
-503
-423
-311
-225
-183
-193
-208
-196
-164
-106
-47
-1
27
53
100
165
216
238
247
240
238
219
197
215
245
271
280
310
355
408
449
490
503
502
508
482
434
375
312
233
165
97
61
43
43
68
81
91
100
122
159
163
125
56
-9
-69
-104
-111
-136
-166
-193
-195
-182
-175
-161
-159
-164
-191
-222
-237
-259
-271
-290
-316
-342
-354
-351
-341
-334
-325
-278
-222
-169
-126
-78
-43
-26
-11
-12
-15
-31
-48
-53
-56
-52
-37
-5
37
70
83
76
83
102
117
133
148
173
192
196
226
278
330
378
401
390
400
416
442
451
434
419
385
347
313
284
247
192
115
63
13
-30
-81
-141
-187
-251
-312
-364
-409
-469
-507
-544
-567
-571
-560
-531
-488
-438
-398
-350
-321
-286
-252
-221
-187
-144
-119
-114
-94
-49
23
90
149
164
172
183
182
218
248
250
253
266
277
299
334
372
395
410
407
399
372
325
294
243
194
143
83
18
-57
-142
-199
-233
-268
-312
-358
-379
-379
-357
-347
-348
-348
-346
-326
-292
-251
-197
-136
-71
-8
55
112
156
183
194
218
239
263
288
289
271
254
248
252
246
236
241
237
242
260
259
258
257
219
196
189
185
200
184
160
140
107
68
57
59
48
35
-9
-66
-128
-191
-248
-299
-347
-392
-439
-486
-528
-541
-528
-510
-494
-465
-447
-421
-387
-353
-328
-331
-341
-334
-293
-238
-176
-94
-20
28
68
96
133
168
190
205
227
243
223
184
157
157
174
206
235
265
272
256
252
282
316
334
340
337
361
378
369
364
359
346
333
326
317
294
257
221
183
141
96
43
-23
-105
-176
-228
-270
-330
-394
-447
-476
-491
-503
-519
-502
-473
-462
-434
-407
-399
-393
-368
-330
-252
-200
-182
-172
-158
-117
-47
37
116
170
206
233
244
245
233
219
213
205
203
197
195
206
235
278
305
309
305
295
287
283
276
275
275
265
262
262
262
272
268
252
237
205
150
88
21
-25
-46
-85
-130
-167
-193
-225
-254
-303
-346
-366
-371
-369
-377
-394
-400
-393
-386
-372
-357
-327
-304
-285
-275
-261
-243
-216
-196
-170
-129
-116
-115
-109
-98
-73
-27
15
63
98
115
134
149
157
171
199
250
292
310
322
343
380
415
443
458
452
431
415
395
370
360
349
306
262
197
138
92
21
-51
-99
-146
-201
-264
-308
-309
-325
-351
-370
-392
-424
-465
-487
-468
-435
-413
-390
-337
-282
-228
-169
-100
-45
-15
33
95
158
219
265
287
316
342
374
400
401
405
413
405
378
336
292
261
231
216
177
123
44
-36
-72
-78
-84
-109
-133
-163
-201
-240
-252
-282
-322
-353
-362
-331
-318
-325
-321
-308
-298
-281
-268
-272
-276
-278
-273
-223
-168
-136
-102
-52
-9
-10
-5
30
91
142
193
241
268
283
292
320
346
345
331
297
256
234
211
195
185
176
175
129
50
-14
-35
-33
-27
-21
-15
3
1
-9
12
51
90
124
154
201
251
292
328
351
370
384
388
375
349
306
249
184
104
10
-74
-131
-195
-282
-356
-410
-457
-511
-561
-581
-590
-609
-643
-665
-637
-595
-553
-493
-422
-350
-277
-220
-170
-108
-41
14
61
88
121
177
195
182
174
175
201
219
208
196
181
171
145
105
83
63
71
71
54
73
112
135
137
127
148
187
225
249
278
335
388
409
404
382
366
351
310
273
240
199
151
78
-3
-80
-141
-192
-267
-319
-362
-384
-383
-416
-457
-486
-486
-472
-475
-465
-439
-401
-357
-312
-246
-186
-146
-111
-90
-50
-1
36
75
98
129
166
192
204
208
223
250
268
265
269
303
324
325
321
326
355
368
369
352
341
313
267
212
171
159
157
172
143
107
65
28
-12
-57
-83
-91
-103
-134
-159
-185
-189
-213
-249
-269
-271
-267
-275
-278
-272
-256
-226
-213
-223
-225
-218
-184
-171
-178
-175
-179
-200
-211
-217
-199
-159
-121
-71
-51
-43
-46
-40
-19
0
54
97
124
122
118
128
156
197
220
253
289
320
337
355
372
361
329
279
229
205
189
174
152
119
72
8
-54
-103
-155
-198
-226
-265
-283
-305
-331
-324
-309
-296
-277
-270
-258
-217
-172
-98
-40
-1
39
47
45
42
39
50
57
59
80
104
138
168
167
166
153
133
125
118
97
95
90
91
94
89
94
96
85
62
55
49
47
41
44
37
18
-7
-32
-28
-40
-53
-53
-32
-7
20
55
86
94
72
54
34
24
3
-25
-33
-32
-41
-34
-28
-14
-3
-4
-4
-27
-62
-107
-141
-162
-191
-207
-213
-230
-253
-274
-291
-290
-297
-307
-302
-291
-269
-249
-209
-161
-108
-50
16
81
148
210
268
329
378
418
435
451
450
432
407
379
350
316
275
225
186
135
82
56
32
7
-39
-89
-117
-137
-133
-134
-148
-163
-180
-196
-213
-225
-232
-219
-214
-206
-188
-156
-120
-102
-74
-41
-22
-18
-20
2
42
85
126
152
161
157
157
153
136
125
103
71
44
39
33
37
35
13
-4
-37
-62
-75
-88
-102
-107
-87
-69
-59
-63
-73
-71
-72
-78
-53
-23
6
16
4
-8
-17
-12
1
-16
-34
-54
-77
-90
-109
-111
-101
-81
-56
-49
-49
-41
-49
-49
-30
-3
29
39
33
34
40
52
61
74
91
96
86
70
78
116
133
136
133
130
143
149
147
157
179
186
180
172
162
150
128
90
28
-24
-51
-54
-58
-68
-67
-72
-81
-102
-117
-123
-111
-122
-129
-131
-143
-130
-124
-116
-115
-92
-69
-43
-16
8
35
40
46
37
29
19
-14
-26
-39
-64
-72
-65
-55
-40
-27
-31
-40
-51
-54
-53
-46
-23
-17
-16
-16
-25
-33
-36
-40
-49
-32
-3
24
53
80
102
113
127
128
122
112
90
74
60
36
15
11
5
2
3
-8
-11
-10
-15
-28
-33
-42
-56
-66
-62
-52
-30
-4
16
44
59
59
52
59
74
75
77
84
87
81
67
41
21
25
22
7
-20
-30
-29
-30
-23
-19
-14
-17
-25
-51
-85
-109
-119
-128
-127
-118
-99
-79
-58
-35
-17
-4
1
11
22
32
27
14
8
15
35
35
26
6
-10
-11
-30
-31
-26
-16
-14
-15
-20
-13
3
13
19
16
42
66
71
69
70
76
63
37
28
16
1
-19
-54
-75
-80
-77
-71
-71
-54
-39
-23
0
1
15
35
42
37
34
32
34
43
59
84
100
112
113
108
106
94
92
79
45
17
-12
-35
-52
-53
-55
-68
-64
-58
-43
-39
-37
-26
-24
-28
-40
-52
-65
-75
-70
-52
-33
-16
-6
-1
14
31
32
37
43
49
41
23
10
4
15
25
19
8
-1
-13
-29
-29
-21
-13
-10
-15
-18
-26
-31
-44
-51
-52
-46
-41
-35
-28
-35
-24
-24
-31
-23
-23
-16
-1
2
9
15
6
4
-8
-23
-33
-46
-59
-59
-49
-25
-2
18
35
44
60
61
46
46
44
32
10
-15
-15
-7
12
32
56
71
75
80
76
71
66
52
27
-1
-30
-44
-46
-37
-26
-16
-3
23
57
88
98
100
108
103
86
62
45
39
29
26
18
14
15
13
3
4
11
-3
-14
-21
-24
-32
-50
-67
-66
-66
-75
-94
-104
-102
-93
-84
-85
-76
-65
-60
-40
-28
-22
-13
-31
-51
-66
-71
-62
-57
-43
-22
-8
7
9
12
14
15
10
1
-8
-26
-37
-42
-46
-43
-33
-23
-12
6
24
25
42
55
61
66
65
67
69
72
73
66
58
46
32
8
-4
3
13
13
10
17
26
32
40
56
65
68
64
61
63
71
83
96
110
112
98
82
75
64
54
48
30
7
-20
-45
-57
-73
-85
-95
-101
-105
-123
-124
-114
-102
-84
-73
-69
-75
-73
-67
-62
-58
-53
-53
-48
-41
-40
-41
-39
-32
-22
-11
-12
-16
-33
-43
-54
-72
-67
-56
-38
-31
-25
-10
-4
-3
3
10
21
42
55
59
69
79
89
96
108
116
112
110
104
86
64
46
40
41
33
33
39
52
77
78
68
49
24
8
-9
-25
-40
-42
-27
-10
-4
3
10
12
18
17
11
-3
-21
-39
-69
-90
-105
-108
-96
-71
-55
-51
-47
-52
-54
-51
-49
-45
-41
-35
-26
-16
5
30
40
38
31
29
16
17
17
10
19
31
38
50
63
70
66
54
48
35
13
-8
-31
-37
-35
-46
-38
-24
-19
-13
-3
12
2
-9
-8
-11
-10
-13
-18
-17
-5
6
9
23
45
56
53
43
29
16
1
-4
3
3
7
8
-1
2
2
-15
-37
-45
-38
-30
-36
-44
-50
-56
-69
-79
-79
-71
-71
-69
-55
-38
-23
-20
-21
-19
-11
3
23
31
23
19
14
22
53
82
94
103
102
101
89
70
57
40
22
6
14
22
32
37
42
55
62
58
29
4
-4
-11
-23
-30
-33
-34
-41
-41
-33
-31
-26
-23
-17
-9
3
2
-4
-9
-21
-28
-29
-13
12
26
41
54
60
70
69
44
22
2
-13
-25
-42
-47
-43
-43
-60
-67
-60
-57
-61
-60
-78
-110
-120
-122
-106
-92
-92
-84
-66
-38
-1
26
33
33
32
26
14
9
4
12
26
46
73
85
77
72
70
56
45
37
54
70
63
52
44
56
62
58
63
65
59
50
41
33
33
24
12
12
19
15
4
2
6
5
-1
-20
-42
-52
-54
-43
-32
-30
-21
-22
-27
-29
-22
-30
-40
-36
-25
-23
-30
-34
-32
-19
-15
-7
-12
-21
-18
-13
-6
-5
-13
-15
-29
-55
-63
-64
-52
-38
-30
-18
-17
-32
-39
-42
-34
-29
-53
-70
-65
-59
-48
-29
-5
18
34
46
56
58
46
53
62
60
62
68
74
80
88
105
130
140
136
116
97
76
49
42
43
42
44
40
27
22
16
15
7
-10
-26
-52
-73
-77
-64
-39
-25
-37
-48
-52
-51
-58
-58
-56
-56
-59
-62
-53
-46
-32
-29
-23
-8
-8
-25
-46
-59
-64
-67
-76
-84
-72
-58
-53
-47
-30
-12
-6
-10
-13
-17
-25
-16
-3
10
16
3
-2
6
16
27
30
25
26
27
24
23
23
37
43
55
77
94
114
122
126
121
111
88
63
70
79
84
84
76
72
80
80
73
73
62
44
25
12
8
-3
-11
-16
-15
1
10
2
-9
-20
-31
-39
-45
-58
-84
-108
-123
-123
-113
-102
-100
-112
-119
-117
-115
-122
-123
-114
-100
-72
-52
-55
-65
-76
-62
-33
-24
-25
-27
-18
3
18
26
28
19
11
11
6
7
8
6
6
-1
7
11
12
41
72
81
91
77
54
42
32
33
38
41
49
62
63
65
58
51
48
43
37
31
29
32
38
31
16
12
20
29
32
21
7
12
8
-4
3
6
-2
-6
-11
-5
5
-6
-1
-3
-15
-19
-28
-30
-35
-33
-32
-38
-37
-28
-20
-21
-16
0
-6
-18
-5
14
6
-13
-21
-13
-4
-1
8
21
8
-8
-12
-6
3
19
32
31
25
7
-3
-16
-32
-38
-38
-37
-19
-7
-1
10
12
12
15
11
-4
-21
-22
-25
-28
-20
0
17
23
28
32
33
25
11
-1
-6
-25
-40
-31
-21
-12
-1
11
24
16
3
-15
-36
-38
-42
-43
-42
-39
-28
-13
-5
-3
-11
-12
-15
-23
-19
-21
-18
-6
3
15
17
8
4
10
15
13
10
12
22
39
52
52
40
36
36
24
14
10
0
-4
4
27
41
47
43
38
46
50
41
23
3
-8
-13
-27
-32
-25
-24
-12
2
17
26
16
0
-14
-19
-35
-54
-56
-38
-11
9
30
39
33
17
-5
-17
-26
-38
-33
-23
-7
8
15
16
7
1
-8
-11
-8
-5
-5
2
4
-7
-19
-23
-29
-25
-15
-8
3
6
2
-6
-20
-38
-38
-26
-14
-7
10
27
35
36
31
16
-10
-23
-17
-6
-1
10
19
22
21
15
7
-10
-18
-11
1
14
28
36
27
7
-3
-5
-12
-10
3
32
50
48
48
41
25
10
-15
-46
-69
-66
-32
1
19
27
23
8
-12
-23
-27
-22
-13
-4
8
20
33
40
32
4
-32
-50
-50
-38
-17
-6
-1
0
-8
-17
-33
-50
-52
-53
-44
-31
-15
7
13
12
3
-9
-3
3
16
26
31
25
18
26
28
28
20
-1
-7
2
19
48
69
69
51
14
-13
-20
-21
-20
2
21
28
26
13
1
-24
-49
-72
-88
-85
-62
-23
12
30
21
-6
-29
-37
-40
-30
-22
-9
15
43
66
69
60
29
-10
-37
-45
-23
10
40
65
68
61
36
1
-12
-18
-9
7
26
59
68
70
52
25
2
-25
-27
-16
6
31
51
51
31
9
-30
-60
-62
-42
-25
-1
24
25
12
-5
-25
-60
-80
-80
-63
-29
-2
25
36
30
12
-10
-37
-56
-61
-52
-19
12
27
31
23
11
-22
-44
-61
-71
-50
-22
10
34
45
39
15
-11
-38
-54
-46
-33
-24
-15
-5
9
6
7
-4
-18
-23
-28
-11
7
28
33
29
21
1
-10
-19
-13
6
31
42
47
48
35
21
11
2
8
20
32
54
67
75
68
55
29
4
-4
-5
12
30
42
35
22
15
-10
-36
-50
-48
-38
-22
-13
-15
-10
-11
-18
-37
-52
-46
-24
-4
9
6
-5
-8
-13
-34
-53
-60
-58
-38
2
37
48
44
34
25
21
13
12
16
25
43
50
41
34
17
5
-1
-19
-39
-44
-27
-2
16
38
40
20
10
14
21
23
22
6
-6
2
3
2
-13
-26
-38
-47
-49
-52
-44
-42
-33
-12
-9
-7
3
2
0
0
-6
-14
-34
-39
-30
-18
-9
8
25
23
21
8
-13
-36
-45
-31
-18
-1
19
33
42
39
21
3
-11
-23
-26
-28
-21
-8
-2
4
12
9
-16
-38
-70
-79
-56
-26
-11
0
-1
-6
-9
-18
-23
-24
-13
3
18
49
78
93
103
87
76
57
46
57
69
88
114
127
137
126
104
78
47
28
19
34
49
46
47
36
17
-6
-28
-42
-49
-53
-52
-51
-55
-63
-76
-87
-105
-113
-121
-122
-113
-98
-88
-81
-87
-101
-108
-113
-113
-114
-110
-100
-78
-53
-39
-23
-7
9
13
14
24
27
40
62
77
88
88
80
73
67
75
94
93
92
88
74
49
18
5
5
30
56
65
71
73
71
65
51
38
18
-5
-15
-19
-5
10
14
27
26
13
-1
-25
-40
-36
-15
16
39
58
65
48
26
9
-1
-8
-15
-14
-7
6
16
20
16
4
-30
-75
-96
-105
-94
-82
-66
-56
-57
-67
-85
-96
-95
-92
-85
-76
-76
-81
-89
-91
-88
-85
-74
-70
-61
-45
-23
5
17
23
23
20
29
46
63
76
96
129
160
173
157
126
102
95
101
126
149
150
140
118
99
91
77
57
41
32
27
17
6
-2
-8
-28
-42
-58
-94
-124
-142
-147
-137
-121
-111
-110
-123
-145
-160
-175
-181
-170
-147
-126
-112
-98
-89
-81
-66
-53
-47
-41
-38
-41
-30
-5
20
46
69
90
101
113
122
136
149
171
193
211
228
223
213
208
203
185
166
160
146
127
126
138
147
141
120
88
45
19
12
1
-3
-11
-19
-38
-54
-67
-80
-95
-121
-132
-132
-130
-138
-143
-157
-168
-175
-174
-165
-185
-216
-220
-206
-171
-140
-130
-133
-149
-167
-175
-160
-138
-121
-118
-115
-112
-98
-74
-50
-39
-37
-30
-30
-25
-17
-5
18
51
79
95
87
63
61
85
126
166
195
200
192
195
218
237
249
270
274
252
219
175
145
147
176
205
214
212
192
161
138
136
136
126
115
84
41
10
1
-2
3
24
31
13
-27
-75
-105
-103
-89
-89
-100
-135
-179
-210
-214
-195
-176
-168
-187
-230
-254
-275
-296
-295
-285
-274
-262
-256
-244
-238
-255
-253
-229
-199
-170
-154
-143
-127
-93
-40
7
38
60
61
55
58
66
86
114
147
164
172
190
208
213
222
249
271
253
232
215
206
219
224
228
214
196
181
177
180
190
186
168
141
111
90
73
60
54
50
33
16
-23
-62
-71
-56
-32
-37
-53
-81
-126
-150
-156
-146
-131
-117
-120
-136
-145
-148
-151
-156
-149
-138
-139
-146
-160
-163
-160
-155
-143
-126
-110
-110
-124
-131
-129
-114
-73
-23
13
18
20
18
10
21
47
58
67
66
62
69
74
89
101
114
125
120
110
109
115
124
125
124
117
107
108
104
94
88
82
83
83
84
87
69
48
43
33
16
4
1
-11
-26
-46
-63
-62
-75
-89
-89
-74
-66
-69
-71
-67
-71
-80
-76
-65
-46
-41
-48
-48
-44
-47
-49
-28
-12
-13
-14
-21
-20
-21
-14
12
11
-6
-19
-26
-28
-32
-19
2
21
26
15
18
29
38
41
30
33
47
45
43
28
28
48
67
54
31
6
-21
-37
-39
-35
-31
-14
-16
-28
-44
-48
-33
-21
-16
-9
-2
4
5
8
17
23
28
38
50
52
50
50
43
28
16
15
20
22
10
-6
-13
-10
-8
-22
-44
-59
-61
-58
-62
-67
-53
-25
-5
-5
3
22
25
13
2
2
7
15
19
40
58
54
45
25
-3
-23
-35
-38
-36
-31
-12
6
8
15
31
46
54
59
60
61
55
33
31
39
30
23
22
24
19
10
-6
-13
-11
-15
-16
-23
-34
-48
-48
-38
-42
-46
-43
-44
-48
-41
-32
-23
-24
-34
-37
-29
-19
-5
7
12
24
23
10
-7
-18
-15
-6
7
14
10
6
2
1
2
7
19
22
21
9
1
2
7
11
11
11
6
-2
-17
-31
-39
-37
-26
-19
-22
-30
-30
-17
-9
-4
-7
-3
7
16
14
14
4
-8
-3
12
28
30
27
24
26
19
10
10
9
5
-1
-11
-7
-4
-6
-6
-9
-6
-14
-25
-35
-42
-43
-36
-22
-6
16
43
46
35
12
-2
0
9
27
35
38
41
41
49
53
56
57
53
58
44
27
28
34
42
47
49
37
26
17
4
8
2
-6
-13
-13
-14
-27
-41
-56
-55
-52
-50
-51
-61
-66
-69
-64
-56
-39
-29
-25
-16
-14
-20
-21
-27
-35
-42
-34
-10
2
8
-5
-17
-14
-15
-22
-32
-32
-40
-42
-30
-28
-18
-15
2
21
17
8
-5
-3
-11
-8
2
16
28
25
13
9
26
38
31
24
28
27
28
28
26
12
6
22
33
38
38
43
50
60
68
61
52
27
17
20
24
23
19
33
45
62
68
54
35
11
-2
-11
-16
-3
-2
5
16
12
11
1
-21
-44
-39
-19
-5
-6
-12
-13
-11
-10
-12
-32
-43
-45
-55
-61
-53
-32
-16
-12
-38
-68
-100
-133
-144
-126
-93
-55
-37
-40
-37
-39
-46
-58
-68
-71
-64
-39
-16
3
28
44
48
57
53
57
58
58
59
47
45
50
58
52
44
40
25
5
-3
6
29
48
52
46
41
35
25
11
7
18
31
42
38
25
17
31
48
66
79
75
62
37
9
-8
-8
6
24
33
20
-13
-50
-65
-57
-33
-3
-4
-2
-8
-21
-27
-42
-38
-17
5
18
24
21
3
-9
-8
-6
-7
-17
-29
-42
-66
-72
-55
-45
-37
-33
-31
-22
-37
-57
-59
-42
-19
4
17
17
17
25
29
28
30
39
55
56
43
27
11
9
7
1
7
3
-9
-21
-37
-45
-33
-26
-28
-33
-48
-49
-41
-39
-46
-40
-37
-32
-20
-13
-10
-9
-3
3
17
28
40
57
60
47
33
19
12
13
16
12
3
-12
-22
-6
16
27
43
44
38
28
11
-9
-19
-17
-7
5
10
9
2
-3
-13
-3
16
20
16
8
5
9
19
30
41
58
78
77
64
36
10
0
-5
1
11
24
17
-4
-27
-47
-50
-44
-23
3
19
30
27
14
-4
-17
-17
-17
-23
-26
-32
-32
-30
-22
-10
-11
-19
-34
-50
-65
-84
-81
-73
-63
-41
-21
-14
-29
-35
-29
-19
8
34
58
62
56
46
31
25
29
34
36
38
44
43
41
30
11
15
24
18
0
-22
-41
-59
-59
-37
-18
-7
-2
-24
-48
-58
-54
-33
-3
27
46
55
50
38
35
30
29
22
7
2
-6
-9
-10
-14
-25
-27
-16
-11
-13
-13
-8
-5
1
3
2
2
3
-8
-18
-18
-13
1
19
35
42
37
34
34
31
26
20
19
14
4
3
-1
-10
-11
-14
-7
2
6
10
9
-1
-12
-10
-8
6
21
25
17
7
0
-8
-4
4
10
21
16
11
4
-10
-16
-16
-9
-10
-18
-24
-25
-28
-29
-25
-23
-27
-39
-53
-55
-52
-52
-47
-41
-26
-7
0
-3
-1
4
6
-1
0
11
17
18
18
24
26
24
24
25
27
24
7
3
12
2
-6
-8
-5
1
4
6
23
40
30
18
20
30
37
38
39
37
42
39
30
18
10
12
0
0
1
2
5
-1
0
-10
-22
-28
-42
-44
-48
-57
-45
-26
-13
-10
-7
0
4
-1
-8
-16
-12
-13
-24
-30
-29
-16
1
16
24
25
24
16
10
-1
-11
-17
-19
-22
-21
-13
-4
4
7
11
13
14
14
20
17
5
-2
0
-6
-12
-1
25
49
59
68
64
50
30
7
-7
-14
-16
-12
-1
7
10
-8
-17
-14
-18
-25
-30
-33
-33
-18
-6
3
12
11
17
31
37
36
29
7
-11
-25
-36
-37
-31
-29
-34
-32
-34
-44
-53
-60
-68
-71
-59
-42
-39
-43
-47
-48
-44
-28
-8
9
22
40
55
54
37
17
-3
-15
-14
-13
-5
5
16
18
24
27
30
39
48
57
55
45
42
38
34
25
8
3
13
32
51
64
82
96
93
76
60
37
7
-10
-23
-17
-11
3
18
23
33
34
33
41
42
24
-5
-38
-62
-77
-93
-99
-86
-66
-49
-32
-10
11
21
29
33
29
14
-12
-41
-75
-107
-132
-139
-112
-74
-28
12
41
63
62
53
28
-3
-35
-61
-83
-91
-77
-47
-6
31
62
94
117
129
121
97
75
46
15
-22
-49
-78
-109
-117
-103
-67
-23
28
68
76
61
31
-8
-40
-64
-81
-91
-92
-81
-62
-25
9
35
59
73
92
93
66
31
-13
-56
-71
-62
-46
-22
-10
7
36
58
82
105
125
132
124
89
58
26
-9
-18
-22
-16
3
24
50
61
66
60
47
29
1
-34
-66
-92
-112
-111
-107
-98
-72
-43
-18
-5
1
-4
-13
-25
-46
-64
-63
-46
-33
-19
-8
4
21
41
54
61
49
30
16
-16
-42
-49
-32
3
31
53
72
81
83
85
77
54
24
-3
-28
-55
-66
-66
-58
-35
-12
14
39
40
39
33
6
-28
-61
-73
-69
-51
-32
-4
24
50
74
83
89
85
68
45
25
8
-6
-19
-28
-28
-19
-1
5
-8
-13
-21
-30
-30
-42
-53
-51
-54
-61
-64
-44
-30
-11
18
42
56
44
25
10
-11
-25
-33
-22
-15
-24
-19
-1
5
-2
10
20
12
4
-5
-13
-23
-34
-29
-13
-5
-5
5
19
26
40
54
55
49
30
8
-9
-29
-45
-44
-35
-30
-23
-3
20
40
47
40
23
2
-14
-18
-20
-20
-16
-17
-28
-30
-20
-11
-15
-20
-13
2
9
3
2
0
1
7
17
32
32
26
25
17
15
19
21
26
23
14
10
-1
-14
-17
-18
-8
-6
-15
-1
16
25
30
31
21
15
10
12
18
9
-1
-12
-22
-22
-9
3
13
24
28
31
34
31
26
19
9
1
-1
-4
-3
3
9
15
19
22
15
15
18
11
5
3
-3
-23
-31
-28
-29
-38
-46
-47
-40
-38
-40
-43
-32
-24
-14
-4
-2
-1
-15
-24
-31
-37
-32
-26
-31
-26
-8
4
18
29
23
21
16
9
8
8
7
9
21
23
21
12
3
-4
-10
-18
-16
-7
-11
-13
-13
-16
-28
-30
-27
-29
-30
-26
-24
-28
-37
-41
-42
-44
-42
-32
-26
-13
0
10
20
25
33
39
44
39
36
44
50
56
57
51
51
57
55
47
47
39
22
11
4
-2
-5
0
10
7
3
-1
-5
-5
2
8
9
14
15
11
13
16
18
24
30
36
39
42
38
28
12
-11
-25
-28
-25
-24
-22
-14
-9
-8
-10
-22
-32
-39
-40
-28
-24
-29
-31
-33
-34
-31
-18
-14
-13
-17
-23
-28
-31
-35
-33
-28
-19
-9
-6
-4
0
-1
1
9
13
22
27
24
17
6
0
-2
7
19
26
26
27
30
29
20
8
2
-5
-5
-5
-3
-7
-11
-13
-15
-13
2
16
9
1
-5
-11
-12
-16
-21
-25
-33
-39
-40
-33
-25
-26
-26
-27
-32
-25
-10
-1
9
23
32
42
47
47
49
40
32
26
