-32
-36
-26
-12
1
5
6
2
5
4
-3
1
0
4
20
23
22
20
-1
-23
-28
-22
-14
-9
-2
3
0
-11
-20
-21
-36
-35
-25
-13
-13
-11
-5
-3
-6
-10
-7
-4
0
2
4
16
26
30
27
22
18
6
9
13
10
7
-6
-12
-13
-10
-9
-7
-1
5
10
15
18
12
8
1
-13
-15
-20
-17
-10
-4
10
25
36
44
48
40
32
17
6
4
10
19
27
21
16
21
13
10
5
7
12
16
30
43
48
45
43
38
33
27
23
16
23
26
20
19
17
15
3
-2
-11
-19
-17
-9
-7
-10
-20
-35
-44
-55
-64
-69
-64
-51
-34
-33
-37
-40
-47
-50
-54
-48
-44
-37
-35
-43
-35
-41
-48
-50
-44
-31
-20
-19
-13
-3
-2
1
1
1
1
1
5
9
10
10
11
24
30
25
24
27
29
32
30
20
8
-7
-7
-5
-6
4
16
16
18
17
20
28
35
41
42
36
21
14
-1
-13
-5
0
3
12
22
23
26
26
23
13
-1
2
-2
-11
-21
-21
-13
-11
-6
0
4
4
0
-3
0
5
13
23
32
30
20
-1
-15
-17
-17
-9
2
25
30
27
23
2
-11
-23
-15
-2
-2
-1
11
22
18
5
-5
-8
-7
-16
-30
-30
-37
-48
-47
-35
-17
2
6
2
-5
-15
-13
-12
-9
5
10
15
25
23
16
10
7
3
-2
-4
-13
-19
-25
-29
-29
-23
-11
8
28
30
29
35
33
18
11
9
13
28
33
24
24
29
33
34
22
10
-10
-23
-28
-29
-34
-39
-36
-43
-49
-48
-32
-16
-9
-7
-7
-10
-19
-26
-12
6
13
10
-1
-11
-15
-11
1
15
17
8
8
3
-8
-4
-10
-19
-25
-41
-44
-34
-24
-7
-1
12
28
27
23
19
17
7
-3
-12
-13
-10
3
13
12
14
14
14
13
9
9
19
23
18
8
4
8
19
33
35
26
27
32
30
27
22
23
22
13
13
5
-9
-21
-30
-35
-27
-25
-29
-38
-38
-23
-15
-7
0
9
7
-2
-12
-24
-28
-30
-22
-8
0
3
11
15
10
8
3
-5
-12
-12
0
15
26
31
35
39
43
52
55
52
51
53
59
54
47
31
14
4
-5
-18
-40
-50
-42
-35
-29
-22
-16
-19
-20
-27
-37
-38
-39
-43
-50
-46
-29
-18
-14
-7
2
6
22
39
30
16
13
7
-9
-17
-13
-14
-20
-30
-37
-39
-42
-36
-17
0
15
20
17
13
-6
-16
-19
-17
-14
-11
1
12
19
25
28
15
3
1
6
12
18
9
4
-4
-18
-29
-40
-40
-32
-27
-21
-7
1
-1
10
14
9
-1
-10
-8
2
10
0
-3
8
14
10
3
8
9
12
28
36
32
27
24
7
0
7
6
8
1
-3
6
25
39
43
43
44
41
35
30
21
32
43
47
48
39
22
-7
-27
-31
-41
-46
-26
-4
7
1
-2
-13
-30
-38
-28
-11
-10
-3
6
12
13
14
13
11
14
13
6
7
19
12
-1
-6
-12
-23
-25
-12
-19
-29
-24
-26
-27
-5
15
13
2
-4
6
-1
-1
-1
-10
-17
-32
-43
-51
-53
-39
-26
-23
-19
-16
-18
-24
-33
-30
-20
-12
-9
-28
-34
-20
7
17
6
3
3
8
11
7
0
-6
1
11
7
-1
-13
-33
-29
-14
6
25
34
45
44
25
10
6
-5
-5
9
38
57
66
64
49
33
22
20
-2
-23
-37
-46
-28
-5
2
10
5
-15
-21
-27
-30
-30
-37
-49
-50
-33
-4
25
38
32
23
17
20
13
9
36
65
71
76
71
54
57
59
47
14
1
2
-14
-39
-39
-30
-25
-26
-46
-71
-79
-42
2
8
-7
-16
-17
-31
-34
-17
-33
-54
-73
-75
-33
10
1
-50
-78
-77
-77
-56
-13
-5
-11
-9
-13
-34
-27
14
19
28
39
42
54
79
84
67
67
66
33
31
52
67
82
126
172
174
165
168
178
130
49
12
36
80
121
116
47
24
83
87
-12
-106
-113
-90
-77
-67
-136
-218
-212
-193
-205
-205
-217
-287
-343
-358
-339
-272
-211
-194
-192
-175
-152
-149
-120
-48
58
145
122
49
88
196
211
215
271
270
182
155
181
165
172
137
35
-15
57
117
42
-59
-47
7
9
-7
-47
-109
-145
-82
54
56
-45
-55
13
34
54
44
-63
-141
-84
-72
-138
-77
2
-25
25
72
-15
-42
12
0
-35
19
71
83
163
206
147
137
193
179
119
223
368
364
314
236
181
103
90
131
33
-204
-193
17
-6
-195
-202
-164
-172
-61
-57
-300
-406
-286
-297
-395
-402
-316
-174
-62
-323
-564
-276
-41
-165
159
285
-463
-408
995
1191
87
177
1038
725
558
1153
776
163
990
1480
577
208
588
405
276
532
20
-490
-41
102
-562
-699
-431
-523
-765
-851
-997
-957
-807
-945
-1078
-962
-842
-750
-787
-1041
-1059
-608
-418
-587
-451
-332
-527
-404
-1
-151
-510
-442
-174
101
299
94
-161
155
580
892
1138
477
-455
528
2059
1381
99
714
1424
1144
1468
1591
673
686
1804
1472
524
721
926
492
629
523
-257
-264
76
-615
-1107
-679
-668
-1185
-1348
-1318
-1089
-540
-524
-1093
-1188
-635
-225
-191
-386
-398
-100
24
-94
130
283
-197
-397
61
45
-426
-341
-254
-577
-436
-61
-445
-895
-628
-299
119
285
-759
-1426
143
1341
293
-376
599
946
882
1604
1510
646
1363
2448
1537
665
1117
1153
756
1018
723
-88
-35
-31
-895
-1074
-591
-776
-1235
-1351
-1385
-1181
-780
-937
-1220
-1038
-743
-488
-116
-161
-403
-80
421
488
612
809
655
488
611
693
634
440
-14
-20
267
-19
-274
715
740
-1146
-1465
749
1413
-172
-711
-31
138
749
1680
590
-663
737
2298
1447
508
403
173
481
1102
309
-619
-329
-386
-1227
-1359
-940
-1139
-1648
-2026
-2180
-1681
-1038
-1369
-2204
-2127
-1286
-686
-591
-779
-1007
-881
-251
413
438
-16
-210
66
409
654
741
378
-31
300
665
182
290
1669
1388
-963
-984
1889
2281
239
222
1187
825
1853
3256
1222
-503
2055
3925
2166
1123
1178
483
854
1743
488
-478
440
141
-1323
-1040
-418
-1099
-1550
-1600
-1964
-1385
-504
-1242
-2233
-1772
-1017
-858
-684
-836
-1466
-1336
-323
6
-550
-931
-688
-336
-77
10
-116
-556
-882
-531
-122
-547
-275
1540
1128
-2075
-1785
2190
2507
-316
-177
1071
601
1962
3407
603
-1032
2521
4060
1676
754
957
348
1366
2252
132
-989
277
-261
-1589
-556
-46
-1219
-1511
-1495
-2022
-988
132
-1185
-2321
-1290
-128
290
348
-482
-1111
9
1151
633
-189
-146
38
413
991
735
-254
-576
-262
-172
-632
-429
1228
1217
-2329
-3414
1062
3086
-218
-1471
359
162
1056
3749
1658
-2208
781
4507
2063
-311
612
275
326
1970
473
-1858
-438
165
-2213
-2102
-324
-1222
-2479
-2254
-2499
-1998
-351
-828
-2687
-2205
-307
288
33
-557
-1218
-579
864
987
-31
-318
254
704
872
586
-20
-355
-160
-4
-213
1072
2767
582
-3071
-685
3899
2705
-614
248
1045
520
2746
4032
396
-1072
2799
3990
1400
573
992
298
864
1204
-532
-1231
-163
-1096
-2559
-1564
-556
-1511
-2671
-3049
-2518
-923
-233
-1860
-3026
-1757
-144
75
-629
-1456
-1362
-243
525
273
-250
-612
-401
426
640
210
243
179
-715
-400
2712
3760
-119
-2568
1080
4207
2736
1230
1648
1266
2014
4189
3092
-45
853
3620
2690
662
619
1089
1041
948
-595
-1791
-1116
-891
-2072
-2269
-1737
-1685
-1595
-2255
-3422
-2478
-769
-1252
-2248
-1816
-1203
-791
-400
-952
-1641
-1075
-173
-88
-296
-573
-789
-451
225
94
-258
-274
-447
-625
1358
3417
962
-3264
-995
4237
3111
-474
849
1948
713
3144
4798
466
-1026
4009
4666
571
-386
509
21
797
411
-2473
-2883
-1024
-2238
-3978
-2914
-2196
-2990
-3083
-3134
-2933
-1277
-401
-1793
-2595
-1370
232
1050
302
-1176
-894
729
1200
964
809
242
466
1822
1800
705
854
859
194
2756
5491
1524
-3028
1507
6295
2967
298
2775
2099
891
4460
4496
-847
-298
4349
2660
-665
329
791
-709
-223
-665
-2857
-2307
-631
-2532
-4365
-3142
-2049
-2510
-3081
-3925
-4147
-2469
-1139
-2284
-3530
-2743
-930
-483
-1237
-1674
-878
-1
245
-100
-561
-628
91
491
-24
-252
464
518
1024
3854
3912
-926
-1133
5586
6913
1986
1717
4086
2421
3565
6705
2985
-1269
3481
6775
2469
58
1183
621
1072
2139
-747
-3267
-1737
-1481
-3322
-3215
-2946
-3702
-3530
-3508
-4290
-3542
-2136
-2949
-4390
-3945
-2142
-744
-1201
-2866
-2983
-1055
237
101
-754
-1775
-1423
438
1094
-46
-572
-177
-58
2312
5381
2600
-2895
-18
6581
5218
938
2374
3051
1404
4743
7006
1680
-567
4696
5470
1183
272
1180
348
676
22
-2471
-2807
-1748
-2809
-3516
-3214
-3346
-2762
-2482
-4472
-4772
-2227
-1759
-3371
-3378
-2771
-2414
-727
-291
-2308
-2294
132
878
39
-119
-75
277
1301
1563
381
113
863
1672
4081
5033
455
-2294
3882
7942
3319
1033
4188
3232
2634
6548
5129
-1017
1357
6549
3657
39
940
326
-486
1196
-538
-3991
-2895
-1477
-3736
-4633
-3408
-3430
-4094
-4432
-4820
-3708
-1943
-2188
-3547
-3398
-1900
-147
167
-1459
-2435
-697
1060
805
-402
-1387
-1415
76
1058
122
-1114
-725
-269
781
4174
4608
-1266
-2854
4552
7368
2404
1733
4504
2247
2697
7288
4871
-808
2834
7254
3710
507
1550
1074
537
1096
-735
-2740
-1915
-1766
-3677
-4618
-4188
-3451
-3530
-5130
-5871
-3839
-2355
-3180
-3907
-3593
-2713
-990
-295
-1738
-2277
-524
530
88
-187
-342
-642
305
1232
460
-428
481
844
1515
4882
5104
-883
-1372
6187
7286
1392
1745
4686
1922
2455
6717
3536
-1420
3192
7129
2987
-64
1227
1069
691
638
-1499
-3046
-2000
-1945
-3793
-4858
-4255
-3263
-3536
-5166
-5373
-3887
-3393
-3755
-3738
-4091
-3500
-1290
-847
-2798
-2616
-444
-115
-716
-60
218
-101
976
1707
299
-43
1535
1364
2166
5580
3577
-2879
364
8534
5983
-35
3059
4954
1850
4730
7633
1374
-1046
5687
6531
807
-357
1174
656
1229
762
-2417
-3369
-1711
-2114
-3652
-3973
-3401
-3086
-3638
-4859
-4475
-2938
-2655
-3154
-3244
-2982
-1392
-34
-1232
-2562
-769
1111
615
-180
-222
-328
571
1970
1330
-379
33
1294
1002
2714
5457
1805
-3715
1109
7707
4043
-100
3497
3750
1669
5891
7166
154
-491
6132
5809
729
93
861
437
1149
81
-2848
-3246
-1997
-2796
-4168
-4433
-3635
-3052
-4432
-6342
-5355
-3263
-3066
-3963
-4552
-4370
-2361
-697
-2057
-3729
-2330
-382
-311
-949
-1113
-997
52
1309
877
-501
268
1522
1495
3619
5688
1122
-2767
3535
8475
3491
1209
5483
4406
2587
7158
7153
429
1649
7557
5527
677
619
1094
526
500
-829
-2774
-2847
-2469
-3212
-4370
-4847
-3654
-3137
-5213
-6154
-4030
-2964
-3548
-3250
-3306
-3583
-1393
-125
-2387
-3182
-527
679
-91
-241
-437
-923
611
2137
587
-1075
632
1597
1312
4162
5054
-1303
-2776
5703
7897
1369
1762
5971
2986
3106
8539
5427
-1135
3188
7926
3342
-292
1379
1146
219
454
-1181
-3186
-2533
-2142
-3737
-4914
-4150
-2482
-2715
-5253
-5767
-3262
-2067
-2888
-3622
-4130
-2961
-132
7
-2818
-3028
-672
109
-339
-480
-1246
-1016
1262
2065
-172
-829
1149
1595
2625
5658
3518
-2364
1272
8846
5627
-24
3952
5722
1847
4416
7731
1647
-907
5519
5864
-225
-1221
644
-243
-613
-1086
-3075
-3918
-3187
-3821
-4961
-5319
-4430
-3392
-4493
-6649
-5295
-2405
-2430
-3594
-3698
-3286
-1427
681
-674
-2791
-1084
1315
999
108
-102
-819
198
2595
2188
-499
72
1797
1603
3751
6216
1285
-3417
3190
8751
3241
273
4922
3696
1337
6320
6889
-371
683
6916
4896
223
876
1264
96
143
-1050
-2808
-2597
-2582
-3918
-4677
-4774
-3572
-2708
-5027
-7166
-4421
-1801
-2789
-3944
-3787
-3294
-980
574
-1675
-3152
-600
1110
260
-362
-475
-912
543
2216
954
-714
847
1937
1120
3740
6278
1168
-3036
3541
8057
2861
828
4992
3245
1362
6268
6644
-133
767
6371
4499
36
469
1250
282
-171
-1394
-2999
-3276
-3014
-3616
-4671
-5101
-3623
-2620
-4750
-6528
-4441
-2215
-2085
-2466
-3275
-2872
-28
1144
-1286
-2299
-150
1029
659
469
94
-544
1170
2879
1453
-608
823
1880
780
3206
6029
810
-4061
2559
7832
2627
12
4564
3173
800
5614
6500
-501
132
6232
4524
-395
206
1418
202
22
-596
-2559
-3382
-2532
-3147
-4979
-5156
-3142
-3047
-5551
-6408
-4546
-3034
-2569
-2924
-4450
-3977
-535
622
-1744
-2329
-345
584
573
546
5
-572
964
2409
1272
-135
1342
2080
572
2847
6415
2020
-3775
1693
7420
3071
67
4303
3233
342
4687
6522
60
-313
5594
4358
-582
-185
1087
-267
-165
-541
-2790
-3357
-1711
-2509
-4948
-5191
-2941
-2309
-4213
-5695
-4790
-3133
-1721
-1904
-4168
-4485
-1070
516
-1451
-1960
65
889
470
498
204
-31
1357
2587
1321
396
2032
2994
1099
2213
6258
4442
-1646
384
6544
5148
1476
4111
4634
1125
3807
7406
2363
-873
4672
5991
957
-575
971
13
270
438
-2834
-4618
-1856
-1476
-4522
-5346
-3358
-3034
-4233
-4552
-4801
-4693
-2350
-794
-3161
-4775
-1842
611
-620
-1875
-1271
-605
-210
-63
-548
-719
-28
955
695
-357
-459
728
185
-32
3224
4121
-1398
-2357
4028
5315
974
2100
4474
1455
2302
6802
4022
-688
3069
5722
1879
-159
1076
44
-319
-75
-2594
-4559
-2758
-2258
-4478
-5023
-3715
-3462
-3725
-3553
-4121
-4314
-2240
-163
-1315
-2913
-1436
859
817
46
452
985
818
832
1185
1162
549
677
1635
1334
382
1138
1393
45
2007
5672
2802
-2692
384
6386
4921
1633
3317
3352
1564
4195
6140
1859
-7
3826
4326
769
-707
-204
80
269
-1553
-3895
-3859
-3056
-3944
-4887
-5127
-4767
-3745
-3544
-5023
-5393
-3169
-1151
-1559
-3183
-3325
-1350
250
-594
-1707
-923
124
-174
131
792
109
-424
961
1241
-124
128
1365
522
-289
3062
5781
2131
-2148
1364
6362
4763
2014
4034
4033
2207
4948
7091
2545
670
4878
5272
1012
98
1384
447
-255
-598
-2164
-3392
-2504
-2377
-3997
-5269
-3974
-2661
-3384
-4765
-4357
-2916
-1705
-1660
-2905
-3421
-1604
-61
-765
-1458
-958
-796
-464
810
447
-1274
-958
604
18
-697
434
717
-276
204
2845
4464
2148
-951
801
4400
3997
2447
3365
2529
1339
4281
5596
1543
76
3117
3351
1380
478
-385
-760
415
-899
-3862
-3682
-2043
-3080
-4659
-4393
-3363
-2926
-3127
-4000
-4281
-2830
-1152
-992
-1717
-1944
-850
629
625
-656
-786
370
835
648
586
678
628
995
1177
1075
982
999
1140
1206
2114
4142
4193
672
-366
3316
5452
3305
2198
2532
2312
3591
5381
3315
144
1529
4252
2917
-732
-1461
272
572
-1845
-3467
-3194
-3243
-4316
-4749
-4946
-4481
-3214
-3222
-4376
-4050
-3047
-3388
-3141
-2019
-2401
-2471
-374
34
-1533
-699
1051
110
-583
778
1013
70
448
1323
652
51
749
1343
198
386
3907
4911
-41
-2099
3228
6128
3042
2047
3626
2288
2641
5991
4611
-93
1645
5462
3453
-438
-223
833
212
-591
-1304
-2500
-3241
-3157
-3488
-4301
-4239
-3321
-3783
-4524
-3528
-2615
-3268
-2869
-1695
-2173
-2722
-1406
-456
-828
-291
429
-232
-392
858
890
-25
222
871
429
444
1265
1102
-137
417
3701
5276
1978
-1179
1520
5540
5070
2959
3117
2773
2651
4970
5302
1413
456
3919
4472
1297
-450
-6
338
213
-1178
-2963
-3667
-3244
-3331
-4048
-4602
-3971
-3344
-3947
-4417
-3804
-2945
-2313
-1918
-2562
-3021
-1563
132
-516
-1681
-1250
-545
-413
75
251
-168
121
648
434
433
1067
929
379
394
2157
4863
4604
330
-1065
3227
6242
4149
2243
2478
2439
3398
4998
3206
138
1864
4422
2435
-721
-784
-362
-747
-1270
-2431
-3858
-3654
-2767
-3648
-4917
-4007
-2672
-3683
-4825
-3838
-2810
-3061
-3105
-3045
-2935
-1539
-113
-529
-1419
-942
-4
261
295
562
768
954
1001
1050
1134
1621
2031
1760
1215
1996
4918
6680
3552
-693
1085
6187
6487
2663
1664
2595
2943
4322
5017
1773
-106
2660
3979
1260
-927
-910
-489
-491
-1885
-3318
-3113
-2590
-3511
-4499
-4689
-4028
-3361
-3535
-4260
-4208
-3495
-3241
-3646
-3756
-3104
-2382
-1949
-1682
-1783
-1543
-586
237
222
87
308
667
1286
2198
2185
1553
1763
2435
1949
1996
4588
5651
1847
-1097
2303
6392
4940
1755
1924
2521
2564
4218
4528
669
-419
3511
4387
318
-1435
49
108
-1163
-1814
-2513
-3212
-2678
-2833
-4461
-4893
-3042
-2786
-4629
-5163
-3995
-3563
-3363
-2819
-3112
-3540
-2170
-630
-1269
-1999
-761
450
237
542
1228
1020
1242
2399
2197
1179
2088
3233
2256
1341
2645
5071
5721
2756
-583
1747
6430
5388
1316
1689
2783
1970
3119
3935
363
-896
2814
3289
-592
-1982
-476
-324
-1437
-2542
-3323
-3626
-3508
-3873
-4677
-5037
-4200
-3537
-4338
-5485
-4782
-3063
-2837
-3752
-3758
-2932
-1808
-621
-743
-1877
-1284
715
1407
1143
1486
1807
1899
2613
3227
2988
2990
3453
3165
2542
3268
5303
5809
2602
-577
1982
6238
4979
1375
1537
2035
1557
3537
4377
483
-689
2885
2997
-531
-1043
263
-556
-1348
-1770
-2920
-3285
-2365
-3389
-5627
-5203
-3179
-3536
-5401
-5576
-4531
-3816
-3315
-3160
-4026
-3982
-1627
-254
-1850
-2583
-327
1265
990
1142
1519
1054
1722
3455
3223
1950
2792
3673
2484
2291
3834
4652
4355
2621
-277
912
5396
5131
777
388
1801
1182
1899
3069
216
-1679
1213
2515
-314
-1574
-626
-1142
-1797
-1671
-2328
-3547
-3540
-3744
-4451
-4177
-3342
-3876
-5041
-4890
-3922
-3669
-3560
-2943
-2777
-2665
-1331
60
-356
-615
965
2076
1695
2151
2985
2381
2076
3397
3812
2924
3152
3626
2775
2438
3207
3576
4062
3634
357
-741
3448
5324
1518
-29
1833
1430
1412
3685
2361
-1295
78
3076
1420
-1516
-1362
-596
-908
-1897
-3196
-3947
-3760
-3896
-4717
-5261
-4903
-4179
-3943
-4668
-5339
-4398
-2566
-2307
-3349
-3364
-1622
-91
-264
-837
-199
1379
2586
2937
2339
1553
2213
3902
3818
2464
2346
2811
1988
1767
2614
2554
2901
3730
1041
-1951
1546
5598
2551
-948
1051
2223
1347
2936
3343
-477
-1119
2358
2320
-892
-1245
-350
-1219
-2128
-2340
-3122
-3750
-3832
-4337
-4972
-4627
-3972
-4157
-4605
-4120
-3302
-3030
-2571
-1639
-1314
-1136
-111
609
484
1014
2418
2695
2297
2367
2401
2327
3287
3978
2950
2061
2451
2389
2067
2402
1929
1852
3160
1853
-1318
746
4860
2800
-667
1245
2334
426
1821
3594
-65
-1901
2236
2820
-1666
-2678
-692
-1514
-3037
-2939
-3685
-4857
-4128
-3455
-4812
-5646
-4139
-2935
-3764
-4614
-4008
-2900
-1824
-991
-1319
-1770
-281
1417
1163
820
1904
2613
2545
2836
2654
2196
3159
3993
2626
1575
2438
2669
1818
1855
1445
749
2446
3485
30
-1842
2147
4178
1012
-62
1515
535
453
3201
2696
-614
167
2379
933
-1036
-744
-903
-1789
-2289
-2912
-3612
-3758
-3977
-4742
-5080
-4283
-2884
-2881
-4342
-4570
-2782
-1570
-1479
-1525
-1730
-1391
401
1551
1047
1166
2386
2710
2465
2672
2606
2516
2890
2585
1794
1969
2382
1617
972
1135
1243
2588
3633
915
-2020
1152
4927
2764
87
1408
1501
769
3042
3429
-660
-1513
1562
1207
-1643
-1951
-1774
-2938
-2858
-2614
-3610
-3764
-3184
-4262
-5356
-4005
-2219
-2814
-4097
-3881
-2657
-1728
-906
-741
-1673
-1365
1018
2102
923
743
2019
2375
2323
2817
2521
1837
2331
2987
2225
1761
2022
1672
957
1358
1372
1177
2622
2759
-761
-1322
3295
4279
424
-10
1555
198
1048
4036
1694
-2504
-326
2390
232
-1838
-1584
-2244
-2371
-1684
-2683
-3909
-3253
-3101
-4048
-3822
-2640
-2169
-2523
-3103
-3057
-1735
-425
-497
-1150
-855
408
1590
1654
1004
1069
1838
2251
2291
1835
1387
1658
2182
1758
1278
1616
1704
1088
976
1087
754
1878
3065
161
-3041
459
4516
2054
-1011
386
451
-109
2667
2948
-1670
-2255
1648
1629
-1404
-2171
-1841
-2060
-1914
-2532
-3195
-2789
-2622
-3619
-3747
-2607
-1695
-1934
-2852
-2894
-1628
-556
-461
-569
-703
-280
1074
1911
1325
1217
1848
1797
1539
1801
1706
1464
1710
1617
1119
1410
1772
1096
641
1317
1322
1244
2677
2836
-360
-1390
2772
4758
1579
-130
1218
1080
1355
3194
1731
-2079
-1231
1909
1192
-1540
-2054
-1671
-1824
-2288
-2763
-2897
-2863
-3241
-3632
-3334
-2535
-1959
-2520
-3229
-2753
-1780
-1312
-590
-420
-1375
-1176
890
1458
346
367
797
716
1388
2176
1298
539
873
1211
1097
1345
1242
496
102
929
1370
1283
2177
2406
-324
-1215
3106
5045
1185
-823
1500
1939
1715
3238
2006
-1643
-398
3008
1769
-1473
-1704
-1057
-1390
-1474
-1166
-1740
-2755
-2935
-2547
-2354
-1890
-1480
-2531
-3466
-2149
-699
-1140
-1215
-802
-1362
-956
1018
1052
-495
-226
854
957
1261
1603
714
115
1117
2050
1452
1037
1325
1067
374
782
1297
939
1355
1520
-659
-1297
2189
3439
208
-857
1256
1414
1197
1973
638
-1461
443
2723
1004
-1416
-1261
-550
-148
-309
-1410
-2389
-2322
-2250
-2343
-2125
-2078
-2421
-3110
-3164
-2341
-1646
-1938
-2209
-2065
-1627
-732
429
309
-543
-397
919
1752
1610
1404
1535
1456
1446
2093
2349
1837
1660
1983
1893
2013
2173
1170
958
2237
1410
-1011
18
2392
1297
-560
309
903
250
800
1231
-223
-726
1108
1617
-105
-1267
-675
-15
-50
-555
-1278
-2048
-1825
-886
-965
-2205
-2540
-2223
-2682
-2564
-1490
-1954
-3124
-2299
-915
-1028
-877
-1
-572
-1472
-167
1376
833
425
1270
1227
766
1778
2290
976
810
2160
1948
880
1356
1556
207
751
2584
1252
-1272
455
2792
1406
-37
1366
1504
179
1104
2479
978
-60
1584
1809
167
-30
573
-103
-472
-558
-1556
-2530
-1819
-1652
-2961
-3533
-2536
-2491
-3042
-2601
-2408
-3374
-3092
-1433
-1235
-2056
-1291
-61
-307
-285
870
1390
1168
1539
1677
1202
1758
2568
1598
389
1006
1634
966
560
963
667
139
1465
2501
64
-2036
734
2914
681
-817
1047
1105
352
2228
3013
436
41
2308
2162
373
190
237
-423
-507
-891
-1831
-2362
-2371
-2836
-3146
-3157
-2838
-2967
-3628
-3770
-2805
-2319
-2329
-1691
-1104
-1199
-433
1099
985
503
1595
2403
1634
1887
2887
2469
1874
2667
2742
1592
1206
1704
1196
213
321
733
52
432
1838
615
-2284
-916
2530
1821
-736
183
1449
644
1430
2893
1265
-305
1734
2982
1101
-438
-148
-250
-623
-1111
-2019
-3021
-3045
-2957
-3202
-3411
-3113
-2951
-3147
-3235
-2658
-2020
-1978
-2166
-1971
-1521
-615
514
933
672
915
1732
2278
2560
2518
2151
2021
2544
2510
1749
1104
1032
585
141
336
502
-605
-529
1574
1536
-1652
-1742
1587
2115
30
330
1492
753
1372
3042
2106
225
1550
2961
1837
185
-119
-218
-76
-622
-1922
-2690
-2444
-2479
-2935
-3531
-3728
-3286
-3085
-3448
-3174
-2452
-2345
-2184
-1459
-1338
-1189
337
1333
656
507
1696
2175
2070
2186
1843
1258
1952
2791
2155
874
837
1075
659
345
745
95
-571
1099
2186
-889
-2794
778
2898
253
-790
1333
855
83
2101
2227
-793
-188
2558
1605
-867
-664
-288
-843
-790
-1102
-2454
-2740
-1745
-1819
-2682
-2605
-2004
-2342
-2581
-1685
-1123
-1652
-1400
-402
-415
-224
1253
1868
703
809
2323
2232
1584
2413
2465
964
1395
2951
2071
399
894
1211
188
349
1210
-81
-1758
-43
2284
274
-3004
-1229
2034
1414
-493
253
489
-203
1179
2263
-177
-1640
591
1721
-161
-1444
-963
-511
-450
-1020
-1806
-2047
-1562
-1392
-1978
-2671
-2276
-1377
-1397
-1858
-1412
-902
-872
-564
-82
-169
156
1104
1184
584
1177
2047
1796
1249
1341
1072
836
1437
1536
355
-196
735
883
-32
-316
-161
-857
-690
1266
1609
-1515
-2855
548
2914
834
-886
389
735
643
1983
1916
-906
-960
1605
1686
-572
-1073
-424
-467
-732
-822
-1199
-1692
-1642
-1344
-1721
-2001
-895
-538
-2036
-2350
-560
88
-558
-282
-127
-530
426
1843
1053
-68
748
1669
1322
1087
925
72
28
1049
1100
-162
-645
-1
-94
-648
-367
-240
-1363
-757
1634
919
-2500
-1608
2408
2439
-283
136
1367
721
1291
2768
1212
-767
1068
2915
1454
-432
-49
496
307
-163
-461
-979
-1128
-924
-1159
-2031
-1780
-828
-1423
-2474
-1683
-477
-815
-1134
-829
-904
-360
1166
1083
-460
-372
1102
1451
1123
1047
599
154
845
1499
802
-216
-181
216
52
-149
-75
-690
-1661
-489
1650
413
-2871
-1477
2272
1826
-890
-25
1035
203
1048
2775
826
-805
1581
3057
899
-530
393
884
470
-53
-579
-1092
-761
-540
-1350
-2074
-1114
-466
-1436
-1979
-1111
-779
-1070
-1019
-1012
-924
-22
619
-209
-850
14
1283
1127
184
-200
240
458
551
729
83
-698
2
716
-287
-962
-343
-450
-1256
11
1715
133
-2838
-1227
2384
1887
-650
53
974
149
1226
3039
887
-1348
1065
3333
1569
-461
-54
409
484
502
103
-646
-489
-271
-887
-1376
-658
-320
-1139
-1647
-1026
-399
-206
-274
-912
-1333
-249
980
248
-1014
-496
737
758
284
126
-264
-404
442
819
-305
-876
-343
-305
-606
2
-93
-1164
-1463
-363
816
757
-1210
-1899
547
1967
138
-301
1204
781
507
2349
2159
-355
525
3158
2522
139
252
1375
1459
670
261
32
-113
-248
-275
-746
-902
-504
-566
-1553
-1750
-803
-203
-533
-1139
-1485
-1003
140
335
-514
-756
24
449
474
421
-147
-652
28
709
-9
-601
-206
-50
-162
283
-61
-1262
-1013
-94
250
945
601
-2020
-1646
2200
2363
-807
-147
1541
627
1425
3433
1216
-989
1832
3704
1312
-130
744
775
373
465
0
-767
-715
-522
-1113
-1615
-972
-604
-1893
-2623
-1214
-479
-1383
-1593
-1211
-1659
-1054
459
-32
-1654
-1193
162
221
-170
-276
-734
-707
-45
-12
-598
-699
-762
-861
-270
-29
-995
-1131
-264
-832
-699
1635
1127
-2571
-1154
3520
2618
-768
720
2234
1118
2367
4015
1281
-164
3045
4150
1520
323
1151
1436
1493
1238
305
-509
-258
53
-486
-1239
-752
-597
-1825
-2032
-643
-646
-1366
-830
-744
-1507
-399
918
-471
-1644
-215
517
-497
-445
12
-676
-873
153
-58
-1232
-1099
-358
-867
-1281
-626
-419
-822
-631
-880
-555
1612
1711
-1794
-1455
2844
2861
-258
812
2668
1668
2237
4055
2474
772
2780
3948
2124
608
937
1495
1580
405
-612
-415
-61
-592
-1169
-1884
-2017
-1346
-1404
-2397
-2410
-1799
-1508
-1401
-1566
-1777
-1103
-582
-1081
-1155
-557
-656
-901
-399
-446
-1103
-827
-302
-1075
-1355
-318
-35
-1400
-1571
-492
-218
-832
-517
-648
-1466
140
2596
607
-2400
192
3648
2454
920
2218
1919
1139
3144
4431
1826
576
2624
3488
1928
1027
1400
1436
832
250
57
-5
-253
-704
-1215
-1449
-1085
-964
-1830
-2407
-1933
-1457
-1216
-1140
-1682
-2118
-1330
-343
-654
-1513
-1364
-578
-503
-824
-669
-688
-1096
-991
-506
-608
-1021
-727
-569
-805
-567
20
-113
-417
-500
-301
1240
2359
123
-1686
1317
3850
1885
342
1760
2056
2078
3752
3795
1188
1109
3600
3922
1813
979
1649
2097
1565
856
414
127
-23
22
-423
-1209
-756
-476
-1680
-2387
-1558
-1618
-2380
-2119
-2110
-2794
-2075
-984
-1660
-2211
-1178
-928
-1542
-1051
-456
-833
-1023
-595
-768
-696
107
290
-841
-851
427
813
138
437
559
-207
905
2997
1278
-1742
435
3660
2231
356
1961
2042
1097
2807
4109
1276
269
3030
3740
1328
276
1233
1315
444
-183
-469
-980
-1080
-973
-1734
-2856
-2384
-1694
-2894
-4183
-3368
-2591
-2971
-3011
-3020
-3635
-2898
-1273
-1486
-2445
-1548
-321
-351
-114
261
-122
-132
718
1064
837
866
1130
1007
804
1018
1373
1149
534
525
545
928
2275
2277
-341
-681
2611
3974
1955
1247
2034
2187
2904
4020
2691
662
1664
3436
2892
977
284
584
752
79
-620
-1055
-1567
-2045
-2000
-2350
-2773
-2355
-2381
-3618
-3818
-2698
-2247
-2395
-2354
-2401
-2072
-802
-239
-1171
-1442
-300
317
262
378
230
-249
20
545
246
-94
198
91
-528
-314
363
183
-178
309
344
-555
475
3039
2534
-615
134
4044
4728
2510
2290
2941
2832
4251
5625
3492
1092
2404
4025
3011
1177
404
255
323
-355
-1476
-2130
-2357
-2817
-3239
-3658
-3718
-3239
-3394
-4335
-4233
-3033
-2501
-2573
-2601
-2796
-2236
-514
-83
-1438
-1661
-162
561
344
242
-160
-542
148
861
37
-775
-183
301
-326
-604
-260
-16
174
464
71
-456
855
3050
2706
10
432
3806
4687
2604
2380
3142
2872
3436
4621
3040
824
1963
3600
2392
404
175
366
-13
-831
-1388
-2084
-2543
-2738
-2734
-3201
-3367
-2997
-3079
-3715
-3429
-2472
-2317
-2501
-2254
-2204
-1933
-636
14
-966
-1396
-180
726
467
294
405
129
146
700
458
-293
-18
480
126
-244
201
449
460
407
267
4
451
1992
2841
937
-531
1801
4223
3127
1782
2430
2219
2111
3742
3986
1272
669
2660
2955
1179
446
258
-77
-122
-370
-1331
-1878
-1606
-1766
-2538
-2798
-2263
-2185
-2669
-2715
-2280
-1986
-1635
-1633
-2111
-1879
-625
-63
-720
-1124
-576
181
476
337
92
-218
-50
613
970
568
330
493
599
625
650
434
229
454
331
165
39
204
1155
1962
188
-1235
1072
3008
1456
762
1789
819
607
3114
3220
-142
-88
2414
2165
356
201
-194
-981
-519
-315
-1701
-2565
-1804
-1436
-2318
-2894
-2232
-1942
-2446
-2287
-1711
-1935
-1967
-1291
-1599
-2203
-1008
91
-1039
-1715
-414
359
-5
296
632
138
247
1244
1228
585
711
1001
820
875
1088
797
743
1137
1054
696
584
1072
2027
2186
520
-218
1695
2909
1662
882
1282
990
1395
2642
1942
-198
-88
1325
1466
485
-342
-712
-296
-109
-762
-1546
-1594
-1378
-1400
-1874
-2109
-1859
-1969
-2563
-2599
-2109
-2054
-1899
-1768
-2395
-2443
-1046
-361
-1248
-1556
-819
-160
573
1039
263
-536
266
1480
1422
880
842
823
789
1457
1657
816
429
1130
1303
1017
876
736
1380
2343
986
-870
919
3060
1937
670
1607
1368
1004
2740
3139
474
-113
2060
2728
1182
183
19
166
418
133
-808
-1841
-1898
-1289
-1442
-2610
-2874
-2536
-2956
-3300
-2591
-2268
-2670
-2641
-2311
-2290
-1684
-683
-774
-1555
-1180
234
1033
659
-67
-103
557
1236
1354
1105
698
561
953
1644
1324
137
-171
541
604
211
246
-371
-446
1182
1568
-815
-935
1572
1743
211
1008
1755
780
1542
3172
1619
-118
1788
3197
1554
141
536
623
616
719
-328
-1835
-1445
-367
-1041
-2454
-2346
-1842
-2217
-2396
-2030
-2345
-2446
-1546
-1433
-2340
-1931
-504
-608
-1381
-809
67
-9
111
614
305
-36
745
1244
528
134
455
486
457
714
192
-666
-271
598
433
30
-141
-567
367
2366
1724
-809
-143
2532
2732
1672
1903
1692
1209
2504
3429
1579
255
1579
2585
1551
303
20
194
240
-341
-1141
-1466
-1159
-1062
-1588
-2214
-1958
-1330
-1508
-2295
-2412
-1674
-961
-937
-1493
-1778
-1164
-266
-55
-454
-856
-792
-23
717
439
-284
-221
429
556
192
30
61
176
299
268
-25
75
426
419
160
335
278
-152
683
2135
1428
-476
417
2522
2426
1267
1503
1543
1244
2090
2730
1223
5
1216
2248
1155
-244
-188
202
-30
-606
-1012
-1318
-1381
-1326
-1666
-2482
-2440
-1526
-1816
-3066
-2911
-1681
-1480
-1898
-1827
-1938
-1957
-859
-120
-1094
-1656
-542
313
172
122
93
-157
249
1039
831
140
453
1109
1013
622
710
791
660
679
713
565
534
293
270
1201
1710
241
-570
1204
2315
1029
500
1417
1312
1118
2115
2060
348
421
2097
2173
518
-99
437
714
308
-110
-656
-1300
-1350
-999
-1327
-2096
-2264
-2205
-2528
-2544
-2196
-2254
-2398
-2315
-2439
-2286
-1337
-806
-1282
-1390
-621
-31
141
280
314
269
790
1468
1454
1052
1245
1690
1499
1192
1423
1567
1084
941
1119
1125
1183
1241
497
455
1984
2324
232
-337
1737
2508
1383
1236
1530
755
1184
2638
1974
-151
217
1936
1671
-56
-597
-356
-479
-753
-1018
-1836
-2462
-2027
-1783
-2740
-3175
-2318
-2155
-3129
-3313
-2617
-2311
-2184
-1901
-2149
-2144
-923
2
-520
-967
-224
565
703
682
649
571
929
1435
1202
520
623
1118
917
511
612
530
198
481
850
471
203
519
262
184
1449
2006
252
-369
1471
2293
1316
1242
1507
836
1240
2490
1849
52
398
1574
1256
149
-140
-229
-445
-500
-666
-1303
-1808
-1621
-1389
-1774
-2083
-1770
-1784
-2323
-2331
-1666
-1357
-1623
-1719
-1542
-1222
-648
-105
-232
-535
-116
615
532
132
433
781
578
514
659
469
544
1027
736
-6
241
981
899
514
454
280
86
450
563
-153
-63
1154
1146
-395
-87
1733
1773
547
810
1241
865
1410
2364
1169
-268
707
1962
1108
-153
-153
60
84
47
-475
-1446
-1649
-1130
-1192
-1959
-2117
-1688
-1732
-2184
-2009
-1606
-1575
-1528
-1373
-1385
-1000
-118
62
-555
-563
419
995
725
481
671
1058
1501
1568
1036
799
1137
1386
1162
922
795
752
630
520
452
414
262
116
-92
-136
600
1411
468
-1112
-80
1977
1489
6
461
825
401
1174
1860
128
-818
925
1713
-33
-917
-149
-185
-900
-972
-1217
-2117
-2246
-1569
-1838
-2699
-2579
-2041
-2342
-2566
-1963
-1690
-1918
-1615
-1015
-1051
-858
-225
-161
-419
214
920
833
728
1105
1168
1052
1202
1082
764
1031
1341
790
330
648
754
454
472
290
-217
-74
566
449
-128
-415
42
896
1136
52
-206
1238
1995
1339
1331
1616
1193
1495
2362
1673
364
938
1861
1210
54
-46
96
8
-308
-727
-1297
-1500
-1278
-1329
-2044
-2431
-1951
-1787
-2190
-2191
-1826
-1635
-1354
-1210
-1414
-1197
-407
-198
-607
-405
16
92
321
613
294
54
764
1226
788
429
707
567
311
606
862
300
41
399
419
298
739
703
-66
-124
713
1482
1514
658
-86
974
2368
2073
1020
983
1134
1581
2440
2257
595
219
1437
1778
751
-107
-422
-518
-441
-602
-1253
-1895
-1975
-1907
-2109
-2423
-2333
-2351
-2611
-2594
-2188
-2037
-1810
-1480
-1750
-1897
-1077
-365
-651
-956
-635
-101
502
734
214
-206
479
1154
870
526
540
544
722
1069
826
437
626
1002
640
339
712
1034
744
580
658
619
1366
2308
1359
-405
409
2291
2017
634
679
817
615
1261
1742
238
-993
45
930
-36
-1099
-937
-973
-1226
-1257
-1305
-1911
-2100
-1849
-1961
-2365
-1903
-1151
-1620
-2362
-1900
-943
-715
-841
-887
-802
-362
514
916
354
-212
296
1193
1507
1109
758
911
1394
1671
1578
1238
1076
1267
1399
1257
1140
1007
829
852
930
907
806
918
831
541
183
557
1290
1063
-346
-623
660
1188
343
-107
-46
-224
153
688
-134
-1470
-1109
-296
-392
-1109
-1478
-1808
-1527
-1156
-1464
-2022
-2097
-1933
-1964
-1927
-1805
-1588
-1553
-1600
-1512
-1148
-906
-745
-737
-733
-446
211
557
333
237
575
1017
1266
1340
1140
1193
1659
1927
1774
1628
1669
1760
1893
1923
1735
1572
1564
1542
1302
1116
1136
1021
590
441
373
38
100
485
-51
-1146
-893
94
-95
-933
-917
-867
-1070
-634
-62
-759
-1578
-1081
-308
-597
-1279
-1350
-1243
-1221
-1174
-1098
-1463
-1672
-1269
-914
-1223
-1413
-1174
-1051
-1024
-721
-424
-373
-132
169
166
163
605
810
580
628
1071
1188
1220
1371
1334
1243
1549
2001
1768
1332
1439
1722
1537
1335
1195
915
754
789
512
3
-32
78
-151
-501
-737
-1069
-1066
-500
-614
-1831
-2116
-909
-408
-1090
-1285
-1141
-1303
-802
52
-245
-1201
-851
179
310
-228
-570
-670
-404
87
86
-293
-382
-172
-170
-311
-237
9
38
-170
-115
310
628
640
482
335
426
846
1089
939
769
726
964
1468
1512
1014
981
1466
1504
1046
994
1129
965
832
834
593
404
586
527
3
-242
9
-131
-586
-704
-917
-1490
-1364
-635
-979
-2128
-1722
-468
-535
-1235
-976
-777
-1010
-467
322
-221
-1043
-503
263
98
-380
-492
-548
-359
14
11
-525
-618
-350
-405
-627
-455
-251
-535
-827
-661
-324
-183
-84
-135
-307
-140
461
850
614
282
438
881
1251
1285
934
670
949
1390
1305
992
978
997
722
606
644
438
189
-7
-308
-636
-559
-432
-593
-998
-1224
-1436
-1298
-705
-652
-1537
-1778
-765
-119
-322
-315
-78
-182
281
1157
1119
316
437
1099
1147
716
516
319
289
529
474
129
32
246
137
-147
-264
-261
-402
-452
-426
-375
-119
191
241
153
207
349
559
644
587
535
641
867
981
901
764
726
738
680
520
504
618
478
145
-56
-91
-142
-293
-580
-899
-977
-977
-978
-1007
-1185
-1521
-1435
-851
-650
-1309
-1507
-713
-318
-609
-622
-439
-548
-219
406
431
-75
134
791
826
270
126
315
477
470
238
-45
-33
247
218
-81
-246
-42
30
40
121
29
-17
322
572
328
136
459
666
455
214
159
156
339
575
405
5
-7
389
460
84
-134
-97
-132
-76
-18
-214
-370
-316
-338
-577
-683
-655
-704
-807
-910
-1079
-992
-444
-194
-801
-1302
-748
-59
-117
-384
-393
-409
-70
603
829
303
163
766
1257
1112
895
901
992
1116
1071
890
703
749
778
631
397
459
579
453
188
97
186
298
349
171
-132
-173
209
321
-96
-445
-278
-80
-83
-137
-297
-502
-382
-155
-258
-618
-704
-523
-504
-653
-762
-724
-704
-750
-792
-717
-698
-679
-598
-641
-849
-513
212
194
-565
-735
-3
478
386
275
185
163
727
1457
1278
586
523
1019
1265
1112
839
647
700
741
560
352
322
188
-46
-41
62
-26
-170
-226
-492
-696
-408
-99
-400
-862
-881
-621
-402
-407
-714
-1018
-897
-501
-332
-575
-797
-676
-451
-332
-252
-322
-385
-273
-72
-94
-183
-2
200
67
-70
238
450
410
402
393
226
448
1026
1040
402
261
902
1206
1009
768
636
648
1079
1410
1057
521
560
907
946
694
383
164
240
407
246
-104
-253
-295
-523
-736
-808
-769
-849
-1052
-1308
-1419
-1258
-1057
-1119
-1421
-1603
-1414
-987
-836
-1077
-1281
-1086
-756
-582
-592
-698
-723
-543
-234
-87
-95
-71
77
233
321
410
569
655
591
550
723
961
1052
984
878
848
1032
1386
1396
800
409
798
1254
1127
809
672
590
788
1145
1098
544
366
670
771
511
272
172
47
13
106
125
-64
-156
-138
-255
-392
-326
-307
-589
-827
-726
-556
-555
-583
-698
-925
-950
-655
-582
-893
-1048
-910
-732
-630
-551
-715
-928
-789
-497
-474
-577
-569
-488
-363
-193
-46
-58
-75
-41
-24
-19
61
171
152
42
113
319
530
605
442
177
231
613
784
574
361
380
582
822
843
588
332
472
762
750
443
234
213
307
360
322
96
-161
-148
-90
-229
-357
-328
-475
-714
-739
-595
-567
-573
-525
-555
-640
-459
-189
-233
-427
-384
-154
27
150
111
-91
-72
231
400
318
220
245
309
362
378
337
277
315
289
170
89
130
105
-64
-181
-240
-197
-59
-12
-261
-405
-169
62
-33
-150
-109
-22
173
380
365
98
123
422
546
397
378
462
493
536
574
457
256
246
311
189
35
84
41
-193
-338
-310
-334
-374
-405
-527
-729
-665
-395
-315
-477
-572
-424
-250
-110
-48
-89
-95
92
308
331
255
232
238
258
270
198
146
155
135
33
-46
-53
-137
-289
-379
-450
-494
-423
-323
-354
-503
-466
-286
-184
-236
-241
-167
-41
156
299
264
207
313
446
454
384
380
414
483
555
520
375
343
392
285
101
43
-6
-125
-155
-150
-245
-360
-339
-326
-443
-434
-301
-275
-354
-351
-310
-294
-155
-37
-120
-179
-41
128
172
115
89
51
79
159
160
17
-69
1
52
-24
-98
-123
-157
-156
-181
-201
-218
-143
-74
-51
-56
-21
75
193
239
180
201
285
368
353
386
447
486
532
574
516
393
359
427
418
244
116
58
7
-59
-128
-214
-308
-363
-372
-404
-421
-410
-414
-471
-463
-410
-365
-377
-430
-441
-373
-210
-83
-23
-25
16
109
214
247
222
211
229
277
304
302
315
338
335
367
343
280
258
241
196
156
180
176
156
193
260
176
70
124
224
164
97
140
126
139
204
235
141
124
175
167
68
-22
-107
-223
-286
-301
-376
-508
-536
-528
-612
-724
-747
-779
-885
-910
-875
-899
-937
-854
-731
-693
-641
-528
-443
-433
-366
-228
-147
-94
28
119
142
229
410
483
460
486
554
570
630
707
692
622
653
742
723
650
622
619
535
486
460
427
370
398
424
353
311
343
382
338
265
247
292
323
348
276
205
142
150
155
126
58
-37
-63
-118
-213
-345
-409
-478
-532
-567
-612
-708
-784
-803
-826
-825
-772
-717
-744
-769
-718
-610
-482
-354
-317
-290
-201
-79
4
13
21
71
166
258
312
302
280
298
366
364
276
239
226
218
222
179
102
34
23
48
55
85
124
146
183
214
194
185
233
273
255
279
328
408
472
523
544
510
496
546
550
435
343
312
265
173
100
12
-131
-209
-247
-356
-477
-523
-562
-613
-628
-659
-682
-679
-663
-641
-611
-530
-446
-362
-260
-169
-60
-34
15
65
111
146
203
255
235
214
194
159
94
63
33
-19
-42
-38
-83
-141
-191
-251
-303
-312
-308
-328
-339
-303
-244
-208
-175
-121
-51
31
145
231
288
361
434
485
515
548
562
567
587
603
587
499
406
364
336
281
245
203
120
60
26
-73
-193
-273
-331
-340
-338
-329
-380
-425
-406
-326
-281
-249
-194
-140
-104
-41
26
32
43
55
64
68
100
113
121
94
90
101
128
103
56
29
-7
-52
-80
-107
-171
-234
-243
-223
-241
-244
-204
-149
-89
-26
34
90
115
151
173
227
294
337
376
426
496
552
556
558
527
462
377
322
260
146
73
-17
-103
-175
-246
-337
-429
-511
-586
-646
-657
-669
-654
-616
-569
-531
-505
-448
-402
-378
-355
-264
-186
-109
-69
-37
-9
19
62
81
94
89
96
107
95
46
3
-4
18
-12
-53
-70
-55
-56
-51
3
41
44
82
155
216
277
355
449
510
570
637
669
687
712
762
803
824
816
801
786
738
695
626
530
419
329
218
104
-17
-144
-274
-337
-393
-519
-655
-722
-776
-814
-841
-903
-914
-905
-849
-833
-835
-828
-762
-715
-682
-650
-614
-570
-506
-435
-382
-292
-228
-170
-108
-42
-9
37
92
156
163
154
168
190
217
226
244
271
238
217
263
295
316
338
403
426
467
517
529
514
551
605
659
687
709
721
684
681
704
708
657
618
581
557
522
445
349
263
184
126
41
-53
-132
-224
-299
-325
-365
-421
-457
-503
-554
-577
-631
-697
-738
-775
-766
-751
-747
-736
-706
-691
-661
-632
-596
-564
-498
-444
-388
-355
-352
-300
-253
-199
-167
-127
-56
11
37
65
78
98
135
185
215
253
286
303
319
363
425
457
466
477
486
486
474
493
509
493
479
475
497
495
470
430
383
311
245
209
191
185
178
132
91
64
57
42
6
-9
-7
-12
-6
-1
-53
-123
-170
-195
-230
-277
-326
-364
-413
-438
-448
-453
-481
-480
-479
-469
-472
-488
-494
-484
-445
-424
-368
-321
-267
-209
-145
-119
-109
-108
-70
-22
25
69
99
138
163
185
214
247
241
238
247
280
320
364
395
447
454
450
426
404
393
352
322
305
292
268
263
235
203
168
146
131
113
75
47
31
11
-2
-3
-6
-13
-38
-76
-97
-131
-166
-210
-236
-255
-267
-267
-264
-268
-282
-305
-310
-289
-289
-300
-313
-294
-279
-260
-227
-191
-178
-169
-131
-116
-122
-114
-85
-41
8
68
121
127
141
174
190
184
197
211
197
198
232
252
242
216
205
161
111
83
51
28
18
34
24
4
-18
-2
2
19
29
29
33
40
52
65
81
90
95
73
97
118
95
78
57
13
-14
-45
-72
-103
-118
-106
-107
-122
-159
-171
-166
-168
-163
-155
-134
-102
-78
-69
-82
-101
-126
-110
-106
-97
-84
-77
-77
-78
-60
-62
-52
-19
7
-1
-8
7
34
51
45
58
93
105
104
100
77
65
69
75
64
31
30
40
51
76
68
42
46
65
77
64
64
89
96
75
77
85
71
77
86
56
33
30
6
-10
-11
-3
-5
-17
-16
-18
-37
-28
-5
-1
-6
3
-17
-48
-56
-62
-47
-42
-36
-30
-37
-49
-38
-52
-64
-44
-10
5
30
64
87
100
92
88
81
58
41
37
21
10
-4
-19
-29
-37
-44
-54
-74
-76
-78
-85
-90
-78
-70
-63
-58
-61
-55
-53
-41
-28
-33
-35
0
3
3
20
34
39
57
57
29
-5
-23
-25
-14
-1
10
-1
-39
-37
-14
-21
-63
-77
-74
-70
-68
-56
-51
-67
-81
-59
-39
-31
-9
17
40
54
71
109
139
131
142
137
149
145
133
126
107
81
66
81
76
70
63
63
59
64
50
24
0
-24
-36
-52
-78
-104
-110
-91
-78
-92
-106
-107
-100
-84
-66
-76
-86
-68
-62
-72
-50
-19
12
36
35
29
22
9
-1
-8
-16
-8
3
10
18
24
19
-5
-17
-28
-44
-44
-35
-20
-21
0
31
45
53
47
45
38
52
70
78
79
88
96
108
107
78
68
71
67
51
47
49
55
41
41
60
68
56
39
7
-21
-31
-46
-48
-57
-67
-69
-54
-43
-53
-58
-48
-38
-53
-61
-80
-77
-62
-51
-50
-51
-50
-51
-35
-34
-33
-39
-39
-44
-52
-73
-71
-60
-54
-62
-80
-68
-59
-52
-42
-32
-36
-22
-2
10
17
25
53
70
66
68
71
59
61
56
44
36
24
25
47
72
81
77
63
55
47
42
36
30
20
8
1
-7
-14
-10
-13
-32
-31
-12
-1
10
32
34
25
14
0
-1
-9
-29
-31
-37
-39
-45
-65
-62
-44
-25
-7
1
-5
-12
-20
-27
-32
-38
-35
-14
14
23
23
19
13
10
-10
-10
0
1
15
19
17
20
27
33
41
38
41
46
41
35
31
22
11
17
23
21
27
42
34
26
39
26
15
22
19
13
15
19
27
48
56
53
44
28
14
-1
-20
-30
-32
-30
-35
-35
-34
-40
-59
-80
-89
-87
-75
-63
-51
-46
-42
-23
-2
-7
0
6
-5
-1
-2
-14
-35
-51
-55
-52
-50
-47
-48
-61
-59
-34
-22
-19
-25
-6
18
16
18
15
3
-1
7
11
5
4
20
39
44
46
27
-9
-14
0
3
2
23
54
66
62
56
59
86
90
75
56
43
48
45
39
37
41
36
22
-3
-35
-67
-75
-74
-75
-72
-76
-79
-76
-56
-43
-33
-24
-16
-5
5
5
4
13
16
18
-1
-15
-18
-21
-15
-15
-10
-1
11
17
9
24
40
37
20
5
0
-15
-6
15
19
8
13
13
4
8
28
56
50
32
35
40
32
33
37
33
25
28
12
7
21
17
7
-7
0
21
19
14
20
30
39
48
47
19
6
-1
-18
-22
-33
-40
-47
-58
-59
-70
-82
-68
-43
-33
-33
-32
-30
-30
-35
-49
-53
-42
-25
-14
-17
-18
-3
-6
0
7
1
7
19
15
-4
-11
-19
-6
3
-2
-6
-9
0
14
6
4
8
1
-3
-17
-25
-36
-32
-34
-30
-24
-16
9
32
56
56
66
84
80
95
103
106
108
99
87
68
44
13
1
-23
-49
-61
-69
-63
-59
-58
-50
-48
-43
-45
-60
-42
-23
-11
-3
3
8
24
33
35
35
13
-7
-1
-10
-4
-4
-11
-15
-32
-47
-59
-58
-59
-58
-46
-25
-20
-27
-25
-17
-13
-3
-4
5
9
23
39
36
24
9
6
5
2
12
22
21
15
23
43
55
54
50
71
77
61
52
41
33
14
-3
-15
-21
-2
6
19
23
25
20
14
15
-2
-2
-2
-6
-19
-29
-30
-19
-16
-26
-15
-16
-24
-19
-9
-15
-18
-10
-24
-22
-28
-31
-29
-33
-24
2
23
34
40
31
32
37
57
78
65
44
21
-2
-16
-46
-68
-60
-62
-53
-44
-42
-33
-18
1
3
-1
-18
-16
-14
-3
15
15
15
3
-10
-8
0
-4
-4
-5
-13
-16
-26
-27
-20
-26
-30
-36
-23
-13
-13
-5
8
14
28
43
46
61
60
37
30
26
25
30
9
-7
-28
-49
-45
-41
-34
-18
-2
27
38
41
46
54
46
38
31
3
-8
-21
-33
-40
-54
-53
-43
-31
-28
-16
-12
-28
-44
-56
-59
-66
-54
-53
-50
-35
-22
-3
9
13
19
30
27
34
31
24
24
26
23
15
14
15
13
4
10
22
46
78
89
85
74
64
59
48
40
38
39
33
42
47
44
35
30
28
21
7
-9
-13
-13
-4
-10
-27
-25
-14
-17
-17
-28
-33
-28
-28
-25
-41
-47
-40
-41
-49
-50
-43
-42
-30
-5
20
23
14
11
10
2
4
10
1
-7
-10
7
15
11
6
3
-2
-17
-15
-16
-4
16
24
33
28
10
-8
-17
-11
1
-8
-21
-30
-32
-29
-17
-19
-18
-15
-19
-20
-13
-12
-16
-31
-39
-40
-34
-28
-29
-19
-19
-8
0
16
20
11
-6
-33
-55
-67
-80
-91
-88
-77
-60
-47
-24
-18
-12
7
22
27
22
25
44
48
58
70
73
79
79
78
77
73
71
57
46
35
29
37
28
31
43
42
42
51
47
22
-5
-8
-3
-4
-1
-9
4
15
7
14
41
65
82
75
53
18
-17
-32
-38
-43
-42
-21
-13
-6
4
-8
-11
-18
-26
-24
-26
-21
-10
-5
1
-5
-25
-46
-49
-30
-15
-5
3
8
0
-28
-37
-37
-21
-1
10
