-18
10
-13
-66
-92
-94
-105
-120
-112
-113
-117
-100
-80
-78
-76
-62
-49
-42
-21
-12
-15
10
54
50
11
5
29
34
12
-2
-7
-23
-39
-34
-24
-19
-23
-15
-1
2
-8
-23
-24
5
-9
-32
-4
21
13
11
34
38
37
39
54
73
64
62
71
68
56
57
74
84
72
47
32
22
3
1
-5
-9
-8
-13
-14
-20
-38
-61
-55
-50
-59
-62
-68
-66
-67
-77
-78
-70
-65
-70
-68
-68
-68
-54
-40
-10
18
25
31
29
42
78
96
94
92
103
112
100
79
64
49
31
29
38
35
24
17
11
-3
-16
-41
-51
-41
-54
-85
-104
-108
-112
-116
-105
-80
-60
-40
-2
38
43
55
81
89
91
95
112
115
114
108
110
122
119
120
117
100
76
51
21
-8
-38
-62
-76
-82
-95
-122
-133
-151
-173
-186
-200
-187
-171
-155
-143
-133
-106
-92
-68
-33
-14
4
24
43
62
51
48
81
115
149
162
168
176
180
169
151
138
124
123
120
102
60
24
20
24
-6
-22
-16
-8
-18
-43
-54
-68
-88
-97
-99
-122
-148
-150
-144
-152
-155
-150
-136
-124
-126
-121
-118
-104
-74
-58
-46
-30
-17
-4
5
10
18
33
52
62
72
82
104
129
135
135
123
131
146
134
115
107
101
96
93
82
65
57
56
57
50
16
-7
-17
-22
-17
-25
-51
-56
-37
-25
-53
-62
-45
-42
-49
-64
-67
-65
-54
-40
-41
-48
-53
-49
-47
-58
-77
-76
-66
-54
-51
-51
-43
-31
-25
-8
18
23
22
32
54
61
69
91
112
123
123
125
134
137
124
107
90
79
81
76
72
61
52
37
9
-20
-52
-64
-70
-85
-111
-134
-142
-135
-132
-138
-140
-131
-111
-110
-138
-151
-141
-122
-84
-48
-21
-9
14
40
43
35
43
69
74
90
105
103
95
114
129
109
111
133
120
100
95
89
64
44
42
36
15
-7
-6
-5
-19
-43
-62
-69
-71
-83
-112
-121
-120
-112
-104
-88
-75
-75
-74
-76
-81
-87
-76
-52
-22
-5
1
7
19
53
68
69
75
86
88
83
89
77
60
59
67
53
26
18
12
3
-3
-9
-25
-36
-32
-45
-63
-71
-62
-55
-57
-54
-50
-55
-51
-35
-40
-44
-20
-4
-11
-9
7
12
28
46
60
64
65
88
81
60
52
54
61
77
88
74
57
71
90
69
53
56
65
65
57
49
27
3
-7
-6
-20
-43
-39
-24
-16
-44
-85
-91
-80
-67
-77
-79
-64
-72
-83
-76
-60
-65
-55
-18
2
3
2
8
18
29
15
9
28
56
68
74
92
94
76
52
30
5
-17
-6
19
11
-3
-13
-25
-45
-64
-89
-112
-105
-91
-93
-99
-94
-74
-72
-85
-65
-66
-94
-67
-31
-36
-45
-39
-26
-15
-4
35
68
89
110
112
90
63
65
61
52
55
54
44
42
54
42
27
44
55
36
13
8
-10
-15
16
33
22
18
10
-39
-80
-82
-67
-62
-47
-12
-3
-12
13
36
18
-23
-33
-19
-25
-30
-32
-36
-12
-17
-46
-55
-27
7
5
10
36
30
0
25
72
69
51
71
88
75
53
40
56
70
50
36
47
44
31
34
31
17
-25
-47
-30
-13
-9
8
58
72
64
89
99
87
84
65
29
34
50
32
34
63
51
25
43
71
45
-4
21
58
1
-46
-29
-51
-82
-65
-60
-113
-163
-170
-184
-193
-169
-112
-100
-108
-95
-116
-153
-134
-100
-128
-154
-136
-110
-76
-44
-33
-45
-69
-45
-19
-32
-23
-2
-31
-45
-1
5
-7
39
92
80
49
46
63
72
92
116
110
90
87
90
98
95
48
18
60
107
72
44
66
58
28
29
45
18
-9
18
52
34
-16
-10
10
-3
-30
-40
-55
-59
-8
10
20
29
1
-25
-6
23
-1
-15
1
-13
-42
-53
-35
-37
-28
16
67
52
-7
-8
-24
-41
-34
-37
-71
-93
-73
-50
-12
45
72
37
28
53
37
-6
-2
47
46
28
42
43
23
1
17
33
14
1
20
40
53
72
53
45
103
125
103
127
130
100
68
48
43
6
-16
-2
0
2
-16
-35
-52
-81
-90
-66
-53
-67
-70
-61
-57
-57
-56
-32
23
27
-33
-57
-51
-45
-12
6
-21
-34
-31
-42
-47
-52
-64
-72
-66
-69
-120
-165
-147
-104
-91
-85
-88
-86
-64
-44
-58
-96
-85
-1
56
46
22
-15
-50
-38
15
13
-11
23
62
32
-11
-12
15
52
66
71
64
56
68
86
79
76
71
72
79
80
60
52
103
129
79
27
68
91
92
95
86
53
52
81
32
-40
-96
-61
-20
-35
-50
-66
-42
-24
-32
-47
-63
-18
23
3
-33
-58
-54
-41
-29
-33
-23
2
45
56
27
0
-28
-14
36
77
57
26
28
28
19
6
33
67
94
96
85
86
49
-9
-24
-17
-40
-79
-97
-78
-75
-98
-75
-29
-59
-103
-88
-51
-59
-85
-66
-9
32
13
-3
2
35
55
63
82
69
38
17
19
1
-26
6
86
111
48
29
65
73
39
31
25
19
27
29
6
-35
-28
1
16
10
-21
-44
-73
-71
-70
-75
-54
-20
-16
-62
-80
-71
-59
-48
-15
11
5
-14
-22
-35
-45
-16
-1
2
13
2
-38
-50
-28
-17
-24
-18
2
-4
-49
-92
-111
-98
-82
-85
-69
-52
-50
-33
-22
-39
-66
-98
-45
-4
-15
29
91
102
66
52
40
36
47
51
95
138
128
93
79
84
81
86
108
110
83
64
62
64
30
8
65
112
109
84
52
32
26
29
-8
-29
-1
-6
-36
-54
-38
-50
-62
-19
-2
-52
-72
-41
-54
-73
-86
-85
-59
-25
-3
-15
-17
33
94
87
51
49
41
17
10
-9
-33
-15
64
129
95
11
-14
21
36
7
-28
-32
18
51
17
-43
-54
-26
-4
21
-13
-96
-123
-43
21
0
-77
-91
-14
19
2
-47
-80
-70
-63
-77
-84
-110
-94
-10
67
66
-5
-30
39
96
43
-19
-37
-10
37
63
40
17
7
24
66
33
-10
-4
58
115
56
-19
-35
-10
29
16
-26
-68
-45
26
85
53
-40
-73
-50
-9
-22
-74
-103
-94
-77
-101
-150
-143
-94
-60
-43
-43
-81
-91
-44
5
-16
-84
-109
-83
-62
-76
-87
-56
-8
16
3
-34
-35
10
82
84
21
2
30
93
141
132
47
7
54
90
78
57
81
134
188
218
189
177
193
199
213
200
131
94
132
166
161
124
91
131
170
148
89
15
-3
-15
-30
-37
-50
-45
-27
9
5
-52
-111
-126
-120
-144
-199
-235
-231
-194
-175
-178
-174
-163
-101
-6
30
-13
-72
-105
-72
-62
-92
-73
-13
55
58
17
-2
-1
25
54
66
31
-14
-37
-19
41
35
10
25
66
85
22
-69
-125
-129
-99
-88
-107
-101
-50
6
25
-25
-89
-78
-31
6
5
-16
-21
-14
-16
-38
-51
-8
67
143
200
210
155
96
97
86
40
0
9
44
46
30
5
-8
-14
13
56
73
56
28
3
-37
-90
-136
-137
-109
-72
-57
-44
-42
-57
-59
-57
-59
-73
-67
-54
-41
-29
-30
-44
-9
49
88
94
60
63
79
79
69
39
18
-5
-13
17
40
56
76
92
84
62
60
49
45
41
22
17
21
-2
-49
-32
11
38
28
23
31
39
35
13
-4
-23
-23
-5
26
31
23
60
108
86
-3
-40
-8
4
-15
-19
-9
-9
-14
-12
-16
-50
-72
-78
-53
-25
-6
14
23
36
10
-41
-56
-48
-39
-18
48
130
123
49
-20
-67
-87
-74
-63
-97
-105
-62
8
39
14
-36
-74
-77
-59
-64
-79
-93
-81
-84
-146
-158
-113
-46
17
83
119
76
36
47
50
-5
-30
31
100
106
76
60
65
75
72
49
15
7
35
41
22
-12
-58
-66
-45
11
47
38
47
68
51
-13
-77
-111
-103
-62
-28
-8
-22
-53
-80
-70
-39
-24
-20
-8
16
20
-11
-51
-42
-28
15
67
88
86
78
90
94
77
18
-10
17
66
80
48
23
15
39
53
19
-19
-22
-45
-54
-31
-52
-92
-88
-63
-45
-49
-73
-86
-102
-92
-65
-56
-62
-76
-74
-58
-30
-16
-6
15
61
79
31
8
26
73
115
123
123
109
111
144
167
115
67
128
190
181
150
131
129
116
101
88
63
58
93
120
87
34
14
40
59
11
-52
-88
-83
-56
-71
-131
-192
-199
-178
-161
-147
-117
-76
-45
-11
-31
-104
-160
-146
-108
-100
-105
-94
-61
-39
-47
-54
-42
-18
15
41
33
11
-9
-27
-57
-100
-142
-137
-95
-78
-79
-83
-80
-91
-99
-121
-156
-142
-69
-11
-6
17
67
114
123
138
135
108
135
164
162
145
141
152
142
95
60
87
129
148
114
66
38
28
36
28
5
-8
16
36
41
36
11
-5
-8
-20
-19
9
13
32
52
39
39
22
0
-32
-91
-137
-152
-116
-57
-32
-60
-79
-73
-96
-150
-192
-188
-156
-126
-105
-80
-46
-32
-26
-14
-23
-25
5
69
119
108
77
49
50
56
69
104
139
157
145
130
102
75
56
44
22
-10
-27
-9
37
67
69
70
93
104
99
94
72
44
45
89
128
141
126
94
62
31
36
45
40
33
25
26
-3
-28
-10
-8
-48
-52
-46
-105
-169
-194
-181
-163
-148
-123
-122
-127
-140
-153
-146
-150
-144
-124
-68
-15
-31
-97
-122
-107
-105
-100
-102
-123
-146
-131
-76
-22
1
24
62
62
46
56
32
-12
-32
-50
-50
-13
39
74
83
84
83
74
67
39
2
-26
-31
24
78
105
138
161
150
104
91
106
120
131
119
98
56
40
70
83
51
42
37
7
4
19
-11
-29
-2
-15
-72
-102
-100
-112
-143
-170
-150
-123
-104
-54
-1
-13
-47
-15
21
-24
-86
-106
-90
-35
40
107
162
188
143
108
129
159
137
68
34
19
-8
7
49
52
-8
-44
-64
-65
-73
-84
-60
-86
-111
-74
14
43
17
-9
-65
-124
-106
-6
90
112
137
209
226
162
120
102
24
-45
3
110
135
114
120
123
56
-32
-34
6
-23
-65
-33
-17
-78
-126
-70
0
-33
-113
-92
-40
-81
-57
116
201
62
-66
-99
-136
-177
-140
-17
1
-93
-88
60
116
10
-17
-22
-119
-198
-133
14
77
31
-45
-60
-48
-20
44
92
29
-120
-140
-19
53
-11
-104
-139
-175
-249
-259
-138
-90
-112
-34
97
49
-96
-89
-51
-98
-131
-63
0
-38
-49
100
256
277
235
215
131
-67
-119
-25
8
-6
59
172
193
104
18
-18
-86
-186
-175
-86
-64
-71
-17
101
171
128
120
170
124
-10
-71
5
63
51
118
241
222
76
22
105
73
-74
-35
163
217
202
243
204
10
-176
-180
-74
34
120
268
340
204
92
71
-24
-138
-114
33
143
133
79
29
-38
-135
-28
173
165
97
110
156
125
36
41
121
92
11
37
36
-96
-208
-127
8
42
32
53
-93
-384
-621
-634
-452
-372
-300
-224
-201
-240
-239
-172
-205
-334
-487
-461
-312
-280
-248
-84
36
133
219
409
556
172
-221
-255
-80
191
316
345
131
-478
-794
-674
-509
-278
-66
211
659
866
880
743
56
-718
-973
-899
-731
-464
-297
-147
67
258
532
583
241
-44
4
158
339
424
336
296
276
426
609
556
478
505
691
727
479
215
7
-111
-196
-72
120
83
-148
-191
-38
-261
-489
-299
-73
-113
-210
-147
-172
-435
-604
-550
-461
-470
-511
-480
-410
-298
-231
-113
27
-10
-63
90
125
-10
-140
-169
-9
39
159
374
383
279
300
289
-30
-390
-301
237
706
1023
1452
2048
2383
2184
1693
696
-577
-1395
-1555
-1062
-389
246
947
1339
1415
1395
1153
256
-1038
-1843
-1782
-1122
-615
-301
-167
-437
-634
-576
-540
-513
-581
-616
-456
-631
-1079
-1314
-1346
-1219
-1206
-1135
-700
-644
-894
-815
-885
-1421
-1107
3321
9390
9827
6336
3111
-2068
-7445
-8848
-6537
-2300
930
3066
5736
6985
5891
3582
-705
-5708
-7432
-5267
-1504
1693
2786
2824
2825
1850
621
-687
-2666
-3308
-1739
660
2812
2713
85
-2573
-4127
-4404
-3622
-2129
-195
1783
4012
5381
4540
1697
-2038
-4849
-5786
-5325
-4003
-2203
-543
658
1910
2903
2525
1415
783
582
62
-497
560
3032
4238
3270
1590
-568
-3147
-4437
-3027
194
3057
4674
5213
4723
3114
558
-2713
-6111
-7959
-7039
-3929
-305
2194
3476
4022
3581
2471
1005
-659
-2044
-2543
-1741
-230
435
-479
-1781
-2440
-2379
-1589
-275
1178
2632
3852
4543
4152
2308
-219
-2527
-3697
-3443
-2772
-1958
-747
126
844
2015
2317
1188
221
3053
9479
11492
7655
3592
-1715
-8077
-10566
-8435
-3849
3
2362
5401
7304
6513
4797
880
-5414
-9079
-8129
-4826
-1350
289
855
1456
711
-237
-734
-2247
-3035
-1655
849
2937
2859
588
-1902
-3369
-4028
-3971
-3282
-1958
637
3790
5798
5889
3873
493
-2597
-4522
-5357
-5220
-4073
-1997
536
3037
4556
4056
2208
329
-1042
-1817
-682
3616
7624
7775
5175
1158
-3717
-7751
-8178
-4203
1128
5085
7546
8473
7335
4468
-38
-5962
-10883
-11889
-8407
-2549
2450
4948
5652
5212
3807
1977
-577
-3315
-4367
-3535
-1588
47
-273
-2167
-4094
-4655
-3574
-1796
101
2108
4152
5392
5066
3088
-371
-3739
-5784
-6222
-5162
-3821
-2019
566
2534
3953
4529
3239
513
-665
3323
8177
7802
4730
1048
-4091
-8172
-8723
-5599
-1286
1757
4922
8348
9416
8177
5061
-751
-6745
-9426
-8371
-5017
-1452
1343
3759
4945
4785
4298
2781
451
-804
-647
268
740
-433
-2170
-3495
-4164
-3964
-3300
-1675
586
2783
4752
5002
3023
-191
-3340
-5166
-5948
-5929
-4808
-2927
-574
2151
4358
5035
4060
1935
-432
-1939
328
5517
7197
5458
3069
-1285
-5907
-8227
-6941
-2427
1912
5342
8526
9384
7720
4762
-866
-8026
-12614
-13145
-9575
-3843
625
4097
6385
6618
6226
4465
1177
-1529
-3061
-3384
-2704
-2377
-3057
-3956
-4128
-3119
-898
1367
3183
4813
5419
4433
2276
-497
-3659
-6497
-7720
-7080
-5388
-2944
28
2475
4014
4983
4906
3170
778
1782
6283
8157
6117
3286
-607
-5492
-8783
-8159
-3976
494
4345
8103
10082
9454
6732
1597
-5120
-10424
-12219
-10429
-6728
-3335
15
3445
5419
6044
5536
3750
1524
-306
-1260
-1633
-2947
-5501
-7134
-6884
-5140
-2270
787
3659
5746
6310
5623
3555
320
-2954
-5424
-6469
-6098
-5134
-3676
-1258
949
2500
4218
4781
3549
1687
1657
5730
8921
6961
3745
328
-4328
-7796
-8242
-5011
-47
3999
8179
11481
11254
8870
4765
-1974
-8550
-12163
-12185
-9223
-5652
-1757
2652
5432
6859
7675
6507
3866
1178
-1011
-2564
-4462
-6498
-7382
-7093
-5365
-1930
1929
4807
6194
6446
5744
3649
515
-2855
-5763
-7636
-8007
-7078
-5381
-2898
-297
1791
3894
5266
4476
2904
3831
7539
9203
6079
1578
-2619
-7848
-11609
-10796
-6184
-172
5345
10240
13321
12590
9288
4039
-3261
-9583
-12215
-11152
-8420
-5410
-1828
1709
3971
5388
6466
6194
4782
3235
1167
-1652
-4903
-7964
-9734
-9763
-7773
-3992
558
4637
7253
8168
7070
4144
513
-3133
-6232
-8001
-8083
-6740
-4459
-1463
1349
3396
5253
6281
5577
3640
3335
7088
9580
6588
2287
-2082
-7404
-10926
-10476
-5766
470
5648
10160
12351
11099
8462
4223
-2880
-9879
-13243
-13256
-10923
-7422
-3784
-47
2691
4995
7662
8350
7210
5665
2773
-910
-4468
-7877
-9802
-9231
-6572
-2692
1303
4722
7447
8846
8028
5636
2521
-1227
-4613
-6724
-7727
-7771
-6597
-4094
-1045
1831
4367
5767
5384
5448
8792
11898
9898
5280
535
-5458
-11382
-14079
-11500
-5103
1451
7730
12755
13799
12364
9254
2897
-4499
-9570
-11647
-11135
-9020
-6383
-3148
-130
2240
5397
7689
7624
6774
4739
1698
-1639
-5961
-9658
-10738
-9106
-5781
-2271
669
3250
5443
6397
6064
4593
1519
-1955
-4598
-6444
-7383
-7250
-5946
-3894
-1154
2439
5437
5929
4561
6068
11612
13764
10386
5938
-334
-8102
-13496
-14524
-10304
-3583
2748
9115
13165
13484
12377
8241
215
-6854
-11043
-12324
-10538
-8626
-6588
-3819
-1785
1517
5440
6730
6137
4576
2753
1259
-1402
-5059
-7919
-9063
-7724
-4852
-2582
-699
1329
3152
4610
4857
3447
862
-1926
-4072
-5762
-6948
-6988
-5572
-2627
1335
4640
4904
3373
6855
15092
18117
13924
7517
-264
-8784
-14966
-15454
-10072
-3555
2843
10091
14500
15416
14447
9360
925
-6555
-10571
-10369
-8293
-6816
-4924
-2990
-1522
1114
3856
5215
5675
5237
4253
2650
-461
-4562
-7782
-8693
-7399
-4816
-2030
517
2830
4184
4221
3293
1249
-1474
-3671
-5095
-6099
-6621
-6036
-4201
-1558
1618
3952
3310
2545
7839
15556
16909
12617
6485
-1303
-9961
-16081
-15386
-9565
-3573
2708
8827
12264
13386
11991
6709
-1104
-7421
-9573
-8325
-6018
-4093
-2333
-1257
-619
1141
2966
3501
3572
3635
3430
2117
-848
-4503
-7030
-7133
-5378
-2898
-321
2226
4436
5265
4385
2203
-1069
-4107
-5500
-6208
-6953
-6764
-5321
-3112
-392
1996
2385
1715
4504
11036
15196
13707
8394
1447
-6351
-13597
-16346
-13257
-7521
-960
5850
11120
13573
13209
9626
2369
-5525
-9933
-10220
-8343
-6150
-3529
-816
773
1914
2778
2497
1801
1768
2302
1979
120
-2549
-4954
-5546
-4355
-2480
-384
1786
4621
7293
7830
6070
2827
-1079
-4518
-6675
-7850
-8200
-7122
-4350
200
4483
5705
5574
7552
11971
15007
13392
8702
1972
-6347
-13034
-15795
-13847
-8313
-1796
4552
9320
11921
12902
10403
3670
-4102
-9481
-10940
-9441
-7101
-4527
-1977
400
2894
4350
3951
2854
1996
1424
559
-1296
-3724
-5964
-6864
-5414
-2957
-861
1456
4204
6530
7492
6673
4459
1029
-3004
-6254
-8533
-9928
-9347
-6305
-1581
3183
6008
7389
9864
13953
15822
12392
6760
622
-6917
-13002
-15410
-13403
-7815
-1964
3848
8851
11311
12097
9868
3987
-2786
-8054
-9886
-8870
-7208
-5307
-3210
-816
2132
4490
4938
4104
3181
2213
754
-1962
-5566
-8293
-8998
-7250
-3973
-589
2650
5443
7248
7550
6109
3393
-390
-4311
-7211
-9241
-10127
-9451
-6881
-2444
1920
4507
6176
9498
14627
17130
14128
8184
1672
-5689
-12418
-15406
-13437
-7949
-1737
4131
9325
12328
12936
10794
5318
-1426
-6781
-9174
-8777
-7486
-6210
-4511
-2173
725
3336
4458
4402
4248
4161
3473
866
-3604
-7782
-9936
-9393
-6821
-3497
367
4484
7735
9267
8654
6027
2022
-2626
-6586
-9196
-10481
-9489
-6408
-2527
1077
3281
5524
9823
15286
18075
14867
8563
2156
-5401
-12170
-14959
-13042
-7576
-1658
3591
8305
10907
11515
10066
5358
-454
-4716
-6854
-7122
-6746
-6129
-4772
-2591
467
3209
4001
3673
3645
3800
3165
589
-3326
-6714
-8415
-7778
-5593
-3257
-539
2711
5632
7305
6909
4936
2206
-1596
-5591
-8568
-10340
-9849
-7028
-3415
-365
1740
4783
10057
15545
17283
13567
7234
210
-7311
-13143
-15254
-12750
-7119
-1297
4198
8791
11172
11436
9098
3979
-1568
-5380
-7039
-7103
-6911
-6720
-5527
-3236
-266
2324
3467
4032
4697
4635
3116
21
-3676
-6565
-7537
-6333
-4345
-2250
470
3225
5225
5974
5294
3854
1618
-1550
-4669
-7438
-9155
-8359
-5603
-2319
208
2305
6423
12491
17603
18407
13959
7305
-158
-7981
-13332
-14859
-12182
-6432
-689
4537
8817
10883
10975
8145
2681
-2469
-6069
-7422
-6838
-6430
-5989
-4495
-2349
273
2280
3001
3590
3992
3625
2151
-1159
-5154
-7609
-7778
-6144
-3841
-1381
1313
3736
5176
5424
4714
3120
788
-1884
-4597
-6964
-7851
-6822
-4841
-2323
-42
2049
5869
11611
17143
18256
13960
8130
1204
-7053
-13057
-14486
-11693
-6840
-1523
4402
9268
11635
11984
9221
3334
-2388
-5826
-6855
-6623
-6215
-4965
-3040
-1207
652
1758
1691
1825
2531
2663
1008
-2477
-5936
-7968
-8135
-6350
-3823
-1158
2159
5368
7006
6425
4474
2473
5
-2930
-5307
-7159
-7666
-6396
-4144
-1663
-227
1801
6438
11835
16139
16813
13093
7560
340
-7187
-12213
-14164
-12143
-7513
-2873
1972
6454
9211
9658
6995
2222
-2355
-5649
-7162
-7255
-7039
-6160
-4012
-1313
991
1786
1541
1978
2968
3558
2515
-558
-3795
-5780
-5895
-4439
-2812
-863
1779
4378
5991
5842
4575
3189
1240
-1481
-4091
-6266
-7403
-6816
-4990
-2511
-602
947
4519
9944
15075
16932
14249
9209
2362
-5298
-10637
-12321
-9980
-5216
-644
3457
6934
9284
9746
7112
2156
-2628
-5690
-6985
-7058
-6662
-6124
-4755
-2387
102
1427
1350
1599
2702
3183
1815
-1356
-4855
-7154
-7445
-6115
-4404
-2356
474
3582
5529
5500
4398
3028
1340
-968
-3596
-5824
-6795
-6049
-4308
-2071
-2
1728
5022
10437
15957
17979
15158
10053
3302
-4631
-10497
-12666
-10794
-6061
-1101
3512
7212
9643
10467
8022
3003
-2014
-5092
-5935
-5959
-5892
-5692
-4424
-2026
87
1350
1192
856
1924
2928
1961
-1320
-5201
-7338
-7310
-6164
-4558
-2428
-51
2278
3979
3842
2362
799
-497
-1784
-3562
-5469
-6420
-5807
-4082
-1795
490
1770
3465
7885
13170
15953
14541
9544
3073
-4233
-10940
-13920
-12302
-7613
-2108
2572
6135
9064
10682
9098
4312
-1578
-5553
-6521
-6380
-6078
-5640
-4654
-2167
772
2789
3491
3215
3343
3651
2357
-927
-4659
-6773
-6510
-4575
-2136
43
2235
4308
5551
5159
3185
1218
-315
-1959
-3810
-5675
-6936
-6866
-5059
-2448
93
2163
3645
6956
12089
15883
16304
12406
5841
-1649
-9100
-13940
-14481
-10832
-4693
1401
6209
9792
12146
11605
7178
559
-5159
-7645
-7586
-7011
-6603
-5914
-4087
-1358
1028
2336
2703
3022
3431
2829
435
-3438
-6752
-7599
-6311
-3928
-1593
566
3177
5119
5280
3984
2047
291
-1382
-3395
-5485
-7073
-7527
-6159
-3493
-573
2100
3822
5427
8544
12726
15573
14331
9383
2980
-4191
-10984
-14868
-13889
-8837
-2495
3276
7925
11217
12531
10685
5432
-1340
-6331
-7952
-7422
-6434
-5529
-3983
-1485
1056
2670
3075
2951
2992
2955
1874
-870
-4308
-6597
-6837
-5452
-3471
-1458
958
3755
5617
5686
4170
1974
-153
-2348
-4680
-7132
-8660
-8097
-5687
-2372
752
3364
4828
5886
9025
13128
15098
13272
8237
1835
-5739
-12756
-16107
-14530
-8884
-2123
3936
8647
11589
12335
9148
2452
-4626
-9151
-9934
-8577
-6834
-5036
-2680
403
3196
4418
4218
3661
3201
2541
1115
-1362
-4187
-5856
-5590
-4302
-3036
-1353
1221
4087
5959
6118
4784
2741
514
-2106
-5289
-8502
-10010
-9012
-6076
-2319
1241
4377
5934
6844
9661
13486
14887
11817
6639
950
-6469
-13031
-15192
-12352
-6445
-403
5249
9894
12479
12734
9279
2269
-4935
-8897
-9219
-8056
-6748
-4852
-1909
1166
3233
4185
3958
3099
2593
1923
249
-2478
-5347
-6508
-5894
-5027
-3960
-2073
766
4101
6367
6698
5628
3646
1085
-2064
-5858
-9440
-10605
-8825
-5482
-1476
2449
6094
7591
7198
8795
11720
12857
10817
6216
669
-6054
-12041
-13893
-11656
-6947
-978
4905
9138
11836
12443
8969
2189
-4870
-9149
-10023
-9261
-7320
-4185
-622
2598
4540
4885
4198
3283
2429
1197
-650
-2933
-5177
-6679
-6802
-5913
-4782
-3013
-31
3649
6329
6862
5617
3280
-195
-3992
-7148
-9782
-10924
-9272
-5391
-1011
2971
6592
7937
6649
6396
9256
12543
11498
6893
1954
-4143
-10034
-12561
-11116
-6388
-749
4916
9886
12052
11822
8846
2389
-4972
-9943
-11208
-9982
-7496
-3913
-343
2298
3672
3980
3561
2517
1603
644
-661
-2128
-4108
-5929
-6360
-5731
-4567
-2894
72
4006
7024
8007
6757
4085
508
-3234
-6153
-8666
-9942
-8613
-5098
-551
3574
7103
8748
7477
6688
9264
12503
11499
6694
1898
-2986
-8443
-12022
-11506
-7035
-1411
4006
8496
10511
10773
8984
3507
-3744
-8934
-10195
-8592
-5988
-2855
232
2414
3866
4640
4044
2762
1826
1051
-123
-1924
-4159
-6104
-6677
-5621
-3844
-2345
-160
3161
5996
6734
4879
1754
-1444
-4495
-7090
-9219
-10582
-9835
-6898
-2956
1444
5037
6801
6509
4796
4969
8060
9776
7419
3707
402
-4069
-8763
-10488
-7924
-2819
2132
6532
9677
10528
10029
6970
315
-6364
-9520
-9101
-7010
-4564
-1817
882
2905
4292
4688
3576
2056
1100
-140
-1896
-3752
-5327
-5805
-4905
-3177
-1135
1063
3575
6071
6850
5258
2520
-169
-2684
-5127
-7054
-8199
-8224
-6338
-3036
369
3349
5607
6109
4279
3075
5023
7967
7887
4479
1316
-2136
-7410
-10887
-10323
-6221
-874
3633
7563
9738
9689
8187
3809
-3306
-8670
-9254
-7138
-4974
-3113
-805
1638
3119
4187
4175
2707
1486
908
211
-1452
-3658
-4925
-4619
-2964
-766
1384
3511
5466
6608
5656
2926
43
-2207
-4027
-5689
-6700
-6740
-5555
-2857
262
2853
5102
6624
6162
3394
2024
4712
7684
6944
3838
1323
-2303
-7537
-9983
-8469
-4574
45
4374
8060
9400
8886
7144
1826
-5293
-9149
-9101
-7348
-5764
-4035
-1221
1092
2617
3815
3121
1070
102
61
-1013
-3406
-5507
-5920
-4751
-2983
-994
973
2757
4662
5315
3368
258
-2321
-4161
-5672
-6678
-6763
-5857
-3840
-1023
1669
3707
5242
6135
5192
2463
1342
4135
8158
8729
6108
3519
-5
-4923
-8125
-7833
-4100
1031
5686
9701
11251
10473
8302
2675
-4353
-8793
-10105
-8643
-6312
-4029
-1129
1558
3451
4465
3637
1655
460
-237
-1613
-3490
-5234
-5604
-4220
-2667
-1344
-313
678
2272
2850
1239
-967
-2584
-3711
-4566
-5374
-5573
-4886
-3425
-1237
880
1999
2664
3707
3731
1940
1081
3643
7920
9249
6421
3245
-93
-5209
-9037
-8794
-4422
1527
6430
10040
11250
10326
7999
3132
-3507
-8794
-9963
-8220
-6373
-4335
-1736
905
3098
4325
4377
3038
1833
1954
1574
-414
-2805
-3814
-3097
-2072
-1576
-1275
-436
1360
2908
2892
1434
-42
-871
-2021
-3440
-4223
-3952
-3179
-2099
-475
563
1110
2287
3376
2632
764
1376
5360
8241
6547
2878
-337
-4482
-8229
-8822
-6027
-575
4424
7708
9743
9574
7843
4265
-1637
-7370
-10210
-10169
-8881
-6752
-3934
-942
1888
3783
4689
4157
2619
2226
1731
-330
-2641
-4147
-4265
-3488
-3239
-3283
-2512
-732
1508
3180
3360
2609
1453
-354
-2110
-3463
-4356
-4214
-2989
-1348
-56
597
1664
3206
3576
2228
1247
3789
8211
8904
5712
2212
-1127
-4621
-7173
-6770
-2898
1728
5393
7992
8900
8370
6161
1471
-3946
-7948
-10160
-9780
-7553
-4925
-2187
231
2995
5251
5523
4666
3808
3371
2370
74
-2826
-5061
-5581
-5492
-5306
-4250
-2085
840
3193
4332
4324
3116
982
-1254
-3247
-4871
-5530
-5216
-3962
-2469
-1514
-183
1556
2882
3126
1584
874
3708
7517
8092
5548
3083
684
-3152
-6294
-6229
-2874
1410
4901
7917
9144
8138
5759
1440
-4343
-8609
-10262
-9770
-7668
-5134
-1773
1811
4480
6801
7638
6090
4338
3091
1166
-1715
-4753
-6544
-6806
-6366
-4839
-2407
-42
2365
4517
5241
4230
2281
66
-2020
-3813
-5169
-5952
-5832
-4898
-3164
-1511
150
2836
5121
5316
3185
1738
3911
7100
7366
5328
3346
1123
-2585
-5714
-5763
-3169
211
3262
5831
6810
6681
5596
1953
-3335
-8037
-10373
-9745
-7906
-5486
-2230
1176
4498
6755
6966
5224
2582
404
-1451
-3751
-5850
-6581
-5702
-4280
-2610
-753
902
2442
3613
4402
4072
2294
269
-1729
-4008
-6333
-7829
-7485
-5899
-3610
-945
1946
5105
7254
6964
3927
1429
2800
6089
7429
5492
2903
1091
-2528
-6228
-6566
-4115
1
3883
6825
8964
9228
7728
3665
-3057
-8646
-11030
-10838
-8617
-5160
-1058
2763
5695
8010
8403
5697
1977
-422
-2000
-3886
-5770
-6663
-6132
-4796
-2969
-1302
-153
1654
4134
5637
4930
2613
-301
-3449
-6325
-8627
-9801
-9076
-6351
-2112
1752
4347
6618
8064
7237
3578
-508
-711
3425
6806
6263
4549
2653
-686
-4323
-6273
-4524
-356
3582
7160
9653
10252
8866
4907
-1644
-8348
-12123
-12332
-9665
-5591
-1234
3202
6668
8636
8657
6031
2266
-756
-2413
-3349
-4798
-6268
-6539
-5379
-3792
-2228
-386
1800
4018
4995
4092
1542
-1923
-4884
-6685
-7814
-7977
-6362
-3223
422
3137
4518
5430
5714
5019
2615
-1318
-2763
341
4671
5518
3321
2012
385
-2610
-4363
-3789
-568
3178
6206
8970
9145
7330
4437
-876
-7321
-11789
-12498
-9871
-5540
-1240
2588
5883
8070
8931
7247
2850
-838
-2313
-3242
-4985
-6908
-7234
-5677
-3464
-1433
204
1288
2459
3791
3482
656
-2675
-4426
-4764
-4875
-4951
-4033
-1904
100
1469
2162
2274
2849
4027
3926
872
-2646
-1903
3166
6750
6103
4760
3866
1705
-1233
-3167
-2089
1198
4488
7043
7734
7114
5510
1877
-3752
-9749
-12172
-10008
-6075
-1817
1784
4883
7632
8352
6851
3373
-833
-3143
-3732
-4749
-6357
-7235
-6219
-3535
-1420
-661
-199
566
1898
2500
1094
-771
-1690
-1818
-1973
-3039
-4271
-3921
-2196
-494
940
1919
3195
4710
4680
2663
-1374
-4595
-2644
2984
7170
7433
6638
6266
3427
-740
-3317
-2805
84
2694
4928
5847
5054
3679
356
-5077
-10100
-11181
-7788
-3385
599
3760
6169
7769
6927
4305
475
-3410
-4952
-5207
-5661
-6172
-5727
-3566
-1476
-565
-502
-431
693
1964
2279
1397
468
289
-650
-2574
-4330
-5211
-4426
-2850
-1005
1060
1915
2643
3819
3378
892
-3044
-4791
-1171
4876
8591
8527
7719
6643
2894
-1729
-4484
-3680
-867
1289
3396
4238
3927
3147
40
-4822
-8989
-9390
-6183
-2459
839
3202
4929
5534
4233
1891
-1644
-4639
-5365
-4993
-4680
-4633
-3732
-1666
-75
503
645
676
1191
2068
2442
1809
784
114
-713
-2066
-3403
-3890
-2785
-874
672
1779
2372
2835
3097
2736
1151
-2040
-2882
1952
8352
10367
8564
7135
4993
518
-3839
-5537
-3336
-345
1722
3878
4266
3762
3062
104
-4287
-8026
-8480
-5111
-1704
243
1750
2772
3049
2331
492
-2286
-4813
-5142
-3790
-3252
-3691
-3226
-1449
-8
287
239
427
824
1421
1804
1286
-275
-1754
-2397
-3099
-4111
-4298
-3205
-1788
-551
554
1452
2322
2978
3277
1859
-1356
-2027
1694
7052
9605
8366
7328
5708
1523
-2279
-4041
-3001
-440
1611
3681
4960
5282
4617
1460
-3423
-7344
-8127
-6153
-3131
-490
1029
2707
4132
3821
1734
-1813
-4354
-4713
-4595
-4424
-4194
-3367
-1213
448
324
-787
-1463
-877
202
667
178
-512
-1092
-1799
-2574
-4019
-5041
-4051
-2300
-712
625
1625
2687
3341
2938
927
-2574
-4342
-1379
4593
8488
9021
8581
7025
3502
-1183
-4704
-4845
-2701
-14
2553
3915
4787
5198
3325
-1173
-6013
-7394
-5153
-2155
383
2515
4595
5748
5165
3114
-583
-4097
-4853
-3456
-1983
-1121
23
1815
2556
1414
-402
-2017
-2674
-1889
-728
-407
-741
-1039
-1163
-1788
-3255
-4400
-3843
-1954
-80
1108
1574
1882
2117
1637
237
-2505
-4015
-1126
4267
9578
11496
9790
7926
4351
-860
-4934
-7103
-5594
-2564
-34
2548
3847
4214
3087
-459
-5001
-7798
-6459
-3157
-827
588
1714
2911
2751
894
-1731
-4678
-5553
-3605
-1008
472
610
929
1716
1079
-983
-2804
-3398
-2325
-394
1044
1624
1509
1158
664
-716
-2754
-3553
-2318
-907
-95
666
1051
1114
984
539
-247
-1746
-1901
1962
7640
11189
10976
8675
5946
1508
-3717
-6995
-7015
-3981
-424
2360
4372
5159
5180
3244
-1258
-5604
-7034
-5223
-2857
-1455
-147
1294
2261
1660
-297
-2792
-4907
-4644
-2369
-542
-348
-1096
-1238
-1333
-2837
-4796
-5772
-4815
-2193
366
1940
2756
3062
2545
820
-1981
-4228
-4323
-2899
-1444
-658
-236
426
1399
2254
2658
2264
1114
1683
5470
10076
11907
10021
7463
4527
-252
-4353
-6205
-4710
-866
2431
5201
5937
5484
5380
2802
-1622
-5272
-6285
-4404
-2672
-1450
-52
926
1436
1127
-39
-2064
-3696
-3137
-1541
-866
-1343
-1835
-1682
-2195
-3672
-5013
-5286
-3738
-1008
1521
2964
3381
3338
2219
-621
-3943
-5982
-6015
-4692
-3157
-1764
-357
1354
3226
4167
3988
2677
358
82
3020
6954
8763
7441
6029
4008
3
-3467
-5055
-3420
-19
2411
4310
4666
4435
4472
2311
-1471
-4966
-6369
-5130
-3580
-2192
-698
234
648
633
198
-1283
-2797
-2499
-1483
-1082
-1637
-2198
-2045
-2581
-3532
-3911
-3632
-2155
194
2350
3358
3127
2140
259
-2344
-5033
-6329
-5627
-3726
-1140
1115
2761
3893
4242
3994
2956
997
-1676
-3071
-310
5470
9424
9076
7501
6069
2627
-1692
-4586
-4484
-2126
28
2249
3711
4006
4538
3699
280
-3997
-6388
-5727
-4322
-3197
-1729
-381
711
1454
1571
340
-1776
-2353
-1150
-208
-349
-1031
-1325
-1412
-1989
-2902
-3497
-2957
-1156
885
1978
2345
2351
1538
-323
-2756
-4605
-4990
-3701
-1227
933
2202
3329
3935
3797
2966
1551
-126
-2193
-1585
3116
7793
9616
8758
7310
5065
280
-4075
-5730
-4408
-1031
1819
3883
4919
5378
5065
1826
-3343
-7608
-8814
-7273
-5368
-3585
-1924
-190
1790
2660
1805
-279
-1668
-1235
-483
-527
-1278
-2008
-2483
-3156
-3984
-4726
-4533
-2752
-55
2414
3794
4207
3764
1942
-1101
-4224
-5790
-4908
-2601
-460
849
1945
3258
3660
2771
1588
613
-668
-1779
-805
2859
6698
7953
7451
6021
3057
-656
-3708
-4194
-1921
762
2694
3471
3538
3513
2031
-1570
-5748
-7999
-7510
-5620
-3154
-754
1248
2918
3644
3095
1654
-62
-1059
-932
-679
-966
-1725
-2632
-3004
-3341
-3981
-4094
-3090
-936
1451
3138
3779
3200
1822
-169
-2760
-5002
-5352
-3318
-632
1069
1777
2221
2422
1792
756
6
-368
-648
-1189
-433
2677
6836
9339
9202
8084
5537
1547
-1819
-3392
-2489
-946
-77
1340
2190
2395
2088
-235
-3291
-5466
-5823
-4542
-3251
-1800
-60
1362
1994
1655
999
-199
-1590
-1719
-1162
-1421
-2442
-3223
-3156
-2836
-2771
-2406
-1583
-483
1198
2655
2784
1987
1019
179
-928
-1901
-1631
-698
233
907
915
366
-398
-648
-412
234
1189
1800
1330
-181
31
3008
6051
7489
7406
6178
3632
210
-2475
-3901
-3737
-2414
-779
1039
2361
3438
3332
769
-2302
-4555
-5360
-4311
-2534
-574
977
2180
3249
2903
1092
-850
-2040
-2415
-2609
-2963
-3678
-4608
-4743
-4081
-3794
-3524
-2248
-72
1920
2876
3066
2276
715
-395
-1042
-1866
-2554
-2424
-1723
-1364
-1086
-86
872
1393
2384
3524
3900
3457
2235
570
-224
1600
5581
7758
7216
6288
3942
64
-3597
-5739
-5253
-4196
-2746
221
2142
3178
3612
1925
-918
-3823
-4774
-3523
-2483
-1347
402
1856
2514
1983
706
-887
-2159
-2091
-1537
-1826
-2461
-2500
-2003
-1730
-1662
-1296
-659
494
2151
3037
2442
1173
237
-476
-1625
-2712
-3000
-2802
-2422
-1484
-553
101
967
1843
2514
2733
2464
1985
916
-846
-1411
306
3729
7530
8933
7946
5767
1572
-2598
-5072
-5748
-3795
-1297
1248
4338
5894
5897
3988
174
-3404
-6079
-6625
-5038
-3161
-1442
72
1538
2160
1196
-207
-983
-1119
-872
-591
-958
-1726
-2080
-2041
-2196
-2951
-3101
-2284
-1472
-320
770
1391
1703
1587
1551
803
-879
-1947
-2389
-2397
-1671
-498
1029
2143
2570
2798
2573
1531
429
-429
-1761
-2143
-377
3173
6550
7161
6161
3867
-290
-3506
-5044
-4603
-2251
-158
2272
4062
4276
3919
1215
-2996
-6240
-7845
-7213
-5373
-2677
711
3178
4420
4489
3449
1740
131
-752
-1266
-1685
-2335
-2881
-3148
-3542
-3584
-3499
-2925
-1162
963
2957
4210
4701
4569
3057
827
-1621
-3827
-5037
-5129
-4002
-2657
-1046
1371
3355
4104
4055
3565
2617
1183
-406
-2098
-3302
-1985
1951
6129
7959
7596
6590
3673
-104
-2077
-2631
-1976
-786
608
1998
1973
1536
474
-2340
-5177
-6394
-5179
-2857
-563
2191
3580
3259
2503
879
-1389
-3500
-4094
-3170
-2436
-2145
-1818
-1654
-1765
-1823
-1587
-1466
-1009
602
2381
2961
2696
2498
1905
375
-1568
-3177
-3925
-3596
-2374
-713
857
2546
4246
4805
3924
2446
1023
-158
-1120
-1578
-2046
-1930
709
4322
6739
7270
6113
4827
2728
-186
-1773
-2438
-2224
-1066
-229
216
183
-8
-496
-2147
-3798
-4410
-3948
-2655
-1315
-127
496
772
1136
557
-946
-2063
-2489
-2339
-1846
-1554
-1669
-2034
-1959
-1536
-1642
-1758
-920
557
1495
1722
1840
1574
819
-32
-942
-2119
-3022
-2587
-1219
87
1207
2298
3319
3462
2563
1234
-275
-1272
-1554
-1480
-1573
-1073
1615
4887
6904
7537
6548
4831
2461
-369
-1875
-2127
-1435
-16
757
958
972
525
-337
-1978
-3698
-4363
-3833
-2138
-502
212
640
992
919
119
-1163
-2016
-2153
-1775
-1081
-953
-1399
-1483
-1133
-961
-1335
-1831
-1977
-1870
-1440
-596
136
605
1294
1765
1108
-411
-1650
-1972
-1649
-761
790
2218
2959
3361
3160
2000
365
-590
-360
-159
-345
-212
525
2634
5388
7008
7066
5962
4617
2494
-82
-1223
-1167
-700
-392
-76
524
255
-594
-1605
-3269
-4443
-4335
-2913
-1092
42
1084
1804
1585
1013
216
-778
-1664
-2193
-1916
-1853
-2601
-3102
-3108
-2903
-2725
-2770
-2570
-1926
-1001
334
1346
1758
2048
1898
1296
246
-1034
-1622
-1548
-1094
-497
-74
361
636
717
620
213
-102
-31
575
1353
1139
27
-279
1198
3553
4951
4920
4353
3124
1070
-841
-2173
-2562
-1917
-1168
-473
106
453
1057
800
-438
-1197
-1490
-938
235
1160
1814
1845
1588
1230
327
-807
-1779
-2210
-1904
-1494
-1828
-2415
-2558
-2385
-2085
-2112
-1785
-829
118
1288
2043
1746
835
-222
-1176
-2295
-3305
-3295
-2360
-1210
-209
662
1373
1643
1772
1855
1509
1100
1128
1494
1645
1127
98
-636
76
1974
3679
4407
4174
3927
2999
844
-724
-1084
-641
-285
-232
368
855
1116
1015
-252
-1674
-2549
-2311
-1042
-104
841
1738
1881
1800
1053
-531
-2001
-3037
-3128
-2577
-2310
-1759
-988
-669
-441
-612
-1225
-1489
-1377
-794
-273
-204
133
289
12
-395
-903
-1252
-1425
-1207
-587
62
781
1501
1971
2024
1682
1144
623
285
316
253
-669
-1692
-1651
-318
1783
3480
4568
4747
3640
2160
711
-264
-525
-248
358
359
-32
-338
-1037
-2127
-3243
-3375
-2404
-1207
342
1600
1991
1919
1356
702
-307
-1528
-2062
-2361
-2255
-1919
-1955
-1881
-1895
-1526
-998
-1103
-751
-225
31
205
70
61
-158
-556
-451
-403
-472
-292
249
891
1048
1120
1312
1439
1533
1400
961
330
-75
-148
-476
-1232
-1864
-2039
-1534
346
3201
5324
6010
5546
4529
2901
449
-1215
-1676
-1805
-1676
-1530
-1080
-521
-432
-323
-615
-1122
-834
-227
386
604
425
375
109
-155
-490
-1248
-1664
-1715
-1508
-1271
-1453
-1392
-1281
-1244
-828
-527
-303
89
731
1710
2195
2215
2198
1796
1108
262
-372
-601
-678
-379
-63
83
306
354
203
-178
-567
-690
-780
-722
-721
-1118
-1616
-1961
-1727
-702
1049
3239
4762
5005
4432
3324
1623
-287
-1618
-2119
-2310
-2340
-1800
-694
409
1018
1117
946
829
834
827
769
572
346
140
-317
-1000
-1866
-2509
-2632
-2318
-1536
-797
-238
116
-38
-306
-797
-1254
-1313
-1381
-1041
-467
8
608
892
981
900
395
-1
-367
-892
-1382
-1728
-1542
-940
-403
93
577
881
807
433
90
-250
-833
-1497
-1854
-1592
-349
1602
3683
5322
5847
5426
4143
1903
-129
-1392
-2076
-2059
-1690
-817
283
686
706
443
-121
-211
111
673
1065
921
819
670
18
-949
-1717
-1821
-1528
-1114
-710
-663
-907
-1394
-1596
-1517
-1563
-1071
-153
783
1496
1594
1532
1249
485
-498
-1461
-1974
-2001
-1792
-1360
-820
-135
587
992
1163
968
151
-846
-1528
-1929
-2215
-2288
-1869
-1000
28
1315
3281
5302
6489
6747
5800
4032
1943
-263
-1754
-2544
-2698
-2028
-1158
-13
1053
1445
1338
633
-81
-578
-776
-459
-441
-442
-309
-170
174
-139
-461
-427
-876
-1092
-1299
-1582
-1480
-1588
-1128
-299
-30
343
340
-14
-136
-443
-660
-922
-1253
-1021
-667
-421
-100
122
76
-340
-638
-707
-817
-853
-793
-720
-780
-615
-112
269
857
1472
1785
1930
1810
2159
2650
2637
2945
2894
2220
1537
398
-399
-855
-1199
-561
47
482
1245
1412
981
35
-1176
-1809
-2190
-2175
-1597
-1058
-343
417
856
608
-303
-898
-1536
-2268
-2560
-2674
-2473
-2010
-1121
-89
243
339
330
0
-489
-1087
-1352
-1578
-1616
-1028
-483
-288
-353
-374
-318
-451
-269
404
1215
2064
2616
2766
2365
1621
1025
391
-13
9
224
487
671
1323
2407
3235
3865
4032
3614
2944
1944
791
-300
-1131
-1562
-1807
-1826
-1624
-1184
-847
-680
-335
-310
-314
58
361
592
528
318
175
-312
-663
-639
-629
-624
-517
-214
-318
-999
-1359
-1500
-1729
-1943
-2136
-2088
-1955
-1843
-1483
-1156
-845
-208
378
493
189
-175
-463
-638
-595
-364
-88
106
438
740
757
730
880
1140
1507
1776
1730
1364
955
834
1106
1779
2488
3073
3348
3059
2351
1309
42
-886
-1462
-1876
-1837
-1542
-1126
-686
-536
-329
-50
84
567
979
1123
1207
987
710
232
-353
-868
-1537
-2218
-2815
-3259
-3324
-3122
-2383
-1347
-545
147
252
-77
-507
-1105
-1617
-2065
-2086
-1600
-1024
-432
-3
294
285
3
-168
-285
-329
-103
263
560
702
742
843
942
967
1041
1163
1083
1029
1082
1378
2075
2614
3045
3211
2903
2446
1627
900
445
-33
-214
-361
-191
58
79
603
715
545
565
391
645
393
9
128
-92
5
-70
-290
-405
-1092
-1340
-1482
-1915
-1969
-2094
-1916
-1545
-1511
-1387
-1504
-1506
-933
-526
-258
-112
50
190
-183
-730
-1450
-2116
-2292
-1978
-1061
-124
723
1618
1971
1862
1296
452
-348
-981
-1189
-1177
-1088
-631
201
1045
1888
2863
3570
3671
3309
2707
1932
867
100
-167
-354
-314
-15
478
837
953
1189
1258
1051
992
961
920
718
606
648
317
76
-359
-926
-1360
-2088
-2455
-2629
-2700
-2225
-1871
-1510
-1031
-847
-784
-985
-1102
-996
-1114
-1000
-678
-432
-286
-388
-458
-642
-926
-834
-688
-617
-489
-263
59
255
426
538
376
36
-221
-246
-221
-52
771
1575
1794
1893
1710
1505
1358
958
999
1078
877
747
158
-380
-581
-698
-579
-440
105
835
1333
1839
2204
2502
2471
2066
1594
729
-323
-1096
-1679
-2113
-2352
-2120
-1722
-1471
-972
-483
-234
-214
-303
-250
-511
-958
-1136
-1374
-1536
-1548
-1309
-968
-831
-470
-114
102
110
-49
-10
-114
-135
69
24
11
201
399
574
496
522
786
795
767
883
997
988
931
894
948
1116
1225
1420
1527
1473
1477
1241
990
874
629
455
321
393
844
1091
1271
1364
1060
814
432
-51
-496
-971
-1155
-1314
-1528
-1423
-1160
-953
-867
-904
-1031
-1308
-1685
-1872
-1757
-1636
-1590
-1447
-1403
-1417
-1352
-1333
-1146
-952
-719
-416
-261
-108
-70
-128
-195
-302
-378
-391
-248
46
243
343
559
660
625
620
635
631
513
489
587
714
841
1005
1319
1423
1349
1397
1421
1446
1408
1334
1279
1082
928
763
582
563
466
424
348
94
30
-228
-518
-597
-785
-744
-742
-776
-645
-715
-762
-792
-1007
-1168
-1325
-1391
-1311
-1367
-1329
-1378
-1501
-1455
-1435
-1299
-1021
-631
-150
224
456
501
345
156
-56
-254
-368
-293
-91
86
261
415
537
736
931
1064
1153
1139
1168
1160
1036
978
910
938
1125
1244
1492
1672
1597
1652
1535
1341
1322
1113
956
791
571
549
362
170
126
-109
-331
-589
-910
-1037
-1183
-1108
-809
-690
-531
-460
-604
-802
-1115
-1427
-1693
-1913
-1928
-1869
-1801
-1712
-1609
-1415
-1230
-909
-538
-326
-219
-191
-166
-244
-362
-347
-360
-383
-263
-129
-6
97
222
499
732
931
1207
1321
1355
1289
1088
872
632
612
746
885
1064
1224
1428
1544
1544
1618
1526
1388
1438
1373
1227
966
593
286
-86
-394
-507
-586
-506
-302
-192
-179
-269
-273
-349
-697
-977
-1336
-1863
-2271
-2491
-2405
-2170
-1896
-1383
-965
-846
-681
-670
-872
-1086
-1265
-1149
-1060
-1109
-927
-831
-794
-585
-438
-249
-124
45
350
435
500
669
795
1028
1260
1441
1483
1305
1215
1149
977
892
925
1074
1277
1482
1729
1816
1784
1744
1700
1603
1388
1301
1148
873
647
365
131
-36
-165
-142
-166
-279
-264
-316
-436
-566
-754
-933
-1199
-1377
-1391
-1470
-1477
-1403
-1256
-1066
-974
-838
-763
-857
-959
-1011
-1034
-1044
-1014
-901
-777
-661
-484
-340
-268
-215
-164
-160
-164
-100
26
193
462
755
922
955
974
1021
983
917
941
985
1079
1214
1323
1428
1398
1334
1366
1295
1148
1054
966
937
902
864
778
533
226
-87
-370
-568
-683
-643
-503
-442
-343
-334
-463
-586
-800
-1030
-1236
-1428
-1515
-1565
-1589
-1507
-1432
-1354
-1278
-1219
-1135
-1156
-1118
-1057
-1013
-782
-622
-578
-518
-457
-329
-256
-232
-132
-27
64
163
224
294
306
385
616
749
874
1007
1173
1388
1429
1408
1354
1247
1100
891
749
700
691
812
977
1093
1164
1151
1115
981
710
452
228
73
-47
-126
-125
-133
-132
-155
-279
-486
-742
-935
-1024
-1103
-1109
-1029
-931
-844
-872
-979
-1001
-991
-1061
-1110
-1160
-1096
-967
-833
-593
-435
-385
-266
-181
-117
-76
-71
17
70
163
295
373
427
471
504
540
586
728
1005
1230
1402
1538
1554
1485
1371
1239
1069
797
628
676
742
783
840
874
870
811
710
583
384
221
138
9
-133
-245
-373
-460
-525
-583
-630
-689
-690
-637
-627
-654
-696
-723
-734
-849
-917
-1022
-1179
-1210
-1213
-1244
-1240
-1115
-899
-741
-654
-571
-567
-604
-618
-626
-582
-533
-412
-238
-164
-118
-15
73
119
143
149
110
117
267
420
501
596
756
907
933
916
932
901
856
819
762
667
549
521
460
326
270
228
213
234
269
337
358
394
482
444
333
199
9
-164
-353
-442
-471
-541
-474
-381
-366
-357
-365
-313
-333
-434
-416
-424
-499
-491
-469
-475
-509
-544
-478
-468
-498
-439
-365
-277
-205
-82
34
30
31
12
-56
-88
-80
-48
8
61
157
239
308
445
533
563
573
564
547
488
440
397
354
326
347
391
425
509
605
628
573
506
449
389
348
330
344
332
353
396
403
364
269
214
134
14
-61
-107
-119
-74
-3
42
44
21
-9
-77
-197
-314
-424
-497
-506
-518
-531
-523
-484
-404
-378
-391
-379
-395
-421
-454
-509
-552
-582
-595
-581
-545
-486
-447
-378
-298
-275
-273
-263
-230
-191
-168
-119
-72
-62
-37
-35
-62
-80
-86
-91
-95
-77
-21
54
115
173
207
237
281
303
309
279
254
233
155
48
-30
-33
-20
-1
70
146
174
199
239
259
246
232
251
261
235
196
163
122
101
138
183
205
236
237
186
109
20
-20
-19
27
80
101
133
143
120
95
35
2
51
85
108
155
192
238
249
230
175
98
67
66
46
25
41
38
15
-7
-33
-71
-86
-33
-5
7
30
32
22
-18
-67
-123
-208
-266
-264
-269
-286
-265
-203
-153
-115
-82
-46
2
19
-13
-52
-105
-154
-196
-202
-163
-144
-134
-132
-106
-88
-90
-100
-116
-101
-76
-53
-34
-3
42
56
57
31
5
13
30
32
28
34
52
75
86
96
98
114
142
154
165
157
158
143
101
69
42
45
93
144
180
201
199
180
146
95
43
-3
-27
-15
10
20
26
20
9
-28
-71
-123
-159
-142
-112
-85
-63
-24
11
18
-20
-56
-98
-146
-186
-203
-200
-196
-154
-96
-50
-5
27
35
44
34
-17
-68
-104
-113
-123
-156
-173
-165
-150
-134
-97
-50
-24
-3
17
26
-2
-57
-81
-91
-117
-117
-91
-72
-52
-28
-7
17
34
38
61
95
127
160
175
142
92
43
-9
-55
-58
-18
25
69
112
164
192
190
192
188
168
177
193
188
172
146
130
83
26
-6
-24
-34
-41
-13
29
59
101
142
157
142
114
97
81
53
59
40
22
44
60
64
32
-13
-31
-74
-116
-102
-80
-48
-24
-6
2
-38
-69
-87
-115
-139
-160
-136
-93
-76
-50
-32
-34
-44
-62
-80
-88
-103
-81
-62
-73
-65
-76
-72
-52
-59
-62
-62
-35
2
17
23
17
28
2
-51
-85
-129
-174
-183
-145
-111
-76
-49
7
49
47
34
4
-24
-51
-54
-61
-76
-75
-65
-41
9
39
56
82
114
142
108
67
29
17
-6
-24
-2
-31
-73
-71
-48
-60
-60
-17
17
29
39
61
29
-8
-35
-43
-60
-88
-28
29
76
114
136
151
160
154
152
156
153
174
177
177
156
142
125
121
138
166
172
165
196
187
148
93
63
41
-4
-16
-4
-20
-27
-9
-15
-39
-50
-31
-44
-82
-95
-106
-129
-163
-135
-116
-149
-165
-155
-148
-166
-132
-91
-80
-88
-102
-106
-128
-130
-127
-132
-118
-104
-94
-61
-20
4
1
1
-4
-18
-41
-45
-13
-8
-4
22
53
54
34
52
72
79
80
99
99
74
72
67
46
34
64
75
68
92
120
120
116
129
147
133
111
104
75
22
-23
-37
-42
-55
-54
-33
-49
-92
-89
-83
-89
-90
-64
-46
-74
-86
-81
-80
-94
-78
-52
-44
-52
-49
-24
-11
-2
-8
-15
-45
-64
-68
-91
-97
-99
-97
-66
-28
16
39
45
45
40
23
-9
-1
-1
14
45
40
28
29
53
70
55
38
36
32
25
41
42
51
76
93
106
98
79
79
61
38
46
-6
-44
-22
3
4
38
73
92
104
88
82
58
29
17
5
-22
-45
-69
-59
-23
1
41
48
11
8
-30
-91
-111
-151
-157
-113
-88
-61
-48
-54
-68
-49
-47
-42
-4
32
38
47
83
97
92
83
105
88
93
94
86
83
67
59
52
37
45
93
87
105
93
65
37
-4
-7
-35
-38
-40
-4
11
-12
39
19
-21
-19
-10
-4
-24
-30
-54
-85
-101
-104
-73
-66
-69
-99
-94
-103
-152
-142
-156
-142
-107
-82
-88
-108
-89
-115
-98
-82
-63
-43
-59
-56
-67
-69
-43
-20
-9
54
79
48
14
-5
-13
-23
-39
-29
0
-2
16
45
4
18
49
34
20
30
68
20
14
40
52
-6
22
85
48
97
79
76
104
106
98
89
109
132
126
92
118
117
77
57
25
4
27
17
-22
-13
-16
-15
2
-17
-28
-28
-53
-39
-14
-25
7
28
16
59
42
16
-31
-21
28
13
32
61
55
55
115
78
52
69
46
40
26
15
28
5
-16
-28
-36
-76
-60
-72
-92
-55
-48
-27
-65
-49
-7
-37
-52
-38
-56
-71
-52
-40
-56
-80
-75
-71
-82
-93
-74
-83
-54
-15
-4
35
-21
-59
-58
-41
-52
-25
4
-12
11
17
32
44
54
98
92
93
74
23
36
30
-10
-45
-70
-114
-121
-53
-39
-24
2
40
41
-5
31
38
41
55
51
16
-26
-21
-63
-38
-24
-3
74
64
94
104
42
31
58
46
9
31
-1
8
-5
-24
-8
-35
-3
-30
-45
-39
-26
-46
-32
-3
-18
-14
-22
-43
-54
-66
-20
-18
-35
5
-16
-24
-41
-42
-37
-40
-29
-18
-18
-45
-2
-5
-8
21
-2
-2
34
50
58
99
58
56
39
-2
37
41
87
167
138
125
157
101
81
72
33
31
68
-11
41
85
45
76
27
5
-43
-88
-86
-48
-93
-83
-17
-84
-18
-34
-37
-26
-45
-99
-50
-46
-121
10
-45
26
58
14
29
15
-20
7
14
-41
3
-10
-51
0
-42
-19
36
-29
-22
0
-28
-43
-8
-37
-9
0
15
42
56
58
49
48
13
84
27
44
39
-15
30
-25
-42
-79
-38
-45
-32
-14
19
60
-1
50
19
-10
-20
-7
-38
-35
18
-15
-5
-43
-40
-3
-50
-35
-33
-11
2
-10
-8
-16
-26
-54
-55
-38
-5
-28
-41
-21
-5
-52
-49
-11
-50
-77
-74
-59
-36
-61
-22
34
-38
-4
7
-2
1
37
24
23
-13
-70
9
-17
-38
27
5
2
20
-19
3
16
-27
8
54
38
113
125
88
133
150
86
120
90
44
65
1
38
90
40
58
111
56
54
91
36
43
10
10
37
-2
-5
21
-7
-39
11
-17
2
2
-43
-1
15
-33
-23
-26
-76
-59
-54
-77
-47
-33
-59
-13
-19
-8
34
12
28
44
-5
16
27
20
52
63
69
92
36
-20
26
12
23
36
27
-38
-63
-43
-57
-77
-57
-31
-65
-39
-25
-74
-54
-34
-53
-100
-101
-92
-126
-110
-66
-51
-64
-37
-1
-18
-13
-11
-18
21
2
-29
-25
-20
-21
-14
-20
-32
-32
-43
-34
-29
16
11
-22
-3
-17
-4
-17
3
-1
2
10
5
36
3
59
82
65
55
91
64
45
82
41
55
24
9
37
53
35
22
30
7
43
35
49
74
39
76
83
38
44
60
-7
11
50
15
20
28
-9
-12
-27
-36
-3
-1
6
-8
-49
-68
-72
-87
-61
-67
-78
-66
-72
-57
-43
-34
-44
-31
-31
-43
-42
-48
-14
-7
19
74
71
56
57
47
32
22
28
35
-5
19
45
23
16
28
43
8
27
35
27
38
44
48
35
32
43
58
73
84
74
34
45
35
18
8
34
48
7
18
-3
2
-8
-23
-29
-25
-20
-46
-56
-77
-118
-124
-118
-124
-106
-109
-99
-85
-73
-62
-73
-61
-43
-47
-28
-29
-25
-55
-49
-35
-30
0
-9
-10
12
12
-7
10
12
7
24
18
35
53
67
62
47
76
42
22
31
24
29
23
36
39
54
58
30
39
49
19
-4
-17
-17
3
-20
-25
-4
-6
-26
-39
-24
-24
-47
-32
-25
-19
-30
-20
-25
-30
-5
-7
18
10
-19
-9
-8
-36
-48
-34
-31
-12
16
34
37
18
9
3
2
-10
5
18
-9
-9
-1
-6
-17
-3
-7
-1
7
11
23
21
36
51
55
71
110
114
103
122
120
94
78
75
77
82
64
74
95
71
55
32
28
26
18
-5
-25
-39
-46
-30
-37
-41
-50
-84
-102
-92
-87
-96
-113
-108
-100
-107
-106
-82
-72
-54
-30
-10
-7
-25
-44
-37
1
-11
1
27
31
22
32
37
26
22
12
7
-13
-28
-18
0
21
27
27
26
18
3
16
21
13
9
-6
12
0
-7
-8
-18
-26
-9
-8
-14
7
2
-17
-33
-24
-39
-62
-44
-20
-34
-23
10
20
15
27
17
-10
-20
-33
-26
-39
-60
-48
-37
-40
-36
-17
-15
0
5
3
19
18
29
34
19
3
10
15
33
59
77
81
75
67
49
42
40
50
56
41
44
60
35
19
3
-17
-21
-12
-16
-31
-38
-49
-54
-60
-45
-41
-49
-44
-55
-50
-43
-47
-30
-29
-35
-8
10
26
36
58
66
77
92
90
107
105
97
107
112
103
102
95
81
82
71
50
35
53
73
72
61
36
18
-19
-49
-52
-56
-50
-65
-81
-72
-77
-93
-111
-119
-136
-143
-129
-119
-113
-100
-80
-68
-45
-35
-28
-8
-14
-2
-3
-24
-24
-29
-37
-35
-14
-2
17
31
19
-1
-22
-39
-38
-26
-28
-39
-26
-11
-10
-4
12
13
5
2
-11
-14
0
36
58
62
71
70
60
56
58
57
68
78
77
76
69
63
70
59
45
32
6
-28
-38
-48
-44
-23
-39
-41
-30
-22
-31
-33
-32
-44
-50
-39
-29
-27
-16
-17
-25
-15
-11
-15
-34
-42
-37
-42
-35
-19
0
-7
-29
-29
-11
-7
-8
0
4
-2
8
21
41
61
72
84
83
67
54
50
50
44
43
60
69
85
99
98
73
53
39
27
24
23
17
8
-3
-19
-21
-36
-32
-19
-10
-10
-28
-28
-42
-63
-63
-55
-35
-22
-10
-5
-12
-13
-17
-17
-9
-11
1
19
4
-14
-17
-28
-34
-34
-33
-32
-37
-39
-29
-12
-7
-1
13
10
2
-23
-27
-21
-11
-6
-17
-7
-17
-40
-47
-45
-21
5
22
36
21
8
26
48
51
45
28
12
2
2
-15
-21
-12
14
24
7
0
-16
-37
-40
-38
-25
-2
-10
-2
-1
-24
-39
-31
-19
-26
-7
-11
-9
-6
-20
-16
-5
0
-10
-10
-20
-21
-29
-41
-28
-22
1
20
35
30
29
31
31
35
32
45
41
26
23
30
28
16
16
28
49
61
68
75
80
71
64
49
31
31
30
43
49
46
39
25
22
10
-4
-19
-21
-24
-19
-20
-35
-47
-55
-52
-54
-53
-53
-44
-45
-50
-52
-53
-45
-43
-36
-26
-33
-45
-35
-22
-14
-9
13
30
24
29
29
16
-9
-10
1
11
27
40
51
50
54
54
37
11
2
-8
-15
-5
18
23
15
19
18
-5
-2
22
8
-6
-11
-2
0
-17
-20
-5
-2
-15
-8
4
-14
-36
-38
-35
-41
-49
-40
-6
20
1
-6
-4
-16
-28
-32
-31
-26
-16
-6
7
8
-10
-22
-31
-23
-26
-32
-27
-43
-44
-38
-37
-28
-24
-17
-17
-25
-27
-24
-13
2
4
3
16
32
40
37
28
23
31
29
42
69
80
71
57
59
56
35
30
47
59
58
48
31
8
-5
-8
-3
-6
-11
-12
-6
0
4
8
22
32
23
19
23
17
9
4
-2
-5
-10
-10
1
6
5
0
-19
-39
-51
-61
-71
-62
-56
-62
-51
-35
-10
14
23
33
40
33
23
20
17
7
2
7
4
5
-1
-6
3
6
2
23
25
0
2
8
-8
-19
-6
-15
-26
-20
-14
0
6
7
8
2
-9
-18
-14
-3
1
-2
-15
-15
-6
-7
-9
-2
17
15
4
-8
-20
-26
-29
-25
-21
-27
-26
-17
-6
-12
-20
-3
-11
-22
2
40
47
31
40
44
15
-1
-7
-17
-34
-35
-20
-15
-5
19
31
31
32
20
5
-26
-24
-2
9
22
43
46
36
30
14
-8
-22
-29
-24
-37
-47
-29
-26
-41
-44
-20
-10
-16
-16
-17
-16
-23
-24
-16
-14
-7
4
15
26
31
27
18
20
25
12
0
11
24
12
10
20
20
23
33
40
21
1
2
15
18
21
39
45
28
10
18
26
2
1
26
36
30
26
35
34
21
10
7
-7
-30
-46
-52
-52
-44
-31
-20
-6
-11
-22
-19
-15
-32
-48
-41
-16
-10
-21
-2
-1
-10
-11
4
14
8
8
9
7
-12
-17
-4
-8
-28
-13
10
0
-13
-11
-4
-15
-32
-16
15
28
27
25
28
25
8
21
39
36
30
27
36
19
-11
-12
2
1
3
17
17
-1
-9
3
13
1
-18
6
13
-3
-10
-16
-13
-16
-19
-21
-26
-46
-43
-16
-9
-19
-25
-16
-8
-13
-5
0
-3
-13
-18
-9
-14
-39
-47
-29
-22
-16
-13
7
6
-14
3
17
2
-14
-7
-1
-7
-12
4
26
16
16
29
30
14
8
6
8
-5
-14
-10
-4
-7
3
25
26
19
13
10
-1
-5
13
30
34
28
25
24
22
22
28
29
33
28
9
12
23
16
4
7
25
22
10
17
5
-17
-29
-34
-32
-26
-12
-26
-25
-13
5
19
23
25
14
1
-8
-7
-7
2
17
22
17
14
12
17
14
21
25
15
9
2
-7
-24
-29
-28
-27
-32
-28
0
17
12
9
12
-6
-14
-8
3
9
-8
-21
-12
-4
-10
-5
-4
-6
-13
-27
-32
-42
-58
-51
-46
-56
-49
-30
-24
-36
-18
2
-14
-30
-30
-26
-22
-21
-2
18
13
9
26
22
4
4
17
27
21
22
42
49
39
60
75
62
35
30
20
-8
-9
3
6
3
15
29
26
2
-3
-7
-41
-58
-51
-35
-34
-34
-21
-10
-16
-28
-12
1
-12
-12
-5
-5
-18
-30
-5
18
6
-12
-1
15
6
0
5
8
-8
-16
4
9
6
15
27
27
18
27
35
31
7
-11
-2
-9
-12
0
16
29
38
53
66
58
41
37
33
23
21
19
28
34
29
32
31
33
16
-5
-19
-29
-34
-37
-22
-16
-29
-25
-17
-31
-40
-27
-4
-2
-12
8
30
5
-15
2
-6
-21
-14
7
13
-8
-5
7
-12
-37
-28
-12
-24
-37
-31
-27
-45
-49
-40
-32
-46
-46
-33
-55
-60
-41
-17
-3
4
12
25
32
53
62
45
34
41
42
26
24
28
25
24
25
33
30
25
22
7
-12
-28
-25
-17
-1
7
3
9
6
-2
-14
-31
-36
-52
-65
-57
-35
-22
-6
4
0
-19
-46
-45
-49
-47
-37
-28
-31
-32
-18
-8
1
12
26
47
44
53
60
40
22
13
17
15
18
48
66
59
60
70
64
46
28
37
36
23
26
30
19
2
-1
-17
-31
-38
-41
-31
-24
-27
-24
-16
4
14
6
-1
-8
-11
-27
-35
-26
-16
-22
-15
2
3
-8
-4
7
8
12
12
27
30
8
-5
-5
-18
-21
2
7
9
3
-3
3
2
-7
-8
0
2
-15
-24
-5
2
-5
17
24
6
-11
-16
-4
3
4
19
33
22
3
7
22
20
27
46
45
34
39
41
32
15
3
-3
-10
-17
-13
0
-7
-23
-32
-50
