0
0
1
0
0
0
0
0
0
-1
-1
0
-1
0
0
0
0
0
0
0
0
0
0
0
0
0
0
-1
0
0
0
0
1
0
0
0
0
0
0
0
0
0
0
-1
1
-1
0
0
0
0
0
0
0
0
1
0
1
0
0
0
1
-1
0
0
0
0
0
0
0
0
0
0
-1
0
0
0
0
1
1
0
1
0
0
0
0
0
0
0
0
0
0
-1
-1
-1
-1
0
0
0
0
0
-1
0
0
0
0
0
-1
0
-1
0
1
0
0
1
0
0
-1
0
-1
0
0
0
-1
0
1
-1
0
0
0
0
-1
0
1
0
-1
1
1
0
1
-1
0
0
1
0
0
-1
1
0
0
1
0
0
0
0
1
0
0
0
0
1
0
-1
0
-1
0
1
0
1
-1
0
1
0
0
0
0
0
-1
0
0
0
0
0
0
0
0
0
0
-1
0
1
0
1
0
-1
0
0
1
0
0
0
0
0
0
-1
0
-1
0
0
0
0
0
0
0
1
0
1
0
0
0
0
0
-1
0
0
0
0
0
-1
0
0
0
0
0
0
1
0
0
0
0
1
0
0
0
0
0
0
0
0
0
-1
0
1
0
0
0
0
0
0
0
0
0
0
0
0
0
0
0
-1
1
0
0
0
-1
0
0
0
1
0
0
0
-1
0
0
0
0
1
1
0
1
0
0
-1
0
-1
0
0
0
0
0
0
0
0
0
0
0
0
0
1
0
0
0
0
0
0
0
0
0
0
0
0
0
0
0
0
0
0
1
0
0
0
1
0
0
0
0
0
0
0
0
1
1
0
0
1
0
0
0
0
0
1
0
0
-1
1
0
-1
-1
0
0
0
0
0
1
0
1
0
0
0
1
0
-1
0
-1
0
0
-1
0
0
0
-1
0
0
0
0
0
0
0
0
1
-1
0
0
0
0
-1
0
0
0
0
0
1
0
0
0
0
0
0
0
0
1
1
0
0
0
0
0
0
0
0
0
1
0
-1
0
0
0
0
0
0
0
0
0
0
1
0
1
1
1
0
0
0
0
0
0
0
0
0
0
0
0
-1
0
0
0
-1
0
-1
0
0
0
0
0
0
0
-1
1
0
1
0
0
0
0
1
1
0
-1
0
1
-1
0
0
0
0
0
0
0
0
0
0
0
0
0
1
-1
0
0
0
0
0
0
0
-1
0
-1
0
0
0
0
0
-1
0
1
0
0
0
1
0
0
0
0
0
0
0
0
0
0
0
0
0
0
1
0
1
0
-1
-1
-1
0
0
0
0
0
0
0
-1
0
0
1
-1
0
1
0
0
0
0
0
0
0
-1
0
0
0
0
0
0
0
0
0
0
0
0
0
0
0
0
0
0
0
0
0
0
1
0
1
0
0
0
1
0
0
-1
1
0
-1
0
0
-1
0
0
0
0
-1
0
0
0
0
1
0
0
0
1
0
0
1
-1
0
0
0
0
0
0
-1
0
1
0
0
0
1
-1
0
0
0
-1
0
0
0
-1
0
1
0
-1
0
0
-1
-1
0
0
0
0
-1
-1
-1
0
0
0
0
0
0
0
0
0
1
0
-1
0
1
0
1
0
0
0
-1
0
0
0
0
0
0
-1
1
0
0
0
0
1
0
0
0
-1
0
1
0
0
0
0
0
0
0
0
0
0
-1
1
-1
0
1
0
0
0
0
0
0
0
0
0
0
0
0
0
0
0
1
0
0
0
0
-1
1
0
0
0
0
0
0
0
0
0
0
0
0
-1
0
0
0
-1
0
0
1
1
0
0
0
0
-1
0
1
0
-1
0
0
0
0
-1
0
0
0
0
0
-1
-1
0
0
0
0
1
0
0
0
0
-1
0
0
0
0
0
0
0
0
1
0
-1
0
0
-1
0
0
0
0
0
0
0
0
0
0
0
1
0
0
0
0
-1
-1
0
-1
0
0
0
-1
0
0
0
0
1
1
-1
0
0
-1
-1
0
0
-1
0
0
-1
0
0
-1
1
-1
0
0
-1
0
0
0
0
0
0
0
1
0
0
-1
1
1
0
0
0
0
0
0
0
0
0
1
0
0
0
0
0
0
-1
0
0
-1
0
0
1
0
0
1
0
0
0
1
0
0
0
0
0
0
1
-1
0
0
0
1
0
-1
0
0
0
0
0
-1
0
0
0
0
1
0
0
1
0
0
0
1
0
0
0
0
0
1
0
0
0
0
0
0
0
1
0
0
0
0
-1
0
0
-1
-1
0
-1
0
0
0
1
1
0
0
0
-1
1
0
0
0
0
1
0
1
0
0
1
1
0
0
0
0
0
-1
0
0
0
-1
0
0
1
0
0
0
0
1
0
1
0
0
0
0
-1
0
0
0
0
0
-1
0
0
0
1
1
0
0
-1
0
0
1
0
0
-1
1
0
0
0
0
-1
0
0
0
0
0
0
0
0
0
0
0
1
0
0
0
-1
0
1
0
0
1
-1
0
-1
-1
0
0
0
0
0
0
0
0
-1
0
-1
1
0
1
1
0
0
0
0
0
0
0
0
0
0
0
0
0
0
1
0
-1
0
0
0
0
0
0
-1
0
0
-1
0
0
0
0
0
0
0
1
1
0
0
0
0
0
0
0
-1
0
0
0
0
0
0
-1
-1
0
0
0
0
0
1
0
1
-1
0
0
-1
0
0
0
1
0
0
0
0
0
0
0
1
0
1
0
0
0
-1
-1
0
0
0
0
1
0
-1
0
0
0
0
1
0
-1
0
0
0
0
0
1
0
0
0
0
0
0
0
0
0
0
1
0
0
0
0
0
0
0
0
0
0
0
0
0
-1
-1
0
0
0
0
0
0
-1
0
0
-1
0
0
0
0
0
0
0
0
0
0
0
0
0
0
0
0
0
-1
0
0
1
0
0
-1
1
0
0
0
0
0
0
0
0
0
0
-1
1
0
0
-1
0
0
0
1
0
-1
0
0
0
0
0
0
0
1
-1
0
-1
0
-1
-1
0
0
0
1
0
0
0
0
0
1
0
-1
-1
0
0
0
0
0
0
0
-1
0
-1
0
1
0
0
0
0
1
0
0
0
0
0
-1
-1
0
0
0
0
-1
0
1
0
1
0
0
0
0
-1
0
0
0
-1
0
0
0
0
0
0
0
0
-1
0
0
0
1
0
1
0
-1
0
1
0
0
-1
0
0
0
0
0
0
1
0
1
0
0
0
0
0
1
0
1
0
0
0
1
0
0
0
0
0
-1
0
0
0
0
0
0
0
0
0
-1
0
0
0
0
0
0
0
0
0
0
1
0
1
0
0
1
0
0
1
0
0
1
0
0
1
0
0
0
0
0
0
0
0
0
0
0
1
0
0
-1
0
0
-1
0
-1
0
0
1
1
0
0
0
-1
0
0
0
0
0
0
1
0
0
-1
0
0
0
0
-1
0
1
0
0
0
0
0
-1
0
0
0
0
0
0
0
1
0
0
0
0
0
-1
0
0
0
0
0
1
0
0
0
0
0
0
0
1
0
-1
0
-1
1
0
0
0
0
-1
0
-1
0
0
0
0
-1
1
0
0
0
1
0
-1
0
1
1
0
-1
0
0
0
0
0
0
0
0
-1
0
0
0
0
1
-1
0
0
-1
0
0
0
0
0
1
1
0
0
0
-1
-1
0
0
0
1
0
0
0
0
0
0
1
0
0
-1
0
0
1
0
0
0
0
0
1
0
0
-1
0
0
0
0
0
0
0
0
1
0
0
0
0
0
0
0
0
1
0
0
0
0
0
0
-1
0
0
0
0
1
0
0
1
0
0
0
1
-1
0
-1
0
0
0
1
0
0
0
0
0
0
1
0
0
0
0
0
0
0
0
0
-1
0
0
0
1
0
0
0
1
0
0
0
0
0
0
0
0
0
0
1
0
1
0
-1
0
0
-1
0
0
0
-1
0
0
0
-1
0
-1
1
-1
1
0
0
0
0
0
1
0
1
0
0
0
0
0
0
0
0
0
0
0
1
0
0
-1
0
0
0
0
0
0
0
0
0
0
-1
0
0
1
0
0
-1
0
0
0
0
0
0
0
0
-1
0
1
0
0
0
0
1
0
0
0
0
0
-1
0
0
-1
0
0
0
0
0
0
0
0
0
0
0
1
1
1
1
0
0
-1
1
0
0
0
0
0
0
0
0
0
0
0
0
1
0
0
1
0
1
0
0
1
0
0
0
0
1
0
0
-1
0
0
1
1
0
0
-1
0
-1
-1
0
0
0
1
1
0
-1
0
1
0
0
0
0
1
0
1
-1
0
1
0
0
0
-1
0
0
0
1
0
-1
0
-1
-1
0
0
1
0
0
0
1
1
0
0
1
1
-1
0
-1
0
0
0
1
0
0
0
0
-1
0
0
-1
0
0
-1
-1
1
0
0
0
0
-1
0
1
0
0
0
-1
1
0
1
0
1
-1
0
0
0
-1
0
0
0
0
0
0
0
0
0
0
0
0
0
0
0
0
0
1
0
0
0
0
1
0
0
0
0
0
0
0
0
0
0
0
0
0
0
0
0
0
0
0
0
1
0
0
0
0
-1
0
0
1
0
0
0
0
0
-1
0
0
0
0
0
0
-1
0
0
-1
0
0
0
-1
0
0
0
0
-1
0
0
0
0
0
0
0
0
0
0
0
0
0
0
0
-1
0
0
0
-1
0
-1
0
-1
0
0
0
0
1
0
0
0
0
-1
1
0
0
0
0
0
1
0
0
0
0
0
0
1
0
0
0
0
-1
0
-1
0
0
0
0
0
0
0
0
0
0
0
0
0
0
0
0
0
1
0
1
1
0
1
0
0
0
0
0
1
0
1
0
0
0
1
0
0
-1
0
0
1
0
-1
0
0
0
0
-1
-1
1
0
0
1
0
0
1
0
0
0
-1
1
0
0
0
0
0
0
-1
0
0
0
0
0
0
0
0
0
0
0
0
0
0
0
0
0
0
0
0
-1
0
-1
0
-1
0
0
0
0
0
-1
0
-1
1
0
0
0
0
0
-1
0
-1
0
-1
0
0
0
0
-1
0
-1
0
1
0
0
0
0
0
0
1
0
0
0
0
0
0
-1
0
0
0
0
0
0
0
0
1
0
1
1
0
0
0
0
0
0
0
0
0
0
1
0
1
0
0
0
0
0
0
0
1
0
0
0
1
0
1
1
0
0
0
0
-1
0
0
1
0
0
0
0
0
0
0
0
0
0
0
0
0
-1
0
0
0
0
0
0
0
0
0
-1
0
1
0
0
0
0
0
0
0
-1
1
0
0
0
1
0
1
0
0
0
0
0
0
0
-1
0
1
0
0
0
1
0
0
0
0
-1
1
1
0
0
1
0
0
0
0
0
0
0
0
-1
0
0
0
0
1
0
0
0
0
0
0
-1
-1
1
0
0
1
0
0
-1
0
-1
1
0
1
0
0
0
0
1
-1
0
0
0
0
0
0
0
0
0
0
0
0
0
0
-1
0
0
0
0
1
0
0
0
0
0
0
0
0
-1
0
0
0
-1
0
0
1
0
-1
0
0
0
0
1
1
1
0
0
-1
0
0
-1
0
0
0
0
-1
0
0
0
0
0
0
1
0
0
0
0
0
1
0
0
0
0
0
0
0
-1
1
-1
0
-1
0
0
0
0
-1
0
0
0
0
0
0
0
0
0
1
0
0
0
0
0
0
0
0
0
0
0
0
0
0
-1
0
0
0
1
0
0
0
0
-1
0
-1
0
1
0
0
1
0
0
0
0
0
0
0
0
0
0
1
-1
0
-1
0
0
-1
0
0
0
0
-1
0
0
0
0
0
1
0
0
0
0
0
0
0
-1
0
0
0
0
0
0
-1
0
0
0
0
0
0
-1
0
-1
0
0
0
0
1
0
0
0
0
0
0
0
0
0
0
0
0
1
0
0
0
0
1
0
-1
0
1
0
0
0
0
0
0
0
-1
-1
0
0
0
1
0
-1
0
0
-1
0
0
0
-1
0
0
1
0
0
0
0
0
0
1
0
0
0
0
1
0
0
0
1
1
0
0
0
0
0
0
1
0
1
0
0
0
1
0
0
0
-1
1
1
0
-1
0
0
0
0
0
0
0
0
0
0
0
1
0
1
0
0
0
0
0
-1
0
1
1
5
10
15
10
-8
-41
-80
-111
-117
-81
-9
83
173
245
269
226
131
8
-129
-247
-328
-375
-384
-345
-248
-97
68
236
389
465
458
338
100
-189
-446
-624
-713
-703
-590
-334
37
435
765
923
844
524
24
-505
-1038
-1512
-1736
-1673
-1328
-857
-440
338
1738
3324
4518
4850
4323
2996
773
-1747
-3822
-5020
-4938
-3764
-1731
760
2843
4364
5030
4501
3165
1331
-416
-1849
-3088
-3713
-3855
-3620
-2769
-1514
41
1556
2654
3365
3315
2276
707
-1080
-2704
-3568
-3722
-3291
-2365
-1041
697
2102
2911
3271
2847
1594
-279
-2115
-3517
-4715
-5198
-4822
-4054
-2537
-780
580
3116
7050
10300
11816
11312
9057
4899
-881
-5991
-9520
-10884
-9419
-5911
-1112
3309
6757
9343
9551
7577
4590
1218
-1719
-4163
-5869
-6538
-6588
-5914
-4260
-2168
-25
2113
3743
4405
4025
2469
29
-2618
-4778
-5953
-5958
-4587
-2255
356
2873
4616
5214
4624
2623
-193
-2742
-4620
-5884
-6724
-6817
-5765
-4100
-2068
-170
1241
4224
8531
11406
12295
11125
8247
3702
-2108
-7134
-10519
-11347
-9248
-5526
-1167
2628
5608
7887
8166
6448
3920
1264
-1258
-3385
-4683
-5410
-5736
-5297
-4023
-2290
-502
1354
2979
4055
4321
3321
1342
-981
-3025
-4450
-5115
-4751
-3202
-583
2263
4533
5981
6145
4572
1743
-1274
-3875
-6068
-7229
-6784
-5384
-3437
-1225
810
3620
7641
11362
13561
13422
11224
7516
2013
-3889
-8466
-10855
-10257
-7320
-3146
1078
4326
6833
7965
6910
4576
1974
-446
-2608
-4332
-5152
-5538
-5718
-4971
-3566
-2138
-654
769
2076
2860
2382
1150
-446
-2253
-3758
-4909
-4877
-3583
-1877
406
2787
4659
5558
4884
3033
454
-2283
-4687
-6564
-7378
-6876
-5365
-3255
-931
898
3685
8133
11283
12725
12442
9840
5958
578
-4578
-8165
-10536
-9708
-6240
-1923
2367
5280
7517
8209
6633
4382
1629
-997
-2948
-4430
-5174
-5568
-5336
-3926
-2314
-925
583
1711
2352
2436
1538
195
-1517
-3258
-4305
-4972
-4813
-3577
-1895
245
2483
4311
5159
4451
2632
219
-2360
-4737
-6530
-7143
-6761
-5564
-3169
-492
1326
3939
8073
11340
12663
11940
9366
5275
-146
-5100
-8674
-10574
-9405
-5769
-1145
3107
6153
8390
8784
7023
4389
1458
-1340
-3622
-5115
-5775
-5947
-5331
-3496
-1351
314
1579
2422
3007
2983
1910
497
-1152
-2923
-4151
-4840
-4709
-3574
-1720
599
2837
4570
5381
4783
2940
403
-2459
-4961
-6668
-7472
-6967
-5425
-3073
-513
1589
4740
8834
11481
12269
11287
8650
4243
-1563
-6342
-9533
-10741
-8924
-5184
-684
3410
6646
8762
8553
6742
4419
1467
-1379
-3591
-4972
-5646
-5884
-4884
-2740
-611
1105
2621
3675
4111
3731
2260
340
-1665
-3391
-4685
-5266
-4750
-3529
-1567
458
2255
3932
4532
3983
2373
124
-2225
-4867
-6933
-7791
-7236
-5451
-3287
-870
1052
2982
6461
9616
11208
11394
9519
5940
921
-4501
-8798
-11089
-10763
-7753
-3348
1187
5557
8672
9955
9213
6381
2695
-1109
-4399
-6710
-8135
-7899
-6236
-3813
-955
1444
3264
4254
4231
3915
2713
612
-1306
-3054
-4277
-4804
-4660
-3811
-2350
-623
1372
3405
4649
4967
3913
1823
-554
-3276
-5774
-7303
-7612
-6391
-4410
-2045
394
2836
6671
10511
12493
12299
9868
6096
1016
-4736
-9303
-11501
-10849
-7732
-3319
1329
5663
8856
10350
9637
6812
3063
-798
-4321
-6977
-8249
-8047
-6395
-3839
-616
2261
4204
5463
5535
4816
3278
983
-1252
-3117
-4052
-4254
-4419
-3700
-2102
-330
1585
3278
4785
5306
4106
2199
-208
-3143
-5807
-7705
-8156
-6987
-4824
-1792
1382
3905
7272
10634
12294
12267
9596
5910
1529
-4184
-8493
-10986
-11119
-8245
-4480
492
5323
8217
10124
9410
6502
3089
-1014
-4504
-7284
-9058
-8873
-7601
-5170
-1909
1035
3513
5079
5401
4617
2703
301
-2108
-4351
-5759
-5983
-5439
-4017
-1799
730
3457
5007
5468
5116
3289
929
-1755
-4369
-6196
-7150
-6949
-5858
-4037
-1665
789
2786
3537
4995
8093
9934
10078
8744
6024
2066
-3539
-8177
-10750
-11103
-8186
-3316
2117
6771
10094
11963
11180
7993
3635
-1099
-5524
-8720
-9952
-9253
-6985
-3800
-51
3449
5588
6629
6277
4817
2854
18
-2626
-4726
-6027
-5815
-5454
-4635
-2880
-875
1624
3442
4656
5622
4945
2936
127
-3207
-6211
-8450
-9004
-7868
-5936
-2955
554
3188
6224
10077
12386
12894
11181
7429
2486
-4005
-9432
-12228
-12586
-9635
-4483
1553
7084
10554
12354
11881
8546
4035
-686
-5302
-8623
-10086
-9624
-7473
-4825
-1555
2277
5259
7117
7386
6214
4249
1287
-1789
-4431
-6358
-7029
-6666
-5292
-3149
-663
1905
4193
5607
6147
5579
3453
672
-2363
-5411
-7541
-8369
-7798
-6020
-3458
-364
2651
4940
7067
9760
11844
11688
9512
6094
1425
-4246
-9466
-12347
-12040
-8892
-3495
2759
8025
11605
12961
11840
8194
2710
-2805
-7579
-10833
-11932
-11171
-8584
-4864
-726
3372
6245
7355
7063
5422
2809
-240
-3599
-6328
-7990
-8651
-7695
-5698
-3093
8
2757
5223
6784
6884
5938
3685
636
-2685
-6045
-8285
-8972
-8330
-6411
-3553
-25
3265
5603
8175
10773
12037
11538
8892
5004
-116
-5972
-10242
-12533
-11850
-7895
-2173
4238
9150
12210
13570
11962
7898
2437
-3176
-7735
-10736
-11487
-10017
-7053
-2929
1727
5716
8400
9225
8082
5703
2390
-1278
-4750
-7591
-8899
-8760
-7492
-5072
-1907
1691
4495
5980
6790
6414
4355
1190
-2190
-5119
-7308
-8548
-8440
-7266
-5338
-2512
485
2983
4681
6066
8728
10633
10189
8889
5496
703
-4177
-8989
-11090
-10619
-7525
-1486
4434
9445
12760
13631
12483
8460
2852
-2765
-7863
-10919
-11499
-9905
-6470
-2143
2454
6576
8814
8969
7625
4831
1685
-1485
-4659
-6509
-7464
-7563
-6373
-4417
-1548
1145
3302
5356
6443
6216
4577
1712
-1741
-5101
-7672
-9233
-9728
-9146
-7398
-4331
-601
2705
4700
6370
8645
9807
9262
6624
2724
-1190
-5936
-9458
-11053
-10906
-7571
-2436
3324
8155
10902
12285
11330
7864
2805
-2737
-7103
-9750
-10164
-8332
-5198
-1271
2844
6310
8298
8710
7302
4651
1796
-1315
-3768
-5781
-6972
-6719
-5758
-3770
-1431
1017
3844
5781
6587
6285
4273
1411
-1807
-4920
-6910
-8211
-8568
-7271
-5011
-2168
838
3390
5468
5924
5404
6239
6999
6593
5180
2618
265
-2680
-6176
-7809
-7764
-5567
-1178
3282
7403
9954
10328
9117
5188
-108
-5078
-9014
-10482
-9904
-7697
-3942
169
4014
6795
7308
6374
4550
2081
-181
-2714
-5003
-6235
-6758
-6096
-4535
-2680
-187
2294
4220
5429
5448
4622
2954
338
-2452
-4949
-6769
-7633
-7366
-5740
-3156
-9
2869
4779
5930
5647
5214
6180
6251
5533
4622
2506
279
-2591
-5399
-6253
-5720
-3025
1298
5127
8204
9759
9410
7154
2650
-2176
-6074
-8830
-9174
-7582
-4915
-1642
1120
3666
5105
4448
3115
1233
-773
-2328
-3953
-5073
-5500
-5404
-4571
-3360
-1848
24
1822
3347
4304
4264
3343
1543
-755
-2996
-4907
-6043
-6377
-5659
-3971
-1927
476
2640
4141
4458
3085
2424
3092
3567
4228
4146
3105
1252
-2099
-4730
-6227
-6650
-4319
-638
3405
6827
8204
8159
6150
2606
-1056
-4338
-6008
-6153
-4890
-2553
-327
1903
3810
4727
4491
3456
1940
347
-1080
-2550
-3441
-4080
-4600
-4149
-3354
-1941
-109
1179
2605
3514
3440
2638
706
-1517
-3687
-5461
-6102
-6218
-5628
-3819
-1542
594
2070
2694
2930
2267
1549
2973
5227
6400
6804
6107
4090
948
-2925
-5415
-5893
-4791
-1494
2374
5590
7883
8358
7470
4731
958
-1920
-4186
-4984
-4422
-3615
-1987
-204
1398
2611
2467
1976
1507
583
-404
-1428
-2535
-3531
-4181
-4154
-3662
-2953
-1703
-226
1211
2437
2788
2393
1441
-77
-1640
-3077
-4035
-4279
-4119
-3445
-2552
-1624
-404
522
1285
1591
1182
2670
5117
6288
7133
6331
4023
1089
-2988
-6109
-7735
-7567
-4500
-722
2956
6256
7878
8073
6112
2613
-468
-3323
-5111
-5067
-4593
-3443
-1705
-99
1832
2592
2258
1973
1109
387
-510
-1725
-2336
-2990
-3223
-2751
-2516
-1832
-625
421
1587
2081
1906
1711
612
-704
-1618
-2912
-3900
-4466
-4428
-3473
-2675
-1453
269
1573
2433
2246
2771
4942
6181
6899
7116
5312
2722
-454
-3782
-5938
-7023
-5705
-2406
840
3996
6361
7527
7116
4630
1765
-824
-3341
-4596
-4787
-4412
-3159
-1623
183
1583
1667
1574
1343
714
249
-518
-1208
-1643
-2232
-2449
-2493
-2402
-1910
-1277
-317
734
1373
1804
1922
1433
740
-481
-2187
-3285
-3932
-4124
-3528
-2252
-288
1728
3419
4138
3887
5161
7117
7794
7892
6876
4555
1268
-2687
-6145
-8034
-7766
-5120
-1021
2767
5798
7856
8286
6856
3547
-191
-3163
-5341
-6219
-6254
-5681
-3957
-1921
-93
1039
1007
729
386
-28
-253
-703
-1214
-1430
-1794
-2427
-3026
-3223
-2851
-1921
-366
1114
2079
2714
2650
1740
221
-1919
-4150
-5340
-5621
-5465
-4324
-2353
-91
1931
3141
3380
3051
3893
5903
6972
6707
5563
3677
986
-2721
-6004
-7418
-6725
-3564
528
4113
7283
9203
9589
7934
4375
824
-2162
-4141
-5042
-5546
-4984
-3614
-1899
-156
454
614
1020
1352
1461
884
-188
-1258
-2248
-3267
-4255
-5023
-5371
-4691
-2956
-853
1047
2508
3455
3385
2111
-72
-2960
-5388
-6323
-6099
-5029
-3095
-356
2468
4373
5146
4703
3930
4509
5977
6620
6095
5073
3611
1028
-2415
-5316
-6509
-5634
-2744
1013
4086
6415
7937
8346
7150
3973
667
-1835
-4120
-5630
-6347
-6075
-4523
-2232
80
1486
2345
2957
3171
3208
2596
1502
389
-882
-2154
-3226
-3829
-3888
-3289
-1660
367
2112
3414
4040
3534
1529
-1337
-4377
-6871
-7914
-7511
-5881
-3336
-357
2318
4020
4462
3523
3155
3920
4231
4245
3378
1953
330
-2549
-4930
-6449
-6643
-4198
-988
2591
5804
7505
8462
7706
5093
1631
-2029
-4612
-6263
-7086
-6686
-5443
-3425
-934
727
1276
1591
1409
991
579
-316
-1120
-1873
-2425
-2786
-3538
-3634
-2985
-1593
797
2614
3608
4049
3644
2562
489
-2040
-4076
-5139
-4767
-3527
-1793
432
2576
4444
5476
4803
2628
1067
2009
3604
4277
4729
4832
4111
1986
-1232
-4457
-6355
-5490
-2658
715
3851
6402
8377
8621
6363
2474
-1753
-5176
-7421
-8327
-8072
-6799
-4165
-1078
1146
2071
2129
2048
1754
1112
125
-930
-1507
-1940
-2481
-3073
-3556
-3826
-3473
-1916
-10
1488
2717
3609
3663
2360
209
-2072
-3702
-4324
-4333
-3233
-1269
1019
3311
4401
4615
3332
1346
2143
3649
4422
5223
5125
4822
2664
-940
-3667
-5726
-5277
-2527
852
4334
6830
8775
9369
7370
3582
-827
-4470
-6945
-8153
-8133
-7051
-4921
-2333
44
960
979
1110
949
995
542
-309
-749
-1633
-2595
-3727
-5252
-6137
-6031
-4642
-2327
-6
2064
3557
3812
2780
998
-1335
-3400
-4412
-4534
-3910
-2430
54
2419
3585
3767
3158
1833
235
709
3141
4796
6178
6760
6032
4049
162
-2666
-3879
-4037
-1726
1165
3929
6584
7923
8313
6467
2640
-908
-4124
-6387
-7611
-7878
-6447
-4231
-1730
598
1645
2121
2464
2271
1928
1083
-33
-778
-2014
-3523
-4925
-6439
-6687
-5531
-3772
-1427
666
2425
3727
3541
2193
255
-1857
-3360
-4319
-4773
-4410
-2983
-960
686
1909
2874
2882
1828
1521
3347
5343
5856
6182
6200
4974
2247
-1121
-3104
-3750
-3003
-630
1957
4282
6108
7195
6795
4044
707
-2242
-4799
-6534
-7504
-6892
-5219
-3010
-108
1861
2640
3049
3327
3167
2076
778
-278
-1041
-1978
-3217
-3987
-4550
-4243
-2954
-1458
549
2403
4196
5232
4194
2332
16
-2446
-4287
-5538
-5653
-4739
-3102
-1307
254
1593
2072
1706
596
483
2557
4259
5080
5718
5851
4819
1746
-1361
-3473
-4519
-3453
-1400
1062
3457
5277
6786
6211
3528
514
-2421
-4896
-6729
-7479
-6736
-5095
-2703
-130
1383
1958
2280
2429
2122
1108
-124
-842
-1519
-2521
-3605
-4561
-4861
-4156
-2676
-770
1290
2986
4224
4406
2929
723
-1452
-3240
-4356
-4923
-4820
-3899
-2286
-528
733
1474
1819
1698
1108
1675
3667
4884
5862
6685
6111
4070
930
-1609
-3298
-4149
-3127
-898
1516
3660
5691
6927
6024
3643
905
-1663
-4030
-5831
-6149
-5398
-3730
-1499
300
1435
1829
2183
2287
1562
647
-295
-966
-1568
-2367
-2881
-3511
-3874
-3332
-2225
-678
940
2504
3662
3695
2505
667
-1117
-2869
-3973
-4014
-3650
-2600
-1152
149
1253
1516
1701
1517
351
689
2573
3968
5229
6053
5733
4210
1124
-1923
-3803
-5038
-4576
-2402
104
2787
5164
6662
6575
4509
1941
-754
-3636
-5548
-6135
-5293
-3840
-2196
-90
1160
1452
1423
859
151
-777
-1580
-1764
-1937
-2045
-1938
-2074
-2320
-2217
-2065
-1470
-92
1214
2378
2895
2391
1532
80
-1480
-2343
-2616
-2343
-1618
-528
470
1258
1798
1902
1721
852
890
2786
4268
5600
6697
6373
4914
1588
-2151
-5202
-7467
-7202
-5222
-2423
981
4098
6446
6556
4801
2502
-529
-3475
-5473
-6056
-5456
-4511
-2733
-661
301
442
655
971
855
596
512
654
656
-38
-741
-1513
-2665
-3199
-3194
-2427
-741
922
2541
3520
3427
2656
1038
-777
-2251
-3270
-3322
-2761
-1943
-929
-62
671
1062
856
192
-338
757
3290
5542
6962
7437
6791
4556
855
-2986
-6149
-7710
-6935
-4664
-1709
1595
4753
7061
7704
6421
4002
1302
-1513
-3898
-5331
-5834
-5332
-4082
-2533
-1036
57
1025
1845
2188
2281
2002
1501
742
-422
-1575
-2919
-4247
-4643
-4045
-2603
-624
1404
3215
4017
3569
2403
670
-1099
-2499
-3225
-2873
-2290
-1372
-51
772
1527
1757
1240
581
-86
1401
4317
5967
7357
7965
6942
4286
-163
-4364
-7510
-8820
-7218
-4273
-876
3110
6870
9382
9334
6603
2942
-1031
-5123
-8127
-9556
-9597
-8304
-5893
-2708
-105
1379
2662
3452
3729
3443
2564
1767
552
-866
-2084
-3539
-4518
-4825
-4460
-2897
-616
1747
3713
4467
4118
3185
1559
-548
-2572
-3765
-3818
-3131
-2059
-1001
-87
680
857
535
14
-550
518
3153
5386
6959
7238
6211
3979
-183
-4343
-7066
-8167
-6855
-3828
186
4394
7942
10411
10528
8023
3967
-482
-4681
-8215
-10312
-10498
-8912
-6320
-3068
206
2345
3839
4710
4798
4215
2682
1420
263
-1474
-3027
-4385
-5251
-5373
-4780
-3226
-1028
1558
4055
5727
6279
5565
4101
2148
-409
-2739
-4180
-4573
-4060
-3074
-1577
515
2301
3079
3160
2298
1545
2614
3787
4422
4835
3985
2740
426
-3014
-5675
-7158
-6212
-3637
-527
3560
7123
9916
10736
8370
4585
-314
-5196
-8806
-11387
-11792
-10118
-6977
-2746
1009
3799
5710
6362
5889
4696
2883
792
-1089
-2658
-3896
-5268
-6429
-6286
-5186
-3440
-921
2100
5212
7055
7058
5888
3668
550
-2767
-5190
-6260
-6291
-4961
-2473
198
2486
4050
4883
4547
2768
570
-470
572
1912
2732
3863
3892
2688
343
-2781
-4944
-5876
-4518
-1263
2097
5621
8479
9630
8490
4956
326
-4513
-8581
-10786
-11118
-9870
-7158
-3335
725
3782
5205
5655
5236
3635
1693
-351
-2369
-3759
-4798
-5281
-5458
-5747
-4973
-3174
-1225
916
2990
4782
5585
4759
3197
1203
-1395
-3742
-5011
-4873
-3890
-2165
612
3165
4675
5584
5315
3912
1750
-964
-1343
296
1354
3188
4874
5393
5016
2550
197
-1573
-3029
-2233
-711
1360
3923
5523
6559
5574
2527
-804
-4576
-7697
-9215
-9311
-7678
-5036
-1748
1920
4200
4945
5152
4170
2377
425
-1546
-2620
-3475
-4414
-4652
-4779
-4682
-3913
-2923
-1341
675
2432
3878
4420
3877
2658
687
-1611
-3548
-4657
-4527
-3465
-1653
489
1992
2921
3345
2810
1536
145
-1235
-1190
1183
3424
5516
7229
6931
6374
4422
1109
-1017
-2768
-2658
-831
722
3141
4945
5591
5507
3275
402
-2958
-6385
-7782
-8326
-7631
-5579
-3189
176
2619
3343
3650
2905
1376
-369
-2475
-3988
-5071
-5786
-5479
-5183
-4788
-3620
-2227
-542
963
2162
3685
4496
4237
3451
1973
137
-1741
-3319
-4180
-4212
-3334
-1761
-3
1502
2403
2344
1609
668
-703
-1731
-779
1465
3313
4913
6037
6026
4654
1958
-644
-2669
-4054
-3419
-1346
1071
3469
5132
6038
5193
2558
-312
-3169
-5461
-6649
-6481
-4775
-2618
-119
2509
4043
4452
4066
3027
1573
-141
-1542
-2175
-2652
-3062
-2966
-2812
-2525
-2068
-1268
131
1323
2529
3779
4079
3443
2065
182
-1836
-4017
-5649
-5922
-5053
-3510
-1413
757
2232
2687
2040
1054
-156
-1870
-1877
286
2581
4984
6801
7520
7010
4364
1361
-1359
-3653
-3967
-2730
-278
2374
4306
5776
5687
3892
1044
-2375
-5295
-7219
-7669
-6492
-4586
-2282
559
2775
3570
3668
2960
1742
445
-1017
-1956
-2915
-3890
-4180
-4391
-4257
-3468
-2329
-620
1122
2799
4473
5111
4704
3439
1450
-852
-3174
-4622
-5072
-4530
-2820
-925
974
2515
2657
2125
1143
-20
-817
-1665
-743
1850
3800
5271
5847
5547
4294
1430
-1054
-2526
-3375
-2662
-1067
753
2470
3404
3814
2966
800
-1360
-3581
-5528
-6397
-6193
-4990
-3505
-1723
624
2337
3181
3429
3042
2161
560
-1287
-2839
-4070
-4811
-4974
-4308
-2985
-1702
-324
1183
2428
3475
3979
3829
3309
2171
578
-1139
-2515
-3309
-3773
-3200
-1643
22
1683
2913
3566
3427
2312
1149
-77
-929
-35
1663
3388
5094
5859
6062
5164
2559
-84
-2369
-3994
-4057
-3159
-1277
1113
2840
4069
4099
2637
445
-2271
-4569
-5792
-6130
-5440
-3968
-1800
654
2286
3155
3162
2319
1166
-439
-1855
-2793
-3634
-3726
-3171
-2649
-1969
-1361
-745
275
1229
2166
2914
2916
2614
1748
-79
-1935
-3353
-3956
-3503
-2428
-682
1220
2732
3487
2992
1771
206
-1116
-2001
-2286
-476
2171
4402
6674
7636
7481
5673
2105
-807
-3700
-5651
-5308
-3863
-1203
1385
3584
5326
4707
2739
172
-2783
-5109
-6810
-6956
-5927
-4587
-2178
614
2732
3869
3998
3682
2617
642
-1146
-2482
-3576
-3968
-3722
-3262
-2612
-1837
-708
397
1115
2013
2639
2749
2569
1896
999
-181
-1333
-1735
-1831
-1818
-1350
-619
87
331
76
-128
-622
-1299
-1535
-1503
-40
2480
4226
5837
6698
6070
4576
1587
-1653
-3831
-5208
-4704
-2827
-517
2286
4311
5385
5074
2867
113
-2858
-5266
-6501
-6792
-5496
-3275
-659
2231
4158
5064
5077
4130
2850
1088
-757
-1995
-2837
-3394
-3485
-3355
-3053
-2393
-1706
-672
655
1838
3172
3778
3462
2759
1181
-632
-2504
-4143
-4710
-4645
-3623
-1903
-215
1313
1997
2290
2124
1315
530
-288
-2
1534
3035
4650
5625
5412
4513
2453
-81
-2426
-4017
-3853
-2519
-702
1354
3213
4157
3979
2716
441
-1883
-3726
-4745
-4696
-3986
-2415
-208
1982
3625
4143
3958
2986
1495
24
-1778
-3142
-3895
-4374
-4029
-3570
-3010
-2095
-1358
-299
663
1238
1996
2536
2574
2022
807
-535
-2094
-3750
-4555
-4667
-4019
-2545
-829
1167
2404
2858
3205
2431
977
-682
-1872
-938
435
1624
3507
4405
4585
3751
1294
-862
-2840
-3985
-3182
-1929
-136
2199
3819
4953
4775
3175
1339
-926
-2988
-4062
-4193
-3392
-1900
228
2584
3888
4180
3727
2634
1300
-785
-2541
-3367
-4108
-4081
-3436
-2925
-2200
-1647
-865
289
623
844
1383
1661
1519
725
-354
-1552
-2705
-3557
-3930
-3744
-2994
-1414
534
2121
2807
2955
2531
1282
-65
-1489
-2156
-729
1242
3109
4986
5384
5080
3583
825
-1370
-3397
-3888
-2398
-564
1662
3687
5331
6151
4930
2703
88
-2567
-4235
-5001
-4250
-2639
-674
2137
4263
5023
4695
3419
1792
-221
-2277
-3601
-4312
-4372
-3692
-2765
-2104
-1526
-952
-381
77
235
513
810
944
902
288
-710
-1523
-2101
-2649
-3057
-2704
-1602
-336
945
1810
1918
1204
-50
-1286
-2552
-3542
-3092
-768
1738
3759
5451
5871
5054
2840
-53
-2327
-4017
-3916
-2072
-195
1901
3985
5341
5220
3180
805
-1416
-3443
-4349
-4306
-3373
-1680
510
3026
4415
4437
3971
2793
1164
-575
-2431
-3658
-3952
-3661
-2894
-2243
-1820
-1051
-433
-132
392
988
1647
2208
2475
2448
1590
355
-832
-2156
-3159
-3699
-3260
-1981
-755
581
1585
1575
1058
65
-1279
-2395
-3448
-3886
-2321
195
2405
4527
5465
5841
5134
1758
-1220
-3013
-3758
-2757
-1805
446
3269
4522
5149
4054
2015
132
-2097
-3334
-4061
-4081
-2489
-577
1800
3691
4255
4189
3002
1534
-266
-2868
-4575
-4949
-4509
-3710
-3093
-2102
-761
5
457
847
1052
1544
2245
2731
2808
2195
1414
581
-711
-1584
-1960
-2059
-1548
-646
712
1837
2324
2400
1653
325
-1336
-3206
-4580
-5063
-3487
-162
2798
5542
7342
7263
5791
2530
-1198
-3966
-5626
-5539
-4168
-2202
488
3152
4685
4575
3136
1094
-1075
-2829
-3902
-3983
-2842
-836
1509
3406
4193
3978
2913
1093
-1013
-2976
-4357
-4562
-3747
-2616
-1525
-576
204
676
746
796
1071
1482
1975
2252
2087
1659
868
-222
-1611
-2912
-3438
-3267
-2542
-1361
-38
1094
1894
1922
874
-648
-2176
-3489
-4359
-4246
-1965
1382
3966
6080
7154
6756
4855
1465
-1813
-4347
-5445
-4411
-2731
-722
1779
3855
4873
4087
2221
359
-1684
-3191
-3624
-3054
-1672
161
2214
3515
3622
2640
874
-883
-2505
-3881
-4477
-4109
-2820
-1500
-605
263
780
742
349
177
236
281
777
1263
1411
1239
707
243
-584
-1465
-1726
-1625
-1226
-611
323
1076
1359
1516
833
-362
-1340
-2078
-2136
-2214
-862
2810
5452
6758
7110
6241
4784
1510
-1923
-3869
-4836
-3899
-2140
-297
2001
3791
4775
4368
2731
1003
-852
-2396
-3262
-3226
-2347
-1364
122
1624
2019
1353
328
-595
-1588
-2483
-3003
-2843
-2191
-1709
-1377
-1224
-1268
-1224
-1062
-652
-217
289
1124
1588
1372
798
92
-688
-1723
-2516
-2518
-2116
-1503
-743
129
956
1188
1009
430
-526
-1181
-1691
-1723
-1165
-218
2479
5157
6139
6573
5728
4158
1951
-1330
-3346
-4207
-4105
-2550
-1170
623
2597
3635
3960
2756
1004
-389
-1924
-3030
-3543
-3197
-2162
-1007
545
1834
2254
2065
1431
684
-285
-1619
-2591
-2852
-2856
-2797
-2510
-1928
-1158
-518
181
1037
1428
1616
2022
1882
1298
638
-228
-961
-1809
-2400
-2319
-2284
-1913
-1158
-425
298
655
835
410
-420
-853
-1305
-1595
-1591
137
3403
5185
6077
6357
5712
4375
1089
-2071
-3679
-4169
-2802
-1118
546
2974
4779
5427
4521
2459
597
-1234
-2780
-3591
-3430
-2385
-974
1015
2721
3306
3085
2153
917
-630
-2479
-3744
-4003
-3585
-2895
-2121
-1268
-324
433
852
1279
1510
1724
2100
1777
744
-518
-1625
-2571
-3699
-4274
-3951
-3220
-2142
-751
570
1203
1166
1064
357
-1318
-2676
-3093
-2871
-2370
-1239
1464
4300
5669
6264
5637
3861
1430
-1320
-3046
-3990
-3557
-1491
511
2346
4043
5179
5116
3660
2135
446
-1423
-2609
-2841
-2154
-1366
14
1808
2594
2667
2193
1248
-58
-1565
-2511
-3165
-3522
-3125
-2566
-2130
-1600
-728
10
111
337
720
670
51
-669
-1000
-1453
-1843
-1670
-1500
-1603
-1432
-774
-204
28
411
1057
1454
1221
722
324
-222
-300
-11
214
1425
3082
4120
4319
3343
2421
1268
-850
-2169
-2811
-2676
-1428
-223
1188
2246
2663
2896
1967
473
-836
-2225
-3142
-3317
-2583
-1419
-311
1419
3072
3488
2792
1655
592
-819
-2451
-3231
-3231
-2848
-1951
-770
229
760
1215
1718
1575
971
461
69
-517
-1300
-1696
-1839
-1977
-1878
-1632
-1364
-1018
-527
98
635
1118
1578
1586
1191
772
426
165
-161
423
2285
3614
4190
4351
3954
3164
1136
-1036
-2182
-2778
-2373
-1571
-632
662
1551
2256
2187
983
-194
-1385
-2400
-3074
-3540
-3030
-1934
-766
553
1444
1644
1354
748
-88
-1205
-2261
-2767
-2824
-2392
-1621
-901
-290
398
1112
1426
1225
951
1059
859
-9
-706
-1018
-1251
-1572
-1751
-1443
-1036
-545
71
446
933
1497
1559
957
-146
-829
-1015
-1508
-1510
-708
553
2309
3555
4254
4264
3182
2256
906
-1117
-2254
-2574
-1977
-1037
-297
1153
2272
2560
2640
1954
806
-352
-1321
-1874
-2221
-1981
-1157
-256
520
1023
1093
584
104
-253
-1084
-1902
-2178
-2073
-1908
-1816
-1359
-764
-639
-362
220
512
527
647
700
268
-164
-291
-526
-905
-893
-442
-365
-594
-191
295
231
44
-83
-56
-309
-591
-369
-282
360
2226
3659
4046
3920
3508
2814
991
-1016
-1832
-2264
-1917
-549
677
1764
2697
3562
3730
2370
1078
315
-592
-1430
-1989
-1721
-1197
-562
661
1434
1626
1605
1508
1169
-61
-1295
-2088
-2879
-3366
-3640
-3714
-3445
-2701
-1523
-458
281
823
1177
1103
552
-253
-1409
-2349
-2688
-2799
-2843
-2858
-2264
-1075
-208
398
1062
1472
1721
1974
1557
541
-249
-460
364
1252
1599
2533
3219
3284
2781
1036
-485
-1109
-1132
-672
-550
139
1421
2083
2290
1723
796
-76
-771
-833
-1315
-1809
-1299
-391
636
1224
1611
1971
1838
1690
1083
-152
-1288
-1828
-1777
-2062
-2227
-1738
-1249
-621
62
607
798
630
847
701
-412
-1527
-2128
-2439
-2810
-2843
-2246
-1674
-997
-60
489
664
814
1150
1260
651
132
-16
-317
-359
-210
-77
584
1674
2568
2656
2220
2188
1936
807
-10
-111
-148
-194
180
918
1101
808
1071
1328
744
-81
-506
-615
-854
-849
-344
-128
174
912
1206
840
279
11
-368
-1223
-1713
-1812
-1811
-1328
-626
-44
349
774
1238
1079
611
307
-269
-1063
-1519
-1602
-1895
-2237
-1802
-941
-553
-424
77
575
636
612
456
-41
-605
-901
-878
-1044
-633
861
1915
2430
2663
2564
2244
958
-376
-1177
-1843
-1474
-791
-407
370
1339
2190
2210
1672
1359
684
-163
-572
-777
-1063
-1276
-696
141
300
345
755
1121
868
346
-1
-621
-1457
-1978
-2237
-2426
-2456
-1999
-1207
-496
136
434
317
104
-271
-1014
-1779
-1942
-1819
-1856
-1657
-1032
-367
-46
400
1131
1342
1209
1367
1426
1040
575
606
738
541
929
1865
2293
2296
2469
2570
1904
777
64
-215
-515
-561
33
740
1305
1729
1730
1377
697
-147
-928
-1687
-2031
-1995
-1772
-1016
-147
421
813
1138
1275
756
-59
-571
-1092
-1698
-1991
-1890
-1795
-1747
-1284
-630
-330
-322
-189
136
47
-373
-642
-856
-918
-970
-1106
-1128
-1025
-503
68
308
600
874
1214
1460
1287
902
394
479
1369
1894
1989
2207
2505
2504
1609
371
-455
-968
-960
-471
46
661
1419
2095
2161
1403
474
-315
-1095
-1753
-2010
-1884
-1521
-825
-4
492
526
459
553
343
-304
-877
-1187
-1403
-1673
-1954
-2125
-2208
-2004
-1481
-1079
-768
-262
391
890
778
275
-227
-824
-1450
-2067
-2572
-2540
-2052
-1346
-429
464
1161
1651
1843
1763
1339
642
224
128
144
500
1287
2198
2987
3411
3249
2642
1572
361
-508
-1003
-836
-243
424
1408
2165
2267
1898
1258
660
-231
-1153
-1393
-1285
-1000
-469
300
1011
1242
1373
1424
878
-65
-902
-1405
-1860
-2276
-2376
-2394
-2324
-2072
-1862
-1760
-1689
-1321
-766
-441
-144
71
16
-254
-752
-1270
-1776
-2025
-1669
-1192
-623
240
897
1309
1445
1236
908
379
225
717
988
1323
2041
2519
2652
2216
1499
829
-55
-580
-647
-586
-44
820
1670
2149
1939
1334
455
-555
-1392
-1961
-2143
-1772
-849
178
908
1313
1465
1520
1348
902
343
-424
-983
-1085
-1228
-1319
-1239
-1033
-723
-525
-213
89
58
161
557
854
714
313
122
-275
-1104
-1660
-1642
-1490
-1271
-612
139
340
123
32
12
-395
-806
-772
-511
20
755
1448
1901
1949
1990
1781
915
131
-246
-349
-220
50
565
1148
1659
1902
1440
487
-377
-1103
-1839
-2322
-2139
-1519
-941
-191
679
986
779
613
309
-377
-1089
-1434
-1469
-1636
-1764
-1527
-1306
-1186
-941
-698
-513
-330
24
388
515
625
626
397
119
-165
-553
-953
-1030
-917
-825
-625
-299
130
351
374
506
570
687
1040
1296
1266
1173
1340
1532
1289
990
901
807
612
484
672
754
747
1029
1165
814
277
-61
-431
-1021
-1273
-1045
-688
-229
509
1260
1433
1319
1349
937
83
-506
-736
-997
-1230
-973
-658
-765
-670
-189
-101
-379
-295
6
-56
-332
-225
-65
-337
-404
-31
-52
-487
-449
-176
-336
-633
-515
-389
-654
-747
-368
-266
-467
-58
573
727
885
1388
1696
1490
1244
1182
666
-22
-102
-160
-631
-740
-189
68
-203
-140
235
55
-427
-277
-42
-465
-603
47
508
330
367
830
719
172
-13
-254
-915
-1331
-1195
-1139
-1270
-1042
-553
-439
-634
-549
-570
-918
-920
-568
-433
-483
-161
337
330
187
362
260
-193
-345
-283
-549
-805
-448
54
210
485
1238
1735
1508
1434
1581
1112
401
212
247
8
-89
457
890
696
716
1005
774
188
-71
-102
-473
-774
-406
-99
-191
59
648
746
381
329
475
145
-200
-150
-342
-828
-908
-725
-872
-1088
-814
-416
-443
-373
16
10
-329
-299
-158
-542
-934
-719
-408
-512
-426
92
305
231
441
575
145
-268
-179
-164
-519
-416
243
580
723
1205
1543
1310
1126
1257
1066
688
739
1037
942
703
894
835
343
97
16
-476
-1060
-950
-617
-745
-671
104
501
289
385
673
299
-489
-646
-588
-1126
-1499
-1223
-1140
-1376
-1242
-775
-688
-819
-425
24
-79
-132
150
190
-65
3
187
-100
-303
53
236
15
171
613
520
181
329
521
136
-170
222
359
38
241
846
914
587
789
1042
709
405
624
708
380
430
708
475
66
45
54
-409
-827
-745
-834
-1083
-866
-426
-276
-257
27
215
-100
-387
-461
-865
-1338
-1389
-1317
-1390
-1317
-869
-585
-693
-513
-188
-352
-686
-631
-451
-526
-581
-329
-118
-197
-69
292
264
118
328
565
542
468
726
905
724
728
854
718
498
546
665
593
648
1025
1295
1312
1472
1685
1561
1348
1333
1265
961
751
880
763
334
227
263
16
-279
-228
-46
-150
-164
162
231
-41
-168
-210
-498
-847
-992
-1040
-1200
-1228
-937
-818
-763
-496
-399
-564
-778
-855
-941
-1157
-1173
-1033
-986
-922
-713
-508
-429
-378
-302
-242
-296
-391
-289
-139
-21
99
172
272
335
376
446
537
611
639
804
971
954
894
876
863
793
712
675
645
666
718
674
527
445
436
316
164
75
46
95
189
199
63
-109
-250
-400
-578
-742
-795
-803
-689
-527
-507
-541
-542
-493
-612
-811
-825
-776
-765
-697
-558
-503
-489
-480
-484
-498
-578
-591
-447
-267
-161
-76
8
112
54
-132
-179
-172
-164
-103
84
321
381
457
676
699
574
557
649
662
555
594
747
733
733
813
702
521
425
353
304
239
368
629
667
700
832
854
713
491
306
90
-230
-329
-251
-213
-103
71
255
293
189
135
-26
-367
-567
-580
-631
-666
-488
-242
-197
-230
-176
-242
-514
-734
-730
-750
-889
-764
-496
-445
-460
-319
-159
-177
-184
-24
83
20
-34
24
-20
-191
-282
-318
-383
-373
-196
9
182
373
486
461
434
363
200
44
-43
-6
22
51
243
423
517
569
505
403
286
179
126
69
127
262
339
408
530
542
401
306
230
125
-7
33
201
224
335
504
526
420
289
173
-77
-307
-372
-406
-460
-413
-254
-205
-257
-255
-320
-529
-697
-692
-756
-914
-844
-610
-486
-417
-241
-79
-132
-296
-341
-438
-714
-760
-559
-436
-360
-132
201
345
334
390
376
121
-102
-134
-179
-251
-163
91
163
143
315
425
342
308
495
538
336
362
520
407
196
298
443
258
145
332
452
319
364
628
621
448
526
605
383
147
86
9
-166
-177
-1
-10
-91
15
124
70
-6
19
-52
-221
-287
-282
-342
-411
-327
-206
-231
-318
-300
-316
-433
-440
-331
-225
-180
-65
78
66
-31
-62
-73
-238
-338
-228
-122
-111
-64
119
175
98
124
194
126
8
67
161
98
61
213
329
241
184
206
156
34
-57
-82
-87
-62
71
250
291
274
293
226
36
-139
-216
-257
-279
-174
46
189
212
277
299
97
-169
-234
-296
-455
-417
-190
-67
-121
6
227
144
-106
-150
-168
-485
-640
-447
-350
-423
-285
53
77
-56
57
107
-179
-409
-320
-354
-567
-482
-162
-42
-48
189
394
221
53
124
106
-89
-84
145
226
253
430
596
557
472
504
461
271
142
130
49
-48
28
156
166
216
352
393
253
131
76
-23
-131
-93
35
50
41
171
249
98
12
59
-34
-252
-246
-133
-174
-223
6
216
135
100
149
74
-160
-253
-184
-294
-368
-183
-108
-242
-228
-89
-136
-223
-65
74
-62
-47
182
226
83
142
230
71
-77
-48
-82
-307
-296
-78
-44
-90
41
107
-28
-54
16
-90
-254
-123
41
-37
-84
91
105
-48
3
103
0
-133
-10
81
4
21
181
176
97
205
267
171
128
224
215
113
134
214
200
96
110
151
42
-33
-2
7
-53
-97
-38
39
35
-2
19
43
-58
-201
-259
-283
-365
-351
-210
-150
-175
-227
-254
-319
-455
-493
-446
-422
-379
-302
-283
-218
-94
-71
-145
-154
-97
-140
-168
-3
199
215
318
564
567
410
367
450
319
82
111
175
103
130
346
506
437
394
436
296
41
-115
-137
-196
-201
-61
61
121
144
192
197
134
11
-112
-128
-172
-224
-145
31
181
208
264
317
223
52
-72
-111
-194
-258
-212
-107
-34
36
116
119
81
-1
-132
-224
-309
-380
-442
-405
-260
-222
-213
-62
59
11
-79
-52
-62
-232
-289
-129
-83
-188
-107
103
94
-46
15
128
3
-137
-23
81
-2
-9
191
276
187
268
408
352
234
279
347
218
143
245
262
156
186
291
209
102
188
239
125
90
176
118
-38
-59
-48
-214
-337
-213
-189
-289
-164
-6
-99
-222
-138
-79
-298
-435
-278
-288
-514
-460
-245
-258
-327
-143
111
42
-70
73
80
-142
-227
-156
-154
-203
-54
153
100
23
131
125
-27
-4
70
36
12
134
251
147
122
272
284
168
165
215
121
-30
28
105
-17
-37
133
178
110
142
211
148
3
38
96
-64
-120
-41
-72
-185
-173
-23
-6
-90
-38
25
-81
-126
-24
-24
-97
-76
24
-32
-175
-103
-48
-119
-100
13
64
19
60
152
90
-5
42
56
-62
-99
-47
-50
-95
-38
90
75
37
141
178
77
53
124
116
19
18
106
87
43
117
173
135
134
190
173
112
103
115
104
102
124
110
39
60
111
66
47
94
86
-15
-48
-24
-64
-151
-143
-116
-190
-217
-147
-97
-125
-142
-110
-153
-231
-253
-277
-294
-257
-213
-209
-160
-100
-88
-85
-72
-63
-76
-69
-13
25
-17
-27
17
59
73
108
169
170
148
152
137
64
-8
-21
-20
-86
-100
-52
-8
15
45
127
159
90
49
55
-77
-241
-292
-252
-252
-292
-204
-51
-3
27
115
105
22
-18
-20
-50
-112
-102
-47
-37
5
84
111
153
231
253
258
263
267
214
124
98
79
32
38
122
160
153
177
190
147
97
79
45
27
26
22
17
32
35
34
35
24
10
-28
-30
-43
-101
-103
-44
-56
-78
-1
40
-32
-37
50
41
-59
-57
-15
-80
-122
-76
-67
-161
-159
-60
-56
-90
-51
-18
-44
-47
-45
-78
-80
-21
-64
-130
-86
-49
-102
-51
109
125
68
138
197
75
-35
-3
-16
-119
-63
68
49
31
163
188
91
95
138
48
-51
28
61
-66
-92
21
-5
-95
-45
32
-54
-155
-118
-112
-200
-213
-140
-110
-112
-70
-17
10
20
4
3
19
-18
-59
-24
-4
-27
-13
30
1
-52
-11
23
-33
-47
55
48
-32
14
102
22
-58
47
78
-50
-26
111
45
-41
40
105
5
-2
128
83
-50
15
103
6
-32
108
136
45
134
240
138
60
162
172
25
31
111
3
-115
-48
-10
-86
-37
84
91
62
116
90
-19
-7
1
-124
-187
-113
-116
-178
-130
-41
-76
-125
-60
-48
-123
-129
-114
-157
-143
-79
-107
-167
-113
-102
-165
-119
-40
-65
-85
34
99
32
67
178
123
38
137
192
95
136
311
281
189
295
321
157
126
240
160
17
99
157
14
-22
90
52
-54
34
109
-32
-97
-9
-75
-206
-121
-11
-80
-83
54
39
-94
-81
-35
-158
-214
-122
-111
-181
-137
-76
-135
-127
-37
-81
-164
-77
-56
-154
-125
-32
-84
-173
-83
-12
-108
-87
47
22
-42
44
92
-15
-23
64
37
-14
81
128
52
65
152
92
29
125
130
37
56
118
28
-59
1
19
-62
-39
68
31
-8
88
95
5
30
82
-8
-62
29
48
-49
-24
52
-21
-52
48
37
-52
9
65
-49
-89
28
9
-117
-43
68
-62
-149
0
30
-107
-72
67
15
-73
21
93
-19
-53
23
-31
-90
-4
29
-38
-2
50
-19
-47
40
48
-20
36
98
12
-19
88
116
42
73
130
67
32
91
80
15
62
101
6
-14
64
3
-72
23
74
-31
-28
82
42
-52
23
74
-58
-79
56
-6
-153
-65
20
-102
-127
72
91
-55
-1
116
5
-109
-5
25
-99
-76
44
0
-63
39
60
-40
-5
55
-21
-64
18
16
-78
-45
28
-50
-101
5
30
-65
-44
10
-81
-144
-49
-29
-115
-76
3
-55
-85
3
-11
-89
-44
38
-23
-72
21
24
-73
-46
46
-8
-78
5
57
-3
6
75
61
24
58
73
17
15
37
4
-37
-12
2
-28
4
50
49
48
70
43
-12
-20
-14
-14
1
32
54
43
43
43
15
14
24
15
27
66
69
63
90
87
38
66
95
14
-47
-9
-28
-130
-104
-6
-33
-83
21
74
-56
-99
-3
-44
-152
-86
14
-52
-92
28
45
-64
-46
56
18
-39
63
104
1
-25
68
34
-59
14
101
54
18
94
97
12
16
85
86
76
116
123
85
85
98
67
55
78
86
79
79
72
58
28
3
-20
-57
-72
-86
-74
-51
-72
-98
-103
-98
-110
-101
-72
-77
-99
-80
-66
-109
-151
-129
-113
-132
-90
-55
-72
-91
-61
-46
-77
-51
-24
-73
-100
-32
-23
-65
-36
29
30
-12
6
32
-4
-14
36
19
-13
-2
28
33
34
73
61
39
63
86
43
9
45
65
43
60
119
104
56
63
73
35
9
29
37
43
68
88
80
38
36
55
50
64
67
57
45
25
2
-31
-46
-46
-44
-53
-54
-48
-65
-80
-68
-32
-9
-13
-13
16
-4
-65
-86
-76
-83
-90
-45
2
8
4
14
12
1
34
49
21
27
58
19
-33
9
59
22
8
85
90
27
32
81
38
-24
4
41
-27
-76
-22
-33
-85
-56
-2
-37
-41
33
39
-27
-22
23
-12
-43
13
21
-41
-43
24
28
-39
-3
43
-14
-37
28
47
-10
-25
-7
-13
-16
12
33
18
23
46
17
-4
28
23
-11
18
64
26
-19
9
27
-4
-21
16
29
-5
-10
14
-2
-18
-14
-14
-22
-36
-29
-35
-47
-50
-39
-41
-41
-22
-21
-37
-40
-22
-32
-57
-50
-21
-12
-17
11
48
37
20
37
31
-21
-28
13
-12
-37
-6
22
14
19
67
40
-15
2
33
-13
-59
-5
-1
-65
-73
-28
-34
-91
-76
-19
-34
-52
-14
-6
-18
3
32
0
-16
16
22
14
28
54
24
0
36
62
19
21
87
87
49
55
71
40
3
20
36
17
28
68
83
71
66
53
21
27
43
23
-4
10
31
10
12
48
52
6
3
40
17
-29
-7
28
2
-10
17
26
-6
-6
21
8
-31
-20
10
-23
-44
6
11
-49
-46
-6
-51
-126
-100
-47
-91
-132
-79
-43
-105
-113
-39
-52
-105
-63
-15
-59
-70
0
17
-22
10
67
28
-17
41
56
-41
-38
57
54
-13
36
94
16
-52
21
67
-20
-34
70
90
15
44
101
45
10
74
100
35
22
67
52
19
51
77
24
-8
45
34
-42
-25
32
-6
-66
-28
-1
-75
-102
-42
-50
-121
-106
-58
-101
-147
-89
-37
-85
-69
7
6
-31
-4
33
-25
-76
-36
-21
-81
-81
-10
-18
-66
-21
38
2
-22
48
65
11
19
82
66
25
61
85
48
34
80
72
25
40
87
49
6
37
36
-18
-11
63
52
13
59
115
74
36
99
131
72
42
75
69
12
16
51
17
-22
2
10
-30
-42
-23
-37
-56
-24
-29
-83
-85
-36
-38
-80
-40
7
-15
-27
20
30
-12
-5
13
-3
-50
-42
-9
-28
-32
-4
-15
-52
-28
2
-20
-27
11
21
-3
-3
8
-23
-59
-35
-15
-29
-40
-21
-27
-28
7
22
4
10
44
22
-4
5
-3
-47
-56
-4
1
-31
-13
35
33
7
27
50
10
-21
-2
14
-7
-21
-1
-5
-13
5
30
27
11
17
13
-17
-28
-16
-25
-40
-38
-35
-42
-47
-27
-20
-35
-31
-3
-6
-39
-38
-2
-9
-31
-5
18
-12
-35
13
51
29
40
86
80
46
60
74
36
5
30
28
-13
-4
39
38
7
28
60
10
-29
-15
-20
-54
-50
-15
-22
-53
-38
-12
-16
-4
25
26
-7
-13
-3
-11
-2
26
42
33
49
66
63
59
81
99
70
39
33
36
5
-4
24
27
-2
-18
1
1
-24
-33
-8
13
2
2
25
19
2
19
36
27
14
16
12
10
28
35
2
-13
8
-12
-51
-40
-12
-40
-63
-42
-44
-76
-87
-64
-67
-97
-99
-81
-99
-98
-66
-74
-94
-69
-35
-41
-38
-15
-6
-14
-6
9
-16
-31
4
23
14
30
49
33
28
40
35
4
0
12
4
-5
10
13
-8
6
32
31
12
27
30
4
3
27
39
11
-4
4
14
19
32
52
70
76
64
68
75
68
41
40
47
36
34
39
48
40
31
13
-14
-44
-64
-55
-42
-30
-36
-60
-61
-33
-27
-40
-26
-12
-24
-34
-32
-42
-61
-67
-28
-3
-13
-13
-10
-23
-41
-34
-13
-4
9
29
24
9
-5
-14
-12
-6
6
14
25
38
47
47
50
47
31
38
54
38
12
13
13
-9
-6
25
32
22
24
43
42
15
17
34
36
30
23
23
22
15
18
26
29
20
8
9
6
-4
-14
-4
8
8
20
26
17
-8
-11
-30
-53
-52
-56
-60
-58
-38
-46
-68
-51
-34
-44
-56
-38
-39
-69
-70
-46
-54
-68
-36
-3
-29
-49
-21
-7
-32
-24
-3
-16
-33
-27
-17
-42
-45
-14
5
-3
4
11
-4
-1
30
52
56
63
51
30
12
13
7
0
28
46
50
59
62
46
19
10
22
19
9
18
40
38
20
22
16
0
-10
-7
7
4
-7
-4
-1
-20
-22
-9
-8
-6
5
30
20
-4
-6
-4
-11
-27
-14
-7
-22
-23
-17
-18
-19
-12
0
10
27
43
37
13
27
41
24
19
43
48
25
34
38
37
33
48
52
33
24
15
-5
-27
-5
8
-8
-18
-6
-10
-40
-40
-18
-12
-11
-13
-9
-18
-24
-16
-12
-5
-4
-3
-3
1
-6
-11
-3
-5
-8
-14
-16
-18
-26
-23
-17
-20
-28
-35
-53
-66
-58
-52
-47
-44
-41
-43
-50
-40
-36
-45
-24
-1
-1
-12
5
25
23
23
35
32
12
13
24
22
27
33
22
20
42
53
33
37
51
31
5
8
23
1
-9
10
21
2
6
41
30
9
18
17
-12
-24
-3
3
-11
-2
9
-2
-13
-4
3
-23
-29
-18
-19
-21
0
18
15
6
9
6
-6
-4
1
4
-5
-9
-10
-2
2
-7
-20
-31
-39
-35
-40
-50
-32
-22
-31
-40
-26
-13
-14
-22
-16
-2
-7
-6
17
29
20
19
32
35
26
31
45
54
54
57
46
41
45
50
49
47
56
53
35
41
40
19
12
20
5
-26
-25
0
2
-25
-26
-29
-48
-45
-27
-21
-39
-47
-38
-33
-28
-5
6
7
12
33
24
2
4
5
6
5
18
22
24
20
6
-4
-20
-25
-22
-23
-28
-40
-42
-41
-38
-32
-26
-27
-22
-5
3
-5
-10
6
8
-6
3
21
9
-4
5
23
22
23
42
34
7
-2
11
4
-6
15
17
-7
-7
-1
-13
-24
-19
-17
-34
-25
-15
-14
-20
-22
-29
-53
-46
-28
-27
-45
-42
-26
-51
-73
-73
-73
-70
-57
-29
-16
-16
-10
-7
-4
10
29
24
26
52
68
59
51
68
67
59
58
61
50
30
42
67
80
80
80
86
65
42
36
26
19
12
28
46
44
40
33
30
21
6
0
-3
-2
3
-5
-8
-2
2
-10
-19
-24
-39
-53
-43
-28
-23
-11
-4
-3
-19
-34
-39
-44
-59
-71
-69
-73
-67
-53
-39
-25
-15
-10
-7
-14
-20
-29
-39
-25
2
6
2
6
10
3
-3
3
-3
-12
-8
1
12
21
26
40
53
54
48
43
32
29
22
14
28
54
71
81
93
75
53
40
15
-20
-35
-24
-37
-50
-47
-40
-46
-50
-31
-25
-38
-38
-23
-24
-39
-33
-26
-41
-50
-31
-22
-37
-37
-30
-28
-35
-35
-38
-59
-65
-62
-68
-74
-59
-31
-24
-13
6
17
13
23
51
53
44
47
48
42
41
48
36
29
31
39
48
54
61
49
52
60
62
56
56
68
69
56
39
24
3
-8
-7
-14
-26
-13
-2
0
0
-4
-16
-20
-11
-8
-2
-7
-7
1
-2
-4
-13
-15
-19
-27
-21
-8
-12
-23
-43
-53
-62
-72
-57
-41
-34
-30
-19
-15
-22
-10
4
17
28
30
31
31
36
41
37
34
40
43
37
37
36
31
20
19
16
2
15
35
43
30
27
30
27
23
6
8
8
-3
-7
0
1
-19
-25
-22
-26
-34
-33
-18
-17
-34
-49
-53
-43
-28
-27
-31
-36
-42
-38
-39
-44
-34
-32
-33
-32
-31
-30
-23
-8
-15
-27
-35
-39
-30
-29
-25
-24
-23
-17
-6
-1
6
25
32
22
13
21
24
12
17
10
9
22
29
27
26
27
39
52
51
40
21
17
20
21
27
30
34
24
0
-1
1
-3
0
16
16
-1
4
9
1
-10
-7
18
28
9
8
8
-9
-29
-37
-32
-35
-29
-22
-6
11
18
17
15
14
-1
-22
-31
-40
-47
-40
-28
-12
3
15
13
19
16
6
14
14
15
23
30
31
28
29
33
46
71
69
43
31
28
25
13
15
21
24
25
25
31
23
6
-8
-7
-8
-7
-4
-2
11
19
-1
-19
-10
-7
-19
-23
-29
-34
-31
-36
-51
-68
-83
-85
-73
-51
-38
-24
-19
-23
-28
-44
-55
-53
-48
-69
-73
-54
-38
-31
-28
-18
-7
-1
9
32
44
37
44
58
51
37
40
32
36
38
46
67
64
58
55
42
23
1
-3
-17
-30
-39
-49
-33
-20
-11
-11
-13
-21
-26
-19
-6
6
3
0
11
9
1
1
-6
-12
-9
-11
-23
-28
-32
-24
-18
-21
-10
3
1
-8
-17
-27
-26
-20
-29
-27
0
12
17
30
38
43
42
57
67
59
46
53
63
51
41
47
56
49
48
56
46
12
-7
-3
-13
-32
-37
-32
-28
-30
-31
-24
-24
-24
-23
-2
17
20
21
30
44
51
45
46
44
28
23
15
8
7
-6
-14
-9
-2
1
-6
-14
-22
-27
-29
-33
-38
-37
-34
-32
-44
-54
-56
-52
-45
-37
-25
-19
-21
-20
-17
-14
-9
5
22
4
-7
-1
-2
-1
-6
-10
-4
-3
-8
2
-9
-18
-6
8
13
11
17
7
5
4
2
4
2
-14
-19
-19
-7
4
2
13
20
28
25
32
36
25
21
26
22
8
-1
-9
-16
-24
-31
-32
-32
-37
-31
-30
-30
-28
-33
-36
-31
-23
-35
-43
-34
-29
-25
-10
-3
-5
-12
-8
13
20
7
7
22
20
24
32
24
17
22
33
32
30
28
19
22
16
13
17
18
32
51
56
60
71
75
67
67
73
65
59
58
51
41
43
42
24
-4
-16
-16
-40
-43
-28
-21
-30
-31
-25
-30
-38
-44
-40
-43
-46
-30
-13
-15
-17
-19
-24
-31
-32
-25
-14
2
6
-12
-19
-6
-6
-3
2
3
1
-15
-25
-29
-27
-29
-25
-6
-1
-6
-2
7
3
-16
-15
-6
-9
-13
-19
-19
-13
1
9
10
2
5
21
27
24
29
25
22
25
16
1
-18
-23
-14
-10
-5
-2
0
14
11
-1
4
4
-1
5
17
13
2
0
11
19
-1
-4
9
20
13
11
2
-9
-14
-26
-21
-18
-18
-22
-12
-1
-8
-10
4
5
-18
-28
-23
-20
-29
-34
-26
-19
-30
-32
-25
-26
-29
-21
-9
-7
-4
-13
-14
-4
-3
-8
5
21
15
10
12
17
7
-1
5
7
9
6
19
18
8
5
5
19
20
25
34
31
22
34
43
39
48
57
63
52
41
52
51
42
45
50
49
35
23
20
20
25
27
34
40
39
35
25
17
17
4
-13
-13
-9
-21
-28
-18
-21
-37
-42
-44
-50
-53
-55
-50
-55
-61
-44
-32
-27
-24
-29
-36
-37
-35
-34
-19
-12
-20
-21
-14
-11
-12
-7
-4
-9
-15
-20
-12
-4
-4
-6
-16
-18
-18
-22
-20
4
18
18
27
24
6
-3
-1
-3
-8
-5
6
7
-2
-9
-10
-1
14
28
37
48
41
19
10
-1
-20
-31
-36
-39
-31
-33
-34
-23
-28
-22
-13
-23
-31
-29
-26
-34
-51
-35
-13
-26
-24
-13
-12
-9
1
16
20
15
27
45
48
43
35
36
50
60
59
52
54
54
41
51
55
48
46
46
52
35
18
11
0
-15
-11
1
6
3
3
8
-6
-15
-3
3
-4
6
10
-3
3
8
-5
10
29
36
30
23
32
36
18
9
11
7
5
8
5
-4
-6
-8
-21
-30
-22
-23
-36
-47
-53
-57
-56
-47
-41
-34
-16
-16
-28
-18
-17
-22
-27
-32
-21
-16
-13
0
5
-6
-5
11
12
2
2
4
-1
-10
-11
16
26
14
11
4
-12
-30
-30
-19
-15
-17
-8
8
6
-2
8
13
4
-4
-16
-13
-12
-24
-38
-30
-15
-17
-18
-14
3
11
11
24
25
-1
-4
10
-1
-17
-12
6
7
1
14
26
13
-3
8
8
-7
11
33
28
10
7
11
7
9
14
20
22
20
21
15
5
6
4
11
9
-4
-13
-9
1
-3
-6
-9
-13
-25
-26
-19
-13
9
23
30
36
36
26
12
-1
-18
-24
-4
11
13
29
44
40
19
7
14
0
-9
1
10
-10
-29
-20
-14
-10
-11
-13
-20
-31
-37
-34
-31
-24
-23
-30
-33
-25
-17
-21
-14
13
21
17
21
44
50
35
47
68
61
64
79
68
49
34
28
28
23
26
30
23
7
1
3
1
1
-1
-13
-38
-51
-57
-57
-40
-22
-9
-11
-19
-23
-28
-33
-33
-34
-44
-43
-37
-38
-22
-9
-3
-6
-9
-6
-14
-30
-32
-19
-21
-19
-23
-44
-55
-50
-37
-31
-32
-34
-27
-12
-2
13
19
22
23
8
-16
-27
-14
-4
15
38
43
30
36
57
57
50
41
44
37
20
14
14
12
8
13
4
-11
-8
-11
-10
-6
-9
-9
2
15
15
7
-5
3
-7
-37
-30
-8
-2
-6
3
18
26
28
32
35
24
13
7
-2
-6
-2
6
13
13
8
3
-7
-8
-12
-36
-59
-62
-46
-36
-46
-43
-31
-18
-10
-7
-11
-11
2
16
35
35
33
45
53
58
63
63
71
83
79
67
78
104
102
74
52
29
4
-8
3
0
-3
0
2
1
-14
-20
-9
-1
-11
-36
-53
-64
-62
-49
-57
-58
-44
-22
-6
-6
-10
-8
-9
-10
-6
-12
-22
-15
-12
-24
-35
-43
-37
-31
-38
-45
-47
-41
-39
-43
-54
-54
-42
-34
-44
-60
-59
-51
-43
-33
-38
-39
-20
-6
2
-3
-10
5
29
31
23
15
6
10
22
32
33
37
56
59
40
29
48
62
68
61
35
27
31
30
26
20
18
20
19
3
-6
-10
-8
7
7
-7
-20
-7
22
24
11
0
11
12
7
13
14
11
9
17
16
6
6
1
-2
-8
-16
-18
-20
-4
5
-9
-20
1
8
-11
-8
0
14
27
20
17
3
-1
15
18
20
16
10
7
6
2
1
17
25
21
-4
-33
-28
-18
-23
-25
-18
-16
-23
-28
-31
-41
-53
-37
-26
-30
-33
-30
-21
-13
3
13
24
39
31
28
26
27
44
44
27
11
6
11
18
25
26
23
21
30
37
26
11
-8
-19
-26
-33
-31
-23
-22
-9
2
6
-1
-12
-12
-12
-16
-19
-15
-10
-16
-19
-21
-39
-39
-30
-29
-26
-27
-30
-21
-21
-20
-11
-10
-10
-11
-24
-38
-27
-19
-24
-29
-32
-18
-5
3
6
-19
-37
-46
-62
-55
-31
-7
7
-1
4
12
3
9
28
47
59
65
65
62
53
49
79
100
91
72
60
58
46
40
34
27
15
11
16
9
7
9
14
10
2
-2
5
3
-3
-10
-15
-13
-15
-26
-35
-25
-12
-3
-11
-27
-35
-41
-30
0
25
28
40
54
48
38
14
9
6
-8
-28
-53
-72
-80
-60
-53
-55
-40
-32
-22
-12
-5
6
19
31
42
34
21
26
34
38
18
3
0
-3
-12
-29
-43
-57
-52
-41
-48
-48
-39
-27
-12
-1
-2
-9
-1
25
53
66
55
44
38
30
42
51
59
73
71
56
38
26
25
26
18
21
29
23
22
29
30
24
17
-11
-50
-75
-90
-91
-90
-71
-53
-62
-71
-69
-65
-72
-61
-42
-30
-32
-48
-49
-39
-35
-35
-34
-25
-15
-11
-4
2
-1
-14
-21
-27
-36
-46
-42
-25
-12
-3
6
18
14
0
-7
-19
-13
0
11
28
36
45
53
72
72
55
64
76
93
103
99
92
88
80
64
55
51
55
63
52
36
29
28
18
8
27
37
21
9
8
2
-3
-1
10
14
-10
-37
-45
-42
-33
-33
-40
-27
-28
-52
-64
-70
-72
-60
-33
-15
-22
-30
-31
-33
-35
-32
-23
-18
-15
-24
-31
-23
-8
0
0
7
23
31
21
33
47
40
35
43
39
20
7
3
10
15
4
-23
-29
-19
-29
-47
-54
-46
-43
-45
-24
4
13
14
6
-3
-9
-3
11
30
49
45
34
47
61
52
33
33
25
-8
-26
-22
-22
-32
-36
-32
-39
-57
-68
-70
-54
-26
-11
-9
-6
-13
-20
-1
32
51
37
29
40
31
2
9
32
23
4
-2
-7
-21
-45
-54
-45
-41
-40
-38
-25
-32
-43
-33
-20
-14
-18
-34
-35
-29
-26
-16
-11
-4
9
26
30
32
39
42
44
35
37
44
40
41
45
39
39
35
37
35
32
19
2
3
14
25
18
24
36
41
22
16
17
7
15
19
10
9
10
6
7
-3
-13
-5
10
8
7
8
11
18
23
32
42
39
29
48
43
5
-11
-8
-2
-5
-9
11
12
-14
-36
-40
-36
-40
-40
-47
-56
-68
-70
-49
-27
-38
-51
-55
-43
-32
-37
-23
-8
0
-10
-11
-21
-33
-22
-14
-3
-10
-32
-42
-41
-39
-15
13
20
20
8
-8
-6
-3
-13
-23
-18
-8
-2
5
1
-7
-8
3
13
13
14
16
16
26
47
55
52
51
46
30
15
10
20
33
24
9
9
13
25
33
28
38
40
24
13
19
25
17
16
15
1
-31
-38
-30
-53
-65
-59
-62
-62
-60
-59
-58
-51
-48
-46
-41
-43
-57
-55
-45
