18
23
21
25
39
40
35
30
24
21
26
33
48
60
57
55
49
33
18
15
15
23
36
55
63
63
68
70
67
46
21
20
17
17
30
35
26
8
-10
-31
-37
-52
-67
-57
-59
-51
-34
-21
-20
-27
-36
-54
-69
-57
-43
-29
-3
1
-14
-23
-30
-37
-34
-29
-31
-34
-33
-24
-10
-2
-7
-14
-17
-18
-23
-30
-28
-24
-11
-3
-3
-2
-8
-7
0
-4
-14
-16
-21
-26
-43
-49
-43
-30
-14
-5
0
-4
4
3
-8
-14
-15
-10
0
5
10
20
30
20
18
27
25
22
15
9
-4
-7
3
12
20
24
27
23
17
8
-4
-10
-11
-10
-5
-7
-17
-12
-2
4
16
23
30
21
15
17
12
14
14
24
30
33
30
20
11
9
19
20
15
12
19
14
-3
-7
0
2
-2
10
19
10
4
3
12
8
8
9
8
11
11
12
13
10
1
-8
-19
-29
-20
-17
-22
-22
-15
-2
-2
-3
0
0
-4
-10
-11
-4
2
2
-9
-15
0
14
13
14
14
9
13
15
16
15
10
8
1
3
8
0
-13
-14
7
19
25
29
34
31
24
9
-8
-16
-29
-23
-18
-21
-18
-12
-2
-7
-11
-9
-18
-25
-18
-6
-6
-1
6
2
1
-3
-3
-12
-19
-24
-28
-34
-37
-21
-12
-12
-9
-18
-32
-48
-48
-39
-35
-18
-6
-2
-4
-10
-20
-29
-32
-31
-28
-32
-39
-35
-18
-1
9
7
2
-2
-2
7
5
-1
1
2
6
23
44
47
49
41
20
5
-9
-16
-10
-10
-21
-26
-18
-14
-5
11
14
17
19
23
10
16
37
62
87
88
84
76
57
43
38
35
27
28
37
41
38
27
25
30
27
24
14
-3
3
11
15
15
3
1
13
25
25
33
28
14
1
-13
-26
-40
-41
-50
-57
-53
-38
-25
-19
-17
-12
-12
-32
-54
-60
-62
-65
-51
-38
-31
-20
-17
-15
-9
-4
4
16
11
-3
-19
-24
-13
-5
1
-4
-14
-8
-2
5
16
18
8
0
-12
-30
-40
-37
-27
-16
-14
-19
-17
-10
4
11
20
32
48
61
54
43
39
36
29
25
22
22
15
12
8
1
15
22
13
2
-18
-32
-38
-47
-57
-58
-57
-52
-46
-39
-30
-17
1
17
33
29
16
9
8
8
0
-11
-16
-5
6
5
1
-2
9
20
26
19
6
1
-4
-11
-14
-24
-32
-25
-17
-12
5
9
-8
-16
-11
-2
2
2
3
9
9
16
34
52
52
44
30
9
1
8
23
20
19
9
5
0
-2
27
49
55
52
35
26
33
30
25
20
-2
16
45
59
71
87
101
97
78
33
-18
-23
-6
-14
-48
-79
-107
-88
-30
-16
-58
-122
-160
-154
-94
-49
-61
-105
-113
-84
-65
-58
-43
-1
46
63
20
-20
-7
12
41
60
48
17
-8
-40
-17
70
115
134
113
114
150
123
47
-20
-4
28
18
8
-38
-73
-33
10
10
-7
-80
-120
-97
-78
-51
-59
-79
-41
-10
44
72
-9
-86
-54
61
104
36
-25
-43
-1
50
-1
-107
-158
-87
38
29
-86
-172
-132
8
113
45
-158
-247
-164
-38
26
1
-14
-3
-13
-30
-65
-58
29
157
166
68
22
-27
-1
131
153
105
97
24
-34
32
79
115
109
32
-33
28
107
87
69
64
38
10
-49
-66
5
41
73
109
47
-38
-19
89
125
112
59
-111
-124
38
68
93
50
-128
-159
-145
-72
-19
-64
-23
-53
-128
-112
-85
50
240
310
232
60
-38
49
227
373
341
204
33
-144
-143
-40
-2
19
-26
-136
-179
-204
-133
-12
75
121
52
-116
-275
-281
-153
-31
-6
-145
-279
-244
-39
163
185
112
40
10
65
114
-12
-134
-78
-43
-94
-130
-92
56
164
140
28
-129
-173
-93
-40
10
45
-48
-173
-219
-211
-177
-120
-91
-135
-238
-294
-160
-18
-17
-4
-28
-109
-107
-85
-29
39
-12
-17
82
75
67
232
470
397
102
-63
-77
104
260
239
110
106
177
210
350
410
322
270
216
122
147
272
358
395
285
73
-77
-183
-134
-3
74
126
-47
-361
-429
-223
-22
85
143
-6
-168
-277
-560
-642
-390
-58
239
54
-397
-495
-295
-70
180
451
568
392
34
-135
53
463
527
66
-299
-461
-383
-65
55
4
-44
-196
-292
-120
153
334
442
299
-300
-775
-663
-304
-52
119
-62
-236
-218
-264
8
359
606
840
454
-1
-36
-65
184
410
276
211
942
1191
152
-756
-828
-162
193
-201
-591
-436
-56
-6
-254
-432
129
390
232
-51
-1292
-1706
-944
-153
410
144
-433
-727
-473
218
667
732
630
289
-45
59
219
330
658
864
746
423
41
58
426
618
347
-231
-472
-83
406
565
275
-129
-177
163
331
-34
-455
-373
79
455
759
1062
1010
24
-1741
-2901
-2595
-1325
-611
-1281
-2411
-3377
-2791
1348
6679
7429
4058
700
-1451
-1708
-741
219
1334
1735
-231
-3474
-5244
-4310
-764
2830
3418
99
-3695
-4018
-1420
1924
3128
1872
477
-653
-1128
-994
-551
650
1896
1992
628
-595
-897
-1066
-622
-505
-1503
-2033
-2609
-2777
-1968
-1548
-1188
-604
-123
384
127
-703
-1126
-960
7078
18176
13676
1318
-4737
-6025
-1389
3834
2715
1970
2115
-2523
-6691
-7247
-3533
4817
11199
9216
-2092
-10807
-7913
68
8128
9295
2320
-3311
-6196
-5329
-1532
210
2330
3700
1497
-1367
-3376
-2782
114
3343
5250
2087
-2866
-5476
-6651
-3414
227
-909
-1506
-1834
-2046
-795
-912
-86
1012
493
-680
-4135
-9591
-2714
18220
21514
5935
-4503
-9213
-6645
2634
4100
1544
4647
1600
-6685
-10530
-10400
-2871
9052
13794
2014
-14015
-15663
-7464
5469
13758
8020
628
-3193
-3267
1050
1973
2839
5353
4827
1813
-3687
-6976
-5722
-822
5452
2714
-5669
-8625
-8936
-3883
2870
639
97
2906
3755
5388
3256
1561
2073
1012
-434
-5937
-13685
-5762
17613
22830
6787
-6197
-10615
-5304
6325
8828
4657
6459
3495
-5225
-10117
-11126
-4023
7800
13107
1460
-16838
-18945
-8409
6038
15436
10342
2350
-2073
-2558
1832
2773
3088
5579
4339
66
-6138
-9423
-7259
-2834
2812
-549
-9653
-10283
-8589
-3625
4925
4987
4347
6209
5258
5161
3673
1930
2126
-1136
-5672
-13436
-15596
10527
28536
13007
-1337
-8989
-9887
2430
9110
6987
9089
7361
-2936
-10927
-13613
-6369
6215
14827
7031
-16159
-23120
-12537
1434
15358
12783
2876
-1424
-3899
87
3573
4649
8017
6681
1247
-6331
-11717
-7853
-2995
962
209
-10822
-13861
-10770
-7772
3212
7822
6355
6378
3727
3711
3529
1780
2919
-512
-5508
-9348
-12894
4538
20554
9978
-369
-7082
-7776
3552
7547
6475
9326
5742
-1636
-7618
-12216
-5550
5537
11635
5157
-14606
-20735
-10486
3361
15143
11630
1461
-2657
-1495
3591
5140
4257
6131
5651
1740
-4806
-10119
-7492
-1965
1582
-1401
-11089
-13758
-10336
-4787
3589
5346
4157
5136
4548
5071
3055
-697
-2258
-3963
-5819
-6236
11661
27589
10347
-8149
-10700
-9275
1172
10808
7282
5996
4533
-6811
-13087
-10577
-1833
7843
15164
8865
-16930
-27194
-14541
3056
21332
20011
2962
-7389
-9067
190
9235
7891
6390
4085
-368
-4668
-9400
-8426
-3743
1612
1567
-9721
-15294
-10733
-4190
5844
8906
3898
3061
5947
8853
7356
1894
-3944
-7334
-8264
-2010
18964
24946
4238
-9921
-11579
-9441
1463
10440
9876
11010
5374
-8600
-14472
-9329
2561
11992
14599
1084
-20800
-23063
-12919
12
13307
12540
5768
-998
-7295
-3795
3332
8981
11825
7507
-467
-7198
-8193
-6444
-6752
-4505
-5802
-12824
-13602
-12498
-9663
415
6357
6275
4969
4424
7114
8157
7036
2708
-5934
-8323
-9907
-1912
23365
22849
-608
-10906
-13256
-6858
7168
10280
8965
10687
3389
-7290
-11753
-7097
3402
12292
14584
-3486
-23957
-21732
-10161
5820
17557
12161
2932
-3565
-4904
2444
8422
10829
10814
5933
-902
-6654
-7512
-6763
-6631
-4162
-8898
-16076
-13591
-9716
-3053
6614
8153
4392
2922
7414
11098
9550
7269
-678
-9949
-13472
170
25973
22210
-1560
-10334
-13380
-8908
4737
6347
6153
11560
4077
-7271
-12433
-8092
4493
15133
15807
-6514
-26759
-21333
-10312
5181
16140
8081
-543
-3814
-4112
1482
6286
10064
13111
9102
936
-5559
-8054
-7534
-5675
-3189
-9375
-17864
-16421
-12880
-5641
3771
4941
4175
6712
9439
10273
9832
7342
259
-5313
-9309
-837
22853
22112
25
-10682
-14518
-9366
5257
8909
8285
10547
3160
-5458
-9298
-5454
5393
14143
15676
-2767
-23515
-22960
-14032
2549
15513
8175
-1111
-5936
-6984
1044
7922
9340
10226
8164
1681
-3993
-7034
-9473
-8037
-4184
-8678
-15766
-15250
-13582
-8415
206
3727
5865
8032
12303
13627
9073
4121
-3246
-9192
-9394
9297
32157
20089
-8546
-21720
-20723
-7440
8586
11188
9894
8289
-2027
-10123
-11073
-447
14969
22286
15598
-13009
-32221
-22376
-6025
12386
18884
5352
-6942
-12213
-8981
3375
10836
13256
13287
6841
-603
-5754
-6436
-4274
-1892
-1933
-9640
-18498
-19818
-13484
-4429
2923
5307
4341
5503
9528
12137
9307
3292
-3388
8099
31029
22242
-4068
-16393
-19902
-11896
681
1244
1734
4866
-1248
-7885
-10211
-3595
12681
25158
24029
-319
-25325
-22545
-6916
9833
15443
1516
-11201
-12882
-6500
3146
6904
8037
11270
9017
2540
-1751
-4246
-1629
4918
4026
-8754
-18404
-17800
-14771
-7784
-1944
-3336
-3129
1973
6342
6793
7769
10595
9485
3707
-6412
2525
28732
21941
-2860
-13038
-21132
-16077
119
2028
2514
5403
-2355
-7617
-8402
-2610
10580
20316
21938
-469
-24234
-19223
-7353
7326
14438
-490
-12276
-12019
-5099
5714
8861
8641
10504
7360
3532
131
-3982
-2843
1685
1809
-9137
-18821
-18110
-14912
-6872
110
-938
-328
3891
7560
9581
11715
11260
6365
-902
-5356
12885
30457
12362
-8653
-16196
-20268
-10080
430
-414
4367
6382
-825
-5871
-8169
979
15274
24279
19359
-8850
-25106
-17150
-5219
12113
12784
-5464
-13751
-12825
-5186
6162
7640
6174
7981
6959
3437
-3027
-6119
-3145
1968
2135
-9791
-19500
-19388
-14204
-3977
2289
1658
860
3432
8101
10545
10139
8034
2609
-4091
8388
30774
21945
-3187
-15133
-19570
-13533
-2384
-1095
-164
3190
-1209
-6126
-8760
-2822
12205
22040
22382
884
-21905
-15582
-2920
8623
14755
1157
-10615
-10374
-6730
-22
5243
7000
8718
7193
2720
-2152
-4083
-526
2158
713
-7586
-15782
-16235
-13675
-7143
-981
1271
2566
3656
5610
7121
8242
8834
4426
-3333
6689
29010
24395
1203
-13017
-19731
-13775
-1546
-173
-368
1085
-3260
-6258
-8271
-5014
8582
19177
20900
3470
-21783
-21176
-5734
9324
17493
4005
-13601
-15871
-7832
3989
8730
6434
6700
4326
759
-1997
-6226
-4372
1437
2927
-5274
-16798
-20106
-15752
-5867
3374
4949
3453
4954
6471
6399
7433
8059
3304
-447
16540
31138
12836
-9554
-18111
-19744
-9277
1197
-592
-686
-41
-5995
-8609
-6521
2804
15979
22625
16977
-7204
-23666
-14506
-551
14758
18907
154
-15010
-16025
-9542
4697
13171
11147
9015
3031
-3678
-4509
-3535
-1032
2085
-176
-10802
-20216
-20468
-13859
-4504
3848
6389
4526
6243
7130
5632
8516
8696
1716
8806
29761
26303
2434
-14329
-22572
-16640
-2844
1529
1422
14
-6656
-10399
-9680
-2444
11884
20275
21971
6726
-19321
-20855
-6973
7501
19590
11175
-7947
-18204
-16643
-3554
9310
12791
12406
7358
-855
-3593
-3289
-1724
1917
2638
-3191
-13672
-21823
-20659
-10035
301
4119
2708
1509
4616
7795
7571
7030
3243
1539
20412
32581
12417
-8563
-17116
-18649
-8478
-697
-613
1311
-1477
-8591
-12706
-10440
4325
17608
21420
15411
-9432
-23185
-11346
1105
13304
15742
229
-12453
-15327
-11072
-58
8380
12165
12558
4782
-3705
-4871
-1972
1457
3057
-684
-8659
-14505
-17089
-14649
-6822
151
3641
4235
4667
6192
6517
7591
7061
2274
14253
32600
22031
221
-13577
-20686
-13145
-2422
-750
362
-1025
-7475
-11107
-11642
-2379
12832
20181
18540
-577
-20262
-16254
-3732
9119
15742
5424
-8101
-13809
-12147
-2914
5580
9287
12056
8676
604
-3196
-2864
21
3440
1129
-7152
-13523
-16413
-14705
-8328
-4210
-1560
1592
4096
6309
5764
3962
5057
4004
11536
29757
26129
5295
-8444
-16081
-13352
-5006
-3003
-1035
297
-5426
-10478
-13006
-6907
10050
19953
19198
4763
-16634
-17711
-5354
6844
14648
6749
-6346
-11863
-10976
-3863
4216
7699
10684
11014
4434
-1117
-2218
49
4070
4129
-3348
-12974
-17234
-15607
-8494
-2357
-1801
-580
2570
5607
7369
6231
6074
4777
10564
29289
27888
5638
-7837
-14487
-12112
-2494
-2511
-4590
-3140
-6999
-10310
-11594
-7552
7171
18329
19717
5977
-16453
-18462
-6209
5817
14725
6852
-8643
-14684
-12840
-6044
2383
7170
9317
9235
4335
-1185
-2556
269
4438
4810
-2066
-12230
-17418
-17220
-11565
-5041
-4015
-2947
178
2929
5558
5332
4984
5495
9976
26616
30566
10700
-5656
-13766
-12938
-2032
746
-1899
-2008
-7656
-12127
-11488
-7492
6066
18358
20526
10354
-11281
-18983
-8284
4517
14936
10256
-5609
-14066
-14087
-7759
1673
7017
9494
10660
6463
1126
-765
366
4318
6468
1407
-8948
-15836
-16958
-12192
-4891
-3667
-3984
-1718
1162
5010
6037
4969
3944
7681
24593
31950
14274
-3867
-13858
-15569
-5363
71
-1886
-2108
-6295
-11854
-13254
-8998
4723
17945
22274
13639
-7924
-18581
-10112
2808
13257
10729
-4415
-15443
-16022
-9450
-543
5666
8291
9535
7884
3496
917
1051
3526
6367
3065
-7000
-14587
-17031
-13965
-6391
-3960
-4983
-3322
-478
3655
6514
6041
3974
7107
23388
32587
17645
-550
-11629
-15669
-6956
-175
-1695
-1881
-5656
-12383
-14315
-10996
1600
16766
22829
15596
-4509
-16802
-10828
1546
13140
12276
-1979
-13831
-16774
-12019
-3182
3417
6641
8801
7779
3607
171
238
3970
7659
5743
-3733
-12907
-16939
-15404
-8443
-4533
-4869
-3784
-1741
1306
3564
3255
1951
5725
22234
32589
19098
736
-10101
-13517
-6388
-352
-983
-1749
-5508
-11101
-14258
-13256
-1393
14522
22661
17469
-1885
-14557
-9891
2089
14020
12857
-1048
-12516
-15833
-11693
-4591
585
4200
6769
6321
3668
1108
894
3703
7277
6140
-2664
-10720
-13559
-12577
-7187
-4054
-5007
-4599
-2516
979
3691
3291
2207
8558
24534
30092
16561
1334
-8545
-10849
-4348
-618
-1455
-2387
-7121
-12229
-14445
-12211
-82
13988
20780
14449
-3218
-11958
-7051
4462
15569
11945
-1794
-12333
-15513
-10889
-4228
307
4029
5300
3880
2223
313
772
4158
8125
6060
-3806
-10790
-13078
-11293
-4946
-3065
-5259
-5452
-3484
-220
1609
625
1392
13010
28883
26863
10746
-2366
-9890
-7033
-172
-504
-1222
-2789
-9367
-13817
-15231
-10941
2460
15980
20338
8204
-8882
-11354
-4312
8705
18458
10085
-4277
-12852
-14952
-9445
-2680
1189
4691
5338
2739
227
-1325
980
5949
9061
4981
-4917
-11773
-12948
-8131
-2428
-2459
-4528
-5177
-3921
-1007
549
-609
3842
19647
29273
19664
4970
-5620
-9341
-2766
1328
-711
-1162
-5063
-11426
-14278
-14293
-7351
5695
16667
16148
689
-10772
-8214
-132
12451
17368
5853
-6663
-12303
-13008
-7507
-961
2149
4081
3804
828
-2034
-2394
1079
6532
8430
2442
-6750
-11973
-10283
-3673
-263
-1935
-4491
-5563
-3139
-409
-1671
-2053
8587
24860
26926
13681
177
-7438
-5070
2796
3648
990
-1145
-6143
-10567
-13207
-12068
-3186
8776
15579
8794
-6386
-11690
-5636
5856
16738
14439
1966
-7654
-10659
-8479
-3265
1110
3205
3722
1547
-2093
-4375
-2938
2171
6885
5424
-2240
-9010
-11026
-6206
916
1627
-1647
-4243
-5091
-3738
-2437
-3957
-175
15827
25361
16387
3105
-6281
-8043
-33
5380
3487
1295
-2378
-6909
-10405
-12005
-6434
3196
11580
11509
-2149
-12319
-9265
-319
11352
15536
7286
-2592
-7144
-7002
-4171
-313
3274
4759
3381
206
-3801
-5608
-2494
3223
5249
-81
-6682
-10339
-9588
-2115
2918
1435
-612
-2230
-2523
-1666
-3378
-4038
7583
22544
19820
5379
-5965
-11362
-5656
4468
5775
2628
-1000
-5503
-7356
-8420
-6339
751
8137
11581
2255
-11986
-12821
-4692
5866
14209
9521
-1495
-6914
-5979
-1796
1555
3395
4437
4159
2520
-168
-3293
-4196
-523
3626
1302
-5181
-9972
-11346
-5691
2103
3050
1207
411
-405
475
151
-3048
3222
19055
22177
9222
-4305
-12409
-10613
-246
5888
5055
1384
-4204
-7294
-7703
-5312
1531
8998
13522
6222
-9956
-15341
-9396
1069
12661
12550
906
-8136
-8844
-3936
1959
5249
6087
5657
3985
1132
-2506
-4542
-2777
1822
2699
-3693
-10424
-13404
-10296
-1862
2983
2058
844
1244
1285
430
-1977
851
16041
25175
14466
-929
-11991
-14908
-5499
3623
5207
3199
-2856
-8065
-9375
-7589
557
10149
15812
12391
-3671
-15120
-12728
-3418
9453
14406
4699
-7873
-12248
-8174
-776
5088
7077
5968
4901
3117
-868
-3367
-2895
508
2980
-1694
-8843
-13384
-12843
-5043
1517
1568
500
223
407
1217
-1040
186
14176
25283
18108
2749
-10110
-14967
-8244
334
3722
3268
-2127
-8038
-10632
-9600
-1807
8825
16508
15019
144
-12722
-12929
-5540
7367
14922
7840
-5244
-12830
-10906
-3642
4104
8156
6452
4106
2723
37
-1720
-968
1109
2786
-467
-7450
-12649
-12633
-5419
1487
1563
-465
-1315
-445
2275
1558
667
11718
23828
19360
6177
-6368
-13970
-9549
-1203
1884
2170
-1460
-7384
-10703
-11111
-5157
5402
14414
16342
4440
-9828
-12271
-5916
5038
12883
9367
-1686
-10103
-10862
-6502
789
7049
7288
4643
2683
97
-829
-227
1442
3966
785
-5684
-10765
-13211
-7785
-206
1435
-32
-1277
-1110
291
158
2498
14189
24117
18945
5998
-5853
-11635
-7462
-1322
1266
1594
-2242
-7559
-10707
-11463
-5961
4255
13738
15898
4144
-9050
-11233
-4811
6252
12806
8325
-2488
-10397
-10477
-6004
-12
5213
6470
5301
2866
-744
-2320
-1446
1524
4170
599
-5657
-10445
-12472
-7452
-699
877
-260
-1163
-1209
-141
-958
228
12873
24881
19736
6140
-5845
-12043
-7592
-1199
907
1344
-2839
-8186
-10303
-11545
-6763
3058
12070
15736
5078
-8759
-10920
-5068
6431
14123
8913
-2009
-9856
-9783
-4621
349
4933
6607
5112
3335
-244
-3231
-2422
462
3566
1066
-5519
-9937
-11465
-6731
435
1873
288
-405
-949
-145
-219
1690
14478
25021
18995
5950
-6171
-11976
-6806
-659
921
1170
-2528
-7738
-10360
-11270
-6457
2828
11252
13640
3481
-9029
-11692
-5838
6018
14110
9858
-1249
-9705
-10116
-4980
1051
5590
6708
5555
3777
752
-2425
-2908
315
3455
742
-5415
-10386
-11723
-6596
667
3388
1834
-106
-670
21
-436
2570
15377
24426
17735
4955
-6726
-12365
-7364
-744
1978
1674
-2934
-7774
-10681
-11147
-5275
3648
11877
13273
1649
-9581
-11386
-6063
5293
11767
7634
-1384
-9368
-9876
-4699
866
5955
7373
5480
3483
914
-1251
-1840
7
2477
-1089
-7084
-10614
-11939
-7103
19
2113
1108
-351
-913
629
500
3027
15201
23692
17455
5231
-5857
-10366
-6310
-2053
-62
139
-3766
-7547
-9374
-10189
-5853
2515
11017
13076
2767
-8167
-10504
-5681
5171
11249
6821
-1742
-8809
-8885
-3531
2046
5917
6459
5438
4056
1804
-17
-874
766
2851
-974
-7290
-11432
-12590
-7442
-90
2633
1224
-533
-1340
-870
-318
3181
15518
25253
19420
6399
-5442
-11074
-6156
-558
898
830
-4087
-9019
-10263
-10651
-6322
1323
9663
13580
3644
-8891
-11849
-6366
5131
11592
7240
-2090
-9930
-9838
-4367
1112
6005
6659
5058
4281
1685
-269
-579
931
3792
344
-6674
-11197
-13074
-8294
-699
2031
1136
-355
-1421
-942
-1002
2208
15451
26607
21747
8441
-3887
-10107
-5847
371
2518
2531
-1998
-7946
-10864
-11855
-7631
719
9505
13411
4327
-7796
-11639
-6914
4060
10739
7982
-582
-8459
-8713
-5366
-1131
5118
6738
5550
5373
1425
-1589
-1631
-100
4182
2077
-4773
-9220
-12230
-8833
-1602
1147
765
149
-1690
-2783
-3466
-1875
11671
25952
22604
9608
-3266
-11153
-6712
376
2361
3025
-1334
-7700
-10067
-11817
-9266
-1532
7525
13229
5203
-8057
-12573
-8392
2945
11229
8814
248
-7937
-8766
-4757
-1381
3090
5301
5074
5579
2420
-1549
-2957
-1618
2927
2159
-3356
-7750
-11534
-9209
-2063
1545
1438
954
77
-597
-2290
-2532
8641
23051
22660
11336
-1283
-9998
-7000
478
3550
4527
728
-5766
-8857
-10892
-9053
-2043
6447
12208
5783
-6329
-11159
-9375
-354
9198
9405
2213
-6082
-7664
-3469
62
3544
5083
4550
5482
3961
152
-2264
-2270
1014
1586
-2402
-6211
-9423
-8226
-2531
947
1259
1363
872
188
-930
-2837
5062
20215
22399
12357
766
-9416
-9320
-1651
2810
5044
2697
-3955
-7904
-10863
-10394
-4023
4320
11793
8068
-4974
-12136
-12129
-4287
6980
9502
3931
-4073
-7800
-4569
-684
2708
5164
4968
5451
4101
-1030
-4541
-4441
-1240
872
-1815
-5927
-9830
-9762
-3778
1201
1856
1558
1188
484
-617
-2806
3102
18122
23091
14128
2412
-8332
-10250
-2934
2717
5362
3849
-2389
-6907
-10127
-10298
-4448
3698
11626
9849
-2179
-11049
-13747
-7124
5281
10163
6291
-1799
-6733
-4468
-1040
2355
5464
5707
6984
6840
1541
-3289
-5623
-2964
1162
-936
-4703
-8530
-10165
-5035
511
1688
1474
1240
832
382
-2823
-1087
13359
23004
16708
4809
-7040
-12142
-6284
679
4269
4594
-814
-6186
-9595
-11487
-6822
1338
10210
12455
948
-10476
-14872
-11057
1962
10073
7931
40
-7106
-6185
-2478
788
5474
6640
6752
7252
2398
-2622
-4515
-3471
1141
719
-3538
-7201
-10696
-7234
-400
2257
2959
2159
548
856
-820
-1071
11003
23285
20220
9121
-3183
-11251
-7753
-150
4425
6155
2330
-3721
-8202
-11626
-8899
-724
8808
14461
6583
-7368
-14916
-13325
-1968
8821
9566
1994
-6302
-7213
-4338
-1252
3653
5829
6750
7989
3633
-2566
-5423
-4148
770
1373
-2739
-7298
-11813
-9739
-2902
517
1336
1185
-34
-237
-1524
-3354
5717
20819
22776
12528
-745
-11702
-10929
-2060
3779
5703
2502
-3724
-7838
-11733
-11025
-3761
5616
14303
10468
-4414
-14241
-14730
-4689
8380
11728
5158
-4402
-7920
-5047
-1901
2544
5952
6628
8441
5946
-1223
-5148
-4487
313
2764
-793
-5363
-10266
-10398
-4103
139
1041
1276
654
209
-650
-3923
142
16429
25093
17687
5392
-7638
-12487
-4524
2968
5895
5463
-595
-6248
-10651
-12858
-7267
2202
12418
14266
731
-12849
-16378
-9402
4995
12715
8219
-1395
-7408
-6356
-3228
962
5203
6330
8127
7414
645
-4993
-6039
-1672
3078
1178
-3563
-9124
-11822
-6244
-244
1120
1261
649
-75
-131
-2702
-1767
11578
23325
20187
9352
-3833
-11957
-6949
1522
5751
6442
1329
-5198
-9818
-12642
-8836
-734
8944
14171
4244
-10458
-16585
-12412
541
11016
10268
1660
-6019
-7308
-5345
-1340
3970
6421
8218
8324
2232
-4335
-6320
-3336
1894
2558
-1354
-7371
-11900
-8541
-1913
1083
1652
1149
-28
-661
-2722
-3771
6657
21430
22766
13190
405
-10203
-8562
-2
5000
6865
3510
-3479
-8623
-12169
-10496
-3005
6801
13933
7819
-6767
-15668
-14613
-3749
8259
11350
4733
-4297
-7181
-5887
-2955
2438
5665
7495
8616
3928
-2518
-6025
-5662
-600
2362
232
-4905
-11156
-10852
-4343
91
1847
2390
920
-592
-2226
-5053
1225
17411
24208
16928
4395
-8440
-10979
-3232
2975
6808
6070
-840
-7201
-12289
-12414
-5167
4771
14407
12346
-2658
-14242
-16393
-7740
5892
11693
7482
-1826
-7252
-6301
-4017
863
6139
8341
9810
6376
-1339
-5471
-5546
-1182
3274
1244
-3853
-9854
-12003
-6215
-343
1910
2873
1992
-101
-1228
-3764
-2297
12050
24752
21602
9538
-5140
-12824
-6682
1452
6015
7361
1720
-5266
-10289
-13153
-8595
652
11261
15671
3705
-11951
-17710
-12906
429
10653
9763
1706
-5900
-7931
-6223
-1974
3747
7529
10111
9027
2053
-4400
-6704
-3707
2083
2842
-1658
-8326
-13178
-10015
-3223
635
2289
2367
769
-451
-2753
-4410
5930
21885
24714
15092
441
-11781
-10482
-1834
4280
7956
4693
-3612
-9787
-14007
-11520
-2373
8585
16589
9939
-6098
-16054
-15949
-4766
8340
11553
5122
-4208
-8556
-7616
-3910
2305
7059
9701
10476
5036
-2414
-6117
-5355
534
4269
618
-6388
-13203
-13198
-6311
-915
1270
1926
549
-704
-1569
-4483
1365
17817
25642
19384
6078
-8786
-12803
-5517
1972
7312
6836
-607
-7783
-13560
-13618
-5348
5685
16612
14635
-1764
-13713
-16277
-8631
5094
11422
7838
-762
-7107
-7920
-5780
-25
6420
9538
10999
7784
89
-4629
-5257
-1553
3457
2043
-3637
-10105
-13054
-8119
-2225
461
1869
1121
-502
-750
-3190
-2102
11445
23788
22153
11539
-3121
-12146
-8996
-1771
4585
7109
2386
-4801
-11502
-14572
-8994
1334
13143
16842
4424
-10006
-16628
-13713
-479
10528
11024
3331
-5980
-9436
-8073
-3142
4393
8774
10451
9309
2586
-3677
-5614
-3530
2136
3704
-1452
-8724
-14152
-11788
-4528
537
2864
2282
-124
-600
-1887
-3560
5997
21266
24668
16345
2570
-10013
-10924
-4097
2578
7060
4641
-2400
-9019
-14304
-11903
-2466
9474
18079
10626
-6241
-16172
-16108
-5147
8316
12296
6393
-3174
-8651
-8753
-5222
2094
8098
10137
9849
4259
-3077
-5754
-4182
1201
4268
-307
-7895
-14298
-14189
-7641
-1897
1436
2015
-140
-1269
-1337
-3646
-180
14879
25999
22273
10051
-4750
-12494
-8097
-1032
4403
6000
657
-6195
-12316
-14350
-7407
3705
15190
17458
3224
-11926
-16955
-12024
2037
12459
10356
1270
-7087
-10079
-7374
-757
6302
10365
11511
8485
1662
-3866
-4622
-420
4321
3144
-3835
-11993
-15589
-10991
-3938
537
2240
1065
-415
-142
-1389
-2455
7282
22625
26288
17544
2980
-10715
-12269
-5320
846
4887
3089
-3391
-9790
-14546
-11468
-1671
9568
18134
12382
-4011
-14696
-16195
-6365
8297
12605
5943
-3937
-10690
-10496
-4875
2534
8294
11260
10419
5183
-1271
-4849
-2706
2807
4683
-472
-9167
-15723
-14372
-6807
-482
2062
1132
-496
-327
120
-1966
-217
13071
25272
23686
12495
-3527
-13752
-10036
-2476
3217
5201
25
-6922
-12599
-14313
-7570
2879
14163
17340
5064
-8952
-15750
-13065
885
12203
11231
2276
-8368
-12622
-8947
-1673
5814
10026
10946
8140
1608
-3273
-3940
-655
3779
2574
-4680
-12803
-16380
-11551
-3595
1222
1969
362
-615
61
-92
-2309
3532
18961
26539
20839
6966
-9486
-14546
-7975
-550
4917
3971
-3230
-9709
-14095
-12320
-3518
7286
16982
15343
701
-11993
-16181
-8913
6469
13964
9152
-1352
-10217
-11258
-5681
1757
7494
10288
9723
5519
-173
-4670
-3931
1228
4128
948
-7041
-14734
-15360
-8175
-1013
2168
2218
740
43
491
-835
-1358
8959
23717
26929
17976
1697
-12290
-12500
-4503
2462
5510
1211
-6816
-12159
-14361
-9692
40
10312
16917
10185
-4157
-13390
-14852
-4424
9766
13147
6264
-4644
-11478
-9374
-2743
3861
8501
9579
8027
3744
-1725
-4735
-3456
915
2569
-1913
-9310
-15020
-13374
-6385
-993
1812
1770
601
646
110
-2353
-1111
10816
24595
25383
13923
-2417
-13918
-11451
-2410
3810
5340
-394
-8014
-12063
-13071
-8032
1171
10856
15768
7188
-7537
-15102
-13040
-455
12544
13045
3783
-6727
-11285
-7615
-754
5250
8215
8634
7116
3056
-2145
-4883
-2263
1902
2239
-2590
-10058
-14017
-10429
-4426
-500
1267
592
518
1292
282
-1772
85
12458
25296
23670
11286
-4415
-13823
-9462
-1559
2787
3208
-2286
-7588
-10264
-11817
-7506
753
10320
15222
5723
-8182
-14350
-11134
2249
13118
11521
2401
-7056
-9521
-5050
467
5453
7755
7992
7317
2918
-2731
-4698
-2328
1561
1346
-4104
-10333
-12912
-9277
-3650
-345
1229
1497
1440
1458
435
-1774
680
13653
24400
21369
9385
-5354
-12636
-7815
-1465
1822
1710
-2652
-6084
-8901
-11090
-7671
-26
9705
14228
5417
-7606
-13498
-9338
3117
12227
10122
1359
-6063
-7265
-4072
381
4053
6026
8067
7091
2331
-2989
-6007
-3355
907
361
-4138
-9866
-12657
-8671
-3176
-210
1758
1915
1413
1539
543
-1418
1068
12965
23229
20595
8706
-5155
-11854
-7898
-2140
930
1257
-2043
-5024
-8080
-11272
-8563
-688
9143
13911
5355
-7069
-12328
-9125
2382
11509
9770
2389
-4441
-6654
-4158
-908
2198
5569
8097
7211
2512
-3735
-6728
-3984
241
917
-2980
-9454
-12607
-9566
-4813
-858
2019
2403
2438
2501
1088
-673
50
9983
21746
21290
10859
-2084
-10980
-9383
-4070
-416
1951
45
-3370
-6967
-11388
-9618
-1626
8685
15212
8781
-3744
-11431
-11130
-864
9096
9833
4625
-2922
-6841
-5580
-2835
1765
6251
8852
8336
2754
-3990
-7684
-5887
-262
2119
-980
-7235
-12219
-11145
-5558
-128
3189
3858
3573
3245
1885
88
-1255
5992
19220
22170
13587
696
-11086
-12391
-6839
-1799
2543
1826
-2697
-6783
-11809
-11372
-3320
6754
15477
13015
366
-9783
-12658
-4767
7168
11351
7828
-216
-6778
-7550
-4850
368
5697
8894
8806
3838
-3141
-7826
-7148
-1543
2524
922
-4977
-11668
-12930
-7458
-1093
3133
4898
4608
3983
2508
893
-1402
1922
15273
23283
17543
4842
-9394
-15247
-10175
-3469
2117
3024
-2004
-6814
-11836
-13483
-6363
3684
14073
16515
4748
-7624
-13144
-9255
3203
11295
10389
2848
-6402
-9210
-6477
-1277
5059
8763
8995
5305
-1527
-6405
-7043
-3200
1960
1875
-3026
-9855
-13507
-9491
-3105
1952
5596
5593
4328
2799
633
-1302
-277
10479
21606
19848
8904
-5330
-15139
-12628
-5100
826
3621
17
-5737
-10469
-13187
-8077
1952
12575
18261
9900
-4346
-12370
-11437
-639
10291
12135
5526
-4417
-9779
-8323
-3074
3624
8107
9026
5997
-192
-5460
-7262
-4053
1105
2235
-1384
-7806
-12580
-10701
-4940
902
5508
6308
4994
3549
1057
-170
-1170
4233
17235
21254
13469
1038
-12214
-15029
-8202
-2344
2357
2270
-3410
-8114
-12293
-10729
-971
9310
17729
15406
1269
-9046
-11611
-5386
7129
12482
8398
-596
-9074
-9736
-5006
1247
6945
8485
7078
2745
-3042
-5604
-4411
-936
1730
-104
-5279
-10967
-12597
-7972
-1753
3375
6362
5705
4146
1900
458
-518
102
10376
20170
17469
7454
-6261
-15596
-12718
-6343
-601
2871
-908
-6445
-10561
-12157
-4952
4736
13074
17138
7630
-4885
-10405
-9836
146
9273
8878
2720
-6601
-10924
-7573
-2490
3495
6955
6850
5430
675
-3473
-4541
-3501
-460
490
-2560
-7708
-11551
-9755
-4530
690
5229
6694
5503
3758
1487
256
-1392
2488
14775
20295
14365
2476
-11243
-15756
-10087
-3596
2228
2995
-2282
-6549
-9663
-7851
292
8328
16216
15486
3584
-5966
-10111
-6364
4379
9589
6971
-632
-8635
-9481
-5813
-782
4901
7446
8064
5440
-131
-4053
-5650
-3348
422
260
-3292
-8720
-11660
-9061
-3642
2320
6517
6489
4845
2417
-14
-943
-1452
6368
18161
18551
9196
-4436
-16102
-15056
-7564
-1391
3043
743
-4599
-7336
-9062
-4938
3378
11352
17548
11564
-992
-8332
-10634
-3565
6335
7911
3925
-4036
-9899
-8475
-4679
1458
7519
9230
8660
4091
-1991
-4734
-4584
-1315
1539
-339
-4878
-9784
-11142
-7197
-1490
3588
6605
6239
4024
1012
-431
-1264
215
10330
18439
14618
4159
-8468
-15504
-11352
-4684
570
2870
-614
-4450
-6961
-7671
-1670
6577
14106
16415
7007
-4284
-10253
-9935
-1677
5127
5615
1013
-6980
-10167
-8221
-3712
4004
8745
9478
7276
817
-3963
-5111
-3404
930
1741
-1732
-6464
-10818
-10151
-5291
-12
4751
6662
4951
2155
-479
-783
-710
2284
12461
17454
11329
1288
-9471
-13734
-8474
-2949
1061
2187
-1646
-4925
-7167
-6410
958
8589
14803
14803
3449
-6855
-10556
-8737
290
6952
5613
-945
-8600
-10585
-6867
-67
7686
10952
9576
4886
-1201
-3986
-2957
338
3103
1555
-2957
-7976
-10982
-8765
-3914
1006
5150
5859
3376
947
-654
-261
-25
2926
12046
15159
8831
714
-8380
-11875
-7018
-2741
790
2103
-1489
-4387
-5753
-4206
2653
8969
13729
12567
2268
-6357
-10488
-8898
-98
5162
3560
-2175
-9063
-9869
-5451
1455
8524
9729
7291
3799
-653
-2104
-1485
-328
1647
429
-3341
-7496
-10894
-9485
-4798
176
4440
4818
2190
200
-1142
-408
-169
2934
11834
14085
8767
1854
-7663
-11082
-6483
-2599
1356
1939
-2232
-4179
-5115
-3316
3073
7524
11914
10829
568
-6296
-9561
-8381
-204
3577
2017
-2412
-8478
-8304
-3611
2375
8292
8455
6450
4660
1027
-474
-665
-610
674
-655
-3861
-8006
-11724
-9849
-5023
-51
4487
4809
2186
667
76
1034
704
2102
10158
14229
10643
4198
-5627
-10736
-7081
-3481
53
1959
-677
-2092
-2464
-2369
1281
5141
9957
11290
3529
-4569
-10289
-10977
-2807
3082
2886
-991
-6869
-7167
-3322
1418
6896
7931
7332
6917
3193
267
-1175
-1708
516
11
-4091
-8758
-12709
-11151
-5823
-470
3796
4394
2197
1041
893
1625
1375
1459
8204
14415
12308
5960
-3532
-10457
-8633
-5306
-1822
2169
1249
-850
-1486
-3352
-1849
2904
8871
12375
6066
-3706
-10411
-12737
-5937
1668
2854
74
-5256
-6742
-3160
1550
6901
8332
7538
7862
5258
2489
474
-2105
-1685
-1869
-4740
-7855
-11672
-11911
-7715
-2748
1867
3454
2232
2283
3112
3607
3045
496
3326
11810
14471
9877
1260
-9076
-12444
-8592
-3627
1974
3724
1250
-271
-3130
-4036
1082
6917
11695
9152
-1308
-9205
-12691
-9527
-1388
1856
639
-2599
-5287
-3303
558
4709
7537
7906
8844
8163
4678
445
-3516
-4301
-3518
-4565
-7083
-11306
-13631
-10478
-5386
-676
2761
3728
4245
5760
5774
4630
1865
-38
7015
14680
12248
4920
-6001
-14696
-11886
-6137
-769
4373
2822
869
-31
-3235
-691
3894
7931
11397
4783
-5153
-11095
-13634
-7070
256
1842
1554
-1729
-2674
256
3354
7437
9575
10168
10426
6517
818
-3957
-6341
-4887
-4454
-7278
-11215
-14818
-13640
-7822
-2130
2822
5846
6811
7505
7662
6172
4396
1409
749
8123
12668
8114
652
-9091
-13742
-8622
-3599
1242
5144
3747
2986
806
-2639
-393
2601
7343
10162
1211
-7970
-12252
-13468
-5900
921
2428
2741
449
660
3290
5190
8440
9984
9976
8673
3447
-2208
-6261
-8194
-7794
-8472
-10452
-12507
-13668
-10177
-4587
725
5954
7602
7909
8673
7836
6605
4510
-239
-2040
3956
8673
5389
-1450
-9355
-12641
-7857
-2507
2226
5905
5421
4204
1368
-2977
-2743
-198
4519
7972
1146
-8262
-13760
-15030
-7221
1634
5269
6698
5110
3310
3699
4399
6399
8786
9213
6627
945
-5962
-10953
-11781
-10527
-9337
-9254
-10352
-10294
-7248
-2369
2924
7113
9674
10902
10460
8735
6220
2452
-2323
-5641
-1642
5310
5170
1178
-4262
-8725
-5888
-825
3141
8094
8411
5639
1807
-4261
-5503
-1951
3240
8004
3640
-6171
-12630
-14527
-7176
3810
9112
10297
7508
3722
3176
3537
5264
6876
5937
3638
-972
-7149
-12202
-13691
-11034
-7620
-5443
-5313
-7085
-6224
-1502
3822
8243
10237
10248
9398
7418
4243
-675
-5737
-9839
-8718
833
6782
4781
1260
-4634
-6592
-1228
3150
7582
9970
6121
1505
-4244
-7991
-5150
-959
4231
5700
-1788
-8412
-11047
-8596
1250
8796
10956
9768
5659
2918
944
-86
1160
1733
1642
-635
-5705
-10965
-13813
-10598
-5115
-2555
-1515
-3064
-4434
-914
3368
6167
8671
8673
7780
6666
2787
-2027
-6419
-9871
-10616
-4490
5777
10151
8146
3026
-2781
-3216
119
3518
7206
7322
3630
-1644
-8018
-9605
-6028
-695
6696
6738
-1398
-6811
-9690
-5882
4852
11159
12163
8316
1357
-2229
-3678
-3176
-495
348
219
-1201
-5962
-9871
-9495
-6133
-1613
1723
1712
-1245
-2680
-1140
518
2963
5713
6666
6556
3613
-1719
-5848
-8252
-8168
-6261
569
10571
12716
8521
2770
-4299
-4595
511
3556
6637
5939
446
-4124
-8156
-8079
-2793
3295
9838
7882
-2053
-7983
-10047
-4313
6598
10084
7883
2594
-3800
-5382
-4354
-2150
488
1455
2037
550
-3385
-6434
-6419
-2653
1988
3896
2197
-2660
-5281
-3776
-1595
2100
5161
5303
4988
2368
-2184
-4854
-5696
-4134
-2636
367
7846
10325
7014
3969
-1496
-3740
-406
796
2959
4517
1303
-756
-3136
-5300
-2104
2343
7164
7312
-873
-6793
-8886
-6397
2519
6306
4142
1275
-3183
-4655
-3496
-2309
789
3037
4097
3398
-474
-3887
-5247
-3387
565
1501
-411
-4190
-7438
-6447
-3512
914
5240
6258
5463
3000
-579
-1899
-2115
-2079
-2209
-3611
656
7818
8260
6177
2184
-3552
-3388
-1073
1355
5890
5904
2925
317
-4732
-5879
-1913
2305
6269
2087
-6556
-9552
-9430
-3572
3818
4104
2369
-314
-2547
-1263
-513
983
3472
4435
4763
1715
-3072
-5232
-4789
-1777
-45
-2192
-5597
-8199
-7151
-2834
1582
5112
6280
5563
4333
1968
-42
-553
-997
-1547
-3702
-4822
1353
7401
7814
7029
2024
-3111
-1860
6
3641
7748
5906
2815
-1698
-7252
-6372
-3200
1198
4647
-1109
-6599
-8076
-8632
-2183
3324
3559
4572
3062
1656
1849
642
1863
3949
4652
4432
642
-3615
-5812
-6408
-4319
-2999
-3332
-3607
-3968
-2027
414
2024
4631
5794
5576
4984
2965
997
-720
-2969
-4743
-6778
-5197
3597
10260
10165
6878
139
-4084
-1628
1938
5951
7799
4069
-660
-6145
-10214
-7313
-2441
1925
3115
-3628
-8538
-8893
-6855
856
5717
5978
5625
2425
819
699
176
2756
4351
3803
1895
-4270
-8827
-9084
-7299
-3133
-1146
-2145
-3342
-5014
-3751
-165
2990
6814
8482
6863
4012
274
-2226
-2628
-2908
-3111
-4857
-5728
1159
8608
9633
8309
3182
-2014
-257
2580
4856
7037
3711
-1072
-4928
-8768
-7476
-4484
-1547
1752
-1307
-5056
-5520
-5673
-380
5440
6698
6770
4672
2974
2635
1630
1563
928
-272
-1138
-3698
-5892
-6503
-6106
-3604
-1667
-1705
-2451
-3436
-1713
1795
4589
6841
6445
3596
1200
-414
-1929
-2255
-2214
-3399
-5230
-6930
-3012
5946
10464
11279
8722
1849
-529
600
1430
4939
4268
-589
-3503
-7952
-9202
-6295
-4209
297
1255
-1811
-2361
-3972
-1986
4349
7541
8589
6674
3014
1536
367
-107
-237
-1469
-1798
-2309
-3686
-4203
-4527
-3671
-1726
-1101
-505
-360
136
2349
3211
3102
2865
1487
891
1315
503
-850
-2565
-5325
-6758
-7475
-4497
6274
13843
13920
11020
2827
-3439
-2783
-1225
2555
4973
1022
-2858
-7540
-11856
-9541
-5269
715
5364
1909
-1985
-4430
-3959
3337
7600
7428
5877
1636
-298
-958
-1957
-1222
-1886
-2547
-2138
-3673
-4238
-3379
-2381
-130
-550
-2144
-2404
-3060
-630
1944
1731
2099
1292
415
772
237
260
183
-1157
-2263
-3964
-5628
-345
9899
14670
13436
7369
-1782
-5248
-3508
-958
3160
3489
-191
-3021
-7643
-9956
-6852
-2309
5001
7659
2521
-1265
-4774
-4374
2687
6346
6780
5405
1131
-1082
-1767
-2677
-2254
-1248
393
1811
530
-2335
-4528
-4978
-3601
-1710
-965
-1957
-2202
-1301
-1342
-601
888
1711
3002
3559
2848
1670
-241
-1952
-2927
-3995
-4685
490
9649
12879
10121
3763
-4130
-6277
-3896
-466
4038
4135
896
-2140
-7408
-8981
-4834
70
6900
7984
1535
-2426
-5478
-4049
3243
6198
6335
4853
1236
84
-832
-1615
-314
854
2382
3075
180
-3721
-5951
-5903
-4031
-2651
-2442
-2894
-2912
-1665
-519
772
2473
3460
4493
4798
3468
1471
-778
-2396
-3455
-4978
-5993
-1780
6522
10243
8797
3612
-4042
-6508
-3566
460
5189
5563
1500
-2448
-7196
-8607
-4859
-59
5838
6585
213
-4820
-7847
-6048
1537
5658
6354
4888
1125
-522
-1676
-2050
-387
817
2309
2231
-1292
-5152
-7300
-6716
-4058
-2071
-887
-650
-1192
-780
-403
503
2787
4679
5761
5623
3894
1339
-966
-2748
-4607
-5574
-5923
-3783
3612
9558
9441
6316
578
-3413
-1464
1426
4099
6036
3990
583
-3382
-7154
-6170
-1751
3798
7212
3097
-3381
-6653
-6423
-734
5094
6192
4919
1763
-1304
-2125
-2232
-1342
483
1705
1231
-1623
-5354
-7526
-7230
-4782
-2422
-1292
-984
-1759
-1640
-482
232
2136
4296
4602
4499
3442
1069
-490
-1710
-2878
-3573
-4625
-4968
-1155
6434
11083
10257
6300
407
-2712
-961
1569
4497
6110
3602
-144
-4175
-6486
-4133
-249
4153
5318
196
-4214
-5992
-4722
1001
4524
4449
3546
936
-583
-962
-1755
-552
864
1014
669
-1974
-5446
-6901
-6190
-3676
-1197
17
-192
-1420
-1830
-1736
-1019
1606
4011
5015
4547
2323
-3
-1553
-2566
-3364
-4222
-4720
-4892
-2475
3844
8101
7944
5465
441
-3023
-2184
433
4268
6450
4583
931
-3518
-5905
-4112
-885
2715
3188
-1488
-5555
-7401
-6231
-818
3454
4808
4593
2117
23
-908
-1455
165
1844
2060
1335
-1817
-5500
-6720
-5428
-2653
-37
1013
123
-1523
-1967
-1050
1130
4262
6758
7348
5689
3155
919
-757
-1072
-1409
-2886
-4587
-6802
-6546
-564
6489
9551
8705
4155
-728
-1242
828
3723
6913
6774
3083
-1805
-6422
-7842
-5513
-1369
1487
-612
-4897
-7621
-8500
-4427
2362
5752
6404
4681
1046
-970
-1308
-673
452
195
-1019
-2851
-5309
-6187
-5233
-3325
-657
847
888
982
1167
1763
2819
3958
5081
5538
4832
2944
772
-560
-1321
-2214
-3323
-4536
-5581
-5915
-3732
2500
9324
12190
10728
6116
1747
1074
2551
4509
5820
3859
-195
-4605
-8568
-9082
-6413
-2699
120
-1094
-4597
-6876
-6566
-1521
4847
7053
5427
1403
-2154
-2917
-2434
-1659
-1078
-1071
-1504
-2982
-4652
-5573
-4672
-1297
1951
3219
2557
318
-1373
-1160
429
2832
4235
3685
2457
615
-1032
-1254
-938
-351
-536
-2292
-3795
-4483
-3268
2979
10957
14151
12086
6418
-26
-2160
-359
2077
4002
2930
-952
-5042
-8482
-9303
-6584
-2158
1499
1188
-2345
-5538
-6590
-3439
2173
5338
5302
2802
-664
-2233
-1850
-616
857
1553
1339
490
-1100
-2928
-3694
-2334
-43
1498
1459
-714
-2964
-3055
-1566
635
2477
3153
3031
2578
1973
1207
557
266
80
-746
-2185
-3609
-4176
-1465
5033
10402
10534
6455
811
-2945
-2369
307
2636
3761
2433
-816
-4494
-7313
-7326
-4318
-204
2015
-361
-4711
-7378
-6795
-1690
4264
6874
6754
4492
1607
246
50
783
2004
2579
2059
-135
-3386
-5743
-5481
-2719
-243
275
-1071
-3104
-3245
-1340
1267
4128
5710
5765
5102
3355
1548
838
821
1212
194
-3042
-6453
-8604
-7858
-2756
4876
10065
9731
5605
673
-2255
-1140
2445
5710
6547
3414
-2457
-8270
-11147
-9511
-5283
-872
591
-3031
-7322
-8442
-6215
-138
6578
9469
8264
4588
973
-755
-776
481
1899
2202
966
-1970
-5441
-7242
-6321
-3265
-147
1114
-315
-2518
-2191
268
3565
6842
8120
7244
5262
2618
378
-551
-545
-584
-1927
-4897
-8061
-9706
-8771
-4305
3846
11515
13384
9812
4281
157
375
3735
6056
5706
2596
-2637
-7515
-10058
-9928
-7369
-3110
-35
-1013
-4090
-5775
-4765
-134
6294
10021
9467
6301
2712
312
-393
-105
65
99
-173
-2005
-5241
-8004
-8335
-5498
-1384
1610
2140
749
502
1980
3861
6030
6663
5264
3753
2024
26
-1488
-2899
-4250
-5507
-7163
-8432
-8044
-5864
-2076
3911
10762
13976
12120
8233
4623
2744
3106
3417
2404
514
-2566
-6005
-8458
-9532
-8482
-5350
-1847
-696
-2465
-3730
-2564
1151
6903
10409
9331
6264
2849
394
-358
-1292
-2459
-3251
-4653
-5828
-6288
-6638
-5309
-2034
633
1887
1785
538
586
2401
4199
5356
4911
2867
965
-507
-1800
-2821
-3849
-4392
-4841
-5883
-6652
-6377
-4610
-1736
2292
8331
13386
13350
9449
4493
724
423
1986
2824
2203
-709
-4897
-8332
-10038
-8968
-5453
-601
3001
2118
-778
-1956
-553
4309
9399
10644
8546
4033
-516
-2755
-3790
-3918
-3101
-2424
-1950
-2235
-3788
-5066
-4191
-1153
2061
3602
2778
535
-484
391
1352
2146
2086
401
-1260
-2557
-3610
-3781
-3190
-2041
-1324
-1847
-3134
-4187
-3955
-1879
2719
9326
13133
10716
5227
184
-2350
-940
1600
2304
1161
-2124
-5821
-7958
-8486
-6370
-2090
2027
3754
1892
-827
-1526
149
4289
8015
8069
5475
1780
-1339
-2184
-1886
-1315
-296
110
-213
-841
-2314
-3133
-1803
106
1398
1365
-427
-1764
-1462
-355
973
1583
1463
1596
1752
1735
1609
1085
788
386
-1224
-3526
-5703
-6495
-5104
-2453
1914
7009
8507
6293
3609
1461
889
2003
2485
1963
607
-2158
-5055
-7373
-8575
-7149
-3895
-1050
-485
-2449
-3884
-2754
608
5351
8440
8017
5704
2677
548
105
24
137
-198
-1627
-3219
-4923
-6503
-6072
-3796
-1660
-467
-565
-1442
-1170
801
3171
4968
5456
4507
3278
2438
1970
1443
189
-1479
-3443
-5439
-6758
-7439
-6732
-4212
-913
3983
9491
11074
8889
6259
3948
2897
3150
2765
1578
-191
-3184
-6535
-8945
-9461
-7188
-2999
558
1262
-261
-1172
45
3419
7532
9315
8053
5288
1889
-805
-2166
-2922
-3081
-3039
-3258
-3608
-4571
-5317
-4407
-2548
-606
852
1193
1347
1896
2571
3163
3180
2733
2445
2096
1266
165
-1304
-2543
-3043
-3649
-4279
-4973
-5775
-5099
-3157
-683
3889
9122
10944
9510
6845
3751
1806
1562
1573
1262
98
-2568
-5639
-7899
-8424
-6543
-3056
138
1129
103
-571
189
2623
5967
7231
5854
3795
1466
-189
-1027
-2388
-3249
-3421
-3704
-3403
-3651
-4697
-4255
-2738
-1247
109
486
602
1431
2569
3519
3522
2924
2638
2515
2223
1090
-1343
-3519
-4534
-5179
-5397
-5646
-6138
-5273
-2822
59
4358
9664
12332
11412
8873
5506
2355
951
606
284
-688
-3169
-6308
-8483
-8562
-6035
-2068
1326
2449
1535
859
1793
4011
6130
6544
5075
2749
709
-716
-2225
-3520
-4052
-4248
-4117
-3800
-3789
-3423
-2271
-625
903
1324
1174
914
791
1580
2083
1742
1609
1253
717
153
-1474
-3347
-4184
-4330
-3836
-3387
-4127
-4853
-4387
-2642
409
4473
8825
11267
10266
7308
3840
1017
197
645
927
568
-1273
-4270
-6679
-7456
-5992
-2820
250
1555
842
-219
27
1735
3993
5427
5570
4443
2369
242
-1661
-2914
-2934
-2295
-1549
-1131
-1675
-2451
-2515
-1920
-867
88
734
1108
1259
1790
2119
2038
2413
2850
2753
1918
70
-2389
-4025
-4354
-4232
-4045
-4287
-4864
-4404
-2656
-204
3410
8003
11441
11911
9286
5166
1761
85
-74
-61
-1208
-3582
-6631
-8717
-8456
-6284
-2938
385
2131
2083
1277
1098
2273
4162
5520
5467
3641
848
-1417
-2852
-3646
-3710
-3406
-3001
-2572
-2521
-2800
-2869
-2166
-639
917
1743
1697
1022
473
366
271
365
626
418
-399
-1490
-2621
-3181
-2821
-2131
-1663
-1541
-1685
-1603
-582
1353
3615
6396
8840
9095
7203
4514
1961
322
-57
-103
-533
-1535
-3182
-4762
-5111
-3769
-1455
610
1648
1153
-125
-406
502
1777
3015
3304
2278
783
-615
-1704
-2252
-2190
-1692
-1009
-497
-607
-1136
-1538
-1708
-1554
-1089
-721
-504
-244
-35
47
10
262
1058
1878
2140
1434
4
-1151
-1725
-1962
-2149
-2624
-3195
-3365
-2723
-1292
755
3641
6660
8446
8390
6656
4063
1733
196
-562
-995
-1762
-2949
-4391
-5586
-5547
-4167
-2013
198
1285
984
448
594
1506
2897
3826
3576
2457
1149
-85
-1212
-2059
-2284
-1935
-1506
-1271
-1503
-2030
-2006
-1308
-360
578
1092
1073
915
711
414
359
838
1481
1612
877
-644
-2225
-2925
-2724
-2381
-2288
-2497
-2658
-2113
-946
670
2898
5457
7419
7730
6188
3517
862
-633
-767
-550
-894
-2046
-3669
-4810
-4810
-3791
-2024
-188
943
1117
694
416
747
1660
2549
2765
2178
1202
199
-718
-1302
-1262
-823
-492
-528
-1066
-1830
-2153
-2021
-1533
-732
-74
285
438
170
-277
-185
646
1690
2164
1586
234
-1288
-2070
-1825
-1532
-1484
-1582
-1878
-1766
-1034
90
1839
4064
6158
7384
6960
5166
2900
789
-478
-989
-1446
-2018
-3054
-4365
-4978
-4620
-3271
-1319
138
643
396
29
232
948
1806
2270
1988
1241
247
-793
-1540
-1994
-1970
-1486
-946
-514
-442
-739
-978
-838
-302
532
1184
1454
1221
469
-108
-131
266
981
1344
1056
382
-480
-977
-998
-913
-716
-484
-324
-6
368
868
1822
3100
4308
4790
4076
2656
1085
-340
-1237
-1723
-1997
-2068
-2117
-2167
-2171
-2002
-1408
-520
272
568
335
27
-102
26
383
682
872
901
516
-91
-684
-1130
-1119
-722
-292
-152
-702
-1650
-2314
-2485
-2056
-1242
-483
22
97
-19
117
474
1067
1668
1815
1433
573
-298
-784
-1029
-1047
-1037
-1124
-1066
-757
-321
352
1585
3195
4517
4975
4236
2679
1084
-158
-759
-841
-953
-1198
-1559
-1946
-1983
-1618
-872
195
890
935
604
-3
-360
-118
350
813
1018
619
-156
-903
-1318
-1260
-840
-350
-159
-396
-889
-1372
-1578
-1451
-1073
-579
-124
88
-22
-170
-177
-35
318
762
954
742
315
-184
-486
-378
-268
-220
-217
-249
-44
135
118
378
1134
2152
3090
3365
2648
1353
115
-459
-170
345
643
664
226
-454
-1025
-1447
-1462
-1119
-773
-705
-1098
-1581
-1555
-950
73
1192
1728
1584
1239
931
735
545
216
-45
-255
-712
-1325
-1856
-2204
-1989
-1312
-702
-391
-486
-596
-325
186
893
1560
1811
1617
1072
358
-273
-636
-729
-775
-800
-789
-777
-634
-344
262
1283
2379
3240
3509
2850
1704
736
83
-101
0
1
-121
-546
-1243
-1992
-2528
-2486
-1855
-1070
-567
-580
-937
-1070
-701
93
956
1454
1582
1400
944
349
-187
-371
-183
-55
-298
-857
-1574
-2034
-1879
-1302
-764
-446
-320
-341
-225
41
337
745
1193
1438
1271
698
-44
-508
-439
-69
238
139
-336
-884
-1283
-1189
-391
839
2040
2703
2553
1765
863
472
746
1363
1842
1706
877
-386
-1506
-2069
-2047
-1603
-1046
-732
-708
-863
-938
-561
265
1282
2035
2244
1930
1251
628
216
4
-86
-287
-645
-1235
-1935
-2380
-2452
-2100
-1425
-845
-522
-343
-399
-288
338
1129
1813
2106
1715
925
147
-361
-492
-360
-287
-355
-616
-968
-1078
-945
-458
356
1158
1734
1940
1698
1336
1239
1431
1752
1818
1418
656
-233
-947
-1392
-1613
-1599
-1470
-1341
-1291
-1303
-1269
-920
-162
661
1185
1182
786
472
386
390
331
20
-362
-732
-1006
-1134
-1141
-1002
-714
-476
-473
-671
-883
-802
-282
439
1121
1386
1284
1000
586
215
-47
-50
129
209
-97
-792
-1538
-1913
-1612
-820
156
994
1524
1863
2001
2060
1964
1839
1848
1750
1473
870
6
-905
-1669
-2013
-2038
-1875
-1605
-1415
-1227
-988
-662
-191
358
783
958
887
685
499
317
117
-101
-357
-652
-1004
-1331
-1520
-1589
-1512
-1224
-838
-363
-17
213
491
731
1035
1304
1340
1159
798
293
-197
-562
-789
-830
-898
-979
-1036
-1074
-756
-168
578
1451
2146
2591
2920
3120
3246
3135
2642
1944
1187
472
-154
-714
-1259
-1706
-1974
-2039
-1809
-1419
-982
-488
-141
54
109
58
52
46
17
-45
-340
-760
-1160
-1450
-1502
-1346
-1109
-837
-641
-567
-512
-387
-26
515
1007
1314
1361
1211
983
707
385
19
-352
-708
-950
-1126
-1238
-1228
-1213
-1077
-752
-392
123
666
1143
1707
2272
2617
2778
2730
2459
2058
1496
855
263
-272
-705
-1045
-1424
-1693
-1734
-1566
-1238
-804
-365
-40
119
109
2
-73
-147
-195
-217
-381
-672
-958
-1195
-1275
-1174
-981
-690
-401
-176
6
134
257
505
836
1093
1102
885
525
144
-190
-425
-589
-785
-1025
-1318
-1559
-1621
-1463
-1148
-694
-218
238
728
1220
1755
2260
2612
2738
2645
2416
1970
1421
854
275
-199
-603
-923
-1093
-1086
-948
-665
-370
-127
126
263
343
353
268
188
22
-213
-534
-952
-1268
-1401
-1360
-1172
-947
-677
-362
-18
309
546
712
819
854
893
826
544
182
-189
-502
-648
-748
-813
-797
-808
-819
-805
-767
-555
-213
118
426
627
837
1088
1306
1505
1618
1575
1398
1159
905
615
310
-38
-369
-570
-701
-746
-700
-625
-474
-279
-58
156
292
357
302
198
50
-165
-391
-630
-786
-918
-1029
-1060
-1057
-897
-587
-206
162
374
451
470
510
632
720
668
514
276
-45
-391
-695
-890
-959
-967
-950
-899
-919
-905
-722
-418
-34
286
476
603
705
892
1138
1290
1366
1341
1218
997
690
389
157
53
38
32
-86
-287
-383
-359
-187
27
168
225
137
-31
-201
-344
-476
-585
-631
-728
-888
-1050
-1105
-951
-576
-64
351
534
566
548
551
613
688
733
623
349
-8
-437
-802
-1006
-1068
-942
-754
-667
-646
-629
-531
-272
89
398
654
870
969
1009
979
848
724
635
626
640
576
474
298
112
15
-51
-60
-14
8
27
49
6
-48
-56
-69
-49
-31
-86
-177
-338
-530
-651
-707
-684
-543
-326
-123
74
198
306
444
580
719
797
807
725
570
301
-25
-312
-536
-641
-748
-890
-1032
-1170
-1215
-1157
-1007
-750
-392
-95
99
272
461
652
829
958
980
913
730
518
327
211
196
170
117
26
-75
-92
-15
115
214
268
267
247
144
-22
-182
-283
-296
-326
-400
-544
-726
-879
-897
-763
-538
-303
-101
88
198
287
411
529
661
743
741
590
339
59
-178
-335
-435
-448
-460
-478
-512
-566
-539
-438
-303
-129
20
127
174
154
144
185
282
397
429
383
266
147
108
132
193
268
334
366
320
246
219
242
271
273
221
127
47
-22
-59
-107
-212
-361
-539
-711
-778
-717
-547
-315
-170
-84
-21
35
155
324
489
612
628
546
397
186
3
-107
-180
-235
-316
-458
-558
-595
-541
-388
-217
-31
169
306
381
394
348
314
285
265
235
95
-113
-284
-408
-421
-339
-199
-6
170
319
407
452
525
608
685
696
634
495
335
165
-17
-170
-322
-448
-522
-557
-531
-430
-293
-184
-120
-83
-65
-38
22
78
126
130
84
18
-80
-158
-219
-253
-225
-168
-128
-107
-91
-72
-36
-2
34
74
70
58
0
-106
-221
-314
-315
-239
-171
-158
-171
-205
-227
-199
-98
66
230
383
489
509
469
369
274
233
212
157
82
-11
-111
-191
-260
-277
-251
-163
-31
41
52
-8
-78
-74
-17
45
103
143
163
169
124
76
50
58
122
155
120
46
-17
-47
-45
-31
-36
-70
-125
-144
-156
-160
-125
-95
-61
-71
-136
-174
-175
-149
-123
-107
-90
-77
-40
29
149
276
379
434
442
423
351
269
155
45
-12
-46
-75
-138
-220
-309
-332
-277
-169
-16
100
141
120
76
25
0
16
32
53
53
18
-48
-92
-87
-23
65
107
108
43
-29
-66
-66
-30
18
44
56
53
38
44
46
59
67
52
44
19
-15
-55
-84
-105
-116
-80
-36
25
75
89
81
69
89
110
123
107
47
-6
-58
-86
-94
-114
-134
-155
-158
-141
-105
-77
-52
-22
-21
-41
-85
-129
-151
-166
-160
-149
-136
-117
-104
-73
-50
-44
-30
-27
-41
-53
-60
-60
-64
-52
-8
35
77
99
104
103
100
99
104
93
58
31
18
-6
-27
-35
0
62
125
206
280
329
341
315
273
232
158
88
75
61
1
-91
-195
-221
-161
-97
-19
41
59
72
65
38
14
-1
9
19
-6
-51
-82
-112
-120
-111
-114
-106
-94
-85
-79
-85
-115
-123
-106
-62
-14
4
11
-11
-23
-4
7
1
-8
-27
-46
-60
-73
-85
-74
-48
12
79
141
199
230
250
229
181
119
45
-28
-68
-79
-108
-145
-204
-256
-243
-172
-82
-12
53
90
87
89
115
143
175
201
201
170
110
66
70
90
94
64
17
-39
-108
-158
-196
-218
-195
-155
-121
-92
-78
-53
8
92
179
234
248
241
203
139
69
-7
-62
-92
-128
-177
-219
-243
-233
-179
-99
-14
35
57
71
92
123
144
155
160
134
67
-20
-126
-206
-219
-222
-218
-220
-239
-244
-223
-163
-86
-13
71
150
201
231
236
232
220
214
211
174
93
-36
-160
-257
-325
-337
-309
-266
-197
-113
-27
63
167
265
339
384
380
329
259
179
113
66
14
-34
-81
-128
-169
-197
-206
-179
-134
-77
-11
49
100
134
149
150
122
67
11
-41
-78
-97
-132
-161
-164
-174
-175
-158
-145
-104
-49
5
70
112
128
144
167
177
169
148
95
13
-72
-142
-183
-194
-170
-122
-81
-50
-30
5
57
142
246
315
336
309
257
193
116
56
-1
-56
-98
-140
-187
-223
-226
-195
-136
-49
48
127
174
200
214
205
185
156
104
31
-57
-141
-211
-260
-283
-292
-282
-244
-204
-157
-97
-28
48
131
200
245
256
235
203
146
73
2
-82
-176
-256
-316
-333
-315
-278
-238
-209
-143
-38
73
181
270
336
354
327
280
220
150
81
25
-46
-120
-189
-240
-255
-235
-185
-118
-38
35
86
124
155
187
193
173
126
68
1
-79
-142
-181
-206
-228
-235
-219
-190
-152
-85
-9
73
148
217
282
303
297
261
211
155
89
15
-70
-143
-211
-264
-278
-261
-212
-163
-107
-34
40
117
196
269
318
334
315
277
230
155
76
8
-56
-118
-182
-214
-218
-208
-157
-108
-59
-2
47
86
113
138
154
154
129
81
18
-51
-103
-142
-168
-183
-189
-172
-160
-144
-105
-55
10
87
137
144
145
145
142
124
81
28
-38
-102
-150
-178
-185
-175
-143
-98
-45
5
47
82
122
156
185
202
204
185
156
129
79
20
-19
-47
-75
-101
-110
-120
-116
-88
-57
-19
3
25
50
53
40
31
13
-10
-42
-78
-123
-162
-187
-204
-200
-176
-125
-71
-23
29
61
81
96
107
117
119
134
117
79
26
-31
-85
-124
-134
-136
-126
-109
-85
-52
-15
22
71
123
156
177
189
178
171
170
142
111
82
39
-11
-65
-101
-124
-139
-117
-95
-82
-57
-13
47
96
138
155
138
106
65
10
-41
-76
-89
-116
-150
-182
-210
-217
-196
-147
-93
-48
2
62
106
137
165
183
178
158
115
53
-10
-56
-87
-116
-118
-115
-106
-86
-55
-3
41
90
125
147
157
159
163
158
150
144
129
99
57
-2
-63
-111
-137
-134
-129
-112
-90
-76
-40
13
54
86
96
94
88
65
40
11
-33
-85
-118
-137
-149
-155
-164
-171
-165
-132
-81
-32
18
69
98
113
129
128
106
75
50
29
2
-24
-34
-48
-55
-47
-42
-40
-34
-19
-3
2
4
9
13
25
53
73
77
71
55
27
5
-12
-32
-41
-35
-25
-25
-30
-37
-35
-20
-5
3
10
20
33
38
30
23
6
-18
-37
-65
-93
-111
-117
-104
-81
-61
-44
-33
-19
-1
8
14
29
47
61
61
59
56
43
30
19
-3
-29
-36
-29
-21
-23
-21
-13
-9
4
24
41
63
75
91
92
82
76
62
53
53
57
47
23
11
16
27
30
28
35
30
21
21
21
21
16
-2
-33
-55
-68
-76
-61
-45
