31
33
19
21
25
9
-95
-195
-193
-171
-181
-249
-276
-280
-281
-252
-206
-120
-164
-217
-123
-83
-105
-57
7
59
34
35
78
68
37
76
181
184
136
170
227
202
124
105
112
123
146
154
152
100
77
42
-6
-9
-124
-223
-222
-226
-266
-247
-153
-116
-103
-43
41
50
16
61
96
83
28
34
109
84
47
18
-48
-107
-66
4
6
18
42
52
92
109
42
40
85
87
112
106
95
133
125
119
174
172
81
58
71
6
-36
-43
-73
-56
-40
-67
-72
-120
-204
-186
-144
-206
-257
-232
-208
-183
-119
-62
-46
-29
-12
-12
-24
-68
-65
0
80
151
210
255
273
276
240
201
172
162
114
62
67
50
23
20
32
33
12
-1
27
9
-52
-94
-116
-120
-182
-272
-262
-170
-104
-114
-91
-48
-34
-27
3
38
5
-13
43
107
57
37
123
147
186
240
232
234
277
289
262
257
197
110
90
50
-25
-133
-193
-167
-166
-233
-305
-307
-368
-472
-525
-574
-602
-644
-639
-543
-488
-511
-484
-363
-319
-323
-262
-215
-189
-115
42
210
306
378
474
541
543
555
563
534
548
588
621
629
582
573
617
586
524
484
388
316
308
243
118
74
66
21
20
53
13
-59
-38
-42
-115
-151
-166
-169
-180
-195
-176
-138
-209
-274
-264
-344
-448
-436
-422
-440
-394
-357
-360
-363
-359
-374
-334
-316
-357
-342
-335
-328
-294
-247
-212
-194
-231
-279
-206
-120
-135
-114
3
86
111
141
195
271
360
459
556
641
655
639
649
671
691
687
671
606
561
545
512
523
525
493
458
369
208
56
-65
-158
-240
-281
-259
-269
-294
-321
-353
-425
-521
-518
-492
-513
-546
-576
-558
-548
-554
-476
-397
-353
-254
-138
-112
-107
-46
54
120
136
112
117
190
220
227
227
213
204
213
212
163
103
68
44
36
19
-37
-48
-29
-39
-63
-52
-60
-93
-107
-154
-223
-257
-238
-211
-182
-136
-111
-40
19
29
53
62
58
40
68
49
20
36
34
13
27
48
27
20
-1
-15
-27
-54
-72
-66
-80
-101
-92
-107
-135
-110
-33
53
134
211
253
253
260
234
213
224
236
267
326
392
446
469
494
505
486
479
425
381
326
239
166
151
137
59
-8
-65
-143
-215
-277
-352
-415
-426
-411
-388
-455
-557
-546
-524
-497
-440
-364
-308
-274
-234
-201
-190
-206
-201
-176
-127
-66
-31
9
73
144
162
148
189
229
208
181
193
204
179
176
185
133
62
55
75
48
-12
-45
-76
-86
-1
57
40
51
57
63
83
67
63
70
90
164
221
195
146
150
154
137
142
137
82
42
39
58
45
10
17
-13
-74
-119
-145
-178
-217
-204
-177
-183
-197
-229
-263
-333
-381
-382
-396
-391
-402
-413
-420
-428
-455
-468
-480
-515
-509
-429
-359
-279
-174
-52
52
110
186
236
272
282
340
449
471
418
423
529
600
597
606
615
620
642
646
684
702
651
600
600
578
462
361
324
294
245
192
193
171
119
93
26
-49
-109
-166
-254
-336
-379
-412
-402
-397
-439
-498
-529
-527
-536
-554
-572
-571
-566
-596
-569
-536
-550
-556
-517
-450
-413
-390
-332
-274
-253
-218
-178
-135
-73
39
118
131
178
235
297
325
347
386
378
400
460
487
466
433
445
439
405
399
392
365
361
377
361
316
282
243
206
189
169
122
44
0
-31
-79
-98
-57
-58
-100
-102
-83
-89
-112
-98
-87
-145
-246
-262
-259
-283
-242
-147
-142
-166
-110
-61
-95
-138
-145
-132
-147
-159
-120
-118
-140
-120
-85
-108
-135
-104
-113
-136
-129
-132
-115
-98
-59
-50
-61
-52
-37
-8
-6
-40
-78
-94
-112
-132
-129
-123
-97
-60
-63
-28
19
23
5
-3
34
62
59
43
61
84
73
113
164
131
89
107
157
175
182
184
148
107
84
114
139
109
98
104
132
151
162
105
24
44
59
47
72
73
51
84
160
167
85
44
99
155
155
144
146
149
123
125
158
179
200
212
231
225
206
189
163
131
77
51
45
25
22
4
-9
-13
-40
-84
-145
-165
-174
-178
-179
-211
-273
-344
-378
-371
-392
-433
-414
-372
-408
-401
-344
-334
-309
-272
-217
-200
-218
-184
-141
-143
-161
-109
-84
-114
-88
-9
67
59
42
80
59
-18
-36
-21
-42
-61
23
134
183
197
203
214
189
163
157
164
196
203
227
261
296
299
280
276
276
254
224
257
231
143
69
28
52
52
16
-14
-20
-26
-68
-87
-115
-146
-143
-140
-149
-171
-193
-186
-171
-152
-159
-165
-62
-29
-50
-43
-41
11
62
93
107
64
26
38
54
67
45
-12
-37
-21
-30
-28
5
-13
-65
-73
-90
-160
-205
-206
-159
-129
-125
-98
-83
-84
-77
-60
-44
-11
59
104
167
244
241
223
248
293
292
261
271
267
263
281
242
180
139
111
133
122
85
63
48
11
-16
-42
-92
-113
-120
-163
-202
-225
-217
-160
-142
-175
-189
-212
-198
-145
-114
-89
-63
-44
-48
-43
-21
-20
-39
-32
7
17
-8
-8
-14
-33
-17
20
47
6
-15
11
-14
-57
-68
-90
-119
-130
-136
-109
-63
-33
-29
-21
-22
-35
-32
15
54
87
106
134
183
166
109
79
106
102
74
73
71
61
45
48
59
7
-13
56
98
86
41
0
-43
-99
-134
-142
-127
-87
-30
23
32
-27
-79
-83
-61
-24
-57
-88
-58
-60
-91
-77
-61
-70
-63
-24
40
64
74
53
24
-13
-57
-72
-67
-79
-88
-58
-52
-25
-16
-42
-34
-22
-40
-27
6
5
13
49
67
71
72
48
37
10
2
46
97
108
111
133
128
103
126
130
107
102
84
64
48
44
63
113
104
90
117
98
88
77
23
-11
-6
-15
-27
-2
38
36
68
147
173
151
125
129
108
73
64
55
65
69
33
-18
-19
-2
-14
-17
-24
-25
-70
-90
-63
-77
-109
-163
-176
-176
-222
-254
-232
-239
-269
-217
-143
-127
-113
-102
-117
-139
-188
-202
-185
-195
-187
-142
-90
-62
-46
-37
-51
-57
-46
-33
-33
-54
-79
-52
8
48
56
65
77
71
70
58
29
16
-11
-6
66
69
64
108
128
141
145
130
127
100
77
106
96
93
120
134
120
109
115
124
125
98
54
33
67
79
64
54
10
-27
-34
-46
-62
-75
-77
-71
-67
-70
-87
-112
-91
-57
-17
4
5
1
-14
6
27
70
83
123
171
158
150
124
100
87
91
96
60
21
5
13
13
-39
-73
-88
-83
-44
-59
-126
-181
-202
-195
-182
-146
-123
-108
-58
-13
13
19
34
77
99
95
143
207
232
241
240
207
151
124
136
141
116
79
43
-1
-27
-43
-108
-143
-139
-124
-136
-203
-272
-299
-314
-281
-233
-275
-272
-237
-198
-163
-132
-43
-5
-21
-42
-29
-21
-27
13
91
131
158
209
226
191
168
182
151
118
91
61
51
30
18
-19
-27
21
47
16
-35
-65
-120
-171
-161
-139
-126
-81
-58
-50
-47
-49
-25
7
17
3
-25
-34
-43
-15
27
64
139
173
172
188
164
118
90
99
107
86
79
87
86
88
90
107
92
80
56
18
3
-36
-54
-111
-159
-186
-164
-132
-92
-42
-38
-11
8
-7
-43
-57
-55
-46
-51
-62
-74
-72
-50
-21
15
40
56
56
44
40
77
61
9
30
61
66
80
95
87
52
-8
-36
-28
-36
-17
37
53
33
37
-1
-32
-63
-107
-119
-135
-114
-96
-95
-67
-45
-50
-50
-44
-15
25
59
104
119
82
65
79
69
55
73
110
133
129
119
129
103
66
55
45
37
-3
-25
-36
-60
-79
-59
-55
-76
-81
-101
-92
-85
-78
-89
-117
-128
-127
-78
-46
-17
-3
9
34
24
25
36
21
14
34
59
73
66
62
69
83
91
113
118
65
20
-29
-98
-167
-174
-178
-204
-208
-190
-160
-156
-115
-123
-134
-93
-60
-61
-76
-102
-134
-116
-86
-39
-7
43
88
122
132
142
152
141
143
123
125
140
158
199
232
228
216
211
148
62
17
2
5
14
25
20
21
21
11
11
-4
-9
-13
-15
-25
-35
-18
9
-21
-62
-86
-96
-94
-100
-72
-39
-13
-35
-53
-46
-77
-70
-28
-28
-37
-25
-1
14
-15
-42
-19
-13
-10
5
-15
-46
-37
12
8
10
7
2
36
60
78
66
36
23
32
2
-10
49
94
124
185
217
220
207
198
186
155
135
123
122
85
78
99
90
88
64
39
-11
-90
-137
-173
-216
-248
-272
-339
-366
-358
-367
-370
-354
-333
-311
-259
-241
-240
-274
-275
-250
-235
-172
-91
12
67
125
164
172
184
206
256
281
286
317
336
316
308
306
293
260
248
223
167
104
65
24
-42
-84
-101
-140
-163
-152
-172
-180
-155
-136
-163
-179
-159
-146
-155
-120
-44
-38
-28
36
96
94
68
111
141
147
157
166
155
135
164
205
199
171
168
150
86
32
-4
-54
-64
-68
-90
-126
-144
-156
-198
-225
-201
-157
-151
-154
-119
-111
-104
-56
-20
-5
25
87
115
108
84
66
35
1
21
44
25
14
25
42
49
64
79
65
37
28
18
-25
-57
-41
-42
-66
-59
-36
-36
-65
-42
-16
-8
13
48
58
63
98
118
132
148
166
132
104
114
130
144
144
155
133
85
49
37
-11
-72
-68
-76
-115
-129
-121
-147
-183
-188
-185
-193
-237
-254
-257
-263
-232
-162
-146
-141
-99
-84
-67
-33
-14
9
35
64
111
115
105
120
137
142
149
172
164
136
128
110
72
71
69
33
-3
-29
-25
-44
-72
-88
-105
-121
-102
-50
-27
-24
3
13
6
22
21
45
59
63
84
91
67
22
5
-4
19
20
18
31
16
-9
-59
-99
-86
-47
-29
8
-1
-26
-27
-44
-85
-152
-178
-184
-167
-185
-204
-217
-203
-135
-55
42
105
147
163
171
205
216
228
244
277
312
333
347
321
260
215
195
161
145
93
58
31
2
-23
-46
-67
-83
-72
-90
-111
-125
-132
-148
-158
-183
-193
-207
-246
-251
-277
-290
-280
-254
-222
-173
-85
-46
-2
34
59
97
124
133
149
173
160
175
167
143
150
148
125
86
91
84
63
23
-7
6
22
20
24
35
6
5
4
-19
-66
-128
-126
-111
-104
-93
-67
-35
-5
-15
-40
-40
-57
-93
-108
-103
-113
-116
-116
-105
-48
-26
-21
3
-9
-43
-64
-29
-11
-9
30
57
73
80
89
109
119
115
110
110
96
53
18
8
21
29
41
70
100
128
123
117
96
71
59
42
39
25
-5
-35
-73
-135
-196
-206
-222
-253
-240
-215
-175
-127
-98
-76
-48
-47
-44
-15
-23
-24
-5
14
19
36
51
50
55
37
31
29
50
88
117
150
184
208
216
225
218
208
163
130
109
63
54
52
32
-9
-44
-47
-57
-71
-74
-67
-69
-50
-18
3
23
63
100
98
55
9
-17
-43
-74
-78
-66
-43
-10
2
4
1
-11
-6
4
-6
-55
-88
-86
-88
-74
-71
-86
-99
-115
-115
-116
-97
-66
-77
-40
25
86
112
107
109
106
90
54
34
-23
-66
-72
-46
-55
-95
-101
-69
-51
-69
-87
-87
-44
-16
-33
-52
-47
-39
-13
24
14
-18
-28
12
57
37
21
43
98
120
112
122
130
113
115
139
118
67
36
21
-14
-67
-123
-148
-155
-187
-182
-130
-121
-138
-138
-109
-98
-100
-85
-56
-22
12
20
6
-15
-14
-11
-11
-5
-24
-22
30
80
99
116
173
219
202
185
208
214
190
200
208
169
130
147
128
70
32
43
48
-11
-38
-40
-32
-34
-27
-2
-25
-50
-23
-15
-30
-64
-94
-69
-43
-41
-59
-71
-49
-19
4
35
49
38
18
51
86
67
44
72
102
76
33
20
-15
-35
-22
-36
-58
-74
-83
-78
-92
-110
-141
-178
-190
-181
-167
-196
-235
-209
-190
-201
-222
-235
-214
-171
-123
-89
-92
-87
-10
82
102
86
112
138
168
206
217
202
170
184
172
102
50
52
77
91
93
69
35
31
87
90
59
63
78
36
-18
-9
-27
-74
-67
-46
-86
-118
-74
-58
-65
-34
24
29
0
8
37
30
22
61
69
48
53
63
15
-7
6
26
20
24
35
6
7
18
6
-24
12
51
9
-33
-13
-14
-47
-23
0
-32
-55
-35
-15
-29
-62
-42
-43
-41
-14
-8
-7
-10
-45
-96
-109
-84
-78
-72
-28
8
-6
-9
42
76
80
127
185
183
172
182
173
124
95
98
69
32
18
-29
-80
-111
-104
-101
-120
-119
-134
-135
-105
-97
-125
-149
-146
-158
-158
-117
-60
-38
-35
-12
-39
-87
-70
-32
-9
20
74
118
145
170
184
181
178
211
228
210
219
226
209
172
139
123
98
94
72
21
-3
-27
-64
-63
-54
-61
-94
-108
-104
-151
-191
-181
-162
-186
-206
-179
-168
-202
-217
-221
-238
-214
-158
-113
-89
-46
-4
38
89
106
111
143
198
232
231
260
270
214
181
203
194
140
115
111
60
-5
-14
-19
-68
-109
-121
-147
-175
-183
-181
-199
-199
-180
-181
-170
-151
-127
-111
-72
-22
0
28
56
64
44
66
105
104
78
93
112
86
80
86
62
6
0
42
51
23
15
29
12
-11
-1
8
-2
-5
9
22
30
17
-5
-2
24
19
-10
-11
-6
-26
-31
17
50
42
61
102
99
66
52
40
14
-9
-15
-12
-14
-17
-24
-22
-11
-23
-57
-54
-27
-27
-50
-41
-15
-12
-4
18
34
16
0
34
51
37
39
36
13
22
48
74
84
105
138
119
97
81
76
82
84
88
63
66
66
20
-11
-15
-36
-97
-121
-140
-192
-233
-239
-241
-281
-314
-309
-302
-320
-326
-278
-268
-257
-194
-150
-110
-77
-37
9
51
96
149
204
246
273
283
279
283
272
265
267
252
212
181
159
124
94
91
76
12
-21
-21
-41
-63
-65
-65
-74
-100
-119
-145
-166
-150
-143
-153
-143
-116
-125
-107
-68
-51
-32
-6
13
7
22
52
67
67
96
159
147
113
126
124
88
67
97
89
22
15
34
14
-16
10
43
42
43
32
31
-1
-27
0
10
18
11
0
-3
-19
-39
-56
-31
-31
-55
-50
-1
24
-3
8
44
37
17
53
75
38
-1
13
40
35
28
30
23
-21
-61
-88
-110
-124
-134
-155
-149
-154
-178
-160
-120
-75
-67
-67
-54
-45
-42
-9
29
33
28
30
44
33
48
96
102
102
117
122
101
61
68
79
55
67
87
76
47
29
38
48
47
35
12
-14
-30
-54
-72
-79
-98
-88
-48
-27
-41
-59
-36
-21
-39
-50
-45
-63
-83
-68
-50
-37
-10
7
-6
-19
11
11
-21
-3
25
16
-10
-8
13
-8
-27
11
43
25
2
-1
2
-15
-25
-10
6
14
-3
-12
-11
-23
-33
-11
35
49
34
31
43
29
10
32
58
52
45
84
122
97
62
71
103
93
66
74
73
48
26
15
15
-3
-22
-21
-32
-81
-116
-107
-107
-105
-76
-32
-28
-48
-33
-21
-33
-47
-37
-23
-43
-28
-2
2
-12
-11
24
11
-17
0
26
17
10
68
100
81
60
64
84
56
37
65
79
52
23
36
25
-11
-17
14
24
-7
-9
7
-18
-64
-66
-47
-48
-83
-94
-85
-114
-140
-143
-120
-111
-115
-76
-41
-51
-80
-64
-24
-23
-17
27
70
49
38
91
110
95
102
138
126
67
67
107
84
37
52
67
31
4
24
49
12
-14
16
20
-8
-28
-34
-28
-42
-78
-83
-64
-81
-100
-48
25
31
26
60
57
-13
-69
-83
-117
-147
-121
-79
-70
-80
-40
-14
-50
-48
-17
-25
-49
-42
-33
-60
-81
-61
-14
7
31
69
76
68
74
71
36
16
11
16
38
54
74
112
134
125
88
81
89
57
34
86
112
78
94
134
120
74
77
102
63
2
-7
-11
-44
-41
-1
3
2
30
32
24
16
-11
-51
-66
-79
-104
-113
-88
-88
-112
-95
-69
-66
-52
-21
-15
-58
-72
-48
-65
-85
-37
10
9
27
80
113
65
32
68
58
4
-11
-4
-20
-36
-27
-5
-6
-15
4
46
67
63
26
20
22
-28
-69
-61
-61
-92
-87
-53
-33
-27
2
42
36
16
9
-16
-51
-63
-67
-83
-72
-68
-82
-77
-40
-11
-7
6
3
-27
-47
-62
-69
-73
-56
0
30
40
76
105
97
89
96
67
29
31
24
-15
-47
-23
-17
-37
-7
32
25
9
28
46
28
5
19
61
90
81
87
87
50
38
49
53
60
56
46
47
40
56
69
55
56
63
44
29
22
13
9
12
7
-5
-29
-38
-35
-64
-95
-105
-125
-161
-191
-200
-199
-187
-141
-91
-61
-38
-25
-39
-54
-23
-4
-18
-11
36
62
42
46
88
118
143
200
234
236
252
260
232
182
157
130
76
52
55
30
13
33
40
19
16
36
34
-8
-26
-18
-46
-82
-83
-81
-116
-156
-154
-161
-201
-232
-230
-220
-238
-255
-238
-198
-178
-172
-139
-101
-106
-135
-133
-101
-83
-85
-56
-4
-7
-40
-40
-29
-37
-41
-22
10
8
11
60
112
143
174
226
267
280
284
290
286
271
258
253
235
211
178
144
116
99
98
109
119
108
97
87
66
40
11
-4
-23
-51
-88
-113
-127
-144
-168
-183
-180
-192
-224
-239
-230
-233
-242
-218
-186
-176
-167
-129
-94
-93
-65
-30
-52
-82
-67
-59
-82
-54
2
29
38
73
122
115
101
117
116
83
77
101
79
55
86
104
89
105
133
117
117
162
192
187
180
223
219
164
149
150
118
57
29
-10
-74
-132
-160
-149
-139
-121
-125
-118
-75
-69
-89
-83
-54
-64
-96
-84
-60
-75
-97
-84
-78
-124
-150
-140
-129
-137
-123
-79
-60
-30
10
40
76
105
128
135
119
93
58
40
25
3
-11
-10
12
19
5
9
27
29
27
48
74
89
99
112
130
130
107
113
101
64
30
19
12
-24
-40
-42
-53
-59
-54
-71
-89
-92
-97
-97
-104
-108
-110
-123
-118
-97
-86
-81
-69
-63
-71
-72
-53
-37
-44
-42
-17
-23
-37
-14
27
37
40
69
80
54
49
65
60
41
28
38
39
13
25
70
88
93
95
101
83
63
57
62
35
8
-5
-13
-27
-50
-49
-36
-26
-34
-37
-21
-8
-14
5
27
37
30
45
59
37
24
34
20
-4
7
31
23
15
22
22
-12
0
32
17
1
12
39
-18
-61
-52
-64
-120
-132
-81
-67
-83
-59
-15
-41
-75
-38
-12
-28
-19
42
71
53
49
59
52
9
8
48
54
52
71
90
80
69
85
86
61
57
72
67
53
49
35
20
-3
-3
0
-7
-18
-18
-22
-44
-55
-59
-77
-107
-126
-123
-118
-136
-135
-92
-70
-79
-65
-42
-39
-62
-70
-63
-102
-139
-96
-55
-63
-44
20
42
27
38
65
33
6
38
57
25
11
50
73
43
35
72
74
46
43
71
49
15
42
80
51
22
32
20
-14
-20
-10
-10
-28
-26
-29
-36
-34
-17
16
29
51
53
25
25
30
22
23
41
56
43
55
82
91
57
46
65
49
8
6
19
5
-9
2
16
3
14
48
33
-15
-38
-67
-100
-111
-112
-120
-143
-148
-130
-120
-109
-72
-32
-9
5
30
29
6
9
33
51
37
20
25
30
20
18
40
51
42
48
61
61
49
41
51
34
5
10
8
0
5
10
4
-12
-13
-10
-7
-23
-16
-7
-29
-57
-81
-74
-60
-56
-50
-33
-17
-24
-8
25
37
31
33
49
36
21
43
64
44
37
49
44
28
8
14
20
-11
-14
-4
-19
-14
1
6
18
20
2
-6
-4
-3
4
7
5
-2
-25
-40
-26
-21
-16
5
-2
-33
-49
-50
-47
-51
-39
-20
-17
-24
-25
-20
-28
-40
-43
-63
-73
-71
-76
-86
-94
-80
-51
-46
-42
-9
8
16
27
49
53
43
45
67
86
69
69
84
79
78
101
116
112
104
83
75
54
39
30
23
22
20
5
-15
-8
0
2
8
22
15
-10
-9
4
-10
-26
-17
-15
-33
-46
-37
-22
-24
-28
-8
-1
-24
-32
-24
-30
-43
-51
-61
-69
-61
-56
-51
-47
-45
-32
-19
-7
4
11
17
18
4
-9
3
6
14
24
33
26
9
15
30
32
30
44
58
51
46
65
78
56
40
49
39
14
18
48
45
17
21
38
20
-4
10
27
0
-19
-11
-16
-42
-50
-31
-17
-23
-26
-24
-40
-62
-68
-71
-82
-81
-77
-71
-68
-53
-37
-24
-9
3
2
1
-8
-10
-6
-18
-37
-38
-28
-23
-19
-8
10
19
7
-7
5
10
10
18
34
21
0
12
27
22
20
34
34
18
14
22
25
8
1
7
2
-14
-24
-18
-14
-24
-24
-11
-12
-18
-15
-1
5
-1
4
22
15
1
13
26
17
30
42
20
7
13
28
41
37
35
38
16
-2
15
23
5
18
34
27
16
18
38
52
50
56
55
22
-5
-3
3
15
38
56
66
54
36
18
5
-13
-33
-43
-58
-76
-79
-81
-88
-82
-69
-62
-58
-44
-35
-25
-20
-28
-20
-20
-23
-25
-23
-28
-37
-28
-4
29
39
27
29
26
0
-8
5
11
7
19
44
48
28
16
16
-1
-16
-10
-4
-13
-12
16
25
20
35
50
45
44
34
17
7
0
1
-5
-9
-2
11
13
5
8
0
-21
-40
-40
-49
-55
-50
-52
-53
-73
-76
-67
-57
-60
-56
-41
-39
-33
-24
-11
-13
-4
17
26
18
0
2
7
9
11
14
17
14
15
12
15
25
14
-5
8
-1
-14
-12
-15
-23
-27
-3
15
27
36
54
74
73
85
96
90
75
82
82
65
68
73
69
58
57
49
24
-1
-7
-11
-25
-45
-49
-39
-42
-45
-38
-39
-22
-8
-3
2
-8
-28
-29
-31
-38
-41
-31
-24
-19
-8
-2
15
21
14
21
19
0
-3
-16
-35
-35
-35
-44
-57
-50
-43
-45
-38
-42
-44
-45
-47
-19
8
-1
0
40
64
66
70
72
72
48
28
57
82
71
82
110
76
22
13
10
-23
-72
-101
-99
-122
-141
-119
-103
-92
-65
-20
-13
-45
-45
-16
-6
-16
-2
15
7
1
2
9
-1
11
51
64
45
37
44
22
29
59
77
110
109
80
57
17
-2
22
26
36
45
16
-11
-5
-22
-26
5
36
53
65
74
47
-4
-39
-47
-64
-80
-72
-57
-79
-114
-120
-121
-148
-159
-139
-159
-192
-175
-141
-133
-104
-53
-26
8
21
23
35
49
74
104
131
142
143
137
137
140
125
105
87
53
-4
-46
-64
-84
-99
-78
-50
-57
-65
-54
-37
-19
13
62
90
103
107
109
141
165
159
161
144
124
140
157
147
133
102
127
188
155
141
109
19
-2
-57
-131
-133
-156
-198
-214
-212
-215
-211
-206
-173
-111
-107
-111
-31
45
52
65
49
-19
-10
35
36
64
91
140
189
84
-11
35
0
-133
-210
-289
-290
-206
-190
-111
-36
-40
45
93
53
-16
-132
-203
-154
-125
-155
-120
-104
-129
-161
-154
-99
-56
-84
-87
25
15
-80
-112
-149
-103
-103
-143
36
86
-95
-106
-102
-149
-137
-158
-141
-227
-360
-162
-14
-101
71
236
294
336
261
311
345
233
206
103
-115
-143
-222
-432
-474
-462
-319
-74
26
214
370
335
419
435
368
492
583
739
1016
1066
1045
1189
1314
1299
1113
838
781
700
517
527
527
345
19
-307
-528
-733
-923
-982
-885
-775
-667
-536
-417
-384
-633
-877
-934
-965
-937
-857
-505
-165
-45
139
183
188
294
301
345
421
400
412
270
-13
-128
-354
-481
-388
-458
-263
-99
-126
285
183
-483
-975
-1637
-1539
-809
-559
268
1325
1487
1603
1495
924
563
-92
-460
32
52
330
1519
1960
1855
2253
2108
869
-763
-2043
-2239
-1961
-1882
-1009
415
933
1100
936
150
-185
-945
-2272
-2548
-2202
-1764
-913
-69
576
643
-86
-600
-567
-918
-1116
-523
-171
96
283
123
494
484
-394
-660
-677
-896
-733
-405
192
937
1105
947
729
-257
-1738
-3023
-4236
-2805
3814
10307
11440
9862
6734
1888
-3228
-9003
-11519
-8902
-6162
-1393
5410
8499
9848
9114
4523
911
-3240
-8270
-8575
-7612
-6570
-1778
1504
2763
4797
3447
1790
1911
-716
-2185
-1068
-1186
-148
821
916
2211
-309
-4608
-5094
-4891
-3751
-432
2750
5912
6819
4449
1658
-1614
-5321
-7640
-7879
-6720
-4744
-2586
435
3556
3632
3676
10689
17456
13563
6873
2343
-3344
-7543
-12034
-13628
-7716
-4711
-1075
8203
11435
12023
12860
7952
5272
2444
-5607
-6723
-6355
-10268
-6781
-3317
-3867
781
2061
1460
5590
3866
1588
4439
2436
652
636
-4437
-6142
-5841
-9179
-6912
-3095
-2443
3494
9508
10648
11231
7275
725
-2435
-7850
-13120
-12156
-10484
-7432
-2075
844
5017
8661
7199
6543
5885
1522
-2185
-5364
-8876
-9199
-8248
-6041
1323
8360
10542
10662
8340
5236
2595
-2569
-5730
-4022
-2756
-872
1988
2209
2867
2915
-309
-1845
-2676
-4272
-2959
-1211
66
2759
3925
3963
3941
1000
-2111
-3250
-4719
-3949
-1080
-76
1257
3027
2376
854
-1541
-4482
-4922
-3310
-1441
517
1270
1364
2370
1310
-858
-657
-924
-1448
-891
-1634
-1448
-681
-1844
-847
1319
627
269
76
-1617
-2372
-2773
2228
13607
16988
12865
9761
2568
-5721
-11585
-17128
-14741
-7763
-2521
7010
14364
15030
15487
11064
3359
-1687
-9056
-13664
-11979
-10953
-6596
373
3051
6540
9573
8010
7082
4537
-157
-1103
-2252
-4061
-3808
-5245
-5687
-5081
-6590
-4884
-1676
122
4726
8254
8258
7807
4748
170
-3231
-7752
-11729
-12772
-11509
-7260
-2587
1038
5875
9204
9118
7574
3340
-3849
-5407
5311
13284
8356
3616
463
-4298
-7796
-15076
-16539
-8656
-5192
3330
15255
16499
18135
16520
6428
1312
-8405
-20389
-17893
-15772
-13323
-553
5080
8272
15623
12092
8311
8075
428
-1600
206
-4021
-3180
-3095
-7822
-5444
-5685
-9113
-4559
-1832
1549
9680
10681
9755
8950
1551
-3622
-6949
-13371
-15283
-13819
-11359
-4203
2297
6593
12454
13631
9714
4354
-2784
1591
12996
8434
1696
2660
-3102
-8669
-14365
-19631
-10515
-4355
-731
15194
20904
18640
20650
11900
2928
-3446
-18626
-21397
-15873
-18704
-11066
332
3198
11739
13753
8474
11366
6515
-881
2059
-1553
-5898
-3885
-7092
-5887
-2326
-6965
-5927
-1617
-551
5785
9778
8926
10040
6042
-1486
-5926
-12077
-16753
-14503
-10826
-6332
667
5912
11345
14557
9678
2880
2930
12226
16124
6466
310
-1262
-6432
-11709
-17335
-15608
-7220
-2800
6846
17585
18191
18580
16405
9521
4153
-7995
-17907
-15693
-15971
-15022
-6768
-2678
1970
8589
8066
7954
7837
2423
1529
2173
-1225
-3318
-6664
-7441
-4548
-7464
-9539
-6526
-4162
945
7066
10227
11669
9021
3974
-1929
-10007
-15120
-15958
-13826
-7426
-2533
1122
8767
12973
11167
7596
6754
16593
20797
7903
58
-2891
-10626
-15553
-20370
-17554
-6383
-2976
5139
17904
18578
17471
14790
7036
3420
-5596
-15445
-13649
-14413
-14161
-6384
-4222
205
7490
6285
7827
8605
2777
3110
2711
-395
758
-4724
-9345
-7044
-10737
-10739
-5080
-2978
5516
13990
13803
14863
10561
-395
-6547
-13751
-19927
-17825
-14933
-8558
1163
4899
10710
16634
12385
9984
15225
17072
11617
2177
-5908
-9060
-13499
-20123
-17838
-9657
-4148
3920
12068
16266
20107
17846
10621
6607
-1072
-10357
-12241
-14485
-15373
-9426
-5308
-725
6212
8600
10911
11637
6880
4242
1890
-2490
-3711
-6119
-9745
-9896
-11169
-10433
-3370
2290
6883
13232
14954
12274
7396
-1252
-9726
-15627
-19470
-18653
-14423
-8522
-802
5035
9262
13718
14507
15606
22005
21497
10105
-616
-9867
-17847
-21314
-22845
-17937
-7393
672
10631
19466
20424
19527
14890
6049
-351
-9221
-16811
-15710
-14550
-11644
-3608
271
3314
7934
8274
8816
8428
4889
4353
2030
-3545
-6001
-9089
-12591
-12947
-12561
-8283
527
8309
15394
19691
17915
13159
4672
-7191
-15544
-20110
-22156
-18620
-11888
-4896
2666
8616
12311
14032
13732
17453
22578
17229
6621
-1471
-10937
-19482
-24563
-24406
-16316
-7291
1976
13591
20042
21859
21900
16173
6494
-3768
-12674
-16135
-16695
-16681
-11371
-3085
2841
7428
10042
10623
10035
7046
4616
3804
1263
-2183
-5454
-9558
-13427
-15703
-14406
-7783
1090
9298
16256
19609
17818
11297
778
-10304
-17748
-21750
-22024
-16787
-9349
-3337
2724
9570
14611
16339
18683
23282
22337
12879
1873
-7794
-16910
-23793
-26059
-20972
-11392
-2439
7506
16985
21597
21982
18351
11920
3955
-6051
-12949
-14607
-15574
-14248
-8666
-2778
2922
8188
10067
10306
9431
6462
5034
3182
-2140
-6079
-9058
-12895
-13678
-12536
-9450
-1001
8190
14458
18355
16613
10224
2026
-8256
-15807
-19283
-21681
-18256
-9676
-3337
2606
8928
12563
15923
21066
26099
24300
13623
2672
-6453
-16489
-24668
-27153
-20968
-10810
-1484
9463
17401
19754
21081
18392
11242
2539
-8117
-14006
-14397
-16440
-15441
-9577
-4218
2606
8563
10126
11583
11368
7607
4558
960
-4452
-8594
-11927
-14267
-14123
-12893
-9320
-1295
8236
15538
19106
17500
11467
3367
-6853
-16838
-21967
-23132
-21039
-14017
-5877
574
7762
14414
18739
24805
29660
25014
14768
3904
-8466
-18704
-26497
-29744
-22521
-11853
-713
12863
19869
22026
24179
19579
11866
3876
-7208
-13202
-14856
-17752
-15799
-10932
-6860
927
7921
11134
14465
14219
10408
7128
2315
-3546
-9189
-14307
-16329
-16478
-15270
-10023
-1836
7748
16708
20965
19929
14544
5872
-3657
-13339
-21021
-23676
-22232
-16516
-7999
-1331
5098
11945
18945
28616
32509
25414
15570
4774
-7284
-18408
-28473
-30747
-24078
-14669
-1383
11729
19310
24387
24915
20396
13515
2428
-7724
-12528
-16289
-17736
-15415
-11896
-5416
2502
8368
12701
13357
11170
9242
4669
-2094
-7340
-11092
-12489
-12581
-13123
-10554
-4903
768
7058
12119
13605
12518
9235
4385
-2147
-9913
-15387
-17137
-16447
-13530
-8781
-3103
3392
11216
22345
30588
26466
17957
10711
-662
-12812
-24075
-29772
-24422
-17426
-7866
6154
14017
19092
22286
18312
13009
5019
-4827
-7897
-10009
-13186
-10823
-7958
-5476
-406
2820
6007
9327
8703
7670
6054
1009
-3585
-6701
-9166
-9321
-8899
-7832
-4013
10
3819
8359
10265
9443
7310
2924
-2438
-7584
-11769
-13430
-13430
-11507
-6157
-767
3815
12117
21987
26437
24060
17263
8313
-2212
-13600
-21247
-22937
-21108
-14957
-5162
4223
12619
17690
17545
14818
8795
428
-5498
-9330
-11923
-11232
-8222
-4573
-469
2290
3708
5231
5558
4763
3636
931
-2532
-5523
-7754
-7713
-6287
-5289
-2413
1967
4500
6519
7816
6356
4375
2035
-2290
-6077
-8537
-10929
-11280
-9450
-6780
-2368
2238
7345
16233
23701
23877
19884
13334
4465
-5222
-15563
-20619
-18681
-15992
-9887
-20
6848
12120
15874
14879
11390
5023
-2577
-6001
-8131
-10170
-8185
-4622
-1791
496
1375
2811
4479
4183
3608
2389
-796
-4312
-7667
-9687
-9122
-8022
-5716
-793
4021
7715
10099
10072
7848
3354
-2130
-7396
-12110
-14365
-14223
-12862
-9188
-3543
1615
6541
14003
22131
24640
21124
15402
7382
-2978
-12887
-18723
-18503
-14934
-9573
-1520
6054
10823
13114
12089
8885
4014
-2132
-5773
-6992
-7823
-6392
-3242
-465
1753
2733
3073
3194
2551
1452
-483
-3351
-6248
-7967
-8092
-7209
-5472
-2818
489
3873
6696
8623
9055
7377
4445
1248
-3165
-8279
-11609
-13412
-13865
-11595
-7301
-2342
4097
13621
23108
26146
22264
15964
8041
-2888
-13817
-20012
-19842
-14612
-7039
1396
9075
13382
14024
11681
6491
-914
-7889
-10605
-9178
-6303
-2804
872
3966
5770
5895
4504
2552
1404
560
-1247
-3739
-6344
-8384
-9127
-8449
-6552
-3820
70
4778
8672
11010
11596
9946
6336
1741
-3452
-9214
-13898
-15654
-14651
-11261
-6082
-510
6442
16253
24620
25404
19559
11922
3598
-6462
-16291
-21132
-19212
-13449
-5748
3166
10431
15047
16531
13713
7991
-532
-9499
-13266
-13881
-13721
-9711
-3736
1972
7824
11240
11091
8572
5001
2080
-1857
-7890
-12424
-13676
-12803
-9818
-5647
-1806
2717
7433
10056
10424
8939
6499
3935
710
-2886
-6675
-10227
-12122
-12162
-10550
-7602
-2969
5705
17484
25766
26093
21047
13573
3301
-8807
-18814
-22693
-20046
-13412
-4302
5012
11456
15510
16435
13029
7218
-619
-7570
-10325
-11827
-12369
-10009
-6036
-1241
3439
6714
8129
7648
6304
4550
1255
-4074
-9236
-11576
-11468
-9709
-6998
-3963
562
5596
9027
10653
9910
7530
4863
1048
-3805
-8160
-11113
-12213
-11379
-8778
-5352
-208
9305
19753
23866
21189
16030
8994
-1147
-12184
-18863
-18874
-15099
-8398
771
8025
12392
14415
13073
9277
2873
-3854
-6817
-7594
-7657
-6024
-3391
-538
2477
5105
6297
6073
5069
3351
794
-3000
-7085
-9816
-10957
-9643
-6279
-3238
22
4536
8192
9280
8061
5568
2838
-363
-4204
-7383
-9206
-10067
-9295
-7011
-4874
-1856
4757
14211
20896
20421
16169
11201
2809
-7932
-16374
-19804
-17801
-12170
-3868
4762
10354
13337
13665
10263
4133
-3233
-8635
-10330
-9827
-7372
-3904
-736
2459
4768
5270
4511
2958
1506
399
-1212
-3521
-5939
-7605
-8154
-7552
-5884
-3560
-881
2628
6596
9255
9402
7624
5359
2416
-2209
-6976
-9959
-10827
-9322
-6908
-4330
1275
10849
19811
22433
19151
14040
6980
-2807
-12132
-16720
-16275
-13117
-6966
1515
7654
10461
11751
10391
6033
-494
-6127
-7860
-8705
-8608
-4970
-1551
521
2884
4144
4061
2778
786
128
-828
-3942
-6261
-7149
-7906
-7262
-5372
-3420
-724
2286
5119
7714
7853
5835
3648
409
-3261
-5713
-7619
-8433
-6703
-3828
-1694
801
6528
14559
18981
17326
13423
8943
1790
-6691
-12251
-13593
-11974
-7605
-596
5746
9377
11683
12053
9044
2852
-3983
-7747
-9450
-10421
-8164
-3862
-14
3385
5705
6482
5670
3290
777
-1543
-4714
-7517
-8679
-8542
-7595
-5945
-4079
-2233
279
3010
5419
6843
6637
5687
4051
581
-3879
-7523
-9961
-10456
-8570
-5353
-1969
3363
12698
21252
22643
18269
12455
5565
-3762
-13638
-18046
-16475
-12660
-5815
2549
8575
12630
13874
11798
7247
-395
-7086
-9509
-11212
-11864
-9466
-6185
-1994
2145
4847
7130
7570
6228
5013
2148
-2622
-6978
-9848
-10447
-9446
-7853
-5145
-1392
2478
5837
8092
8581
7338
5226
2590
-1428
-5663
-8542
-10546
-10546
-8201
-5620
-2339
4363
14088
21534
21811
17703
13457
6404
-4217
-13375
-17772
-17228
-13385
-7259
791
7889
12453
14984
14033
9015
1983
-4277
-7845
-9944
-11453
-10167
-6539
-3242
-406
2118
4339
6100
6322
5642
3936
450
-2779
-4949
-6846
-7861
-7999
-7158
-4245
-390
2845
6040
8345
8749
7888
4762
-238
-4881
-8866
-11695
-11757
-9259
-6002
-1459
6643
16544
21864
20144
16283
12203
4448
-5945
-13299
-15419
-13971
-10174
-4883
1186
6742
10412
12297
11317
6549
828
-3008
-5264
-7328
-8916
-8229
-5741
-3574
-2248
-1034
858
2640
3627
3463
1629
-958
-3272
-5067
-5920
-6290
-6323
-4649
-1705
1474
4474
6450
7062
6769
5241
2267
-1554
-5476
-8311
-9253
-8206
-5780
-3504
-377
7161
16319
20148
18122
14318
10275
3634
-6036
-13273
-14951
-13653
-10490
-5449
-63
5011
8906
10451
9548
5584
388
-2727
-4564
-6184
-6762
-6248
-4446
-2362
-1432
-971
82
1602
2641
2102
312
-1591
-3324
-4926
-5706
-5612
-5216
-3944
-1375
1550
4012
5563
6186
6246
4713
1322
-2246
-5385
-7953
-9079
-8606
-6725
-4170
-979
5662
14766
19621
18123
14798
11515
5273
-3975
-11429
-13393
-11692
-9244
-5013
882
5702
8972
10617
9596
6103
805
-3234
-3931
-4740
-6128
-5428
-3510
-1505
-12
183
1152
2686
2411
1505
13
-2277
-4429
-6474
-6919
-5789
-5240
-3709
-466
2272
4664
6579
6714
5556
3368
189
-2513
-5174
-8105
-8959
-7815
-5638
-2867
-382
5520
15108
20130
18847
15718
11246
4640
-4396
-12754
-15185
-13737
-11248
-5707
900
5806
9378
10611
9380
5551
-615
-4841
-6310
-7490
-7333
-5736
-3704
-1101
999
1986
2402
3224
4093
3368
938
-2142
-4732
-6900
-8422
-7953
-6114
-3531
251
4060
7225
9071
8545
6350
3431
-578
-5033
-8619
-10918
-11312
-10137
-7849
-4027
90
4871
13083
20178
20704
17380
12502
6151
-2048
-11625
-16941
-15826
-12920
-8100
-615
6119
11106
13469
12825
9900
3255
-3673
-6507
-8018
-9542
-9138
-6803
-3374
-104
1544
2511
4098
5536
5616
3666
-403
-4516
-7235
-9443
-10042
-8808
-6652
-2211
2999
6691
9233
9748
8241
5668
1545
-3372
-7409
-10843
-12756
-11637
-9313
-6287
-1786
3619
11448
19887
23351
21639
16964
10121
1805
-7819
-15952
-18107
-15355
-10535
-3594
3557
8914
12899
14004
11434
6274
-525
-5059
-6761
-8887
-9643
-7787
-4994
-1580
1032
2320
3886
5652
6683
5798
2124
-2582
-5836
-7947
-9504
-9164
-6845
-2942
1929
5770
8336
9258
7609
4922
1771
-2473
-6454
-8865
-10132
-10166
-8974
-6984
-3513
763
5208
12089
18910
20561
17992
12836
5480
-3007
-12052
-17712
-17165
-14101
-8742
-638
5983
11079
14354
13394
9896
3643
-3418
-6607
-9003
-11218
-9929
-7138
-3352
1017
3164
4649
6573
7215
6295
2801
-2745
-6853
-8979
-10335
-9709
-7052
-3135
2208
6459
8229
8963
8042
5446
2523
-1403
-5589
-7878
-8732
-8634
-7648
-6310
-3456
815
4227
8205
14377
18750
18425
14757
8835
1416
-6778
-14318
-17374
-15574
-11893
-5702
1851
7478
11798
13726
11619
7148
706
-5244
-8346
-11337
-12826
-10566
-7146
-2702
1805
4312
6791
8668
8764
7193
2212
-3757
-7689
-9963
-10482
-9238
-6132
-858
4633
7794
8476
7738
5892
3187
2
-3765
-6821
-7968
-7672
-6843
-6527
-5528
-1999
2154
4919
8030
13494
19065
19716
15489
10085
3473
-4658
-12027
-15677
-14786
-11660
-6174
1543
7640
11709
13888
12321
8213
2034
-4888
-8993
-12157
-14546
-12503
-8276
-3862
848
4181
7141
9014
8014
6186
2423
-3096
-7162
-9655
-10074
-8824
-6595
-1839
3213
5664
6694
6721
5633
3559
684
-1970
-4191
-6175
-6887
-6770
-7045
-6193
-3416
15
3084
5549
9955
16563
18891
15589
11045
5207
-1890
-8926
-14727
-15794
-12914
-8212
-855
5583
9861
13629
13701
10404
5293
-2167
-7491
-10183
-12694
-11651
-7855
-3734
1409
4722
6380
8154
6923
4189
2101
-1692
-5408
-7555
-8495
-7205
-5694
-4147
-602
2346
3656
4610
4649
4324
3621
1588
-917
-3509
-6259
-7934
-8344
-7942
-6084
-2930
329
3333
7231
12981
17128
15792
11727
7404
1166
-6440
-12822
-15382
-13650
-10008
-4522
2164
7262
11186
13158
11220
6605
341
-5149
-7905
-10126
-10651
-7527
-3395
934
4706
6447
7485
6729
4080
2617
389
-3553
-6297
-7488
-7056
-6374
-6293
-3677
387
2693
4564
6191
6807
6749
4971
1708
-1617
-5186
-7668
-8067
-8420
-7786
-4490
-732
2531
5536
9709
15586
17315
13848
10249
5312
-1739
-8354
-13298
-13896
-11428
-8068
-1738
4339
7702
10605
10826
7826
3377
-2398
-6092
-7428
-8811
-7323
-3534
-757
2364
4866
5504
5457
3850
2297
1501
-1550
-4918
-6367
-7357
-7503
-7230
-6342
-3060
452
2937
5790
7887
8249
7098
4042
-4
-4006
-7528
-9354
-9951
-9746
-7193
-3106
639
3521
6872
12859
17412
16390
13235
9069
2996
-3989
-11217
-14765
-14236
-12449
-7076
-406
4122
8447
10380
9534
7333
1758
-3390
-5422
-7198
-7300
-5164
-2634
752
3516
4667
5602
4944
2862
2119
905
-2389
-5347
-7395
-8187
-7719
-7325
-4753
117
3836
6886
9256
9414
8346
5533
980
-3281
-7293
-10100
-10573
-10430
-9378
-6006
-1829
1548
4086
7695
14037
18367
16639
12945
8902
2154
-6374
-13751
-16952
-16199
-13536
-8223
-1419
4017
8405
11440
11643
8625
3486
-384
-2425
-4876
-6532
-5566
-2816
-2
2041
3715
4947
5219
4556
3408
1038
-3121
-6455
-7988
-9223
-9363
-7541
-3467
1888
5719
8461
10644
10330
8181
4813
-272
-5347
-9035
-11083
-11529
-11056
-9130
-5100
-358
3179
5852
10581
17247
20344
17626
12847
7611
237
-9160
-16691
-18744
-17220
-13963
-7543
147
6385
11108
13556
13388
9989
3966
-431
-3358
-7296
-9352
-8118
-5233
-1982
338
2849
5320
5563
4790
3665
695
-3312
-6514
-8097
-8337
-7996
-5809
-967
3958
7410
10012
11225
10230
7493
3267
-2045
-7174
-10928
-12540
-12488
-11424
-8669
-4358
137
3847
6931
11316
17005
19324
16273
11138
5513
-1745
-10759
-18239
-20275
-18058
-13661
-6717
1187
8281
13586
15833
15282
11606
5245
-63
-3899
-7996
-10310
-9624
-6964
-3489
-708
1921
4547
5026
4266
3457
857
-2916
-5834
-7504
-7909
-7674
-6152
-1880
2897
6134
8713
9913
9060
6662
2315
-2975
-7604
-10860
-11818
-11281
-10184
-7393
-3057
1508
5465
8026
11289
16545
18726
15589
10860
5488
-1618
-10190
-17452
-19299
-16855
-12747
-5586
3193
10142
15070
17331
16176
11861
5094
-799
-4911
-9124
-11294
-9814
-6914
-3484
-75
2674
5106
6108
5367
3944
1459
-1925
-4690
-6373
-7392
-7362
-5749
-2505
1821
5274
7355
8902
8768
6727
3210
-2025
-6748
-9474
-11217
-11530
-9989
-7449
-3589
1079
4833
7303
9897
14285
17395
14692
9104
4492
-1427
-9671
-16781
-18770
-15883
-11324
-4756
3392
10016
14850
17581
16994
12806
5820
-269
-4136
-8453
-11994
-11999
-9184
-5237
-1823
1115
4131
6097
6285
5039
2855
-384
-3649
-5872
-7426
-8248
-8025
-6017
-2007
1822
4267
6490
7931
7428
4773
275
-4468
-8382
-11050
-11816
-10876
-8842
-5150
129
4734
7409
9634
13411
16451
14543
9592
4964
-252
-6984
-13808
-16964
-15402
-11950
-6411
853
7561
13463
17199
17496
14579
8382
1571
-3829
-9250
-13599
-14694
-12126
-6937
-1627
2741
6917
10070
10461
8859
6141
2319
-1521
-4841
-7240
-8529
-9343
-8253
-4602
-573
2941
6116
8360
9060
7324
3101
-2129
-7124
-10700
-12466
-12628
-10899
-7394
-2374
3019
6624
8232
10602
14168
14880
11519
7166
3170
-1622
-7925
-13619
-15452
-13547
-9159
-2782
4080
10741
15973
18204
17151
11846
3883
-3121
-8789
-13510
-15892
-14371
-9068
-2580
2925
7176
10041
11112
10046
7035
3104
-1049
-4828
-7689
-10035
-11494
-11046
-8297
-3585
1717
6188
9442
11107
10474
7012
1121
-4931
-9477
-12536
-13855
-12701
-9348
-4795
126
4565
7639
9362
11485
14392
14705
11120
6784
2812
-2398
-9371
-14911
-15396
-12373
-8037
-1848
5622
12036
15533
16072
13409
6874
-1119
-7285
-11420
-14502
-15285
-11614
-5066
759
4933
7977
10094
10021
7344
3660
-239
-3547
-6039
-8372
-9862
-9816
-7945
-4078
785
5266
8386
10157
10741
8927
4247
-1628
-6688
-10167
-12384
-12927
-11304
-8327
-4309
691
5064
7280
8444
11145
14597
14143
9766
5526
1704
-3823
-10776
-15010
-14388
-11098
-6094
451
6752
11797
14754
14587
11108
4853
-1575
-6119
-9216
-11332
-11028
-7225
-2018
2556
5765
7631
8671
7838
5092
1787
-1346
-3544
-5384
-7391
-8624
-8588
-6967
-3735
136
3769
6651
8543
8843
6461
2182
-2733
-7315
-10607
-12681
-12767
-10784
-7590
-3173
1892
5929
7983
9378
12253
15282
14642
11080
7825
4131
-1752
-8726
-13357
-13472
-11009
-7185
-1511
4637
9948
13871
14876
12168
6787
735
-4023
-7909
-11356
-12088
-9194
-4617
-305
2916
5298
7158
7316
5547
3097
580
-1259
-3407
-6455
-8626
-9508
-8707
-5924
-2385
1552
5525
8352
9350
7911
4224
-815
-6083
-10353
-13018
-13939
-12943
-10091
-5920
-795
4213
7465
9606
13131
16879
17137
13279
7910
2780
-3962
-12287
-17753
-17925
-14414
-8996
-2073
5889
12824
17036
18416
16207
10035
2373
-3884
-8686
-12815
-14504
-11606
-5948
-541
3958
7599
10081
10728
9228
6215
2270
-1393
-4180
-7346
-10481
-11926
-11257
-8350
-4154
627
5924
9918
11602
11079
7347
1389
-4769
-10628
-14939
-16535
-15535
-12450
-7625
-1399
5333
10404
12781
14840
17373
17175
12839
6673
248
-6224
-12722
-17739
-18444
-15243
-9258
-936
7053
13676
18698
20015
17224
10949
2479
-5108
-10577
-14427
-15695
-13340
-7656
-525
5386
9416
12074
12673
10787
7247
2255
-2884
-5789
-7884
-10517
-12015
-11351
-7800
-3013
1003
5754
10455
12563
11993
8454
2846
-3201
-9697
-14583
-16482
-16353
-13278
-7400
-679
6089
11768
14990
15565
14607
13490
10612
4489
-1829
-6332
-10165
-13612
-15166
-12697
-7311
-1396
4899
10575
14184
15311
13537
9120
2698
-4352
-9402
-12035
-13310
-12081
-7497
-1342
4283
8277
10362
10731
9005
5409
1166
-3199
-6894
-8837
-10168
-10891
-9632
-7049
-3326
950
4762
8380
10693
10221
7725
3552
-2095
-7696
-12332
-15043
-14915
-12354
-7611
-1397
4632
10131
14043
14242
11707
9473
8039
4989
-143
-4131
-5439
-6255
-8016
-8647
-5972
-1968
1658
5463
8483
10166
10164
7950
4488
-415
-5483
-8076
-9018
-8753
-6609
-2812
1949
5550
7036
7347
6499
4529
1818
-1373
-4183
-5675
-5644
-5554
-5917
-5172
-3059
-253
2142
3786
6016
7533
6830
4636
1020
-3485
-7819
-11188
-12300
-11199
-8392
-3670
1715
6349
9672
10884
9490
6652
4760
4345
2934
126
-1580
-1631
-2232
-4708
-6307
-5049
-2723
-186
2497
4951
7024
7375
6003
3807
245
-3352
-5376
-6325
-6356
-5558
-3331
156
2430
3147
3642
3720
2958
1244
-969
-2475
-3240
-3737
-3887
-4039
-3807
-2448
-692
1015
2755
4461
5955
6008
4210
1520
-1976
-5576
-8087
-9385
-9057
-6993
-3619
398
3955
6613
7843
6870
4940
4159
4528
4168
2737
1830
1484
162
-2835
-5644
-5981
-4769
-2877
-119
2769
5590
7294
7132
6025
3334
-326
-2811
-4643
-6046
-6201
-5213
-3086
-824
755
2086
2751
2579
2089
991
-531
-1738
-2631
-3608
-4928
-5723
-5121
-3544
-1495
850
3519
5855
6570
5722
3527
64
-3567
-6645
-8487
-8559
-7283
-4653
-1144
2107
4904
6740
6746
5872
5886
7011
7281
5554
3545
2272
264
-3779
-7618
-8250
-6838
-4699
-1588
1936
5593
8015
8463
7921
5125
778
-2461
-5141
-7210
-7955
-7192
-4302
-1132
1062
3312
4807
5043
4446
2741
539
-1729
-3823
-5248
-6559
-7344
-6354
-4046
-1621
1067
4188
6638
7391
6309
3950
439
-3848
-7286
-9114
-9682
-8914
-6414
-2830
428
3126
5366
6460
6304
6406
7847
8990
7787
5410
3440
763
-3325
-7320
-8756
-7367
-4987
-1650
2641
6547
9317
10409
9779
7251
2927
-1232
-4384
-7135
-8608
-7931
-5361
-2048
797
3238
5126
5642
4554
2332
-237
-2773
-5178
-6712
-7507
-7587
-6445
-4485
-1792
1061
3595
5849
6650
5665
3685
640
-2924
-6294
-8889
-9549
-8702
-6814
-3781
-768
2210
5252
6765
6800
6600
7440
8944
8069
5390
3451
1266
-1967
-5916
-8591
-7941
-5951
-3027
1291
5183
8566
10710
10580
8612
4364
-217
-3339
-6495
-8836
-8871
-6948
-3481
-54
2546
4537
4958
3956
2386
-303
-3316
-4905
-5552
-5870
-6063
-5744
-3949
-1802
-146
1778
3523
4496
4453
3232
1180
-1844
-5087
-7674
-9282
-9185
-7649
-5284
-2318
695
3846
6291
6968
7031
7844
9356
9455
6873
4022
1971
-965
-4921
-8096
-8163
-5696
-2829
1046
5831
9778
12059
12038
9966
6219
1427
-2382
-5014
-7331
-7994
-6273
-3154
173
2405
3903
4912
4562
3165
985
-1682
-3638
-4676
-5505
-6205
-6268
-5238
-3383
-1599
2
2027
3997
4628
3687
1633
-1260
-4333
-7418
-10052
-10959
-10090
-7910
-4835
-1545
1871
5129
6905
7121
7324
7969
8551
7597
4839
2416
-132
-3465
-6180
-7661
-6566
-3444
-177
3676
7144
9410
10621
9430
6446
2767
-1108
-3818
-5658
-6659
-5788
-3529
-733
1723
3334
4138
3975
3012
1434
-691
-2627
-3489
-3765
-4085
-4198
-3707
-2414
-1192
-233
1498
3432
4607
4892
3832
1746
-1217
-4808
-7925
-10344
-10984
-9246
-6630
-3508
125
3849
6846
7604
6739
6477
7002
6821
4898
2020
112
-1396
-4231
-7243
-8317
-6819
-3658
-509
2512
5747
8169
9208
8402
5502
2033
-876
-3183
-4934
-6287
-6179
-3974
-1384
605
1981
2617
2871
2368
885
-755
-1801
-2028
-2020
-2325
-2661
-2318
-1589
-1165
-283
1231
2737
3947
4063
3101
1380
-1619
-4918
-7690
-9737
-9499
-7446
-4720
-1256
2331
5935
8212
7796
6845
6733
7131
7020
5001
2988
1799
-252
-3053
-6316
-7765
-6191
-3982
-1152
1941
4908
8325
9727
8782
6519
2955
25
-2648
-5703
-7443
-7627
-6203
-3814
-2126
-792
722
1725
2015
1490
167
-746
-962
-1580
-2327
-3076
-3629
-3138
-2599
-1832
128
2078
3655
4392
3524
1943
-674
-3994
-6425
-7956
-8131
-6650
-4038
-707
2434
5021
7043
7816
7227
6758
7559
8090
6786
4494
2247
-229
-3890
-7880
-9729
-8710
-5881
-2161
1985
6271
9992
11873
11116
8035
3688
-737
-4624
-8057
-10447
-10629
-8674
-5668
-2754
-490
1669
3585
4296
3707
2184
365
-1009
-2205
-3490
-4716
-5581
-5262
-4177
-3009
-1398
799
3415
5167
4895
3307
823
-2231
-4983
-7372
-8656
-7916
-5556
-2021
1614
4732
7680
9317
9187
8388
7839
7586
5966
3079
712
-1771
-4774
-7484
-8620
-6671
-3502
-77
4254
7749
10279
11204
9482
6424
2010
-2395
-5438
-8280
-10008
-9765
-7668
-4060
-917
1418
3708
5433
6010
4931
2620
368
-1439
-2898
-4248
-5367
-5590
-4795
-3281
-1853
-541
1505
3628
4692
4134
2190
-117
-2635
-5420
-7701
-8577
-7505
-4948
-1843
1397
4607
7284
8477
8030
6521
5370
5338
4304
2155
440
-1121
-2295
-4000
-5509
-4409
-2437
97
3268
5228
7202
8364
7760
6303
2679
-1196
-3697
-6488
-8610
-9433
-8520
-5422
-2416
-158
2179
3880
4587
4217
2327
184
-1333
-2646
-3445
-3959
-4587
-4354
-3457
-2652
-1387
-75
1613
3643
4001
3116
1814
-319
-2670
-5149
-6931
-6679
-5217
-3062
-93
2941
5716
7331
7131
6237
5666
5745
5167
3223
1482
222
-1294
-3595
-5728
-5698
-3901
-1331
1529
3989
6378
8276
8617
7311
3902
-435
-3849
-6881
-9566
-11090
-10370
-6923
-2991
59
2856
5451
6859
6275
4246
1756
-629
-2545
-3919
-4703
-5068
-5237
-4369
-3047
-2046
-294
1770
3729
5065
4306
2865
1044
-2125
-4968
-7133
-7934
-6429
-4157
-1155
2386
5413
7822
8240
6795
5576
5167
4979
3683
1674
662
-36
-1596
-3943
-5167
-3870
-1751
467
2836
5147
7601
8816
8035
5394
1032
-2941
-5771
-8541
-10404
-9880
-6661
-2116
1400
3717
5948
7154
6268
3850
823
-1741
-3576
-4957
-5622
-5661
-5362
-4599
-3661
-2809
-1591
239
2369
4133
4589
3637
1983
-369
-3229
-6083
-8041
-7973
-6177
-3598
-390
3145
6208
7880
7578
6268
5524
5469
4923
3398
1706
792
-58
-2177
-4453
-4933
-3492
-1278
559
2478
5205
7348
7680
5922
2472
-1076
-4296
-7284
-9450
-10333
-8725
-4852
-1060
1733
3914
5860
6978
5770
2918
351
-1837
-3487
-4623
-5384
-5204
-4700
-3790
-2286
-1014
810
3258
5118
5907
5007
2909
218
-3409
-6889
-9134
-9865
-8362
-5131
-1309
2451
5694
8111
8661
7248
5443
5015
5342
4347
2707
1754
1200
-157
-2892
-4654
-3922
-2224
-176
1946
4382
7174
8521
7932
5476
1460
-2163
-5029
-7697
-9599
-9683
-6934
-2842
384
2662
4681
6165
5725
3440
348
-2581
-4612
-5973
-6463
-6381
-6112
-4760
-2904
-1543
-234
1268
3128
4175
3547
2078
-356
-3091
-5299
-7357
-8252
-7444
-4857
-869
2520
5119
7558
8884
8141
6184
4498
4411
4916
3842
2885
2806
2089
271
-2678
-4351
-3584
-2666
-1274
1005
3428
6307
7689
6788
4446
879
-2153
-4627
-7375
-8831
-7790
-4381
-553
1960
3915
5884
7069
6008
3203
374
-2007
-3684
-4640
-5105
-5144
-4519
-3396
-2267
-1583
-1174
232
1899
2333
1833
450
-1334
-3129
-5649
-7795
-8519
-7768
-5008
-1789
853
3466
5644
6677
5549
3177
2071
2762
3632
3062
2358
2425
1772
-158
-2834
-4130
-3119
-1830
-101
2362
4691
7142
8216
7222
4800
1177
-1917
-4277
-6607
-7641
-6283
-3055
177
2321
4083
5801
6178
4385
1610
-983
-3068
-4597
-5556
-5468
-4796
-3938
-2670
-1553
-796
175
1433
2651
3316
2873
1765
171
-1986
-4170
-5737
-6198
-5246
-2959
-154
2732
5074
6577
6827
5300
3390
2332
2378
2266
1407
1152
1006
-66
-2128
-4432
-4885
-4074
-3195
-1294
1035
3570
5989
6461
5293
2925
-236
-2745
-5181
-7324
-7387
-5327
-2160
756
2740
4453
5833
5376
3267
875
-1418
-3085
-4073
-4362
-3944
-3367
-2507
-1436
-747
-374
568
2101
3168
3260
2374
977
-677
-3045
-5300
-6395
-6482
-4652
-1437
1574
4491
6621
7816
7555
4886
2137
1334
1741
2035
1882
2181
2718
2063
-96
-2464
-3357
-3198
-2498
-910
1064
3620
5981
6503
5382
2886
-161
-2674
-5336
-7438
-7577
-5869
-2967
-484
1080
2705
3933
3430
1445
-1047
-3173
-4447
-5382
-5451
-4463
-3443
-2316
-1421
-926
-474
-106
887
1654
1344
847
-109
-1455
-2904
-4645
-5288
-4562
-2993
-295
2292
4285
6017
6606
5721
3490
915
188
1305
2240
2626
3388
4238
3934
1724
-1248
-2640
-2771
-2794
-1780
38
2299
4897
6149
5832
4285
1702
-398
-2352
-4740
-5702
-4557
-2359
-150
1305
2437
3574
3194
1331
-598
-2496
-3785
-4073
-3786
-2930
-1988
-1526
-1124
-979
-1444
-1603
-1055
-328
130
199
-253
-1021
-2132
-3435
-3982
-3903
-3004
-931
1252
2836
3608
3865
3237
1401
-101
-74
1935
4059
4852
6083
6703
5406
2749
-1131
-3543
-4351
-5216
-4059
-1826
642
4077
5980
6598
6077
3412
1039
-1112
-3918
-5411
-5341
-4021
-2006
-689
797
2726
3046
1948
886
-313
-1378
-1980
-2081
-1369
-1200
-1860
-1988
-2050
-2456
-2476
-1676
-205
1009
1443
1383
691
-685
-2246
-3616
-4282
-3888
-2628
-837
767
1793
2573
2461
1430
648
825
2717
4638
5206
5686
5306
3384
95
-4074
-6329
-6839
-6932
-5063
-2015
1563
5510
7564
7813
6535
3619
795
-2200
-5565
-7316
-6915
-5155
-2944
-1041
865
2912
3616
2773
1717
450
-744
-1185
-1212
-958
-868
-1466
-1738
-1771
-2241
-1809
-283
1522
3162
3634
2963
1798
-334
-2707
-4369
-5374
-4658
-2503
-54
2238
3572
4637
5021
3410
1751
1279
2270
4120
4288
4186
4333
2635
83
-3397
-6299
-6511
-6326
-4741
-1288
1822
5663
8254
8117
6980
3809
107
-2667
-6088
-8047
-7575
-6071
-3386
-914
876
2961
3682
2773
1868
445
-832
-1162
-1322
-1001
-815
-1532
-1966
-2154
-2700
-2519
-1269
299
1823
2492
1882
1061
-202
-2269
-4043
-5169
-4609
-2267
-288
1105
2333
3351
3952
2831
1015
724
2341
4668
5523
5386
5224
4090
1387
-3020
-6560
-7486
-7235
-5404
-2583
770
5317
8408
9261
8265
4918
1808
-1134
-5059
-7603
-8251
-6889
-4033
-1936
-16
2355
3796
3966
3098
1523
204
-483
-924
-1369
-2131
-3175
-3710
-3877
-4310
-4040
-2350
225
2658
3677
3672
3227
1719
-563
-3073
-5186
-5545
-4479
-2957
-1313
-83
1648
3321
3065
2436
2848
4411
6772
7240
6431
5822
3518
93
-4032
-7850
-8580
-7769
-5876
-2074
1860
6256
9642
10121
9066
6058
2028
-1441
-5323
-8205
-8800
-7761
-5402
-2934
-783
1837
3989
4391
3824
2673
967
-207
-1292
-2569
-3422
-4416
-4647
-4153
-4228
-3287
-1036
1413
3633
4282
3933
3244
1199
-1251
-3477
-5407
-5527
-4298
-2652
-594
1048
2904
4877
4923
4103
4086
4951
6854
7125
5416
4639
3236
419
-2981
-6321
-6559
-5042
-3804
-1050
2219
5590
8676
9128
8025
5701
2151
-874
-4376
-7832
-9078
-8462
-6547
-4451
-2690
-108
2511
3491
3039
1957
588
-768
-2057
-3106
-3832
-4440
-4668
-4208
-3818
-3715
-2533
-290
1479
2260
2144
1745
1315
-399
-2692
-4084
-4595
-3725
-2216
-929
743
2460
4141
5038
4333
3906
4488
5788
6577
5261
3940
2993
775
-2154
-5529
-6889
-5611
-4532
-2381
825
4065
7818
9397
9035
7866
4735
1554
-1804
-6040
-8461
-8840
-7710
-5383
-3232
-242
3413
5325
5411
4637
3206
1380
-571
-2252
-3232
-3836
-4426
-4359
-3801
-3703
-3089
-1515
34
1277
1682
1366
1016
-221
-2362
-4243
-5782
-6071
-4930
-3558
-1499
851
2974
4950
5179
4383
4191
4367
5159
4970
3445
2855
2059
-22
-2882
-5598
-5659
-4335
-3265
-799
2600
6475
9805
10561
9783
7386
3289
-648
-4932
-8905
-10436
-9706
-7027
-3695
-748
3019
6179
6988
6288
4435
2266
389
-1588
-2724
-3170
-3694
-3791
-3638
-3429
-3096
-2136
-139
2021
3393
3760
3433
2614
592
-2317
-4963
-6627
-6438
-5044
-3073
-449
2247
4914
6262
5327
3780
2711
2828
3286
2359
1617
1588
871
-844
-4139
-6543
-6041
-5163
-3791
-1237
2066
6518
9144
8797
7438
4253
64
-3755
-8061
-11010
-11260
-9620
-6017
-2424
401
4194
6887
7005
5928
3593
1332
-404
-2663
-3602
-3618
-4086
-3743
-3197
-2867
-2000
-857
1242
3759
4803
4841
4454
3094
624
-2412
-4881
-5691
-4752
-3111
-868
1945
4433
6459
6883
5217
3591
2469
2184
2828
2153
1564
2175
1486
-205
-3045
-5656
-5200
-4612
-3952
-1388
1496
5269
7829
7436
6423
3609
-503
-4056
-8113
-10637
-10517
-8840
-5098
-1285
1753
5143
7066
6773
5090
2356
-183
-2125
-3863
-4573
-4388
-4271
-4020
-3599
-3307
-2607
-1248
468
2365
3422
3400
3006
1703
-638
-3125
-5201
-5983
-4917
-2946
-532
2409
5034
6880
7481
5867
3767
2652
1875
2458
3148
2964
4110
4527
3182
1241
-2002
-3346
-2879
-3428
-2080
842
3974
7579
8384
7292
5723
1761
-2296
-5938
-9693
-10650
-9399
-6937
-3311
-523
2296
5230
5739
4654
3110
1007
-601
-2147
-3716
-4082
-4490
-5284
-5437
-5529
-5105
-3694
-1761
756
2877
3696
3723
2789
667
-1916
-4275
-5716
-5932
-4750
-2439
174
2537
4091
5042
5039
3304
1443
719
1039
2271
2949
3185
4180
4079
2166
-392
-2874
-3454
-3003
-2649
-529
2627
6093
9194
9602
8293
5776
1661
-2334
-6414
-9810
-10302
-8745
-5987
-2595
586
4013
6716
7180
6022
4140
1847
-562
-3056
-5330
-6217
-6206
-6438
-6155
-5321
-3833
-1748
-140
1594
3256
3737
3316
1725
-559
-2730
-4921
-6166
-6159
-4991
-2459
381
3037
4823
5419
5147
3138
852
-495
-861
981
2559
3368
5162
5439
4340
1785
-2122
-3243
-3394
-3667
-1484
1416
5378
9113
9605
9043
6722
2280
-1726
-6349
-10145
-10794
-9547
-6455
-2371
1245
5226
8396
8707
7343
4917
1651
-1239
-4292
-7057
-7950
-7264
-6009
-4901
-3812
-1888
746
2454
2900
3902
4940
4321
2560
67
-1987
-3359
-5096
-5703
-4684
-2810
-10
2323
3824
4951
4775
3322
995
-1408
-2357
-1386
483
2140
3680
4772
4792
3046
-832
-4257
-5561
-5854
-4963
-2758
857
5550
8344
8474
7191
4097
-347
-5205
-9593
-11805
-11438
-8853
-4342
648
5019
8818
10986
10257
7098
2847
-936
-4133
-7016
-8248
-7424
-5328
-3280
-1906
-58
1562
2440
3190
3307
3591
3422
1925
636
-1291
-3651
-4994
-6003
-5911
-4629
-2637
477
3045
4396
5006
4534
2853
300
-1582
-2230
-1385
828
2711
4656
5962
5180
3578
241
-3405
-4618
-5282
-4218
-1118
1912
5911
8266
7551
6063
2446
-2246
-5953
-9343
-10350
-8514
-5462
-968
3335
6031
7858
7890
5721
2667
-800
-3595
-4684
-5293
-5194
-3778
-2116
-81
845
470
982
1450
1645
1835
1812
2650
2765
1393
1
-1725
-3394
-4564
-5214
-4383
-2576
-344
2142
3722
4050
3390
2028
245
-1822
-3218
-2705
-219
2435
4123
5376
5798
4922
2311
-1411
-3794
-4497
-4349
-2974
-875
1675
4306
5300
4832
3189
369
-2171
-4298
-6030
-6373
-5226
-2743
345
2627
4169
5490
5716
4462
2488
158
-1652
-2778
-4279
-5081
-4834
-4325
-2984
-2104
-1552
33
1291
2436
3246
2967
2900
2122
161
-1719
-3671
-4804
-5009
-4957
-3678
-1423
1099
3332
4675
5222
4677
3246
1055
-1515
-2861
-2612
-578
2478
4446
6106
7469
6686
3992
-428
-4230
-5502
-6553
-6671
-4604
-1492
2381
4626
4690
4226
2097
-797
-3298
-6053
-7395
-6664
-4641
-1621
1024
3203
5674
6768
5572
3400
619
-2108
-4004
-5803
-6505
-5505
-4060
-1855
-191
201
1358
2207
2135
2139
1536
1572
1780
528
-552
-1646
-2632
-2578
-2884
-2685
-1289
417
2483
3526
3625
3788
3134
1798
-118
-1778
-1451
294
3046
5878
7260
8080
7575
4823
703
-4334
-7259
-7443
-7009
-4567
-487
3868
7849
8753
7390
5045
637
-3601
-6870
-9414
-9265
-7008
-3369
1027
3946
5857
7215
6294
3452
198
-3011
-5188
-6397
-7414
-6784
-4901
-3323
-1245
134
339
1127
1450
1671
2237
1754
1965
2524
1425
152
-1306
-2815
-3021
-3330
-3227
-1600
259
2520
4415
4870
4775
3946
2044
-430
-2702
-3525
-2298
141
2427
4269
5563
5580
3982
514
-3338
-5141
-5509
-5088
-3561
-1268
2157
4871
5143
4340
2563
82
-2139
-4436
-5785
-5289
-3405
-327
2510
3989
4924
5221
3952
1378
-1576
-3786
-4847
-5429
-5457
-4603
-3293
-1979
-717
168
263
185
417
919
1446
1636
2123
2581
1662
-192
-2333
-4291
-5237
-5636
-5121
-3048
-296
2749
5416
6442
6141
4966
2593
-445
-3487
-5439
-4820
-2401
561
4086
6907
8321
8231
5735
1853
-2002
-4890
-5856
-5615
-4261
-1038
2950
5969
7098
6523
4970
2590
-449
-3218
-4827
-5005
-3559
-1093
1136
2745
3744
4012
3309
1180
-1337
-2785
-3783
-4415
-4326
-3838
-2522
-1166
-230
1152
1726
1584
1981
1840
1453
619
-751
-810
-1322
-2952
-3722
-4126
-3566
-2548
-2112
-431
1455
2687
3863
3310
1758
90
-2137
-3793
-5311
-6044
-4082
-694
2940
6183
8056
8890
7991
4856
820
-3162
-5602
-5844
-4775
-2532
576
4170
7177
7809
6510
4320
1590
-1173
-3951
-5553
-5032
-3375
-968
1197
2269
2934
2775
1595
-130
-2181
-3209
-2918
-2665
-2429
-1994
-1534
-736
-630
-1116
-878
-819
-571
321
650
1229
1671
1309
1112
-111
-1902
-2870
-3858
-4119
-3685
-3204
-1702
-66
1198
2172
1937
1087
87
-1215
-2594
-3895
-3917
-2009
1020
4136
6297
7641
7877
6165
2983
-1190
-4668
-6043
-6129
-4878
-2607
146
3630
5793
5873
5096
3207
1113
-1045
-3560
-4426
-3862
-2462
-121
1635
3122
4562
4937
4465
2916
785
-618
-1665
-2697
-3242
-2993
-1929
-551
395
1068
1840
2140
2147
2170
1724
1381
947
73
-571
-1866
-3288
-3802
-4168
-3935
-3155
-2221
-684
513
1145
1517
1160
428
-518
-1480
-2122
-2425
-1772
-180
2038
4120
4995
5398
4808
2619
-20
-3007
-4789
-4686
-4276
-2431
318
2638
5165
6003
5197
3838
1070
-1336
-3078
-4858
-4737
-3146
-872
1812
3342
4160
4555
3436
1283
-935
-2865
-3799
-3729
-3344
-2274
-731
487
1678
1823
750
28
-780
-1440
-1602
-1896
-1165
-60
21
-33
-674
-1693
-2215
-2884
-3022
-2418
-1591
-72
1492
2449
2964
2874
2269
1021
-714
-2289
-3301
-3143
-1870
311
3131
5259
6500
6540
4569
1845
-1289
-4185
-5205
-5163
-3824
-1125
1198
3545
5058
4486
3259
1280
-1100
-2672
-4024
-4258
-2979
-1461
415
2067
2755
3120
2758
1473
250
-919
-1760
-1872
-2160
-2332
-2002
-1877
-1450
-1010
-995
-453
173
584
1140
1235
1228
1200
563
-139
-945
-1738
-1956
-1735
-1122
-326
603
1619
2310
2742
2720
2301
1820
951
52
-794
-1815
-2068
-1449
-321
1543
3186
4306
5003
4174
2377
283
-2100
-3357
-3647
-3432
-1843
19
1658
3142
3195
2561
1683
-35
-1384
-2399
-3093
-2373
-1171
95
1506
2120
2285
1927
483
-1060
-2444
-3575
-3859
-3761
-3287
-2242
-1166
-227
262
192
-46
-506
-978
-1206
-1114
-615
-76
464
735
346
-239
-998
-1653
-1709
-1569
-799
497
1483
2594
3284
3133
2738
1645
227
-973
-2461
-3203
-2587
-1378
875
3474
5168
6366
6128
4320
2270
-563
-2972
-3628
-3830
-2768
-649
1029
3086
4080
3558
3051
1339
-733
-2029
-3348
-3478
-2809
-2070
-528
661
1109
1236
631
-309
-1266
-2133
-2539
-2583
-2425
-2002
-1415
-1128
-1147
-1053
-834
-792
-846
-529
254
1041
1433
1627
1828
1507
616
-347
-1231
-1594
-1598
-1341
-513
280
1000
1793
2080
1961
1486
717
50
-779
-1566
-1607
-738
507
1935
3439
4352
4644
3852
2194
827
-753
-1850
-1849
-1705
-682
522
1085
1811
1530
666
51
-1215
-2064
-2343
-2323
-1229
-49
775
1545
1681
1270
515
-675
-1952
-2680
-3015
-3023
-2376
-1783
-993
60
388
562
462
-257
-393
-537
-707
-33
503
1167
1872
1615
1220
692
-327
-935
-1351
-1522
-910
-260
476
1437
1938
2267
2344
1840
1211
357
-610
-1139
-1173
-603
525
1888
3034
3813
4020
3146
1850
63
-1932
-2770
-3389
-3365
-2128
-1162
398
1722
1685
1819
1054
-233
-811
-1991
-2471
-2138
-2087
-1238
-706
-870
-760
-1128
-1740
-2073
-2564
-2642
-2142
-1924
-1564
-911
-842
-688
-595
-1099
-1046
-995
-899
28
445
911
1703
1692
1671
1245
334
45
-346
-665
-483
-276
328
1150
1749
2307
2672
2762
2610
1963
977
29
-550
-444
123
1190
2679
3850
4500
4165
2950
1526
-348
-1765
-2364
-2520
-1345
185
1535
3027
3165
2697
1864
-93
-1583
-2908
-3731
-3013
-2275
-1181
152
662
1059
730
-429
-1437
-2597
-3457
-3537
-3461
-2973
-1887
-1071
-412
8
-531
-926
-1182
-1650
-1266
-809
-24
1354
1676
1729
1459
225
-699
-1789
-2556
-2198
-1646
-304
1382
2587
3744
4114
3849
3041
1328
-218
-1359
-2099
-1747
-663
996
3169
4682
5471
5411
3942
2263
561
-1117
-1653
-1791
-1160
312
1034
1786
2017
1144
466
-822
-1974
-2169
-2428
-1656
-469
45
722
535
-332
-1067
-2436
-3543
-3841
-3991
-3526
-2536
-1778
-868
-225
-382
-294
-689
-1697
-1869
-2093
-1896
-977
-610
437
1264
986
962
166
-753
-1057
-1673
-1362
-661
-252
742
1304
1648
2038
1781
1673
1338
553
190
-191
-475
-30
644
1704
3085
3673
4074
4134
3057
2233
1176
-35
-25
-232
121
1189
1360
2194
2576
1890
1681
479
-572
-803
-1578
-1325
-887
-798
51
69
-276
-445
-1253
-1727
-2078
-2624
-2641
-2562
-2335
-1844
-1595
-1482
-1497
-1689
-1824
-2022
-2090
-1693
-1038
-210
425
694
770
341
-396
-1239
-2048
-2185
-1892
-1302
-154
964
2098
3082
3149
2872
2198
953
13
-908
-1585
-1096
-160
1085
2823
3829
4410
4604
3415
2380
1234
-270
-357
-502
-348
750
934
1642
2040
1225
1268
492
-369
-321
-994
-612
-57
-250
295
-62
-656
-803
-1758
-2096
-2230
-2464
-1901
-1537
-1193
-736
-769
-799
-979
-1618
-2175
-2532
-2612
-2206
-1695
-1039
-25
607
784
768
216
-300
-854
-1452
-1285
-1063
-683
167
812
1536
2048
2116
2133
1682
872
217
-239
-395
-87
556
1557
2824
3459
3526
3365
2432
1427
391
-693
-863
-906
-565
460
926
1383
1605
1135
800
-109
-1087
-1413
-1795
-1659
-1331
-1151
-719
-645
-743
-831
-1242
-1512
-1639
-1643
-1459
-1448
-1431
-1395
-1451
-1562
-1759
-1868
-1801
-1596
-1041
-320
320
966
1363
1453
1152
298
-476
-1104
-1663
-1667
-1362
-604
524
1470
2464
3104
3158
3058
2477
1578
688
-182
-569
-456
196
1179
2393
3569
4085
4141
3501
2402
1363
14
-859
-1162
-1361
-875
-371
46
533
403
329
156
-432
-639
-792
-747
-492
-466
-223
-163
-532
-932
-1411
-1822
-2147
-2311
-2251
-2023
-1663
-1351
-899
-840
-1068
-1080
-1289
-1389
-1471
-1463
-831
-271
127
533
564
578
343
-175
-381
-644
-670
-291
27
670
1211
1640
2125
2035
1766
1439
810
261
-229
-427
75
665
1455
2497
3070
3276
2852
1843
876
-375
-1388
-1644
-1652
-1007
-152
529
1330
1437
1236
889
-28
-624
-1178
-1588
-1329
-1325
-1043
-596
-704
-593
-841
-1240
-1215
-1527
-1565
-1315
-1365
-1071
-950
-1319
-1452
-1759
-2055
-1930
-1850
-1230
-241
437
1268
1820
1787
1663
1007
168
-409
-1246
-1497
-1187
-867
73
1000
1799
2570
2613
2525
2241
1419
710
-2
-490
-318
34
790
1878
2554
2979
3048
2429
1621
675
-306
-770
-1044
-1016
-287
244
631
944
621
320
-279
-1046
-1149
-1202
-888
-223
153
567
491
-45
-532
-1385
-2082
-2417
-2528
-2093
-1640
-1134
-549
-332
-255
-484
-916
-1162
-1371
-1275
-893
-454
244
792
1130
1257
955
501
-36
-467
-668
-676
-377
130
695
1159
1447
1643
1511
1134
673
66
-390
-730
-832
-379
55
651
1629
2181
2565
2422
1680
1243
251
-785
-1099
-1520
-1149
-558
-373
496
686
513
644
-60
-493
-808
-1264
-896
-872
-818
-307
-283
-129
-121
-299
-196
-366
-451
-433
-556
-599
-847
-960
-977
-1075
-815
-612
-250
208
406
887
1138
1144
1278
1122
919
627
159
-38
-196
-328
-239
-110
113
305
486
681
678
578
352
76
-276
-691
-781
-754
-436
49
458
1274
1699
1671
1686
1072
322
-470
-1530
-1833
-1999
-2200
-1605
-1145
-703
-178
-171
67
68
-314
-271
-361
-417
-324
-394
-152
-123
-335
-240
-277
-295
-336
-542
-449
-459
-638
-568
-557
-431
-247
-162
216
517
737
1049
1213
1376
1460
1449
1424
1196
833
485
149
-87
-301
-371
-163
214
679
1085
1462
1608
1572
1368
753
216
-359
-736
-475
-217
511
1590
2078
2600
2521
1645
910
-581
-1861
-2300
-2897
-2419
-1521
-821
572
1140
1242
1440
556
-131
-804
-1785
-1796
-1921
-1795
-994
-759
-308
82
-141
-145
-528
-1081
-1292
-1699
-1890
-1799
-1764
-1535
-1041
-685
-366
79
208
441
640
420
514
465
262
378
11
-190
-178
-472
-267
-201
-112
507
828
1303
1646
1551
1590
1206
694
246
-363
-556
-562
-161
660
1463
2550
3167
3413
3299
2261
1362
193
-1159
-1714
-2252
-2094
-1332
-1057
-217
388
420
765
333
-61
-175
-699
-628
-629
-784
-495
-527
-491
-498
-882
-912
-1116
-1380
-1419
-1534
-1366
-1246
-1195
-994
-897
-700
-554
-462
-250
-213
69
310
385
631
572
590
550
43
-202
-387
-543
-316
-231
166
781
1062
1426
1526
1263
1100
782
378
213
95
298
1099
1832
2430
3228
3376
3171
2750
1404
482
-374
-1494
-1485
-1461
-1189
-141
263
967
1506
1078
1048
525
-286
-714
-1500
-1659
-1566
-1738
-1255
-966
-730
-401
-622
-596
-759
-1249
-1343
-1620
-1798
-1686
-1755
-1542
-1311
-1286
-911
-581
-450
-180
-10
152
260
80
25
5
-221
-325
-375
-337
-156
-102
152
458
553
828
912
916
881
464
371
201
-232
-184
-91
371
1208
1601
2411
3178
3195
3295
2692
1781
1126
-132
-781
-938
-1331
-840
-299
205
978
936
1003
1081
400
40
-365
-715
-553
-720
-571
-252
-366
-276
-462
-814
-1003
-1387
-1433
-1330
-1394
-1251
-1193
-1188
-1220
-1471
-1570
-1532
-1431
-1078
-625
-123
364
538
553
330
-144
-522
-943
-1246
-1287
-1194
-783
-232
119
458
662
591
492
173
-217
-313
-408
-344
31
301
861
1630
1995
2436
2682
2443
2403
1928
1170
880
195
-122
109
-95
297
669
710
1251
1121
904
986
487
364
123
-295
-104
-295
-268
-98
-339
-168
-258
-375
-239
-438
-332
-286
-485
-584
-1021
-1377
-1655
-1986
-1907
-1695
-1194
-421
233
941
1239
1201
1024
381
-321
-1014
-1444
-1388
-1274
-856
-217
296
755
866
694
440
2
-354
-575
-835
-905
-793
-646
-313
-50
260
832
1210
1599
1964
1975
1950
1552
894
418
-383
-927
-1117
-1343
-969
-594
-129
597
704
834
845
418
221
-326
-685
-601
-863
-623
-385
-312
84
21
79
181
-232
-376
-649
-1084
-1186
-1597
-1670
-1483
-1513
-1110
-753
-380
156
322
507
631
356
71
-265
-537
-679
-848
-683
-362
-70
203
424
664
703
588
527
390
273
244
213
369
433
334
484
632
807
1280
1646
2221
2842
2962
3121
2879
2099
1466
546
-237
-499
-857
-605
14
444
1143
1385
1322
1161
360
-315
-943
-1639
-1756
-1768
-1435
-822
-479
-17
105
-97
-260
-739
-1172
-1496
-1789
-1782
-1761
-1681
-1487
-1362
-1275
-1205
-1091
-975
-756
-407
-104
350
567
521
568
265
-66
-352
-778
-665
-550
-511
-28
222
450
751
617
617
512
144
96
3
-138
-69
58
310
808
1304
1828
2455
2757
2798
2686
2094
1376
618
-329
-784
-1103
-1317
-963
-731
-340
93
91
279
186
-156
-279
-624
-712
-652
-726
-422
-336
-312
-136
-324
-408
-592
-955
-1054
-1366
-1624
-1679
-1877
-1782
-1689
-1589
-1271
-1055
-699
-292
36
483
748
840
892
682
464
120
-253
-391
-567
-520
-276
50
486
778
998
1184
1138
1019
894
639
453
319
250
392
506
745
1310
1821
2313
2796
2952
2975
2671
1889
1190
388
-458
-909
-1262
-1244
-860
-561
-45
421
440
431
180
-272
-628
-1074
-1258
-1182
-1022
-691
-304
31
194
121
-172
-591
-1084
-1601
-1999
-2278
-2414
-2370
-2201
-1895
-1516
-1178
-707
-230
164
520
732
928
917
638
298
-179
-606
-863
-951
-732
-387
143
854
1415
1814
1958
1830
1534
996
387
-204
-619
-795
-788
-423
67
763
1655
2262
2957
3313
3165
3103
2386
1422
667
-408
-945
-1250
-1550
-1081
-733
-363
318
402
608
572
109
-14
-610
-1106
-1220
-1505
-1369
-1224
-1120
-651
-536
-476
-426
-690
-845
-1161
-1493
-1647
-1895
-1920
-1805
-1618
-1254
-917
-457
22
350
588
611
493
124
-393
-863
-1411
-1694
-1675
-1481
-877
-265
477
1338
1791
2100
2056
1608
1183
533
-122
-463
-757
-733
-368
42
671
1422
2029
2662
3101
3174
3088
2685
1982
1312
470
-313
-651
-1042
-1114
-776
-499
160
716
982
1380
1286
906
502
-213
-768
-1207
-1584
-1474
-1282
-986
-420
35
323
277
-57
-439
-991
-1629
-2094
-2227
-2106
-1823
-1355
-824
-248
154
278
341
206
-202
-534
-817
-974
-953
-856
-405
109
470
897
1152
1263
1282
1104
988
823
520
326
144
-17
-105
-155
-50
160
422
776
1339
1958
2491
2915
3022
2837
2307
1351
387
-582
-1453
-1787
-1822
-1520
-804
-91
615
1209
1294
1158
729
-81
-832
-1535
-2054
-2205
-2146
-1837
-1316
-836
-489
-232
-234
-405
-649
-1071
-1386
-1683
-1960
-1951
-1892
-1716
-1404
-1152
-781
-468
-351
-136
-77
-142
-97
-227
-296
-296
-424
-282
-81
68
428
709
1036
1390
1415
1370
1233
883
603
322
51
102
245
645
1335
1973
2666
3202
3317
3210
2750
1901
1056
139
-602
-933
-1018
-725
-143
438
1076
1523
1541
1292
708
-40
-765
-1450
-1889
-1999
-1873
-1544
-1106
-703
-395
-266
-311
-486
-751
-1067
-1349
-1557
-1668
-1701
-1672
-1601
-1460
-1315
-1139
-841
-584
-239
81
242
386
380
199
19
-272
-475
-497
-476
-158
279
708
1269
1616
1748
1740
1413
1060
718
330
160
164
375
869
1358
1839
2226
2414
2420
2122
1606
1100
571
171
-62
-206
-109
73
228
377
356
259
165
-82
-313
-525
-751
-817
-871
-1002
-1062
-1161
-1250
-1268
-1367
-1377
-1335
-1323
-1216
-1144
-1091
-1009
-1039
-1092
-1147
-1288
-1333
-1291
-1191
-931
-656
-385
-101
26
41
-18
-145
-208
-256
-244
-75
117
317
552
718
826
890
854
806
749
696
697
750
846
964
1091
1155
1147
1101
1005
948
905
886
934
964
979
985
857
666
436
113
-127
-328
-455
-431
-368
-239
-73
-32
-18
-73
-312
-566
-849
-1129
-1262
-1374
-1354
-1143
-951
-664
-408
-324
-251
-339
-509
-652
-933
-1122
-1174
-1203
-1026
-791
-553
-184
117
370
616
664
668
611
392
268
146
42
83
145
323
535
696
918
1078
1151
1205
1175
1114
1055
950
895
833
777
808
775
768
744
665
626
540
488
471
423
429
377
294
183
-19
-273
-515
-723
-873
-962
-994
-873
-706
-580
-465
-360
-319
-381
-500
-681
-886
-1090
-1272
-1357
-1351
-1249
-1058
-839
-613
-436
-291
-186
-174
-229
-306
-348
-393
-434
-421
-407
-356
-227
-68
160
349
469
618
693
679
625
518
483
526
596
768
937
1050
1218
1283
1188
1013
746
479
253
34
-24
83
229
531
826
1038
1162
1082
901
590
78
-409
-821
-1167
-1286
-1317
-1173
-871
-643
-398
-167
-54
3
-58
-201
-369
-650
-889
-1063
-1260
-1314
-1284
-1178
-975
-789
-524
-286
-156
-21
36
15
-33
-140
-200
-198
-237
-202
-87
29
215
378
491
538
482
406
346
209
155
250
410
646
862
1102
1392
1510
1486
1383
1151
880
534
186
-23
-165
-188
-32
166
418
660
821
915
817
589
309
-58
-428
-733
-927
-995
-977
-872
-685
-516
-392
-301
-261
-246
-299
-368
-420
-487
-560
-641
-726
-791
-810
-805
-753
-652
-500
-302
-124
2
106
151
148
95
4
-73
-113
-106
-75
15
126
219
276
284
258
228
241
275
351
443
588
794
996
1149
1164
1088
920
633
308
18
-158
-207
-183
-29
243
520
727
838
876
821
618
358
99
-174
-446
-683
-811
-904
-994
-1008
-967
-905
-854
-754
-596
-479
-398
-329
-279
-304
-417
-556
-710
-919
-1064
-1122
-1117
-997
-849
-640
-383
-194
-24
64
92
138
101
83
158
237
325
452
553
599
579
495
438
356
288
308
367
494
652
830
1027
1124
1155
1134
1040
902
730
577
431
288
175
127
87
38
37
74
154
227
261
325
366
345
318
236
59
-177
-447
-698
-942
-1181
-1280
-1241
-1109
-909
-698
-453
-295
-236
-235
-325
-465
-609
-689
-695
-707
-696
-600
-489
-395
-296
-206
-140
-76
-2
107
204
292
396
472
536
571
583
554
500
461
423
392
398
440
470
485
525
585
613
626
653
664
679
713
701
639
572
482
385
274
121
-3
-100
-163
-174
-164
-117
-43
2
45
63
-32
-154
-297
-504
-676
-850
-1007
-1089
-1127
-1078
-979
-859
-707
-553
-400
-292
-233
-189
-195
-241
-295
-367
-451
-567
-645
-646
-588
-521
-399
-190
24
237
425
570
654
636
600
544
395
211
50
-11
-7
29
143
297
444
610
783
898
942
911
884
823
662
481
306
169
34
-75
-113
-140
-142
-108
-54
27
97
153
221
253
233
157
52
-79
-281
-478
-635
-764
-830
-853
-802
-677
-557
-402
-216
-89
6
54
38
11
-61
-124
-152
-193
-189
-190
-190
-151
-113
-63
-9
54
168
303
438
569
651
731
756
700
628
519
379
218
80
-22
-28
31
159
347
534
694
747
731
644
496
304
102
-69
-173
-222
-245
-186
-119
-59
-17
-60
-136
-248
-412
-552
-662
-764
-780
-748
-685
-593
-532
-460
-412
-435
-505
-582
-659
-771
-884
-913
-876
-814
-712
-591
-435
-294
-195
-51
56
105
152
191
228
234
214
249
267
277
367
472
564
671
787
911
990
1000
1030
1010
910
824
778
763
744
713
731
776
767
735
700
628
533
400
243
119
-6
-75
-101
-134
-118
-89
-85
-77
-141
-239
-334
-502
-675
-839
-998
-1082
-1130
-1146
-1097
-1039
-956
-833
-755
-704
-690
-673
-653
-694
-770
-842
-903
-941
-913
-840
-722
-584
-399
-205
-38
105
198
255
275
295
315
325
363
473
595
728
860
987
1075
1091
1078
1065
997
912
893
899
946
992
1059
1139
1135
1094
1035
907
735
537
369
249
80
-39
-81
-121
-123
-100
-62
-1
-26
-62
-108
-289
-458
-645
-837
-982
-1136
-1224
-1202
-1170
-1090
-939
-835
-695
-603
-617
-643
-732
-837
-924
-1028
-1028
-944
-801
-582
-390
-201
-35
50
94
93
50
44
25
61
155
244
414
609
744
876
972
996
1012
956
879
830
762
734
727
727
781
826
861
891
869
850
804
711
636
534
410
271
115
-13
-129
-219
-252
-283
-294
-280
-298
-339
-408
-498
-609
-735
-863
-977
-1077
-1148
-1147
-1085
-1013
-936
-802
-689
-657
-622
-641
-686
-741
-785
-785
-762
-707
-595
-446
-312
-189
-24
96
150
188
197
210
182
184
218
241
296
427
569
705
828
923
1014
1031
1001
950
842
759
712
677
673
695
822
947
982
990
949
841
677
479
319
146
-1
-32
-66
-98
-125
-138
-112
-144
-233
-279
-380
-517
-600
-682
-715
-766
-830
-824
-827
-818
-774
-727
-634
-527
-433
-360
-319
-311
-347
-411
-472
-491
-475
-416
-325
-220
-91
30
161
265
324
385
386
355
312
285
296
313
361
432
507
573
624
654
666
662
623
601
583
533
503
434
351
302
248
194
152
102
79
65
21
-42
-135
-193
-265
-341
-388
-455
-515
-556
-608
-649
-672
-720
-723
-734
-769
-788
-821
-843
-866
-860
-796
-689
-560
-447
-346
-288
-288
-288
-303
-315
-291
-252
-190
-99
23
188
346
485
618
724
788
805
785
737
684
675
709
745
784
867
951
1013
1056
1062
1051
991
887
811
741
632
543
475
432
393
355
352
341
265
165
86
-19
-132
-255
-360
-436
-523
-581
-618
-648
-674
-703
-761
-826
-909
-1000
-1060
-1110
-1125
-1105
-1064
-995
-945
-878
-812
-757
-714
-699
-673
-671
-685
-643
-571
-487
-370
-253
-105
56
181
293
353
390
423
431
459
490
552
643
701
760
860
958
1013
1074
1099
1079
1059
1021
971
920
872
846
838
807
774
766
742
686
602
531
448
288
136
42
-39
-121
-196
-240
-254
-311
-359
-411
-493
-555
-610
-697
-799
-909
-992
-1048
-1131
-1152
-1099
-1016
-934
-837
-745
-690
-696
-712
-694
-687
-701
-686
-626
-569
-504
-372
-213
-88
21
141
245
302
322
345
363
359
380
462
551
635
694
755
812
821
864
910
927
909
866
821
780
747
721
692
652
635
613
567
505
404
299
219
121
11
-77
-164
-223
-282
-367
-411
-435
-446
-476
-512
-556
-646
-736
-812
-879
-925
-929
-913
-903
-881
-815
-753
-734
-696
-631
-566
-529
-489
-418
-370
-346
-302
-233
-192
-124
-31
57
131
195
295
364
386
426
475
500
529
582
636
662
690
732
765
788
822
859
855
838
816
793
741
687
647
605
569
509
472
453
402
343
294
225
142
72
9
-61
-127
-212
-289
-348
-403
-427
-433
-450
-481
-535
-577
-587
-626
-656
-656
-657
-651
-660
-659
-668
-710
-694
-634
-585
-554
-518
-472
-457
-461
-435
-403
-354
-273
-182
-87
-29
14
74
93
105
140
187
251
318
385
442
489
534
543
554
574
559
531
481
432
384
353
347
360
360
375
376
337
300
246
199
149
79
21
-9
-41
-47
-26
-16
-36
-65
-84
-127
-185
-217
-221
-239
-280
-287
-270
-262
-253
-229
-212
-225
-243
-232
-207
-201
-202
-211
-203
-178
-163
-143
-133
-113
-90
-66
-38
-8
33
63
82
98
86
69
71
88
133
158
168
181
167
155
166
191
214
231
254
249
211
168
134
117
117
118
123
155
161
139
110
97
83
69
56
33
9
-5
-15
-54
-79
-90
-83
-65
-65
-63
-81
-128
-145
-153
-204
-251
-253
-213
-192
-219
-223
-213
-208
-203
-183
-146
-151
-142
-93
-70
-57
-58
-45
-12
-2
12
30
14
6
11
26
56
77
119
145
158
190
214
230
231
245
263
254
242
228
191
157
140
138
116
83
91
112
120
116
117
116
79
31
1
-38
-95
-117
-96
-95
-123
-123
-105
-150
-178
-169
-190
-226
-256
-235
-225
-251
-244
-228
-229
-240
-212
-168
-169
-160
-134
-110
-105
-111
-79
-72
-88
-69
-43
-36
-78
-75
-39
-17
17
54
82
88
98
124
120
134
144
151
149
131
146
138
138
162
199
212
209
226
213
173
165
188
193
172
171
200
179
147
116
84
58
36
38
14
-7
-7
-2
-3
-21
-35
-52
-63
-61
-43
-43
-52
-51
-74
-95
-97
-71
-59
-82
-64
-46
-68
-91
-94
-86
-98
-95
-87
-91
-92
-85
-74
-82
-105
-115
-125
-118
-102
-68
-27
-6
46
74
56
48
39
13
-22
-14
-17
-31
-9
38
57
46
54
92
114
101
135
145
112
85
76
54
7
-11
19
39
19
28
32
-6
-18
-10
-19
-66
-54
-18
-51
-87
-61
-27
-53
-68
-32
-44
-104
-99
-72
-94
-126
-89
-68
-120
-137
-85
-83
-131
-119
-66
-70
-126
-134
-100
-119
-130
-84
-68
-93
-63
0
-1
-51
-38
23
5
-20
17
67
57
48
92
113
105
112
160
187
185
208
247
260
220
217
229
174
153
146
138
157
169
183
178
149
126
92
66
50
26
7
-10
-10
-8
-22
-36
-42
-28
-20
-50
-94
-93
-50
-55
-88
-60
-32
-53
-69
-43
-38
-74
-85
-41
-47
-98
-91
-67
-94
-115
-85
-80
-142
-161
-104
-118
-163
-126
-62
-73
-87
-25
15
-15
-24
26
3
-44
-22
-1
-31
-33
58
98
53
78
152
115
27
54
88
9
-43
20
29
-74
-58
38
33
-30
32
124
47
-5
80
99
-22
-51
42
14
-89
-47
53
-19
-90
20
76
-59
-109
14
23
-126
-99
56
19
-84
-8
70
-45
-118
-25
4
-117
-111
23
3
-83
-7
65
-31
-70
65
104
-15
-15
103
81
-45
22
112
10
-49
83
133
33
37
130
110
-21
18
100
36
-7
69
125
24
6
73
44
-32
-15
79
41
15
80
97
31
19
95
56
-43
-36
19
-37
-108
-61
-48
-109
-121
-89
-111
-169
-140
-94
-121
-150
-136
-120
-139
-118
-65
-84
-118
-74
-40
-72
-66
-9
3
-16
35
65
27
24
93
133
90
102
133
118
118
160
182
158
167
208
200
149
177
208
142
100
120
106
35
32
98
73
5
39
84
-1
-50
13
14
-46
-30
31
-20
-101
-71
-46
-128
-151
-69
-93
-193
-171
-78
-95
-169
-115
-73
-169
-212
-131
-110
-217
-219
-99
-97
-178
-119
-36
-98
-146
-39
6
-74
-36
86
66
-46
5
73
0
-34
71
102
-28
-38
61
34
-58
11
105
27
-30
50
79
-42
-54
82
68
-42
32
163
96
21
133
190
71
54
190
187
54
85
205
141
52
130
180
73
11
102
114
-25
-38
64
24
-75
-6
62
-41
-82
20
33
-103
-132
-13
-38
-158
-120
-16
-76
-137
-48
15
-68
-106
-5
-8
-110
-84
25
-19
-100
-40
28
-45
-77
37
66
-24
-44
32
17
-46
16
80
29
-13
48
66
-9
-21
38
29
-14
44
108
73
52
89
86
24
14
46
32
9
54
57
-5
-24
0
-6
-46
-35
-17
-62
-89
-48
-31
-65
-45
12
23
-7
-3
-14
-63
-79
-46
-22
-43
-20
15
9
-17
-10
5
-20
-25
3
14
-21
-50
-30
-17
-49
-45
11
30
0
-11
8
-13
-68
-58
-25
-60
-97
-65
-39
-59
-36
12
34
12
12
47
40
22
26
33
14
23
67
53
24
27
53
66
40
48
49
36
60
82
57
18
16
18
5
12
32
1
-37
-10
16
-18
-32
17
18
-40
-29
10
-34
-68
-7
21
-39
-58
9
24
-34
-11
51
22
-32
24
91
24
-18
61
81
0
15
110
92
-3
28
83
-3
-95
-19
50
-49
-89
39
59
-78
-67
54
-12
-151
-69
28
-86
-136
16
62
-70
-77
74
57
-80
2
140
33
-69
50
98
-55
-85
83
73
-90
-42
122
32
-103
11
104
-27
-94
51
62
-104
-98
67
25
-102
-6
73
-53
-136
-36
20
-88
-80
67
58
-25
23
85
-2
-63
-3
3
-80
-67
43
50
-8
40
86
25
13
90
107
41
27
56
42
14
40
44
-6
16
62
21
-28
3
30
-20
-39
18
-6
-81
-19
43
-55
-130
-53
-16
-115
-125
-36
-63
-155
-118
-27
-92
-156
-47
-8
-111
-118
-23
-39
-137
-64
35
-44
-105
0
47
-64
-51
65
43
-38
39
121
28
-10
86
90
-17
14
117
60
-9
97
190
81
52
194
219
92
127
271
183
84
194
284
142
48
180
181
41
83
213
118
-32
73
177
19
-65
72
76
-99
-128
7
-70
-241
-140
-26
-193
-326
-185
-113
-265
-287
-108
-130
-293
-189
-16
-132
-262
-105
7
-144
-196
-31
-20
-170
-102
62
-24
-128
11
135
1
-36
132
129
-8
33
159
71
-27
86
145
30
-10
104
116
20
75
165
76
4
70
107
44
42
132
124
57
93
137
67
31
105
114
39
25
78
46
-20
1
13
-33
-51
-17
-16
-57
-63
-56
-81
-100
-65
-58
-98
-115
-126
-147
-172
-160
-154
-167
-157
-130
-130
-148
-117
-68
-66
-83
-69
-61
-64
-24
40
33
9
38
77
66
63
121
150
119
119
150
136
107
112
122
101
87
115
120
100
115
131
113
85
81
39
-15
-2
35
9
-38
-24
-18
-58
-45
13
-5
-56
-26
24
-16
-67
-15
24
-21
-48
-41
-73
-127
-106
-52
-70
-96
-58
-24
-41
-42
-6
-6
-38
-42
-16
-12
-21
-7
-1
-11
-4
6
0
5
36
62
49
46
81
85
55
66
110
89
39
64
93
47
20
69
105
53
11
42
47
-10
-9
32
2
-44
-30
-6
-36
-50
-3
-2
-69
-100
-78
-95
-114
-71
-38
-66
-93
-72
-78
-125
-114
-71
-66
-75
-54
-24
-40
-58
-54
-50
-68
-61
-2
48
47
25
33
42
7
-30
-3
40
24
31
73
66
13
24
90
78
29
51
91
49
3
45
59
6
4
90
95
20
58
125
73
0
51
77
-34
-54
47
50
-52
-58
34
11
-62
-11
40
-44
-109
-26
-9
-111
-119
-27
-34
-114
-68
16
-44
-123
-38
33
-69
-112
-14
-7
-100
-61
55
29
-42
19
96
3
-60
64
125
47
37
144
118
-10
20
116
68
-30
36
111
33
3
88
122
40
31
89
47
-17
6
56
-14
-74
-19
9
-38
-33
19
-14
-79
-53
9
-25
-70
-3
41
-29
-66
-14
-7
-79
-49
53
37
-18
25
77
9
-50
7
33
-18
-6
68
41
-41
-11
30
-26
-60
5
32
-30
-20
20
-39
-93
-47
-30
-76
-66
-7
-21
-72
-45
-9
-74
-93
-16
-12
-77
-46
28
-26
-71
16
76
18
6
78
74
-6
-4
46
-7
-52
-13
7
-30
-36
18
0
-28
18
38
-2
-29
18
0
-48
-32
-2
-21
-27
46
70
22
25
77
58
-9
37
91
38
-7
47
79
25
32
91
55
-6
28
75
25
-29
24
32
-41
-37
31
-3
-57
-6
25
-33
-39
29
-7
-95
-86
-34
-95
-136
-30
-3
-107
-91
17
-31
-131
-45
62
-19
-60
81
122
-17
-29
117
87
-62
2
127
39
-35
86
141
18
-17
97
59
-66
-6
120
83
28
103
134
33
-2
66
53
-16
22
80
27
-23
22
28
-42
-18
59
57
0
13
56
18
-19
-1
10
-15
-18
18
10
-27
-44
-32
-56
-87
-93
-78
-63
-88
-98
-100
-97
-122
-139
-119
-124
-145
-148
-117
-91
-90
-70
-45
-49
-39
-15
-18
-33
-32
-5
8
20
47
73
54
32
59
56
16
4
46
55
36
50
67
57
43
70
93
42
7
61
78
26
29
71
43
-2
30
68
37
9
59
66
8
24
69
23
-44
-18
28
-16
-28
24
16
-58
-61
-7
-48
-81
-25
9
-26
-39
-3
-13
-49
-29
-5
-38
-56
-7
14
-19
-7
40
36
15
45
44
10
11
40
27
-4
17
9
-30
1
22
-14
-40
-2
15
-34
-31
12
22
15
73
104
43
17
54
50
-9
3
51
12
-34
29
49
-15
-12
51
37
-18
12
42
-9
-38
15
26
-35
-22
37
13
-22
3
20
-41
-62
-7
-6
-36
-13
8
-41
-81
-29
-8
-65
-64
-17
-35
-81
-54
-15
-45
-72
-31
-14
-44
-18
25
11
-9
11
14
-45
-51
-9
-26
-50
-7
37
8
3
62
58
17
43
73
29
-23
10
27
-30
-44
6
-14
-70
-26
26
-15
-54
-1
14
-72
-90
-29
-36
-81
-29
48
20
-27
21
65
18
-5
54
53
-23
-30
30
28
-22
14
70
51
34
89
124
69
27
55
36
-17
-3
36
15
-21
-1
30
2
-2
54
52
7
7
16
-16
-49
-4
39
-4
-4
54
51
-11
-5
45
10
-20
32
59
4
-13
29
19
-43
-27
36
7
-30
15
19
-53
-69
-29
-37
-81
-48
6
-20
-61
-15
9
-60
-64
6
10
-55
-33
27
-8
-53
2
56
0
-28
45
45
-37
-24
37
-12
-60
7
26
-64
-96
-17
-32
-106
-14
71
-8
-19
103
116
14
31
135
68
-20
72
118
1
-6
124
92
-17
57
135
14
-43
58
38
-93
-43
52
-58
-143
-28
18
-99
-73
58
-4
-115
-30
14
-132
-153
-26
-44
-158
-95
5
-85
-137
-29
-21
-129
-103
-2
-47
-102
-2
54
-11
4
76
30
-38
16
69
11
-6
64
71
29
40
62
32
11
52
73
49
21
31
48
26
2
33
57
29
36
74
74
32
35
83
46
-11
45
87
12
-5
101
86
-22
26
115
30
-46
56
85
-58
-61
53
-21
-133
-32
59
-62
-87
48
17
-106
-24
66
-51
-100
36
34
-114
-54
78
-35
-128
25
54
-113
-77
78
-8
-122
10
88
-64
-86
64
25
-120
-41
64
-48
-97
46
75
-49
6
121
34
-21
91
117
18
8
77
34
-40
9
44
-13
-25
47
25
-37
2
34
-33
-73
-12
-23
-90
-74
-12
-32
-77
-42
5
-27
-70
-32
2
-35
-41
21
24
-30
-11
50
10
-46
1
36
-1
-2
60
31
-48
-5
61
-10
-50
45
62
-35
-24
68
8
-86
6
68
-58
-84
47
15
-130
-61
64
-34
-92
78
116
-50
-44
106
44
-109
2
114
-31
-90
65
73
-90
-42
112
35
-69
45
106
-49
-69
67
47
-81
-31
93
1
-67
50
95
-21
-36
85
35
-78
-6
81
11
-47
45
60
-61
-55
55
10
-90
-17
56
-31
-66
49
64
-40
-9
113
87
6
89
154
41
8
112
79
-42
9
94
-7
-75
32
69
-45
-39
72
8
-91
-10
39
-65
-97
12
3
-97
-29
64
-8
-71
15
21
-90
-68
19
-21
-101
-33
26
-65
-76
6
-14
-95
-55
30
-20
-75
-13
30
-32
-54
4
-10
-79
-44
22
-20
-60
-6
17
-33
-42
7
7
-43
-23
42
30
-17
37
69
5
-7
61
66
-2
19
85
42
-17
30
60
-31
-51
51
55
-24
8
83
9
-44
52
70
-40
-30
66
18
-64
-1
58
-28
-49
61
56
-53
-13
65
-30
-88
9
26
-77
-66
27
-30
-111
-39
10
-79
-90
8
-11
-80
-14
61
5
-17
43
17
-42
10
49
-22
-36
22
7
-17
42
65
-1
12
89
63
4
58
106
21
2
98
62
-27
37
117
20
-29
90
92
-39
2
125
33
-66
51
97
-41
-52
95
64
-69
9
112
-9
-78
43
40
-98
-65
53
-21
-101
-5
17
-115
-126
1
-31
-126
-40
30
-65
-108
-15
-14
-118
-77
8
-66
-133
-53
-7
-72
-65
5
-24
-70
-10
30
-25
-42
20
15
-22
17
46
21
3
38
50
24
41
68
63
61
74
71
51
69
99
93
93
86
54
38
56
64
30
19
29
5
-11
-12
-19
-44
-57
-48
-63
-68
-51
-61
-79
-71
-60
-71
-56
-16
-39
-65
-36
-30
-71
-64
-1
-5
-50
-17
11
-31
-29
30
39
-5
7
50
9
-25
22
30
-31
-28
26
6
-6
57
69
4
-2
47
9
-42
-4
12
-42
-46
21
11
-31
8
42
1
-6
59
58
10
35
62
8
-8
46
53
15
41
79
27
1
57
54
7
44
80
31
15
72
63
-10
-15
13
-32
-63
-2
28
-40
-45
27
8
-42
17
65
-4
-21
44
17
-56
-25
28
-28
-70
3
14
-64
-44
15
-12
-52
-8
40
-1
-9
57
45
-14
9
42
-15
-39
10
0
-52
-52
-11
-20
-65
-33
10
-30
-72
-35
-12
-48
-53
-35
-43
-82
-86
-45
-55
-79
-49
-19
-31
-36
-5
0
-28
-17
14
-2
-26
-5
21
8
-2
28
35
6
27
69
45
24
77
95
33
16
70
57
-5
23
70
14
-19
54
68
12
17
74
39
-35
1
49
-21
-53
35
45
-32
-11
57
13
-47
-3
40
-24
-61
-6
-17
-81
-45
13
-34
-72
-16
-4
-63
-41
27
-11
-81
-37
9
-53
-62
29
29
-43
-19
48
15
-20
55
101
26
1
78
71
-15
10
64
15
-20
40
70
21
19
63
37
-21
13
61
13
-17
31
24
-33
-10
37
13
-18
32
56
-4
-19
38
30
-42
-28
34
9
-38
9
53
4
-27
30
44
-24
-41
0
-14
-63
-42
-5
-34
-48
8
30
-18
-18
18
-20
-70
-35
6
-48
-84
-27
-17
-92
-84
-9
-34
-75
1
47
-20
-45
31
26
-58
-26
49
-4
-58
10
26
-65
-73
19
-1
-88
-48
11
-48
-62
30
58
-4
4
87
64
-8
31
65
-1
-17
54
47
-11
28
83
55
23
62
71
12
8
34
5
-31
-12
9
4
-3
17
22
-9
-3
14
-14
-33
-21
-26
-29
-14
-16
-31
-33
-22
-36
-57
-48
-45
-57
-53
-19
-13
-17
4
20
20
26
37
48
42
41
51
36
48
58
52
58
63
52
41
62
72
34
1
8
24
5
5
39
13
-16
5
19
-2
-10
13
11
-23
-24
0
-15
-35
-18
3
-19
-12
21
16
-5
6
32
-5
-25
3
-16
-65
-63
-26
-50
-76
-35
-11
-45
-49
10
16
-28
-25
4
-15
-35
0
26
4
-8
17
15
-8
15
38
18
-2
14
19
-13
-10
14
-1
-38
-40
-33
-67
-66
-29
-27
-35
-15
7
-10
-29
8
24
-6
0
29
16
-8
29
71
40
17
44
49
-2
-20
27
26
-11
3
39
10
-34
-13
7
-32
-45
-15
-26
-58
-41
-18
-46
-51
-9
1
-20
-7
13
-7
-27
-5
13
-33
-50
-4
-7
-45
-24
32
17
-20
18
59
20
-5
44
54
17
30
76
71
40
45
63
25
-7
35
49
18
22
61
54
16
29
40
6
-9
23
38
2
9
41
11
-22
-9
11
-19
-32
-5
-1
-25
-25
-4
-22
-39
-19
-10
-46
-60
-29
-33
-66
-35
15
0
-14
33
56
10
1
41
38
-12
9
64
21
-28
18
47
-17
-32
29
32
-25
-9
45
-1
-51
1
39
-27
-52
15
8
-56
-25
30
-21
-78
-8
43
-21
-41
25
5
-75
-33
40
-20
-73
7
46
-35
-50
37
19
-60
-19
46
-25
-95
-19
24
-65
-64
46
30
-53
-7
76
0
-84
5
54
-41
-53
62
54
-62
-30
67
-5
-100
-7
63
-34
-67
54
66
-31
18
108
44
-42
35
80
-28
-55
43
17
-98
-51
41
-28
-101
-2
49
-52
-61
39
14
-89
-30
58
-18
-61
41
72
-25
-15
95
58
-51
21
109
31
-18
59
80
-23
-23
73
48
-40
9
79
7
-28
61
87
-1
-6
88
69
-15
36
120
46
-10
83
86
-28
-44
40
14
-53
10
86
13
-55
39
43
-78
-76
31
4
-98
-44
27
-78
-147
-30
19
-85
-71
46
1
-105
-42
46
-44
-105
14
80
-14
-29
65
41
-56
-18
55
-20
-73
14
41
-49
-59
19
-1
-71
-17
59
-4
-52
19
28
-65
-70
2
-20
-90
-36
43
-1
-35
38
63
-24
-39
42
19
-60
-17
65
35
-7
41
64
-2
-28
33
30
-29
-3
42
2
-45
-7
17
-27
-37
14
7
-42
-16
23
-17
-46
-1
10
-33
-29
24
15
-37
-10
31
-24
-60
8
31
-25
-35
26
17
-37
-6
30
-1
-35
4
19
-39
-33
47
42
-7
33
85
43
5
65
95
30
21
86
76
9
35
79
14
-29
25
49
-9
-8
60
40
-13
19
74
28
-25
29
54
-4
-16
31
4
-59
-31
14
-16
-46
-3
20
-21
-36
-13
-24
-57
-42
-19
-44
-59
-27
-13
-29
-27
-12
-20
-42
-18
4
-23
-36
-20
-13
-34
-32
-17
-27
-41
-16
-3
-30
-26
5
13
-5
1
21
6
-8
27
47
25
13
42
43
16
16
27
16
-2
18
36
23
30
58
56
26
23
34
17
-2
29
48
33
31
40
14
-22
-27
-30
-31
-21
2
1
-15
1
5
-29
-60
-57
-60
-81
-79
-59
-77
-92
-60
-42
-70
-74
-50
-58
-75
-55
-33
-42
-49
-25
-17
-36
-39
-9
-2
-31
-9
23
19
23
54
78
52
32
70
80
47
49
80
67
46
65
79
32
-10
23
33
-6
-2
47
49
8
10
36
12
-33
-12
18
-14
-31
10
25
1
39
93
69
32
50
75
33
16
67
59
9
29
83
59
18
52
75
4
-39
0
3
-70
-68
-6
-47
-95
-46
-1
-59
-90
-35
-32
-88
-78
-13
-38
-80
-24
21
-35
-66
3
23
-35
-10
53
23
-34
17
67
10
-12
41
44
-31
-18
40
4
-36
28
77
15
-3
52
49
-23
-3
59
18
-49
-12
22
-31
-62
-12
-4
-84
-69
-21
-63
-113
-59
-21
-73
-83
-23
-31
-106
-98
-45
-66
-93
-24
21
-28
-37
18
14
-42
-12
47
6
-29
27
64
16
4
60
40
-26
4
58
29
0
51
70
14
26
88
75
40
70
119
87
62
106
90
26
32
78
52
12
42
40
-26
-35
18
17
-25
-2
34
-29
-73
-22
0
-48
-36
12
-14
-50
-22
18
-33
-50
9
20
-21
5
57
7
-30
10
19
-40
-63
2
10
-35
-9
26
-2
-22
19
13
-36
-24
12
-4
-43
-13
7
-28
-33
22
12
-39
-12
22
-11
-42
9
31
5
21
73
59
-2
26
64
9
-20
32
31
-25
-31
30
9
-51
-21
19
-18
-46
12
30
-15
-15
31
4
-60
-43
2
-29
-58
-2
6
-56
-56
6
-14
-63
-21
22
-18
-22
38
25
-40
-23
39
0
-47
11
47
-33
-59
6
2
-61
-43
32
11
-29
31
70
18
-8
34
15
-47
-14
19
-23
-41
6
22
-41
-48
16
25
-18
-2
34
-1
-15
38
65
22
18
63
45
20
50
85
49
14
29
1
-48
-38
1
-12
-45
-18
-2
-46
-65
-31
-24
-72
-58
1
-8
-54
-44
-7
-32
-47
-2
27
-7
-21
25
22
-12
18
63
53
40
85
98
51
38
68
54
20
43
71
53
45
96
98
44
44
74
42
2
21
36
-9
-54
-29
-25
-61
-35
9
0
-30
-10
8
-4
-3
10
-1
-39
-39
-31
-52
-73
-59
-48
-54
-42
-31
-35
-56
-53
-44
-44
-34
-22
-9
-9
-8
-13
-18
-23
-22
4
17
6
10
13
10
2
15
47
43
37
28
28
14
-13
-4
-15
-27
-13
9
-8
-24
-23
-30
-52
-67
-51
-53
-58
-49
-22
-26
-37
-21
-17
-29
-25
-10
-3
4
3
3
-20
-26
-9
-7
9
22
29
20
0
-5
3
13
33
60
68
52
50
56
48
35
22
29
38
40
37
49
52
37
45
56
58
54
72
80
69
60
56
42
13
3
-2
-25
-21
1
0
-14
-16
-12
-25
-30
-23
-14
-32
-38
-6
2
-16
-17
2
3
-12
-12
-1
-24
-46
-35
-13
-15
-16
-3
-12
-27
-29
-22
-30
-47
-46
-33
-38
-46
-22
15
29
18
19
19
4
-2
-9
-34
-60
-55
-35
-42
-63
-51
-47
-60
-35
-6
-5
-13
17
48
35
25
48
53
22
11
43
36
13
41
73
49
7
24
44
10
-10
5
-2
-43
-47
-4
3
-33
-14
29
3
-37
-9
2
-39
-33
16
19
-6
17
46
22
-1
22
30
-6
-1
36
28
11
39
55
11
1
40
30
-2
3
21
-14
-54
-16
-2
-35
-37
-8
-36
-81
-59
-26
-49
-81
-56
-34
-50
-53
-7
11
-17
2
32
32
24
28
40
22
1
1
2
-5
4
25
58
63
62
61
30
6
17
29
4
2
37
58
48
53
70
41
6
10
3
-38
-55
-29
-23
-37
-14
10
-14
-24
-1
-7
-45
-53
-49
-57
-66
-41
-9
-19
-12
16
27
11
11
11
-7
-24
-28
-28
-41
-24
7
25
53
67
53
38
24
6
-30
-40
-25
-25
-24
-10
-7
-15
-5
19
12
-25
-30
-27
-44
-37
-16
-12
5
29
45
38
24
35
50
61
74
85
77
64
75
79
45
14
6
14
19
6
7
7
-13
-22
-32
-58
-93
-96
-78
-77
-82
-62
-44
-41
-34
-12
-12
-43
-41
-11
-26
-51
-26
5
4
13
63
73
45
56
76
38
-7
17
42
9
2
36
11
-33
-20
12
-5
-38
-18
2
-31
-50
-11
-3
-33
-30
-11
-37
-66
-37
-21
-39
-32
9
16
4
27
49
24
-9
1
1
-30
-27
14
20
7
32
56
12
-21
18
29
-11
-7
27
23
-3
0
25
-4
-40
-12
17
6
14
49
43
20
20
34
14
-7
10
27
22
24
31
17
5
1
-13
-19
5
29
21
15
30
29
21
44
68
52
43
53
60
33
13
39
31
1
-6
-16
-39
-54
-56
-61
-61
-44
-40
-58
-63
-41
-59
-97
-85
-53
-66
-71
-28
-21
-47
-30
21
15
-16
10
35
-3
-30
-3
4
-30
-18
25
12
-14
18
49
15
-5
22
27
-2
13
50
42
15
41
52
10
5
43
35
2
16
27
-11
-27
0
-2
-29
-20
16
-7
-35
16
55
30
21
58
33
-25
-10
41
27
-12
17
31
-10
-30
-17
-30
-62
-35
-14
-52
-76
-55
-42
-57
-48
-26
-40
-46
-20
-13
-41
-41
-10
-26
-58
-44
-23
-54
-54
-13
-10
-24
-2
33
23
13
44
59
32
20
49
55
38
59
76
50
34
68
72
30
