40
25
2
1
14
-6
-12
-10
-21
-22
-24
-10
-6
-4
4
10
5
-7
0
-2
-8
0
6
15
21
31
39
49
63
76
81
77
83
87
78
70
54
41
30
20
24
22
18
14
22
20
2
0
1
7
-3
-15
-14
-29
-40
-48
-53
-62
-63
-45
-40
-45
-40
-35
-32
-34
-40
-32
-23
-29
-44
-40
-53
-67
-58
-54
-41
-39
-38
-39
-43
-45
-60
-68
-66
-63
-58
-52
-51
-41
-21
-12
6
16
15
18
12
1
1
8
14
17
10
10
17
14
2
2
-5
-8
18
33
50
54
49
56
59
60
49
41
36
34
34
30
28
40
53
62
69
55
31
17
10
-5
-29
-39
-31
-29
-36
-26
-16
-15
5
19
19
29
43
34
41
40
29
22
20
16
2
10
24
20
22
18
7
2
2
5
13
16
8
-4
-26
-48
-64
-60
-38
-24
-8
2
2
9
1
-7
-12
-18
-4
9
4
3
7
5
7
8
1
2
7
8
20
20
16
7
-6
-12
-13
-25
-31
-26
-23
-18
-12
-11
-25
-37
-40
-38
-20
-2
6
18
22
19
17
12
-2
-13
-8
-12
-20
-27
-41
-35
-28
-26
-43
-50
-41
-40
-31
-24
-20
-17
-7
4
0
-1
11
20
27
32
28
13
9
19
25
15
2
-12
-16
-11
-12
3
23
31
34
40
29
16
14
7
-8
-15
-15
-8
5
20
26
17
10
5
-2
-3
-6
-13
-13
-24
-40
-41
-31
-18
0
9
8
17
15
0
-7
-5
2
3
9
4
-5
4
22
37
47
38
13
-2
-5
-4
4
0
-10
-6
-9
-20
-22
-18
-3
10
15
13
4
-2
3
13
13
8
6
10
3
11
21
33
41
44
44
24
12
20
21
20
35
39
32
24
27
39
61
87
105
99
66
31
9
4
8
-2
-9
-21
-37
-44
-45
-44
-38
-24
-33
-54
-70
-71
-60
-55
-47
-42
-50
-53
-33
-27
-25
-14
-23
-30
-34
-37
-36
-17
-22
-45
-50
-56
-64
-72
-59
-47
-47
-49
-52
-53
-42
-14
-4
6
-1
-23
-29
-13
10
25
40
35
16
-8
-35
-23
6
23
37
22
2
-5
-8
6
23
23
22
22
6
-11
0
23
48
59
69
68
78
106
118
116
96
53
13
-8
-2
24
55
84
92
74
35
-1
-7
39
86
81
31
-44
-96
-111
-69
11
60
56
1
-70
-108
-83
-28
43
89
69
18
-47
-85
-73
-22
35
62
32
-36
-89
-113
-99
-66
-51
-34
-24
-25
-26
-7
21
34
13
-34
-86
-102
-42
24
59
50
23
-7
-31
-10
24
73
126
122
67
6
-33
-22
63
133
142
110
53
6
-15
8
56
87
92
43
-22
-72
-105
-79
-21
24
69
73
33
-5
-65
-90
-49
11
47
32
-27
-92
-122
-140
-114
-36
10
27
4
-60
-130
-173
-167
-121
-49
-7
-30
-80
-135
-159
-107
-8
53
53
10
-70
-110
-113
-82
-9
65
114
109
45
-49
-65
4
100
168
153
61
-42
-92
-101
-74
-11
52
88
69
1
-30
-16
23
117
183
141
34
-60
-106
-69
24
105
131
119
79
52
45
70
105
97
48
-24
-86
-102
-39
33
76
105
76
-12
-76
-104
-108
-61
1
-1
-28
-69
-90
-43
31
124
188
196
162
116
104
97
102
102
87
29
-37
-83
-103
-45
50
102
98
23
-82
-140
-123
-60
-22
-81
-199
-268
-259
-173
-87
-58
-31
-34
-61
-57
-36
14
98
177
188
173
107
51
10
1
63
97
100
36
-44
-93
-147
-149
-65
81
236
261
167
-7
-189
-242
-192
-107
-14
66
65
-24
-154
-240
-242
-88
173
303
290
163
-50
-247
-277
-225
-200
-105
-28
-157
-332
-410
-373
-163
62
122
4
-124
-129
-84
21
139
236
308
242
52
-110
-188
-137
16
76
7
-162
-339
-457
-487
-483
-282
-85
-37
-6
14
66
132
211
174
209
368
387
336
367
412
381
384
350
257
440
1015
1247
657
-126
-644
-712
-560
-447
-288
-102
121
164
-415
-915
-765
-334
72
161
-318
-486
-81
255
570
650
1088
2060
2587
2433
1487
199
-395
-471
-506
-565
-848
-1195
-1372
-1723
-1731
-981
-18
778
799
79
-707
-1021
-498
245
499
165
-483
-738
-435
329
1073
794
-127
-502
86
1090
1605
1300
632
-68
-689
-999
-954
-265
544
477
-209
-1223
-1701
-886
297
1001
884
-244
-1165
-1041
-428
543
1304
1278
961
288
-485
-783
-699
-183
469
660
551
410
-11
-181
142
480
760
701
318
-175
-889
-1189
-985
-600
-224
-65
106
266
185
65
226
481
659
477
-1
-364
-465
-67
380
-4
-908
-1512
-1370
-794
-442
-672
-1290
-1530
-1656
-1824
-1869
-1659
-1278
-887
301
1078
1099
2381
4501
5658
4645
1826
-411
-739
-189
362
190
-790
-1425
-1902
-2068
-1595
-1132
130
1573
1879
1400
270
-130
897
2061
2525
1761
240
-846
-1555
-1475
-428
168
-63
-920
-2081
-2802
-3138
-3007
-2577
-2173
-1217
-316
82
460
904
1350
1585
713
-1874
-4025
-3010
4084
13452
13093
4186
-2573
-4802
-2015
3157
4789
4018
2724
-981
-5221
-7771
-6496
-217
6093
7570
1258
-8431
-10602
-5109
2831
8286
6056
358
-3303
-4226
-1934
486
1623
3184
3162
1015
-1622
-4047
-4116
-1483
1497
3571
2373
-1474
-4565
-4884
-1840
397
686
821
-400
-1581
-1812
-2323
-1393
1520
2335
861
-2111
-7216
-10181
-7565
5082
21223
22081
10243
-1730
-9456
-6365
2040
5559
7254
5446
-2067
-9087
-14444
-13430
-3350
7532
12698
5018
-10098
-15547
-10165
2220
13940
13483
6361
-595
-4976
-3432
-1261
553
3881
4072
1572
-2924
-8934
-10188
-5816
409
5686
5080
43
-3972
-3960
-92
2082
2720
4280
4117
3061
1242
-1864
-2281
-313
-50
-1247
-4369
-9535
-11919
-10174
2018
23371
28741
14728
1013
-7588
-5955
3863
7690
8037
6734
-1883
-11469
-17715
-17682
-7326
5441
12512
5887
-11207
-17491
-10450
2815
17456
18409
8931
1449
-4231
-4899
-2232
-843
1291
1561
-1690
-6803
-12320
-13136
-6401
4348
10096
5948
-1875
-7407
-7072
-240
4707
5833
7182
5008
358
-3312
-5729
-3158
1436
1622
-3068
-10993
-16631
-11586
8017
27809
27480
13173
-191
-7497
-3985
3953
7443
10093
9504
359
-11282
-18568
-16227
-3483
10221
13914
2324
-13017
-15658
-7259
6000
16235
14758
7746
1409
-3318
-4054
-2771
-310
3052
2539
-1840
-5952
-9470
-9734
-5374
-1108
720
261
-2355
-4712
-4048
-1892
-27
3267
5574
5456
3991
656
-2020
-3490
-4882
-5711
-4754
-138
3999
4853
5295
2834
-812
684
3142
3629
5682
6687
4362
582
-3947
-6593
-4584
89
2385
102
-4045
-8021
-8562
-3658
2127
5787
6076
3491
1385
85
99
2354
3989
4569
3776
-309
-3897
-5171
-4908
-2417
-878
-1176
-2518
-4707
-4284
-1931
-452
1743
3166
2032
2141
2014
1006
2103
1833
190
-1654
-5593
-8561
-9287
-8012
-2187
9574
22038
22293
10099
-1286
-6903
-5765
1451
6255
6833
5035
-2869
-12309
-16555
-13060
-1393
9761
12280
3279
-11574
-15972
-7536
4552
14312
14102
6152
-1075
-6022
-5834
-1870
1841
5817
6176
838
-5800
-10241
-9624
-3097
3893
5353
952
-4784
-7921
-6884
-1539
3168
4989
5885
3341
-319
-1617
-1346
1471
3997
2349
-2725
-8568
-12824
-12236
-5443
9863
28791
30024
11572
-5176
-12608
-8498
5047
12438
10759
5473
-5298
-15358
-17581
-12386
130
12403
14769
3090
-16220
-23004
-12751
3831
18697
18555
4921
-5995
-10363
-7357
838
6325
8289
6240
-625
-8452
-13425
-11993
-3521
5505
7637
1321
-8001
-12954
-10459
-1100
7145
9274
9106
5055
-611
-2121
-1633
1641
5971
4562
-1435
-8502
-15385
-16787
-9922
662
17085
32090
24616
3304
-8796
-10406
-1953
11795
15450
9939
1647
-10206
-18386
-17789
-9054
4973
13895
11621
-3177
-20532
-20054
-4995
11518
22253
15949
817
-8233
-10481
-4466
3058
4781
4833
2514
-3847
-10251
-12928
-9153
-553
6414
6721
-1324
-9758
-10652
-5133
4759
9966
7955
6253
2866
-672
-407
-494
759
3186
-132
-6887
-13444
-17685
-12836
-1604
14355
30914
26602
5913
-5443
-7853
-2050
10669
13186
8928
3850
-8348
-17284
-17757
-12732
826
11140
10032
-1023
-17539
-19245
-5463
8718
20099
17137
2841
-4629
-6713
-4177
2330
4345
4145
2448
-3002
-7920
-10748
-8978
-1227
5621
6414
149
-7851
-9558
-5312
2631
8124
7294
5941
3705
168
-1209
-1758
-719
1792
479
-5015
-11275
-16013
-13428
-3911
7887
24116
30111
14199
-631
-5669
-6200
3908
12076
9868
6615
-2966
-15675
-19301
-16748
-6179
6974
9961
3657
-11124
-20411
-10969
3293
15810
20770
10304
-403
-4525
-5354
-232
4014
3983
3257
-364
-5758
-9238
-9671
-5151
1563
4519
1515
-4546
-7640
-5936
-81
6412
7824
6686
5294
2062
229
-243
-1202
-774
-1356
-5453
-10842
-14395
-12721
-5544
7032
24733
29617
13302
-807
-5066
-4416
5507
12458
9853
6828
-2601
-16009
-20459
-17356
-6776
6454
9885
1323
-14830
-22056
-10722
5202
17822
21385
10583
-435
-3746
-3619
141
3813
4419
2769
-1494
-6752
-10830
-10743
-5870
-286
2490
-103
-5061
-6326
-4262
1117
7534
8590
7887
7137
3355
1192
-218
-2344
-1526
-2139
-6485
-10522
-12758
-10875
-3314
12557
28910
25005
6925
-3586
-6367
-989
10163
12309
9232
5072
-6625
-16582
-17939
-12611
-1002
8841
8391
-4409
-19004
-18005
-4922
9802
20839
17156
4874
-1731
-3223
-910
2501
3938
4064
1032
-3289
-7597
-12168
-10959
-5736
-2482
-341
-1749
-4718
-3917
-954
3975
7984
8096
7626
5826
3082
1751
-1155
-3581
-3993
-6639
-9724
-10044
-9431
-4669
12067
26535
19777
4542
-4831
-8271
-314
10993
11318
7973
2650
-8501
-16179
-16872
-10499
984
8250
6420
-7365
-21885
-18052
-4212
9455
19803
14854
2843
-2569
-3449
407
5546
6896
6153
1828
-4841
-9586
-12214
-9874
-3685
-725
-1519
-3616
-4733
-2655
1752
6226
8206
8511
7812
5144
3095
1959
-31
-1828
-4798
-9581
-12751
-11620
-7683
236
17219
27898
17752
3248
-4497
-6581
1784
11629
11923
7717
-304
-11219
-17852
-17018
-7696
3981
9957
6132
-9807
-21507
-15043
-1393
12644
20106
12884
2190
-3545
-4365
-179
4276
6633
6273
1466
-4952
-10945
-14533
-10640
-3567
63
192
-2744
-4741
-2681
1923
6020
7016
7468
7916
5575
2756
-5
-3038
-3768
-4732
-8483
-10574
-9383
-5513
9867
27012
21840
6223
-1703
-5964
-1268
8572
9469
8052
3871
-6994
-14354
-17531
-13115
-466
7514
8882
-894
-17082
-16623
-5510
4634
15514
14251
4194
-1089
-4125
-3028
1393
3750
5552
4559
-1078
-6998
-11941
-12478
-6720
-924
1148
-758
-3577
-3781
-895
3735
6063
6275
7103
6615
4274
1774
-1086
-3685
-5175
-6731
-9330
-9574
-7291
3231
23460
26549
9392
-1901
-6536
-3776
8272
11200
8214
6172
-4296
-13193
-16330
-16100
-4627
6524
8389
2161
-14652
-19966
-7372
3971
14767
16203
4633
-1904
-3940
-4435
-218
2113
3504
5203
1715
-4059
-9431
-12167
-7758
-1195
1982
1508
-1801
-3316
-844
3132
5155
4851
5498
5930
4400
1970
-835
-2540
-3602
-5304
-8504
-9337
-7000
789
21899
31171
12053
-3960
-8555
-8610
5090
13438
8509
7576
-6
-12218
-16157
-17567
-8344
7702
13376
8768
-10256
-24907
-14056
1564
15301
21744
8170
-4222
-6589
-7642
-3157
1394
2463
4997
3214
-2696
-8720
-13526
-9034
134
3929
3575
-966
-5037
-2333
3309
6615
5974
4613
4937
4179
2021
-940
-3902
-4876
-4565
-6981
-9479
-8978
-2292
19664
32582
15576
-2367
-10127
-12313
2162
12438
7817
8349
2732
-9291
-12510
-15778
-10760
5026
12489
10695
-5446
-23074
-16865
-3168
10957
21760
11364
-1659
-4667
-7472
-4717
631
1264
3244
3561
-1001
-7063
-12762
-10797
-2691
2722
4613
1013
-4034
-2832
1775
5519
6766
5685
4725
3983
2037
-890
-2793
-4524
-5510
-6663
-8938
-9038
-5151
13996
32510
20617
792
-7375
-12540
-2293
11369
8454
7967
4811
-7504
-11487
-13807
-11518
2581
10507
10766
-911
-19903
-17680
-5607
5619
17747
11320
-1078
-2857
-5149
-4585
-623
-567
1955
3768
536
-4399
-11332
-11385
-3586
1260
3504
1563
-3936
-3344
1612
4833
5712
5102
4649
4369
3776
1149
-1995
-3801
-4148
-5408
-8076
-9052
-6164
13501
32615
19985
-175
-7340
-12214
-2504
11156
7335
6061
4501
-6307
-10055
-11852
-9501
4280
12412
11815
-978
-20246
-18210
-5860
5623
17120
9745
-3640
-5196
-5406
-3391
1007
975
2173
3952
2491
-2444
-9721
-9626
-2740
1964
4317
1290
-4806
-4620
-233
3759
6044
5405
3828
2738
1692
291
-625
-1851
-4332
-7086
-8459
-9735
-2063
22401
31197
11127
-5184
-13450
-15269
993
10831
7383
7699
71
-10133
-12129
-12381
-3049
10987
16783
12113
-8544
-22312
-14485
-4346
10404
17697
3707
-6253
-7080
-6839
-1460
1970
2417
3311
1754
151
-4675
-9774
-5657
-845
1165
3303
-1327
-5929
-1943
2430
4372
5678
4949
3340
2715
1287
-229
-400
-1099
-2405
-6034
-9138
-8992
4363
28352
28652
5808
-8440
-16239
-13598
4085
9391
6831
6361
-4178
-11449
-12675
-12431
1026
14211
17579
11201
-11704
-21234
-9999
-844
13193
16695
-221
-9260
-9148
-7719
-775
2456
2183
2488
138
-1905
-6193
-9423
-3733
1776
3050
2930
-3127
-6750
-1060
3950
5384
6315
4298
918
-33
-175
-644
-968
-1876
-3172
-5630
-8635
3537
26127
27565
11050
-2717
-14381
-13614
717
6195
7468
6880
-4653
-11124
-11766
-12193
-1079
12456
17517
11996
-6613
-16000
-9247
-405
12264
14544
736
-8822
-11195
-8573
-1411
1178
1431
1145
-1536
-2499
-5576
-9031
-4668
322
1476
1832
-2602
-6618
-1439
5476
6615
5881
4217
1293
1034
1367
-368
-1581
-2950
-5074
-5600
-8204
-4180
18751
32058
18744
3258
-9197
-16800
-4490
7159
7330
9218
244
-11945
-13012
-14589
-8876
6018
13682
14287
2012
-14286
-12671
-4702
6162
17102
10698
-2333
-8979
-10947
-5610
593
2017
2146
-340
-2697
-4594
-8565
-7892
-3408
-707
893
-1224
-4825
-3081
2687
6823
7577
6207
3342
692
1021
1765
-118
-2354
-6289
-10002
-12224
-5744
18604
32605
18787
3166
-8628
-16421
-3943
7934
7743
10808
3534
-11664
-15642
-15023
-7979
6346
14374
13255
-777
-14161
-10671
-3320
7653
17124
10363
50
-5646
-9510
-6294
-214
3115
3922
587
-2701
-6207
-10089
-7398
-2871
-1619
-125
-3389
-8279
-4539
2593
6668
9177
8644
5120
1927
688
282
819
-1
-3307
-7300
-12313
-563
23108
24116
10272
1788
-9372
-9921
2357
4884
7498
9686
-1065
-9639
-13527
-13231
-2465
6384
10658
5275
-11616
-12392
-3740
1138
13115
13139
1639
-1126
-4128
-5349
-565
-467
1358
2197
-2713
-4603
-8926
-11677
-4161
-1402
-3469
-3391
-9095
-10243
-1361
5086
8950
10292
6047
2997
2126
106
1063
1080
-2576
-5557
-9772
1560
23637
20920
5745
-1130
-10111
-6775
5572
5788
9429
9622
-2783
-8503
-13162
-13246
1241
9656
10518
1452
-19759
-19410
-4659
4551
18149
16256
-454
-4281
-3638
-2432
3641
4627
4680
3323
-3423
-7555
-12455
-14685
-5136
1083
-2002
-5591
-12223
-15407
-5693
4989
9006
11944
10114
4842
4034
1057
-2966
-1226
-306
-3599
-3025
11438
21683
9328
-2222
-4393
-8491
733
11449
7784
9418
6684
-5457
-8787
-9715
-6085
5594
11331
8990
-7947
-26093
-18117
-3876
8234
20895
11253
-5230
-6341
-4089
941
8285
9080
7369
3816
-2039
-8658
-14412
-11277
-3140
-921
-2972
-8132
-15242
-13661
-3765
3305
6769
9702
8955
7366
6721
2816
-1551
-2842
-3471
-3789
7326
23016
17106
-853
-8775
-14284
-10357
4757
8992
10439
11536
723
-7788
-10605
-8832
2920
12280
14520
4822
-19082
-26302
-14843
-2343
15973
19580
1730
-9755
-10115
-5067
5153
11861
11580
7871
3435
-1470
-9188
-13983
-10110
-3254
208
-1992
-9624
-16195
-12579
-1968
4807
7716
8609
6715
6203
5368
125
-3436
-3139
-3288
6746
24656
21384
302
-10204
-13655
-10391
3658
7797
5926
7049
403
-5445
-7042
-7443
2331
11972
14172
8880
-12077
-24471
-15675
-4800
10507
18950
5706
-7251
-8929
-7010
-836
5682
8408
8054
5200
1764
-5166
-12824
-10995
-5129
-2919
-1929
-6112
-12752
-10787
-3649
922
4270
6190
6769
6682
4755
140
-3981
-6971
-2062
18086
29108
14485
-3823
-13539
-16133
-3444
8599
8322
9156
4772
-4815
-7728
-9439
-4882
9080
17105
14572
-682
-17925
-17928
-9668
2325
14136
10726
1557
-3215
-6095
-2434
3230
5590
7819
6220
1925
-2726
-8783
-9147
-4881
-3849
-3515
-6583
-13217
-12195
-5371
-483
4237
6128
3631
2984
4065
1793
-886
-3953
-6397
7498
24335
17187
460
-9761
-16253
-7956
6501
8360
9136
7320
-2570
-6814
-7619
-5697
5078
13060
12991
1881
-16358
-18168
-8069
1287
12227
10051
-2094
-5093
-3000
919
6688
7515
6101
5184
3122
-634
-7383
-10809
-7062
-4461
-4795
-6470
-12531
-14364
-6698
745
4610
7533
6859
3755
3969
3644
1228
435
-4112
-494
16948
18292
1854
-8518
-15928
-14873
368
7220
7884
10390
4257
-1700
-3394
-5115
2186
12215
15542
9232
-11226
-24529
-17917
-6786
6214
13273
4823
-4907
-5926
-914
5749
9894
11233
8860
5216
2878
-3883
-11508
-10674
-7134
-6464
-7156
-12440
-17849
-13340
-3439
3673
7864
9985
9205
7965
7350
4704
1074
-3082
1732
18422
20450
1952
-12603
-20539
-19084
-2829
5846
5492
8515
3804
-2292
-921
-1667
4019
16419
19651
12288
-5798
-21561
-19660
-9026
3262
7942
-1427
-9444
-8323
-1691
7137
11215
10936
9519
7891
7933
3950
-4448
-6547
-5355
-7328
-9141
-13450
-18961
-16215
-8215
-1878
3251
5731
5663
6339
8401
8880
7490
3067
468
11775
21783
9669
-8438
-18081
-22260
-12710
96
1246
3626
4343
-2555
-3974
-3175
281
13163
21034
18286
5492
-13730
-18334
-9203
797
8687
3583
-9375
-12477
-7013
434
7007
10506
11355
9467
7590
4312
-3210
-5324
-1313
-1300
-3634
-8973
-17855
-18871
-11597
-4053
1386
3062
3064
2749
2745
4123
5254
4350
6084
18046
26578
14346
-5748
-17994
-22217
-12422
331
411
24
-407
-6323
-6596
-4152
-477
10453
17927
16933
6672
-10271
-15621
-8324
2688
11292
5047
-8424
-13003
-9303
-370
7724
9349
7786
5542
5639
6104
244
-4005
-1355
-189
-1215
-4792
-12983
-15595
-9101
-2515
2380
5093
3826
2024
1574
823
414
662
-483
5215
20749
23678
5664
-10297
-16767
-15788
-3577
3271
1076
2869
-138
-6760
-6569
-5355
1353
12627
16004
11576
-3457
-18358
-14052
-1322
8556
11721
1151
-9676
-8657
-2262
4810
9027
8517
5754
3423
3169
-299
-6038
-5398
-2940
-2687
-3069
-8407
-13207
-9434
-2124
4282
7303
5948
3727
1711
1657
1489
-1046
-3578
-163
15815
25035
8726
-10589
-18197
-18470
-4823
6751
4621
4797
2457
-4951
-6426
-6194
-651
10874
16761
15232
-267
-19636
-19948
-8987
4802
14016
5594
-6829
-9895
-5751
3437
9166
9512
8342
5560
4452
-64
-10349
-11485
-5212
-3312
-2751
-7056
-14775
-11872
-1813
5213
9922
10620
7624
4847
3170
886
-1846
-5000
-4204
11538
25127
12792
-8397
-19050
-21402
-9353
5910
7337
6984
4923
-3330
-6682
-7264
-3005
9517
16540
15769
3573
-17587
-21208
-9552
2795
13365
8554
-4917
-9079
-6672
588
8593
10158
9284
7075
4043
93
-8756
-12694
-6539
-3157
-3948
-6856
-13192
-13263
-4572
3961
9893
12494
11537
8130
4293
1813
-276
-3138
-2847
11562
25370
13905
-9077
-22088
-24805
-11550
6037
8483
7643
5254
-3598
-6199
-5147
-2082
8950
16887
16656
4146
-17898
-23819
-13288
1477
15037
10688
-4304
-10376
-7849
1377
9801
10929
10235
7412
4302
1442
-7972
-13921
-8550
-3687
-2498
-6608
-16487
-18016
-8291
2987
12162
15193
12676
9302
5572
2272
915
-1846
-2461
13222
26945
12933
-10513
-24176
-28733
-14981
4167
7217
6445
4425
-3850
-6621
-5232
-1259
9792
18729
19482
5522
-17980
-25362
-16259
-499
15294
11853
-3874
-11142
-9845
-889
9899
13965
13703
10024
6014
1583
-9411
-15819
-10014
-4238
-1912
-6086
-17317
-20217
-11346
-217
10148
14936
12671
9443
6713
3750
1484
-1657
-2922
11755
29639
20854
-4416
-21788
-28285
-17356
2494
8200
6834
5057
-2819
-7451
-6698
-3010
7431
17444
21182
10228
-14763
-25787
-18164
-3578
13562
13293
-2445
-11399
-11292
-2401
9321
13487
13063
9489
6438
4805
-4704
-13291
-9973
-5532
-3064
-4971
-15689
-20450
-13000
-2690
8363
15046
12559
8062
5374
3231
2397
316
-2077
11268
30060
22661
-1872
-19822
-28437
-18896
1940
8876
7007
4288
-4454
-9126
-6645
-2531
6317
15680
19135
8999
-13465
-24228
-17904
-3765
13332
14321
-376
-10552
-12390
-4797
8263
14898
13993
8702
4668
2657
-5232
-11909
-8967
-5770
-3798
-4251
-13670
-19340
-12720
-3323
6667
14034
12489
8238
5528
2369
1016
-427
-3170
9406
29725
24744
448
-18617
-28102
-19698
870
9748
9568
6819
-3063
-9623
-8424
-4792
4687
15171
18834
9354
-12839
-25037
-19030
-4337
13258
15812
1329
-9980
-11883
-4597
7747
14767
14417
8890
4215
1792
-6242
-13437
-10227
-5449
-3372
-5041
-14615
-20163
-13048
-2110
8228
15431
13787
8382
5293
2348
73
-1443
-5158
4535
26523
25941
3124
-15545
-25741
-19771
127
9855
10743
9380
198
-6617
-6772
-5762
1942
12804
18306
11514
-10216
-25845
-22746
-8363
10815
16496
3835
-7876
-10398
-3446
8422
15050
14851
9852
5555
3833
-4139
-14273
-14363
-9122
-4597
-3903
-12543
-20290
-15887
-4821
6825
15375
15343
10184
6624
4187
1772
-1028
-5856
2002
23988
25979
3661
-16573
-27897
-22906
-1537
11420
12634
10436
1240
-6193
-5632
-3338
3826
14125
18861
11137
-10782
-26895
-23865
-9181
10180
16220
3087
-9171
-11988
-4945
9204
18130
18031
12140
5688
2859
-3376
-12057
-12027
-7052
-4210
-5170
-14050
-22068
-17440
-5194
7384
16191
16281
10905
6597
3559
1552
-80
-4187
3274
24640
26453
3734
-16977
-29207
-25473
-4451
9393
12041
10617
1436
-6254
-6239
-4015
3283
13189
18798
12444
-9741
-26756
-25448
-12760
7052
15333
4024
-7723
-11856
-6883
5794
14833
16487
12897
8371
5678
-2327
-12758
-14271
-10109
-5070
-3328
-11182
-19321
-16864
-7672
3206
12656
15494
12771
9360
6155
2708
-1785
-6196
3028
24182
26387
5526
-15129
-27561
-24722
-6689
6788
11974
12253
4264
-3716
-5414
-3417
4221
14686
20194
12322
-9033
-24208
-23325
-11366
6417
12694
2517
-7469
-9957
-4023
7829
16047
16891
12249
7470
4920
-1798
-10614
-12698
-9585
-6093
-6235
-13128
-19343
-16227
-6199
4942
13558
15764
12108
7873
5432
3196
-478
-4525
3236
22467
24608
4796
-15271
-27670
-24686
-6557
6272
10906
11612
3732
-4074
-4716
-2549
3838
13044
17956
10514
-9666
-24114
-22861
-11032
5843
11138
997
-8106
-10309
-4516
7475
15950
17227
12767
7389
3692
-3524
-11302
-12470
-9409
-5504
-6343
-14871
-20170
-15932
-6063
5749
13869
15031
11933
7731
5158
3612
50
-3399
5137
22935
23218
3339
-15858
-26813
-22659
-5254
6763
11228
11273
3746
-3257
-3883
-1059
5485
13373
17201
8982
-11294
-24624
-22694
-10308
7366
12304
1551
-8071
-10864
-5033
7463
16559
18145
13668
7608
2535
-5119
-12233
-12163
-7591
-3685
-5389
-13867
-19485
-15764
-5399
6586
14283
15188
11871
7658
4639
1976
-2085
-3106
9243
25128
19917
-1668
-20462
-29335
-21682
-4336
6708
11667
10250
1263
-4990
-4327
361
8309
16308
18144
5450
-15587
-25432
-21029
-6819
9108
9376
-1949
-9285
-9631
-2163
9279
17078
18047
13435
8638
3099
-6372
-12945
-12799
-9637
-6029
-8125
-16342
-19440
-13457
-2743
8264
14817
15135
12197
9447
7039
3745
-1227
-1469
12404
24833
15015
-5602
-21794
-27957
-17709
-2346
6058
11068
9368
1439
-2660
-1263
4103
11588
17277
15943
625
-18024
-23093
-17123
-3135
9496
5396
-5894
-11098
-8962
771
12065
18701
18605
13138
7958
1694
-7153
-11998
-12019
-10013
-7648
-10900
-18208
-19589
-13254
-2535
8884
15597
15644
11946
8261
5872
3878
-271
353
14408
23277
10464
-9294
-24065
-28135
-16413
-2594
4800
9797
7543
195
-2639
-139
6314
13408
17854
14261
-3384
-20556
-22785
-15715
-2217
7934
2376
-8007
-11459
-7326
2812
13477
19678
18275
12287
7966
1802
-6678
-10604
-11262
-10995
-10476
-14347
-20016
-19236
-11355
-390
10083
16555
16628
12774
9755
7970
5795
1847
2608
14710
21171
8050
-10455
-23456
-26076
-14291
-1647
4740
9211
6518
-230
-1417
1788
7912
14344
16951
11862
-4916
-20428
-21758
-14315
-1186
7531
828
-9532
-12196
-6702
4426
14674
19558
17180
11081
6732
1155
-5626
-9503
-11896
-11824
-11204
-15397
-19424
-18242
-11842
-1258
8734
14732
15298
12299
10364
8983
6908
2606
2111
13988
21035
8339
-9137
-22170
-25981
-14063
-1366
4430
9274
7162
941
-59
2112
7385
13498
16357
12495
-3914
-20158
-22130
-14866
-1063
8461
1807
-9138
-12292
-6373
5116
14825
19305
16566
10557
7480
2676
-4901
-9443
-11228
-10481
-10292
-15655
-20802
-19731
-12204
-249
10139
15249
14844
10971
9018
9085
7599
2422
368
11815
21274
10427
-8236
-22398
-27369
-16182
-2201
3872
8699
7668
1119
-562
1079
5446
12190
16158
13334
-2397
-20689
-24798
-18171
-3949
7757
2372
-8683
-12326
-7757
3657
14133
18580
16555
10916
7455
2933
-4820
-9714
-11186
-10101
-9016
-13954
-19641
-18989
-12316
-1119
9489
14820
15045
11935
9799
9459
7882
3248
-957
6229
18807
15129
-2833
-18636
-26235
-19712
-4887
3989
9142
10711
4943
1158
1387
3317
9739
15556
15223
4008
-15548
-25160
-20341
-8361
5108
5829
-4557
-10136
-8093
792
12298
17763
16667
12589
9185
6157
-1331
-10183
-13559
-11982
-9522
-11504
-17534
-19767
-14661
-4255
6823
13523
15466
13801
11132
10052
8228
2850
-3907
-873
14100
19098
4374
-13519
-25284
-24772
-9951
2610
8561
12599
8587
2698
1111
-25
4377
12484
16125
10895
-7341
-23885
-24654
-15328
49
8055
435
-7345
-8330
-2817
8106
14997
15691
13664
11093
9066
2146
-8854
-14465
-13300
-9739
-9181
-14087
-18311
-16270
-7149
4702
12048
14537
13913
11221
10544
9281
3755
-3817
-4599
9537
20625
9639
-9506
-23823
-27988
-14222
1717
8261
12836
10254
3036
1081
-797
1855
10347
15030
13436
-2190
-22612
-26622
-18389
-3400
8847
4279
-4986
-7920
-4602
5531
13743
15750
13903
9849
8158
3325
-8154
-14514
-13154
-9884
-8124
-12335
-18278
-17725
-9477
2715
11551
15428
16156
12653
9943
9080
4481
-1910
-6037
858
17396
17690
-1318
-17677
-25857
-19143
-885
8555
12027
12911
6312
2500
768
-718
5654
11546
13073
6320
-13850
-26064
-21955
-11706
2965
7605
-1197
-6837
-5622
1812
11217
14894
13764
10084
7390
4703
-5217
-14738
-15148
-12225
-9682
-10671
-15719
-17195
-11359
-664
8516
13329
15812
14178
11075
10389
6390
-284
-6012
-7699
5268
19453
10402
-8740
-20474
-22867
-9203
6421
11112
13986
12289
6490
3282
-1647
-1050
6547
11527
13191
912
-19704
-24916
-18768
-6285
8165
7735
-359
-3349
-1993
4645
10925
12215
11280
9690
8681
1856
-10971
-16801
-14629
-10295
-6850
-9366
-14864
-15582
-8512
2495
10359
14924
15978
13251
11320
8431
2026
-3249
-9131
-11925
3167
18781
9014
-8762
-18368
-20226
-6339
7861
9600
13149
14214
7791
1808
-5831
-6950
1664
9396
13667
1478
-20676
-25912
-20370
-7148
10316
9649
778
-909
-521
4512
8979
7681
8186
9021
6278
-1445
-13081
-18250
-14488
-8917
-5090
-6806
-12070
-12196
-4730
5170
12206
15499
15222
12846
9839
4853
-480
-4372
-9830
-12607
-265
15622
11548
-3086
-11491
-14225
-5235
6667
9067
13696
16509
8773
-435
-8945
-10205
-1093
8063
13509
3987
-16843
-23953
-19801
-7629
10594
13126
6402
4096
1323
2258
4528
4831
8305
8454
4387
-1740
-12696
-18240
-14789
-9652
-4105
-4096
-9559
-9808
-3953
3845
11073
15166
15322
12234
7752
3215
-834
-4913
-9455
-14407
-9675
10136
19459
7867
-3350
-11008
-11220
2291
10577
13416
16481
8449
-2589
-9798
-13572
-6167
4352
12543
12753
-6115
-21767
-21227
-13204
6400
19445
14240
7481
145
-4139
-668
1667
4369
5858
2783
-351
-7752
-16462
-16763
-11498
-4037
-92
-3921
-7431
-5833
1013
9613
12827
11764
9308
5723
3306
501
-5818
-11861
-16552
-14479
6098
24416
16807
1703
-9590
-14992
-2618
9457
11132
13906
8616
-2336
-9318
-15432
-10576
2004
10973
15673
2446
-17863
-21729
-15760
1574
20006
18665
9003
-1100
-7532
-3787
-479
1915
5587
3559
1101
-3076
-12231
-14639
-9200
-2326
2422
-52
-5430
-6220
-636
7730
10176
8033
6867
5719
5412
3513
-3033
-10450
-14407
-16075
-7062
16920
28102
14881
-36
-9985
-10541
1958
8322
8556
10243
4516
-4885
-12478
-15494
-6907
4102
13215
15786
-1917
-19572
-19713
-10743
9460
23384
14976
2408
-6181
-9974
-6224
-2250
894
3392
2778
1546
-4036
-12297
-12476
-5430
1861
4939
1037
-4343
-4606
128
4071
4127
5397
8550
9881
7056
-1357
-10576
-14509
-13193
-9235
4093
24128
26452
10884
-2028
-10905
-10066
1458
6537
8016
8824
817
-8263
-13076
-11999
-1911
8310
16214
13714
-6836
-20304
-17086
-6454
12707
21650
10960
-1621
-10275
-12912
-7874
-1989
3315
6063
4676
1845
-5316
-12979
-10590
-2142
4199
6275
1480
-7210
-9723
-4868
-309
4963
11520
12193
8091
588
-8871
-12141
-8773
-5536
-3383
7987
23066
20486
5365
-6064
-13073
-7905
3994
6377
6543
5595
-1709
-7385
-9410
-6534
1359
9470
17064
9729
-11369
-19529
-15920
-3637
16102
17825
3861
-6587
-13112
-11461
-3029
2597
6356
7403
5288
1785
-5729
-10524
-6492
781
6077
3364
-7116
-14407
-12374
-3813
5015
10543
12139
9046
3228
-2717
-6346
-6531
-4690
-4383
-1868
11090
20867
13324
749
-8510
-11635
-3309
4160
5123
6716
4810
-862
-5221
-7622
-3811
3893
12143
16039
2617
-15429
-19504
-14138
1491
15929
11655
-380
-9018
-11756
-5786
1328
5707
8547
7451
5585
2633
-4136
-7343
-3440
1135
1540
-4341
-12886
-15364
-8006
2149
7552
9612
8768
5254
2989
960
-2145
-3921
-4230
-5998
-3310
9579
18179
12347
1988
-7496
-10838
-3925
2088
5002
8674
7684
2324
-3910
-8604
-6043
1720
10772
13409
-100
-16357
-21352
-16136
552
13934
9816
-431
-7877
-9718
-3686
2500
5450
7308
7880
8008
4304
-4219
-9775
-8383
-3847
-1467
-4789
-10775
-12019
-5685
2348
6835
8689
8405
7622
6821
2890
-1967
-4851
-6706
-8625
-4764
8833
17576
11591
1685
-7355
-10784
-3628
2614
6213
11141
10116
2982
-5320
-10719
-7673
929
10660
12328
-1877
-17001
-21152
-15121
2001
14551
10835
2220
-4395
-6247
-2358
2058
6400
10366
11794
10550
2627
-8869
-13538
-10542
-3896
932
-2512
-9658
-10961
-5630
1345
6182
8566
9809
9956
7857
2070
-4689
-8114
-8802
-9882
-7008
5242
16347
14058
3474
-6739
-11160
-5608
2807
8716
12852
11491
3524
-5897
-11868
-9975
-1508
8309
11659
750
-14936
-21323
-16167
-21
14630
14542
6206
-2603
-6753
-3186
2530
7655
11332
10442
6755
-492
-10606
-14690
-10719
-3194
1765
-1366
-8085
-10426
-6321
1296
7127
10074
11559
10294
6371
-80
-6746
-9760
-9321
-8884
-7678
2026
15317
16811
7409
-2266
-7926
-4033
4490
8987
12251
11827
4603
-3793
-11601
-13474
-5300
4933
10533
4011
-12010
-20309
-16227
-2251
13820
15821
6425
-1850
-5678
-2552
3647
5956
6309
6604
4671
32
-7465
-13307
-11087
-3845
918
-636
-6527
-9806
-5718
1903
7810
10468
10019
8223
5363
-733
-6656
-8993
-9350
-8607
-10193
-7203
7507
17663
13709
5916
-3064
-6982
-354
5181
9107
12581
7128
-2917
-12124
-17047
-10769
-244
8647
10408
-3540
-16638
-15947
-7523
8471
18208
11743
4404
259
-1976
646
1775
1932
5215
6243
3113
-4199
-12314
-12401
-6345
-693
1280
-1814
-5374
-4032
752
5211
7733
8397
8101
6388
1592
-5041
-8593
-8464
-7593
-8359
-9412
-736
14757
19934
13485
3644
-5323
-4984
1825
6502
9452
7151
-1130
-9223
-15713
-15506
-6077
4939
11344
5504
-9257
-15833
-10748
1554
14567
15740
8041
1030
-2965
-2166
142
2107
5434
6283
3302
-2138
-9860
-13124
-8475
-2048
2000
1857
-2678
-5823
-4008
48
3841
6799
8023
6811
2625
-3604
-7936
-7599
-5369
-4732
-7414
-9396
568
17513
23385
16498
4521
-5762
-5053
1940
6317
8446
4718
-3119
-9112
-14343
-12649
-3524
4180
8492
3897
-7198
-10367
-6754
745
10650
12234
7298
2217
-2218
-3226
-1768
842
3659
3856
1305
-4176
-9705
-10322
-7166
-1880
2762
2005
-1917
-4979
-5189
-1592
3409
7610
8553
5085
-154
-4910
-6910
-4828
-3043
-4758
-8634
-10341
-730
16805
24215
17086
5496
-4791
-6194
-313
2896
4810
5132
44
-6561
-12732
-13988
-6971
1563
8514
8015
-1800
-8706
-9099
-2859
8770
13568
10032
4314
-1575
-3147
-1895
-429
1820
1464
-144
-2221
-6811
-9060
-6867
-2930
2211
3568
-950
-5335
-5325
-1255
3969
7198
6611
2606
-1633
-3482
-3658
-3351
-3097
-4444
-7031
-8643
-4473
9182
21696
21526
12490
638
-6808
-4830
-531
3914
7207
3105
-3792
-9553
-13169
-9386
-2886
3921
9752
4975
-3377
-6464
-6019
2243
11279
11874
8296
2074
-3025
-2963
-1350
684
2043
1111
-144
-2441
-5224
-5840
-4681
-1558
1304
-52
-3236
-4321
-2226
1203
2683
2891
1826
-343
-1297
-1721
-2615
-2249
-2250
-5082
-8237
-10328
-3919
13533
24648
21473
9780
-6088
-12073
-6105
-174
5587
7061
2081
-2849
-9923
-14657
-10905
-3934
7115
13734
5472
-5089
-11219
-9894
2937
12257
11558
6782
-341
-3800
-2964
-2475
-1893
-1220
685
2662
312
-4585
-8209
-7992
-3535
461
711
-1783
-3542
-1891
398
1925
3299
2868
2419
2393
1347
250
-1561
-3242
-5042
-7643
-8486
-3991
9552
23055
21995
10601
-1874
-9691
-6683
142
4632
8287
6652
-391
-8529
-15439
-13762
-3406
8830
15950
9360
-4474
-12215
-10862
498
11931
12830
8681
2582
-2872
-4222
-5999
-6189
-2367
1427
4911
3673
-4109
-10145
-11511
-8041
-812
2312
806
-837
-2702
-2928
-904
1066
3513
5846
6333
4326
134
-3717
-4960
-4936
-5800
-7673
-8205
241
16111
22643
14727
2408
-7738
-8747
-1062
4268
6865
7983
2713
-5537
-12389
-14617
-7044
5278
14749
14763
1516
-11771
-13282
-5273
7943
15305
11106
3832
-2221
-5912
-5967
-4775
-1740
3279
6015
4088
-2925
-11165
-13007
-7287
-253
3347
2256
-1707
-4315
-3980
-2969
-1265
2697
6410
6894
3963
-997
-4841
-5190
-2777
-1274
-2445
-5225
-6546
1545
15467
19611
12926
3037
-5418
-5644
-1451
1301
5253
6240
2055
-3772
-10562
-11249
-3079
6624
13644
10561
-2145
-10443
-10704
-3769
6701
9696
6258
616
-5389
-6248
-5159
-3977
273
3026
3047
1304
-4833
-10135
-10092
-6307
-49
3537
1816
-1628
-4264
-3920
-1624
-56
2460
5025
5613
4992
2550
-970
-2077
-1065
-1139
-2780
-5587
-8586
-5560
6815
17815
17295
8578
-2155
-8584
-5692
1111
6086
9092
7894
1929
-5469
-9984
-8079
-827
7913
11104
3399
-7719
-13209
-11822
-2874
6817
8705
5579
901
-3231
-4071
-3400
-1434
2175
4355
4005
-212
-7034
-10651
-9550
-4452
2750
5704
2860
-1649
-4760
-4514
-419
5525
10006
10948
8396
3734
-645
-3071
-3575
-2696
-1611
-3046
-7572
-12351
-10915
2390
18259
21912
13817
1635
-6079
-3046
3660
8671
12130
9111
1386
-6120
-12925
-13401
-6707
1824
7442
2718
-8552
-15293
-14098
-2736
10036
12645
9042
2420
-3735
-4377
-3972
-3360
-1106
-477
-489
-2849
-8643
-11693
-10553
-5153
3276
6900
4570
763
-2108
-492
4337
7871
9154
7168
2666
-1217
-3599
-4718
-4413
-3613
-3845
-6155
-9404
-11544
-9765
2628
20830
27362
19344
6319
-4626
-4814
2968
7731
9300
6504
-1884
-9431
-14557
-15559
-9337
-267
6908
6133
-3407
-10442
-9789
-1952
9844
13912
9100
3071
-2474
-5587
-6546
-6975
-4382
-12
2811
2372
-2676
-8046
-8427
-3311
5296
10989
8997
2951
-2577
-4830
-2558
1100
3424
4810
4524
1249
-3103
-5210
-3681
-33
1990
288
-4930
-10345
-11512
-4383
11849
25189
23666
12411
-309
-8363
-6233
-25
4936
8267
4985
-3416
-11550
-16872
-14190
-5023
5131
11071
5380
-5903
-11840
-11167
-2102
8243
9907
7165
2740
-2345
-4030
-3820
-2035
1679
4645
5709
2744
-3043
-6354
-6027
-2810
1399
2496
151
-2673
-3522
-2428
-268
2459
4615
6122
6607
4723
1719
-1056
-2531
-2234
-2802
-4766
-7313
-9108
-8522
-4259
6688
17972
18539
11425
2064
-5389
-3787
1981
5831
7618
3704
-3889
-10698
-15108
-12380
-5717
478
4684
527
-7047
-9833
-8809
-761
10158
14106
12886
7769
1087
-2342
-3912
-2738
808
2484
2006
-2123
-8591
-11276
-9491
-4096
2551
4833
2413
-965
-2121
60
4215
8008
9283
7458
3961
-7
-2675
-2775
-1703
-1569
-3756
-7691
-11819
-13470
-11006
-3989
10008
23243
23115
12945
875
-6854
-3529
3915
7026
6619
781
-7958
-14405
-18070
-14918
-6718
1134
6813
3836
-4788
-8272
-5909
3050
14150
16972
13149
6413
-1220
-5180
-6616
-5736
-1256
2878
4036
-58
-7878
-11638
-9075
-2193
5672
8257
5209
968
-1378
-285
2992
6467
8776
8531
5716
1027
-3863
-6424
-5641
-2936
-1609
-3752
-8614
-12409
-11368
-6027
4656
18789
24362
18382
8189
-2121
-5187
-258
3810
5998
5122
-1485
-9392
-16023
-17950
-12014
-3048
5528
7619
-206
-7373
-8601
-3477
8393
16126
14860
9331
1027
-4863
-6181
-6313
-3644
202
1191
-1224
-7302
-12270
-10969
-4696
3373
8134
6792
3005
198
-102
2280
5239
6889
6592
4345
859
-3144
-6417
-7569
-6718
-5310
-4861
-6409
-9511
-10425
-7689
-2840
8304
22000
24649
17233
7129
-2693
-4412
174
2149
3326
2077
-4159
-10718
-16669
-17781
-10870
-1426
8055
10153
2189
-3064
-2578
3119
13868
17166
12224
5928
-2485
-7459
-8819
-10445
-7377
-2881
-1201
-491
-3863
-7181
-4545
26
5150
8703
6606
2848
1099
907
2100
2638
1926
677
-1809
-4472
-6049
-6355
-4789
-1902
-123
-814
-3780
-6994
-6497
-2612
2284
11317
20364
19295
10939
1980
-4178
-3107
893
1687
431
-3410
-8457
-11891
-13917
-10761
-2777
4646
10315
8604
173
-4299
-3696
2352
12043
14131
8989
1535
-6589
-9239
-7600
-4315
1122
3192
2235
529
-4302
-6488
-3233
824
5262
6272
1747
-2242
-3840
-3407
-1267
25
1222
2210
1181
-71
-814
-1121
288
1716
837
-1559
-5578
-9912
-9560
-5242
-596
7192
15824
16880
11602
5106
-778
-2133
2
822
1405
830
-3322
-9201
-13972
-13301
-6766
664
6762
6213
-1550
-6331
-6073
-1208
8442
13384
11110
5981
-1021
-4696
-4399
-3495
-540
1466
588
-660
-4198
-7473
-6439
-3728
265
4046
3249
390
-991
-1311
-327
1782
4022
5175
4629
3549
1960
-757
-2990
-4402
-5312
-5326
-6595
-9340
-9397
-6044
-2492
3395
13842
20728
18838
12443
3645
-3182
-2905
-595
439
1189
-1755
-8251
-13859
-15352
-11368
-4774
2948
7878
4782
591
-406
475
7164
13640
12653
8504
1906
-4531
-6445
-6539
-4592
-2023
-1902
-1690
-3214
-6833
-7511
-6133
-2582
3325
5743
4688
3373
1634
1555
2962
3678
4399
4335
3087
977
-3079
-6686
-7431
-6907
-5253
-4098
-5860
-7133
-5174
-1915
2062
9899
19547
22521
17543
8783
-1433
-6369
-4484
-2714
-1154
-732
-5404
-11082
-13879
-12388
-6422
1022
7846
8798
3500
311
113
3412
10683
12480
8149
2902
-3730
-7692
-8116
-8256
-6509
-5058
-4687
-3798
-4391
-4152
-1279
1665
5184
7225
5433
3747
2631
1187
1212
1526
1432
1491
253
-1949
-4163
-5924
-6013
-5353
-4642
-4030
-5353
-6352
-4277
-844
2331
6440
14117
20567
18297
10268
923
-6647
-6335
-2785
-1864
-980
-3143
-8120
-9950
-9225
-5610
319
6183
10600
8180
2532
152
-1165
2420
8484
7130
2607
-2924
-9393
-10469
-8545
-5734
-1897
-564
769
1214
-1791
-2595
-1570
184
4600
5785
3266
1409
-1166
-2032
-7
1303
2072
1869
-14
-2020
-4006
-4870
-4416
-3798
-2339
-2209
-4439
-5023
-3228
-599
2147
7173
15967
19925
15382
8058
-1329
-7490
-5287
-2453
-304
1765
-1998
-7090
-9434
-10074
-6025
54
6126
9518
4917
-115
-1658
-1660
4540
9884
7545
3401
-2682
-7946
-8172
-7130
-4107
-733
177
1484
30
-3713
-4381
-3075
988
6072
6622
4067
384
-2734
-2538
-814
924
1926
1034
-302
-2383
-4987
-5672
-5223
-3604
-1462
-2062
-3687
-2893
74
3627
5917
10053
16994
18515
14054
7683
-1512
-7075
-6175
-5194
-2800
-829
-4179
-7173
-7985
-7891
-4015
1327
6329
8255
4568
1381
-548
-1690
1976
4411
2450
56
-3790
-6576
-6225
-5406
-3342
-1249
48
1571
282
-2353
-2926
-2177
611
4016
4270
1996
-683
-2239
-2299
-1836
-741
312
589
446
-827
-2573
-3486
-3729
-2927
-2118
-2650
-2953
-1715
212
1283
1829
7174
15598
16741
10820
2857
-6294
-9356
-5420
-2396
408
1492
-2091
-4927
-6119
-6161
-2496
2458
7312
8141
2984
-138
-1476
-1586
4214
7159
3994
1183
-2564
-5564
-5291
-4306
-2117
729
2765
3428
563
-2837
-3698
-2581
1467
5244
4837
1845
-1402
-3123
-2575
-696
1189
1588
1228
685
-1286
-2750
-3246
-3686
-2323
-1241
-2108
-2529
-2508
-2040
-660
1356
7785
15906
15618
8685
1078
-6632
-8474
-4019
-959
1205
1189
-3006
-6158
-7445
-6795
-2799
1783
5999
6221
664
-2941
-4012
-2827
3633
6899
4078
967
-2939
-5175
-3512
-2035
-998
805
2027
2048
-52
-3033
-3984
-2135
1722
4409
2907
-978
-3358
-3098
-1025
1682
3013
2917
2576
1041
-874
-2018
-3247
-3088
-1665
-1620
-2407
-2813
-2618
-1374
4
1696
7948
16410
17958
12148
3815
-5116
-8567
-4888
-997
1714
1761
-2519
-6399
-8453
-8779
-5611
-801
4474
6063
1870
-1269
-2917
-2778
2729
6051
4364
2224
-1764
-4885
-4511
-3834
-2221
214
1615
1944
-345
-3555
-4700
-3367
877
4804
4527
1648
-1523
-3673
-3710
-2038
775
2929
2985
1400
-1378
-3374
-3320
-2065
54
1597
1132
-167
-1097
-1540
-985
599
5870
14832
17582
11009
2213
-6266
-10149
-6270
-1739
1205
3320
857
-3197
-6115
-8437
-5939
-138
4957
7198
2676
-3653
-6031
-5536
-161
5614
5224
2772
-240
-3686
-3889
-2976
-2024
981
3615
3841
1134
-4077
-7345
-5847
-1768
2147
2732
-701
-3998
-4604
-2979
460
3856
5518
5741
4235
1438
-976
-2578
-2720
-1141
177
-157
-1887
-3584
-3775
-2509
-456
3393
11305
17357
14018
6261
-593
-5470
-4107
997
3607
4085
1579
-3463
-7226
-9462
-8295
-3492
1519
5387
3807
-2116
-4276
-3430
319
7095
8665
5735
2893
-1367
-3993
-4028
-3916
-2046
-76
-191
-1311
-4433
-7092
-5335
-1694
1684
3838
2470
-581
-2281
-2562
-1230
1499
3805
4650
3663
773
-2378
-4445
-5181
-4034
-2117
-1104
-1260
-2677
-4110
-4069
-2601
573
7285
15127
15539
8321
798
-4967
-6347
-2122
1840
3626
3311
-1027
-6073
-8947
-9417
-5820
-71
4884
5800
765
-3467
-3755
-1944
3867
8448
7292
4584
544
-3198
-3462
-3119
-1858
973
2053
1305
-1521
-5352
-5647
-2642
1096
3938
3208
165
-1591
-1192
987
3632
5356
5556
3668
990
-1356
-3336
-3875
-2908
-1779
-1797
-3218
-4939
-5454
-4205
-1943
245
4331
11553
15632
12045
5248
-570
-3187
-1120
2086
2787
1159
-2533
-6758
-9473
-10293
-8452
-4107
1328
4629
2524
-1357
-2391
-1236
3066
8354
8486
4846
866
-2881
-4335
-3871
-3250
-1945
-544
-249
-1808
-4677
-5788
-3738
180
3828
4400
1733
-763
-857
832
2910
4310
4121
2504
580
-1598
-3578
-4217
-3751
-2410
-941
-1370
-3157
-4053
-3334
-1032
1456
3903
9147
14538
13451
7351
1523
-2295
-2188
737
2084
1493
-693
-4646
-7664
-8773
-8262
-5414
-1094
2883
3611
749
-1327
-1439
509
5198
7801
6069
2963
-1058
-3957
-3805
-3309
-2672
-1668
-1801
-2428
-3771
-5217
-4194
-1709
588
2238
1856
704
586
982
1598
2297
2641
2658
1907
316
-1588
-3179
-3699
-3172
-2496
-2399
-3233
-4146
-3584
-1831
-131
1676
6060
12730
15339
11511
5596
293
-2251
-915
692
552
-801
-3664
-6470
-8058
-8747
-7357
-3477
1830
5439
4260
1301
-168
253
3815
7186
6184
3093
-565
-4077
-5102
-4653
-4044
-2768
-1622
-1347
-2150
-3544
-3298
-1241
955
2742
3270
2538
1954
1806
1745
1781
1915
1702
579
-1039
-2555
-3307
-2815
-2269
-1990
-1608
-2416
-3619
-3064
-1712
-92
1667
3291
7894
13555
13387
8598
3348
-828
-1628
-366
-57
-694
-2337
-4194
-5387
-6774
-6868
-4643
-963
3685
5125
1982
-676
-1308
432
4445
5795
3326
13
-3174
-4323
-3641
-3822
-4044
-3392
-2709
-2024
-2069
-2393
-1214
818
2344
3061
2770
1819
1384
1490
1471
1789
2024
1268
-18
-1648
-3156
-3474
-3507
-3742
-3224
-2835
-2769
-2071
-1244
-71
1577
2630
4570
9606
14090
12595
6899
1559
-2275
-3264
-1600
-585
-1227
-2709
-5273
-7853
-8503
-7010
-3669
1446
5600
4911
1093
-1522
-1887
590
4300
4840
2043
-1574
-4609
-5472
-4626
-3901
-2783
-1188
-54
415
-268
-1114
-168
1713
3197
4174
3690
1870
520
-230
-687
-382
-11
-517
-1425
-2086
-2288
-1887
-1469
-1100
-362
31
-354
-649
-276
976
2811
4098
5613
8993
11308
8762
3750
51
-2264
-2670
-1222
-517
-724
-1291
-3422
-5884
-6442
-5251
-2477
1480
3912
2766
-116
-1848
-1788
22
2213
2117
81
-2096
-3541
-3583
-3233
-3049
-2080
-781
77
486
244
-53
622
1785
2643
2582
1117
-748
-1491
-1137
-438
166
292
-83
-658
-977
-809
-332
36
246
649
752
63
-539
-471
145
1238
2133
3285
6576
9241
6942
2099
-1578
-3485
-2993
-1056
-2
-199
-1413
-3677
-5279
-4973
-3130
-315
2614
4181
2923
-236
-2446
-2609
-1178
773
1292
-66
-1909
-2713
-2445
-2089
-1374
-164
679
1219
1534
816
-347
-405
158
186
-75
-669
-1511
-1403
-565
-340
-254
207
363
224
373
735
1070
1219
832
251
7
-345
-1046
-1533
-1233
-366
469
1541
4517
7850
7098
3495
788
-726
-634
747
1291
752
-527
-2709
-4390
-4598
-3349
-1085
944
2036
1126
-1866
-3801
-3514
-2168
228
1785
905
-487
-1319
-1762
-1468
-786
-66
639
1388
1841
1123
-471
-1207
-1043
-840
-317
-424
-1584
-1925
-1320
-817
-4
755
843
1069
1528
1646
1636
1242
241
-401
-255
-44
-368
-947
-1071
-758
-187
397
2012
5844
8438
7040
4192
1399
-850
-714
885
1608
1427
-34
-2657
-4377
-4497
-3572
-1645
619
1332
-390
-2794
-3939
-3416
-1019
2141
3637
2980
1129
-635
-966
-340
403
1209
1720
1633
693
-1265
-3359
-3945
-2963
-1723
-836
-858
-1607
-1954
-1735
-1002
298
1507
2271
2533
2177
1455
575
-545
-1496
-1661
-1336
-1475
-2298
-2703
-2308
-1476
-341
657
2802
6612
8259
6366
3583
771
-1177
-964
18
409
-113
-1952
-3863
-4683
-4621
-3555
-1817
-217
452
-478
-1604
-1183
317
2192
3591
3281
1650
259
-78
340
702
715
660
454
55
-691
-2047
-2953
-2485
-1326
-176
272
-588
-1432
-1323
-672
885
2723
3610
3846
3211
1777
827
173
-717
-1082
-1023
-1327
-2012
-2614
-2629
-1959
-761
373
1299
3567
6631
7086
5140
2951
552
-814
-367
20
-108
-484
-1862
-3567
-4537
-4703
-4030
-2671
-1065
-220
-476
-712
-668
-328
719
1608
1726
1414
1146
1261
1312
888
301
-265
-727
-912
-1253
-2119
-2582
-1995
-1140
-354
71
-314
-405
575
1898
3272
4191
3773
2538
1372
539
-179
-984
-1523
-1998
-2600
-2905
-3278
-3420
-2461
-1073
435
1782
2178
3126
5588
6928
5790
3450
564
-1493
-1759
-1236
-541
-760
-2372
-3788
-4571
-4855
-3923
-2153
66
1843
1497
-33
-1199
-1303
115
1907
2664
2057
713
30
227
307
321
149
-513
-782
-965
-1718
-2241
-2029
-1490
-739
-46
5
-68
656
1952
2991
3248
2352
1066
391
80
-215
-648
-1419
-2200
-2359
-2037
-1725
-1320
-482
687
1693
2007
1747
2091
4030
6106
6054
4100
1296
-1259
-1999
-1358
-724
-581
-1283
-2531
-3534
-4007
-4019
-3394
-1833
-150
240
-496
-1379
-1646
-581
1087
2135
2192
1542
1074
1027
725
-7
-804
-1230
-881
-300
-318
-807
-1147
-1035
-614
-83
371
763
1758
2959
3195
2477
1221
-19
-153
463
525
-189
-1335
-2394
-2682
-2144
-1490
-914
-303
271
431
167
143
1304
3804
5511
4728
2557
207
-1274
-1092
-98
669
644
-435
-1623
-2490
-3322
-3333
-2236
-697
394
64
-1139
-1900
-1536
98
1762
2262
1791
981
618
750
495
-28
-342
-599
-587
-651
-1383
-1988
-1887
-1390
-581
41
273
702
1397
2012
2007
1353
755
463
637
1080
770
-400
-1706
-2590
-2572
-1934
-1400
-981
-606
-395
-203
-116
123
1309
3250
4632
4367
2884
1166
-81
-350
1
316
192
-567
-1570
-2497
-3319
-3529
-2882
-1792
-912
-707
-753
-404
258
1210
2030
2052
1551
1108
1001
1099
859
157
-524
-990
-1229
-1325
-1556
-1644
-1337
-891
-365
67
147
327
953
1634
2036
1957
1499
1085
1119
1193
634
-367
-1512
-2273
-2228
-1834
-1623
-1454
-1087
-533
40
358
591
1304
2846
4416
4879
4203
2778
1348
564
189
-28
-448
-1233
-2006
-2763
-3606
-4065
-3860
-2867
-1262
13
655
832
722
905
1214
1200
1136
1111
1174
1301
876
-103
-944
-1338
-1098
-392
-13
-337
-904
-1104
-838
-352
111
450
815
1242
1332
954
522
210
294
742
820
79
-1161
-2112
-2380
-2130
-1654
-1171
-765
-431
-265
-331
-328
191
1661
3562
4470
3877
2261
520
-491
-730
-433
-14
-72
-644
-1552
-2677
-3445
-3371
-2339
-616
733
1111
750
-46
-514
-189
516
1157
1550
1665
1516
1104
419
-266
-517
-167
424
647
237
-598
-1265
-1332
-991
-489
114
697
1148
1200
901
451
50
153
567
688
302
-510
-1486
-2176
-2437
-2302
-1737
-1096
-651
-394
-191
132
739
2032
3508
4093
3776
2830
1630
759
273
113
110
-301
-1208
-2215
-3119
-3523
-3137
-2125
-1009
-387
-377
-623
-699
-259
530
1258
1745
1732
1472
1279
991
742
630
563
457
214
-231
-818
-1276
-1359
-1100
-716
-357
-18
352
713
993
1176
1296
1313
1293
1187
823
188
-651
-1448
-2030
-2373
-2422
-2221
-1923
-1553
-1143
-639
-10
803
1940
3081
3534
3238
2564
1782
1250
874
510
213
-283
-1123
-1951
-2608
-2906
-2613
-1926
-1161
-773
-821
-774
-446
136
901
1496
1797
1856
1758
1778
1707
1270
731
215
-236
-611
-1200
-1876
-2278
-2395
-2162
-1673
-1221
-672
86
840
1459
1847
1947
1887
1812
1701
1377
709
-208
-1195
-1935
-2337
-2602
-2603
-2325
-1865
-1229
-571
21
695
1672
2933
3940
4026
3286
2263
1406
852
420
-1
-491
-1169
-1990
-2648
-3009
-3068
-2687
-1948
-1175
-632
-284
47
573
1219
1774
2158
2290
2272
2254
2063
1456
581
-307
-978
-1317
-1548
-1830
-2070
-2124
-1948
-1594
-1010
-188
680
1484
2021
2093
1826
1452
1132
871
536
-29
-830
-1710
-2437
-2835
-2784
-2328
-1583
-727
-19
491
883
1281
1956
2870
3575
3701
3147
2120
1018
64
-587
-855
-1039
-1352
-1831
-2435
-2852
-2913
-2597
-1866
-1046
-371
132
438
681
985
1364
1736
1987
2057
1933
1564
982
234
-498
-936
-1069
-1055
-1007
-1033
-1124
-1047
-745
-259
421
1140
1705
2022
1954
1495
872
273
-171
-462
-774
-1246
-1866
-2461
-2790
-2676
-2140
-1313
-395
397
984
1343
1650
2108
2696
3128
3103
2564
1656
652
-257
-885
-1143
-1276
-1512
-1853
-2243
-2586
-2603
-2171
-1460
-679
-57
358
720
1007
1213
1442
1620
1778
1905
1762
1297
591
-215
-788
-1034
-1072
-1087
-1218
-1363
-1377
-1243
-916
-371
291
945
1416
1570
1370
952
490
131
-87
-312
-638
-1064
-1503
-1856
-1966
-1739
-1257
-591
181
862
1315
1611
1853
2152
2534
2780
2632
2068
1273
422
-358
-909
-1237
-1453
-1640
-1858
-2070
-2215
-2204
-1923
-1353
-667
-85
323
612
810
965
1195
1414
1519
1501
1296
954
494
4
-340
-581
-665
-658
-717
-725
-682
-591
-376
-87
245
611
856
879
735
425
67
-230
-470
-663
-905
-1191
-1418
-1498
-1436
-1200
-816
-320
268
825
1278
1619
1843
1998
2120
2149
2056
1777
1253
625
10
-575
-1010
-1270
-1457
-1537
-1540
-1506
-1392
-1209
-947
-571
-190
124
409
598
694
727
729
715
629
504
359
143
-145
-401
-589
-679
-643
-514
-346
-176
-11
141
280
393
485
537
472
305
66
-207
-440
-653
-876
-1061
-1193
-1232
-1151
-978
-705
-346
39
436
832
1163
1395
1535
1578
1506
1324
1053
756
420
77
-221
-526
-796
-994
-1117
-1164
-1156
-1008
-766
-524
-289
-47
208
491
760
929
989
941
810
659
495
291
75
-129
-303
-443
-568
-628
-621
-553
-381
-181
4
184
307
393
471
449
332
221
66
-126
-350
-583
-706
-742
-758
-721
-619
-421
-167
72
324
595
806
977
1104
1104
975
760
520
298
105
-99
-282
-473
-672
-818
-902
-944
-913
-775
-590
-395
-206
-38
139
308
490
681
804
820
761
634
467
310
174
58
-86
-238
-401
-584
-680
-655
-562
-410
-246
-86
62
172
259
334
391
412
376
270
106
-78
-225
-295
-326
-292
-240
-223
-196
-141
-49
58
223
408
533
569
538
464
384
292
182
84
-14
-150
-317
-458
-560
-625
-649
-616
-570
-491
-391
-295
-177
-26
151
332
484
566
572
505
411
338
245
160
64
-54
-142
-217
-288
-330
-327
-294
-208
-124
-57
14
20
-9
-21
-38
-55
-70
-112
-159
-194
-229
-236
-211
-141
-20
112
241
358
440
526
606
643
665
604
459
304
124
-56
-224
-351
-434
-461
-468
-457
-430
-425
-369
-258
-136
-1
113
207
263
276
285
302
322
310
247
135
-9
-156
-257
-297
-283
-233
-192
-170
-127
-70
2
95
176
221
226
185
105
18
-37
-81
-117
-132
-165
-202
-238
-269
-252
-160
-45
73
186
270
331
363
378
424
466
415
326
223
91
-26
-113
-202
-288
-344
-382
-394
-400
-399
-347
-254
-156
-35
120
251
320
362
386
383
349
293
210
87
-39
-153
-246
-309
-336
-351
-333
-292
-239
-146
-42
41
106
153
179
199
217
195
130
50
-43
-133
-186
-213
-247
-289
-314
-306
-262
-165
-47
58
144
198
250
321
383
395
372
323
237
132
25
-71
-152
-198
-228
-253
-271
-260
-232
-191
-124
-58
32
128
181
220
242
232
193
133
64
7
-41
-81
-112
-158
-208
-237
-221
-165
-121
-92
-65
-33
12
56
98
136
155
175
196
194
167
123
78
44
-2
-66
-122
-149
-137
-102
-57
9
56
84
109
114
132
151
165
184
179
135
62
-1
-60
-105
-123
-139
-161
-195
-208
-197
-162
-108
-61
-9
62
129
175
211
218
202
160
99
60
27
8
-14
-51
-91
-102
-90
-68
-50
-62
-74
-86
-97
-89
-86
-73
-42
0
52
83
75
45
19
18
8
-11
-24
-37
-58
-86
-118
-130
-93
-44
17
60
69
69
70
78
66
33
-14
-51
-64
-82
-104
-126
-117
-80
-49
-22
11
35
69
106
140
165
141
113
72
30
3
-16
-17
-18
-18
-53
-85
-97
-85
-38
-1
29
51
50
28
0
-12
1
27
45
52
43
-4
-33
-38
-45
-49
-49
-42
-34
-32
-23
-11
8
18
15
37
60
63
56
47
42
37
19
-13
-43
-62
-77
-85
-70
-43
-30
-25
-14
3
32
49
56
55
29
1
-9
-12
-15
-6
0
5
2
1
9
8
14
18
40
72
87
79
55
21
-11
-32
-37
-13
9
6
-9
-21
-23
-16
12
52
79
75
57
40
20
16
12
15
14
-7
-29
-37
-31
-5
37
67
75
79
75
62
44
39
30
1
-37
-66
-98
-122
-117
-95
-77
-77
-69
-65
-68
-86
-101
-78
-56
-42
-26
-26
-37
-30
-9
18
43
42
17
2
-10
-34
-49
-65
-75
-68
-60
-59
-47
-22
-5
16
49
75
90
106
101
88
80
65
46
27
7
-12
-7
-1
-10
-14
-13
-4
7
8
15
28
37
59
61
44
34
30
44
60
69
63
46
25
-9
-28
-40
-55
-63
-62
-67
-80
-81
-72
-51
-21
1
19
30
27
9
2
11
6
-9
-22
-41
-51
-56
-58
-49
-45
-38
-13
25
41
47
56
59
66
62
50
35
15
6
4
-6
-4
11
17
21
13
5
6
23
41
45
31
24
30
30
36
43
38
46
41
28
21
17
19
11
4
-21
-53
-69
-66
-59
-46
-24
5
37
56
44
19
8
4
-1
-10
-14
-34
-64
-69
-71
-88
-110
-112
-96
-70
-45
-29
-19
-16
-19
-14
-6
-12
-15
-2
7
3
-2
-8
-5
6
9
-3
-8
0
21
51
68
69
59
44
36
46
41
13
-6
-17
-25
-30
-30
-41
-47
-38
-26
-1
16
23
36
46
52
64
76
84
84
81
79
76
68
43
6
-26
-46
-65
-70
-75
-87
-99
-108
-81
-47
-21
1
5
8
20
44
51
46
46
25
-1
-23
-44
-55
-47
-58
-80
-86
-90
-64
-12
35
63
75
73
53
32
35
37
41
53
49
24
-5
-33
-56
-54
-46
-40
-32
-40
-45
-35
-7
20
46
66
59
59
63
63
57
52
50
41
41
24
4
-27
-48
-47
-39
-11
6
22
22
13
18
17
28
41
49
45
27
3
-17
-38
-49
-36
-32
-31
-27
-25
-25
-8
14
22
23
22
11
9
20
21
24
23
9
-12
-41
-69
-79
-67
-60
-67
-83
-97
-100
-94
-62
-23
1
15
34
42
21
11
8
4
11
21
35
47
53
37
23
23
5
-10
-8
-12
-8
-3
1
1
5
5
2
8
6
3
4
11
13
6
-1
-6
0
10
19
22
20
22
29
25
15
9
0
6
1
-10
-13
-19
-21
-16
-22
-34
-52
-57
-61
-61
-38
-29
-19
-4
5
5
4
16
38
52
46
33
28
27
14
-1
-8
-15
-14
-7
-11
-11
-4
-1
13
28
29
24
37
51
49
41
38
39
35
27
13
-2
-8
-3
-2
9
13
2
0
3
9
20
23
14
6
0
6
13
7
-4
2
12
6
2
-4
-24
-34
-39
-42
-46
-38
-24
-21
-23
-29
-27
-14
-5
6
16
20
14
11
13
10
-14
-41
-51
-46
-42
-39
-36
-29
-12
-13
-23
-22
-16
-13
-7
5
10
16
31
31
32
27
15
13
20
25
25
21
12
2
-2
5
6
-1
-4
-9
-9
-2
1
16
33
42
35
14
-5
-20
-29
-34
-29
-18
-3
10
8
-1
-6
0
3
10
12
4
-13
-28
-33
-34
-21
-10
-10
-11
-19
-20
-16
-17
-24
-27
-39
-51
-47
-35
-20
-10
-7
10
25
34
37
