50
44
56
92
99
125
172
200
202
218
213
216
218
197
184
187
222
224
203
173
139
103
77
39
-8
-37
-56
-53
-51
-49
-61
-97
-124
-163
-217
-262
-280
-269
-238
-206
-170
-135
-153
-191
-208
-216
-201
-125
-47
12
71
100
109
115
90
85
105
91
118
138
155
199
198
189
167
132
114
102
88
67
67
57
45
27
-2
-29
-45
-66
-102
-121
-165
-199
-236
-264
-278
-291
-280
-261
-259
-263
-246
-228
-178
-117
-68
-38
-14
9
-11
-9
36
92
133
177
229
267
288
313
329
307
304
322
309
309
323
323
317
303
294
279
264
231
198
153
127
114
64
7
-37
-72
-89
-78
-101
-110
-114
-157
-197
-259
-315
-329
-333
-329
-319
-304
-292
-315
-325
-300
-304
-310
-294
-286
-247
-200
-161
-111
-111
-106
-124
-152
-124
-123
-99
-69
-59
-19
24
53
92
116
135
166
157
135
121
134
173
161
155
173
173
193
216
235
256
264
257
235
209
199
195
184
187
187
211
248
266
262
249
243
224
207
171
129
113
112
111
109
114
82
26
-5
-34
-50
-88
-131
-159
-164
-168
-179
-181
-208
-264
-314
-357
-374
-368
-379
-365
-352
-320
-283
-294
-325
-374
-368
-315
-285
-250
-211
-219
-215
-206
-192
-157
-133
-73
-35
-8
51
69
91
112
124
180
237
278
283
250
258
269
265
272
281
277
272
255
249
220
180
180
164
194
220
240
241
192
183
172
173
187
198
192
161
114
93
48
-9
-31
-88
-139
-153
-163
-166
-182
-185
-197
-246
-269
-281
-282
-262
-246
-229
-192
-161
-137
-98
-70
-57
-39
-12
-11
-35
-63
-97
-97
-62
-23
19
55
57
41
1
-38
-48
-56
-27
7
29
66
70
86
86
49
22
-2
-7
4
3
32
67
40
0
-42
-34
-12
12
52
56
43
64
55
67
87
74
64
33
27
48
65
73
73
59
65
75
86
109
121
148
145
157
184
198
217
212
171
154
136
110
109
87
75
69
49
10
-61
-123
-155
-174
-170
-165
-190
-237
-309
-364
-367
-337
-301
-303
-293
-264
-275
-285
-314
-342
-313
-265
-205
-150
-96
-75
-98
-122
-116
-60
14
60
102
148
190
196
148
120
119
135
157
185
244
291
297
284
278
264
252
246
235
242
238
251
249
208
180
161
179
182
159
156
133
97
49
-17
-48
-61
-69
-71
-81
-62
-57
-109
-156
-189
-203
-176
-151
-116
-104
-142
-172
-236
-263
-226
-194
-144
-98
-92
-94
-114
-139
-146
-168
-163
-129
-74
-49
-76
-111
-146
-138
-112
-95
-110
-130
-123
-118
-108
-115
-104
-102
-80
-19
2
28
41
21
6
10
87
170
223
287
335
358
372
344
302
271
275
332
367
383
408
379
340
329
294
284
276
258
241
231
230
202
163
112
60
38
34
12
7
-15
-38
-79
-153
-211
-281
-335
-361
-389
-367
-323
-306
-316
-386
-439
-462
-494
-505
-485
-437
-370
-327
-307
-273
-267
-280
-285
-249
-173
-126
-90
-41
-10
0
-22
-29
5
60
142
186
204
211
204
181
158
144
171
239
258
294
313
290
278
236
189
170
181
213
208
192
168
124
86
55
58
94
135
131
98
78
53
24
12
13
44
83
100
82
68
51
15
-21
-36
-46
-70
-83
-100
-126
-153
-164
-177
-178
-152
-127
-98
-81
-92
-112
-130
-138
-122
-82
-22
10
-4
-20
-32
-64
-86
-69
-40
-17
-12
-8
-11
-20
-33
-73
-95
-80
-45
-12
28
57
56
27
21
36
46
66
86
100
113
117
87
70
69
64
76
85
88
85
68
56
38
32
34
26
16
0
-6
-10
-48
-76
-101
-114
-86
-57
-35
-9
-14
-37
-62
-91
-94
-82
-55
-19
17
14
8
13
-2
-15
0
23
31
19
-5
-7
-15
-14
-13
15
39
57
67
64
77
64
54
34
12
10
18
31
42
42
15
-8
-10
-14
-17
-21
-26
-18
-7
-13
-21
-25
-57
-86
-84
-49
-17
2
17
19
8
6
-6
-21
-33
-37
-17
6
40
59
39
-16
-51
-49
-24
6
3
4
-5
-14
-13
-15
-8
3
15
3
-8
-1
-1
-17
-24
-25
-15
13
19
31
42
57
47
6
-16
-24
-32
-32
-26
-19
-3
12
35
52
55
56
48
36
28
28
5
-12
-29
-49
-43
-30
12
48
61
60
48
35
30
45
61
55
39
32
27
3
-17
-23
-29
-29
-5
5
1
-9
-19
-33
-63
-57
-40
-21
1
15
21
7
-15
-42
-56
-55
-54
-47
-25
7
29
4
-30
-58
-73
-79
-71
-36
-12
0
2
-5
-10
-8
0
15
7
-1
6
6
-1
-2
-5
5
33
52
53
47
51
38
11
-12
-15
14
50
73
94
104
78
40
6
-10
-3
1
9
15
8
6
-5
-32
-49
-41
-9
9
26
55
54
37
13
-12
-15
-6
5
15
18
22
13
-18
-46
-73
-80
-69
-44
-18
-14
-25
-55
-100
-120
-97
-57
-26
13
47
54
41
-9
-61
-69
-53
-34
-14
-1
-5
-26
-28
-33
-29
-32
-49
-25
1
38
65
46
11
-11
-2
20
51
73
82
79
63
46
34
19
23
38
54
76
82
84
71
54
51
44
18
-11
-4
33
52
35
0
-35
-40
-17
6
36
51
45
17
-38
-87
-121
-127
-107
-65
-14
25
23
-4
-41
-64
-70
-66
-43
-30
3
14
-2
-12
-28
-22
-1
12
20
28
17
8
9
1
-15
-19
-4
8
35
51
33
3
-28
-35
-23
-12
1
-3
-1
6
-1
-18
-33
-13
8
27
52
46
34
19
5
5
-8
-8
-1
4
26
47
37
0
-15
-19
-26
-6
20
42
71
72
46
10
-21
-23
-13
18
66
78
52
19
-5
-11
-8
3
12
-5
-22
-40
-43
-51
-66
-77
-77
-68
-65
-64
-72
-78
-74
-64
-65
-61
-46
-38
-26
-16
-16
-16
-17
-21
-34
-33
-12
16
48
71
69
58
34
22
33
54
83
109
118
90
70
45
19
12
2
2
20
52
55
33
11
-21
-50
-49
-30
2
24
12
-32
-83
-88
-83
-83
-53
-11
14
23
20
-1
-36
-49
-48
-48
-13
47
91
86
67
46
14
13
43
72
98
126
109
65
29
8
-1
-15
5
33
48
47
21
-15
-49
-68
-73
-56
10
94
124
93
53
-14
-81
-124
-133
-101
-69
-29
-19
-36
-51
-82
-121
-122
-90
-34
33
52
45
14
-34
-74
-101
-80
-16
43
86
120
111
81
32
-22
-45
-43
5
50
60
51
18
-35
-76
-95
-112
-98
-61
-1
43
46
26
-23
-65
-69
-60
-26
31
71
69
49
15
-18
-49
-69
-45
-10
21
29
21
2
-11
-31
-38
1
44
107
132
117
81
29
-26
-63
-67
-45
7
41
48
24
-20
-40
-47
-31
-2
32
50
56
47
12
0
-16
-15
15
33
42
37
14
-20
-31
-27
-25
-11
14
38
62
81
70
50
37
33
37
44
81
132
147
132
96
77
73
45
9
-26
-43
-40
-54
-76
-102
-136
-163
-169
-157
-111
-73
-53
-52
-43
-38
-64
-94
-101
-73
-45
-21
-1
-1
-26
-31
-27
-15
3
15
16
25
39
26
-5
-21
-9
11
20
7
-4
-26
-33
-16
8
27
30
26
22
29
29
18
9
2
-8
6
24
13
13
23
13
-20
-31
-33
-27
6
37
54
55
71
59
34
1
-30
-30
7
41
48
66
64
66
86
99
111
112
87
52
32
6
-26
-41
-33
-17
5
7
-25
-30
5
21
12
-9
-28
-42
-54
-52
-54
-54
-50
-51
-46
-33
-11
3
4
10
7
-16
-67
-111
-125
-76
-40
-27
7
31
33
23
20
10
-6
-29
-55
-66
-68
-69
-71
-49
-21
-8
-14
-28
-26
-15
-13
-4
1
-17
-25
-37
-36
-5
9
12
32
58
79
70
51
40
43
61
62
53
52
39
20
8
18
45
48
35
37
40
16
-7
-10
-4
18
36
40
47
67
68
52
52
48
34
4
-18
-21
13
41
40
54
66
53
15
13
14
6
-5
-21
-22
-36
-56
-83
-106
-110
-100
-72
-47
-35
-28
-38
-64
-67
-43
-16
-6
-6
-2
1
-11
-36
-52
-66
-62
-50
-35
-5
4
-3
-6
-1
12
25
49
51
49
49
42
26
11
-1
-9
-7
10
42
59
61
77
68
46
19
-9
-35
-37
-27
-16
5
-7
-40
-75
-91
-89
-91
-85
-73
-70
-69
-70
-79
-86
-79
-51
-9
27
55
59
42
32
14
-6
7
50
90
135
177
166
114
69
24
10
34
63
88
110
111
98
84
48
30
44
65
79
67
48
10
-42
-84
-112
-103
-84
-51
-15
-8
-17
-46
-99
-144
-156
-140
-108
-66
-43
-41
-39
-45
-51
-58
-72
-65
-39
-4
22
21
12
-3
-5
7
24
47
68
75
68
59
31
-5
-12
0
37
95
117
110
102
71
31
12
-1
-6
-12
-17
3
1
-11
-37
-68
-99
-95
-55
-16
18
21
15
12
-3
-18
-23
-4
26
61
82
81
63
28
2
-13
-20
-16
-2
10
-5
11
30
40
33
15
0
-3
10
8
13
-4
-25
-28
-41
-68
-87
-87
-86
-84
-78
-72
-65
-83
-106
-120
-112
-81
-48
-16
-7
-12
-10
-9
-17
-15
-1
22
40
45
60
67
62
65
59
52
54
62
56
57
56
55
67
87
102
93
78
67
71
81
99
113
90
50
28
10
-12
-28
-21
-6
-11
-11
-14
-33
-59
-66
-72
-69
-48
-25
-13
-16
-30
-49
-73
-74
-60
-50
-28
-10
4
-10
-39
-69
-85
-81
-72
-51
-34
-40
-56
-58
-59
-52
-18
9
27
45
59
44
18
9
9
11
19
33
43
46
25
2
-9
-35
-33
-11
2
31
70
80
71
51
20
13
18
25
33
39
57
62
45
16
-8
-16
-16
-8
4
13
16
6
-14
-26
-3
8
3
23
39
57
68
73
80
88
86
51
14
-11
-25
-43
-45
-21
12
50
74
61
23
-7
-37
-73
-76
-60
-35
-14
-31
-66
-90
-100
-120
-140
-130
-97
-78
-85
-108
-157
-203
-212
-210
-168
-106
-34
26
41
13
-31
-52
-85
-86
-1
99
169
195
193
162
115
79
82
101
109
133
147
158
136
77
27
-13
9
101
203
229
169
94
12
-52
-99
-83
-20
40
79
84
51
-23
-76
-113
-104
-65
-39
-16
-9
-13
-8
-19
-54
-64
-58
-41
-8
25
39
17
-43
-94
-113
-100
-49
5
23
14
-14
-71
-125
-149
-104
-7
68
93
99
73
11
-39
-76
-96
-78
-42
12
32
12
-16
-77
-102
-80
-43
5
35
40
17
12
5
-7
1
8
42
85
117
106
79
48
24
19
-3
10
42
62
76
91
131
122
83
57
48
69
86
82
61
30
-2
-38
-60
-75
-87
-99
-92
-55
-48
-67
-82
-77
-67
-88
-102
-91
-73
-57
-34
-3
-2
-15
1
-6
-34
-41
-37
-27
-30
-25
-20
-16
-17
-25
2
5
-18
-34
-24
16
52
76
70
57
-2
-32
-28
-31
1
30
57
57
33
-12
-47
-36
-4
52
105
108
72
20
0
23
60
111
168
193
171
122
62
13
-21
-28
-11
34
60
66
45
-22
-59
-89
-108
-100
-60
-1
34
42
21
7
-21
-74
-101
-102
-78
-59
-50
-32
-40
-74
-109
-154
-161
-121
-45
14
-9
-58
-127
-161
-143
-76
25
75
80
40
-9
-36
-46
-42
-13
40
101
146
153
111
39
-51
-125
-120
-62
30
120
160
162
131
76
47
59
86
85
85
93
66
33
27
24
7
17
39
57
64
52
22
-21
-60
-85
-85
-56
-1
53
64
17
-43
-97
-93
-48
18
49
48
20
-30
-60
-89
-90
-92
-67
-4
43
79
73
28
-46
-114
-148
-134
-57
47
127
150
109
47
2
-35
-42
-21
1
20
41
42
21
-7
-40
-62
-48
-35
-25
-19
-51
-79
-94
-105
-123
-139
-120
-70
-20
29
36
15
-6
-15
-7
11
52
67
66
48
15
-15
-36
-35
-41
-8
50
88
98
86
48
-20
-63
-67
-29
45
108
126
121
99
52
4
-34
-33
2
41
66
95
96
73
58
40
23
8
6
4
10
37
44
37
31
20
-1
-1
26
38
38
27
-6
-20
-40
-50
-53
-63
-58
-68
-95
-114
-119
-125
-85
-48
-25
-27
-59
-88
-94
-101
-102
-78
-48
-10
12
28
16
-8
-21
-13
-4
-14
-27
-34
-10
33
76
83
71
63
75
92
93
64
30
25
10
3
1
11
38
38
30
25
-2
-30
-31
-16
-12
-23
-22
-14
8
45
62
65
49
55
61
26
-17
-31
-29
-19
3
21
30
31
27
33
43
20
3
-23
-43
-27
7
48
55
62
60
23
-22
-53
-73
-82
-82
-65
-59
-77
-80
-85
-107
-126
-127
-124
-102
-83
-83
-88
-84
-63
-37
13
61
95
113
89
44
22
-12
-14
24
66
110
132
158
150
110
75
51
38
38
60
81
92
92
65
39
40
27
14
10
33
71
85
77
19
-41
-63
-58
-69
-90
-104
-100
-71
-52
-47
-57
-76
-102
-129
-142
-112
-54
-16
-29
-75
-97
-72
-24
11
26
24
17
10
15
55
89
70
18
-46
-63
-18
22
41
48
50
70
74
46
13
-11
-25
-28
-43
-29
18
50
97
80
35
22
-21
-59
-82
-86
-74
-59
-50
-42
-41
-34
-39
-37
-13
17
27
8
-17
-3
54
91
91
75
70
78
75
53
46
62
71
44
-7
-38
-31
4
38
28
23
34
54
62
43
39
40
42
35
22
34
62
73
67
59
56
33
22
8
-7
-60
-114
-110
-85
-76
-84
-112
-145
-148
-157
-144
-117
-100
-71
-51
-62
-62
-75
-98
-99
-118
-123
-95
-76
-34
20
34
42
44
21
5
-7
-21
-31
-20
24
57
83
115
141
153
147
138
140
136
121
107
104
123
127
128
134
136
123
106
89
52
20
4
-26
-39
-27
-15
-22
-54
-80
-97
-109
-99
-69
-60
-91
-124
-133
-135
-118
-111
-89
-72
-87
-79
-67
-35
-5
-26
-75
-110
-114
-94
-60
-2
45
38
2
-18
-12
7
38
52
43
44
54
44
64
80
83
85
106
129
110
97
71
48
30
11
18
41
66
97
123
119
90
55
32
33
27
7
-6
-8
19
30
30
38
45
46
0
-44
-43
-36
-54
-75
-122
-159
-160
-134
-90
-44
-34
-69
-107
-149
-167
-175
-157
-118
-76
-18
28
20
-5
9
25
16
-19
-45
-41
-13
29
86
143
177
157
104
35
-45
-95
-99
-17
64
115
123
74
41
4
-24
-24
-8
12
31
27
4
-39
-45
-12
-2
38
65
67
36
8
20
6
-24
-33
-21
10
33
64
74
82
57
3
16
48
85
99
87
84
71
44
29
7
-20
-55
-90
-100
-104
-83
-68
-53
-76
-129
-146
-160
-138
-69
-47
-62
-75
-79
-65
-29
3
30
26
-2
-12
-8
12
74
115
113
102
76
55
53
68
75
59
22
-6
13
71
113
130
112
77
36
-12
-33
-56
-67
-50
-19
-17
-47
-84
-137
-174
-192
-161
-116
-82
-49
-58
-96
-138
-170
-222
-256
-255
-195
-73
14
75
89
50
26
24
70
111
139
115
73
51
36
88
98
125
203
245
267
295
267
212
182
95
29
-14
-78
-56
20
100
158
146
135
120
43
-26
-60
-77
1
53
23
21
1
12
78
103
159
197
191
166
82
-37
-127
-142
-132
-103
-94
-123
-132
-203
-326
-351
-278
-165
-50
-38
-86
-129
-144
-51
12
30
54
86
124
91
-16
-54
27
62
26
6
-54
-71
-143
-279
-344
-405
-406
-321
-180
-140
-206
-238
-187
-79
7
54
105
122
57
36
39
-1
-30
-78
-83
-76
-127
-189
-219
-201
-135
-47
-51
-139
-230
-255
-188
-85
42
181
351
524
587
631
704
709
657
595
506
474
501
477
403
287
263
334
392
436
461
331
184
171
118
115
119
49
91
157
202
276
286
195
127
108
-37
-269
-519
-663
-736
-816
-780
-729
-618
-498
-506
-529
-544
-588
-574
-489
-466
-446
-425
-359
-266
-228
-148
-110
-120
-70
28
87
100
86
34
-30
9
-5
-72
-163
-309
-360
-412
-482
-481
-381
-264
-79
75
111
162
181
205
309
374
408
474
437
379
394
439
604
795
946
1100
1139
1044
879
683
454
286
199
36
-148
-245
-331
-299
-186
-94
-29
-18
161
425
414
323
304
198
185
-14
-327
-332
-461
-721
-757
-893
-1081
-960
-832
-624
-399
-463
-363
-182
-200
-130
-87
-73
181
424
407
421
361
109
106
41
-287
-435
-502
-514
-129
-15
-112
461
996
1410
1919
1882
1854
2089
1619
1108
700
-331
-670
-604
-964
-971
-1212
-1539
-1018
-922
-1471
-1576
-1944
-2224
-1950
-2298
-2460
-2055
-1903
-1349
-516
-55
681
1553
2118
2740
2932
2645
2609
2504
1980
1330
518
-199
-534
-1006
-1466
-1566
-1643
-1552
-1198
-986
-732
-403
-256
-70
-185
-720
-1140
-1544
-1280
-279
-54
120
1152
2213
3592
4610
4347
4630
4870
3874
3334
2165
82
-782
-1694
-2715
-2689
-3533
-3990
-2689
-2338
-2168
-1441
-1705
-1111
-105
-692
-740
-410
-716
-22
509
316
1176
1891
2266
3216
3204
2742
2873
2407
1726
1002
-481
-1533
-2139
-3143
-3746
-4046
-4397
-3976
-3112
-2483
-1560
-692
-103
895
1478
1353
1495
1320
659
754
899
517
645
1005
1699
3109
3731
3667
4142
4061
3247
2452
853
-1061
-2174
-3251
-4068
-4276
-4807
-4680
-3458
-2767
-2285
-1507
-1127
-299
600
407
407
626
347
475
587
407
872
1240
1541
2486
2771
2505
2658
2465
1915
1126
-270
-1345
-2046
-3126
-3829
-4126
-4350
-3826
-2948
-2189
-1269
-418
361
1224
1744
1718
1431
1187
1312
1551
1342
1156
1733
2754
3589
4170
4357
4317
4413
3855
2639
1477
-108
-1609
-2512
-3563
-4594
-5138
-5312
-4775
-3890
-3442
-2857
-1984
-1040
38
467
321
485
841
1131
1348
1388
1451
1709
2068
2315
2280
2138
1989
1868
1494
445
-661
-1394
-2233
-3206
-4145
-4856
-4699
-3970
-3256
-2353
-1336
-303
784
1660
2115
2212
2237
2368
2607
2746
2575
2654
3316
3963
4374
4383
3884
3561
3056
1961
850
-694
-2239
-2887
-3653
-4412
-4452
-4628
-4352
-3492
-3288
-2826
-1973
-1515
-666
-27
-22
505
946
1176
1945
2148
2211
2965
3229
3211
3217
2507
2013
1792
682
-522
-1410
-2310
-2832
-3393
-4221
-4446
-4259
-3985
-3195
-2460
-1981
-1312
-776
-288
284
495
690
1374
2153
2612
3064
3725
4365
4975
5283
4963
4402
3729
2647
1352
-94
-1772
-3021
-3655
-4324
-4736
-4724
-4627
-4018
-3296
-3046
-2548
-1896
-1403
-754
-481
-406
244
791
1319
2255
2725
3072
3686
3927
4071
3901
3133
2660
1997
687
-481
-1702
-2927
-3669
-4326
-4830
-4757
-4438
-3814
-2734
-1748
-880
-75
430
768
1047
1275
1640
2258
2962
3579
4276
5057
5796
6416
6355
5635
4851
3627
1956
464
-1342
-3213
-4369
-5367
-6039
-6008
-5955
-5442
-4381
-3768
-3195
-2466
-2068
-1379
-641
-471
-59
598
1007
1698
2359
2710
3297
3754
3949
4165
3803
3013
2395
1476
283
-760
-1971
-3055
-3646
-4290
-4623
-4313
-3948
-3117
-1999
-1261
-362
426
643
897
1142
1219
1636
2287
2818
3568
4453
5187
5931
6287
5954
5433
4547
3039
1477
-296
-2277
-3688
-4961
-6117
-6372
-6562
-6581
-5689
-5038
-4575
-3689
-3022
-2184
-1111
-479
197
972
1448
2103
2760
3213
3917
4412
4552
4566
3988
3113
2298
1040
-295
-1446
-2787
-3975
-4841
-5596
-6019
-5893
-5389
-4542
-3350
-2096
-968
14
619
1049
1578
1834
2196
2973
3626
4317
5076
5700
6740
7229
6567
6320
5704
4099
2716
648
-1527
-2593
-4241
-5298
-4988
-5530
-5479
-4385
-4124
-3313
-2388
-2327
-1200
-405
-626
152
638
895
2055
2503
3002
4213
4327
4417
4811
3949
3101
2227
494
-670
-1917
-3742
-4735
-5503
-6265
-6211
-6019
-5591
-4569
-3861
-2934
-1555
-713
-146
582
984
1317
2028
2677
3426
4415
5125
5824
6732
7002
6681
6392
5425
3883
2350
264
-1675
-3003
-4605
-5872
-6455
-6863
-6584
-5865
-5292
-4337
-3334
-2596
-1530
-704
-351
323
815
1110
1905
2459
2894
3805
4433
4871
5196
4937
4442
3701
2356
662
-1071
-2837
-4243
-5294
-6187
-6448
-6102
-5469
-4394
-3052
-1750
-484
529
1257
1966
2535
2945
3599
4121
4524
5364
6056
6572
7185
7059
6534
5949
4392
2684
972
-1411
-3430
-5023
-6730
-7576
-7869
-8137
-7444
-6643
-6137
-5020
-4042
-3112
-1752
-967
-356
671
1288
1959
2922
3482
4161
4886
5121
5527
5641
4981
4253
3147
1533
-21
-1789
-3480
-4630
-5719
-6277
-6240
-6198
-5486
-4265
-3190
-1865
-711
-124
745
1491
1863
2776
3539
3920
4730
5397
5918
6703
6688
6279
6024
4890
3333
1773
-359
-2341
-4007
-5835
-6897
-7363
-7920
-7663
-6955
-6355
-5194
-4070
-3198
-1871
-878
-206
897
1726
2296
3209
4034
4859
5792
6284
6746
6974
6480
5787
4694
2967
1192
-607
-2363
-3795
-5222
-6255
-6568
-6583
-6080
-5021
-3869
-2575
-1430
-632
350
1215
1784
2593
3252
3735
4658
5499
6123
6711
6623
6206
5844
4760
3236
1582
-519
-2340
-3896
-5582
-6717
-7553
-8214
-7920
-7411
-7004
-5932
-4990
-4096
-2682
-1780
-995
224
1112
1980
2989
3669
4453
5199
5569
5990
6063
5577
5025
4137
2707
1135
-627
-2292
-3508
-4775
-5777
-6133
-6170
-5802
-4997
-4089
-3054
-1981
-834
340
1279
2332
3307
4007
4891
5616
5936
6454
6651
6293
5973
5123
3823
2646
1076
-519
-1901
-3509
-4673
-5420
-6219
-6508
-6466
-6365
-5840
-5235
-4596
-3530
-2532
-1822
-765
243
938
1834
2710
3433
4321
5014
5341
5654
5550
4912
4257
3260
1899
681
-625
-2026
-3134
-4134
-4919
-5217
-5370
-5257
-4738
-4081
-3313
-2419
-1446
-449
642
1768
2837
3931
4873
5658
6310
6556
6332
5935
5270
4219
3087
1814
259
-1070
-2192
-3348
-4332
-5129
-5645
-5740
-5616
-5438
-5003
-4561
-4036
-3235
-2494
-1766
-824
164
1180
2133
2712
3314
4072
4502
4716
4689
4240
3669
3003
2059
871
-258
-1267
-2202
-3033
-3689
-4031
-4132
-4094
-3788
-3169
-2659
-2151
-1270
-422
547
1586
2358
3347
4376
5014
5755
6235
6053
5888
5456
4396
3353
2055
424
-899
-2248
-3601
-4469
-5154
-5596
-5400
-5227
-5087
-4571
-4073
-3482
-2793
-2273
-1689
-973
-467
232
1156
1827
2600
3448
3973
4289
4408
4121
3609
2923
1891
765
-348
-1431
-2312
-2953
-3457
-3602
-3436
-3270
-2852
-2250
-1735
-1175
-543
-11
574
1264
1883
2601
3298
3851
4441
4912
5023
4817
4415
3644
2514
1259
-113
-1518
-2749
-3758
-4555
-5108
-5445
-5354
-4910
-4551
-4012
-3325
-2661
-1883
-1265
-731
-28
480
920
1587
2047
2448
3008
3374
3703
3909
3641
3270
2868
2014
1067
141
-907
-1581
-2116
-2719
-2760
-2592
-2549
-2063
-1464
-1023
-362
187
652
1330
1812
2248
2866
3335
3834
4330
4468
4401
4119
3506
2602
1448
219
-1018
-2269
-3455
-4500
-5214
-5593
-5742
-5543
-5056
-4515
-3825
-3021
-2252
-1485
-824
-353
160
676
1041
1444
1912
2300
2652
2803
2827
2962
2733
2278
1932
1231
254
-616
-1647
-2476
-2756
-3090
-3030
-2525
-2104
-1268
-213
546
1397
2222
2735
3331
3847
4014
4155
4335
4414
4473
4458
4077
3638
3165
2009
659
-591
-2115
-3414
-4485
-5626
-6290
-6519
-6569
-5931
-5181
-4617
-3568
-2632
-1858
-848
-166
366
1131
1525
1832
2371
2546
2740
3010
2846
2601
2314
1658
994
272
-630
-1307
-2021
-2873
-3310
-3511
-3494
-3021
-2471
-1791
-906
-62
797
1693
2457
3076
3723
4290
4641
4978
5234
5335
5367
5074
4316
3474
2501
1143
-354
-2015
-3657
-4917
-5996
-6898
-7275
-7199
-6856
-6060
-5054
-4019
-2852
-1770
-742
246
949
1527
2249
2919
3353
3680
3920
4181
4452
4383
4048
3544
2690
1684
632
-635
-1807
-2728
-3533
-4010
-4225
-4279
-3890
-3187
-2396
-1409
-392
481
1429
2426
3184
3809
4307
4615
5135
5549
5598
5605
5181
4369
3627
2380
754
-736
-2481
-4026
-5254
-6664
-7680
-8138
-8296
-7878
-7117
-6259
-5052
-3682
-2286
-864
254
1239
2237
3028
3660
4134
4376
4523
4738
4795
4595
4240
3652
2903
1899
595
-744
-2063
-3377
-4565
-5430
-5847
-5719
-5115
-4223
-2997
-1573
-71
1290
2423
3492
4343
4992
5522
5785
5985
6308
6371
6281
6092
5283
4320
3332
1724
14
-1829
-3972
-5558
-6946
-8315
-8932
-9142
-8971
-8013
-7002
-5910
-4281
-2851
-1431
125
1168
2259
3308
3718
4126
4492
4599
4918
4989
4690
4513
3990
3161
2283
1026
-468
-1856
-3224
-4473
-5398
-6161
-6367
-5906
-5308
-4338
-2951
-1571
-117
1431
2764
3905
5070
5946
6612
7223
7382
7340
7254
6706
5887
4957
3484
1805
104
-1915
-3783
-5458
-7163
-8370
-9115
-9663
-9596
-9070
-8360
-7018
-5445
-3997
-2338
-975
223
1674
2838
3818
4785
5348
5964
6576
6583
6457
6149
5418
4633
3477
1966
536
-1110
-2634
-3680
-4688
-5370
-5468
-5395
-4923
-4145
-3377
-2107
-788
299
1665
2940
4269
5648
6574
7311
7901
8057
7963
7526
6542
5407
3905
1994
126
-1950
-4038
-5706
-7183
-8410
-9277
-9742
-9724
-9322
-8670
-7772
-6561
-5173
-3733
-2317
-900
538
1897
3217
4329
5208
5938
6389
6642
6610
6120
5329
4336
3035
1571
123
-1416
-2765
-3907
-4863
-5304
-5402
-5299
-4812
-4129
-3306
-2154
-999
243
1602
2753
3979
5147
6053
7079
7818
8115
8144
7547
6599
5471
3931
2217
444
-1522
-3298
-4785
-6292
-7388
-8080
-8562
-8567
-8403
-8017
-7104
-6121
-5076
-3723
-2482
-1187
291
1521
2713
3853
4709
5489
5943
5996
5998
5699
5137
4473
3342
2012
733
-737
-2027
-3121
-4118
-4590
-4811
-4783
-4360
-3803
-2918
-1906
-955
148
1183
2242
3425
4327
4974
5666
6209
6594
6772
6411
5832
4989
3701
2142
333
-1513
-3249
-4806
-6085
-7084
-7751
-7957
-7792
-7413
-6770
-5924
-4963
-3981
-3046
-2025
-949
85
1087
2016
2899
3849
4695
5335
5767
5845
5717
5331
4490
3488
2325
960
-311
-1549
-2530
-3121
-3551
-3701
-3551
-3250
-2722
-1983
-1317
-607
220
1003
1878
2711
3375
4193
5019
5458
5748
5849
5434
4882
4152
2868
1413
-76
-1656
-3081
-4364
-5613
-6379
-6810
-7197
-7137
-6875
-6480
-5746
-4987
-4237
-3336
-2436
-1578
-588
326
1210
2224
3111
3915
4603
5001
5179
5138
4783
4082
3116
1996
848
-398
-1665
-2567
-3121
-3501
-3592
-3447
-3038
-2354
-1522
-633
163
894
1628
2320
2890
3385
3872
4554
5098
5228
5288
5033
4486
3932
2909
1492
107
-1474
-2972
-4184
-5411
-6103
-6405
-6647
-6317
-5881
-5418
-4428
-3532
-2752
-1786
-1150
-584
149
640
1218
1953
2532
3204
3827
4118
4417
4533
4272
3784
2902
1811
720
-450
-1630
-2538
-3095
-3349
-3286
-2976
-2420
-1718
-893
-49
623
1171
1637
2107
2617
3021
3254
3610
3940
4052
4131
3923
3466
2980
2113
973
-132
-1463
-2781
-3780
-4745
-5400
-5593
-5661
-5433
-4961
-4598
-3974
-3133
-2548
-1912
-1315
-1019
-476
80
442
1071
1721
2331
3089
3533
3744
3975
3820
3379
2727
1682
720
-212
-1215
-1889
-2409
-2739
-2670
-2460
-2096
-1463
-793
-86
607
1155
1596
2002
2476
2862
3171
3463
3648
3870
4006
3761
3357
2836
1987
1013
-59
-1313
-2365
-3312
-4247
-4758
-5065
-5260
-4942
-4467
-3966
-3236
-2540
-1929
-1361
-1018
-685
-183
211
638
1127
1562
2118
2691
3069
3316
3464
3321
2997
2463
1548
595
-329
-1293
-2095
-2751
-3250
-3366
-3192
-2866
-2332
-1748
-1011
-125
591
1242
1916
2569
3180
3698
4164
4584
4889
4969
4699
4165
3418
2425
1210
-142
-1586
-2892
-3986
-4965
-5646
-5952
-6018
-5742
-5176
-4603
-3939
-3105
-2258
-1318
-442
101
706
1320
1723
2182
2604
2958
3522
3959
4020
4084
3900
3362
2725
1634
364
-741
-1960
-3061
-3783
-4350
-4471
-3989
-3355
-2522
-1594
-720
314
1228
1866
2576
3164
3607
4066
4376
4640
4789
4806
4601
4026
3298
2388
1206
-60
-1454
-2873
-3950
-4975
-5761
-6003
-6099
-5792
-5155
-4564
-3671
-2680
-1969
-1159
-435
40
642
1153
1634
2227
2578
2908
3437
3805
3924
3885
3663
3243
2496
1383
212
-885
-1981
-2955
-3662
-4062
-4141
-3852
-3394
-2736
-1852
-1014
-71
851
1526
2154
2711
3156
3685
3961
4149
4464
4536
4391
3909
3111
2230
999
-561
-1952
-3304
-4479
-5293
-6014
-6205
-6025
-5856
-5304
-4579
-3917
-2939
-2074
-1361
-393
206
730
1545
1941
2301
2931
3305
3840
4398
4368
4471
4486
3958
3329
2316
1093
94
-1026
-2166
-2935
-3502
-3755
-3622
-3400
-2908
-2121
-1207
-195
764
1515
2113
2799
3435
3875
4203
4445
4703
4932
4829
4312
3708
2900
1740
485
-1040
-2572
-3931
-5274
-6283
-6850
-7131
-6984
-6429
-5690
-4792
-3851
-2933
-1959
-1143
-469
179
870
1486
1918
2472
2971
3538
4090
4165
4236
4206
3791
3265
2411
1229
184
-1015
-2266
-3097
-3899
-4264
-4082
-3894
-3307
-2515
-1833
-868
72
659
1389
2093
2551
3189
3772
4174
4752
5100
5254
5415
4985
4276
3409
1974
390
-1105
-2733
-4077
-5208
-6243
-6505
-6444
-6269
-5620
-4973
-4221
-3126
-2285
-1627
-828
-347
221
1032
1551
2237
3098
3702
4454
5089
5243
5331
5081
4414
3567
2258
787
-462
-1824
-3009
-3761
-4355
-4482
-4203
-3933
-3358
-2629
-1956
-1133
-465
18
649
1193
1695
2524
3089
3598
4266
4593
4843
4804
4166
3505
2625
1282
-10
-1327
-2806
-3889
-4819
-5543
-5803
-5997
-5898
-5389
-4864
-4194
-3250
-2537
-1840
-981
-412
235
978
1568
2379
3246
3899
4580
5002
5088
5211
5052
4432
3639
2579
1330
60
-1317
-2467
-3236
-3759
-3906
-3671
-3241
-2649
-1994
-1258
-528
134
743
1256
1808
2335
2795
3354
3935
4397
4835
4941
4747
4384
3389
2057
611
-1093
-2689
-4064
-5362
-6204
-6552
-6704
-6412
-5925
-5362
-4538
-3723
-2971
-2189
-1398
-685
106
794
1366
2112
2853
3616
4371
4906
5141
5200
4924
4279
3392
2170
879
-404
-1766
-2929
-3727
-4242
-4339
-4052
-3629
-2926
-2008
-1182
-381
337
952
1626
2184
2580
3073
3508
3921
4341
4627
4760
4622
4208
3528
2529
1232
-177
-1587
-3016
-4305
-5439
-6155
-6414
-6441
-6096
-5509
-4829
-4016
-3252
-2531
-1755
-1043
-319
480
1094
1732
2484
3140
3880
4570
4951
5287
5402
5034
4406
3393
2062
752
-682
-2091
-3056
-3811
-4255
-4321
-4172
-3574
-2863
-2275
-1444
-668
-135
533
1088
1550
2268
2808
3366
4220
4712
5043
5331
5166
4807
4190
2871
1466
155
-1509
-3078
-4462
-5615
-6083
-6199
-6193
-5805
-5277
-4758
-4037
-3267
-2559
-1753
-1063
-418
377
1120
1897
2779
3587
4463
5175
5456
5540
5314
4609
3693
2505
1064
-156
-1458
-2845
-3853
-4595
-4853
-4634
-4290
-3645
-2743
-1985
-1162
-454
44
655
1166
1711
2453
3043
3721
4491
4933
5293
5370
5051
4626
3703
2412
1052
-577
-2129
-3424
-4622
-5428
-5945
-6318
-6211
-5879
-5484
-4829
-4167
-3457
-2561
-1797
-1007
-189
450
1226
2073
2915
3823
4658
5235
5524
5515
5178
4591
3740
2611
1283
-54
-1353
-2493
-3342
-3878
-4072
-3854
-3408
-2755
-1985
-1341
-758
-257
116
507
907
1336
1945
2614
3337
4094
4634
4976
5069
4752
4143
3119
1866
522
-1026
-2506
-3827
-4889
-5466
-5801
-5992
-5874
-5598
-5224
-4659
-4054
-3423
-2630
-1844
-1000
-93
731
1649
2592
3530
4449
5038
5404
5607
5464
5092
4322
3170
1949
541
-903
-2107
-3217
-3960
-4183
-4245
-3970
-3391
-2791
-2051
-1308
-697
-91
426
837
1336
1843
2403
3086
3800
4520
5069
5312
5269
4862
3997
2815
1487
-26
-1499
-2843
-4113
-5044
-5619
-5932
-5920
-5687
-5276
-4560
-3740
-2980
-2151
-1411
-709
168
955
1699
2559
3317
4015
4676
5074
5269
5360
5102
4554
3762
2507
1103
-266
-1754
-2969
-3899
-4583
-4740
-4650
-4343
-3680
-2974
-2259
-1440
-777
-256
302
702
1119
1723
2261
2950
3768
4262
4696
5003
4781
4375
3539
2157
776
-742
-2281
-3606
-4905
-5951
-6481
-6730
-6689
-6308
-5802
-5052
-4069
-3243
-2443
-1542
-811
7
949
1681
2516
3437
4202
4976
5624
5791
5798
5653
5038
4262
3198
1822
644
-561
-1890
-2818
-3456
-3800
-3595
-3297
-2861
-2050
-1423
-870
-169
177
588
1188
1538
2086
2690
3083
3830
4510
4732
5009
4875
4268
3658
2434
853
-509
-2090
-3588
-4700
-5813
-6436
-6465
-6457
-6101
-5479
-4926
-3966
-2952
-2198
-1226
-353
399
1436
2254
2827
3549
4014
4346
4836
4946
4745
4554
3935
3169
2297
874
-487
-1665
-2907
-3758
-4267
-4629
-4449
-4199
-3948
-3234
-2506
-1823
-1054
-516
-74
605
1111
1624
2352
2826
3434
4164
4594
4905
4898
4394
3826
2992
1742
515
-785
-2111
-3196
-4185
-4999
-5320
-5464
-5382
-4858
-4233
-3492
-2552
-1753
-980
-102
586
1252
1980
2524
3049
3576
3810
4055
4364
4262
4030
3633
2871
2052
982
-350
-1378
-2366
-3402
-3989
-4340
-4388
-4092
-3848
-3410
-2662
-1946
-1195
-414
64
676
1418
1877
2522
3131
3431
3994
4485
4509
4626
4363
3640
3062
1906
536
-581
-2048
-3277
-4053
-4964
-5317
-5206
-5236
-4725
-4074
-3618
-2711
-1796
-1169
-313
425
1017
1841
2411
2934
3651
3969
4120
4390
4387
4190
3929
3318
2655
1905
680
-441
-1321
-2300
-3137
-3794
-4276
-4280
-4100
-3880
-3309
-2608
-1961
-1235
-626
-206
362
877
1293
1977
2492
2922
3609
4014
4150
4247
3858
3267
2651
1426
175
-988
-2406
-3503
-4311
-5163
-5414
-5269
-5155
-4490
-3730
-3033
-1919
-1034
-427
385
1060
1568
2109
2428
2850
3410
3654
3903
4166
4097
3893
3605
3009
2378
1586
436
-523
-1369
-2256
-2875
-3354
-3694
-3560
-3401
-3173
-2506
-1925
-1391
-725
-151
342
900
1201
1422
1901
2171
2533
3142
3419
3546
3669
3300
2780
2126
965
-99
-1143
-2400
-3325
-4008
-4716
-4880
-4828
-4782
-4187
-3584
-3014
-2104
-1521
-1016
-192
379
881
1477
1760
2230
2818
3038
3344
3658
3651
3631
3486
3039
2638
1917
760
-206
-1189
-2289
-3140
-3831
-4272
-4193
-4019
-3642
-2745
-1917
-1164
-392
186
679
1195
1506
1844
2434
2854
3267
3786
4047
4216
4351
4003
3442
2826
1698
580
-497
-1822
-2744
-3418
-4078
-4109
-3865
-3736
-3128
-2632
-2277
-1490
-1032
-735
-168
139
393
849
1012
1260
1715
1879
2089
2368
2426
2374
2248
1828
1455
960
79
-709
-1513
-2418
-3235
-3871
-4306
-4305
-4059
-3715
-3046
-2282
-1551
-810
-145
329
863
1320
1587
2028
2500
3007
3722
4318
4686
5126
5204
4713
4151
3107
1808
674
-744
-2014
-2835
-3772
-4395
-4326
-4319
-3987
-3295
-2865
-2089
-1298
-958
-403
196
350
695
1026
1229
1867
2293
2520
3062
3468
3561
3624
3252
2767
2293
1190
-20
-1113
-2365
-3452
-4269
-4976
-5165
-4864
-4503
-3800
-2923
-2154
-1248
-398
125
546
893
1101
1423
1703
1921
2512
3184
3559
3973
4144
3991
3737
2944
1769
644
-699
-1974
-2927
-3846
-4391
-4433
-4365
-4015
-3449
-2886
-2117
-1337
-790
-301
123
469
804
1018
1361
1888
2360
2733
3078
3409
3591
3561
3317
2810
2094
1137
11
-1087
-2126
-3212
-4077
-4475
-4565
-4355
-3958
-3305
-2341
-1288
-470
295
1078
1517
1947
2318
2512
2828
3184
3477
4048
4507
4545
4715
4575
3959
3345
2306
1071
41
-1278
-2464
-3119
-3817
-4124
-4004
-3965
-3493
-2852
-2469
-1815
-1216
-969
-563
-277
-196
99
232
341
765
1030
1263
1699
1973
2148
2183
1762
1284
797
-162
-1261
-2242
-3191
-3911
-4388
-4668
-4490
-4012
-3446
-2636
-1682
-845
-133
431
814
1043
1186
1375
1632
1896
2187
2687
3308
3759
4003
4217
4188
3854
3320
2367
1349
376
-788
-1758
-2427
-3083
-3381
-3339
-3344
-3016
-2576
-2198
-1585
-1059
-800
-328
68
260
641
826
1058
1509
1807
2071
2437
2706
2950
3044
2666
2281
1753
710
-383
-1477
-2584
-3215
-3649
-3902
-3604
-3177
-2713
-1896
-1128
-515
115
417
626
784
672
680
962
1351
1813
2363
3057
3818
4365
4643
4643
4364
3736
2790
1687
497
-617
-1613
-2559
-3295
-3701
-3931
-3954
-3707
-3496
-3139
-2560
-2073
-1648
-1312
-1060
-666
-217
146
525
863
1227
1621
1857
2080
2205
2039
1762
1301
634
-177
-1209
-2258
-3080
-3692
-4180
-4302
-4037
-3638
-3012
-2207
-1370
-499
229
815
1258
1298
1181
1296
1467
1720
2200
2709
3514
4417
4921
5308
5480
5071
4397
3423
2056
865
-443
-1857
-2793
-3560
-4081
-4087
-3963
-3634
-3141
-2796
-2260
-1648
-1327
-948
-554
-327
68
462
744
1295
1864
2253
2723
3027
3188
3287
2930
2327
1705
708
-423
-1485
-2586
-3316
-3832
-4308
-4238
-3792
-3321
-2647
-1936
-1367
-701
-345
-181
157
309
495
936
1333
1879
2642
3298
4170
4858
5148
5577
5550
4983
4358
3265
1925
676
-962
-2395
-3342
-4360
-4857
-4863
-4957
-4653
-4256
-4001
-3374
-2912
-2622
-1930
-1362
-915
-237
338
1085
1938
2444
2950
3513
3713
3714
3469
2826
2172
1337
175
-871
-1854
-2769
-3374
-3920
-4201
-4036
-3743
-3245
-2502
-1876
-1163
-380
67
578
985
1236
1770
2354
2919
3594
4291
5146
5931
6132
6177
6125
5575
4787
3532
2017
629
-970
-2502
-3674
-4733
-5340
-5518
-5655
-5432
-5119
-4900
-4286
-3631
-3090
-2286
-1547
-865
-99
443
1076
1822
2376
2955
3462
3736
3821
3537
2838
1961
1144
257
-723
-1741
-2786
-3559
-4132
-4645
-4862
-4725
-4309
-3655
-3003
-2405
-1628
-925
-396
288
881
1551
2526
3204
3802
4548
5082
5856
6487
6558
6652
6360
5563
4692
3351
1715
345
-1154
-2573
-3595
-4658
-5218
-5232
-5353
-5138
-4629
-4098
-3301
-2634
-2088
-1208
-277
531
1351
2080
2770
3396
3784
3934
3845
3712
3454
2974
2360
1454
552
-406
-1633
-2712
-3626
-4383
-4794
-5134
-5352
-5117
-4722
-4066
-3058
-2148
-1240
-330
398
1166
1650
1970
2657
3292
3757
4280
4679
5132
5438
5236
5147
4909
4196
3280
1922
421
-858
-2289
-3511
-4387
-5185
-5539
-5475
-5353
-5092
-4666
-3990
-2954
-2017
-1220
-286
626
1438
2087
2608
3240
3725
4015
4188
4086
3800
3348
2684
1905
995
-86
-1091
-1965
-2973
-3963
-4532
-4871
-5089
-5005
-4707
-4161
-3347
-2623
-1876
-875
-30
709
1582
2255
2822
3499
3899
4266
4617
4753
5035
5298
5035
4595
4104
3253
2301
1056
-439
-1685
-2919
-4031
-4703
-5242
-5485
-5260
-5004
-4518
-3780
-2995
-1915
-908
-231
639
1429
1965
2484
2695
2780
2990
2895
2707
2587
2092
1590
1171
461
-181
-871
-1594
-2112
-2771
-3457
-3807
-4026
-4211
-4208
-3935
-3184
-2190
-1243
-144
934
1988
2964
3604
4079
4383
4546
4686
4606
4412
4339
4255
4210
4074
3702
3357
2768
1862
947
-242
-1478
-2565
-3680
-4496
-5008
-5407
-5182
-4669
-4219
-3377
-2574
-1724
-715
-87
598
1365
1751
2104
2313
2260
2245
2042
1697
1443
989
462
152
-342
-954
-1591
-2242
-2723
-3214
-3755
-4069
-4111
-4097
-4002
-3773
-3237
-2550
-1807
-780
296
1410
2324
2900
3433
3628
3456
3355
3261
3036
2865
2694
2487
2310
1935
1583
1450
1163
675
165
-421
-1103
-1796
-2459
-2839
-2926
-2980
-2673
-2020
-1417
-741
-39
494
1106
1539
1752
2142
2237
2044
1979
1650
1262
1017
571
221
12
-332
-490
-583
-927
-1274
-1412
-1600
-1888
-2220
-2489
-2530
-2593
-2689
-2511
-1958
-1378
-709
240
1301
2316
2985
3344
3581
3410
2828
2389
2037
1622
1427
1331
1410
1677
1494
1350
1452
999
424
60
-609
-1154
-1811
-2646
-2923
-3161
-3335
-2917
-2377
-1798
-988
-324
386
1062
1227
1366
1497
1208
766
355
-105
-486
-935
-1300
-1300
-1278
-1151
-889
-702
-488
-394
-435
-410
-682
-1142
-1376
-1497
-1481
-1492
-1451
-973
-487
-85
577
1238
1812
2366
2510
2552
2472
1813
1238
846
236
-27
10
20
502
861
1017
1667
1883
1736
1803
1456
980
654
-147
-845
-1141
-1699
-1728
-1281
-1071
-583
-26
267
758
933
729
775
519
-4
-354
-760
-1132
-1259
-1415
-1350
-958
-741
-411
-41
129
272
217
57
-274
-793
-1116
-1298
-1578
-1792
-1823
-1512
-1111
-804
-400
98
599
920
1060
1055
982
577
205
75
-213
-359
-281
-25
490
992
1347
2023
2458
2505
2643
2424
2100
1692
1081
603
201
-362
-763
-909
-1156
-1215
-1120
-982
-737
-788
-948
-976
-1178
-1530
-1773
-1874
-1862
-1871
-1870
-1502
-974
-500
4
498
930
1149
1140
1115
972
553
1
-480
-821
-1154
-1302
-1170
-812
-444
-49
439
924
1262
1342
1339
1316
1084
506
134
-5
-95
45
316
843
1562
2113
2682
3316
3508
3499
3355
2840
2209
1388
434
-130
-680
-1367
-1567
-1724
-1779
-1693
-1837
-1867
-1773
-1786
-1792
-1699
-1701
-1853
-1880
-1796
-1587
-1276
-964
-406
101
482
862
1138
1237
1125
932
666
196
-510
-1152
-1735
-2274
-2649
-2855
-2734
-2311
-1911
-1441
-812
-350
30
317
293
274
96
-186
-139
-57
98
599
1329
2129
3054
3767
4360
4981
5090
4953
4720
4036
3174
2273
1332
566
-196
-1005
-1326
-1420
-1592
-1698
-1826
-1950
-2066
-2272
-2387
-2292
-2281
-2297
-2223
-1998
-1601
-1296
-967
-468
-93
178
557
765
818
743
524
399
107
-378
-702
-1008
-1319
-1511
-1665
-1578
-1332
-1213
-963
-586
-317
-58
111
149
187
127
-17
122
318
470
991
1577
2210
3085
3738
4338
4899
4857
4688
4254
3263
2311
1286
169
-775
-1693
-2577
-2896
-3169
-3468
-3343
-3365
-3356
-3103
-3067
-2924
-2536
-2384
-2085
-1588
-1199
-608
82
693
1360
1783
2049
2447
2589
2418
2160
1742
1278
717
-35
-587
-1045
-1529
-1852
-2061
-2095
-1931
-1796
-1520
-1078
-738
-308
123
358
669
923
867
1032
1224
1274
1682
2159
2593
3330
3849
4157
4634
4590
4207
3846
2931
1806
810
-404
-1401
-2225
-3198
-3697
-3902
-4234
-4085
-3865
-3798
-3316
-3010
-2763
-2140
-1794
-1475
-935
-706
-356
66
263
776
1344
1528
1856
2055
1938
1962
1551
811
293
-564
-1443
-1883
-2564
-3087
-3181
-3271
-2918
-2305
-1803
-958
-105
416
1109
1579
1736
1967
1876
1779
1976
2018
2268
2746
3043
3619
4139
4264
4606
4595
3991
3494
2627
1458
410
-1004
-2123
-2833
-3811
-4274
-4320
-4547
-4370
-4012
-3723
-3125
-2720
-2479
-1919
-1554
-1315
-843
-493
-76
477
820
1377
1952
2187
2432
2480
2339
2145
1572
837
165
-786
-1717
-2268
-2779
-3141
-3210
-3093
-2580
-1885
-1210
-207
834
1580
2257
2771
3072
3253
3117
2923
2956
2903
2776
2977
3212
3393
3752
3800
3763
3641
2927
2082
1193
-51
-1240
-2411
-3644
-4374
-4900
-5340
-5069
-4637
-4300
-3575
-2871
-2249
-1635
-1375
-1052
-634
-519
-380
-123
-16
127
377
605
865
1105
1176
1229
1208
801
289
-248
-876
-1453
-2077
-2593
-2689
-2665
-2528
-1964
-1309
-454
535
1250
2068
2766
3039
3419
3459
3076
2876
2403
1807
1664
1395
1223
1570
1686
1926
2472
2488
2496
2492
1768
1146
459
-780
-1619
-2380
-3312
-3662
-3935
-4084
-3565
-3119
-2673
-1861
-1332
-854
-228
-138
-25
125
-219
-303
-316
-538
-374
-212
-237
31
153
196
496
523
370
288
-97
-477
-759
-1241
-1477
-1473
-1507
-1206
-748
-337
412
1061
1671
2450
2900
3113
3253
3093
2703
2231
1516
871
493
91
-106
-26
194
677
1176
1481
1730
1796
1580
1204
602
-209
-893
-1515
-2046
-2368
-2523
-2327
-1881
-1328
-780
-292
152
492
596
359
38
-244
-656
-1125
-1473
-1676
-1699
-1559
-1313
-968
-648
-330
-38
70
-26
-129
-263
-443
-680
-1006
-1115
-1118
-1082
-893
-637
-262
278
753
1128
1529
1763
1880
1857
1580
1164
747
215
-408
-838
-1045
-1072
-975
-730
-227
583
1269
1834
2394
2667
2639
2536
2088
1421
958
398
17
-119
-462
-482
-141
26
177
185
26
-38
-436
-1078
-1500
-2012
-2582
-2926
-3116
-3045
-2669
-2294
-1667
-794
-92
652
1337
1678
1916
2017
1904
1840
1534
987
681
304
-117
-278
-393
-399
-144
65
210
497
644
596
454
0
-481
-853
-1354
-1822
-1991
-1976
-1730
-1216
-626
255
1401
2300
3008
3667
3892
3833
3463
2569
1712
788
-297
-1024
-1680
-2257
-2310
-2269
-2307
-2137
-2060
-2010
-1862
-2070
-2338
-2368
-2520
-2535
-2388
-2160
-1537
-725
44
933
1787
2449
3069
3447
3489
3414
3086
2545
1869
971
212
-400
-1145
-1707
-1944
-1869
-1530
-1156
-819
-375
104
416
561
448
262
-21
-378
-703
-1120
-1287
-964
-462
196
1028
1949
3074
3992
4335
4595
4540
3945
3187
1987
704
-266
-1327
-2145
-2657
-3068
-3003
-2647
-2446
-2073
-1751
-1618
-1451
-1590
-1812
-1823
-1877
-1888
-1657
-1390
-851
-86
526
1194
1769
2216
2663
2748
2474
2132
1642
979
175
-774
-1560
-2110
-2607
-2862
-2930
-2754
-2281
-1795
-1244
-521
140
648
1041
1123
1078
927
613
384
23
-255
-26
325
688
1219
1783
2505
3179
3388
3432
3285
2779
2125
1137
-55
-979
-1809
-2389
-2662
-2912
-2810
-2358
-1956
-1463
-925
-544
-206
-161
-383
-395
-491
-732
-762
-664
-471
-24
445
942
1482
1715
1898
2083
1896
1535
1099
553
7
-699
-1424
-1858
-2136
-2280
-2170
-1783
-1137
-480
215
1038
1749
2208
2502
2582
2353
1817
1146
527
-111
-861
-1293
-1180
-836
-441
12
610
1394
1995
2161
2261
2213
1796
1168
414
-353
-924
-1435
-1799
-1809
-1742
-1582
-1221
-952
-862
-710
-686
-761
-880
-1350
-1750
-1940
-2223
-2378
-2387
-2311
-1849
-1335
-900
-316
213
658
1067
1129
1022
932
510
64
-327
-707
-867
-916
-981
-768
-215
369
931
1365
1689
2064
2314
2314
2195
1904
1511
1102
576
130
-152
-327
-134
217
496
1001
1643
2326
2855
2831
2739
2787
2306
1512
704
-176
-624
-1024
-1514
-1551
-1532
-1516
-1157
-991
-1069
-1064
-1213
-1399
-1656
-2301
-2779
-2881
-2929
-2798
-2469
-2049
-1410
-708
-114
563
1167
1423
1539
1576
1443
1256
983
611
201
-161
-390
-392
-286
-231
-92
237
597
879
1161
1308
1303
1179
856
599
363
-64
-477
-686
-823
-861
-594
-292
12
370
695
1222
1629
1563
1608
1738
1487
1093
513
-257
-607
-979
-1399
-1431
-1556
-1657
-1430
-1247
-1114
-957
-1057
-1061
-1034
-1329
-1517
-1514
-1500
-1452
-1416
-1216
-714
-198
155
602
1059
1405
1663
1728
1690
1610
1401
1087
712
292
-76
-252
-314
-266
-120
43
385
750
950
1102
1219
1200
1121
955
664
461
217
-193
-539
-873
-1158
-1127
-988
-960
-728
-371
110
797
1181
1345
1689
1823
1585
1343
971
558
229
-137
-467
-638
-883
-1059
-902
-987
-1213
-1156
-1174
-1263
-1405
-1670
-1558
-1362
-1511
-1481
-1209
-959
-597
-253
138
752
1176
1441
1717
1840
1771
1591
1290
969
563
55
-307
-560
-845
-1005
-894
-594
-237
56
321
577
795
887
867
895
836
639
319
-99
-461
-734
-1011
-1125
-995
-898
-682
-245
340
1047
1458
1693
2060
2100
1730
1281
702
142
-501
-1254
-1660
-1861
-2066
-1981
-1762
-1562
-1356
-1282
-1159
-1041
-1230
-1401
-1361
-1320
-1261
-1240
-1063
-584
-101
320
822
1330
1743
2046
2113
2099
1995
1637
1235
817
307
-111
-312
-506
-586
-582
-422
51
422
668
982
1351
1636
1711
1608
1455
1198
713
242
-143
-445
-751
-916
-750
-577
-306
189
694
1204
1493
1428
1559
1572
1061
633
229
-244
-596
-1201
-1724
-1812
-2043
-2106
-1857
-1725
-1496
-1284
-1264
-1171
-1205
-1328
-1243
-1266
-1347
-1269
-1076
-696
-386
-263
38
405
651
805
898
1103
1237
1061
816
618
418
303
153
-69
-271
-474
-514
-389
-268
-71
214
572
946
1217
1354
1491
1513
1250
902
557
96
-291
-598
-860
-671
-446
-303
291
828
1256
1801
1937
2091
2248
1764
1328
969
226
-339
-867
-1441
-1586
-1771
-1937
-1742
-1720
-1784
-1648
-1575
-1495
-1452
-1611
-1695
-1715
-1774
-1716
-1449
-1102
-699
-222
288
839
1293
1658
1971
2129
2088
1945
1716
1480
1204
774
446
174
-146
-330
-397
-351
-134
126
403
759
1025
1237
1395
1311
1110
799
352
-15
-383
-755
-955
-1128
-1089
-792
-492
-12
548
1011
1416
1436
1236
1149
715
46
-505
-1253
-1826
-2116
-2404
-2354
-2168
-2121
-1789
-1304
-1055
-775
-567
-486
-392
-496
-642
-527
-430
-412
-209
40
349
756
1130
1623
2097
2251
2220
2096
1826
1446
1007
524
41
-421
-785
-935
-1012
-1116
-1088
-838
-534
-349
-205
111
575
852
850
834
864
772
542
280
146
-4
-272
-461
-445
-302
-224
-100
206
469
554
637
739
898
848
449
223
33
-326
-586
-847
-971
-871
-881
-781
-404
-165
80
326
266
242
203
-13
-128
-385
-759
-754
-636
-555
-424
-323
-46
252
314
282
316
380
332
127
-124
-402
-685
-902
-1034
-1026
-993
-949
-785
-501
-143
236
561
833
1024
1043
1114
1154
1029
851
598
389
180
-123
-350
-478
-540
-471
-528
-599
-329
-62
158
334
308
450
552
307
140
17
-208
-221
-233
-232
-40
5
209
581
629
702
841
769
671
380
-62
-320
-568
-839
-947
-1031
-1025
-861
-672
-421
-141
141
413
614
788
916
904
854
754
602
532
486
404
335
322
415
561
635
635
598
535
445
430
369
173
-33
-324
-638
-864
-1178
-1451
-1516
-1663
-1768
-1573
-1412
-1214
-842
-576
-214
101
70
282
561
472
416
292
67
58
-93
-271
-175
-190
-268
-192
-143
-32
151
236
301
297
203
80
-23
-184
-394
-491
-521
-509
-395
-175
129
405
593
693
781
797
660
496
359
224
81
-58
-220
-292
-297
-259
-120
66
307
530
685
777
839
848
785
602
338
47
-265
-503
-789
-1033
-1138
-1232
-1089
-716
-390
14
537
1003
1393
1615
1663
1756
1639
1256
933
559
169
-115
-422
-594
-545
-551
-495
-278
-226
-189
-147
-302
-446
-673
-985
-1146
-1302
-1532
-1580
-1458
-1231
-900
-663
-359
87
376
548
679
690
641
482
211
-18
-235
-424
-502
-488
-421
-253
86
423
649
856
1047
1241
1308
1163
989
806
539
221
-73
-347
-549
-714
-779
-700
-635
-483
-181
-7
126
377
610
889
1005
874
880
819
492
214
-74
-247
-262
-473
-580
-474
-459
-376
-328
-449
-496
-598
-816
-989
-1187
-1425
-1478
-1396
-1342
-1158
-796
-351
91
438
730
1023
1238
1260
1247
1216
1070
900
619
300
145
-19
-167
-202
-247
-181
38
166
248
344
358
411
398
228
54
-98
-200
-215
-262
-303
-204
-111
-63
15
64
184
411
522
558
640
672
684
619
375
257
154
-103
-226
-344
-441
-389
-451
-478
-370
-369
-304
-203
-298
-368
-397
-466
-479
-609
-707
-513
-333
-292
-273
-204
-1
184
168
162
244
243
234
119
-46
-122
-285
-403
-441
-557
-587
-514
-479
-407
-319
-185
57
253
389
587
837
1126
1334
1393
1456
1500
1454
1344
1167
895
615
304
-87
-383
-603
-775
-792
-831
-881
-711
-508
-338
-192
-235
-226
-139
-260
-340
-355
-467
-377
-259
-214
51
298
439
645
700
577
509
343
88
-177
-533
-773
-872
-1023
-1063
-950
-772
-491
-197
57
325
532
590
557
449
302
177
40
-134
-302
-410
-423
-369
-271
-118
130
373
529
632
670
713
705
548
292
49
-173
-416
-674
-921
-1068
-1114
-1163
-1213
-1151
-1001
-832
-607
-409
-232
5
218
447
654
691
767
889
898
978
1052
1064
1172
1223
1201
1246
1240
1171
1108
858
573
389
24
-389
-728
-1036
-1165
-1235
-1362
-1309
-1079
-784
-396
-55
208
466
655
684
645
604
547
448
229
8
-97
-108
-110
-104
-56
-32
46
175
175
124
68
-69
-220
-400
-601
-686
-753
-850
-921
-955
-865
-704
-570
-427
-238
-4
214
256
262
377
482
551
498
360
370
401
331
235
96
55
84
68
73
72
30
26
-24
-190
-322
-362
-357
-335
-397
-423
-289
-116
6
108
289
549
760
886
966
1036
1060
1011
865
623
415
199
-67
-362
-687
-917
-1012
-1151
-1339
-1368
-1286
-1133
-945
-894
-815
-641
-557
-459
-408
-426
-340
-180
-36
102
185
239
402
512
568
620
681
785
742
631
613
629
623
538
420
443
513
495
471
477
496
544
562
527
482
383
331
373
360
276
212
159
89
27
-40
-3
89
42
-46
-69
-70
-80
-126
-228
-282
-272
-332
-413
-490
-603
-701
-786
-849
-845
-802
-787
-748
-649
-528
-424
-294
-180
-88
15
97
200
228
178
135
111
128
76
-90
-248
-344
-404
-454
-502
-569
-557
-416
-300
-217
-96
13
111
216
279
398
528
562
616
608
548
535
508
465
473
483
539
661
635
520
444
360
324
324
300
286
275
224
134
45
-29
-35
28
19
-42
-100
-167
-153
-179
-279
-365
-417
-464
-514
-546
-595
-581
-511
-387
-208
-39
102
284
433
515
588
595
534
453
333
162
-59
-328
-550
-737
-911
-1023
-1084
-1035
-879
-732
-534
-289
-61
162
352
526
684
791
782
753
730
679
680
643
571
548
448
355
294
97
-111
-267
-424
-556
-703
-875
-973
-988
-970
-855
-664
-496
-268
-21
215
427
502
525
542
494
355
192
16
-156
-298
-477
-600
-609
-566
-425
-266
-106
112
262
371
466
516
534
516
479
428
369
273
190
118
54
48
64
135
251
354
454
571
661
711
731
683
632
567
453
291
97
-96
-243
-341
-406
-442
-467
-464
-464
-478
-515
-567
-620
-678
-713
-737
-771
-744
-651
-551
-459
-379
-241
-9
187
318
406
461
515
523
449
336
204
102
7
-141
-289
-325
-299
-275
-210
-128
-13
147
259
320
352
362
396
362
207
58
-69
-171
-254
-377
-441
-416
-319
-222
-139
-16
131
308
460
515
544
620
659
667
611
525
484
445
367
254
160
89
7
-118
-227
-264
-238
-216
-277
-356
-389
-352
-338
-380
-422
-439
-404
-345
-284
-242
-177
-79
-29
-37
-44
-71
-104
-136
-243
-344
-380
-406
-449
-505
-522
-495
-431
-346
-255
-135
-3
130
265
364
469
567
618
648
647
630
603
558
504
474
459
442
420
390
423
460
464
442
378
371
329
193
49
-125
-228
-285
-400
-527
-605
-605
-604
-667
-714
-690
-608
-498
-437
-407
-346
-271
-193
-105
-26
79
207
306
368
442
528
585
609
554
433
362
300
173
-18
-217
-363
-458
-509
-582
-629
-595
-550
-470
-388
-300
-145
62
269
450
568
658
749
740
672
611
549
490
371
198
66
-40
-123
-178
-258
-289
-276
-259
-255
-282
-305
-301
-265
-250
-235
-237
-251
-220
-204
-185
-137
-75
18
135
199
257
347
373
361
314
238
175
121
24
-99
-182
-259
-302
-305
-286
-262
-244
-176
-97
-50
-23
-38
-65
-39
-29
-47
-42
-29
11
63
126
197
248
295
364
442
508
513
437
335
208
51
-102
-273
-447
-587
-669
-693
-673
-605
-518
-440
-354
-237
-101
37
134
195
240
264
295
296
270
265
258
293
343
321
314
340
349
334
264
174
100
18
-73
-147
-189
-215
-233
-238
-241
-204
-143
-84
-21
21
71
117
130
122
91
41
-7
-77
-115
-114
-111
-115
-128
-116
-92
-51
-12
23
75
122
169
177
155
125
78
41
-4
-68
-120
-134
-144
-140
-118
-111
-101
-49
16
54
100
146
198
212
207
195
164
114
7
-94
-166
-213
-253
-301
-358
-371
-322
-260
-190
-113
-20
91
183
266
327
338
337
303
260
221
184
135
79
23
-20
-47
-100
-158
-222
-271
-270
-231
-176
-118
-66
-10
72
138
198
255
276
289
284
267
238
192
109
-14
-121
-200
-267
-333
-397
-445
-488
-506
-507
-469
-397
-300
-168
-46
87
191
272
329
343
341
321
294
242
159
52
-52
-105
-141
-143
-126
-101
-59
13
82
140
202
248
282
315
329
311
271
218
157
104
53
9
-50
-80
-84
-108
-138
-185
-222
-266
-301
-334
-337
-310
-308
-297
-276
-225
-133
-10
101
171
223
265
290
297
266
217
165
115
56
3
-53
-95
-102
-83
-52
9
108
206
315
378
385
356
283
205
125
30
-47
-107
-166
-215
-251
-259
-235
-188
-141
-96
-42
31
93
125
137
96
47
11
-31
-87
-157
-215
-250
-253
-260
-246
-211
-164
-123
-125
-112
-75
-26
26
67
88
100
109
115
108
83
66
77
104
101
77
42
1
-55
-145
-240
-328
-379
-377
-332
-259
-145
-19
82
175
244
282
292
299
305
293
260
207
132
44
-41
-102
-129
-143
-125
-64
12
109
194
254
309
357
386
374
327
268
204
142
65
-29
-116
-186
-234
-265
-265
-232
-181
-139
-123
-120
-127
-131
-142
-154
-134
-91
-62
-54
-29
6
24
40
50
40
35
31
12
-37
-124
-196
-246
-288
-284
-253
-212
-144
-75
-3
67
124
171
213
253
258
245
201
147
98
33
-38
-112
-157
-184
-197
-169
-116
-39
51
124
166
176
177
156
143
135
127
107
70
59
51
41
35
31
37
55
71
63
39
27
27
-5
-54
-88
-96
-91
-91
-84
-67
-35
9
41
61
64
68
74
73
57
22
-17
-56
-86
-122
-164
-190
-196
-182
-168
-146
-123
-102
-54
-10
47
99
118
117
114
118
107
80
46
8
-7
-17
-13
7
-1
-26
-55
-58
-70
-88
-89
-98
-110
-109
-71
-17
35
71
103
153
181
190
185
172
167
135
96
64
16
-35
-67
-77
-76
-62
-54
-67
-75
-72
-45
-12
2
1
-12
-30
-36
-43
-60
-74
-95
-111
-101
-86
-64
-44
-25
-4
5
10
6
17
33
29
24
29
24
15
25
41
74
110
134
141
127
95
59
34
12
5
5
-5
-14
-36
-58
-68
-64
-39
-4
46
81
103
112
111
111
84
45
-15
-63
-79
-89
-85
-101
-122
-135
-156
-162
-166
-148
-99
-66
-39
-9
7
15
19
37
50
38
35
29
23
19
25
21
17
23
11
15
18
11
-5
-4
12
29
55
65
74
72
50
48
43
45
43
24
8
4
-1
-11
-6
-20
-25
-24
-28
-19
-21
-13
-9
-7
-17
-30
-27
-21
1
9
18
34
49
71
106
114
114
117
97
85
70
55
34
10
-10
-27
-52
-61
-55
-67
-83
-111
-130
-127
-119
-105
-105
-113
-105
-92
-75
-46
-9
17
43
62
69
84
83
79
76
74
64
39
13
-8
-30
-57
-76
-81
-82
-74
-81
-74
-63
-54
-37
-25
-15
0
3
-3
9
-5
-25
-44
-38
-23
-12
13
43
58
54
63
82
78
57
28
-4
-29
-46
-46
-35
-12
12
34
63
87
100
91
77
79
74
63
46
25
14
-4
-19
-47
-65
-73
-74
-55
-37
-21
-4
11
32
61
69
72
58
39
47
52
53
38
15
-12
-33
-30
-14
-5
-2
4
-5
0
10
31
48
33
19
0
-7
-22
-39
-46
-44
-41
-43
-34
-33
-29
-25
-12
-6
-12
-37
-61
-59
-63
-65
-78
-89
-90
-94
-83
-71
-48
-27
-22
-10
-11
-7
-8
-10
-1
3
20
38
74
103
125
131
126
139
139
139
141
151
140
113
88
52
31
16
-10
-22
-30
-49
-70
-80
-89
-81
-70
-67
-65
-81
-96
-120
-134
-135
-142
-140
-128
-97
-59
-22
8
35
50
65
83
87
79
55
39
30
26
22
7
-13
-13
-2
22
54
67
76
51
40
43
42
46
52
43
23
12
10
5
-13
-36
-40
-68
-91
-99
-116
-111
-85
-37
8
34
17
-8
-16
-16
-13
-22
-24
-20
-14
7
15
15
10
4
4
19
9
-8
4
-5
-3
-5
3
22
30
29
16
10
7
20
29
38
59
61
88
101
106
118
101
80
41
24
29
25
24
18
2
-25
-33
-37
-42
-53
-62
-47
-53
-52
-48
-43
-26
0
33
45
51
34
32
35
25
19
-4
-29
-55
-72
-66
-50
-28
4
44
67
66
51
21
-10
-25
-28
-29
-27
-43
-55
-49
-58
-85
-96
-83
-78
-72
-56
-69
-92
-103
-82
-31
6
24
35
22
1
-1
3
9
14
31
43
44
26
16
17
24
44
37
41
33
19
18
23
37
43
55
63
62
55
39
23
10
3
13
21
1
-20
-15
-21
-20
-26
-27
-20
-17
0
9
19
11
-1
-6
-7
0
11
11
-10
-28
-34
-18
-27
-49
-43
-42
-38
-34
-29
-37
-42
-29
-15
10
22
16
17
27
33
45
50
48
44
42
40
33
13
3
5
11
7
-12
-8
-16
-17
-10
-8
-3
-5
2
14
30
33
53
74
85
86
73
74
75
61
37
21
1
-6
-5
-9
-7
-8
-3
-7
-27
-34
-54
-67
-70
-81
-84
-86
-86
-77
-67
-66
-61
-61
-55
-47
-53
-58
-48
-23
-7
7
30
34
32
37
35
32
22
19
22
26
35
47
44
40
38
39
41
45
42
27
10
3
10
8
1
-12
-21
-15
-11
-13
-22
-34
-39
-41
-41
-34
-27
-29
-32
-32
-28
-23
-24
-25
-41
-46
-38
-33
-27
-20
-6
1
13
31
42
48
44
53
60
53
48
46
41
21
4
-2
-2
13
22
21
23
30
39
33
27
20
17
15
11
7
4
13
21
33
34
33
21
-4
-19
-35
-43
-42
-40
-36
-28
-12
-1
6
-3
-17
-17
-18
-18
-16
-25
-30
-29
-23
-10
-3
2
9
6
4
6
-4
-9
0
10
18
20
26
40
37
33
25
10
-9
-23
-30
-19
0
13
31
21
10
-1
-18
-29
-37
-27
-20
-20
-26
-29
-24
-11
5
16
18
9
0
-1
-5
-11
-17
-24
-34
-46
-47
-41
-24
-7
5
13
7
-7
-13
-6
-1
18
51
72
82
61
39
19
-3
-11
-25
-28
-25
-12
-1
-6
-20
-30
-33
-42
-25
-13
-10
-16
-7
8
0
6
11
18
12
6
15
6
16
27
25
24
25
25
22
21
31
41
36
24
11
8
14
25
31
29
23
19
18
18
13
21
27
24
18
12
13
12
7
-16
-36
-33
-27
-19
-20
-29
-44
-60
-69
-83
-87
-81
-59
-44
-38
-38
-34
-24
-18
-8
-2
9
9
8
12
13
5
-5
-11
-9
13
34
40
43
32
27
22
16
24
34
41
40
30
9
-5
-20
-15
-5
5
6
4
1
-12
-19
-22
-7
6
11
8
12
17
26
8
-3
3
14
48
58
46
13
-14
-37
-44
-29
-23
-9
-2
-9
-17
-33
-33
-35
-22
7
21
23
6
-4
-7
-21
-22
-16
-15
-16
-5
-1
-5
-4
-24
-34
-24
-15
-5
-3
-10
-10
4
8
12
16
6
-1
1
14
22
29
33
35
27
23
19
5
5
14
18
17
19
10
0
-6
7
26
48
55
40
30
29
16
4
4
5
15
23
14
-12
-35
-40
-23
4
24
35
36
30
14
-5
-25
-36
-45
-38
-20
-17
-17
-11
-11
-14
-22
-27
-36
-45
-49
-44
-50
-64
-68
-67
-65
-71
-64
-53
-47
-21
-12
-25
-39
-55
-54
-35
-14
0
16
29
34
32
27
34
43
57
72
80
87
74
67
66
50
49
68
75
71
72
73
59
42
26
16
14
10
6
5
-5
-16
-10
0
8
12
-4
-27
-43
-56
-59
-50
-40
-34
-31
-29
-35
-35
-41
-37
-35
-37
-29
-27
-31
-36
-28
-26
-23
-11
7
6
7
28
51
58
47
43
33
27
24
16
12
14
19
26
32
31
18
10
-4
-6
-11
-17
-5
-6
-10
-23
-35
-46
-61
-63
-53
-40
-18
-6
-5
-8
-17
-28
-35
-35
-19
-2
-3
0
16
20
21
15
13
27
16
1
-4
4
3
3
-1
-5
3
22
45
53
57
58
52
42
42
34
29
33
41
36
37
35
35
49
39
22
10
2
-15
-29
-35
-30
-26
-23
-36
-40
-37
-44
-45
-49
-35
-24
-25
-39
-49
-48
-51
-40
-36
-30
-12
-5
3
3
4
21
25
20
9
-3
-12
-15
-17
-19
-8
3
3
-3
-6
-10
-14
-21
-17
-12
0
10
8
5
-1
-5
-8
-2
14
20
19
17
7
-10
-15
-16
-9
1
9
22
16
-2
-19
-28
-23
-13
-11
1
15
19
11
14
22
35
46
50
67
73
68
66
65
59
59
66
68
67
59
42
17
3
-4
-12
-17
-21
-31
-45
-45
-40
-36
-36
-40
-46
-44
-48
-55
-54
-47
-36
-19
4
19
26
25
23
33
27
19
14
6
3
-8
-18
-22
-26
-26
-27
-29
-24
-36
-41
-41
-41
-36
-39
-34
-26
-21
-21
-19
-21
-16
-8
-8
-3
-3
-3
0
2
5
6
9
5
8
20
22
21
14
11
0
-5
-2
3
6
5
19
19
12
1
-2
-12
-13
-2
16
43
59
59
56
54
55
54
50
53
53
49
29
12
7
19
26
16
11
-1
-8
-9
-1
2
10
-3
-11
-5
-12
-14
-13
-13
-15
-13
-17
-19
-21
-21
-22
-26
-25
-30
-43
-52
-57
-59
-56
-61
-59
-45
-32
-34
-33
-36
-36
-25
-11
-14
-17
-13
-14
-6
-4
-7
-1
4
-3
-2
2
16
30
31
37
44
45
47
46
43
29
19
24
30
26
24
24
27
32
31
33
24
10
-13
-28
-21
-9
-5
-10
-21
-11
2
2
8
12
18
5
0
0
13
24
24
25
26
22
6
-2
-4
-8
-14
-14
-8
-6
4
1
-10
1
14
18
16
7
10
9
1
-7
-2
6
3
1
-1
2
8
19
19
7
-8
-17
-11
-5
-11
-30
-39
-32
-15
-7
-7
-16
-21
-22
-21
-9
-1
-8
-28
-32
-26
-25
-16
-13
-26
-18
-6
-5
-3
-6
-5
-12
-23
-23
-9
8
11
-1
9
7
-2
6
-4
-9
-22
-28
-22
-21
-5
3
11
12
11
11
5
-15
-19
-15
-14
-8
5
15
27
36
38
34
21
21
28
33
32
29
22
16
20
29
36
28
24
6
-5
0
3
5
3
-1
-3
-1
1
7
6
2
5
-2
-16
-13
-5
10
9
16
22
1
-9
-14
-18
-17
1
14
7
2
-13
-22
-17
-5
2
-1
2
2
3
3
-3
4
3
-8
-2
1
5
-3
-16
-19
-10
1
-7
-8
-20
-33
-41
-52
-52
-44
-23
-4
1
10
9
2
-4
-6
0
4
6
4
1
-7
-6
9
13
17
27
31
36
40
40
36
33
30
31
34
30
27
34
31
12
5
-7
-25
-40
-38
-37
-36
-20
-22
-15
-13
-22
-28
-35
-24
-6
16
36
42
34
17
5
3
-4
-2
-1
-4
-16
-30
-27
-25
-15
-10
3
7
-5
-18
-35
-43
-52
-53
-41
-31
-24
-14
-13
-14
-19
-30
-31
-18
2
16
27
34
41
38
26
26
25
23
16
16
26
25
24
28
28
25
25
22
12
5
8
14
13
4
0
-1
-1
-7
-15
-10
-1
5
11
19
22
16
-5
-16
-13
-9
-2
14
26
24
14
4
2
-5
-7
13
32
50
48
33
22
10
3
3
8
17
26
9
-8
-27
-47
-54
-55
-58
-64
-61
-64
-62
-63
-64
-62
-61
-51
-40
-31
-25
-12
1
13
25
29
34
47
56
57
56
50
43
31
23
23
19
10
-5
-9
-19
-16
-2
11
27
40
35
25
21
6
9
27
35
37
23
4
2
-2
-4
-7
-14
-11
-9
-6
-9
-27
-42
-43
-35
-29
-22
-17
-23
-29
-27
-14
-4
11
16
14
22
9
-12
-19
-13
-4
11
12
-2
-14
-26
-26
-23
-12
-5
-12
-22
-20
-17
-23
-24
-11
2
14
19
15
20
23
16
2
-5
-12
-13
-7
-1
0
2
8
14
23
33
36
35
33
34
36
35
35
28
16
16
20
27
25
18
18
8
6
3
-6
-15
-20
-26
-27
-21
-22
-25
-22
-16
-17
-18
-16
-17
-20
-25
-10
0
10
24
17
10
-4
-20
-25
-16
-24
-28
-23
-25
-30
-38
-34
-35
-48
-58
-57
-45
-24
-9
-3
-2
3
4
6
24
48
64
59
62
62
52
40
36
37
37
42
50
57
57
58
51
44
47
50
36
21
14
27
28
15
7
2
2
7
15
9
5
-4
-22
-37
-42
-42
-45
-47
-44
-36
-41
-52
-62
-59
-69
-72
-63
-59
-49
-42
-33
-33
-33
-39
-38
-33
-28
-16
-8
-1
-2
0
-1
2
8
15
18
11
14
17
19
24
31
48
66
67
63
48
20
-1
-15
-19
-13
4
13
3
-17
-35
-46
-47
-42
-28
-17
-6
8
6
4
6
3
13
23
34
54
63
66
63
50
38
41
54
56
51
37
14
-4
-12
-24
-17
3
12
13
-3
-11
-7
-14
-15
-8
-8
-9
-3
-11
-28
-44
-68
-76
-60
-48
-55
-56
-59
-69
-79
-82
-65
-55
