-48
-50
-51
-61
-59
-52
-57
-46
-49
-49
-28
-10
16
5
10
26
26
41
38
25
31
33
51
52
31
8
-12
-26
-16
-11
-3
3
-8
-13
-18
3
22
23
17
24
18
24
22
43
56
40
41
25
16
3
-8
-9
0
-2
-17
-24
-43
-60
-89
-89
-72
-48
-21
-17
-21
-27
-37
-38
-31
-28
-10
-12
0
1
-1
0
-8
-2
9
16
23
20
14
23
6
-1
0
3
0
9
7
17
20
8
-3
-20
-14
-21
-10
-9
8
17
19
1
-9
-22
-31
-15
-21
-22
-37
-32
-33
-21
1
12
16
20
22
23
23
18
24
30
27
22
19
5
3
-1
8
25
44
55
62
53
33
19
3
-1
-6
-5
6
17
29
30
18
8
8
5
6
4
-1
2
17
20
24
15
11
2
-8
-3
-17
-17
-6
10
7
3
3
15
20
12
13
3
-13
-23
-33
-47
-40
-32
-24
-20
-8
12
23
16
15
19
27
23
22
20
-2
-13
-34
-43
-57
-54
-36
-13
-10
-22
-33
-33
-37
-36
-30
-28
-26
-29
-22
-11
3
-5
-2
8
14
18
20
26
14
0
-15
-14
-16
-14
5
14
15
13
10
11
-5
-19
-24
-27
-21
-12
-9
-10
7
17
18
8
-7
-26
-34
-27
-22
-25
-14
-5
-4
-4
-13
-20
-30
-34
-29
-27
-13
-5
6
10
26
34
46
44
52
64
68
65
62
68
62
69
57
39
31
29
18
27
21
25
26
12
6
-7
-22
-23
-13
-11
-4
1
0
-1
4
0
-2
-13
-21
-29
-35
-45
-57
-64
-54
-42
-31
-16
-15
2
2
-3
-2
9
34
51
50
50
44
43
39
36
34
22
8
-4
-13
-15
-22
-32
-28
-31
-21
-15
-12
-13
-22
-36
-33
-31
-38
-38
-13
5
18
10
1
7
17
16
27
22
16
9
18
31
31
45
35
39
29
20
2
-28
-28
-29
-34
-41
-45
-50
-35
-33
-34
-49
-73
-80
-73
-53
-50
-43
-38
-37
-36
-28
-27
-19
-25
-26
-18
-18
-1
-7
0
5
14
39
55
64
55
58
61
66
58
62
33
24
14
17
44
45
39
46
34
12
4
-23
-20
-23
-23
-39
-41
-32
-17
-7
14
33
44
50
44
32
30
35
9
-16
-33
-16
1
43
35
48
27
18
-1
-7
-29
-41
-37
-50
-30
-23
8
4
30
15
-3
-37
-47
-45
-36
4
12
39
15
4
-20
-10
4
19
43
45
54
34
40
52
67
63
40
0
-46
-41
-60
-37
-24
-21
-27
-18
-24
-26
-17
-35
-23
-42
-31
-47
-37
-31
-12
-4
-9
-5
33
34
36
30
14
19
4
21
9
21
12
-3
-27
-22
-38
-12
11
16
50
39
46
50
40
27
26
-8
-25
-37
-57
-60
-72
-57
-54
-38
-13
-18
0
15
46
77
81
71
63
36
19
-4
-28
-6
3
18
7
-5
-19
-59
-72
-70
-80
-71
-57
-46
-14
-26
-12
-20
-47
-58
-71
-67
-55
-27
-12
5
12
32
43
57
64
43
39
20
21
12
24
54
73
57
39
53
57
52
28
19
-15
-14
-4
-5
-10
-32
-43
-47
-47
-33
-33
-34
-28
-38
-48
-46
-38
-20
-33
-14
3
3
-3
0
25
24
48
44
62
53
55
74
75
90
88
101
85
79
84
70
58
19
-14
-52
-72
-73
-76
-50
-56
-50
-46
-47
-31
-27
-14
3
12
7
43
49
73
93
87
69
50
14
0
-8
-21
5
-5
-2
-12
-32
-27
-29
-46
-56
-36
-31
-21
-10
-10
-8
-16
1
11
1
-13
1
-4
-11
-35
-55
-63
-70
-78
-46
-8
13
38
26
6
-30
-67
-96
-97
-89
-77
-47
10
21
14
2
-26
-33
-48
-61
-59
-67
-80
-42
-14
30
60
56
49
42
27
21
11
-20
-12
7
38
63
72
60
41
16
8
15
21
37
28
34
45
56
76
72
43
46
35
35
46
39
42
32
47
59
88
83
60
56
24
20
8
12
-6
-21
-12
-18
-4
13
2
-1
-18
-49
-39
-50
-47
-35
-23
-3
0
-9
-30
-52
-87
-107
-104
-114
-110
-116
-103
-65
-53
-69
-74
-74
-73
-62
-45
-20
14
39
57
45
35
47
62
80
83
75
56
32
17
4
9
18
32
39
41
47
40
39
45
34
10
-16
-3
33
29
49
52
50
64
85
69
37
-11
-28
-24
-10
5
2
-18
-12
-1
-2
9
-4
-19
-36
-42
-14
-18
-16
-22
-37
-19
3
13
-5
-11
-48
-45
-47
-38
-12
-20
-24
-23
-21
-35
-50
-62
-68
-49
-46
-40
-18
10
35
43
65
76
59
40
11
-32
-38
-17
28
55
66
54
27
20
18
-13
-43
-53
-56
-42
-29
-43
-70
-30
-14
17
27
-9
4
-3
21
33
39
24
15
13
-6
-7
7
21
8
-1
-10
-13
-40
-53
-53
-34
-14
16
36
52
65
53
67
65
26
-3
-12
-6
27
36
32
13
-25
-39
-34
-49
-64
-60
-64
-74
-79
-80
-78
-60
-48
-22
-11
10
8
-11
-7
-1
3
-4
0
-21
-15
0
30
61
81
101
85
82
87
77
49
31
41
52
60
81
86
77
67
52
35
40
76
100
118
141
166
149
106
93
55
11
-11
-26
-38
-47
-52
-65
-73
-81
-76
-81
-86
-63
-84
-99
-89
-77
-90
-74
-62
-88
-87
-67
-63
-63
-35
-40
-56
-70
-64
-96
-106
-63
-57
-37
-26
-37
-58
-43
-25
-17
-20
0
30
34
39
22
-33
-82
-86
-89
-83
-60
-27
3
4
44
37
-1
-3
-16
-7
4
17
30
38
45
70
70
84
97
94
119
145
140
115
89
42
25
59
64
54
75
80
41
47
98
94
74
96
86
8
-6
47
73
53
67
54
-21
-53
-84
-175
-212
-204
-209
-205
-124
-88
-158
-185
-156
-126
-119
-62
-9
27
68
139
98
86
182
245
259
291
344
322
251
223
272
260
248
283
233
175
191
162
9
-95
-84
-129
-193
-179
-142
-167
-182
-149
-146
-198
-187
-185
-249
-258
-144
-99
-120
-35
42
50
96
187
113
17
-13
-79
-150
-143
-96
-119
-173
-188
-169
-263
-378
-453
-480
-446
-397
-374
-390
-390
-344
-265
-135
40
75
35
49
78
81
164
284
263
238
307
408
498
515
417
285
227
178
122
89
16
-83
-104
-54
-26
4
-8
-42
-30
76
171
155
102
81
105
107
207
313
306
246
171
66
20
131
223
185
120
97
-56
-192
-61
40
-96
-121
31
26
-41
-22
-25
-89
-63
11
44
72
41
-74
-192
-183
-107
-141
-230
-188
-248
-456
-428
-284
-367
-489
-376
-172
-166
-322
-343
-277
-291
-328
-111
323
201
-586
-541
670
920
23
-155
202
6
45
628
381
-518
-494
147
78
-212
-38
-231
-641
-182
399
41
-406
-206
26
47
222
242
-125
-43
642
1004
861
583
407
784
1593
1611
681
367
1013
1144
612
664
1142
865
342
675
948
315
-75
294
165
-400
-237
17
-525
-891
-543
-491
-842
-762
-634
-1061
-1365
-1136
-858
-844
-1078
-1318
-1076
-737
-1023
-1331
-1041
-777
-931
-1049
-952
-963
-1065
-784
-465
-628
-678
-351
-308
-604
-445
529
1640
1193
-758
-1015
1365
2661
1450
695
1065
964
1514
3283
3194
851
341
2024
2424
1986
2186
1097
-686
15
1511
546
-1115
-1311
-1530
-1942
-1102
-451
-1754
-2953
-2391
-1953
-2030
-1328
-1074
-2254
-2458
-789
424
327
35
-211
-404
299
1609
1701
553
198
749
943
1205
1594
908
-231
-69
853
821
40
-498
-1033
-1066
730
1990
-499
-3239
-1230
1947
1437
108
602
309
-358
1886
4073
1996
-331
1190
2641
1788
2028
2579
419
-1002
904
1750
-123
-1112
-1084
-2116
-2260
-567
-466
-2417
-3014
-2212
-1983
-1455
-388
-858
-2364
-2156
-369
750
548
-397
-1187
-656
818
1282
275
-667
-629
-129
372
547
-122
-1099
-1147
-468
-260
-674
-662
533
1388
-448
-2441
17
3492
2257
-172
821
1526
549
2441
4905
2361
-461
1827
3631
1917
1820
2415
-559
-2210
970
2046
-1322
-2828
-2026
-2724
-2816
-1009
-1435
-4006
-4136
-2416
-1969
-1782
-1316
-2301
-3017
-1169
411
-239
-566
-20
-393
-361
1291
1899
443
-317
493
983
1000
1308
955
-88
-111
607
1025
2105
2740
83
-2539
303
4387
3335
741
1094
1197
556
3072
5453
2496
-824
792
2737
2079
2240
2183
-893
-2368
487
1937
-348
-2168
-2562
-3249
-2768
-914
-1081
-3449
-4291
-3075
-1980
-1289
-1232
-2577
-3382
-1977
-416
-222
-561
-1255
-2089
-1384
489
889
-512
-1444
-867
397
1177
749
-446
-970
-353
732
2498
3384
519
-2392
850
5597
4262
982
1545
2142
1372
3914
6337
2598
-975
1745
3906
2112
2170
2568
-1191
-2772
1187
2189
-1583
-2731
-1814
-3208
-3246
-356
-618
-4202
-4575
-2105
-1508
-1590
-889
-2027
-3573
-1797
609
193
-850
-1009
-1563
-1253
1047
1828
-757
-2400
-770
675
291
-18
-363
-1338
-1071
894
2528
2039
-626
-2156
663
4172
3588
1622
1495
991
846
4045
5907
2120
-840
1398
3020
2102
2411
1596
-2102
-2324
1509
1523
-2056
-2995
-2699
-3571
-2316
-86
-1950
-5086
-4107
-1812
-1528
-1110
-810
-2644
-3176
-265
1453
59
-767
-522
-1090
-512
1890
2038
-648
-1383
591
1362
577
633
561
-655
-495
1929
3513
1904
-853
-634
2650
4227
2638
1573
1691
1015
1825
5022
4914
737
-228
2509
2637
1331
2003
632
-2887
-1907
1564
180
-3398
-3672
-3114
-3490
-2120
-1113
-3736
-5683
-3626
-1821
-2157
-1711
-1435
-2995
-2871
-219
643
-630
-815
-580
-1123
-288
1666
1193
-943
-760
801
694
351
1221
823
-565
1321
4912
3413
-1168
-22
4989
5005
1992
2453
3209
1433
2349
5549
3953
-127
585
2861
1542
542
1401
-492
-3199
-1657
428
-1434
-3644
-3584
-3682
-3818
-2342
-1879
-3977
-4838
-2856
-1609
-2053
-1916
-1664
-2253
-1788
-124
285
-513
-695
-372
-74
721
1334
516
-536
70
1126
939
444
513
269
564
2994
4302
968
-1815
1606
5310
3320
1064
2247
1879
523
3419
5876
2200
-858
1541
2772
995
1481
1863
-1763
-3316
57
782
-2759
-3863
-2753
-3586
-3699
-1852
-2723
-5383
-4514
-2290
-2617
-2788
-1584
-2169
-3067
-1021
900
-124
-948
-173
-102
22
1695
2119
207
-193
1470
1782
1165
1589
1102
242
2840
5030
1062
-2062
2430
5770
2339
887
3526
2417
370
3797
5634
1325
-306
2636
2214
150
1682
1600
-2433
-2971
248
-99
-3001
-3375
-3111
-3915
-3323
-2633
-4232
-5026
-3280
-2780
-3829
-2979
-1648
-2470
-2757
-1150
-616
-1188
-547
-71
-908
-304
1824
1604
-475
-188
1552
1615
1406
1975
1370
1728
5214
5682
572
-306
5700
7367
2999
2313
4227
2245
1639
5545
5272
301
298
3516
2059
-141
1041
-99
-3622
-2771
-31
-1684
-4604
-4574
-4161
-4401
-3620
-3808
-5792
-5725
-3406
-3038
-3944
-3256
-2743
-3505
-2874
-1168
-957
-1146
-398
-522
-1305
-67
1890
1067
-913
-496
952
1284
1590
1705
481
1021
4817
5223
23
-1138
4734
7034
3266
2507
4444
2790
2324
6433
6283
744
241
3932
2796
237
1715
1144
-3047
-2673
1076
-221
-4102
-4305
-3629
-4301
-3159
-2276
-5085
-6599
-3559
-1916
-3416
-3254
-2232
-3364
-3176
-405
193
-1394
-983
-105
-1030
-214
2491
1785
-1086
-322
2067
1754
1143
1670
559
675
5124
6045
-182
-1611
5208
7060
2314
2493
5076
2145
1408
6594
6084
-189
142
4045
1948
-200
2166
773
-3917
-2690
757
-1488
-4650
-4177
-4314
-5115
-3325
-2753
-5450
-5896
-3383
-3091
-3807
-2424
-1878
-3051
-2382
-532
-374
-616
-133
-840
-1722
124
2356
1125
-1305
-938
924
1707
2012
1951
815
1762
5678
5336
-466
-626
5966
6893
2301
2729
4709
1727
1759
6720
5152
-959
558
4903
2499
-5
1751
-64
-4159
-2174
910
-2045
-5195
-4482
-4471
-5017
-3465
-3615
-6377
-6205
-3494
-3221
-3745
-2613
-2656
-3698
-2359
-480
-878
-1256
-462
-958
-1700
125
2044
672
-1251
-414
976
978
1410
1892
231
106
4638
6425
1077
-1141
4625
7161
3283
2972
5224
2671
1816
7059
7360
975
395
4811
3709
1078
2940
2151
-2514
-2072
1402
-434
-3676
-3209
-3512
-5048
-3448
-2360
-5407
-6668
-3867
-3084
-4320
-3268
-2389
-3679
-3188
-849
-599
-1334
-611
-690
-1822
-284
2599
1802
-1062
-764
1132
802
606
2097
1139
-1141
1839
6140
2815
-2194
1465
6477
3904
1664
4287
3471
539
3869
7218
2932
-332
2988
3926
854
1501
2723
-1210
-3231
31
189
-3424
-3902
-3244
-5069
-4889
-2701
-4289
-6801
-4887
-3000
-4293
-4031
-2091
-2675
-3642
-1757
-118
-624
-717
-412
-1203
-827
1793
2394
-433
-1273
1405
2208
671
1236
2234
481
922
5395
5324
-318
-498
5349
6592
3402
3213
3793
1963
2925
6514
5333
1069
1127
3235
2431
1629
1934
-497
-3175
-1721
-245
-2380
-4123
-4186
-5214
-5496
-3443
-3151
-5762
-6485
-4541
-3723
-3754
-2702
-2604
-3877
-3047
-486
160
-636
-732
-1022
-1365
570
2823
1264
-1409
-283
2109
1837
1158
1862
1268
277
2953
6164
3580
-885
1196
6320
5915
2771
3132
3844
2415
3619
6467
4474
492
1211
3188
1965
1139
1456
-857
-3240
-1705
-250
-2422
-4538
-4244
-4294
-4858
-4077
-3763
-5178
-5544
-4298
-3668
-3051
-1910
-2194
-3137
-1996
-14
13
-819
-891
-1094
-733
1355
2244
84
-1080
886
2175
1259
1144
1781
817
544
3818
5833
1963
-1150
2921
7055
4668
2122
3535
3337
1845
4406
6705
3305
175
1926
2991
1399
1504
1649
-1573
-3571
-1384
-408
-3137
-5044
-4496
-4323
-4692
-4244
-4261
-5415
-5356
-3811
-2954
-2867
-2741
-2985
-2794
-1291
-131
-423
-1011
-1185
-975
150
1424
765
-1056
-804
1404
1913
524
446
1467
1022
925
3888
5364
1387
-951
3597
6759
3546
1821
4030
3243
1182
4185
6612
2630
-98
2484
2802
407
1325
1623
-2401
-3465
-218
-855
-4473
-4588
-3581
-4630
-4252
-2783
-4176
-5493
-3329
-1832
-2734
-2332
-1221
-1795
-1534
483
839
-587
-705
99
45
214
1099
512
-1150
-646
1283
980
-890
-682
1062
1214
259
1645
4306
3033
-754
687
5778
5657
2387
3298
4303
1695
2789
7157
4884
-638
748
3668
1169
-34
1725
-935
-4490
-1992
-39
-3464
-5252
-3906
-4814
-5697
-3381
-3061
-5833
-5378
-2429
-2575
-3389
-1654
-1162
-2347
-1260
565
-19
-640
318
345
-533
221
1367
447
-527
627
1676
919
665
2003
2280
900
1778
5234
5082
692
520
5492
6383
3050
3191
4428
1972
1950
6259
5362
-402
-454
2927
1394
-413
1239
-507
-4618
-3041
38
-2448
-5097
-3933
-3745
-4660
-3344
-2843
-4743
-4365
-2003
-2428
-3494
-1632
-585
-2279
-2289
-289
-271
-1154
-337
-174
-1550
-1114
697
-160
-1993
-672
1097
-17
-505
1471
2052
437
826
4146
5310
2000
-56
3368
6624
4774
2669
3665
3294
1919
4121
5599
1627
-1047
1447
2152
13
421
327
-3516
-4272
-612
-823
-4605
-4881
-3793
-4846
-4025
-2091
-3987
-6059
-3791
-2121
-3074
-1889
-313
-2306
-2998
44
925
-706
24
811
-1098
-863
2042
1706
-882
-389
1247
774
666
1715
1508
967
1643
2738
4299
4850
2089
606
4637
7107
3793
2324
4247
2896
1467
4944
5435
90
-852
2754
1779
-616
810
-147
-4168
-3229
6
-1967
-4987
-4467
-4425
-4879
-2689
-2028
-4916
-5450
-2581
-1497
-2349
-2152
-1896
-2591
-1895
-63
80
-973
-1122
-863
-887
-385
255
-141
-835
-316
916
1152
639
1157
2063
1486
1681
4920
5971
1441
-304
5084
7438
3206
2117
4355
2564
1460
5444
5628
300
-384
2871
2003
124
1045
-520
-4174
-3179
-131
-1340
-3989
-4583
-5130
-5029
-2544
-1871
-5130
-6642
-3769
-1672
-2336
-2727
-2687
-3171
-2486
-653
-119
-909
-1191
-968
-600
377
1330
858
-413
-306
1218
2037
1423
941
1582
2060
1886
3337
5680
3890
-421
1058
6223
5521
1817
2658
3406
938
2286
5779
2769
-1806
-73
2062
311
177
687
-2789
-4761
-1494
138
-2510
-4195
-4106
-4507
-3604
-1761
-2996
-5524
-4543
-2303
-2260
-2170
-1379
-2200
-3011
-1588
-192
-498
-827
-758
-971
-276
1096
1009
-37
-100
672
1452
1927
1826
1718
2276
2519
2047
3276
5811
4389
-147
729
6200
6415
2540
2549
3535
1703
2773
6034
3303
-1507
162
3097
1290
73
847
-1549
-3989
-1319
873
-1966
-4575
-4305
-4278
-3969
-2218
-2671
-5538
-5682
-3215
-2503
-2962
-2731
-3260
-3858
-2028
6
-683
-1740
-973
-416
-775
58
1510
940
-412
565
2517
2311
1208
1681
2536
2163
2121
4206
5638
2759
-649
1866
6201
4823
1612
2369
2814
1204
2775
4924
1716
-1512
850
2869
1043
265
431
-2085
-3428
-855
10
-2841
-4590
-4249
-4315
-3840
-2716
-3993
-6496
-5899
-3723
-3353
-3425
-3176
-4014
-4129
-1989
-680
-1379
-1427
-689
-1027
-1161
497
1732
651
-402
795
2521
2593
2091
2508
2878
2708
2999
4033
4932
4074
1421
1063
4636
6103
3123
1838
3074
2191
1902
4765
4402
153
38
2857
1853
277
1230
-403
-3469
-1776
537
-1877
-4106
-3655
-4357
-4532
-2087
-2527
-6301
-6030
-2651
-2825
-4078
-2669
-2523
-3913
-2159
161
-1112
-1896
89
210
-1278
244
2483
1248
-243
1314
2741
2026
1518
2082
2391
2622
3106
3052
3380
4216
2866
725
2632
5659
3897
1079
1967
2347
848
2228
3836
813
-1500
870
1797
-458
-574
288
-1585
-2558
-590
-568
-3254
-4391
-3884
-3948
-3827
-3571
-4668
-5703
-4833
-3721
-3477
-3092
-2833
-3059
-2649
-1529
-840
-264
343
-127
-773
523
2454
2279
897
900
2143
2959
2759
2334
2514
2775
2374
2472
4517
5579
2258
-670
2407
6026
4082
1351
1719
1384
937
3638
4561
599
-1248
1492
2228
528
656
60
-2913
-3154
-599
-991
-3638
-4566
-5065
-5680
-4124
-3050
-5318
-6612
-4550
-3633
-4326
-3041
-1925
-3470
-3754
-1166
134
-397
272
831
-229
457
3185
3432
1274
905
2239
2788
3081
3405
2424
1522
2508
3030
2485
3554
3654
25
-917
3643
4979
1076
69
1835
894
645
3469
2947
-853
-453
2224
1207
-133
818
-611
-3522
-2202
349
-1348
-3943
-4020
-4229
-4559
-3096
-2978
-5458
-5880
-3684
-3133
-3620
-2733
-2495
-3325
-2204
45
389
70
915
1293
1078
2363
3803
2903
1605
2619
4008
3349
2376
2771
3092
2745
2656
2694
3289
4231
2560
-538
853
4709
3794
595
976
1794
810
2158
3936
1258
-1212
903
2105
359
235
168
-2816
-3795
-1139
-1084
-3914
-4705
-4540
-5327
-4420
-2840
-4350
-6158
-4469
-2628
-3111
-3011
-2022
-2398
-2566
-715
698
383
478
1222
1063
1125
2496
3014
1708
1025
1870
2408
2267
2058
1435
788
1052
1169
917
2085
2866
72
-2249
654
3802
2173
45
636
749
554
2403
3046
421
-961
545
1373
975
798
-561
-2795
-2591
-790
-1223
-3255
-4293
-4559
-4248
-2870
-2221
-3727
-4964
-3658
-1656
-1058
-1190
-1304
-1470
-759
871
1504
961
889
1344
1564
2084
2848
2399
1046
819
1917
2602
2048
956
517
1287
2305
2039
1232
2091
3401
1895
-569
966
4419
3825
746
471
1823
2075
2571
3037
1315
-327
856
1916
508
-706
-959
-2272
-3209
-2099
-1693
-3609
-5227
-5129
-4502
-3678
-3154
-4226
-5489
-4314
-2053
-1615
-2059
-1817
-1392
-763
456
1300
1319
1121
864
904
1771
2550
2031
908
532
1139
2039
2134
1094
340
910
1630
1397
1388
2760
3397
1128
-482
2542
5765
3796
790
1485
2450
1793
2590
3354
760
-1056
865
1674
-132
-546
-595
-2832
-3500
-1227
-1147
-3856
-4777
-4091
-4085
-3194
-1889
-3299
-5154
-3416
-1082
-1587
-2123
-1129
-1145
-1661
-393
924
438
-207
30
200
614
1582
1369
-218
-499
1142
2145
1431
540
430
958
1639
1764
1210
1604
3166
2811
244
390
3703
3862
622
186
2177
1768
816
1840
1469
-543
-311
785
-455
-1193
-237
-1117
-3119
-2501
-1197
-2266
-3725
-3775
-3333
-2539
-1719
-2577
-3637
-2306
-609
-1169
-1680
-655
-390
-931
-232
746
422
124
668
767
677
1286
1265
49
-149
1146
1711
1038
524
690
1246
1805
1754
1393
2362
3963
2825
99
1246
4664
4010
1058
1306
2445
1470
1819
3410
1975
-274
713
1445
-25
54
747
-1810
-3943
-1911
-564
-2761
-4266
-3764
-3870
-3631
-2191
-2473
-4226
-3459
-1279
-1339
-1975
-883
-292
-1025
-532
863
872
76
27
294
518
1088
1356
443
-141
716
1543
1139
732
970
968
933
1331
1283
979
2427
3721
1563
-786
1597
4612
2793
-28
447
1231
485
1114
2122
469
-1208
-73
952
294
182
-270
-2361
-2879
-895
-581
-2546
-3490
-3406
-3478
-2652
-1832
-3078
-4170
-2885
-1902
-2687
-2554
-1363
-1590
-2260
-1231
35
-67
-377
32
378
571
1119
1422
971
579
1000
1519
1584
1460
1346
1452
1843
1856
1526
2603
4030
2381
-678
452
3990
3422
436
549
1800
1112
1540
3125
1878
-208
887
2078
940
697
1038
-1002
-2483
-702
150
-1759
-2878
-2824
-3319
-2890
-1688
-2736
-4355
-3328
-2065
-2710
-2449
-845
-1196
-2399
-1189
768
642
-182
139
595
600
1074
1543
856
265
901
1481
1201
1095
1188
653
464
1199
1352
980
2045
2578
124
-1194
1900
3894
1399
-95
1482
1547
526
2139
3458
1370
9
1448
1963
1235
1622
1043
-1511
-1995
-207
-355
-2178
-2918
-3304
-3721
-2941
-2334
-3463
-4160
-3079
-2368
-2619
-1975
-1156
-1714
-1967
-519
599
296
199
642
629
702
1484
1519
570
657
1576
1317
822
1256
1038
245
779
1372
366
119
1913
2188
-327
-1101
1527
2623
654
-110
845
259
-193
1685
2262
-42
-834
890
1293
649
1053
531
-1548
-1745
32
167
-1591
-2899
-3248
-2931
-2138
-1977
-2870
-3587
-3276
-2404
-1734
-1452
-1473
-1471
-1029
-122
570
594
618
1063
1465
1537
1798
2201
2053
1695
1859
2100
1810
1485
1341
1298
1572
1508
530
544
2388
2235
-596
-753
2219
2509
371
298
890
27
781
3036
2214
-231
150
1456
1012
1038
1415
-636
-2914
-2007
-383
-1207
-3007
-4102
-4641
-3926
-2308
-2557
-4625
-5035
-3493
-2594
-2306
-1543
-1524
-2245
-1568
81
541
288
679
1015
981
1714
2579
1936
1134
1879
2475
1688
1376
2078
1846
1241
1612
1273
84
1190
3354
1822
-1333
-398
2476
2288
987
1445
1170
-10
1422
3746
2713
527
784
1601
1493
2009
1996
-528
-2478
-949
794
-567
-2958
-3937
-3855
-3042
-1841
-2136
-4182
-4903
-3083
-1641
-1818
-1891
-1487
-1461
-1025
157
812
468
190
620
1212
1585
1579
1056
771
1315
1568
897
557
863
749
524
605
-64
-860
311
2119
1006
-1883
-1821
734
1517
401
-18
-160
-646
504
2594
2216
31
-385
807
1402
1701
1446
-726
-2528
-1149
694
-491
-2992
-3961
-3565
-2681
-1732
-1976
-3382
-3694
-2246
-1122
-962
-688
-632
-1012
-370
1276
1904
1200
788
1141
1757
2384
2476
1660
984
1396
1964
1672
957
784
1055
1017
633
439
279
33
755
2078
1292
-1185
-1083
1563
2249
633
84
437
334
1388
2974
1831
-464
87
1744
1394
621
352
-938
-1949
-984
-357
-1806
-3106
-2923
-2634
-2571
-2012
-1935
-2706
-2542
-1296
-749
-974
-963
-734
-337
608
1291
793
351
1050
1734
1435
1190
1532
1289
625
1048
1587
742
14
771
1121
-43
-715
-1
77
-704
69
1739
523
-2281
-1607
1567
1933
123
148
701
2
726
2824
2003
-439
170
1784
926
309
1041
-187
-2444
-1702
93
-1003
-2853
-2849
-2718
-2967
-1989
-1367
-2643
-3080
-1477
-738
-1374
-1181
-375
-333
-389
211
570
528
567
453
176
651
1470
1078
166
511
1274
735
-63
187
442
23
-147
22
-433
-751
508
1848
570
-1672
-897
1802
2324
1112
964
974
336
1429
3399
2561
401
407
1343
1446
1940
1798
-628
-2380
-801
815
-419
-2183
-2472
-2365
-2010
-948
-1026
-2476
-2676
-1376
-707
-528
-183
-469
-863
64
1307
1254
700
618
633
842
1499
1633
772
154
604
1245
926
-81
-573
-225
-214
-660
-556
-478
-1179
-1282
313
1306
-331
-2031
-650
1649
1459
386
611
728
468
1773
3133
1654
-164
882
2442
1881
1073
952
89
-503
538
960
-568
-1711
-1580
-1489
-1371
-909
-1449
-2588
-2168
-837
-851
-1477
-1134
-645
-666
-304
409
357
-24
169
470
410
410
448
-66
-618
-206
284
-475
-1455
-1041
-253
-604
-1096
-946
-946
-1447
-1034
772
1133
-1240
-2277
383
2268
893
238
1135
601
429
2742
3527
1028
230
2072
2262
1442
1983
1501
-631
-605
1311
889
-1073
-1515
-1367
-1938
-1748
-808
-1590
-3029
-2405
-1278
-1511
-1486
-787
-1091
-1426
-155
805
206
1
607
667
632
1239
1077
-277
-637
528
1070
117
-758
-593
-73
205
241
-91
-740
-1082
-382
1237
1717
-242
-1834
-168
2200
1970
806
717
756
1068
2700
3562
2024
664
1423
2463
2540
2313
1679
565
319
1234
1473
304
-1148
-1663
-1301
-812
-906
-1721
-2497
-2481
-2033
-1596
-1208
-1328
-1947
-1880
-819
-64
-230
-694
-928
-781
-61
545
67
-872
-1029
-323
282
42
-667
-924
-511
-113
-146
-421
-849
-1248
-975
212
1118
141
-1532
-880
1494
2108
1083
776
938
1108
2352
3589
2687
1202
1536
2454
2514
2450
1961
393
-481
581
1418
425
-1058
-1823
-1921
-1434
-853
-1347
-2651
-3154
-2427
-1501
-1045
-1286
-1927
-1990
-1122
-136
25
-500
-991
-933
-378
239
247
-477
-1109
-910
-179
13
-716
-1458
-1327
-742
-457
-472
-578
-994
-1321
-439
1082
1123
-584
-1076
1049
2889
2474
1671
1687
1873
2765
4503
4628
2709
1978
3177
3875
3570
3229
2074
295
405
1896
1395
-855
-2060
-1988
-1662
-1081
-1165
-2653
-3716
-2884
-1740
-1670
-2028
-2395
-2662
-2140
-1018
-641
-1163
-1449
-1238
-820
-347
-153
-551
-1106
-1070
-501
-142
-358
-726
-887
-816
-324
185
-188
-774
-731
-222
752
1957
1577
-456
-377
2532
3850
2386
1765
2536
2610
3086
4498
3918
1834
2009
3471
3278
2619
2417
1037
-461
301
1451
206
-1822
-2325
-2093
-1914
-1734
-2250
-3449
-3825
-3014
-2263
-2162
-2421
-2702
-2549
-2000
-1656
-1585
-1464
-1381
-1334
-1051
-658
-510
-749
-1053
-1053
-833
-597
-301
-310
-794
-808
-1
331
-204
-212
401
259
314
1939
2588
504
-353
2215
3817
2422
1719
2498
2322
2387
3976
4021
1916
1566
2888
2754
2229
2521
1442
-417
-1
1210
424
-1023
-1537
-1873
-1964
-1248
-1332
-2825
-3590
-2779
-2141
-2252
-2286
-2486
-2918
-2495
-1481
-1280
-1736
-1705
-1350
-1212
-704
-40
-361
-1013
-565
261
187
31
349
111
-284
294
887
407
74
417
190
-36
1143
2300
1280
-286
633
2700
2850
1870
1731
1806
1732
2772
3931
3025
1632
2088
2899
2517
2164
1910
724
-41
690
957
-273
-1375
-1682
-1974
-1994
-1933
-2740
-3617
-3265
-2681
-2969
-3132
-2749
-2678
-2678
-1904
-1269
-1324
-1028
-444
-587
-817
-75
539
59
-136
446
529
344
756
841
183
245
945
681
71
259
326
-239
-64
1420
2155
651
-776
637
2974
2916
1627
1504
1902
2162
3355
4267
2851
1309
2102
3147
2690
2099
1560
224
-534
271
541
-1080
-2806
-3259
-3168
-3080
-3191
-3946
-4784
-4688
-4039
-3692
-3529
-3346
-3352
-2964
-1937
-1204
-1151
-1094
-744
-396
90
650
679
281
398
1076
1312
754
238
287
544
517
340
298
193
-16
35
394
724
1296
1870
1269
315
1526
3782
3534
1950
2495
3743
3361
3341
4373
3734
2291
2858
3682
2671
1897
1946
556
-1046
-353
356
-1335
-3002
-2905
-2765
-3061
-2882
-3173
-4201
-4059
-2923
-2785
-3136
-2581
-2087
-2374
-2128
-971
-511
-1001
-971
-433
-212
-15
237
-116
-642
-225
573
338
-472
-476
15
-174
-620
-329
70
-115
-185
64
-43
95
1439
2171
815
273
2423
3777
2629
2226
3281
3166
2743
3955
4448
2782
1904
2720
2739
2031
1962
1154
-768
-1174
-82
-417
-2053
-2722
-2706
-2953
-2738
-2249
-2761
-3541
-3072
-2201
-2013
-1926
-1737
-1922
-1767
-818
-372
-871
-930
-432
-409
-409
128
117
-688
-798
-122
-78
-645
-722
-381
-367
-571
-361
1
9
61
545
720
262
462
1827
2368
1006
304
1869
3133
2500
1997
2339
1983
1639
2742
3324
1869
734
1264
1569
1176
1220
851
-568
-1098
-136
128
-1034
-2009
-2036
-1748
-1532
-1615
-2162
-2686
-2573
-2057
-1716
-1766
-2006
-2088
-1737
-1160
-878
-913
-1009
-1171
-1134
-436
346
100
-810
-881
-97
410
359
97
-245
-315
255
899
887
545
394
499
886
1160
853
854
1729
1863
807
891
2382
2709
1885
2034
2425
1713
1735
3020
2832
1269
1078
1789
1542
1210
1244
261
-922
-416
285
-656
-1908
-2293
-2448
-2354
-1905
-2364
-3664
-3879
-2939
-2407
-2391
-2419
-2668
-2700
-2001
-1274
-1132
-1137
-1003
-850
-369
364
660
498
595
921
1133
1398
1681
1643
1371
1365
1557
1613
1430
1130
1112
1463
1499
891
577
1479
2327
1384
-16
719
2328
2067
1003
1098
1155
560
1243
2476
1678
112
260
806
520
544
407
-1119
-2025
-939
-417
-1570
-2447
-2667
-2950
-2566
-2017
-2761
-3739
-3190
-2506
-2767
-2642
-2055
-2254
-2406
-1408
-533
-677
-730
-240
53
340
878
917
444
533
1222
1482
1025
768
865
884
895
1005
805
330
227
518
668
488
267
36
382
1583
1674
-25
-306
1556
2229
1290
1274
1412
519
980
2866
2610
618
483
1504
1349
1204
1479
360
-1067
-415
624
-167
-1311
-1523
-1573
-1660
-1272
-1268
-2049
-2328
-1769
-1498
-1705
-1661
-1371
-1313
-1317
-978
-555
-577
-742
-544
-175
-18
106
117
-65
111
397
137
-7
510
607
-8
58
818
815
348
473
669
535
683
816
485
795
1810
1466
-131
308
2404
2438
972
1100
1733
1253
1633
2724
1970
534
1029
1890
1240
914
1252
285
-1004
-507
153
-832
-1742
-1524
-1655
-2239
-1905
-1650
-2479
-2838
-2200
-2121
-2458
-1946
-1685
-2269
-2058
-1196
-1185
-1440
-1121
-1145
-1486
-964
-308
-793
-1300
-566
62
-236
-162
357
306
274
807
882
493
755
1236
1094
1031
1299
990
599
1396
2532
1909
289
483
2166
2430
1368
1131
1354
936
1211
2400
2075
581
591
1468
1235
890
1093
427
-560
-27
748
-13
-960
-1007
-1145
-1361
-955
-985
-1978
-2394
-1869
-1818
-2117
-1891
-1895
-2426
-2144
-1287
-1476
-2075
-1781
-1351
-1387
-1010
-429
-656
-886
-47
695
343
57
450
726
868
1258
1292
854
811
1242
1393
1181
1135
1176
846
840
1854
2377
918
-229
1257
2819
2012
976
1320
1367
1181
2156
2557
1099
317
1310
1654
874
762
831
0
-527
-39
59
-748
-1360
-1543
-1776
-1815
-1655
-2020
-2764
-2863
-2371
-2183
-2389
-2416
-2344
-2341
-2126
-1680
-1385
-1392
-1331
-1034
-663
-254
-2
26
167
599
854
841
946
1091
1162
1287
1324
1041
856
1013
1112
1025
998
998
742
399
686
1599
1741
427
-150
1261
2265
1482
1029
1337
955
882
2028
2170
704
292
1147
1110
638
816
211
-1250
-1330
-321
-583
-1794
-2359
-2452
-2460
-2049
-2055
-3082
-3574
-2756
-2242
-2522
-2469
-2228
-2462
-2284
-1250
-670
-1067
-1175
-475
45
121
355
521
200
210
1045
1578
1181
867
1034
1110
1191
1549
1582
1022
762
1220
1508
1256
1077
1183
972
872
1799
2454
1243
14
1065
2461
2039
1295
1279
891
792
1999
2365
731
-253
505
923
538
387
-171
-1301
-1456
-615
-541
-1426
-2129
-2412
-2395
-1984
-1790
-2362
-2893
-2558
-2097
-2072
-2025
-1817
-1769
-1742
-1283
-748
-580
-503
-305
-172
20
446
738
614
549
1049
1563
1434
1090
1215
1704
1973
1861
1629
1411
1292
1394
1569
1381
841
591
732
587
267
652
1068
105
-978
37
1564
966
-219
92
435
25
534
1456
612
-561
155
1030
544
173
187
-595
-1138
-319
9
-1180
-1908
-1604
-1635
-1735
-1367
-1705
-2609
-2347
-1339
-1368
-1880
-1650
-1404
-1500
-1139
-645
-802
-1098
-913
-530
-234
-21
-65
-206
102
649
860
784
756
913
1081
1170
1132
1048
1041
939
795
846
855
528
331
450
297
-105
291
906
82
-982
-107
1238
756
-28
468
768
552
1320
2016
1018
280
1276
1830
1044
728
782
5
-494
122
135
-1064
-1696
-1283
-1186
-1471
-1361
-1523
-2244
-2176
-1331
-1226
-1770
-1709
-1325
-1257
-1014
-572
-599
-701
-337
-113
-191
95
637
601
312
556
1016
1090
1023
1165
1199
1189
1510
1781
1385
955
1168
1484
1456
1295
1097
807
637
636
798
1223
1084
-71
-371
901
1447
508
159
520
224
322
1340
1158
-157
-211
600
396
-43
113
-411
-1287
-929
-288
-817
-1575
-1662
-1802
-1954
-1513
-1403
-2264
-2668
-1974
-1453
-1671
-1833
-1680
-1661
-1555
-1111
-945
-1224
-1192
-855
-678
-438
-57
-190
-485
0
689
636
418
723
967
845
1014
1550
1629
1274
1299
1641
1717
1650
1640
1446
1132
1051
1093
1236
1445
928
-55
115
1141
1112
294
182
225
13
594
1320
599
-510
-171
583
390
21
-194
-779
-1158
-692
-424
-1190
-1940
-1936
-1837
-1860
-1648
-1753
-2448
-2614
-1946
-1514
-1740
-1848
-1646
-1479
-1163
-693
-604
-780
-468
141
334
388
652
659
598
1255
1947
1689
1520
2127
2453
2330
2553
2665
2171
1986
2285
2215
1819
1656
1507
1195
1072
850
178
-94
531
693
-549
-1521
-811
33
-360
-878
-833
-1090
-1217
-366
4
-1069
-1781
-1128
-635
-876
-895
-1012
-1694
-1839
-1059
-727
-1250
-1561
-1538
-1572
-1238
-753
-956
-1395
-1077
-431
-210
-115
30
-40
17
499
885
889
1008
1171
1090
1203
1722
2053
1882
1854
2174
2324
2292
2266
2155
2001
2016
2007
1709
1391
1113
809
646
425
-47
-477
-703
-1084
-1597
-1646
-1208
-1234
-2174
-2680
-1838
-1081
-1555
-1968
-1628
-1675
-1830
-1038
-500
-1262
-1684
-1029
-789
-929
-463
-416
-1386
-1551
-440
-75
-847
-1252
-1140
-1041
-600
-87
-390
-1028
-787
-25
284
247
324
367
362
696
1241
1479
1324
1109
1162
1577
2142
2252
1800
1561
1882
2250
2291
2105
1898
1808
1793
1644
1423
1241
874
300
14
63
-151
-623
-1002
-1295
-1554
-1519
-1130
-985
-1622
-2376
-2100
-1206
-988
-1336
-1391
-1409
-1485
-873
-13
-185
-900
-871
-354
1
308
278
-375
-677
69
823
627
76
-156
-155
126
684
751
148
-108
339
744
833
824
594
226
386
1012
1224
885
663
802
959
1042
1141
978
639
727
1044
993
726
667
621
362
183
95
-185
-444
-516
-729
-1042
-1052
-959
-1204
-1501
-1526
-1513
-1576
-1307
-871
-1140
-1762
-1449
-500
-272
-560
-316
25
-20
340
989
787
264
677
1272
1178
1098
1186
728
334
873
1208
456
-235
-179
-79
-105
56
-74
-617
-712
-326
-206
-294
-355
-611
-823
-536
-161
-303
-530
-393
-243
-188
73
164
-181
-241
129
280
85
12
18
-9
136
249
-4
-264
-127
-41
-218
-318
-254
-307
-477
-526
-458
-505
-620
-424
35
62
-492
-546
110
388
110
89
179
33
424
1293
1270
430
379
1114
1392
1220
1049
547
71
462
1130
849
23
-171
90
217
247
43
-526
-866
-521
-67
-144
-580
-887
-856
-599
-380
-365
-540
-677
-543
-197
33
-53
-280
-294
-51
190
230
144
91
75
144
285
254
29
-15
82
14
-93
61
200
-4
-162
14
111
-83
11
451
335
-234
48
921
868
358
600
779
359
651
1394
1009
270
630
1154
894
771
806
285
9
575
734
11
-441
-292
-240
-285
-243
-587
-1157
-1109
-672
-714
-1104
-1205
-1235
-1295
-1012
-726
-932
-1142
-886
-640
-599
-481
-437
-617
-426
59
61
-172
-43
131
76
156
258
22
-228
-93
76
-87
-342
-406
-319
-221
-171
-265
-407
-419
-336
-47
263
75
-327
-21
781
880
467
522
751
761
1217
1794
1351
623
992
1731
1625
1275
1188
881
692
1162
1325
646
112
48
-37
-124
-96
-477
-1143
-1220
-914
-1078
-1470
-1508
-1531
-1770
-1617
-1152
-1190
-1558
-1468
-1140
-1178
-1126
-756
-749
-990
-694
-181
-150
-270
-123
10
-7
146
434
453
301
327
463
523
611
769
768
561
573
885
973
951
1182
1235
897
971
1546
1628
1273
1265
1351
1152
1252
1692
1555
934
880
1224
1138
898
844
517
89
212
368
-73
-543
-672
-855
-920
-689
-800
-1374
-1572
-1288
-1254
-1316
-1161
-1296
-1678
-1455
-877
-930
-1245
-1051
-810
-888
-672
-239
-365
-679
-378
28
-32
-55
84
-29
-132
79
225
92
20
134
257
240
123
5
52
224
265
188
49
-85
4
377
457
29
-195
191
579
600
571
552
404
467
950
1132
683
346
519
717
694
672
476
39
-117
164
256
-141
-526
-718
-837
-808
-789
-1095
-1451
-1489
-1419
-1383
-1338
-1351
-1474
-1437
-1174
-979
-896
-779
-598
-410
-165
95
214
271
481
780
927
984
1067
1222
1381
1359
1221
1168
1228
1222
1188
1078
780
562
682
786
535
249
147
102
183
384
256
-264
-442
-59
211
96
-16
-64
-156
-53
335
375
-106
-319
5
263
214
138
-45
-353
-340
-41
-64
-502
-833
-817
-725
-633
-583
-757
-1014
-982
-687
-509
-563
-651
-665
-526
-217
41
75
61
226
536
846
1014
981
888
977
1195
1305
1233
1067
995
1068
1065
912
759
611
407
290
193
-90
-354
-466
-529
-641
-809
-917
-967
-1061
-1108
-962
-894
-1136
-1211
-786
-473
-586
-552
-242
-149
-102
261
397
87
110
508
512
241
247
222
-50
-11
255
76
-338
-343
-249
-395
-451
-469
-748
-936
-727
-625
-862
-1006
-872
-749
-624
-360
-279
-412
-314
75
262
198
226
259
264
507
819
781
591
648
809
870
897
805
550
439
505
426
212
103
9
-125
-60
55
-147
-381
-257
-140
-127
21
36
-205
-151
293
472
361
409
484
426
596
852
758
542
627
767
700
730
773
473
182
261
263
-11
-115
-89
-307
-493
-417
-487
-736
-743
-673
-815
-931
-798
-720
-790
-748
-647
-611
-530
-357
-277
-323
-280
-146
-55
28
115
90
7
85
257
283
238
273
250
141
178
306
201
-46
-67
31
-2
37
185
100
-106
21
305
299
283
472
467
319
544
894
788
553
659
811
793
877
975
766
534
648
834
743
530
395
210
19
-12
-97
-436
-745
-830
-850
-946
-1060
-1193
-1408
-1503
-1363
-1248
-1319
-1397
-1379
-1321
-1194
-1014
-928
-964
-912
-742
-589
-445
-303
-315
-325
-95
146
149
143
247
262
274
407
499
434
370
437
491
427
379
404
381
365
473
565
513
434
532
687
707
634
627
713
760
757
779
715
556
534
632
612
449
346
293
234
244
223
36
-190
-273
-278
-362
-484
-610
-744
-800
-680
-627
-757
-834
-790
-764
-687
-548
-574
-656
-538
-360
-355
-375
-303
-268
-236
-42
122
69
60
199
283
298
373
419
335
388
595
605
473
459
495
471
570
668
561
436
477
555
577
595
554
505
543
615
623
623
577
462
475
599
587
448
386
353
249
218
250
107
-132
-161
-65
-152
-313
-373
-485
-630
-606
-587
-769
-940
-925
-925
-983
-938
-899
-981
-986
-844
-790
-817
-767
-700
-664
-540
-356
-325
-335
-249
-190
-235
-195
-58
-33
4
121
172
154
212
269
197
129
176
212
178
198
250
253
236
268
298
281
267
269
271
304
329
339
331
281
287
377
447
404
357
407
417
415
484
485
358
285
318
301
213
153
103
6
-2
58
-23
-168
-224
-259
-342
-363
-357
-426
-496
-472
-409
-420
-424
-408
-422
-439
-399
-384
-425
-407
-332
-311
-299
-209
-156
-170
-141
-83
-82
-41
71
103
99
176
226
194
201
244
215
185
225
206
177
251
291
274
314
397
411
382
422
458
438
435
476
449
379
407
453
404
369
439
442
369
395
421
324
248
274
194
72
64
33
-114
-188
-131
-161
-262
-285
-287
-392
-478
-482
-542
-623
-595
-591
-704
-753
-709
-710
-734
-703
-663
-661
-653
-604
-557
-537
-518
-454
-402
-381
-352
-308
-288
-268
-172
-78
-68
-16
88
166
199
246
301
316
336
373
410
408
448
535
584
572
562
564
584
627
663
660
642
633
629
636
640
570
444
379
369
304
239
220
168
111
136
117
-3
-85
-102
-172
-246
-226
-250
-379
-447
-436
-460
-543
-566
-579
-635
-640
-600
-600
-634
-592
-552
-569
-543
-477
-455
-433
-361
-313
-279
-214
-159
-139
-79
7
27
43
110
170
188
247
303
280
274
349
415
417
433
468
456
447
471
480
451
450
493
501
474
474
488
476
466
436
386
323
307
323
277
211
188
165
118
78
55
-7
-88
-88
-122
-232
-317
-341
-384
-454
-471
-458
-487
-540
-544
-533
-574
-581
-542
-531
-541
-491
-436
-455
-446
-365
-314
-310
-252
-191
-207
-195
-94
-33
-15
67
143
152
174
257
300
275
272
309
317
332
390
424
399
406
438
407
372
390
403
374
345
329
305
239
212
217
200
219
257
227
167
139
136
109
56
10
-19
-67
-119
-141
-181
-247
-292
-324
-378
-410
-445
-481
-484
-482
-486
-499
-505
-503
-506
-490
-466
-454
-447
-391
-333
-326
-307
-275
-245
-245
-237
-210
-191
-153
-75
6
71
130
185
227
281
321
346
376
415
452
462
476
499
512
525
528
532
534
519
484
422
388
401
433
416
365
350
348
334
330
324
289
255
250
234
190
156
130
79
27
35
18
-49
-94
-145
-215
-271
-310
-359
-389
-383
-400
-453
-483
-480
-501
-534
-554
-570
-559
-533
-545
-552
-528
-486
-458
-427
-355
-298
-268
-248
-214
-171
-156
-145
-115
-85
-33
35
73
99
126
145
174
210
214
232
280
310
315
339
371
365
368
379
388
385
388
411
419
423
424
397
372
354
340
333
322
323
295
250
251
248
194
145
122
71
18
-16
-66
-117
-147
-175
-213
-251
-281
-323
-373
-407
-434
-469
-494
-506
-512
-494
-475
-480
-492
-474
-433
-400
-368
-337
-305
-270
-231
-194
-158
-125
-94
-55
-20
21
65
80
89
123
153
165
179
191
212
239
266
283
285
281
258
256
276
284
278
275
285
287
294
299
289
280
260
253
255
262
247
221
204
185
192
187
150
115
81
44
24
19
-13
-60
-93
-123
-153
-164
-206
-272
-323
-352
-343
-324
-338
-366
-377
-374
-351
-322
-288
-270
-252
-232
-222
-195
-159
-138
-112
-76
-50
-8
28
54
63
88
118
140
173
201
200
188
174
150
173
186
196
216
216
214
221
231
225
223
212
201
179
155
138
120
105
117
132
135
168
186
178
130
87
44
4
-21
-44
-80
-113
-111
-132
-190
-229
-245
-282
-311
-338
-359
-368
-379
-398
-404
-396
-394
-367
-326
-300
-289
-276
-267
-256
-226
-176
-142
-121
-85
-61
-44
-23
20
59
70
99
140
177
189
182
184
193
201
227
244
235
237
259
277
292
306
286
283
300
298
299
297
292
301
325
343
352
342
337
327
294
267
233
190
138
95
75
41
-7
-46
-73
-119
-172
-217
-263
-307
-334
-350
-365
-383
-395
-401
-417
-426
-413
-380
-359
-331
-305
-279
-257
-239
-214
-196
-166
-117
-67
-41
-14
11
24
45
76
99
105
102
105
103
93
96
113
139
143
156
187
197
194
187
191
202
211
217
221
209
194
195
196
195
194
190
159
130
119
95
38
-6
-29
-55
-65
-54
-60
-83
-105
-141
-174
-205
-216
-228
-235
-230
-229
-229
-225
-210
-206
-184
-150
-127
-114
-87
-70
-46
-18
-16
3
27
55
65
71
87
103
109
117
141
139
137
132
130
134
129
127
133
147
153
154
139
121
98
72
60
56
58
62
62
62
47
32
16
-2
-13
-16
-32
-52
-70
-92
-122
-152
-169
-183
-190
-185
-180
-193
-222
-237
-247
-279
-285
-273
-266
-248
-232
-218
-213
-209
-197
-199
-182
-153
-144
-127
-98
-52
-1
27
64
109
135
168
200
223
237
250
268
280
290
311
336
360
373
375
364
359
352
346
344
337
325
311
300
301
307
294
266
235
206
181
173
162
135
111
87
56
24
1
-20
-37
-48
-60
-109
-168
-198
-219
-256
-299
-316
-342
-361
-359
-355
-369
-393
-392
-370
-368
-373
-371
-376
-382
-360
-326
-334
-347
-323
-290
-277
-279
-255
-240
-242
-213
-181
-177
-169
-139
-90
-33
7
52
81
106
128
161
184
196
204
223
238
233
242
248
259
270
291
320
329
335
333
334
326
315
321
329
326
319
303
268
236
219
208
182
174
168
158
127
89
58
34
10
1
7
-10
-22
-52
-86
-131
-167
-188
-212
-228
-229
-235
-239
-244
-247
-227
-213
-206
-210
-208
-210
-210
-202
-189
-170
-163
-157
-128
-113
-117
-102
-95
-89
-80
-67
-46
-27
-17
0
15
7
16
28
43
64
84
107
116
123
139
139
134
130
140
149
155
168
165
154
136
122
114
109
109
110
98
85
84
70
47
19
8
-8
-20
-25
-42
-49
-47
-52
-60
-63
-51
-51
-55
-52
-41
-39
-44
-31
-42
-54
-44
-26
-24
-32
-33
-51
-70
-76
-74
-82
-86
-80
-80
-73
-60
-50
-55
-54
-37
-28
-21
-5
16
35
39
42
41
36
35
48
52
44
46
29
19
15
20
23
27
47
56
47
40
33
13
-6
-13
-18
-19
-10
-3
1
-12
-14
-10
-21
-35
-42
-50
-50
-37
-26
-18
-16
-23
-24
-15
-14
-8
-5
-5
-2
10
8
6
-3
-12
-9
-16
-16
-9
0
20
32
27
42
53
44
35
16
3
7
9
10
20
20
22
33
38
50
50
39
41
41
28
29
26
20
26
21
15
26
40
38
35
28
29
42
51
43
26
8
-5
-3
4
4
15
24
14
1
-12
-18
-17
-10
-2
-6
-17
-15
-12
-19
-19
-14
-17
-15
-23
-50
-56
-52
-48
-44
-41
-37
-31
-32
-39
-45
-58
-54
-46
-47
-42
-34
-21
2
7
-2
-4
-10
-11
-7
0
3
4
4
9
13
26
26
13
1
-9
-17
-20
-15
-23
-29
-35
-40
-34
-15
0
11
22
26
24
10
-11
-27
-35
-34
-22
-7
9
11
17
32
32
26
10
-4
-10
-21
-17
-4
9
11
6
16
22
13
-2
-15
-32
-43
-41
-24
3
27
55
65
59
50
25
9
9
13
26
40
64
71
78
82
70
58
32
3
-4
-4
-5
11
12
0
9
23
26
13
1
-2
-15
-19
-19
-25
-11
8
4
-6
-7
-3
0
1
-3
-16
-33
-49
-52
-43
-34
-44
-53
-45
-36
-31
-34
-34
-12
9
15
19
7
7
21
32
41
43
51
69
74
57
44
33
22
9
-1
