0
0
-1
1
0
0
0
0
0
0
0
0
0
0
0
0
-1
0
0
0
-1
0
0
1
1
0
0
0
0
-1
0
1
0
-1
0
0
0
0
-1
0
0
0
0
0
-1
-1
0
0
0
0
1
0
0
0
0
-1
0
0
0
0
0
0
0
0
1
0
-1
0
0
-1
0
0
0
0
0
0
0
0
0
0
0
1
0
0
0
0
-1
-1
0
-1
0
0
0
-1
0
0
0
0
1
1
-1
0
0
-1
-1
0
0
-1
0
0
-1
0
0
-1
1
-1
0
0
-1
0
0
0
0
0
0
0
1
0
0
-1
1
1
0
0
0
0
0
0
0
0
0
1
0
0
0
0
0
0
-1
0
0
-1
0
0
1
0
0
1
0
0
0
1
0
0
0
0
0
0
1
-1
0
0
0
1
0
-1
0
0
0
0
0
-1
0
0
0
0
1
0
0
1
0
0
0
1
0
0
0
0
0
1
0
0
0
0
0
0
0
1
0
0
0
0
-1
0
0
-1
-1
0
-1
0
0
0
1
1
0
0
0
-1
1
0
0
0
0
1
0
1
0
0
1
1
0
0
0
0
0
-1
0
0
0
-1
0
0
1
0
0
0
0
1
0
1
0
0
0
0
-1
0
0
0
0
0
-1
0
0
0
1
1
0
0
-1
0
0
1
0
0
-1
1
0
0
0
0
-1
0
0
0
0
0
0
0
0
0
0
0
1
0
0
0
-1
0
1
0
0
1
-1
0
-1
-1
0
0
0
0
0
0
0
0
-1
0
-1
1
0
1
1
0
0
0
0
0
0
0
0
0
0
0
0
0
0
1
0
-1
0
0
0
0
0
0
-1
0
0
-1
0
0
0
0
0
0
0
1
1
0
0
0
0
0
0
0
-1
0
0
0
0
0
0
-1
-1
0
0
0
0
0
1
0
1
-1
0
0
-1
0
0
0
1
0
0
0
0
0
0
0
1
0
1
0
0
0
-1
-1
0
0
0
0
1
0
-1
0
0
0
0
1
0
-1
0
0
0
0
0
1
0
0
0
0
0
0
0
0
0
0
1
0
0
0
0
0
0
0
0
0
0
0
0
0
-1
-1
0
0
0
0
0
0
-1
0
0
-1
0
0
0
0
0
0
0
0
0
0
0
0
0
0
0
0
0
-1
0
0
1
0
0
-1
1
0
0
0
0
0
0
0
0
0
0
-1
1
0
0
-1
0
0
0
1
0
-1
0
0
0
0
0
0
0
1
-1
0
-1
0
-1
-1
0
0
0
1
0
0
0
0
0
1
0
-1
-1
0
0
0
0
0
0
0
-1
0
-1
0
1
0
0
0
0
1
0
0
0
0
0
-1
-1
0
0
0
0
-1
0
1
0
1
0
0
0
0
-1
0
0
0
-1
0
0
0
0
0
0
0
0
-1
0
0
0
1
0
1
0
-1
0
1
0
0
-1
0
0
0
0
0
0
1
0
1
0
0
0
0
0
1
0
1
0
0
0
1
0
0
0
0
0
-1
0
0
0
0
0
0
0
0
0
-1
0
0
0
0
0
0
0
0
0
0
1
0
1
0
0
1
0
0
1
0
0
1
0
0
1
0
0
0
0
0
0
0
0
0
0
0
1
0
0
-1
0
0
-1
0
-1
0
0
1
1
0
0
0
-1
0
0
0
0
0
0
1
0
0
-1
0
0
0
0
-1
0
1
0
0
0
0
0
-1
0
0
0
0
0
0
0
1
0
0
0
0
0
-1
0
0
0
0
0
1
0
0
0
0
0
0
0
1
0
-1
0
-1
1
0
0
0
0
-1
0
-1
0
0
0
0
-1
1
0
0
0
1
0
-1
0
1
1
0
-1
0
0
0
0
0
0
0
0
-1
0
0
0
0
1
-1
0
0
-1
0
0
0
0
0
1
1
0
0
0
-1
-1
0
0
0
1
0
0
0
0
0
0
1
0
0
-1
0
0
1
0
0
0
0
0
1
0
0
-1
0
0
0
0
0
0
0
0
1
0
0
0
0
0
0
0
0
1
0
0
0
0
0
0
-1
0
0
0
0
1
0
0
1
0
0
0
1
-1
0
-1
0
0
0
1
0
0
0
0
0
0
1
0
0
0
0
0
0
0
0
0
-1
0
0
0
1
0
0
0
1
0
0
0
0
0
0
0
0
0
0
1
0
1
0
-1
0
0
-1
0
0
0
-1
0
0
0
-1
0
-1
1
-1
1
0
0
0
0
0
1
0
1
0
0
0
0
0
0
0
0
0
0
0
1
0
0
-1
0
0
0
0
0
0
0
0
0
0
-1
0
0
1
0
0
-1
0
0
0
0
0
0
0
0
-1
0
1
0
0
0
0
1
0
0
0
0
0
-1
0
0
-1
0
0
0
0
0
0
0
0
0
0
0
1
1
1
1
0
0
-1
1
0
0
0
0
0
0
0
0
0
0
0
0
1
0
0
1
0
1
0
0
1
0
0
0
0
1
0
0
-1
0
0
1
1
0
0
-1
0
-1
-1
0
0
0
1
1
0
-1
0
1
0
0
0
0
1
0
1
-1
0
1
0
0
0
-1
0
0
0
1
0
-1
0
-1
-1
0
0
1
0
0
0
1
1
0
0
1
1
-1
0
-1
0
0
0
1
0
0
0
0
-1
0
0
-1
0
0
-1
-1
1
0
0
0
0
-1
0
1
0
0
0
-1
1
0
1
0
1
-1
0
0
0
-1
0
0
0
0
0
0
0
0
0
0
0
0
0
0
0
0
0
1
0
0
0
0
1
0
0
0
0
0
0
0
0
0
0
0
0
0
0
0
0
0
0
0
0
1
0
0
0
0
-1
0
0
1
0
0
0
0
0
-1
0
0
0
0
0
0
-1
0
0
-1
0
0
0
-1
0
0
0
0
-1
0
0
0
0
0
0
0
0
0
0
0
0
0
0
0
-1
0
0
0
-1
0
-1
0
-1
0
0
0
0
1
0
0
0
0
-1
1
0
0
0
0
0
1
0
0
0
0
0
0
1
0
0
0
0
-1
0
-1
0
0
0
0
0
0
0
0
0
0
0
0
0
0
0
0
0
1
0
1
1
0
1
0
0
0
0
0
1
0
1
0
0
0
1
0
0
-1
0
0
1
0
-1
0
0
0
0
-1
-1
1
0
0
1
0
0
1
0
0
0
-1
1
0
0
0
0
0
0
-1
0
0
0
0
0
0
0
0
0
0
0
0
0
0
0
0
0
0
0
0
-1
0
-1
0
-1
0
0
0
0
0
-1
0
-1
1
0
0
0
0
0
-1
0
-1
0
-1
0
0
0
0
-1
0
-1
0
1
0
0
0
0
0
0
1
0
0
0
0
0
0
-1
0
0
0
0
0
0
0
0
1
0
1
1
0
0
0
0
0
0
0
0
0
0
1
0
1
0
0
0
0
0
0
0
1
0
0
0
1
0
1
1
0
0
0
0
-1
0
0
1
0
0
0
0
0
0
0
0
0
0
0
0
0
-1
0
0
0
0
0
0
0
0
0
-1
0
1
0
0
0
0
0
0
0
-1
1
0
0
0
1
0
1
0
0
0
0
0
0
0
-1
0
1
0
0
0
1
0
0
0
0
-1
1
1
0
0
1
0
0
0
0
0
0
0
0
-1
0
0
0
0
1
0
0
0
0
0
0
-1
-1
1
0
0
1
0
0
-1
0
-1
1
0
1
0
0
0
0
1
-1
0
0
0
0
0
0
0
0
0
0
0
0
0
0
-1
0
0
0
0
1
0
0
0
0
0
0
0
0
-1
0
0
0
-1
0
0
1
0
-1
0
0
0
0
1
1
1
0
0
-1
0
0
-1
0
0
0
0
-1
0
0
0
0
0
0
1
0
0
0
0
0
1
0
0
0
0
0
0
0
-1
1
-1
0
-1
0
0
0
0
-1
0
0
0
0
0
0
0
0
0
1
0
0
0
0
0
0
0
0
0
0
0
0
0
0
-1
0
0
0
1
0
0
0
0
-1
0
-1
0
1
0
0
1
0
0
0
0
0
0
0
0
0
0
1
-1
0
-1
0
0
-1
0
0
0
0
-1
0
0
0
0
0
1
0
0
0
0
0
0
0
-1
0
0
0
0
0
0
-1
0
0
0
0
0
0
-1
0
-1
0
0
0
0
1
0
0
0
0
0
0
0
0
0
0
0
0
1
0
0
0
0
1
0
-1
0
1
0
0
0
0
0
0
0
-1
-1
0
0
0
1
0
-1
0
0
-1
0
0
0
-1
0
0
1
0
0
0
0
0
0
1
0
0
0
0
1
0
0
0
1
1
0
0
0
0
0
0
1
0
1
0
0
0
1
0
0
0
-1
1
1
0
-1
0
0
0
0
0
0
0
0
0
0
0
1
0
1
0
0
0
0
0
-1
0
1
0
1
-2
-4
-8
-11
-15
-18
-16
-12
-7
0
1
-8
-18
-34
-51
-66
-84
-88
-57
-17
23
81
150
208
244
233
186
127
45
-58
-175
-285
-364
-394
-386
-365
-313
-222
-112
-12
31
14
6
-2
-67
-128
-169
-190
-30
224
438
776
1106
1314
1656
1804
1531
1245
797
126
-427
-1101
-1769
-1970
-1969
-1895
-1575
-1190
-819
-324
17
2
-49
-187
-477
-609
-703
-761
-407
129
644
1280
1821
2270
2690
2659
2193
1607
793
-108
-886
-1682
-2303
-2545
-2534
-2275
-1731
-1159
-535
196
669
813
766
639
425
71
-369
-679
-571
-3
839
1749
2704
3756
4879
5660
5543
4670
3498
2161
512
-1470
-3339
-4511
-4962
-4926
-4484
-3622
-2492
-1356
-365
208
220
-248
-892
-1512
-2118
-2549
-2551
-2002
-894
377
1452
2681
3883
4522
4528
3842
2594
1224
-147
-1643
-3045
-3984
-4484
-4415
-3722
-3002
-2138
-950
-75
371
532
387
192
-79
-645
-1172
-1288
-991
-151
1180
2423
3665
5144
6474
7332
7355
6458
5042
3450
1312
-1273
-3461
-4905
-5477
-5356
-4884
-3948
-2445
-1003
-87
479
575
148
-518
-1344
-2143
-2541
-2375
-1641
-354
1133
2517
4025
5279
5713
5416
4337
2815
1292
-351
-2181
-3710
-4652
-5008
-4641
-3906
-3113
-2058
-936
-52
475
521
416
352
49
-604
-1185
-1403
-1180
-388
703
1864
3172
4434
5579
6420
6469
5637
4222
2510
427
-1932
-3997
-5379
-5985
-6044
-5557
-4361
-2803
-1294
-161
437
574
280
-408
-1119
-1738
-2251
-2288
-1657
-571
628
1903
3185
4361
5121
4923
4110
2975
1329
-465
-2086
-3423
-4334
-4676
-4502
-3968
-3052
-2031
-1003
83
698
866
874
639
256
-250
-718
-708
-130
819
2041
3287
4487
5812
6914
7370
7112
6178
4679
2872
774
-1517
-3431
-4688
-5266
-5175
-4611
-3680
-2435
-1131
-303
-30
-110
-705
-1424
-1921
-2279
-2487
-2304
-1557
-486
807
2147
3321
4398
4908
4578
3710
2497
1097
-577
-2212
-3451
-4192
-4439
-4437
-4110
-3368
-2457
-1566
-743
-67
285
350
236
-136
-590
-946
-1031
-506
481
1714
3016
4184
5413
6493
6960
6682
5565
3991
2235
68
-2160
-4005
-5263
-5766
-5665
-5072
-4034
-2706
-1494
-609
-94
-49
-285
-687
-1244
-1742
-2022
-1958
-1229
-61
1224
2632
3884
4798
5252
5004
4127
2991
1605
-49
-1512
-2595
-3300
-3509
-3445
-3165
-2518
-1806
-1238
-710
-278
-147
-176
-290
-650
-940
-1144
-1224
-793
7
1025
2172
3459
4765
5619
5950
5650
4685
3421
1740
-401
-2515
-4214
-5220
-5569
-5452
-4899
-3928
-2727
-1640
-906
-529
-430
-549
-798
-1132
-1482
-1603
-1247
-392
872
2272
3562
4791
5690
5971
5654
4867
3767
2320
714
-793
-2041
-2783
-3118
-3219
-2991
-2514
-1887
-1122
-404
76
256
264
17
-446
-853
-1094
-976
-535
209
1250
2306
3509
4808
5575
5727
5344
4356
2990
1216
-936
-2919
-4319
-5246
-5644
-5472
-4943
-3989
-2930
-2166
-1589
-1284
-1264
-1348
-1535
-1838
-2111
-2102
-1680
-798
368
1513
2753
4036
4913
5153
4801
4081
3068
1731
183
-1259
-2248
-2911
-3381
-3473
-3201
-2672
-1950
-1260
-758
-310
-66
-185
-413
-789
-1203
-1130
-680
-89
914
2124
3355
4755
5898
6480
6566
5980
4833
3387
1495
-659
-2460
-3710
-4501
-4708
-4543
-4078
-3110
-2161
-1635
-1296
-1167
-1278
-1377
-1571
-1861
-1774
-1376
-704
393
1528
2606
3751
4618
5076
5150
4699
3858
2846
1583
7
-1386
-2368
-3163
-3736
-4025
-3937
-3452
-2779
-2158
-1685
-1324
-1143
-1127
-1212
-1357
-1392
-1189
-756
-113
877
2064
3293
4625
5635
6099
6039
5300
4260
2957
1113
-833
-2482
-3724
-4393
-4546
-4290
-3498
-2494
-1613
-936
-683
-743
-975
-1378
-1857
-2154
-2089
-1721
-932
117
1248
2494
3493
4175
4485
4257
3680
2779
1671
483
-726
-1785
-2566
-2957
-3135
-3110
-2811
-2361
-1806
-1351
-990
-597
-357
-376
-544
-773
-859
-595
-14
896
1998
3116
4387
5588
6369
6566
5926
4801
3390
1503
-533
-2248
-3519
-4319
-4611
-4452
-3894
-3064
-2237
-1580
-1134
-1013
-1150
-1369
-1720
-2162
-2334
-2161
-1618
-545
699
1889
2988
3830
4385
4544
4216
3514
2591
1422
152
-923
-1802
-2361
-2586
-2551
-2152
-1682
-1236
-776
-535
-449
-414
-528
-802
-1125
-1465
-1577
-1241
-666
165
1232
2412
3705
4787
5471
5608
5107
4148
2720
883
-1083
-2724
-3761
-4295
-4439
-4226
-3576
-2611
-1750
-1186
-970
-1089
-1509
-2031
-2493
-2818
-2881
-2644
-1919
-717
690
2150
3488
4638
5313
5248
4608
3596
2367
961
-489
-1735
-2534
-2885
-2938
-2544
-1894
-1267
-581
-57
148
229
89
-442
-1085
-1599
-1898
-1639
-830
194
1495
2892
4273
5681
6695
7045
6667
5588
4070
2189
52
-1890
-3480
-4561
-4981
-4900
-4305
-3347
-2325
-1447
-997
-912
-1133
-1679
-2273
-2842
-3139
-2896
-2265
-1284
92
1587
2937
4163
5081
5493
5295
4406
3160
1787
337
-1032
-2184
-2872
-3176
-3168
-2781
-2185
-1464
-843
-529
-511
-625
-836
-1229
-1626
-1867
-1888
-1555
-1028
-222
970
2213
3560
4778
5456
5606
5044
3921
2604
909
-949
-2526
-3683
-4241
-4261
-3796
-2929
-1798
-635
168
493
376
-80
-685
-1359
-1986
-2332
-2157
-1408
-344
886
2173
3384
4421
4964
4872
4208
3094
1785
403
-889
-1966
-2699
-2955
-2808
-2434
-1885
-1213
-669
-286
-98
-152
-267
-562
-1148
-1710
-2063
-2159
-1773
-1016
-35
1215
2549
3909
5063
5660
5631
4949
3783
2325
542
-1311
-2743
-3621
-3907
-3706
-3198
-2369
-1403
-573
31
195
-96
-614
-1372
-2157
-2731
-3001
-2732
-1962
-877
346
1615
2960
4101
4685
4630
4025
3126
2071
760
-572
-1704
-2621
-3121
-3227
-3063
-2629
-1987
-1346
-839
-488
-408
-473
-711
-1261
-1756
-2083
-2064
-1502
-698
385
1740
3208
4739
5912
6502
6444
5653
4489
2972
1091
-697
-2105
-2963
-3168
-3030
-2497
-1565
-627
128
492
438
124
-438
-1214
-2001
-2713
-3173
-3134
-2550
-1556
-404
841
2142
3212
3772
3723
3218
2344
1125
-243
-1600
-2662
-3185
-3330
-3246
-2832
-2074
-1177
-377
180
394
324
10
-608
-1295
-1822
-2103
-1866
-1197
-209
1116
2515
3933
5229
6009
6215
5840
4901
3721
2274
441
-1294
-2522
-3194
-3485
-3334
-2687
-1842
-958
-307
-59
-104
-519
-1324
-2162
-2925
-3458
-3495
-3134
-2282
-1096
205
1655
2999
3916
4207
3912
3287
2319
1022
-355
-1620
-2517
-2976
-3052
-2742
-2177
-1395
-493
268
764
1041
1064
868
565
173
-246
-475
-410
-95
558
1463
2520
3656
4619
5189
5262
4619
3475
2058
292
-1525
-3088
-4169
-4625
-4691
-4363
-3469
-2289
-1154
-324
126
185
-130
-680
-1432
-2192
-2688
-2853
-2480
-1545
-391
943
2346
3532
4308
4418
3934
3202
2188
929
-290
-1382
-2141
-2429
-2376
-2029
-1427
-797
-258
150
248
150
-105
-610
-1271
-1936
-2427
-2554
-2259
-1717
-896
194
1464
2792
3888
4596
4738
4194
3300
2108
536
-1020
-2257
-3013
-3284
-3171
-2580
-1600
-568
336
923
1173
1104
571
-191
-935
-1530
-1773
-1641
-1026
36
1168
2255
3336
4266
4741
4597
4043
3229
2091
731
-589
-1606
-2236
-2564
-2642
-2469
-2031
-1472
-948
-615
-506
-568
-824
-1156
-1557
-2026
-2324
-2190
-1641
-784
345
1599
2794
3923
4885
5429
5322
4601
3485
1954
217
-1416
-2784
-3583
-3949
-4066
-3686
-2865
-1923
-1110
-591
-396
-534
-958
-1590
-2330
-2865
-3007
-2756
-2098
-1155
-88
1119
2327
3248
3655
3406
2761
1913
857
-296
-1403
-2224
-2658
-2731
-2493
-1976
-1182
-353
375
852
1044
1084
837
332
-264
-830
-1170
-1050
-526
236
1299
2473
3724
4910
5581
5716
5177
4069
2770
1112
-747
-2277
-3286
-3725
-3670
-3177
-2325
-1277
-261
447
772
812
456
-225
-1004
-1766
-2315
-2388
-2013
-1265
-173
980
2156
3248
3923
4026
3655
2908
1887
692
-650
-1819
-2659
-3114
-3122
-2826
-2279
-1621
-970
-439
-175
-57
-79
-315
-657
-1096
-1545
-1743
-1569
-1102
-297
775
1940
3235
4348
5043
5296
4813
3812
2467
666
-1168
-2736
-3875
-4396
-4451
-4111
-3280
-2216
-1278
-591
-243
-188
-401
-838
-1362
-1872
-2255
-2307
-1872
-1017
116
1388
2619
3594
4121
4109
3740
3116
2210
1002
-242
-1256
-2004
-2364
-2407
-2149
-1511
-755
-26
582
860
931
825
454
-75
-571
-964
-1059
-667
-24
829
1967
3186
4342
5269
5714
5441
4546
3260
1656
-87
-1833
-3246
-4133
-4611
-4595
-4071
-3220
-2258
-1448
-1016
-918
-1074
-1533
-2117
-2630
-3010
-3081
-2685
-1817
-770
390
1625
2747
3631
4018
3893
3405
2646
1711
644
-395
-1177
-1772
-2094
-2094
-1781
-1206
-460
313
870
1164
1183
991
516
-227
-923
-1416
-1548
-1142
-413
518
1651
2802
3756
4517
4890
4518
3593
2304
666
-1094
-2653
-3716
-4143
-4139
-3812
-3092
-2112
-1197
-474
2
71
-182
-694
-1425
-2104
-2415
-2385
-1976
-1055
30
1163
2300
3278
4023
4267
4000
3377
2436
1287
-10
-1274
-2173
-2684
-2922
-2819
-2313
-1602
-864
-204
178
403
559
449
32
-474
-1003
-1416
-1429
-1037
-316
674
1886
3137
4298
5151
5327
4799
3817
2552
944
-813
-2334
-3376
-3803
-3796
-3454
-2612
-1530
-610
51
368
324
-47
-629
-1241
-1771
-2097
-2076
-1681
-923
72
1176
2295
3232
3783
3903
3551
2693
1635
484
-721
-1696
-2408
-2818
-2923
-2753
-2259
-1601
-876
-234
94
232
304
222
-54
-491
-898
-1107
-1014
-583
121
1037
2109
3150
4008
4697
4824
4253
3399
2123
434
-1405
-3107
-4081
-4381
-4394
-3868
-2847
-1717
-619
222
646
676
291
-470
-1278
-1879
-2313
-2389
-1967
-1148
-44
1210
2480
3560
4148
4162
3640
2701
1511
124
-1217
-2244
-2882
-3107
-2943
-2452
-1726
-926
-156
484
880
1055
1078
822
296
-240
-540
-600
-480
-131
459
1426
2572
3555
4392
4854
4626
3883
2807
1370
-240
-1840
-3124
-3834
-4173
-4149
-3576
-2583
-1535
-681
-80
273
194
-278
-869
-1561
-2165
-2477
-2429
-1986
-1192
-168
986
2131
3006
3405
3431
3156
2413
1401
297
-771
-1609
-2279
-2573
-2427
-1991
-1267
-460
356
1012
1290
1460
1528
1087
260
-516
-1037
-1202
-997
-516
326
1523
2791
3841
4646
5062
4803
3958
2697
1068
-810
-2444
-3564
-4220
-4415
-4220
-3551
-2517
-1507
-673
-143
46
-71
-519
-1124
-1744
-2172
-2235
-1937
-1328
-482
490
1571
2580
3280
3642
3654
3340
2588
1478
262
-910
-1784
-2375
-2671
-2653
-2272
-1490
-669
101
688
919
992
955
667
-11
-632
-987
-1191
-912
-264
501
1545
2791
3868
4701
5032
4685
3848
2690
1044
-856
-2510
-3669
-4271
-4621
-4569
-3816
-2686
-1699
-927
-398
-191
-299
-734
-1363
-1848
-2132
-2171
-1869
-1300
-465
591
1790
2933
3620
3757
3476
2923
2021
741
-456
-1544
-2466
-2940
-2946
-2581
-1855
-966
-39
818
1526
1889
1890
1750
1325
639
8
-454
-734
-622
-26
779
1776
2894
3819
4703
5048
4521
3730
2659
980
-956
-2727
-3928
-4447
-4569
-4398
-3728
-2582
-1472
-587
79
349
138
-379
-1073
-1766
-2358
-2673
-2381
-1616
-757
195
1336
2396
3096
3359
3307
3043
2276
1195
76
-1067
-1964
-2673
-3078
-3043
-2686
-2102
-1284
-381
306
693
895
1038
955
563
156
-181
-433
-315
254
963
1790
2841
3910
4952
5575
5252
4506
3624
2042
52
-1793
-3207
-3855
-4163
-4231
-3620
-2656
-1680
-741
32
520
683
361
-303
-885
-1531
-1995
-1865
-1357
-714
169
1364
2486
3252
3472
3205
2765
2014
895
-278
-1320
-2197
-2885
-3239
-3237
-3032
-2594
-1834
-1023
-329
139
319
401
265
-142
-559
-933
-1403
-1646
-1273
-554
264
1399
2548
3564
4641
4994
4551
4045
2927
1077
-791
-2469
-3664
-4304
-4564
-4164
-3167
-2039
-939
-57
408
570
379
-150
-729
-1283
-1673
-1620
-1055
-265
638
1763
2988
3904
4262
4328
4000
3254
2099
581
-675
-1550
-2260
-2690
-2793
-2574
-2171
-1688
-1035
-396
139
564
769
700
317
-246
-650
-882
-1122
-920
-199
462
1301
2454
3421
4327
4929
4590
3834
2954
1477
-274
-1830
-2960
-3614
-3904
-3739
-3059
-2037
-1020
-273
320
651
393
-204
-1044
-1929
-2527
-2802
-2596
-1904
-951
208
1595
2964
3794
4070
4047
3544
2679
1451
15
-1083
-1967
-2698
-3051
-3080
-2668
-2006
-1421
-831
-349
49
282
268
78
-345
-768
-1005
-1275
-1399
-944
-84
869
2087
3498
4697
5562
5876
5337
4351
3197
1429
-569
-2220
-3528
-4182
-4128
-3742
-2792
-1542
-471
306
684
517
50
-535
-1393
-2105
-2570
-2841
-2589
-1783
-828
338
1733
2767
3355
3703
3446
2794
1843
439
-921
-2099
-3082
-3492
-3552
-3335
-2582
-1794
-1081
-387
168
564
674
508
151
-291
-765
-1131
-1335
-1196
-395
667
1724
3113
4432
5477
6283
6136
5297
4305
2843
926
-1054
-2772
-3870
-4231
-4207
-3684
-2470
-1223
-277
417
615
491
102
-677
-1649
-2402
-2830
-2884
-2378
-1489
-253
1188
2516
3520
4091
4169
3759
2941
1750
217
-1219
-2299
-3074
-3374
-3257
-2837
-2048
-1082
-192
474
885
967
715
202
-602
-1350
-1829
-2186
-2308
-1867
-801
425
1626
3070
4409
5518
6200
5827
4862
3727
2134
320
-1468
-2889
-3587
-3777
-3715
-3117
-1980
-908
-8
579
610
345
-162
-986
-1767
-2258
-2485
-2260
-1659
-796
412
1733
2903
3764
4152
4050
3357
2182
856
-476
-1662
-2715
-3487
-3840
-3741
-3145
-2328
-1390
-473
300
790
776
539
156
-572
-1198
-1623
-2050
-2070
-1367
-111
1142
2436
3993
5341
6322
6812
6315
5314
4035
2065
-167
-2200
-3687
-4427
-4607
-4408
-3661
-2377
-1202
-257
285
156
-204
-847
-1896
-2821
-3370
-3536
-3070
-2147
-977
566
2143
3531
4480
4679
4492
3738
2366
897
-620
-1969
-2914
-3398
-3455
-3107
-2289
-1393
-574
213
664
748
485
-77
-685
-1417
-2087
-2430
-2593
-2479
-1681
-267
1179
2742
4372
5500
6410
6805
6139
5115
3697
1729
-292
-2170
-3489
-4036
-4083
-3668
-2828
-1790
-783
-3
389
262
-211
-918
-1838
-2580
-2937
-2865
-2183
-1069
289
1957
3497
4765
5680
5771
5369
4549
3052
1418
-182
-1671
-2737
-3531
-3953
-3687
-3024
-2259
-1350
-583
-91
194
106
-272
-803
-1483
-2094
-2394
-2372
-2022
-1026
473
1875
3390
4937
5990
6817
6934
5860
4475
2845
715
-1404
-3237
-4448
-4863
-4754
-4133
-3058
-1833
-736
-36
201
-62
-719
-1482
-2302
-2986
-3294
-3166
-2409
-1216
163
1742
3124
4147
4759
4763
4327
3399
1965
280
-1321
-2598
-3575
-4206
-4306
-3852
-3136
-2298
-1414
-682
-212
-86
-341
-802
-1380
-1994
-2329
-2341
-2065
-1300
58
1679
3210
4800
6134
6855
7214
6755
5454
4083
2455
570
-1122
-2596
-3443
-3602
-3543
-3106
-2191
-1231
-516
-41
121
-95
-471
-1028
-1711
-2024
-1989
-1676
-810
291
1520
2878
4004
4752
4970
4733
4120
3036
1643
115
-1290
-2377
-3243
-3725
-3741
-3279
-2536
-1947
-1406
-904
-572
-536
-902
-1312
-1787
-2429
-2865
-2998
-2864
-2297
-1119
449
1879
3307
4659
5473
6038
5957
4766
3431
2100
378
-1292
-2794
-3793
-4025
-4015
-3707
-2853
-1853
-1044
-536
-375
-496
-823
-1351
-1930
-2210
-2161
-1767
-841
320
1631
3032
4147
5036
5416
5198
4833
4005
2690
1302
-111
-1222
-1986
-2575
-2683
-2359
-1845
-1286
-790
-372
-179
-157
-460
-963
-1266
-1604
-1876
-1848
-1641
-1100
-87
1316
2697
3866
5008
5819
6103
6038
5304
3913
2473
860
-907
-2434
-3687
-4327
-4547
-4602
-4074
-3227
-2522
-2019
-1678
-1534
-1744
-2151
-2498
-2750
-2706
-2409
-1858
-856
309
1336
2260
3128
3747
3797
3458
2878
1831
643
-454
-1424
-2061
-2444
-2550
-2275
-1791
-1344
-991
-653
-363
-302
-478
-743
-1030
-1327
-1624
-1723
-1514
-985
-138
1106
2560
3779
4899
5857
6198
6303
6055
4878
3469
2090
463
-1148
-2685
-3760
-4135
-4352
-4298
-3684
-2884
-2259
-1823
-1545
-1459
-1481
-1687
-1844
-1671
-1384
-862
129
1208
2115
3029
3905
4522
4596
4113
3408
2397
1080
-153
-1343
-2315
-2928
-3477
-3635
-3294
-2821
-2370
-1892
-1309
-896
-704
-553
-496
-467
-540
-545
-225
46
385
1128
2269
3497
4580
5636
6263
6482
6502
5589
4119
2837
1327
-310
-1924
-3306
-3951
-4178
-4277
-3880
-3030
-2219
-1634
-1267
-1117
-1103
-1299
-1656
-1657
-1395
-1096
-488
304
1197
2147
2878
3539
4021
3815
3129
2255
985
-384
-1606
-2764
-3513
-4105
-4572
-4470
-4184
-3793
-3184
-2604
-2005
-1566
-1396
-1248
-1064
-981
-839
-497
-138
415
1316
2442
3656
4604
5462
6333
6626
6540
5991
4551
2916
1241
-743
-2598
-4060
-4923
-5127
-5042
-4614
-3729
-2696
-1804
-1190
-811
-557
-526
-841
-1090
-1032
-862
-361
587
1653
2721
3686
4423
4945
4885
4205
3338
2221
761
-628
-1849
-2895
-3526
-3960
-4106
-3716
-3125
-2393
-1615
-1009
-511
-274
-207
-249
-406
-498
-511
-408
-183
357
1087
1935
3055
3977
4778
5364
5346
5246
4580
3124
1759
158
-1540
-2884
-4175
-4902
-4866
-4622
-4110
-3171
-2052
-1135
-532
-80
176
156
-16
-151
-120
-55
258
1081
1989
2825
3646
4230
4493
4307
3592
2638
1491
108
-1247
-2438
-3316
-3833
-4239
-4259
-3822
-3310
-2648
-1923
-1423
-1135
-910
-645
-484
-480
-503
-495
-283
192
805
1540
2555
3577
4288
4885
5131
5052
4816
4013
2739
1246
-265
-1730
-3166
-4170
-4715
-4738
-4252
-3659
-2735
-1744
-1222
-791
-478
-528
-708
-855
-925
-854
-551
75
1008
2005
2839
3448
3881
4024
3614
2753
1714
479
-807
-1858
-2759
-3448
-3837
-3915
-3511
-2964
-2430
-1725
-1203
-843
-550
-441
-328
-213
-78
111
367
716
1095
1529
1990
2724
3601
4180
4710
4912
4593
4357
3615
2063
705
-490
-1871
-3068
-4063
-4584
-4384
-3991
-3377
-2394
-1511
-794
-190
146
221
116
-41
-150
-69
148
529
1244
1995
2606
3147
3368
3279
2858
1974
1029
-42
-1242
-2143
-2980
-3665
-3855
-3806
-3580
-3165
-2715
-2199
-1610
-1135
-846
-502
-237
-148
5
206
447
755
1154
1633
2080
2810
3497
3767
4078
4077
3876
3847
3143
1935
881
-401
-1650
-2672
-3574
-3865
-3624
-3294
-2654
-1736
-835
-20
546
868
1023
1046
908
704
615
600
825
1284
1698
2146
2507
2570
2428
1998
1211
422
-413
-1396
-2245
-2924
-3486
-3722
-3765
-3710
-3423
-3114
-2784
-2323
-1838
-1296
-726
-285
75
371
750
1146
1341
1605
1884
1973
2200
2544
2717
2880
3064
2988
2873
2593
1710
703
-154
-1162
-2110
-2885
-3372
-3253
-2920
-2564
-1809
-828
-158
336
814
1166
1396
1274
885
687
624
665
895
1162
1350
1409
1367
1225
952
519
-39
-532
-1038
-1754
-2251
-2570
-2817
-2800
-2863
-2907
-2751
-2490
-1961
-1312
-721
-23
641
1134
1448
1780
2046
1974
1711
1483
1275
1050
1084
1375
1638
2012
2373
2592
2818
2408
1479
738
-211
-1428
-2455
-3117
-3122
-2778
-2456
-1872
-1118
-450
108
523
844
1024
953
910
871
638
397
273
182
74
77
171
245
364
346
240
144
-259
-790
-1134
-1554
-1994
-2372
-2762
-2876
-2806
-2549
-2040
-1451
-806
-97
683
1353
1858
2275
2512
2493
2328
2026
1661
1288
1191
1495
1644
1841
2235
2486
2764
2792
2155
1575
998
25
-916
-1887
-2585
-2703
-2748
-2601
-1902
-1069
-203
568
1081
1564
1713
1499
1099
539
-90
-644
-1024
-1328
-1468
-1343
-1101
-682
-306
-221
-135
-112
-367
-853
-1508
-2163
-2626
-3017
-3339
-3314
-2991
-2490
-1729
-741
294
1212
1814
2093
2219
2005
1510
942
421
79
-257
-452
42
752
1322
2037
2534
2993
3420
3158
2686
2239
1397
411
-739
-1710
-2053
-2133
-2022
-1746
-1297
-536
184
889
1516
1780
1733
1293
542
-316
-1080
-1566
-1904
-1985
-1723
-1268
-646
-1
605
1030
1092
781
154
-543
-1208
-1959
-2554
-2912
-3112
-2959
-2485
-1635
-511
444
1120
1638
1899
1929
1708
1371
1019
457
-20
-267
-342
-89
481
1054
1705
2310
2816
3531
3871
3568
3034
2326
1349
75
-1195
-2044
-2176
-1964
-1786
-1355
-540
330
869
1059
993
800
299
-489
-1290
-1892
-2194
-2344
-2320
-1963
-1333
-685
-101
405
715
783
626
238
-325
-1015
-1826
-2508
-2925
-3104
-2845
-2231
-1411
-372
570
1375
1961
2198
2103
1840
1541
971
378
-80
-359
-487
-660
-506
139
698
1194
1984
2754
3508
3840
3326
2808
2231
1217
129
-989
-1730
-1944
-2153
-2119
-1545
-707
91
737
1120
1132
870
363
-466
-1320
-2014
-2531
-2606
-2358
-1878
-1071
-226
560
1238
1490
1408
1134
628
-18
-680
-1374
-1837
-2047
-2306
-2118
-1530
-1039
-389
197
729
1270
1358
1238
1086
555
-81
-597
-1075
-1213
-1291
-1257
-609
270
1109
2019
2902
3658
4113
4017
3477
2831
2201
1308
256
-647
-1297
-1495
-1668
-1732
-1323
-806
-352
-68
-131
-102
-112
-547
-993
-1563
-2045
-2249
-2395
-2169
-1649
-1023
-270
415
882
1126
1236
1218
873
203
-494
-1116
-1665
-1997
-2089
-1849
-1465
-1190
-787
-431
-58
352
453
537
539
240
-8
-134
-153
-53
-73
160
868
1642
2453
3235
3883
4428
4611
4219
3468
2719
1977
1115
106
-863
-1384
-1677
-1914
-1826
-1468
-927
-506
-310
-197
-209
-297
-594
-1047
-1481
-1854
-1903
-1598
-1259
-753
-122
470
1032
1333
1486
1567
1289
709
89
-584
-1162
-1599
-2022
-2159
-2047
-1881
-1627
-1326
-943
-658
-586
-625
-707
-808
-884
-987
-999
-741
-419
-109
368
1100
1852
2377
2835
3304
3690
3669
3181
2770
2311
1578
774
-197
-1000
-1322
-1741
-1997
-1776
-1624
-1355
-1009
-815
-584
-512
-673
-858
-1033
-1207
-1260
-1091
-792
-423
96
646
1237
1732
1878
1879
1727
1338
797
74
-520
-957
-1450
-1732
-1790
-1757
-1649
-1515
-1317
-1114
-925
-818
-795
-676
-643
-701
-615
-419
-44
360
760
1466
2207
2809
3353
3644
3899
4099
3838
3376
2824
2136
1397
528
-352
-1009
-1471
-1857
-2136
-2136
-1934
-1725
-1500
-1313
-1172
-1115
-1256
-1423
-1581
-1674
-1629
-1516
-1231
-913
-553
-34
559
1001
1204
1349
1390
1164
660
46
-469
-938
-1447
-1839
-1896
-1747
-1514
-1346
-1133
-742
-483
-395
-291
-9
281
305
297
515
813
1086
1396
1908
2537
3064
3497
3779
4134
4452
4158
3703
3245
2456
1589
503
-557
-1153
-1759
-2285
-2439
-2553
-2457
-2278
-2178
-1954
-1898
-1936
-1942
-2031
-2087
-2098
-2018
-1749
-1398
-977
-446
60
430
660
948
1225
1163
946
612
144
-213
-683
-1214
-1485
-1717
-1852
-1821
-1771
-1457
-1040
-770
-507
-191
142
404
587
780
1018
1272
1404
1587
2092
2574
2825
2942
3174
3618
3723
3438
2972
2325
1744
799
-401
-1028
-1543
-2104
-2260
-2306
-2110
-1712
-1563
-1323
-1018
-1004
-1065
-1105
-1216
-1368
-1438
-1376
-1253
-980
-592
-121
419
832
1124
1335
1369
1263
885
327
-126
-625
-1128
-1421
-1634
-1752
-1716
-1695
-1552
-1234
-985
-819
-592
-313
-57
128
158
319
785
1089
1303
1725
2250
2798
3042
3058
3339
3567
3382
2922
2339
1875
1236
318
-405
-999
-1502
-1860
-2155
-2057
-1711
-1531
-1390
-1208
-1037
-854
-805
-879
-953
-929
-725
-460
-150
188
495
794
994
1189
1330
1229
1060
774
257
-333
-985
-1584
-2042
-2430
-2628
-2604
-2425
-2162
-1837
-1390
-912
-538
-216
145
510
701
763
969
1255
1406
1480
1677
1949
2254
2502
2668
2961
2995
2572
2154
1687
1035
278
-627
-1321
-1687
-2013
-2189
-2197
-2030
-1747
-1496
-1218
-967
-839
-821
-727
-657
-683
-657
-626
-466
-207
-86
120
533
840
1041
1157
1099
845
420
-82
-580
-1005
-1523
-2024
-2222
-2216
-2119
-2048
-1916
-1411
-738
-228
116
459
945
1211
1180
1267
1530
1728
1687
1797
2201
2540
2841
2945
3064
3396
3286
2877
2549
2000
1428
639
-402
-1026
-1542
-2053
-2277
-2336
-2113
-1645
-1205
-952
-804
-747
-853
-860
-833
-856
-827
-766
-605
-314
-14
226
479
656
745
852
910
724
272
-335
-893
-1343
-1805
-2264
-2539
-2577
-2439
-2211
-1839
-1303
-841
-551
-282
78
467
696
636
727
1004
1026
926
1081
1394
1772
2102
2229
2535
2775
2677
2400
1910
1431
768
-110
-949
-1635
-2041
-2378
-2451
-2120
-1693
-1160
-563
-85
291
486
435
389
258
-13
-146
-195
-171
-111
26
414
873
1125
1154
1218
1256
1025
555
-28
-603
-1163
-1797
-2272
-2378
-2253
-1989
-1704
-1219
-564
-30
339
585
873
1008
793
561
516
571
600
629
952
1440
1800
2145
2509
2703
2738
2440
2030
1651
955
242
-610
-1468
-1970
-2438
-2700
-2653
-2472
-2133
-1732
-1387
-980
-634
-423
-325
-434
-561
-716
-772
-656
-535
-233
148
556
966
1209
1378
1490
1411
1119
642
-17
-643
-1250
-1879
-2252
-2420
-2422
-2203
-1784
-1201
-641
-117
315
693
958
997
969
979
950
867
740
752
1096
1517
1892
2184
2499
2925
3256
3236
2965
2480
1815
1075
134
-792
-1508
-2014
-2259
-2333
-2114
-1646
-1236
-774
-487
-311
-194
-341
-477
-659
-906
-1044
-1054
-942
-606
-306
1
330
595
925
1094
1047
821
434
-41
-573
-1164
-1728
-2141
-2310
-2287
-2161
-1913
-1421
-867
-312
172
510
826
991
994
913
788
741
748
771
1027
1353
1634
1962
2233
2516
2740
2565
2202
1878
1368
732
-40
-867
-1371
-1695
-1958
-2014
-1831
-1445
-1021
-601
-202
92
203
20
-267
-515
-869
-1152
-1284
-1322
-1152
-895
-583
-163
203
475
770
877
740
400
-84
-509
-985
-1538
-1926
-2105
-2091
-1877
-1597
-1178
-575
-45
281
610
844
1020
1186
1169
1117
1002
807
681
730
996
1339
1745
2140
2543
2907
2960
2778
2523
2178
1658
969
179
-457
-862
-1195
-1425
-1411
-1196
-914
-655
-515
-383
-391
-581
-812
-1126
-1461
-1784
-1971
-1864
-1660
-1379
-896
-324
265
768
1167
1440
1511
1369
983
558
74
-538
-1064
-1412
-1632
-1703
-1583
-1284
-832
-477
-272
-91
37
110
51
-19
-119
-226
-250
-250
-173
66
373
741
1210
1622
2007
2320
2371
2241
2013
1616
1103
438
-193
-699
-1070
-1266
-1366
-1266
-1090
-919
-661
-474
-409
-432
-635
-855
-1083
-1343
-1340
-1125
-860
-550
-145
472
1143
1664
2031
2193
2106
1734
1243
743
161
-406
-979
-1369
-1573
-1782
-1812
-1585
-1275
-926
-541
-236
60
304
464
551
544
481
385
400
443
527
841
1127
1412
1822
2044
2232
2498
2495
2290
1932
1375
796
109
-590
-1120
-1484
-1735
-1875
-1752
-1557
-1406
-1153
-1012
-1013
-1092
-1307
-1467
-1602
-1819
-1882
-1827
-1716
-1343
-858
-188
479
928
1259
1413
1444
1329
1036
685
270
-152
-466
-693
-727
-738
-773
-620
-449
-278
-102
-15
104
198
213
225
199
119
68
139
213
363
709
1060
1551
2097
2480
2901
3221
3158
2910
2535
1931
1269
441
-390
-933
-1433
-1917
-2092
-1987
-1756
-1463
-1228
-1043
-966
-1030
-1154
-1296
-1455
-1624
-1571
-1452
-1336
-974
-560
-77
380
691
935
977
861
652
224
-277
-802
-1281
-1569
-1716
-1712
-1650
-1530
-1236
-849
-492
-216
72
387
584
778
1004
1205
1346
1417
1575
1799
1887
2089
2358
2532
2791
2939
3014
3155
2962
2771
2519
1823
1029
179
-655
-1221
-1729
-2286
-2501
-2446
-2224
-1900
-1622
-1373
-1202
-1103
-1182
-1240
-1314
-1521
-1569
-1528
-1362
-1017
-589
-131
307
554
740
892
778
458
80
-329
-741
-1108
-1379
-1538
-1580
-1530
-1377
-1126
-855
-577
-355
-194
60
225
272
396
440
427
514
602
713
785
860
1149
1403
1676
1963
2159
2436
2454
2298
2080
1558
1051
445
-189
-497
-848
-1209
-1281
-1223
-970
-601
-419
-204
-36
-15
-27
-105
-162
-218
-207
-133
-46
169
407
663
1007
1168
1221
1209
909
454
9
-416
-830
-1237
-1630
-1872
-2024
-2158
-2137
-2030
-1860
-1732
-1587
-1295
-922
-595
-355
-132
56
225
416
596
747
809
904
1255
1600
1777
1985
2144
2308
2260
1862
1539
1192
759
280
-346
-750
-954
-1197
-1311
-1268
-1124
-904
-786
-578
-329
-261
-148
-110
-157
-212
-248
-151
-38
35
234
452
665
762
751
798
713
371
46
-232
-602
-955
-1265
-1344
-1340
-1409
-1402
-1300
-1125
-939
-673
-328
-17
241
526
780
982
1032
1024
1063
1060
1015
936
927
1018
1003
1005
1069
1091
1122
920
718
509
153
-239
-699
-1132
-1340
-1493
-1602
-1564
-1463
-1178
-836
-589
-373
-273
-181
-41
-37
-95
-145
-142
-128
-90
14
199
365
412
426
484
483
345
273
173
-46
-232
-466
-630
-673
-743
-778
-720
-615
-505
-329
41
366
645
838
949
1167
1203
1148
1158
1075
936
748
584
688
813
869
974
1047
1176
1176
1045
985
786
511
88
-489
-803
-1073
-1335
-1429
-1503
-1396
-1249
-1253
-1094
-963
-886
-764
-862
-943
-1001
-1109
-1121
-1126
-1113
-921
-668
-433
-209
37
312
480
650
797
793
747
605
408
273
66
-78
-152
-241
-252
-181
-35
184
340
463
639
859
994
947
823
694
609
433
206
159
283
444
628
763
950
1190
1254
1214
1143
1006
798
430
-42
-409
-608
-825
-1091
-1227
-1237
-1107
-938
-863
-799
-754
-840
-974
-1161
-1332
-1409
-1456
-1408
-1236
-966
-616
-238
121
449
704
898
960
882
696
440
155
-144
-475
-747
-903
-992
-972
-921
-760
-487
-212
66
296
475
749
888
910
949
847
752
661
565
576
759
998
1257
1514
1793
2077
2285
2381
2259
2027
1685
1234
730
191
-232
-492
-655
-782
-827
-801
-760
-745
-823
-992
-1183
-1477
-1831
-2068
-2199
-2180
-2041
-1848
-1506
-1036
-518
-51
314
637
831
875
827
659
447
194
-112
-364
-601
-794
-846
-856
-789
-622
-446
-180
53
171
241
213
139
14
-185
-315
-375
-345
-265
-106
240
671
1106
1566
1918
2240
2487
2451
2323
2016
1513
1035
464
-97
-458
-789
-984
-991
-937
-763
-499
-290
-145
-129
-216
-359
-550
-798
-1039
-1072
-1026
-906
-698
-467
-100
306
566
850
1048
971
738
333
-150
-585
-1014
-1418
-1692
-1831
-1807
-1590
-1258
-903
-545
-185
72
251
284
236
189
-21
-276
-431
-522
-464
-361
-257
5
364
808
1214
1557
1913
2133
2270
2275
2094
1939
1669
1341
1045
623
289
80
-113
-162
-142
-114
-38
-33
-89
-167
-329
-522
-765
-985
-1102
-1202
-1144
-988
-780
-461
-137
180
429
557
653
659
527
266
-99
-396
-637
-895
-1049
-1140
-1124
-995
-893
-703
-457
-326
-236
-173
-155
-119
-127
-166
-213
-348
-430
-422
-387
-306
-193
78
422
718
1048
1379
1636
1862
1871
1749
1572
1213
847
415
-75
-411
-661
-834
-827
-725
-484
-272
-135
42
75
-19
-169
-432
-701
-908
-1068
-1095
-1040
-920
-633
-263
38
316
581
771
837
756
528
248
-19
-312
-527
-646
-670
-599
-483
-388
-278
-103
92
260
373
439
478
482
376
201
36
-95
-180
-305
-363
-256
-69
178
473
805
1161
1494
1779
1842
1683
1425
1020
612
169
-363
-720
-953
-1171
-1129
-948
-687
-351
-166
-89
-75
-237
-467
-734
-1071
-1318
-1476
-1494
-1372
-1124
-730
-260
174
488
745
898
903
813
652
409
103
-197
-496
-707
-791
-759
-612
-388
-96
212
410
560
656
665
654
575
471
418
274
146
62
-55
-44
41
185
478
811
1158
1503
1729
1868
1796
1519
1227
859
404
-108
-673
-1110
-1379
-1493
-1390
-1104
-701
-316
-80
46
14
-150
-342
-614
-930
-1178
-1350
-1390
-1323
-1163
-866
-479
-73
280
619
863
924
789
441
31
-318
-686
-992
-1132
-1201
-1142
-949
-719
-444
-143
120
331
469
505
506
456
341
260
234
248
300
366
430
524
646
903
1271
1618
1943
2198
2396
2433
2196
1797
1398
910
388
-99
-529
-665
-693
-740
-652
-542
-481
-465
-625
-884
-1187
-1556
-1930
-2294
-2587
-2732
-2650
-2400
-2038
-1510
-884
-203
420
848
1109
1221
1121
894
619
278
-30
-235
-392
-447
-365
-244
-66
102
247
432
562
624
605
544
447
310
208
146
171
227
245
324
416
460
603
861
1070
1226
1372
1404
1416
1343
1147
991
747
355
24
-278
-503
-513
-551
-520
-325
-198
-121
-85
-193
-397
-631
-966
-1315
-1581
-1719
-1650
-1452
-1177
-830
-427
0
349
549
664
770
739
549
331
47
-248
-505
-791
-1005
-1024
-971
-817
-580
-423
-221
-22
78
138
137
113
57
-28
-65
-19
138
348
571
783
911
1000
1121
1219
1241
1253
1332
1421
1476
1449
1346
1186
899
569
246
-19
-170
-311
-443
-509
-520
-475
-396
-327
-347
-484
-648
-849
-1074
-1267
-1373
-1329
-1264
-1241
-1148
-971
-765
-618
-557
-505
-386
-348
-382
-319
-273
-237
-222
-256
-216
-205
-186
-46
65
167
288
423
565
616
627
667
650
575
519
497
524
534
497
520
557
481
432
456
477
604
752
899
1085
1098
1025
988
743
410
106
-282
-532
-673
-799
-724
-522
-358
-146
-24
-43
-74
-184
-382
-589
-814
-1060
-1190
-1262
-1298
-1212
-1009
-771
-527
-276
-11
229
251
132
2
-154
-250
-318
-379
-378
-338
-249
-106
89
276
484
737
918
1006
1046
1012
925
800
638
551
539
505
493
458
378
321
325
366
363
407
465
466
448
368
248
198
152
10
-170
-342
-385
-316
-258
-134
13
86
122
46
-156
-352
-583
-897
-1193
-1492
-1784
-1881
-1837
-1680
-1344
-954
-529
-129
164
393
587
710
738
687
589
517
497
533
573
640
753
745
627
524
443
384
262
65
-123
-311
-457
-554
-555
-476
-408
-295
-151
-66
30
110
146
218
216
211
295
392
453
496
536
555
573
546
433
295
180
94
66
-16
-119
-163
-254
-354
-448
-538
-607
-702
-884
-1049
-1149
-1224
-1217
-1103
-952
-781
-614
-462
-219
16
163
294
363
382
387
382
421
506
564
597
669
755
796
821
834
802
662
439
315
248
170
76
34
47
48
77
131
179
200
172
105
56
51
121
269
457
606
735
896
922
830
692
451
190
-145
-509
-731
-855
-974
-1061
-1073
-1026
-980
-995
-1047
-1063
-1066
-1116
-1084
-951
-824
-660
-484
-271
9
223
400
575
737
839
887
874
797
708
565
409
243
96
7
-116
-216
-233
-209
-164
-104
-77
-13
116
231
301
393
506
553
570
526
472
467
371
224
140
56
11
77
153
272
413
474
567
621
511
324
140
-115
-399
-669
-890
-947
-1007
-1059
-982
-885
-754
-593
-528
-509
-524
-640
-705
-681
-665
-580
-422
-260
-30
230
457
681
818
807
713
583
421
247
51
-143
-321
-447
-490
-451
-398
-365
-323
-258
-149
-43
64
157
238
272
247
288
317
296
319
372
413
477
519
549
634
676
737
819
829
813
764
667
583
400
102
-131
-322
-513
-676
-795
-854
-801
-771
-724
-555
-417
-313
-171
-100
-75
-14
-11
10
33
-4
2
43
72
79
141
218
257
269
234
232
221
100
-4
-101
-258
-368
-440
-458
-357
-266
-208
-60
104
241
380
488
572
638
645
621
580
444
262
116
-59
-242
-378
-454
-410
-302
-227
-66
140
228
258
283
286
273
154
-37
-206
-367
-508
-597
-637
-659
-638
-591
-512
-398
-323
-242
-122
-17
29
15
-29
-95
-188
-271
-260
-189
-133
-17
138
266
372
429
434
367
240
101
-18
-149
-277
-362
-367
-272
-170
-104
29
229
395
516
591
693
764
700
590
448
279
98
-98
-241
-311
-363
-387
-385
-362
-292
-211
-122
-63
-33
1
10
-17
-63
-82
-118
-178
-203
-215
-187
-116
-38
63
198
280
316
396
472
512
493
406
299
208
57
-104
-198
-260
-283
-259
-228
-186
-89
16
96
156
166
127
78
-16
-141
-234
-299
-376
-399
-339
-220
-73
47
143
232
297
341
348
332
308
235
133
56
10
-43
-85
-56
-11
16
45
51
65
97
78
62
66
10
-77
-140
-169
-177
-187
-204
-194
-150
-102
-17
71
134
200
209
179
156
109
8
-110
-216
-290
-352
-434
-470
-453
-422
-339
-258
-214
-151
-72
-7
45
90
131
158
174
186
219
239
236
280
299
263
229
201
200
209
182
154
161
174
194
185
153
147
133
91
40
-3
-27
-51
-75
-109
-161
-211
-226
-252
-295
-324
-316
-270
-245
-217
-148
-89
-67
-53
-38
-25
-40
-64
-100
-117
-109
-119
-122
-119
-71
-8
30
61
77
80
74
77
80
56
39
42
41
64
78
104
137
169
204
217
203
185
166
111
16
-115
-203
-237
-241
-221
-213
-188
-158
-132
-119
-102
-79
-54
-26
-7
2
20
68
141
198
233
270
292
298
293
306
328
339
347
362
385
378
364
339
316
282
195
118
72
66
27
-40
-43
8
37
19
-24
-40
-72
-219
-373
-495
-590
-655
-709
-713
-672
-619
-544
-467
-348
-203
-120
-73
-15
26
31
31
25
28
39
-8
-94
-176
-253
-265
-205
-143
-61
64
197
334
438
501
553
544
485
414
344
282
198
108
45
13
17
50
97
89
17
-48
-97
-133
-195
-279
-340
-383
-379
-322
-258
-184
-89
-18
56
146
198
202
185
159
136
120
98
98
84
35
5
2
22
20
12
36
97
154
173
137
58
11
-17
-37
-63
-111
-153
-184
-198
-183
-145
-103
-43
31
99
162
182
181
182
191
192
197
191
146
98
49
23
48
80
111
135
126
90
53
0
-71
-131
-188
-248
-322
-387
-430
-435
-418
-382
-308
-230
-151
-85
-63
-53
-18
18
46
61
67
53
69
101
115
121
123
113
81
55
37
34
25
8
7
35
61
102
144
159
159
137
122
97
72
62
52
54
78
125
179
205
199
171
122
70
28
-11
-49
-120
-188
-201
-184
-151
-153
-177
-195
-201
-201
-219
-240
-261
-263
-198
-96
-11
53
75
107
167
214
229
212
175
134
116
105
87
90
93
81
81
67
44
0
-51
-78
-97
-95
-108
-111
-129
-146
-119
-85
-48
-15
-9
-16
-36
-59
-54
-21
5
15
30
38
77
131
155
143
100
30
-7
-33
-72
-91
-76
-28
11
40
65
66
54
36
37
53
52
24
-9
-8
21
41
49
90
146
144
110
62
12
-11
-42
-65
-48
-46
-69
-76
-83
-84
-114
-164
-192
-206
-234
-286
-332
-338
-310
-284
-244
-202
-164
-121
-66
-19
17
64
100
160
223
271
348
409
436
449
450
450
437
419
414
393
377
345
316
297
266
189
94
22
-44
-124
-228
-301
-363
-407
-424
-447
-454
-419
-346
-319
-340
-364
-361
-320
-282
-257
-228
-213
-201
-149
-70
25
89
118
138
142
156
147
104
71
30
-15
-43
-44
-37
-9
22
45
88
133
166
191
214
229
259
289
300
300
294
289
309
317
295
283
252
224
199
150
99
65
61
38
17
-24
-95
-183
-275
-335
-361
-380
-397
-388
-382
-366
-344
-314
-271
-222
-203
-209
-202
-203
-195
-160
-117
-59
-4
24
85
175
246
275
277
260
218
150
69
15
-76
-174
-238
-260
-234
-212
-146
-65
-25
1
0
-8
30
93
161
230
288
308
335
380
395
366
316
278
222
135
37
-22
-76
-119
-132
-138
-152
-169
-183
-202
-197
-174
-152
-100
-52
-11
22
39
72
110
147
127
112
123
94
47
-6
-29
-8
-21
-45
-23
-7
22
39
31
24
-7
-17
-27
-24
-36
-83
-82
-78
-68
-34
-31
-21
-30
-50
-41
2
63
33
9
0
8
13
21
6
5
17
17
74
152
227
247
210
118
-7
-133
-237
-307
-310
-366
-406
-430
-407
-367
-346
-315
-270
-212
-161
-84
15
94
152
229
309
359
361
339
343
375
377
378
406
454
474
452
388
332
262
169
110
47
-57
-153
-239
-294
-304
-324
-340
-334
-313
-281
-227
-178
-132
-129
-144
-154
-153
-169
-169
-198
-220
-242
-281
-295
-295
-235
-151
-81
-49
2
78
155
234
273
259
224
181
163
164
139
141
159
193
229
239
272
289
303
271
206
157
106
78
47
13
-37
-98
-127
-155
-175
-188
-198
-203
-184
-170
-151
-104
-81
-109
-205
-305
-381
-399
-388
-314
-187
-84
-27
67
145
203
255
295
345
397
483
545
606
624
610
585
520
401
308
243
156
100
40
-51
-172
-259
-322
-409
-502
-594
-655
-675
-660
-598
-487
-370
-271
-178
-108
-44
6
52
85
106
105
137
224
250
216
109
-22
-144
-211
-249
-236
-174
-131
-39
47
118
158
130
74
51
58
87
134
198
301
392
465
522
536
519
446
330
221
141
84
62
24
-23
-76
-151
-223
-340
-470
-603
-680
-701
-706
-625
-553
-503
-448
-409
-385
-350
-293
-216
-95
-7
77
176
254
297
297
266
218
208
226
289
365
436
507
538
505
431
335
252
183
149
171
208
249
297
340
317
267
166
36
-85
-208
-290
-322
-336
-298
-223
-157
-99
-83
-83
-67
-44
-25
25
53
62
55
27
-27
-103
-134
-125
-92
-60
-44
-48
-69
-128
-161
-186
-227
-262
-289
-268
-239
-158
-69
-5
35
72
106
170
226
239
269
261
209
133
65
-14
-69
-126
-192
-230
-241
-275
-293
-329
-398
-413
-399
-372
-307
-191
-53
111
232
281
342
382
413
420
374
296
261
274
295
362
386
358
298
231
149
48
-34
-92
-125
-110
-85
-75
-54
-30
22
61
78
102
143
176
190
185
170
120
63
3
-33
-64
-113
-154
-161
-170
-209
-303
-411
-473
-561
-623
-688
-735
-724
-682
-613
-517
-440
-361
-248
-177
-82
8
89
164
216
296
408
487
533
567
582
590
576
538
505
488
503
518
503
471
448
445
430
389
309
230
143
46
-32
-97
-154
-185
-212
-240
-266
-299
-341
-374
-400
-411
-457
-461
-456
-445
-413
-379
-334
-308
-282
-251
-202
-141
-89
-58
0
64
150
229
274
302
357
375
338
315
297
305
313
288
245
223
161
97
65
-1
-79
-159
-212
-246
-255
-276
-326
-336
-313
-281
-225
-170
-115
-62
-70
-40
22
44
79
128
174
214
238
238
206
188
151
111
75
43
25
21
37
64
89
76
50
-24
-106
-183
-219
-213
-204
-187
-198
-224
-200
-175
-176
-180
-197
-188
-189
-179
-154
-103
-36
45
100
128
124
123
148
174
219
241
263
243
216
207
210
201
184
161
175
191
187
198
189
174
166
142
96
42
9
-6
-9
-1
-15
-7
-10
-29
-54
-100
-162
-211
-240
-245
-224
-235
-251
-275
-286
-294
-254
-206
-175
-154
-131
-89
-63
-47
-20
39
83
99
113
139
175
192
188
207
238
249
239
207
141
73
26
21
24
9
9
-13
-43
-47
-44
-48
-48
-60
-62
-51
-53
-59
-36
-19
-25
-28
-37
-60
-76
-82
-82
-79
-91
-79
-26
32
57
66
65
50
57
51
31
11
-22
-63
-66
-49
-59
-66
-50
-53
-55
-35
-53
-72
-49
-30
-11
-1
4
2
-24
-54
-74
-71
-46
-3
54
94
101
86
78
88
111
114
77
35
39
59
67
83
75
47
18
3
-10
-3
7
21
13
12
12
0
-18
-31
-41
-55
-31
17
66
96
122
138
134
124
122
100
76
69
53
43
19
-14
-27
-30
-71
-114
-116
-122
-141
-141
-128
-127
-134
-136
-146
-162
-171
-165
-157
-139
-89
-28
18
46
39
26
51
97
134
161
165
153
144
132
103
66
31
2
4
24
45
50
29
-11
-42
-31
-18
-17
-21
-32
-53
-62
-65
-63
-52
-64
-63
-44
-10
28
80
106
103
96
78
70
65
32
-1
-26
-42
-34
-45
-62
-67
-67
-87
-101
-113
-133
-144
-156
-160
-162
-165
-157
-135
-96
-55
-41
-40
-20
18
45
83
114
129
156
172
184
208
210
176
167
172
162
139
114
92
69
60
58
43
18
-5
-26
-18
-12
-19
-28
-57
-84
-104
-116
-120
-106
-70
-24
23
63
89
103
102
81
40
-7
-31
-58
-85
-85
-72
-43
-23
-8
5
-18
-49
-88
-113
-116
-97
-70
-43
-14
0
2
19
32
48
66
82
95
117
119
92
62
26
-6
-10
30
54
69
69
45
9
-37
-78
-106
-134
-158
-159
-123
-59
-24
-19
-22
-11
-8
-18
-41
-53
-71
-64
-33
-11
8
16
37
35
32
15
-8
-13
-14
-9
2
5
4
10
5
4
3
0
10
26
56
71
61
37
12
0
9
31
52
55
38
27
30
21
29
39
51
60
54
50
33
-1
-19
-22
-25
-10
11
8
-22
-51
-63
-51
-49
-57
-72
-85
-71
-40
-37
-32
-8
-2
7
16
24
39
73
79
65
67
59
55
76
84
68
63
56
52
30
6
-27
-54
-68
-63
-37
-23
-25
-32
-54
-80
-92
-92
-61
-43
-35
-27
-32
-33
-29
-7
9
7
4
20
42
54
57
47
13
-12
-23
-11
-12
-28
-28
-28
-25
0
46
87
103
77
45
23
5
-8
-31
-38
-15
13
46
71
75
53
1
-38
-69
-92
-84
-67
-61
-76
-94
-94
-86
-75
-71
-52
-39
-37
-23
-3
13
15
9
19
31
47
60
73
78
59
53
71
87
90
82
53
44
39
52
55
49
42
35
16
-1
-1
4
18
17
7
-15
-25
-30
-25
-20
-20
-11
-10
-15
-15
-9
-6
-27
-38
-37
-45
-55
-50
-37
-39
-41
-41
-46
-39
-35
-44
-58
-61
-59
-47
-33
-25
-18
7
34
45
42
53
64
59
51
34
22
20
8
4
4
22
51
64
75
67
40
17
10
7
6
9
14
19
17
5
2
13
43
68
69
71
43
10
-27
-66
-74
-68
-52
-25
-8
2
-10
-35
-65
-95
-96
-95
-87
-64
-51
-36
-33
-14
11
12
16
8
7
12
13
5
7
15
7
13
7
4
-2
-15
-19
-22
-8
4
-11
-24
-28
-14
9
27
40
48
46
29
11
-6
3
25
36
43
39
28
9
-6
-4
10
11
6
7
13
24
21
15
16
7
-2
-8
-8
2
-2
15
38
55
61
51
25
-1
-9
-8
4
10
21
32
30
10
1
-8
-12
2
5
16
16
-7
-19
-35
-52
-54
-46
-31
-22
-35
-49
-39
-24
-4
12
3
-6
-28
-45
-53
-56
-48
-58
-51
-35
-25
-15
-23
-25
-34
-34
-22
-17
-11
2
16
18
19
31
56
69
63
49
37
18
1
-33
-47
-35
-30
-24
-25
-24
-27
-22
-12
10
27
30
16
-5
-9
4
31
57
75
92
91
68
41
34
46
61
73
67
47
32
29
30
24
24
23
16
19
15
10
-12
-33
-37
-29
-19
-33
-41
-29
-18
-25
-23
-17
-3
-3
-21
-28
-29
-29
-24
-20
-34
-48
-65
-68
-51
-31
-22
-17
-25
-47
-49
-51
-51
-45
-41
-33
-43
-47
-28
18
65
82
61
22
6
7
10
1
-14
-12
0
12
23
13
-2
0
15
31
35
26
13
17
42
63
75
85
83
69
64
61
60
56
52
42
24
14
15
16
3
-9
-29
-61
-89
-86
-78
-71
-61
-46
-20
1
3
-8
-19
-19
-13
-12
-26
-39
-36
-29
-20
-23
-44
-58
-52
-24
3
14
34
47
47
48
34
2
-30
-41
-29
-3
40
58
45
35
31
21
-2
-24
-41
-32
4
54
81
89
84
58
17
2
4
-1
-8
-16
-6
-8
15
39
28
4
-14
-49
-91
-92
-73
-55
-31
-13
-23
-42
-49
-34
-16
-3
0
-18
-38
-33
-17
-22
-43
-59
-63
-52
-27
-3
15
23
22
4
-17
-35
-33
-32
-27
-7
23
52
70
90
97
94
93
86
73
54
36
27
31
49
62
61
56
56
68
78
73
60
48
42
37
21
10
10
19
25
32
30
14
-3
-14
-24
-48
-59
-52
-48
-51
-56
-65
-87
-95
-82
-57
-26
-9
-4
-12
-33
-38
-43
-44
-36
-31
-35
-46
-36
-33
-40
-41
-39
-43
-64
-85
-98
-110
-104
-87
-75
-61
-42
-18
-3
18
45
48
28
8
8
7
5
15
33
45
48
47
66
80
77
57
32
16
12
22
30
51
69
85
92
92
106
129
143
128
95
69
57
52
58
53
36
21
13
9
19
28
17
-17
-65
-97
-99
-86
-72
-73
-90
-104
-106
-90
-75
-57
-43
-48
-46
-42
-41
-28
-15
-6
-3
2
6
-1
-6
-2
17
35
36
15
-17
-19
-4
-10
0
15
17
16
12
5
1
10
19
11
-14
-42
-54
-51
-35
-17
-1
2
-3
-15
-14
6
15
8
-7
-25
-32
-25
-17
-15
-16
5
33
42
48
58
68
73
67
52
49
63
80
89
76
57
53
62
68
63
58
49
32
15
1
-1
13
28
19
-13
-51
-70
-80
-73
-55
-56
-65
-75
-86
-100
-112
-115
-109
-86
-62
-42
-37
-41
-40
-38
-36
-38
-41
-51
-54
-41
-24
-8
0
1
6
20
42
59
58
46
27
10
8
21
31
47
55
53
49
58
70
57
35
18
20
30
38
37
49
72
84
81
78
66
44
23
-6
-32
-47
-49
-42
-39
-32
-17
-9
-14
-21
-20
-20
-28
-56
-73
-68
-60
-55
-44
-9
10
38
59
66
61
52
46
23
7
-18
-33
-14
2
11
18
22
28
22
5
-21
-43
-49
-49
-39
-20
0
5
1
-13
-14
-22
-49
-71
-73
-57
-46
-34
-16
-20
-32
-27
-26
-19
-1
19
37
35
25
24
44
63
66
73
63
54
66
68
77
81
79
74
48
18
-16
-29
-20
-29
-44
-58
-58
-54
-44
-27
-10
-5
-22
-35
-30
-24
-13
-1
-10
-17
-14
-11
12
18
8
6
-5
-28
-50
-52
-57
-57
-54
-57
-50
-25
-2
1
-7
-17
-8
7
30
48
56
73
83
91
99
96
94
79
56
35
11
-17
-46
-48
-48
-57
-61
-61
-58
-57
-63
-70
-71
-72
-69
-60
-43
-22
-5
18
47
77
112
120
107
85
66
50
27
15
-10
-21
-13
10
38
43
42
43
46
66
76
77
78
67
59
48
30
19
16
4
-9
-23
-44
-56
-49
-54
-70
-87
-94
-84
-91
-106
-118
-137
-120
-109
-126
-153
-166
-130
-67
-22
-18
-31
-19
23
70
93
84
61
36
27
25
9
-10
-13
-5
7
13
20
13
-5
-16
-11
-4
1
2
0
21
49
89
117
122
128
121
118
127
134
138
118
80
46
36
46
40
19
-4
-17
-12
9
19
9
-6
-26
-37
-33
-37
-54
-58
-47
-36
-28
-27
-19
-18
-18
-21
-16
5
11
-2
-15
-10
-14
-10
-18
-51
-63
-66
-57
-49
-56
-79
-88
-69
-54
-36
-30
-35
-39
-40
-40
-35
-26
-19
-19
-22
-22
-11
12
34
35
32
37
39
47
51
52
46
41
42
31
20
4
-10
-21
-19
-5
15
30
21
-10
-30
-17
-3
9
9
-5
-12
-12
-2
10
23
18
0
-17
-36
-32
-7
23
30
35
36
35
41
38
37
20
5
-2
5
21
35
35
34
45
48
39
27
16
7
-5
-23
-60
-82
-79
-79
-55
-26
-2
14
7
3
13
27
44
47
24
-10
-29
-20
-3
14
14
1
3
9
24
27
17
2
-5
-4
-2
-7
-22
-39
-35
-23
-6
10
15
18
24
30
24
17
7
-5
-10
-14
-21
-23
-13
-27
-47
-64
-75
-66
-59
-64
-63
-56
-39
-13
11
21
31
43
48
47
43
45
54
74
72
55
42
31
15
-1
-25
-41
-40
-36
-40
-45
-45
-46
-37
-27
-29
-23
-9
1
12
14
23
34
40
34
18
7
2
6
13
15
15
26
27
29
16
7
-1
1
15
23
29
19
19
21
17
15
11
9
6
10
4
-7
-6
-11
-15
-10
-11
-26
-25
-10
0
0
4
-1
-21
-32
-40
-42
-28
-15
-7
-15
-16
-19
-34
-20
-6
-1
-14
-28
-37
-40
-32
-34
-26
-25
-25
-28
-24
-21
-14
-11
-11
-9
-4
10
21
26
35
47
57
56
59
65
62
59
56
55
53
55
56
59
50
28
20
11
11
15
14
10
-13
-32
-48
-43
-25
-14
-4
1
4
-4
0
2
1
11
13
12
2
-9
-22
-38
-41
-36
-29
-32
-34
-32
-29
-32
-40
-37
-28
-17
-20
-28
-27
-24
-17
-15
-9
-3
-2
4
18
26
21
11
11
11
13
11
2
2
7
14
18
26
32
30
20
14
7
18
41
40
25
4
-7
-9
-11
-9
-8
-3
-6
-5
0
1
3
1
1
-10
-16
-16
-15
-17
-25
-22
-19
-10
-12
-29
-38
-33
-23
-20
-10
7
21
21
9
-7
-12
-4
2
1
1
-1
-1
8
12
13
20
11
7
11
14
11
-4
-7
-13
-17
-15
-13
-5
-6
-6
1
18
26
28
33
34
40
44
41
29
22
18
1
-15
-21
-23
-12
6
8
-2
-10
-15
-13
-7
1
-12
-13
-4
-1
1
5
5
12
17
10
-3
-7
-10
-10
9
18
11
4
-3
-3
7
6
4
6
15
7
1
5
1
-5
-5
-9
-21
-24
-29
-35
-28
-21
-4
14
18
26
30
31
18
-2
-17
-29
-37
-47
-44
-38
-24
-18
-20
-15
-4
10
19
28
21
14
6
-2
-9
-5
3
5
15
27
26
16
3
-22
-29
-22
-19
-10
-13
-12
-5
0
3
-2
6
11
29
37
38
43
31
31
26
23
25
16
8
-10
-22
-33
-30
-16
-5
2
-14
-19
-32
-42
-35
-44
-50
-43
-18
1
12
10
-5
-7
-8
-3
5
6
9
6
22
29
25
29
30
29
24
17
1
8
7
-10
-12
-13
-22
-20
-6
0
9
12
19
28
37
39
28
24
13
-2
-17
-26
-23
-12
3
13
11
6
5
-4
-16
-23
-23
-27
-27
-16
-1
15
18
2
-6
4
8
10
14
20
20
19
16
13
16
21
12
1
-20
-39
-34
-27
-14
-9
-4
0
11
14
18
24
16
-3
-23
-24
-22
-35
-46
-35
-28
-23
-29
-27
-2
1
-4
2
12
16
10
15
24
30
28
13
22
39
45
43
39
34
24
10
-1
-5
-9
-19
-31
-38
-27
-2
10
20
18
10
15
18
21
25
22
8
-11
-10
-4
-7
-32
-53
-66
-79
-84
-88
-82
-68
-61
-62
-57
-54
-43
-35
-33
-29
-27
-15
2
18
37
61
73
73
69
50
38
37
43
55
67
79
77
72
62
50
31
8
-18
-42
-44
-36
-19
-14
-10
-3
1
6
4
-5
-9
-12
-5
6
-2
1
25
41
46
49
46
37
35
31
23
12
13
20
18
5
-6
1
8
9
20
25
14
-7
-32
-52
-55
-52
-49
-39
-45
-67
-76
-73
-76
-66
-41
-26
-15
-13
-15
-18
-13
3
20
26
3
-14
-23
-24
-13
-9
-4
6
7
4
4
8
12
19
28
33
30
26
22
18
7
-4
-11
-9
9
26
41
49
33
18
1
-14
-17
-8
8
16
10
-5
-20
-29
-43
-46
-44
-49
-56
-49
-23
0
11
18
27
31
26
22
30
34
39
36
37
39
45
50
39
12
-10
-9
1
8
12
3
-2
0
12
27
23
11
-2
-2
4
-1
2
8
6
4
6
9
6
-4
-2
-10
-27
-28
-13
-3
-9
-21
-42
-43
-45
-45
-44
-48
-42
-32
-11
2
6
6
4
5
6
7
13
12
9
12
21
29
25
21
14
6
-8
-10
7
8
12
16
17
15
6
8
2
-6
-24
-34
-27
-19
-9
-3
5
6
-5
-19
-26
-28
-24
-23
-14
3
5
5
-5
-1
1
-7
-9
-24
-19
-12
-2
11
17
17
2
-5
-6
-10
-12
-13
-10
-4
2
-2
0
10
18
20
19
21
17
13
15
19
19
23
26
27
26
27
34
37
28
10
-6
-9
-6
-4
-2
-6
-5
1
13
24
26
22
11
-4
-10
-2
0
-3
0
7
2
-12
-26
-32
-24
-28
-36
-25
-19
-9
-6
-11
-4
-4
-9
-3
9
16
11
2
-6
-4
5
7
-4
-30
-34
-26
-23
-15
-3
4
4
8
6
17
27
18
20
29
42
46
31
30
35
32
24
-1
-19
-37
-61
-75
-61
-30
-14
-8
2
8
5
-7
-11
-1
13
14
14
15
9
8
1
-2
-6
-17
-16
-12
-20
-20
-22
-14
-2
5
19
25
21
5
4
5
-5
-13
-11
0
9
4
-9
-10
-9
-19
-31
-41
-45
-46
-35
-10
10
17
18
19
20
13
5
11
13
17
26
32
31
14
1
4
16
10
-18
-32
-30
-23
-12
-7
-1
0
3
10
14
16
-4
-16
-14
-2
19
34
36
30
34
43
47
37
25
29
38
39
33
15
-5
-17
-9
3
-2
-7
-14
-12
-15
-28
-40
-51
-60
-58
-36
-5
25
33
42
57
50
31
10
5
2
-2
3
-6
-4
-9
-20
-19
-13
-12
-27
-26
-28
-43
-46
-32
-26
-19
-1
17
33
33
17
6
5
1
-12
-20
-22
-28
-27
-13
-2
8
17
17
16
27
22
-2
-6
-8
-12
-4
-12
-25
-24
-14
-6
11
18
7
-1
-9
-24
-34
-25
-13
-3
9
7
-15
-41
-43
-32
-30
-23
3
47
85
96
93
88
82
68
51
40
35
14
-10
-30
-30
-19
-11
2
10
19
28
31
28
20
18
14
1
-7
-10
-11
-16
-32
-42
-52
