-18
-21
-17
5
26
40
38
28
10
-5
-5
-17
-19
-10
-10
-9
-11
-14
3
16
16
14
9
16
24
31
48
51
58
55
32
2
-14
-13
2
19
24
28
29
36
54
73
74
66
61
52
50
45
46
45
41
23
-5
-22
-46
-50
-52
-75
-103
-122
-124
-102
-68
-65
-61
-70
-76
-81
-91
-89
-71
-35
-17
-17
-22
-3
28
37
38
31
24
12
26
56
67
74
66
59
44
37
38
41
48
45
40
30
40
54
62
69
75
75
74
81
80
84
82
75
76
83
78
61
49
13
-33
-78
-105
-98
-88
-82
-73
-66
-63
-71
-87
-102
-115
-117
-89
-44
-15
-20
-29
-28
-16
-9
-17
-29
-39
-32
-29
-4
19
8
7
-13
-58
-68
-53
-20
12
27
17
-1
4
32
68
85
67
44
34
35
39
44
51
56
51
21
-16
-35
-34
-4
10
-5
-38
-68
-73
-49
-15
9
20
10
0
-25
-58
-64
-57
-21
-4
-18
-37
-52
-38
-18
-3
-8
-39
-71
-75
-38
-3
32
33
19
25
18
2
14
38
55
74
77
69
48
50
86
87
63
27
-12
-38
-50
-36
-15
9
23
13
-3
-19
-17
12
49
57
35
16
26
53
72
78
74
55
40
27
11
-19
-32
-26
-31
-33
-31
-18
20
42
42
24
-8
-41
-45
-35
-17
8
8
11
15
17
0
-30
-44
-70
-83
-94
-118
-128
-112
-82
-48
-31
-23
-10
-2
17
25
13
10
30
57
61
43
32
44
70
84
74
45
16
25
82
103
71
37
-15
-44
-47
-56
-33
8
16
-14
-34
-33
-14
11
9
-2
3
-2
-20
-10
-3
-42
-53
-49
-46
-32
-26
-14
-13
-40
-30
41
66
7
-78
-114
-74
-32
-13
9
1
-17
-32
-25
-27
-22
35
53
66
87
118
201
241
200
96
28
20
58
119
105
46
-49
-149
-220
-239
-237
-231
-250
-308
-315
-317
-284
-191
-110
-77
-106
-95
-30
29
23
28
52
76
112
142
152
93
30
5
12
27
51
58
56
-1
-67
-81
-132
-148
-117
-100
-40
51
141
208
233
240
247
249
278
318
334
366
348
256
143
91
137
174
168
124
45
-9
43
119
182
246
283
276
235
275
334
237
111
16
-87
-132
-137
-130
-161
-178
-161
-174
-180
-141
-163
-210
-150
-120
-73
33
91
62
-62
-126
-107
-128
-180
-326
-515
-572
-538
-473
-389
-306
-276
-317
-330
-332
-245
-2
96
-27
-182
-305
-316
-176
-47
27
60
99
124
121
139
162
123
99
101
115
166
177
208
141
2
-54
-86
-56
76
111
85
125
211
275
239
160
77
46
128
246
252
203
174
81
-4
13
14
18
48
-58
-162
-124
-49
97
206
237
157
-37
-74
72
91
48
5
-189
-369
-316
-246
-255
-222
-213
-141
30
208
240
127
-34
-59
15
82
103
81
17
-179
-341
-356
-336
-289
-111
22
-54
-151
18
386
543
481
298
52
18
126
155
101
126
121
-164
-411
-283
33
340
398
203
45
-23
-146
-203
28
305
423
293
8
-138
-79
107
229
123
133
232
113
35
153
424
900
1397
1410
1020
710
274
-31
135
30
-415
-850
-1207
-1378
-1325
-1033
-738
-653
-482
-396
-460
-157
373
690
436
-139
-521
-703
-402
-139
-636
-1133
-1450
-1545
-1157
-1090
-1402
-1147
-156
972
1986
2794
2951
2156
1192
635
323
533
931
684
-255
-1428
-2179
-1979
-982
-93
-23
-532
-1201
-1544
-1013
142
1181
1929
1879
913
-110
-682
-521
22
186
44
-722
-1944
-2383
-2155
-1632
-656
99
980
2247
3005
2614
1579
859
523
656
930
1019
888
280
-1026
-2213
-2624
-2354
-1463
-876
-1199
-1892
-2212
-1360
299
1591
1856
1017
-28
-322
39
1374
2312
1935
732
-1086
-1834
-1829
-1456
-237
515
-76
-734
-82
1173
2825
4351
3697
1697
1523
2631
2986
2881
2126
1756
1623
-151
-1755
-2369
-2064
-879
-305
88
119
1
735
1025
697
378
262
609
718
321
-323
-1377
-1646
-1056
-1887
-2444
-2176
-2857
-2980
-2422
-2371
-1864
-1004
-504
-725
-1131
-1236
-2008
-4202
-7000
2773
20089
17687
4211
-3415
-9954
-6312
3645
3706
4224
4469
-3954
-10438
-12329
-8688
574
9572
11622
-2206
-14445
-10239
-2868
8909
16056
7063
-410
-4437
-5997
-107
2212
3577
5568
462
-3981
-6841
-7837
-3036
1436
4198
2063
-3130
-2000
-1388
-141
5044
3457
2869
5249
83
-2279
-586
-1203
651
582
-2991
-4594
-5033
-5936
-8138
-9957
1783
22971
24466
8335
-3134
-8437
-3727
8083
10159
7532
4919
-4286
-13284
-16482
-12594
-3423
6392
10631
-4131
-20630
-15979
-5279
9778
22122
13127
2046
-1628
-3022
2474
5469
5506
5626
-502
-5926
-10098
-11635
-5548
-1107
1874
1611
-4361
-3358
-1490
-1405
6000
7278
4833
6912
2535
-289
2194
1592
1505
-525
-5042
-6848
-8339
-12966
-13256
5693
25291
19816
7482
-1138
-8153
-26
11302
12098
13823
8946
-6015
-15457
-17344
-11610
323
10127
6378
-12520
-21718
-15285
-4560
13090
19939
10615
4092
-1086
-2170
3502
5726
7130
5725
-1787
-7789
-12112
-11852
-6617
-2761
-1252
-4249
-6978
-4665
-3478
185
3770
1441
3639
5172
1721
2964
3713
1653
-207
-4869
-9992
-12712
-2770
17161
18153
2064
-9165
-11788
-3159
7920
9654
11483
12168
4417
-4229
-10616
-7983
2653
10090
10990
-4445
-22993
-19782
-7435
5242
13634
6665
-949
-2484
-1782
2970
5013
7043
10012
5251
-1365
-6428
-9274
-5754
-2145
-694
-1731
-6521
-7797
-8189
-7094
863
4035
3734
5124
1668
887
4483
6344
8203
6082
-313
-5246
-9539
-11382
-2837
12812
17501
6771
-4587
-9452
-5566
5984
12804
11358
6680
-1129
-8144
-8985
-4996
-138
4638
5009
-4949
-14863
-13857
-6627
3703
11399
8404
1392
-2074
-1249
3475
6840
6807
4457
71
-3343
-5224
-5405
-3797
-1584
-193
-2825
-6608
-6982
-6235
-3352
1064
1044
644
2037
554
336
3058
5422
5561
1826
-3895
-9489
-12287
-3238
18348
27916
13356
-3246
-9618
-7313
2903
9014
9457
10277
2830
-9449
-15013
-12602
-2531
8295
11395
800
-16764
-18608
-7079
4609
15809
14152
3602
-896
-3664
-2175
3407
5424
5147
856
-5162
-8332
-8918
-5409
-1697
-348
564
-3031
-6678
-6335
-5518
186
4031
1824
1812
-508
-2175
2350
4191
3680
2101
-3894
-8814
-12077
-12337
2804
22748
23055
9943
-828
-6614
-3131
6104
10332
10861
7887
-1665
-12018
-16850
-13248
-3967
6939
9760
-5195
-18592
-15568
-6041
8845
18775
13310
5998
1357
-757
2077
3579
3626
1944
-2466
-6232
-9983
-10349
-7073
-4167
-421
-798
-4780
-4153
-4391
-2240
4134
4372
5228
6547
3314
2909
3578
2826
2853
-51
-5644
-11074
-14968
-7994
10820
20866
13969
5338
720
-1314
2412
7839
10674
11630
6113
-5433
-13495
-13605
-7717
559
5962
-808
-14375
-16785
-10297
-1400
10895
14673
8574
3743
540
864
4650
7027
6517
1856
-4482
-8992
-10207
-8111
-6169
-4691
-4076
-6077
-6171
-4724
-3245
2822
6456
4620
4429
2817
1328
4962
7423
6411
2878
-3207
-10098
-15109
-15812
-3669
23314
30969
10535
-5147
-11190
-9309
5311
12953
11864
11604
1284
-12514
-18343
-15498
-3438
9903
15653
1643
-21505
-22151
-10523
3645
20928
17495
4451
-707
-4940
-2005
3605
5774
8114
3600
-3809
-9708
-13429
-8613
-3312
-1473
-2030
-8210
-8534
-5279
-3951
3737
5571
2598
4502
733
-236
5334
6375
5938
1555
-6295
-11223
-15496
-14631
5373
30258
25119
2888
-7134
-10861
-5196
9465
13821
13354
11476
-1524
-15044
-19126
-12352
1931
14862
14772
-7668
-25147
-17846
-5342
11951
22829
11655
1550
-2367
-4129
1110
4285
6489
6798
874
-4124
-9260
-10410
-5533
-3006
-862
-3250
-9044
-7430
-6116
-2304
5173
3666
3372
4866
1035
2649
6646
7321
6123
245
-7776
-13330
-16094
-6786
20144
30679
10368
-6605
-12542
-11933
2380
12109
11889
13306
4759
-9810
-17331
-14898
-1679
10784
16056
3037
-22447
-23778
-9975
2547
19910
17945
3248
-1592
-5192
-2575
3496
6345
10276
5335
-3417
-8362
-11295
-5495
19
-574
-2050
-9015
-11042
-6791
-5771
2552
6564
3035
5867
2502
-886
5256
7627
7691
5369
-4153
-10925
-14796
-9832
17281
31995
14548
-2932
-12495
-14293
-516
9862
11692
13827
4534
-9286
-15819
-14780
-2722
9177
15203
6488
-18146
-22844
-10761
-388
16439
17739
4642
-1360
-6532
-4138
2937
4829
7440
2949
-5047
-8467
-11476
-6911
-1893
-2593
-1285
-7194
-12293
-8465
-7600
316
7058
3279
4294
2106
-942
5544
8854
8058
5881
-2674
-9094
-11442
-9223
12930
30357
16997
1012
-7785
-13175
-2210
9660
11115
13949
7111
-8567
-15775
-13969
-3799
6477
11437
5906
-14660
-21369
-10173
-1330
12478
16704
6793
1537
-3976
-4348
1985
4744
7207
3547
-4167
-8005
-11627
-8343
-3436
-4059
-2044
-6677
-12646
-7523
-5829
-206
8703
6180
5960
6100
1937
4715
7938
6924
5675
-1498
-9079
-11967
-5756
17630
25964
7858
-3332
-9749
-11482
3617
10820
9358
11890
2598
-10329
-13987
-9009
2421
8108
8695
-1678
-20992
-17617
-4148
3867
15683
11472
1473
411
-2953
1048
6464
7052
8307
663
-6047
-7907
-10728
-4882
-1107
-4130
-4568
-11348
-14523
-8772
-6708
1709
7403
4341
5739
4158
2126
5635
7472
7148
3672
-3650
-9473
-10785
2055
21292
18092
1269
-7054
-11426
-7632
4056
8114
9855
9876
-372
-10913
-13342
-4057
8330
10688
6007
-10003
-22535
-10836
775
7760
13440
4452
-274
529
-1883
2253
4852
6981
8223
-655
-6890
-9026
-8496
-715
-351
-5141
-8314
-15176
-14012
-9385
-5839
3169
5034
4030
4704
1769
3778
7919
8929
8030
756
-5390
-7040
-2183
17542
23831
5848
-6118
-10187
-9722
1078
6798
7622
9547
1653
-8241
-12576
-8707
5217
12367
9616
-2941
-21964
-17268
223
7275
14591
8858
-3884
-2654
-1177
1835
6729
6651
8446
3304
-7061
-9966
-8632
-2271
2581
-2017
-6957
-13497
-15265
-8589
-6517
-1043
4493
3222
4508
2898
2002
6790
7625
6390
2617
-3274
-5536
2752
21348
20679
1423
-6212
-9125
-7525
4928
6496
5236
9134
111
-9808
-12138
-7684
5620
13574
10622
-6350
-24884
-17172
42
11043
18001
7020
-5340
-5014
-2649
3401
6607
6345
8407
3435
-4781
-10860
-12632
-4494
1378
-129
-4720
-13971
-15379
-10174
-7888
-914
2264
1390
4632
2503
1585
6000
5775
5840
3071
-4038
-6810
-1904
17829
26799
7378
-7050
-10017
-10079
2377
8269
5080
8924
3504
-7537
-11633
-9908
2343
13414
13655
234
-22669
-22419
-3645
8886
20045
14393
-1961
-4443
-2902
1731
7343
6955
8820
5747
-3160
-8286
-12010
-8264
-404
5
-3421
-11558
-16663
-12121
-8857
-2223
3359
287
1781
3807
2349
5082
5919
3628
1128
-3503
-6884
2219
21931
22529
3867
-7078
-11755
-8686
5401
8519
5595
7550
-691
-11084
-13004
-8104
4223
15160
15076
-3332
-25414
-22054
-4480
11586
22412
12095
-2842
-5543
-4537
1243
6402
7661
9640
5523
-3249
-10508
-12853
-6063
138
964
-2445
-11202
-13463
-10225
-7829
-298
2975
2182
4725
2294
1551
5707
5302
5078
2344
-4317
-6128
4399
23908
23528
4046
-6259
-9543
-5482
7585
9096
6550
8569
-760
-11334
-13469
-9830
2579
14297
14320
-4198
-26445
-23059
-5801
11817
24621
13503
-2592
-5341
-3938
2212
6537
6659
7528
2524
-4588
-10871
-15240
-8922
-1874
-1418
-3482
-10893
-13789
-9390
-5702
202
2177
2015
5300
3587
2675
4214
2351
275
-3769
-8534
-5873
12511
27807
14531
-4143
-9073
-9451
1768
12889
9261
8970
6512
-5453
-12386
-14078
-7342
5294
13021
9289
-12823
-27801
-18019
-2434
16215
24067
9931
-1627
-3341
919
7598
8544
9705
7916
303
-4528
-11096
-14472
-8267
-4397
-4229
-7298
-13064
-11434
-7087
-1449
5133
2995
2717
7011
6067
6587
6643
1496
-2748
-5762
-8885
-1846
17936
22359
4758
-7496
-11507
-8418
6465
13002
10529
11022
4486
-5763
-11086
-10241
-2307
5888
10444
957
-19991
-23675
-13989
-580
18062
18025
5225
349
-1061
4499
10893
10640
10321
5386
-812
-5196
-12036
-12616
-8494
-7865
-7941
-11972
-15498
-11219
-6070
1171
5988
3461
3884
5981
7826
10790
7019
-1436
-6106
-8352
-6043
11437
23693
9796
-5517
-11184
-12079
474
11427
11955
13566
8781
-1067
-7161
-9017
-2157
5671
9333
5007
-15171
-25781
-16658
-5725
10675
18238
8117
758
-1526
3198
11075
12463
13868
9710
719
-2877
-8190
-11544
-9175
-9233
-9669
-12752
-17865
-16432
-11856
-3137
5128
4565
4497
5549
6305
10213
10740
5583
-2332
-8989
-10911
38
19863
17484
-1694
-10339
-15260
-9542
7090
11119
12769
14061
3733
-3767
-7189
-5433
3886
8681
8777
-5697
-26406
-25141
-14968
-283
16559
12033
1085
-2825
-2046
8365
15236
16859
16724
7511
115
-4334
-9323
-7422
-7169
-10520
-13035
-19559
-20604
-15298
-9528
1280
6173
4618
6238
8038
11377
15514
13527
4400
-4228
-9343
-4974
15246
21061
972
-11413
-15405
-14709
122
8338
10148
14936
8551
-570
-4733
-4341
5585
12439
12463
1272
-21847
-26710
-17236
-7583
8143
11200
2752
-2265
-4721
2624
11475
16461
21526
14799
5010
236
-6253
-5674
-3509
-8201
-11809
-17536
-21554
-19019
-16144
-7641
744
2553
5481
7005
8876
14119
15505
10160
2048
-5584
-5553
11705
22187
5190
-10589
-15899
-17137
-4681
4154
4620
9845
7905
1475
-2356
-4444
3730
12508
14609
8129
-13548
-25057
-18615
-10460
3072
7605
395
-2481
-4532
-345
7380
11424
18875
17884
9496
5112
-2264
-4521
-1710
-5626
-8684
-12952
-19178
-18456
-18001
-14348
-4581
75
2935
5540
6436
9439
12472
10912
4670
-2209
-4290
8572
22595
10658
-9086
-16435
-18278
-7341
3958
2861
6075
6277
815
-895
-4169
1210
12057
14932
12098
-6244
-23329
-18981
-11102
963
8967
472
-5080
-6638
-3283
7310
10522
15160
18405
10943
7413
2833
-2308
981
-1089
-6752
-10658
-17298
-17407
-15409
-14389
-8222
-4704
-1327
3639
5878
9516
12091
11127
6568
-250
-4194
4232
22738
20855
-1853
-14887
-19795
-14691
1862
6159
6025
7759
899
-2626
-3125
-584
9890
15914
15794
2458
-19433
-22303
-15017
-4199
9587
5495
-4150
-8043
-9243
-234
7028
12044
18283
12931
8213
5254
-2227
-169
1726
-2694
-5060
-12813
-18500
-16796
-15605
-10210
-5517
-4312
-28
3785
6663
9457
8851
5903
1986
-942
7152
23282
20738
435
-12081
-18009
-14314
185
5112
6447
6999
-1869
-6318
-5555
-272
12473
18343
14892
1024
-16975
-18547
-11806
-1914
9125
4650
-3886
-8553
-11209
-2996
4488
8772
14686
10368
5360
4172
20
1538
2545
-1031
-3502
-10358
-14976
-14324
-14264
-9663
-5003
-4774
-3491
62
4263
7278
7935
4219
-1090
-3290
3163
20927
24629
5035
-8819
-14835
-14796
-1056
4697
5586
9457
733
-6348
-6938
-5158
7575
17245
16912
5665
-14903
-19465
-12991
-4725
9488
8780
-737
-5349
-10020
-4339
3729
6600
12683
10129
4125
3500
-19
1395
4115
-283
-3604
-8522
-12349
-10895
-10748
-8142
-5448
-4826
-2158
268
4073
8238
7864
3524
-2464
-6383
3173
23579
25646
5860
-9151
-17194
-14935
709
5753
5782
8793
406
-6899
-8308
-6964
5482
16732
17703
5137
-15970
-19865
-12330
-2491
10525
7349
-2258
-5420
-8382
-3011
3024
5301
11109
8906
3997
2320
-2026
713
4878
1939
-596
-7239
-12748
-10772
-9246
-5432
-2457
-2446
-789
-253
1735
5674
6520
4099
-564
-6726
-2184
18058
23992
6480
-5806
-13040
-14785
-730
4781
3973
8802
2236
-5112
-5804
-5742
3467
12670
15205
7721
-12870
-19593
-13465
-6109
8549
9125
-1084
-4484
-8090
-3681
4271
5873
9835
7921
3322
2860
-1769
-1637
1902
-714
-1811
-5562
-11297
-10562
-9916
-7046
-3347
-2706
-306
2524
5105
6933
6028
3033
-2119
-7122
138
19512
22699
3959
-9530
-16246
-15026
289
5803
5262
8560
768
-5964
-6012
-4637
6660
16620
17096
5982
-15592
-20188
-12212
-3714
10322
8589
-1991
-5067
-9253
-4455
3364
5426
11361
8093
1737
2049
-2346
-521
3618
-1120
-1888
-5245
-11290
-8876
-8224
-6438
-1657
-1308
-450
1504
4805
8466
7659
3253
-2394
-8018
-5894
13121
25499
9618
-7856
-14671
-17109
-4253
6391
6159
9926
5088
-4346
-7024
-7379
1582
13269
17664
11603
-9731
-21607
-16894
-9309
7346
13125
2743
-2895
-7959
-4965
4169
5528
10921
10391
2244
3316
299
-2413
2247
-742
-3633
-4375
-9290
-9381
-8600
-7202
-2403
-1348
-140
2629
5781
11416
11837
5611
-1574
-10432
-5366
17909
24880
7058
-9217
-19610
-19784
-4091
3879
6386
11379
3750
-4724
-7383
-7334
3644
15871
20564
10908
-13032
-21741
-16528
-8469
7557
8796
-1297
-5701
-11472
-7293
1798
4666
12309
9939
1313
1298
-2567
-1117
4260
-1076
-3413
-5774
-11932
-10001
-8873
-7245
-2112
-802
85
425
2548
8334
10886
8737
1963
-8278
-6439
14167
24704
9898
-6492
-16140
-18498
-5146
3228
3791
8806
3822
-3317
-4469
-5195
3355
14226
19019
13840
-6716
-17166
-13382
-8666
5622
10212
290
-4920
-10243
-7732
1622
4436
10603
9979
1626
1193
-1634
-1767
3708
2
-3458
-5302
-10955
-10825
-9512
-7463
-2040
234
793
726
2003
7455
10632
8172
1755
-7187
-3049
16764
22083
6495
-8056
-17433
-16998
-3373
2352
3488
7328
1037
-4585
-5642
-4529
6955
17363
19463
10604
-10156
-16537
-10187
-4186
7860
7903
-1331
-4590
-10158
-7775
717
4195
11884
10483
1075
-514
-3793
-1048
6631
2180
-1284
-3437
-10337
-9752
-8919
-8512
-2558
469
957
329
246
4891
8476
7261
2264
-7252
-3026
18498
22354
5211
-9072
-18995
-17441
-3189
1064
2567
6652
-29
-5875
-7644
-6231
5247
16603
20412
10900
-10613
-17266
-11363
-3898
8988
8805
-348
-4663
-10027
-7771
-1257
2594
10537
9398
2144
-127
-4643
-2543
4521
1921
-1155
-3963
-9862
-10005
-9214
-8419
-3767
638
2595
2254
2761
5936
8131
6821
-262
-7415
5274
25073
19715
1373
-11399
-20899
-14540
68
1637
4876
5798
-4448
-8210
-8707
-4940
10037
21102
20263
4815
-14043
-14323
-7186
2648
12352
5868
-1938
-4435
-8131
-4825
-1376
2251
9407
6386
1452
-1811
-6691
-662
5191
1374
-16
-4007
-9201
-7430
-6867
-7047
-3806
95
1444
1220
2996
5678
6714
5125
-3163
-8388
8500
25400
16696
947
-11501
-20550
-10944
763
564
5404
3714
-6064
-8555
-10457
-5095
9628
19006
18384
1835
-14658
-11833
-4928
5366
12854
4544
-2262
-4378
-5088
-771
-111
2907
7617
3881
1937
-1543
-5973
-121
2737
-816
-1406
-5280
-8579
-6097
-4844
-4936
-3187
61
617
1086
4719
6576
6741
3837
-6414
-7171
13382
25091
12623
-2377
-14080
-19223
-7464
852
653
5597
2074
-5846
-8087
-10515
-3823
10538
19260
16517
-2415
-15856
-11341
-4286
7190
11673
2118
-3000
-4681
-4171
236
229
3577
6310
2139
941
-3648
-6241
969
1819
-1736
-2328
-7660
-9777
-6139
-4994
-4070
-1291
1250
490
904
5276
8130
8779
4918
-7236
-5356
17717
24724
10081
-2980
-15270
-17848
-3853
881
885
5864
116
-6291
-8329
-10161
-1665
11453
18993
13600
-6373
-14895
-9333
-2457
9669
10730
1065
-2973
-5947
-3346
2005
1645
5610
5599
966
1016
-4159
-5131
1652
-288
-2839
-2914
-8819
-9847
-5937
-4138
-2382
254
1718
89
1411
6792
8963
9439
3617
-9735
-1453
21825
21189
6740
-4503
-17427
-14899
-1172
111
3155
6414
-1475
-6577
-9438
-9360
803
12533
18337
7729
-11307
-13873
-8347
435
11852
8321
-58
-3166
-5606
-1324
1898
2559
6914
3730
-107
-519
-5893
-3458
2477
-1200
-2440
-3659
-9805
-9217
-5615
-4749
-2427
1181
1185
-1234
1327
6345
8667
9239
1081
-9772
3033
23163
18488
4476
-7211
-18490
-12407
-412
355
4542
5315
-2633
-6830
-10418
-7882
4524
14735
17011
3499
-14363
-14369
-7070
2265
10802
5907
-537
-3096
-4836
-262
2338
4387
8223
3681
546
-936
-6116
-2253
1919
-2297
-2567
-4629
-10592
-9355
-6322
-5101
-1909
1955
2397
180
3128
8128
9138
7761
-1933
-5017
14594
23816
10713
-930
-12848
-17904
-5921
-204
705
5147
289
-5058
-7850
-10144
-2373
9147
17163
13334
-5930
-15632
-10832
-2731
8692
9177
810
-2546
-5170
-2811
1959
2227
6546
7149
1928
731
-3788
-5629
1342
1457
-2561
-2844
-7029
-10531
-7816
-5356
-4681
-1651
1882
499
-519
3631
7557
10326
7767
-4697
-4460
15308
21377
10192
-875
-13582
-15815
-4828
-1262
301
3636
471
-2810
-7068
-9509
-2300
8206
16689
12595
-5854
-14492
-10183
-1810
8772
8060
765
-1927
-3387
178
3459
3167
6837
5946
2664
2515
-3227
-4812
522
-1017
-2840
-2899
-8248
-10441
-8080
-6142
-3452
-389
1777
818
701
5725
9825
10289
3068
-6280
6067
23076
15564
1939
-9324
-19255
-11452
-1422
-684
3295
854
-4787
-6110
-9780
-5945
4999
13986
16665
1632
-14742
-14005
-6940
5656
12400
2838
-3967
-6090
-5565
1843
4799
6441
8254
3325
1469
-101
-4329
-291
2538
-2097
-3747
-5705
-9489
-8410
-5982
-5173
-2913
141
529
-494
1353
5273
9111
9125
-1161
-7382
8210
22143
15236
2828
-10222
-18025
-9029
-736
706
4394
1396
-3003
-4840
-9131
-5238
5484
14449
16014
1147
-13544
-13350
-6938
5075
10336
1906
-2648
-3690
-2946
2872
4170
5230
6671
2462
1679
608
-2832
847
904
-4378
-4225
-5966
-8486
-6271
-5530
-5072
-2415
-271
510
921
3876
8314
10912
7026
-3677
321
19655
21316
8034
-3534
-16272
-15658
-3619
-280
2426
2866
-3823
-5794
-7493
-7466
1183
10100
14980
7476
-9058
-13508
-8722
-151
9473
5683
-3713
-6318
-5297
-449
3628
4994
6057
2665
162
543
-1579
-114
3119
-971
-5368
-5775
-7599
-7270
-3796
-3682
-4174
-1252
-94
-655
2277
5893
9159
10897
2606
-5594
5671
20556
17503
6350
-5872
-15710
-11366
-3070
-283
3602
1773
-3992
-6037
-9361
-7593
2580
11674
14029
3474
-10595
-12418
-6602
2580
8516
2993
-4077
-5178
-2913
764
2899
5048
5710
2674
1239
-902
-2706
1391
2065
-3285
-5808
-7407
-8473
-5547
-3733
-4952
-4152
-1754
-1125
-317
2600
6183
9987
8619
-1101
-1045
15106
21542
11826
256
-11633
-14919
-6218
-1202
1411
2816
-2881
-5863
-6616
-7856
-1161
7889
12955
10063
-4303
-12908
-8565
-1167
7146
7569
-1368
-6256
-4606
-573
2408
4284
5957
3182
847
767
-2526
-864
4414
1422
-3461
-5747
-8703
-7428
-3219
-2112
-2480
-1565
-414
-606
873
4770
8111
10204
4069
-4034
6192
20865
18130
7999
-3839
-14175
-10917
-4106
-1457
2995
974
-5080
-6760
-9107
-6361
3474
10652
12053
2746
-10304
-11673
-4610
3923
8049
3553
-2791
-4998
-1918
1835
2208
4568
5155
1137
761
-1232
-4105
1636
3885
-2086
-5723
-8897
-10414
-6896
-4056
-3809
-3592
-2123
-1247
-1204
1313
5309
9167
8549
-136
660
15897
19672
9618
-583
-11429
-12801
-4576
-1742
593
1454
-5048
-7869
-7948
-7834
202
9499
12316
6838
-5874
-11888
-6146
3126
9311
6336
-2114
-6932
-4404
2039
4037
4036
5785
2789
11
-398
-4267
-1781
5516
3305
-3019
-7386
-10846
-8437
-3169
-1861
-2294
-1969
-1346
-821
262
3044
7490
10716
5719
-566
8002
18845
14864
5670
-4533
-12455
-7871
-2117
-1141
1803
-821
-6267
-7148
-8769
-6088
3566
10459
10111
766
-10095
-10468
-2261
6837
8634
2049
-4952
-6679
-1363
3699
3218
3756
3653
754
515
-2354
-5412
196
4051
-80
-5112
-9465
-10364
-5593
-1876
-1928
-2077
-1383
-794
56
1563
4254
8912
9865
1862
423
13881
19741
11611
2188
-8687
-12090
-3905
-924
-403
1368
-3959
-7183
-6688
-7901
-2860
6551
11542
7822
-4015
-10921
-6942
1935
9971
8808
131
-6060
-4940
1574
4487
3415
3801
1477
-656
-806
-4807
-4106
2746
3086
-1566
-6405
-11288
-10284
-4566
-1925
-1963
-1278
-762
-1289
-303
2414
5505
9449
7119
-1325
3239
16290
16092
8028
-1324
-11075
-9349
-2977
-2087
607
91
-4799
-6509
-8466
-7844
-756
7941
11767
3818
-7873
-10583
-5782
4246
10291
5354
-1676
-5796
-3153
3405
3451
3055
3878
687
563
-971
-5977
-2648
2080
257
-2573
-7415
-10759
-7401
-3203
-1379
-501
383
466
-503
927
4331
8031
10950
5055
-2067
7462
18915
15099
6300
-4498
-12586
-7626
-2247
-1255
1714
-730
-5014
-5845
-8117
-6709
1058
9314
10955
825
-9557
-9904
-4215
5299
9422
3604
-2413
-4714
-1240
3710
2973
3204
3389
505
781
-2190
-6078
-963
1472
-1370
-2643
-7356
-10063
-5879
-3401
-2185
4
664
680
-142
1036
5028
8974
10216
2447
-1598
12108
20304
12690
3757
-7779
-12561
-4371
-1311
-381
2414
-2224
-5324
-6668
-9849
-5778
2721
10498
10238
-3296
-11899
-9416
-3122
7075
8855
1408
-3357
-5011
-867
3791
2747
4282
3966
396
336
-3853
-6126
188
1011
-1795
-3047
-8847
-10373
-5818
-3693
-1635
45
45
-181
-838
1588
6738
9951
8986
298
-4538
7531
17805
13654
4888
-6472
-12249
-6500
-2244
376
2896
-117
-2328
-5224
-9202
-6172
1035
9027
10910
-453
-9743
-9048
-4623
4180
8065
3385
-789
-2806
-460
3228
2722
3931
4340
1797
1407
-1715
-4140
-957
-965
-2292
-2608
-6984
-9002
-7231
-5374
-2097
-347
-313
121
-159
2727
7648
9319
6783
-2171
-3972
11340
20268
12871
2137
-9443
-12972
-5437
-1144
838
2429
-883
-4334
-8015
-10231
-5386
3709
12259
10438
-3273
-10669
-8755
-3029
6872
9069
2957
-1397
-3796
-1510
2473
2686
4766
5108
1576
266
-2656
-3910
111
247
-1721
-2173
-5838
-7593
-5362
-3735
-1927
-681
-695
-1035
-28
4413
8802
9440
5780
-4118
-5728
11630
23364
16098
3838
-8934
-14833
-6700
-407
1432
4269
995
-4217
-8463
-11692
-6769
3828
12988
12740
-1592
-11808
-10419
-5423
5350
10683
4905
-442
-4308
-4374
-141
957
3896
5480
1129
-702
-3604
-6439
-2522
-946
-2358
-2476
-6287
-9388
-7681
-5046
-2960
-1559
-908
-1229
110
4809
8297
8890
5331
-3838
-7362
5367
19648
18257
6664
-5892
-13774
-9206
-1138
1041
3975
3900
-1090
-5683
-9795
-8102
1064
10476
14185
4715
-8710
-11030
-7616
330
9024
7786
2443
-1875
-3944
-1129
540
2716
5631
3115
1128
-567
-4886
-3716
-679
-1094
-328
-2845
-7937
-7652
-5231
-3713
-1560
-966
-1194
1067
4893
7973
8224
4343
-1810
-4737
3882
19031
21185
8753
-4472
-13296
-11982
-3212
945
3356
4208
-1429
-7358
-10673
-9170
-290
9510
13895
7003
-6712
-12197
-9550
-1991
8403
9779
3355
-2709
-6062
-3063
610
2212
5312
4352
1449
662
-3178
-4854
-1639
-285
542
-1258
-6894
-8771
-7435
-5857
-2937
-1576
-1416
1325
5125
7510
7091
3829
-689
-3702
3754
19415
22782
10756
-2624
-12390
-12077
-3425
634
3529
4894
-1798
-8223
-11320
-10061
-409
9946
14081
8792
-4884
-12612
-10127
-2936
6835
10343
4840
-2437
-6838
-5989
-2826
777
5398
5323
2375
396
-3749
-5135
-1796
640
1675
-573
-6022
-8521
-8395
-7660
-4787
-2996
-2516
257
3205
4744
5280
3419
919
-1066
-916
8992
20090
16266
3939
-6486
-12133
-8081
-781
3523
6146
2540
-3534
-7556
-9245
-3895
4732
10909
12864
3489
-9319
-12400
-9015
-44
8566
7516
1105
-4442
-5678
-2807
90
4460
7355
5192
3098
-249
-4260
-3210
191
1774
194
-3738
-7450
-9865
-9324
-6039
-3599
-1509
1114
3029
4995
5302
4161
3988
2394
-1205
3322
16665
19786
8200
-3995
-12106
-12720
-4338
2192
4658
4017
-1743
-6864
-8753
-5844
2156
9944
14572
9209
-5796
-14466
-12841
-4942
6090
8772
1951
-5148
-7651
-4794
-768
3298
7524
6784
3840
1735
-2314
-3817
-237
2142
518
-2579
-6702
-11201
-11300
-7636
-4691
-1608
1419
3027
4808
5476
5308
6746
6811
2489
-769
8749
20398
14910
1855
-8645
-15767
-9609
762
2790
3985
1147
-4934
-6680
-6897
-2431
6133
12876
15384
4008
-13058
-16475
-11023
-350
9470
6212
-2844
-8663
-8540
-3076
1338
5921
8749
5666
3983
1288
-3831
-2621
279
-163
-832
-4581
-10528
-12426
-9769
-6075
-2840
-21
2315
3813
5062
5841
7150
7566
5285
1415
-2810
2480
13331
12032
1530
-7185
-12816
-9448
-1410
1316
3552
4187
1708
-816
-3425
-1665
3120
9240
14110
3604
-13242
-16958
-13959
-4414
6783
4720
-2125
-6152
-6560
-996
3256
6360
9539
7299
5492
3371
-2584
-3749
-950
-163
-1389
-5783
-11288
-13307
-9838
-4290
-1562
915
3421
4216
6793
8436
7460
7035
5004
-448
-1288
8381
14733
7525
-2969
-10831
-13805
-7028
-334
2303
5654
4570
1082
-1536
-2924
918
7315
13073
11581
-4207
-17465
-17297
-10574
2113
8943
2958
-4191
-6953
-3555
3305
7284
10810
11543
8632
6914
1767
-4100
-3188
-857
-764
-3599
-9632
-13702
-13042
-8337
-3803
-1914
954
3945
5934
7958
7444
5901
4713
1986
-3727
-4270
7509
14146
5263
-4739
-12746
-15482
-5892
1147
3510
7375
4509
533
-1858
-4978
-1308
5752
11409
9512
-7726
-20998
-19757
-11522
3584
9768
2483
-4424
-7202
-2438
5030
7513
10714
10457
6848
5761
-776
-6393
-4451
-2829
-1363
-2835
-9400
-12648
-10935
-5930
-861
1301
3792
5765
6935
8420
7450
6256
5260
2318
-2962
-6076
2104
11852
8538
-199
-7837
-12451
-6490
1830
6416
10900
9609
4587
-555
-5193
-3964
1495
8215
9393
-4803
-19470
-20747
-13842
148
9128
5319
-255
-3052
-480
5440
7207
9334
10334
7018
5017
-944
-8639
-8392
-5542
-3678
-3746
-9255
-13198
-11045
-6002
-1188
1871
4072
5301
6327
7129
5038
3264
3456
1418
-4024
-10115
-4182
9893
11366
3774
-3192
-10335
-7196
2759
7698
12794
13180
7178
1606
-5203
-7450
-1889
6232
10829
18
-16803
-21210
-16487
-1954
11247
8698
3696
-6
-1175
5243
7870
8721
11543
8486
5354
-295
-9790
-10817
-6929
-4031
-3038
-7897
-11644
-10234
-5677
322
2470
3871
6006
6109
6362
4508
1997
2665
393
-4347
-10147
-11610
1546
12566
8320
1596
-5398
-9243
-1284
6194
10030
13771
9967
3102
-4329
-10586
-7765
-297
6296
5066
-10813
-22255
-18817
-9196
5356
11839
5797
1564
1179
4502
9097
8224
8334
8239
4616
1638
-4909
-10584
-8309
-5421
-4392
-4754
-8398
-8318
-3742
-345
1125
2033
4070
5728
6419
5522
1598
-286
-742
-3917
-8262
-11388
-3251
11398
12710
4514
-2828
-8211
-3569
5753
9530
12556
10824
3683
-2914
-9657
-10129
-2877
5294
8000
-4308
-19629
-20315
-11687
3877
14394
8332
1873
268
1772
8764
8665
5438
7666
4980
979
-3319
-11631
-11225
-4745
-2745
-2074
-5180
-8773
-5486
-681
1703
2527
3832
6323
7150
5056
1363
-927
450
610
-2248
-7159
-9771
1318
15135
13407
4901
-1350
-5308
-301
7455
9901
11066
8215
831
-7501
-12529
-8634
-73
6564
4378
-10730
-19935
-14529
-5096
7671
12586
6309
3799
3083
3697
6293
3939
5482
8609
3325
-2048
-8696
-14312
-8322
-2028
-1940
-2872
-7282
-9319
-5433
-1640
773
2419
4729
5812
3238
-361
-3106
-2235
1818
1529
-2866
-9314
-11659
1925
16631
14517
6415
-1068
-6504
-826
6727
8645
9785
6038
-582
-7143
-11769
-8780
-2101
3031
2199
-8263
-14936
-12241
-5578
7154
13310
9626
6790
2685
2031
5508
5001
6951
6838
153
-2881
-7509
-11277
-6367
-3368
-3422
-2999
-6238
-8171
-5752
-2184
1158
3217
4545
3297
592
-794
-1234
1085
3962
1685
-2758
-7862
-12916
-3411
14549
17958
11084
4063
-5054
-5305
2694
5421
9260
10205
2049
-5273
-11044
-12991
-6332
1276
4917
473
-10266
-13447
-9340
234
11785
13203
8893
5286
2474
3966
5367
5891
6846
2999
165
-2837
-9316
-8880
-5012
-4373
-2287
-3631
-8687
-7894
-3732
147
3632
4314
3187
2435
2190
1894
2408
4073
3948
576
-3766
-10088
-10765
4628
18372
14963
6996
-2376
-9147
-1949
5629
8455
11143
5179
-2086
-5929
-11163
-10099
-3647
2021
4682
-3026
-11980
-12767
-8402
4092
13001
10604
6535
2214
1493
4946
4706
5279
4202
-1052
-2287
-6299
-11129
-8341
-6776
-6057
-4556
-8693
-10314
-5927
-1920
1697
3529
3365
2717
1938
1879
2076
4330
6599
3207
-2492
-8075
-15248
-10088
10126
20590
14143
3638
-6992
-9302
48
6617
10100
11486
5862
-886
-8558
-14658
-11678
-2928
7082
8527
-4896
-14552
-13714
-5746
10454
17373
11623
6310
2616
3536
5755
3355
3270
1849
-1254
-885
-6238
-11523
-9127
-7919
-6280
-4758
-7918
-7859
-2667
2309
5052
4422
3715
3588
3611
4707
5091
4455
3159
397
-4355
-9374
-13111
-5863
12878
21381
13141
2574
-6741
-8547
523
6092
9728
11817
5173
-2694
-11694
-18046
-11315
589
9823
9578
-4822
-14602
-13666
-4952
11755
17365
11596
6861
1588
638
1576
-529
1218
873
-1110
-1496
-8760
-13169
-10087
-8724
-4904
-2360
-5709
-5739
-2874
483
4255
4797
4367
3774
2836
2997
2763
3091
3439
1009
-3163
-8057
-12595
-6550
12190
23076
15757
3457
-7099
-10683
-1957
6361
10155
11405
5000
-4215
-13561
-18120
-10089
2321
12120
12475
-2781
-14628
-13804
-5417
11481
18837
11425
4721
-555
-2629
-2026
-3287
-795
1681
852
-596
-8208
-14055
-10312
-5619
-1843
-487
-4397
-5475
-2340
658
2970
2756
2949
4625
4847
4136
3054
3153
4143
3509
-178
-4622
-7990
-8729
2375
17130
16283
6278
-2586
-10365
-7482
692
3880
8791
9330
2343
-5369
-12990
-11908
-842
9766
15010
5959
-10318
-14944
-11594
-833
11822
10869
4629
-812
-6482
-6067
-3948
-2000
2562
3852
2187
-2791
-10222
-10667
-6482
-3128
186
-1943
-6515
-6450
-4473
-819
2703
3797
5107
5198
3842
4487
6127
7311
7112
4075
-1393
-6423
-9820
-8565
3817
15601
12618
3482
-5219
-10643
-4946
3431
9130
15069
12319
3602
-4036
-9282
-5235
4133
11398
12673
-102
-14574
-16756
-12362
-914
8505
6231
1873
-2753
-5060
-1933
-1270
1272
6002
4363
2175
-1929
-9303
-9728
-6945
-5098
-3178
-5657
-7334
-5235
-3590
-877
1199
2925
6928
9041
8530
7316
6480
6919
5580
1282
-4105
-8829
-12315
-12201
-1638
10491
9786
3511
-2439
-7794
-3808
5358
12743
18423
15475
6133
-3306
-9117
-5584
1766
7146
7109
-5519
-18187
-19856
-16306
-4466
7574
8711
5778
740
-2729
-790
1429
6096
9752
6334
2229
-4758
-13230
-12903
-8278
-4200
-1641
-4217
-7716
-8094
-5018
795
5035
8133
10408
9756
7676
4985
2796
3209
2795
-544
-5207
-10059
-14637
-17275
-8203
8920
15313
10847
4177
-4047
-4026
5420
12485
18141
19514
10372
-2041
-11308
-13804
-7877
1261
6515
-513
-14786
-20605
-18694
-9488
6805
13920
10860
6505
1206
-567
1012
3495
7477
6807
2717
-1995
-10404
-13593
-9066
-5138
-1187
-494
-4495
-4719
-1877
1302
5628
7994
8606
8439
6493
3768
1393
1348
1858
-1007
-5642
-9107
-11382
-13496
-8792
6431
16758
14613
9074
1533
-2678
3303
9644
13401
15551
8749
-2419
-11339
-15435
-11258
-3882
2555
2018
-10063
-18418
-18143
-12621
2921
14310
12669
7168
-275
-3782
29
3068
6018
6540
2464
-521
-5642
-10428
-9110
-6483
-2641
1576
-39
-3662
-5301
-4232
220
4995
7809
7920
5639
2646
882
1006
2563
2859
1618
-710
-5762
-11690
-14059
-4781
14074
24069
18754
7454
-4219
-7489
524
9324
15838
16068
5895
-7107
-16475
-17219
-8866
1250
7800
2462
-13226
-21187
-19160
-9080
7136
13761
10322
4196
-2945
-4056
-1037
2136
7362
7554
3250
-2359
-10176
-10827
-6093
-3839
-1045
-1691
-5736
-6349
-5945
-3505
1408
4579
6922
6501
3595
2368
1926
3067
4985
3309
89
-2812
-7239
-10781
-12123
-4687
12669
20896
13596
3267
-5915
-7462
2408
10787
14420
13291
3432
-6373
-12018
-13122
-6129
2282
6143
1879
-11073
-19007
-15781
-5222
9775
16259
11516
4479
-958
-304
3191
5417
8935
8506
3902
-747
-8508
-11709
-7637
-4430
-746
-458
-5872
-8545
-8121
-4754
1969
5784
7100
7344
5376
4167
3616
3808
5533
5267
1902
-2450
-7823
-12186
-14282
-9570
6854
18883
13790
3740
-5004
-9657
-1075
9166
12610
13881
6689
-4103
-10146
-13800
-10568
-1956
4239
4532
-6465
-18118
-18563
-12079
2401
14952
13525
7508
1249
-2868
119
4080
7410
8609
4558
469
-5225
-10352
-9115
-6652
-3179
-326
-3508
-7041
-7969
-6411
-223
5646
9338
10688
8242
5831
4278
3764
5114
5569
3664
-579
-7129
-12606
-15566
-14703
-2647
13140
15336
7642
-179
-7023
-4820
4775
11594
16641
14716
3726
-6676
-13621
-13765
-6018
1968
5496
-2181
-15947
-20124
-16957
-7121
8085
13015
9860
6109
296
263
5143
8368
10681
8530
3382
-1585
-7799
-9869
-8064
-6699
-4050
-4130
-8172
-9474
-7030
-1686
5501
10826
12833
11359
8259
6286
5872
6043
5845
4364
-53
-6583
-12993
-17953
-19751
-16534
-3214
14026
17685
10034
1832
-5223
-1581
11175
19187
21310
14909
1403
-9378
-15743
-14331
-6717
-951
1557
-6340
-20176
-23786
-19218
-6164
12167
18634
15880
10237
3238
3485
6734
8038
9851
7972
3398
-2628
-11582
-15932
-14987
-11145
-3919
-1282
-4118
-6082
-5653
-618
7160
12938
15910
14543
10144
6171
2888
1119
320
-1505
-5372
-11079
-16869
-20295
-20134
-15908
-2394
16395
22874
15979
7562
849
2848
12891
18135
18112
12127
-529
-10577
-16910
-18544
-13405
-7204
-2650
-6151
-16365
-18599
-13091
-1194
15200
20931
17643
13002
6684
4952
5931
5085
5638
3330
-1424
-6171
-14384
-18287
-13763
-7804
-2020
-217
-3817
-5173
-2180
4074
10984
14232
14583
12034
6067
1070
-1046
-2329
-3319
-4580
-7724
-12314
-15836
-16683
-14012
-9900
-3170
11894
24416
21538
12452
5281
1871
6986
11881
10322
7764
704
-8851
-15189
-20476
-20206
-12723
-3733
1416
-4335
-12461
-11268
-4094
10265
23041
21281
14807
8239
1131
456
1440
918
1902
45
-4116
-9442
-15278
-13925
-7214
-569
4457
2954
-1414
-1717
942
6021
11262
12496
10331
5840
443
-3254
-4349
-3329
-2422
-2788
-4193
-7312
-10657
-11059
-8747
-6313
-556
13401
24096
20958
12081
3101
-2517
1344
7253
8845
7584
-411
-11101
-18186
-20784
-15316
-5425
2709
5126
-3173
-11486
-9876
-2997
9521
19706
17152
10521
4395
-712
-795
-175
909
2428
52
-3496
-7811
-12526
-11906
-6874
-1734
810
-1165
-3804
-3938
-991
3987
6442
7044
7021
4554
2013
443
-650
-492
-231
-995
-2983
-6517
-9812
-11564
-10343
-6678
-3001
5813
17549
18545
11037
5988
2270
2256
6642
6763
4120
916
-5127
-10728
-14477
-14099
-8959
-3345
1239
-976
-8494
-8414
-2496
6128
16555
17808
12323
7927
3647
2731
3554
2580
2128
-1021
-5261
-7792
-11639
-11728
-7566
-4872
-2886
-3345
-5297
-3508
1066
6082
9013
8737
7836
5927
4275
4754
4514
3366
1334
-2873
-7218
-10347
-12954
-13381
-10813
-7139
-5653
-3482
6263
16500
18934
17036
11732
4438
1875
2199
2980
5141
2224
-6729
-14641
-17772
-15536
-8988
-1197
2099
-2793
-6812
-3962
1367
10312
17889
16585
11997
7697
3516
1228
-844
-1790
-2054
-4816
-7057
-9696
-13297
-12472
-9417
-5671
-760
523
555
3042
4936
7101
9281
9823
10563
9820
7015
3174
-1684
-4332
-5597
-7896
-9195
-10701
-13186
-12315
-8683
-6250
-5134
-420
12619
24552
24602
17177
7047
-1711
-1357
2968
4173
3841
-1606
-10441
-15712
-17914
-15793
-7938
1031
5584
2152
-3298
-3706
465
9994
18403
16750
10210
3845
-1359
-2822
-3159
-3633
-3755
-4956
-6213
-9357
-13069
-11680
-7192
-1591
3928
4534
2916
3567
4548
6287
8568
9406
9297
7461
3210
-2353
-6702
-7646
-6995
-7371
-8422
-9857
-11252
-10091
-6590
-3513
-1948
339
9398
22443
25844
18043
8213
-643
-3455
839
2754
1481
-1104
-6480
-11000
-14269
-15227
-10148
-2182
5130
6814
1630
-1534
-925
3669
12503
15113
11035
6971
1778
-2276
-4053
-6128
-6222
-4061
-1658
-1834
-6439
-9937
-9181
-5306
1408
5954
5396
3760
3305
4363
5552
5545
5144
4441
2660
-1222
-5615
-8036
-8792
-8032
-6957
-7307
-7142
-5591
-3593
-2143
-1333
-203
3356
14225
25682
23537
12177
1405
-6244
-5033
162
645
93
-2831
-8466
-12552
-15407
-13159
-5436
3963
10971
7105
-1323
-3221
-964
7040
15150
13068
7238
1325
-4333
-5228
-4888
-4725
-2688
-1328
-1073
-3605
-8606
-9327
-4933
1660
7692
8416
4903
1762
1065
2319
3010
2606
2241
1393
-504
-3441
-6404
-7454
-6011
-3871
-3029
-2503
-1838
-1593
-1157
-1238
-1377
-473
2414
11475
20561
17133
6539
-2310
-8490
-7312
-2031
519
2426
662
-4914
-8886
-11975
-10964
-3544
5217
10236
5680
-3573
-7403
-6166
1280
10194
9936
4784
-152
-4575
-4710
-3280
-2115
682
2351
2373
-316
-5572
-7409
-4919
-464
3816
4175
1932
-364
-1882
-590
1456
2809
4358
4155
2691
802
-2032
-3348
-2036
476
2395
1768
-682
-3914
-6160
-5572
-3268
-30
2317
5539
12438
14475
8517
3147
-764
-1516
2949
5126
4348
2375
-2989
-7436
-9489
-9555
-5906
-1094
2564
1346
-5383
-8951
-7000
-941
8286
11907
7957
2582
-1850
-2737
-794
-164
423
552
-1400
-3468
-6106
-7956
-6515
-3615
-600
1111
-81
-2141
-2363
-192
2827
4997
6034
5034
2629
1089
-136
-1020
-196
569
-431
-2208
-3955
-5166
-5265
-4204
-2656
-958
-295
886
7902
15040
14055
9830
5174
52
-263
1870
2468
2978
633
-4365
-8387
-10836
-9770
-5499
149
3849
534
-4344
-4910
-2931
3633
10553
10111
6616
2988
-655
-1609
-1503
-1512
-1122
-1407
-1687
-3617
-7430
-8890
-8000
-5277
-1442
14
-637
-1348
-1185
801
3159
4741
5666
4860
3765
2957
1034
187
396
-109
-313
-2287
-6148
-7652
-6761
-4610
-2037
-1273
-2359
-1295
6480
15590
16853
12504
6382
-240
-1278
1234
1520
1733
-424
-5622
-9138
-11556
-11558
-6751
108
4613
2369
-2645
-4177
-2334
4221
11112
11240
7771
3490
-511
-1354
-1185
-1592
-1295
-1515
-2265
-3858
-7063
-9140
-8334
-4350
784
3235
3252
2469
1887
2895
4573
5734
6210
5651
4307
2360
137
-2619
-5226
-5359
-3508
-2975
-4728
-6608
-7480
-6282
-3276
-966
126
1060
5720
14127
17372
13007
6785
601
-1576
958
1759
877
-934
-4694
-7403
-9197
-9945
-7338
-2282
3331
4230
-377
-3020
-2631
1261
8330
9904
5865
1429
-2304
-2860
-1754
-1557
-1649
-2838
-4009
-4391
-5596
-6124
-4803
-2442
514
2268
1882
1143
1693
3493
5303
6344
5942
3334
490
-641
-1173
-1740
-2001
-2472
-3527
-4448
-5845
-7469
-5975
-2436
580
3031
2809
118
-119
6823
16106
17447
12209
5171
-3270
-6806
-4327
-2138
-125
-49
-4015
-7886
-10633
-11156
-6629
687
6287
5642
584
-2110
-2100
1138
6807
8221
5173
1619
-561
-1261
-1614
-1829
-2091
-1974
-635
-397
-2605
-4390
-3865
-1366
1286
2052
657
-862
400
2763
3284
2737
860
-1404
-1237
-347
-529
-888
-1467
-1875
-1622
-1802
-3072
-3277
-1276
468
1038
899
-816
-3182
-1820
6031
13262
12896
8648
2559
-4169
-4956
-1930
544
3810
3223
-1450
-5683
-9128
-9388
-5367
784
5279
3554
-754
-3440
-4458
-438
5433
7407
6560
3622
621
-441
-990
-849
-439
-307
120
-981
-3608
-6100
-7224
-5136
-2341
-1203
-512
-76
1531
3410
3439
3309
2923
2851
4094
3883
2195
655
-993
-1478
-948
-1531
-3401
-4393
-3579
-2869
-2362
-2120
-2652
-3109
-2221
3807
12971
15883
12690
7472
-227
-3921
-1888
594
3619
3275
-2273
-7653
-11946
-13366
-9662
-3236
2740
3077
-899
-3760
-5308
-2183
5036
8694
9142
7539
3904
1891
327
-1620
-2428
-2807
-2205
-1441
-3400
-6782
-9031
-8635
-5192
-1074
1638
2257
2566
3460
3146
3035
3798
4475
5583
5298
2675
-12
-2530
-4058
-3527
-3106
-3929
-4942
-5050
-4359
-3497
-2636
-2080
-1339
-32
4195
12823
18400
16114
10308
3271
-2350
-2929
-1196
295
794
-2605
-8389
-13300
-15473
-12621
-5322
3040
6588
2840
-1162
-1963
309
7247
12782
12332
9330
4997
1244
-943
-3403
-4701
-4395
-3851
-3648
-4924
-7701
-9258
-7136
-2217
2073
3922
3944
3266
3631
4781
5451
5903
5410
4300
3076
591
-2356
-4613
-5743
-4984
-3649
-3446
-4172
-4881
-3942
-2078
-602
790
1697
1734
1778
5431
12690
15343
10708
4589
-1526
-6067
-5875
-3421
-1740
-1797
-4563
-8395
-11100
-10768
-6283
884
7392
8038
3538
213
-707
1781
7400
9950
8167
4636
417
-2409
-4498
-6754
-7114
-6064
-4291
-2607
-3511
-5829
-6166
-3346
1523
5481
6574
5468
4234
4047
3788
3212
3110
2660
1328
-477
-2957
-5104
-5742
-5040
-3317
-1704
-1779
-3384
-3906
-2045
373
2551
3911
3322
1533
863
4972
11818
13466
9285
3406
-3494
-8410
-8718
-6643
-3784
-1565
-2270
-5329
-8287
-8575
-4595
2469
8315
8022
3761
448
-779
1359
5003
5858
4419
1633
-1980
-4897
-7272
-7556
-4882
-1611
970
1256
-1211
-2997
-2170
1046
4907
6293
5154
2899
918
458
250
150
744
443
-671
-1971
-4021
-4990
-4103
-2411
-82
1239
583
-1028
-2231
-1661
377
1979
1952
772
-687
-945
3349
10328
12023
7672
2361
-2774
-5126
-3168
-417
2096
3214
660
-3374
-6089
-6485
-3638
1859
6067
4681
7
-3111
-3929
-1441
3141
5145
4443
2409
-375
-2289
-3280
-3071
-1270
474
1627
1570
-489
-2689
-3725
-2916
-663
858
1210
571
-693
-1514
-1828
-1115
538
1372
1013
2
-1514
-2262
-1433
0
1014
1358
285
-2282
-3974
-3661
-2298
-454
114
-959
-1785
-2047
726
7575
11874
9801
5035
657
-1987
-2127
-815
579
1117
-606
-3859
-6559
-7431
-5826
-1622
3177
4118
1108
-1541
-2479
-742
3533
6323
6040
4019
1245
-1040
-2347
-3102
-2614
-1181
-19
259
-1282
-4026
-5590
-4414
-1268
1564
2560
1370
-516
-949
-223
1071
2489
2818
2424
1709
-96
-2100
-3074
-2751
-1273
80
35
-1452
-2987
-2845
-1057
814
1528
1030
884
1785
3201
6991
11082
9942
5430
1192
-2654
-4455
-3913
-2643
-1238
-1590
-4028
-6242
-6914
-5074
-1179
3111
5732
4298
1324
18
50
1671
3553
3633
2526
745
-1163
-2497
-3721
-3843
-2225
-93
1756
1725
-410
-2192
-2234
-545
1791
2879
2196
464
-594
-550
-875
-1100
-771
-811
-745
-648
-1105
-1064
-54
1349
2535
2750
1559
-541
-2000
-1536
-149
482
-3
-1030
-1313
-1344
-819
2958
6682
6115
3920
1223
-2050
-3308
-2625
-853
1479
1864
262
-1736
-3486
-3947
-2444
925
3322
2020
-531
-2973
-4884
-3667
-746
1561
2864
2003
47
-1546
-2420
-1202
1010
2166
2437
1164
-1446
-3416
-3911
-3268
-2025
-872
-803
-1057
-591
-855
-1346
-154
1425
2847
4284
4083
2525
1260
717
1039
1726
1720
420
-1724
-3275
-3425
-2752
-2064
-1931
-1893
-1299
-1311
-1179
1946
6298
7831
6570
3796
140
-1941
-1403
1047
3494
3136
330
-2947
-5512
-6004
-3909
-495
1735
786
-1603
-3272
-3425
-1042
2588
4939
5403
4155
2280
919
209
415
1012
1077
438
-1181
-3449
-5081
-5414
-4246
-2212
-513
624
1177
1130
816
750
1351
2459
3583
3787
2528
416
-1232
-1477
-784
-171
-323
-1434
-2760
-3249
-2475
-992
-6
380
494
246
-122
354
3461
8006
9467
7001
2986
-1535
-4201
-3341
-993
814
660
-1890
-4767
-6145
-6031
-4205
-786
1858
1821
326
-1265
-2179
-858
1915
3881
4325
2669
84
-1684
-2810
-2740
-1636
-854
-686
-1126
-2237
-3227
-3086
-1708
72
1593
2324
1747
588
-203
-575
-205
928
1867
2034
1285
-107
-1265
-1553
-918
117
937
985
107
-762
-858
-352
318
697
680
643
462
1032
3649
6250
6265
4341
1398
-1495
-2383
-1422
-37
863
442
-900
-2071
-2802
-2718
-1389
768
1893
669
-1060
-2029
-1955
-128
1653
1730
432
-1372
-2310
-2171
-1557
-658
-106
-136
-487
-1082
-1363
-961
-61
933
1261
828
57
-844
-1269
-1272
-1201
-662
-238
-352
-495
-1066
-1635
-1181
-256
640
1156
932
397
-51
-29
642
1331
1685
1602
857
113
30
1264
4000
5734
4839
2662
79
-1713
-1482
-112
1303
1843
819
-780
-2090
-2806
-2398
-911
671
694
-988
-2650
-3455
-3174
-1728
-177
663
817
743
753
590
490
806
1528
2434
2569
1566
128
-1141
-1595
-1232
-920
-1081
-1670
-2383
-2831
-2972
-2650
-1881
-798
686
1832
1957
1452
898
953
1697
2490
2700
2119
1207
413
-149
-462
-995
-1906
-2311
-1862
-728
1385
3484
3712
2584
1605
814
353
639
1244
1772
1703
398
-1699
-3437
-4318
-3910
-2238
-1132
-1895
-3296
-4066
-3920
-2494
-549
807
1550
1756
1643
1601
1629
1691
1946
2208
1728
351
-1141
-2206
-2410
-1720
-999
-638
-474
-489
-352
-110
36
539
1375
2123
2630
2502
1801
1156
944
1098
1117
619
-172
-796
-1073
-1027
-910
-885
-1174
-1620
-1589
-980
141
1893
3118
2926
2151
1264
455
297
529
765
901
285
-1019
-2088
-2608
-2623
-2027
-1336
-1433
-2129
-2352
-1925
-1254
-396
270
519
1028
1669
2019
2229
2224
2172
2264
2056
1380
438
-797
-1781
-2153
-2177
-2040
-2002
-1968
-1808
-1827
-1669
-977
-137
772
1644
2131
2186
1866
1554
1443
1340
1300
1061
509
-43
-563
-1059
-1215
-1257
-1207
-763
-30
1062
2232
2923
2991
2751
2428
1946
1463
1245
1013
348
-714
-1958
-3074
-3696
-3896
-3688
-3247
-2973
-2622
-2051
-1339
-478
221
1000
1924
2444
2826
3012
2605
1998
1437
881
453
-15
-681
-1554
-2562
-3085
-3033
-2603
-1794
-1179
-849
-570
-376
2
652
1426
2207
2825
2956
2316
1296
546
73
-57
21
-246
-839
-1529
-2040
-1923
-1447
-1062
-683
-316
274
1172
1898
2274
2279
1899
1501
1235
1073
990
655
-38
-943
-1950
-2626
-2821
-2630
-1896
-1206
-1193
-1479
-1553
-1034
100
1210
1828
1873
1528
1295
1317
1475
1650
1558
1262
810
154
-507
-1040
-1269
-1102
-816
-606
-549
-734
-818
-717
-601
-179
330
812
1398
1560
1119
358
-392
-661
-310
262
537
277
-340
-883
-1115
-867
-432
-176
174
458
717
1282
1525
1301
1107
947
779
626
329
-69
-450
-966
-1488
-1873
-2012
-1859
-1518
-1112
-1139
-1514
-1511
-1028
-135
823
1263
1346
1311
1366
1746
2098
2177
2040
1711
1250
709
178
-236
-565
-829
-1027
-1244
-1391
-1308
-1211
-1119
-997
-876
-539
-45
457
890
983
654
323
215
270
533
800
730
372
-100
-552
-757
-759
-645
-462
-326
-16
550
972
991
819
551
424
589
832
921
721
165
-615
-1301
-1798
-2084
-1992
-1682
-1556
-1689
-1888
-1928
-1598
-828
14
668
1157
1488
1672
1705
1529
1231
1016
1006
1023
702
42
-762
-1396
-1510
-1222
-943
-831
-813
-723
-455
-144
202
661
1205
1779
2008
1688
1149
560
245
320
226
-138
-573
-1038
-1298
-1352
-1377
-1199
-738
-109
773
1586
1925
1878
1745
1776
1928
2006
1990
1688
948
-52
-1084
-1935
-2459
-2538
-2196
-1856
-1904
-2151
-2308
-2088
-1354
-288
731
1353
1587
1615
1511
1499
1575
1608
1624
1375
888
291
-439
-1082
-1482
-1530
-1344
-1109
-885
-802
-850
-778
-473
-15
516
854
903
759
412
44
-191
-222
-64
-45
-46
-95
-416
-600
-454
-12
760
1508
1946
2057
1876
1532
1182
807
533
444
344
12
-677
-1580
-2296
-2624
-2546
-2140
-1801
-1694
-1610
-1462
-1198
-838
-417
188
936
1572
1940
1945
1542
1109
1003
1137
1332
1280
834
242
-327
-753
-898
-814
-571
-294
-167
-201
-312
-371
-222
115
384
432
244
-86
-342
-499
-554
-464
-420
-433
-420
-426
-373
-268
-167
73
450
811
1198
1472
1449
1257
957
640
383
128
57
135
-32
-447
-998
-1468
-1560
-1323
-834
-418
-377
-509
-633
-689
-578
-331
-2
355
522
472
335
160
29
91
280
455
530
392
133
-114
-199
-78
67
238
358
373
364
261
70
-16
63
209
336
231
-57
-342
-549
-476
-350
-344
-296
-211
33
276
248
170
153
261
701
1178
1387
1351
1033
658
354
177
272
464
545
371
-216
-907
-1307
-1409
-1137
-683
-460
-489
-716
-982
-1066
-909
-462
145
571
670
519
200
-2
97
363
678
814
633
332
36
-235
-290
-142
39
166
77
-151
-405
-623
-606
-421
-246
-195
-323
-604
-847
-920
-808
-560
-311
-140
-71
-47
-10
93
349
701
1052
1335
1412
1282
1009
749
609
523
461
374
145
-173
-492
-806
-959
-1002
-986
-872
-762
-653
-566
-471
-323
-241
-142
34
215
390
478
457
392
282
193
223
267
300
356
323
241
153
96
146
232
324
365
295
153
-66
-269
-335
-367
-418
-438
-551
-701
-796
-815
-689
-457
-227
-31
134
255
410
583
788
1026
1167
1239
1169
897
613
306
39
-75
-192
-400
-608
-808
-912
-880
-778
-596
-451
-359
-238
-96
69
204
324
432
448
398
301
173
130
148
170
188
98
-64
-172
-224
-151
26
176
315
350
285
235
170
167
169
65
-122
-386
-630
-794
-890
-919
-867
-785
-676
-542
-392
-181
140
559
917
1088
1125
1125
1148
1132
1056
880
573
186
-212
-531
-759
-882
-967
-978
-947
-925
-832
-671
-427
-132
133
334
441
478
465
397
328
295
215
70
-130
-409
-609
-650
-597
-441
-262
-123
14
112
217
372
550
718
807
769
607
394
242
121
-57
-291
-594
-912
-1055
-1027
-921
-798
-685
-521
-300
-7
297
565
859
1121
1286
1349
1267
1088
931
783
607
423
148
-207
-558
-858
-1030
-1065
-1028
-902
-708
-527
-383
-309
-256
-92
174
442
622
605
450
320
276
283
255
173
51
-92
-210
-286
-311
-280
-191
-81
-8
1
1
20
49
102
116
43
-55
-157
-239
-294
-372
-401
-394
-391
-351
-302
-248
-106
82
316
583
762
907
1022
1070
1100
1029
825
568
261
-10
-178
-362
-574
-751
-925
-1012
-999
-948
-801
-596
-402
-200
1
183
359
539
700
791
779
631
419
235
85
-12
-124
-280
-413
-526
-599
-606
-576
-504
-373
-251
-131
-17
75
170
254
285
266
229
163
121
86
16
-80
-213
-318
-387
-403
-330
-218
-113
-2
102
212
360
501
659
802
867
840
714
520
331
172
15
-125
-282
-437
-594
-713
-756
-790
-770
-653
-486
-304
-156
-55
79
263
430
559
586
514
404
272
167
86
9
-62
-121
-173
-236
-277
-291
-260
-188
-114
-70
-60
-41
-20
-2
24
21
9
-9
-62
-115
-154
-205
-236
-223
-182
-109
17
160
276
391
495
601
718
790
826
820
736
586
382
173
-22
-206
-390
-567
-738
-896
-986
-1014
-970
-853
-688
-496
-311
-127
45
183
362
584
762
891
918
825
683
547
408
321
230
86
-71
-242
-389
-494
-555
-539
-483
-458
-440
-443
-427
-312
-159
-5
104
131
173
235
270
298
331
340
332
305
245
178
112
79
64
39
2
-11
14
40
48
40
13
-25
-47
-107
-185
-250
-336
-386
-410
-443
-444
-391
-326
-269
-216
-201
-158
-41
112
244
327
370
393
391
333
256
174
89
23
-28
-104
-188
-250
-301
-313
-317
-308
-267
-186
-67
24
93
150
204
260
319
347
359
378
337
293
250
196
145
80
51
20
-18
-70
-123
-124
-74
4
87
158
177
155
125
101
89
39
-26
-71
-131
-189
-280
-357
-368
-352
-328
-308
-289
-253
-222
-181
-82
14
72
126
173
196
201
186
164
148
103
38
-27
-79
-137
-193
-231
-242
-223
-204
-169
-131
-73
-1
57
123
194
266
311
346
372
370
353
323
305
288
232
182
154
153
146
78
6
-17
-14
12
22
15
15
4
-23
-64
-81
-82
-90
-108
-135
-173
-224
-247
-254
-243
-235
-229
-203
-162
-123
-104
-91
-37
26
53
56
53
44
34
13
-26
-86
-139
-167
-176
-169
-194
-244
-261
-237
-187
-125
-53
29
110
160
186
236
290
332
350
356
336
273
212
168
117
53
-15
-66
-91
-130
-187
-228
-222
-165
-129
-121
-92
-51
0
34
48
57
74
73
42
30
3
-44
-59
-65
-65
-86
-139
-169
-166
-133
-75
-16
54
101
106
127
147
181
201
171
122
82
41
0
-35
-82
-92
-115
-138
-115
-82
-31
32
89
139
169
182
194
209
218
227
228
237
207
154
110
43
-11
-51
-100
-167
-216
-256
-231
-186
-148
-90
-81
-69
-35
-1
52
87
101
109
91
59
21
-4
-8
4
-8
-34
-80
-122
-134
-140
-109
-42
15
42
36
1
-9
6
17
23
1
-33
-66
-104
-127
-143
-138
-113
-105
-117
-110
-88
-52
12
66
124
167
199
212
206
197
185
163
121
59
-7
-51
-105
-147
-153
-166
-167
-161
-150
-113
-49
4
52
101
127
143
143
139
124
94
61
19
-27
-76
-128
-168
-191
-199
-197
-176
-167
-143
-81
-19
44
88
118
157
181
195
207
200
184
155
92
31
-8
-39
-53
-59
-68
-85
-117
-130
-121
-101
-63
-29
11
47
77
93
94
98
83
62
17
-32
-80
-112
-134
-166
-176
-166
-136
-111
-93
-59
-33
18
75
123
146
141
150
136
132
130
101
73
49
35
21
9
-10
-36
-58
-82
-92
-56
1
60
93
125
135
113
115
118
135
145
109
81
62
46
36
18
-1
-21
-51
-81
-103
-119
-106
-73
-49
-30
-14
-14
2
30
53
89
106
111
96
57
-12
-70
-95
-108
-113
-116
-135
-160
-181
-195
-203
-174
-124
-76
-41
-28
-27
-19
-6
-2
-7
-1
4
-12
-25
-45
-59
-63
-61
-60
-63
-55
-51
-34
-12
5
15
5
26
64
87
99
115
118
115
129
127
120
109
109
106
65
1
-60
-91
-71
-47
-23
0
-1
-6
3
-1
-6
-12
-1
25
30
18
12
11
25
39
32
23
5
-9
-8
-6
-4
-2
7
11
10
-7
-24
-30
-16
16
21
-3
-22
-42
-29
11
25
31
32
28
37
33
15
6
5
21
25
7
-21
-31
-25
-8
8
5
24
34
34
44
38
17
2
-10
-30
-42
-53
-60
-40
-14
9
29
55
76
87
89
73
45
21
5
-17
-14
-3
-3
1
-2
-12
-25
-23
-16
-10
1
6
0
7
4
-12
-27
-51
-71
-94
-114
-123
-120
-116
-107
-86
-70
-55
-42
-25
-7
6
21
27
25
24
25
16
7
2
-3
8
17
5
0
-2
3
13
25
18
2
-9
-10
-4
-2
13
26
31
47
49
39
49
62
57
41
33
22
23
20
24
26
20
28
41
54
60
58
54
57
49
27
11
-10
-23
-29
-35
-46
-50
-45
-37
-29
-18
-10
-7
0
20
33
26
8
-11
-29
-43
-51
-58
-59
-60
-67
-72
-77
-93
-92
-84
-65
-52
-60
-81
-92
-93
-83
-70
-57
-34
-11
5
36
59
80
107
104
111
103
90
84
79
73
68
65
50
46
61
68
75
81
77
71
66
68
71
71
60
22
-17
-43
-68
-82
-77
-67
-44
-21
-12
4
17
26
43
47
42
29
5
-11
-17
-20
-30
-30
-15
3
23
32
31
22
8
-6
-23
-36
-49
-61
-56
-50
-38
-19
-20
-22
-18
-16
-13
-12
-13
-7
-11
-37
-33
-36
-48
-41
-34
-35
-47
-46
-43
-42
-38
-32
-20
-13
-11
-26
-36
-42
-62
-68
-56
-37
-24
-17
-5
12
31
42
46
51
50
53
62
68
64
53
48
41
30
20
19
21
17
13
7
13
19
28
38
37
26
20
7
-21
-28
-39
-47
-31
-17
-5
6
9
5
2
9
16
25
22
17
20
22
21
21
29
34
33
33
22
7
-5
-8
-2
-6
-20
-34
-32
-45
-56
-56
-58
-54
-30
-15
-13
-3
3
-6
-17
-12
-7
-6
-4
-2
-1
6
10
13
20
23
31
37
44
52
65
74
70
61
61
53
32
5
-9
-7
-1
15
13
10
13
15
20
36
48
45
46
39
37
30
7
-11
-25
-23
-26
-34
-54
-73
-73
-78
-88
-90
-80
-78
-72
-58
-58
-44
-38
-34
-33
-39
-49
-50
-40
-34
-17
-9
-5
3
12
32
44
35
21
13
7
4
2
3
-4
-9
-12
-19
-12
-5
-2
0
-8
-31
-52
-52
-43
-37
-19
4
14
40
55
71
76
68
63
53
42
27
14
4
-5
-4
10
29
35
35
28
21
19
12
11
13
5
5
7
-9
-19
-14
-16
-18
-17
-20
-6
14
27
27
18
12
16
17
17
22
13
15
23
19
14
10
12
9
2
-4
-14
-11
-10
-15
-1
4
9
17
10
4
-6
4
21
26
32
17
-5
-29
-43
-41
-28
-22
-24
-21
-30
-48
-54
-58
-51
-35
-24
-14
-4
9
16
15
9
15
15
6
-7
-7
-4
-6
9
10
10
18
23
25
24
19
7
4
14
15
23
26
27
26
19
16
