26
33
40
32
21
18
22
21
33
34
21
14
9
17
26
24
16
19
29
28
30
29
17
0
-4
-15
-22
-13
-5
0
14
26
21
11
13
15
13
10
-2
1
6
3
0
-3
-2
-6
2
4
7
20
20
22
8
-8
-10
-2
1
3
5
-3
-4
2
-1
4
7
7
-1
-5
-1
-8
-13
-17
-13
-11
-4
-12
-21
-29
-46
-50
-50
-46
-35
-25
-30
-26
-25
-14
6
13
8
-1
6
6
12
19
3
-2
-3
-9
-17
-20
-28
-38
-35
-43
-52
-44
-33
-14
-3
-14
-24
-19
-6
-10
-17
-20
-11
9
12
8
13
19
19
19
16
14
18
22
21
14
13
6
2
-2
1
3
6
-3
-6
17
23
13
7
21
34
39
39
22
9
-1
9
29
42
44
39
42
22
5
-4
-5
9
9
17
15
10
6
4
7
-8
-17
-18
-15
-5
-3
-3
-11
1
14
8
11
17
4
-8
-3
-6
3
6
-12
-22
-26
-21
-14
1
22
10
-4
-9
-13
-14
-16
-17
-16
-8
7
19
20
18
11
-1
-13
-26
-32
-36
-38
-41
-37
-23
-16
-16
-3
8
10
5
2
1
6
18
21
17
15
17
26
38
40
43
38
25
17
12
17
12
-2
-6
-2
8
18
20
1
-11
-5
1
6
11
10
4
6
23
21
24
13
-12
-8
0
-1
-17
-26
-23
-24
-34
-60
-79
-82
-78
-67
-52
-56
-60
-45
-36
-32
-40
-38
-31
-21
-5
0
4
20
33
21
23
22
13
15
16
17
13
7
1
10
11
-14
-13
-10
-11
-9
-8
-7
-1
12
12
14
-5
-12
-1
14
24
26
26
12
11
6
4
5
5
16
15
24
22
12
10
14
28
19
12
11
7
11
19
27
27
25
25
32
34
37
48
48
43
34
20
17
13
24
48
44
21
12
2
-1
8
11
11
16
12
-1
-8
-14
-10
-7
-6
-17
-24
-24
-31
-37
-37
-34
-24
-11
-9
-15
-21
-24
-12
-7
-9
1
4
-1
2
5
3
10
22
26
24
16
-1
-17
-18
-16
-13
-10
0
7
0
-12
-27
-42
-53
-62
-62
-59
-48
-34
-26
-13
-5
5
5
-21
-31
-37
-21
-12
-20
-24
-34
-39
-55
-59
-63
-61
-41
-38
-51
-71
-72
-69
-70
-47
-20
-12
-9
10
18
38
51
45
46
63
85
91
77
41
31
36
16
26
49
42
34
31
29
68
114
127
136
122
99
95
90
115
139
120
87
33
-1
-4
-13
0
12
20
16
-19
-48
2
72
89
57
-22
-58
-31
15
23
-10
-40
-68
-94
-133
-159
-118
-40
-6
-15
-28
-52
-54
-59
-80
-66
-52
-43
-53
-113
-153
-166
-130
-22
85
79
-26
-117
-159
-137
-103
-73
-3
76
80
-4
-117
-150
-82
14
69
60
-6
-51
-12
53
126
160
183
240
263
213
136
117
156
227
262
195
96
49
45
16
-34
-60
-24
30
28
-7
-19
49
119
141
50
-120
-194
-149
-55
47
124
96
30
-42
-123
-209
-288
-295
-251
-233
-272
-386
-441
-306
-84
68
97
33
-4
74
134
144
79
-44
-106
-98
-119
-139
-71
20
119
144
10
-57
-67
-53
32
-1
-108
-159
-133
-68
-14
-89
-169
-54
117
231
178
84
156
272
362
324
273
251
185
55
-79
-62
46
159
107
-93
-276
-312
-206
-61
89
179
205
91
-43
-71
22
229
360
435
347
153
36
12
105
178
95
-118
-293
-404
-452
-320
-164
-66
-57
-179
-222
-141
-51
25
92
77
44
39
-16
-48
-37
8
101
99
-17
-158
-293
-265
-80
45
51
-53
-166
-62
143
227
304
402
411
317
79
-115
-34
134
286
355
263
119
-1
-124
-198
-124
14
20
-229
-550
-610
-328
158
508
570
461
310
267
279
213
86
19
23
22
-103
-252
-206
-70
-47
-215
-355
-359
-356
-394
-449
-457
-425
-422
-447
-310
-2
137
45
-105
-167
25
289
394
355
271
44
-301
-481
-523
-453
-341
-218
-63
-56
-393
-886
-1079
-755
-115
325
327
44
-164
-115
170
581
946
1279
1484
1209
575
240
400
876
1339
1295
907
463
-121
-718
-814
-165
628
874
325
-441
-709
-475
47
325
167
-55
-367
-939
-1617
-1898
-1324
-312
488
505
-250
-1088
-1535
-1197
3
1496
2026
1378
140
-1004
-1095
-399
356
1058
1132
68
-1484
-2434
-2193
-701
967
1723
1404
123
-889
-843
-156
923
1544
1176
442
-571
-1305
-1161
-879
-673
-485
-702
-743
-133
98
-171
-556
689
4412
5994
3436
104
-1441
-591
1448
1961
1487
1885
1346
7
-1212
-1807
13
2079
2402
1054
-2540
-4448
-2974
-434
2824
4319
2807
860
-322
-403
675
1203
691
-68
-1046
-1802
-2367
-3314
-3481
-2899
-3053
-3235
-3805
-4597
-4356
-2801
290
2648
3686
5617
6643
4877
2130
-780
-2080
-748
148
-338
-1631
-3797
-4519
-3612
-2198
255
1793
2311
2198
141
-1275
-814
777
3270
3544
1120
-1681
-3940
-3556
-941
627
539
-428
-1429
-740
1106
1887
1390
750
491
161
-267
-807
-1072
-422
-86
-874
-1837
-2424
-1886
-1148
-2066
-2123
671
4298
8409
11684
9062
2476
-1691
-2758
-768
2407
2743
780
-2045
-5408
-7177
-5423
-787
3581
4687
2203
-2292
-5494
-3827
1173
4939
5562
2534
-2303
-4850
-4114
-1552
1026
2317
2246
765
-1120
-2314
-1374
1345
2596
1776
-812
-3961
-4814
-3668
-2437
-643
265
-1544
-3031
-2958
-2095
531
1763
1020
1651
4891
13226
17358
8652
-570
-3367
-3749
-295
2147
-501
-538
-490
-4356
-5763
-5218
-1724
5798
8336
4324
-4014
-11242
-7452
1117
6433
7404
951
-5812
-6040
-3255
1413
4840
4322
3518
1948
-639
-1384
-1684
-977
1190
1068
-1871
-6101
-8476
-6940
-3877
-1076
-1011
-3203
-3561
-2605
-225
2734
3024
736
-2001
-2569
1619
12196
17403
8370
-1927
-6187
-7568
-3358
1224
1628
3994
3231
-3831
-7843
-7529
-1999
8132
11597
6045
-5353
-14603
-10458
-716
6788
9912
3295
-3774
-4299
-2759
1970
6215
6821
7136
4180
-783
-2769
-3267
-1084
1692
216
-3835
-8245
-9836
-7416
-3825
37
320
-2124
-350
2797
4182
5787
3479
-465
3
3472
13167
18129
6199
-5152
-7977
-9258
-4017
1475
681
3664
3737
-4048
-7354
-6649
-1057
10028
13388
6321
-7014
-17389
-12374
-1319
6576
9381
1599
-6225
-6534
-3862
2114
6613
7872
8185
5015
981
-1752
-3080
-1651
-292
-1790
-5920
-11514
-12564
-8635
-4728
-299
-267
-2351
1652
4950
6344
7961
3707
967
5884
15108
20716
10556
-5628
-11578
-11019
-5668
1760
1839
1001
1633
-3796
-7047
-4301
844
10649
14967
7465
-4975
-15143
-12964
-2814
4268
6836
826
-7316
-7850
-5242
150
7048
9362
8912
6836
2581
495
619
227
-435
-3114
-7022
-10822
-13621
-12194
-9141
-5830
-3249
-3095
-751
3138
6475
8220
7644
8486
14883
22782
17467
1133
-9958
-13436
-10732
-3129
-458
-2480
-3405
-6354
-9015
-5929
483
9319
16196
13076
1364
-11349
-13168
-2966
6755
9339
1642
-10928
-14668
-9107
-608
7326
8906
7020
5279
2230
1110
2097
3246
4774
2609
-4505
-11520
-16085
-14874
-9798
-6150
-3846
-3772
-3706
-596
2025
3851
7565
12214
21446
30933
22227
1353
-10877
-13312
-8230
1019
1821
-2970
-6059
-11486
-14143
-9238
-498
11849
20121
16236
3389
-11686
-13854
-958
10655
14756
7020
-10377
-19518
-15821
-5582
6700
12211
10459
6194
1268
-1187
299
4298
8050
6520
-745
-9833
-17011
-17398
-12835
-8018
-4829
-4966
-4542
-1863
-354
1608
4210
9325
22714
32522
21123
505
-11304
-14086
-6848
2954
2323
-1921
-5724
-12942
-15942
-11160
-1554
11611
19400
14429
-293
-13680
-11592
2202
13987
17156
5937
-10759
-16687
-13135
-4579
5981
10225
7171
3002
-1003
-3950
-2634
1616
5638
5406
-1080
-9862
-14707
-13237
-7754
-2506
-2211
-5405
-6183
-4127
-1892
996
4200
14350
30161
28802
9288
-4890
-10850
-9726
1594
5453
-883
-4420
-10686
-16949
-14204
-7620
3288
15325
17502
7281
-9645
-15362
-3817
10498
20295
16587
-2076
-14346
-13332
-6617
2747
8022
6641
2494
-1535
-4231
-4843
-2262
3677
6966
3558
-4512
-12824
-13642
-7807
-1201
1688
-2618
-7129
-6572
-4825
-1311
5499
19071
32334
24639
4332
-6498
-8984
-3881
6957
7132
-680
-5843
-13055
-17448
-13493
-6149
4157
13366
13511
2090
-12799
-13601
-777
12201
19994
13538
-3560
-12914
-11757
-4668
4758
8856
5315
-1256
-5874
-5848
-3563
-11
4439
4734
581
-5963
-12202
-11807
-5972
172
2729
-1771
-7365
-8176
-5280
1201
12709
26836
29718
14733
-1996
-8029
-6086
1930
8669
6343
-104
-7522
-15378
-16997
-11509
-2274
7621
11289
6109
-5598
-13658
-7472
6077
15920
17441
7748
-5919
-11047
-7454
-837
4839
5715
1699
-3370
-6449
-5821
-1925
2380
4246
2117
-3769
-9190
-9796
-7140
-3126
-178
-2136
-5382
-5581
-4628
933
15081
26700
22969
10541
-633
-7990
-6184
1647
5182
4732
1296
-7032
-14009
-14246
-8048
1473
8132
7859
-739
-10326
-9336
-1353
7225
14309
11581
1353
-6026
-9537
-9031
-3702
1445
3414
2018
-2226
-4649
-3781
-37
4912
5083
411
-4559
-8157
-8199
-4912
-3025
-4088
-4477
-3934
-3233
3678
18675
27160
17079
1605
-6249
-6644
1149
9703
9044
4455
-684
-8340
-12358
-9512
-2883
5747
10398
5064
-7744
-17058
-11883
2411
13592
16472
7921
-4740
-8837
-5616
-1057
2462
1401
-1443
-1680
-2033
-2958
-2465
-713
2249
3998
488
-6399
-10348
-7859
-2032
1865
897
-2639
-3219
-502
2149
4161
9831
20136
21407
7238
-6017
-10309
-8447
990
8014
4892
554
-5004
-11384
-9286
-2472
4686
12018
11419
1718
-9923
-15146
-7237
5272
11080
8754
-2395
-13518
-12808
-5372
1664
6518
5151
816
132
561
-154
478
1258
653
-1397
-6813
-12610
-12630
-8139
-3251
-666
-3326
-4519
329
6781
18204
28958
24962
11394
-590
-7798
-5214
1257
2898
1982
-3086
-11588
-16189
-15258
-7107
5462
12443
13209
6395
-5250
-7484
-1039
6447
13480
11706
-130
-11203
-16878
-15696
-8294
-792
2290
1615
7
-605
-154
2137
6186
8345
5585
-1505
-8976
-13304
-12045
-6415
-2035
-2991
-6428
-8342
-7099
1192
17098
30988
29500
14203
-353
-5199
-1804
4221
6774
3229
-3926
-12118
-18422
-17936
-9351
2384
11605
12313
3165
-6881
-7319
2177
12408
15256
9711
-342
-9549
-12399
-9218
-6112
-4900
-3610
-2608
-1763
-612
-56
1394
4849
7613
5838
-658
-7205
-9126
-7107
-4502
-4083
-4818
-4917
-4010
1611
14917
27313
24585
10065
-1540
-5449
-3118
4560
10074
7996
1462
-8215
-16746
-16301
-8182
1926
9473
8882
-356
-10722
-11403
-999
10370
15615
12175
683
-9712
-11097
-6748
-1175
2753
1084
-4131
-6169
-4261
-1904
607
2848
2473
-676
-3943
-6578
-7246
-3842
-510
-2101
-5617
-7160
-6822
2634
22633
32561
19182
-1266
-12229
-11414
-800
9516
10724
6519
-397
-10332
-16589
-14228
-4139
9271
16178
9738
-7371
-20784
-16952
-766
14308
19982
11661
-5191
-14897
-12972
-5962
2221
6383
3866
-410
-3535
-4902
-2913
1096
5066
6199
1761
-5943
-11622
-12212
-7191
-625
1400
941
151
-615
4605
16936
24941
18997
6100
-3424
-6655
-4257
1358
4632
3539
-473
-6895
-11600
-10126
-3167
5585
11188
9208
995
-6379
-6536
-557
6165
9715
6566
-1869
-9213
-11954
-10412
-5983
-1461
1043
1173
213
551
1258
1362
1492
1005
-947
-4493
-7923
-9384
-8344
-7130
-6183
-4262
-2161
1067
11554
27987
31080
14993
-1904
-8897
-7539
674
6986
6023
2276
-5176
-14596
-17689
-13271
-2466
11302
16521
9338
-4429
-13088
-6235
7622
15842
15231
4349
-9587
-14511
-12193
-8478
-3867
-1788
-2737
-3157
-2583
-834
2261
4437
4871
3522
-524
-5155
-6921
-5957
-4717
-4481
-4451
-4377
-3272
5566
21814
28409
17638
2318
-6916
-7011
448
7716
9402
6722
-535
-10405
-15498
-13493
-6275
4729
12160
7821
-4607
-13068
-9190
3403
15294
18950
11528
-1477
-9924
-10418
-7178
-3180
-1317
-2747
-4789
-5538
-5261
-3511
4
2730
2646
692
-3074
-6403
-5994
-3217
-1580
-2301
-2232
-1185
-596
4494
17748
26320
17097
-448
-10973
-10743
-2826
6720
10310
7255
600
-7675
-12766
-10784
-3062
6707
12557
7794
-5481
-16379
-14325
-898
12469
16249
9235
-2730
-11041
-10407
-4154
2014
4126
1309
-2851
-4486
-3876
-1838
741
1203
-910
-3490
-7265
-10153
-9489
-5790
-2231
-1136
-1387
42
3777
11872
27285
31243
13311
-6211
-13387
-10543
2139
11172
7901
2589
-5198
-13579
-13605
-7674
2501
14639
16603
7138
-7645
-17649
-9831
6461
15334
14268
2791
-12272
-16176
-9503
-1867
3283
4005
988
-1744
-1919
-435
1502
2348
1686
-1091
-5661
-9609
-10384
-8722
-6108
-4707
-6724
-6452
-1278
4349
12712
27155
31903
17857
573
-8902
-9816
-1745
7049
8040
3636
-5400
-14996
-17349
-11337
1124
13320
15827
7548
-7032
-17106
-10859
3895
15077
18101
7751
-9139
-17610
-14634
-6634
1320
4771
2621
-1997
-3746
-1063
1787
3931
5946
3618
-2577
-8719
-13913
-14863
-9958
-4740
-4013
-4094
-1820
2054
8357
20116
27450
18580
4474
-2379
-4414
-247
7451
7000
1517
-3755
-10606
-13420
-8743
-983
7616
11431
7223
-1671
-9975
-7911
3067
11119
13849
9057
-4662
-14806
-14354
-9355
-3176
1015
293
-2218
-2638
-313
2611
3888
4811
4987
1446
-4108
-8735
-12323
-12013
-7508
-5946
-6715
-5820
-2417
5865
20246
30236
23251
6315
-4592
-5913
-872
8227
10958
5804
-1695
-11367
-17640
-13978
-3676
8647
14924
8732
-3406
-13855
-13523
-257
12083
16165
12546
-201
-12477
-14225
-9471
-2571
2703
2212
-1303
-3297
-2317
2
1389
2754
4078
1617
-3409
-7531
-11209
-11353
-5963
-1628
-1862
-3387
-4018
-2719
7857
26269
29934
13905
-596
-7511
-8379
1853
9677
7691
4325
-3834
-14020
-15102
-9184
1959
13514
15095
6900
-8019
-17382
-8357
6171
15132
16778
4093
-12274
-16168
-11737
-4902
1996
3498
1352
-1296
-3095
-2113
-38
3645
8469
6454
-1832
-9176
-14332
-13986
-6747
-1743
-2451
-4160
-4733
-1011
10401
26573
30796
15228
-3157
-10240
-8884
1175
10625
8244
1796
-6379
-15328
-15776
-8617
2330
14339
15910
6057
-7423
-16756
-9499
6267
14898
16217
6481
-11165
-18598
-14474
-7243
514
2822
66
-1488
-2038
-1494
773
3067
6697
7192
1198
-5681
-11148
-13054
-7674
-1527
-1176
-2863
-5106
-5019
2258
17685
30733
25251
5822
-7853
-12135
-6641
7643
12547
6262
-1459
-12320
-19190
-14493
-4713
8839
18588
14496
1025
-13771
-15850
-961
13842
19792
13831
-5397
-18624
-15898
-8035
160
4319
1950
-686
-2757
-3685
-1116
1492
5469
9537
5043
-3767
-9939
-13009
-9010
-1494
-616
-3046
-5203
-6841
-1840
8726
21640
30040
20735
2301
-6704
-9489
-5077
5574
7121
2999
-1020
-10443
-16206
-12168
-3671
7774
14201
9539
-1855
-13100
-11517
2243
13221
16820
10284
-4638
-13065
-11305
-7030
-2101
898
1076
-170
-2351
-3956
-4228
-1815
4532
7134
1002
-6566
-11302
-11262
-4738
1771
921
-3095
-5336
-3434
2143
10724
23550
27745
13482
-2244
-8959
-10497
-1388
8038
5989
1919
-5435
-15901
-15501
-7158
2778
13052
14180
6020
-5687
-14892
-8891
5140
13225
14206
4433
-10068
-14598
-10735
-4438
1836
3625
1551
-1622
-4055
-3757
-1801
2320
7617
5647
-3195
-10697
-14271
-11402
-2144
3164
504
-3593
-4899
-2735
3997
18585
32047
25607
5804
-6811
-11921
-8944
2380
7451
5812
1397
-9973
-17747
-14643
-6295
6253
15576
13735
2979
-11774
-14537
-1533
10704
17213
13885
-1421
-12705
-12552
-7897
-987
3201
2770
1213
-1788
-3719
-3047
-1172
4613
8129
1874
-6094
-11484
-12998
-5703
2215
884
-3244
-5745
-5689
737
10668
22481
28816
17016
-1479
-8771
-9365
-2498
9187
9906
3584
-4087
-15376
-18979
-11775
-1884
9343
14071
6778
-5512
-15290
-11514
3772
14713
16786
8822
-5840
-12599
-9652
-3983
1610
2805
689
-1304
-3076
-3662
-3356
-1525
3668
5039
-811
-6545
-9798
-8501
-1701
2174
-1036
-4737
-5355
-2542
3570
12504
23684
24068
8988
-3711
-7396
-6429
3014
9994
6545
2032
-6658
-16349
-14905
-7875
846
10198
10165
1212
-9810
-15829
-7216
6874
14664
14851
4300
-8528
-11435
-7199
-437
4394
3163
-104
-3072
-5183
-4931
-3608
309
4917
2761
-3160
-7910
-10289
-6389
426
1988
-1172
-3918
-3925
-1135
2929
13923
27471
23505
5714
-5833
-10219
-6028
6930
11425
7295
1616
-9592
-16605
-12973
-6270
3964
12279
10290
643
-12969
-17056
-5024
8314
16904
15862
1308
-11241
-12530
-7412
1208
6126
5325
2878
-2131
-6104
-6207
-4391
1288
6302
3227
-3450
-9588
-12729
-7730
550
2361
-370
-2649
-3792
-1584
6091
19908
28786
19498
2761
-6337
-9275
-3347
6799
8016
4939
-934
-11837
-16215
-12046
-4156
6777
12161
7640
-3237
-14411
-12084
923
10633
15185
9536
-4088
-10847
-9482
-4548
1947
3799
2138
-301
-3895
-5255
-4603
-2806
1839
3563
-846
-6528
-10793
-10355
-3715
1988
1085
-2104
-3671
-3399
549
12150
25805
25251
9956
-3432
-8439
-6142
3574
9314
6513
1689
-6969
-15063
-13806
-7432
1533
10295
10839
1985
-10863
-16471
-6740
7230
15450
14433
1974
-10311
-11799
-6096
1380
5788
4831
1513
-2430
-4221
-4124
-4116
-240
4748
3314
-1945
-8479
-13213
-9091
92
3710
708
-3688
-5971
-3659
2484
14374
27053
24228
8481
-2843
-8555
-7475
2332
7106
6184
3705
-6319
-14706
-13421
-8098
2257
12044
11354
2193
-11150
-15651
-5002
6855
14415
13597
1308
-9181
-11019
-7763
-285
4639
4539
2926
-1361
-5342
-6162
-5147
52
5231
2833
-4027
-10733
-13783
-8648
532
3443
428
-3043
-4476
-1507
7401
20547
27408
18448
3562
-5001
-8986
-4918
4467
7449
6445
1023
-10680
-15599
-11510
-3397
8319
13919
8248
-3512
-14631
-12818
-496
9179
13830
9083
-3528
-10491
-9995
-5063
2709
6633
6181
2838
-2662
-5804
-5679
-2804
3547
5694
571
-6293
-12398
-12788
-4870
2487
2144
-1131
-3667
-4604
-1206
6741
18530
25455
16785
1608
-7648
-10920
-3954
7252
9137
6265
-727
-11772
-14500
-9510
-2081
8506
13180
6800
-5507
-16118
-13537
-1136
9854
14681
7587
-5813
-12016
-9934
-2274
5698
7700
5682
1171
-4133
-6209
-5646
-2440
3344
4391
-1194
-8062
-12734
-10813
-2434
3489
2181
-1618
-4434
-5553
-1795
7209
19862
26415
17050
1976
-6932
-9343
-2421
7516
8879
5730
-1856
-12078
-14009
-8968
-1071
9059
12628
5785
-5661
-14552
-11333
359
10257
13403
6224
-5487
-11085
-9044
-2454
3689
5657
4483
831
-2999
-4654
-4396
-1233
3492
4148
-547
-6757
-10551
-9072
-3389
1024
-122
-2684
-3636
-3467
345
7794
18690
25599
17518
1648
-7083
-9126
-2649
7984
9092
4298
-2948
-12235
-14004
-7792
-223
8807
12285
5353
-5094
-12963
-10498
1218
11317
13349
5858
-6429
-12498
-9568
-3047
2879
5370
3861
40
-4120
-6226
-4482
-240
3808
4198
-1174
-7329
-9528
-8047
-3135
1396
-37
-3565
-4966
-5293
-1766
6329
19217
27221
17541
1232
-6646
-8451
-1781
8573
8249
3418
-2706
-12164
-14278
-8813
-2042
7181
11417
5575
-3913
-12133
-10222
1108
10339
12980
6183
-5682
-10632
-8186
-2871
2423
4345
3620
1160
-2716
-4556
-3685
-1415
3333
4851
-316
-5454
-8289
-8496
-3339
1305
-564
-2950
-3683
-5022
-2916
3580
16206
27695
20971
2799
-7642
-10747
-5115
6879
9013
4482
-972
-10658
-15485
-11151
-4671
5023
12448
9019
-766
-11097
-12774
-2492
9691
14873
9632
-2619
-10664
-9809
-4208
1129
3571
4233
2316
-2180
-4756
-4885
-2954
2710
5717
1270
-4507
-8505
-9624
-4707
1194
1252
-1590
-3396
-4103
-4287
-942
14300
29547
24165
7708
-4854
-13643
-9436
3805
8413
8642
4069
-8173
-15120
-14425
-9212
2994
12881
13400
4303
-11165
-16167
-7004
5896
16527
14915
1474
-8789
-11958
-8883
-1724
3720
7368
6552
-221
-5055
-6585
-5275
2739
8219
3947
-2136
-7853
-11678
-6677
234
484
-1188
-1795
-4091
-4636
-1184
9646
25614
27489
12786
-1364
-10638
-12126
-1027
7041
7444
5231
-4401
-14396
-15219
-10762
-1232
10046
13233
7021
-5758
-14290
-9607
1165
10892
13355
5109
-5340
-10907
-10947
-5808
886
6490
7525
1597
-4489
-6478
-5078
924
6340
3869
-2521
-7760
-10724
-8604
-3274
-1113
-2287
-1698
-2114
-3832
-1339
6955
21649
29431
18141
741
-9939
-13476
-3853
7826
8460
5293
-2685
-13886
-15490
-10332
-2223
9449
14363
9270
-1785
-12598
-11347
-835
9139
13952
8036
-4253
-11100
-11461
-6605
1573
7376
7849
2901
-2942
-5137
-3225
1589
6291
5332
-1149
-7061
-10361
-10319
-5706
-1622
-2102
-1762
-1849
-4657
-3116
4859
20071
30793
20650
1703
-8699
-12476
-4517
7498
7503
4064
-1344
-11656
-14359
-10627
-4610
7242
14452
10535
232
-11417
-12113
-1763
8220
13309
8429
-4100
-10925
-10464
-6715
-386
4740
5844
2990
-1405
-3858
-2959
1112
5570
5041
-690
-6497
-9774
-9589
-5390
-1835
-2612
-3094
-2537
-4368
-3695
2990
17738
30629
23806
4869
-7693
-12753
-6367
6115
7648
4248
-520
-10681
-14964
-12062
-7105
4408
14253
12586
2755
-9852
-12981
-3829
7330
14048
10795
-1018
-9670
-10892
-7555
-1718
3414
6432
5288
841
-2458
-3377
-1465
3376
4830
306
-4943
-8391
-9883
-7265
-3736
-3869
-3850
-2273
-3251
-3364
-690
7843
24684
29120
12759
-2719
-10618
-10869
1280
8129
5209
2706
-5316
-14136
-13706
-10627
-2697
10159
14668
8636
-4386
-15005
-11339
640
11614
15396
6672
-6298
-12986
-12034
-5150
2730
7950
8956
3735
-2542
-4385
-3543
358
5153
3897
-1578
-5224
-8722
-9985
-5869
-2516
-2159
-115
-169
-3144
-2346
3894
19050
30752
20726
2682
-7058
-11328
-4367
5858
5704
3904
-36
-10323
-14622
-12460
-7010
5792
15528
13206
1987
-11755
-14722
-4953
7178
15016
11783
-1217
-11698
-13665
-8633
-344
6880
9661
5748
-1439
-5240
-5144
-2319
2680
4337
215
-4594
-8637
-12192
-9998
-4254
-1195
906
827
-3608
-4709
-40
12720
29525
27787
9361
-3965
-11351
-9648
2366
6755
5670
3806
-6802
-15324
-14577
-10163
1912
14889
15934
6921
-7542
-15860
-9645
2173
12315
14489
4007
-8186
-12633
-10155
-2081
6650
10574
8294
1437
-3911
-4781
-3406
785
4413
1754
-3484
-7705
-12081
-11553
-5246
-945
684
1233
-2441
-5350
-3472
6292
25106
30817
14597
-1610
-11433
-14211
-2907
5740
5929
5741
-2894
-14033
-15269
-12412
-2882
11843
16841
10186
-4021
-16448
-14006
-2214
9755
15813
8141
-5312
-11960
-11225
-4489
4349
9281
8951
3413
-2763
-5162
-5122
-1417
3931
3035
-2207
-6579
-11348
-11847
-5584
-987
439
2055
-244
-4047
-3225
3402
19898
32418
22641
4160
-7987
-14011
-7049
4457
7198
6990
1169
-10874
-15606
-13428
-6470
7472
16575
13469
1572
-12476
-15445
-6069
6334
15116
11969
-147
-9073
-11171
-6915
794
6720
9067
6550
359
-3689
-4824
-3232
1540
3363
-691
-5147
-9167
-11724
-8423
-3510
-1582
168
79
-3475
-4513
-416
13399
29839
27193
9195
-5073
-13702
-11028
1345
6650
6739
3182
-8534
-16137
-14767
-9306
3169
15008
15586
5907
-9438
-16469
-9377
2285
12652
13907
3447
-7127
-11699
-10162
-3045
3786
7818
8034
2536
-2701
-4309
-4279
-144
4031
1583
-2675
-5921
-10107
-9725
-5140
-2849
-637
1652
-625
-3153
-1192
7226
23953
30413
16499
146
-10315
-12975
-2825
6067
6539
4737
-3997
-14112
-15293
-11828
-3152
10027
15765
10067
-3246
-13863
-11520
-1539
9422
15222
8490
-3320
-10039
-11081
-6051
950
5694
7700
4194
-1558
-3663
-4220
-2544
2141
2172
-1588
-4024
-8210
-11092
-8447
-5327
-2972
542
502
-2844
-2976
2642
17106
29657
23249
6559
-5970
-12242
-7287
2637
5889
5293
-395
-10976
-15402
-13385
-7352
4893
14237
12492
2293
-9561
-12197
-4489
6710
15454
13316
2011
-7513
-11546
-8816
-1424
4606
7454
5476
-204
-3233
-3430
-2571
1821
4264
1094
-2142
-5770
-10116
-9775
-6419
-3672
-279
1035
-2273
-4050
-1103
9366
25527
28245
13890
-490
-9500
-10211
-575
5759
5716
3252
-5717
-13876
-14412
-11574
-2516
9776
13601
7710
-3792
-11990
-9188
566
11193
14994
6989
-3778
-10329
-11524
-5744
1497
5749
6428
2199
-2631
-3702
-3969
-1828
2659
2674
-187
-2799
-7877
-11209
-8760
-4892
-1466
1656
248
-3407
-2538
4008
17770
27879
20397
5482
-4829
-10441
-6131
2387
4421
3734
-1074
-10167
-13847
-12743
-7592
4272
12797
11426
2995
-7623
-10207
-3285
6143
13184
10536
262
-7380
-11107
-9303
-2286
3315
5810
5081
687
-2319
-3113
-3347
300
3268
1110
-1723
-5969
-11265
-11039
-7132
-3607
266
956
-2534
-3566
-168
10210
25457
27393
14338
1861
-8023
-11180
-3347
1996
2608
2404
-4659
-12617
-14024
-12011
-3058
9721
14691
10526
-300
-9399
-8135
-316
8950
13081
6397
-2912
-9492
-12375
-7508
-214
4474
7303
5482
1098
-1389
-3780
-2634
2681
3634
859
-2642
-8960
-12672
-9557
-4588
-189
2654
756
-2281
-1345
4816
18513
29425
23038
8583
-3335
-12075
-9716
-1044
2375
3643
1
-9890
-14940
-14448
-8978
4075
14541
15030
7004
-5327
-10500
-5057
4391
12325
10829
800
-8466
-13862
-12741
-5368
1895
6697
7313
3485
-342
-3036
-3716
70
3380
1764
-2084
-7714
-13489
-13445
-8164
-2923
672
1363
-1366
-2347
2489
13537
26015
27087
14491
515
-9373
-12225
-6038
700
3653
2778
-4948
-13483
-15793
-11893
-763
12227
16873
11571
391
-8458
-7262
892
9288
11602
5066
-4493
-11418
-13732
-9478
-1477
5338
8771
7247
2360
-1883
-3546
-1654
2269
3148
-142
-5336
-11377
-14387
-11322
-5438
-642
1713
593
-1787
-966
6987
21314
28659
20313
5764
-6444
-12702
-8532
-831
2545
3163
-1756
-10809
-15246
-13803
-5790
7791
16621
14936
5051
-6764
-10113
-3431
6056
11888
8561
-1584
-9791
-13139
-11271
-4501
2983
7701
8327
5181
525
-3088
-2956
1003
3771
2123
-2445
-9102
-14408
-13352
-7918
-2784
1061
1952
-230
-209
5205
16748
27285
24090
10202
-2320
-10161
-9555
-2101
1969
2282
-564
-8716
-14450
-13435
-7723
3886
14733
15725
8036
-3174
-9392
-5112
4404
10969
9077
-478
-9730
-13316
-11476
-5711
913
5835
7631
6088
2647
-1034
-2211
870
4148
2909
-1791
-8048
-13512
-13625
-9163
-4533
-882
1121
338
-520
2129
10773
23330
27101
17131
3519
-7453
-12135
-7374
-1111
1208
805
-4668
-11813
-13908
-11047
-2521
9583
15953
12478
2301
-7505
-8600
-1387
6876
9570
3998
-5252
-11244
-12183
-8864
-2746
3483
7454
7726
4890
595
-2490
-1572
1897
2680
-960
-6452
-12187
-14821
-11688
-5961
-1344
1725
2367
857
1239
6314
17276
26777
23422
9917
-3138
-11418
-10946
-3503
1466
2474
-499
-8355
-13571
-12321
-6308
5251
15787
16256
8204
-3018
-9732
-6317
2211
8198
7365
-158
-8498
-12399
-11355
-5644
1831
7367
9159
6721
1936
-1896
-2603
-42
2543
836
-3762
-8944
-13741
-14215
-9424
-4157
-153
2773
2275
1139
3891
12543
24434
26752
14949
915
-9812
-14368
-8146
-811
1775
2084
-4135
-12197
-13335
-9507
216
13322
18193
12834
1639
-8779
-9200
-1279
7171
10246
4540
-4869
-11274
-13178
-8838
-904
6010
10287
9500
4670
-72
-2979
-2069
1664
2165
-1167
-5549
-11244
-14440
-11299
-5617
-853
3142
3856
1452
950
5017
15948
26388
22932
9334
-3476
-12703
-12320
-4468
-38
1766
28
-7606
-12483
-11911
-6851
4974
15342
15938
7982
-4945
-12444
-8282
606
7734
7776
76
-7783
-11927
-11442
-5736
1130
6822
9740
7542
2510
-1906
-3895
-1824
1106
244
-3464
-8798
-14077
-14428
-9388
-3362
1682
5157
4593
2157
3201
9789
20424
25034
16607
3121
-7731
-13404
-9855
-2565
1151
2108
-1774
-9085
-12170
-9618
-1419
10707
17197
13475
3005
-8036
-10284
-3457
4299
8105
5214
-2606
-9116
-11678
-9161
-2506
4672
9583
9811
5369
-32
-3129
-2859
193
1823
-764
-5531
-10781
-14212
-12257
-6224
-481
3509
4942
2698
1143
4323
13446
24216
24035
11515
-1990
-11806
-14037
-6796
-334
1958
1827
-4322
-11403
-12475
-7929
2845
14312
16919
10295
-1403
-9871
-8112
-699
6262
8503
3231
-4845
-10620
-12136
-7320
668
7475
10743
8598
3172
-1270
-3493
-2632
219
267
-3007
-7251
-12455
-14529
-9881
-3463
1315
4850
4497
1497
1645
6803
17883
26078
20060
6330
-6121
-14424
-12393
-4085
1028
3499
587
-8092
-13496
-12389
-4878
7793
16506
15305
5587
-7031
-11670
-6505
1918
8839
8333
38
-8407
-13445
-12429
-4378
4455
9985
10720
6101
209
-2914
-3462
-1177
1325
-318
-4524
-9638
-14860
-14118
-7527
-1208
3575
5577
2752
95
1543
7800
19729
26289
18684
4911
-7806
-15418
-11678
-2891
2748
4809
-418
-9882
-14584
-12224
-2419
10752
17785
15398
4595
-8185
-11466
-5647
2971
10067
8583
-701
-9458
-14237
-11336
-1558
6910
10934
10020
4260
-1150
-3412
-3781
-1437
1145
-562
-5289
-10878
-15406
-13121
-5670
593
4303
4615
1211
-677
1884
9759
21849
26280
17370
2975
-9925
-15273
-9852
-1494
4083
4856
-2084
-11122
-14696
-11007
-302
11665
17535
14304
2305
-9471
-11005
-4782
4122
10077
6457
-3187
-11340
-14635
-9822
104
7611
11434
10390
4663
-206
-2574
-3137
-558
1645
-775
-5942
-11481
-14717
-11282
-4183
1765
4697
4070
1573
624
3114
10510
21305
24947
16109
492
-11908
-14937
-8568
156
4124
1816
-5172
-11958
-13006
-7156
2682
12417
17015
12492
937
-9222
-10687
-4365
4716
9283
4206
-5744
-13068
-14137
-7802
994
6950
9866
8366
3533
-64
-2525
-3720
-1368
606
-1621
-6366
-11537
-14407
-10901
-3603
2035
4307
4050
2046
718
2382
8899
19718
24625
16781
2212
-10039
-14514
-9374
-1167
2839
1706
-3784
-9797
-11246
-7330
567
9882
15295
12682
2907
-7676
-11114
-6051
2797
8013
4482
-4458
-11905
-13263
-7626
522
6969
10311
9307
5521
1752
-2194
-4187
-1985
275
-1045
-5043
-10442
-14561
-11940
-4684
1310
4428
5054
3098
1058
1655
6488
17130
23761
17497
3908
-8754
-15697
-12372
-3779
1358
2132
-1464
-7197
-9201
-6438
-257
8777
15688
14831
5921
-5975
-11550
-7664
1022
7833
6417
-2238
-10287
-12272
-7356
895
7920
11556
10879
6834
2040
-2215
-4200
-2001
813
-89
-4125
-9717
-14471
-12571
-4628
2370
6054
6676
3864
847
642
4179
14210
23358
20230
7586
-6177
-15748
-15383
-7276
-252
2965
1699
-4066
-9035
-9360
-4932
4328
13687
15589
8064
-4841
-14195
-13279
-4818
4266
6900
771
-8098
-12303
-9657
-1778
6347
10865
11422
7845
2144
-2963
-6083
-4949
-1065
-31
-3027
-8357
-14129
-14464
-7219
1035
6446
8104
5078
716
-1419
-113
8891
21516
23400
12871
-1692
-14461
-17305
-9475
-801
5172
6787
920
-6609
-9784
-7782
925
12155
17755
12959
-841
-13591
-15680
-8436
2236
8526
5028
-3704
-9902
-9666
-3319
4354
9851
11910
9295
4377
-817
-5639
-6363
-2470
184
-1145
-5805
-11909
-14200
-8747
56
6173
8289
6117
1953
-572
-841
3155
14122
22536
18211
4724
-9607
-17582
-14223
-3816
4888
8521
4994
-3393
-9265
-9521
-4113
5912
14655
14815
5203
-8651
-16846
-14270
-4001
6755
9377
2669
-5695
-9333
-6577
445
6831
10167
9748
6007
999
-4320
-7584
-5650
-1651
-359
-2477
-7598
-12826
-11706
-3904
3129
6121
5834
2704
-365
-1178
181
8419
20122
21579
11630
-1995
-13910
-16115
-6890
3604
9484
8624
435
-8115
-11589
-9097
232
11476
16043
10654
-2717
-15371
-17411
-8524
4401
11615
7712
-1916
-9255
-10458
-5109
2520
7916
9815
8018
3403
-2220
-6698
-6595
-2073
1483
946
-3470
-9824
-12689
-7793
-156
4035
5024
2945
-860
-2597
-2845
-200
10796
21638
20170
8573
-6350
-16560
-13553
-1798
7894
11372
6288
-4546
-12518
-13803
-7886
3645
13585
15375
6324
-9123
-18452
-15070
-2536
11103
15020
7296
-3489
-10308
-9334
-1938
5209
9556
10028
5954
527
-4272
-7163
-4874
219
2669
758
-4627
-10266
-10937
-5185
724
3328
3276
566
-2519
-3420
-3200
2891
16208
22966
16452
3279
-9980
-14570
-6941
3504
9625
8884
36
-10406
-15247
-13506
-4744
7349
14434
11436
-486
-13266
-16343
-7950
5550
14675
12124
1755
-7079
-10110
-6706
269
5890
8500
7866
4327
-138
-4085
-5402
-1750
2743
3332
64
-5924
-10752
-9483
-4167
-286
1386
1002
-1022
-2117
-2669
-2336
5735
19205
24003
16682
3670
-8585
-10963
-3309
3957
7167
5130
-3211
-10897
-13959
-12277
-3623
7157
12553
9801
-1110
-12140
-13196
-4727
7136
13371
9150
321
-7458
-10693
-6745
-521
4148
7947
8046
4374
-177
-4665
-5157
-461
3366
3273
-848
-8024
-12791
-11390
-6914
-2900
-15
525
-641
-1530
-2950
-2564
6321
19893
25313
18646
4497
-8886
-12276
-5867
1708
5791
4110
-4067
-12332
-15697
-13625
-4860
7000
13977
11812
913
-10956
-12892
-4336
7539
14192
9762
-1239
-10066
-12430
-7553
213
6085
9397
8857
5151
1301
-2339
-2973
1271
4721
3606
-1448
-9034
-14076
-12969
-8210
-2993
512
995
-78
-516
-889
77
8506
22605
28287
20310
5665
-8431
-13701
-8010
-3
4573
3401
-4305
-11960
-15129
-12786
-3108
9072
16185
14235
2410
-9935
-12241
-4973
6830
13471
8081
-2648
-11130
-13732
-8108
-126
5281
8802
8450
5034
1628
-2060
-2700
1344
3689
1678
-3433
-11167
-16079
-14034
-8624
-3486
378
1482
612
493
574
1157
7770
20885
28238
22001
7277
-8287
-15870
-11602
-3722
1016
1570
-3840
-11180
-14458
-12853
-5242
6567
15672
16150
6226
-6846
-12071
-7176
3387
10854
8207
-519
-8506
-11383
-7021
-434
4814
9683
10902
7879
4342
212
-2101
160
2049
536
-3909
-10971
-15506
-14172
-9991
-4969
-298
2203
2894
3472
3805
2876
4273
14605
26582
25526
12535
-3456
-15576
-16127
-7844
-938
2485
752
-6350
-12001
-13190
-8997
1989
13727
18034
11651
-2420
-13443
-13417
-3968
6885
9924
3985
-5223
-11663
-10309
-3038
4099
9897
12177
9555
6055
1975
-2548
-2913
-741
-984
-3408
-8476
-14728
-16781
-13788
-8285
-2207
2735
4916
5028
4858
3719
1880
6929
19897
26252
18674
3674
-12125
-19591
-14015
-4563
2661
5601
169
-8542
-12827
-11330
-2748
9929
18345
16970
4926
-9594
-14773
-9260
1828
10424
9036
365
-8242
-11427
-7025
738
7983
13096
12477
7894
3237
-2228
-5173
-2864
-534
-1085
-4462
-11172
-16328
-15389
-10209
-2931
4545
8554
7892
5765
4047
1296
1716
12089
24101
23792
11607
-5601
-19473
-20217
-10349
61
6207
4108
-4622
-12016
-14116
-8776
2971
14180
18540
11830
-3043
-14031
-14398
-5439
7149
12605
7145
-3016
-11222
-11508
-4090
4498
11283
13409
9395
3908
-1422
-5979
-5479
-1898
-621
-2333
-7643
-14499
-16759
-12885
-5468
2745
8456
9210
6278
3450
1857
804
5730
18594
26279
19304
3428
-13190
-21408
-15357
-3388
5020
6721
-273
-10416
-15169
-12490
-2810
9914
18086
16708
5039
-9638
-16225
-11256
1360
11919
11602
2155
-8874
-13913
-9021
388
8489
12912
10500
4580
38
-4265
-6006
-3157
-668
-900
-4015
-10368
-15527
-15415
-10229
-1701
5918
9021
7465
4094
2322
1492
1899
9909
22288
24341
12860
-3863
-17556
-19581
-9806
1068
6307
3802
-5351
-12947
-13162
-6617
4420
14771
18563
12780
-462
-11555
-12341
-3743
7779
12817
7391
-3098
-11164
-11163
-3988
3869
9263
10491
6812
2485
-845
-4055
-4497
-2301
-1030
-1660
-5124
-11102
-14904
-13104
-7251
226
6641
8189
5458
2990
1614
211
2778
13303
23408
20982
7112
-8740
-18360
-16307
-6133
2246
4110
-768
-8569
-12256
-9895
-2860
7112
14949
16139
9300
-2648
-10714
-9400
-1318
7945
10416
3730
-5625
-11485
-10676
-4042
3473
8541
9238
5889
2302
-877
-3998
-3626
-440
1000
-822
-5880
-12461
-15696
-12804
-5651
2177
7261
7467
4458
2173
1753
1758
3688
12521
22357
20049
6721
-7653
-17384
-16226
-6752
224
2395
17
-6249
-9468
-7925
-3241
5533
14170
17131
11883
-438
-10480
-11270
-4303
5696
10048
4448
-5242
-11919
-11393
-4343
3933
9765
10504
6691
2813
-412
-3348
-3178
-648
151
-2106
-6891
-13036
-15814
-12286
-5454
1419
6212
5996
3306
2788
2870
2053
2875
9496
18903
19101
7471
-6594
-17069
-17555
-8289
-601
2341
1568
-4017
-7691
-6133
-1912
5790
14050
17523
13478
1695
-9798
-13025
-7464
3655
9917
5042
-4771
-12699
-12960
-4296
5559
11483
11756
7321
3954
2013
-672
-1217
-404
-730
-1751
-5610
-12229
-15648
-13063
-6686
1324
7343
7670
4951
4064
4186
3577
1857
3622
12639
18253
11765
-558
-13504
-19492
-12867
-4134
1473
4565
974
-3300
-3264
-2946
817
8696
14996
15942
6896
-7207
-14947
-13360
-3326
6240
5044
-2746
-10323
-12227
-4876
3963
8653
9686
6609
4303
4205
1432
-1610
-2270
-2965
-3624
-5477
-10728
-15165
-13380
-7107
-402
4838
6198
4256
4923
7070
6390
3269
-571
3694
15376
17281
6981
-6204
-18375
-18867
-8679
-581
5209
6511
1493
-1359
-2988
-3821
2122
10934
16725
13897
-218
-13519
-17731
-12153
721
7180
3157
-3152
-8247
-6753
830
5874
8424
9124
7426
7106
5277
-309
-4013
-5090
-5751
-6259
-8572
-12720
-14027
-9891
-3807
1618
5936
6665
6465
8631
8236
4860
-345
-4429
4056
17198
15938
4677
-9228
-20982
-17565
-5783
2553
9179
9004
2861
-1229
-5304
-4672
3770
12477
17572
11266
-5971
-17690
-19368
-11270
3222
8386
3999
-1693
-7425
-5610
1478
5444
9813
12218
9878
7692
2481
-5430
-7630
-6642
-6095
-5169
-7989
-13822
-14421
-9120
-3030
3064
7441
8052
8460
9077
6503
2976
-1987
-4425
6000
18136
14993
2247
-12311
-21257
-14645
-2133
5747
10243
8157
2149
-1389
-4371
-3223
3527
10702
14767
7713
-8069
-17943
-19663
-11459
3296
8589
4943
-159
-5595
-3596
3287
7147
11042
11892
8076
5488
221
-7491
-9670
-9034
-8230
-7173
-9740
-14067
-13133
-7400
-904
5063
8598
8580
8585
9191
7215
3418
-2335
-5492
3567
15323
12887
1087
-11095
-18220
-12468
-1125
5780
10003
9500
4278
-361
-4932
-6106
-454
8050
13619
7904
-7288
-18671
-21722
-13165
2482
9830
8875
4654
-1932
-1849
3097
6431
11164
12446
8415
5424
-1056
-10026
-12588
-11801
-9877
-6710
-7575
-11094
-10993
-6752
-658
4907
8973
10548
10882
11542
9113
2557
-4748
-10299
-4963
10387
15794
6979
-4386
-14757
-15568
-4589
4654
10675
13853
8543
307
-6363
-10216
-5602
4634
12564
11247
-2261
-16970
-22655
-16197
810
13822
15897
11621
2672
-1794
1785
4877
8584
11080
6904
2541
-2496
-11422
-15220
-12488
-8682
-4737
-4108
-8276
-10736
-7039
-306
5557
10083
11325
9695
9357
7157
425
-5699
-11461
-12166
1725
15842
13976
3764
-8652
-16791
-9470
2895
9821
13986
10354
765
-6218
-11539
-11125
-2613
6755
11550
5257
-9680
-19512
-18976
-6165
11979
19820
17100
7959
-2351
-3299
341
2868
7137
6515
1692
-1019
-7812
-15533
-14198
-9659
-5492
-708
-1769
-7140
-7282
-2637
2125
7492
11211
10880
10063
7962
1517
-4935
-9404
-12876
-8058
7592
18880
15452
3976
-8230
-13519
-6011
4983
11193
13071
7886
-1822
-9217
-13526
-11380
-1903
8135
12557
5317
-9953
-18721
-14881
-171
16805
22159
14579
2001
-7118
-7013
-2199
2250
5289
2962
-1790
-5092
-10750
-14205
-10474
-5565
-873
2659
-202
-5174
-5006
-1169
3456
7959
10344
9791
7351
3119
-3017
-8307
-10246
-10587
-5970
7796
18688
15307
4566
-6288
-11973
-6133
3373
8572
10961
6849
-2316
-8937
-12603
-10459
-666
10485
15607
7674
-8179
-16849
-13672
581
17265
20766
12166
-173
-10484
-10762
-5432
-1137
3879
4438
584
-2070
-7600
-11814
-7220
-1189
3907
7511
2192
-6397
-8466
-5361
1748
9864
12060
8602
3439
-2011
-5726
-6407
-4845
-4085
-4815
848
11787
14661
8930
1018
-6731
-7191
-1556
2276
5630
6221
1238
-2922
-6647
-9415
-4738
4068
11013
10793
5
-10835
-12720
-6024
6342
12759
7704
-745
-8098
-10144
-5978
-2242
1180
3944
3081
1903
-899
-5662
-5154
-992
1917
3535
76
-7388
-10454
-7112
-505
6023
8142
5078
1101
-649
-1084
-1204
-1270
-2648
-5993
-8332
-2688
9887
16354
12180
3016
-7052
-10638
-4841
3274
10394
13328
8055
-521
-7763
-10247
-4155
5523
11566
9115
-3349
-14696
-15762
-9087
1941
9075
7027
1936
-3003
-5359
-2599
988
4833
8284
7003
3319
-743
-5048
-5315
-2656
-1955
-2736
-5104
-8663
-8498
-2968
2628
4956
5632
4668
3017
3288
2861
458
-1784
-4534
-8489
-10990
-5382
8837
17927
15056
5849
-5345
-9669
-2736
6813
14452
16736
9107
-1729
-10277
-14256
-9459
-635
5469
5110
-4788
-14953
-16809
-11575
505
11664
13324
9004
2160
-2689
-1380
2497
6980
9290
6048
1358
-3861
-9687
-10709
-8189
-5277
-1373
-570
-3871
-5473
-3113
1364
5899
8112
6561
3960
2842
1124
-1266
-3353
-6409
-9265
-11224
-8416
5003
18538
19521
12229
1681
-5851
-2197
6084
10893
12025
5570
-5364
-12722
-16371
-15407
-9427
-2125
3141
814
-6853
-10957
-10078
-2507
9738
15678
14082
8404
853
-1321
197
431
1166
-529
-4525
-5696
-7286
-9181
-7412
-4986
-2552
332
-447
-2674
-1261
2378
5627
7991
6851
2089
-521
-373
-1499
-2386
-3016
-5650
-8523
-9972
-3650
12716
24449
22797
13407
437
-7260
-4352
1136
5663
7038
766
-7373
-13611
-17624
-14703
-6218
4430
11964
7659
-2138
-7560
-7436
2495
15207
17863
13308
5019
-3707
-5896
-5618
-5525
-3296
-2182
-1238
-159
-3534
-6857
-6158
-3942
287
4003
3304
1776
1433
694
472
862
62
-777
209
1314
861
-1220
-4649
-7565
-8751
-7922
-722
13811
25256
23554
10846
-4060
-12704
-11173
-3154
3899
6259
2981
-5077
-13859
-18363
-15218
-4079
9952
17649
12507
-426
-9633
-9330
244
11970
15656
10624
1797
-6517
-9118
-7814
-6083
-2474
1249
3354
3873
2
-5218
-6241
-4123
261
4861
4757
1116
-2617
-4616
-3645
-1122
1349
3020
3428
2909
828
-2497
-4734
-5535
-4914
-3322
-157
8576
18666
18258
8006
-3731
-12090
-11604
-2918
4469
6751
4591
-2172
-9549
-13525
-12252
-4152
7773
16058
13660
598
-12393
-15126
-6948
6182
13886
11113
2575
-5808
-9499
-8056
-4670
91
5523
8418
7352
1324
-6954
-9797
-6237
-903
3315
3421
-1250
-5838
-6766
-5453
-3018
850
3806
5144
6215
4864
673
-2582
-4374
-4692
-3843
-3701
-259
9389
16953
14625
4923
-5653
-10256
-5886
2522
8559
9832
5165
-2952
-8924
-10251
-6611
1773
10106
11980
4879
-6672
-13283
-10455
-1111
8735
12027
7509
504
-4343
-4580
-1824
1038
4543
6560
4677
715
-5391
-10609
-9666
-5207
-988
1766
204
-4072
-6081
-4962
-1054
4286
7655
7765
5839
3152
609
-1445
-2975
-4213
-5254
-6600
-7268
-3660
5536
13924
13931
6810
-1302
-6020
-4885
1089
6489
8552
6152
-913
-8185
-11232
-8880
-1270
6635
8905
3477
-6509
-12034
-8594
-541
8252
12101
8163
2567
-1651
-4155
-3456
-1593
389
2188
1344
-2398
-8497
-13223
-11134
-4602
1480
5294
3490
-1772
-4111
-3061
68
4505
7705
8077
5541
1045
-2864
-4798
-4729
-3930
-3827
-5335
-7774
-7065
1055
13608
19890
15290
4991
-4745
-8043
-2251
5928
9803
8718
2230
-6586
-11524
-11210
-6013
2695
9232
8431
750
-8185
-11261
-6973
2360
11185
12523
7435
565
-5880
-8220
-5628
-1861
1381
2097
-742
-5648
-10497
-10967
-5195
2596
8205
8075
2023
-3979
-5805
-3053
2919
7503
7942
5293
684
-3524
-5216
-4773
-2626
-736
-1310
-4329
-7907
-6278
4395
17442
21973
15336
3252
-6105
-6769
140
7552
10445
7489
-454
-8343
-11676
-10458
-4658
3278
7414
4246
-4703
-12351
-11986
-4018
6937
13281
10368
2531
-4421
-7026
-4168
-462
700
767
54
-1645
-4136
-6615
-6400
-2560
2502
5609
3938
-1443
-5567
-4986
-437
4542
6802
5110
810
-2573
-3094
-1964
-983
-1079
-2380
-4470
-7319
-8685
-3794
8275
20546
22979
13499
295
-7826
-6604
2510
10899
12033
6366
-3380
-11821
-14759
-12397
-5256
2851
6227
2895
-5873
-12484
-10411
-2143
7858
13138
9617
2335
-4071
-7356
-5509
-1796
822
2051
668
-2410
-6163
-8800
-6754
-920
4991
7931
4947
-1514
-5397
-4422
533
5682
7036
4799
814
-2960
-4072
-2598
-912
-519
-2036
-5136
-8332
-8829
-2681
9990
21106
21522
11562
-687
-7664
-6150
1481
8089
8749
3660
-4824
-12361
-15109
-12080
-4263
4041
7677
4368
-4184
-10764
-9416
-1750
7955
12971
9526
2420
-3558
-5893
-3872
-947
662
1119
291
-873
-2538
-4235
-2983
707
4567
6845
4270
-1392
-4915
-4730
-1118
3419
5603
5512
3494
541
-906
-1083
-472
436
-640
-3075
-5624
-7040
-2750
7592
17245
18619
10429
-371
-6975
-6956
-665
6013
7826
5022
-1712
-9433
-13331
-12542
-6800
1801
6939
4558
-4165
-12342
-13098
-6441
3784
11047
10628
5160
-1168
-5133
-4928
-2366
750
3299
3700
1901
-2345
-7098
-8412
-5552
-247
3934
3242
-1173
-5128
-5390
-1742
3234
7130
8213
6291
3255
305
-1076
-373
606
537
-1903
-6775
-10586
-9374
-1452
11093
19251
16246
6292
-2970
-6979
-3391
4274
8804
8257
3290
-5275
-12478
-14659
-12185
-5233
2476
5019
486
-7945
-12784
-9404
105
10630
15372
12458
6576
1181
-1447
-1211
-899
-326
896
1246
-208
-4508
-9428
-10340
-6215
359
4535
3352
-414
-2673
-1554
2421
6479
8285
7738
5494
2244
-880
-2371
-2735
-3275
-4750
-7677
-10788
-11817
-7934
2479
14992
20857
16313
5895
-2358
-4045
683
7298
9176
5108
-2426
-10927
-15896
-15756
-11715
-4184
2571
4145
-4
-6828
-9183
-3690
6461
15669
17694
11999
4046
-2210
-4737
-3895
-2144
-209
569
-917
-4195
-8901
-11758
-8911
-1166
7127
10603
7332
1712
-1176
451
4967
8519
8637
5753
1380
-2609
-4843
-5312
-5240
-5547
-6786
-8793
-9975
-8689
-3386
6465
17307
22194
17266
6336
-2438
-5013
-1560
3814
4958
1033
-5585
-12304
-14922
-13106
-8959
-2957
2235
3857
1304
-3941
-5774
-1514
5796
13074
14871
9565
2124
-4396
-7388
-5790
-3023
-648
280
-1299
-3920
-6460
-6905
-3192
2729
8451
10669
6928
1253
-2018
-1802
1684
5146
5340
2489
-1640
-5144
-7237
-7744
-6459
-4546
-3343
-3624
-5201
-6056
-4012
2182
11788
19815
19550
10822
397
-5920
-5935
-1290
2549
2633
-50
-4695
-9093
-11428
-11648
-7858
-1083
4128
5539
1606
-3880
-4006
1044
8150
13110
11567
6046
253
-4922
-6853
-6211
-4640
-1610
837
1396
-78
-3664
-5512
-3299
1170
5939
7632
5024
1445
-924
-1282
-37
939
1290
874
-830
-3047
-5230
-6200
-4500
-1560
249
-122
-2030
-3229
-1486
3733
11463
17601
16351
8406
268
-4711
-5141
-1517
1340
1161
-1683
-7077
-11646
-12645
-10296
-4525
1831
5112
4625
800
-1757
-34
3619
7953
9722
6977
3397
-233
-3797
-4856
-4653
-3409
-861
252
43
-1268
-3771
-4275
-2174
790
3847
4565
2539
108
-1554
-1695
-951
-642
-308
98
2
-257
-1208
-2119
-1301
-654
-1560
-3315
-5067
-5185
-1956
3943
10375
14212
11872
5391
82
-2058
-1131
1221
1948
507
-2251
-5707
-7983
-8674
-7321
-3253
1121
3413
2954
-266
-2098
-86
3513
7611
9279
6596
2533
-1458
-4142
-4058
-3017
-1849
-838
-1424
-2319
-3416
-4965
-4622
-2996
-997
1224
1944
1310
646
206
711
1478
1883
2364
2205
1645
957
-638
-2293
-3440
-4595
-5507
-6455
-7014
-5824
-2837
1626
7009
12002
14090
11801
7259
3179
258
-396
338
33
-1160
-3960
-8334
-11238
-11296
-8260
-2627
2221
4060
2983
383
354
3533
7539
10369
9589
5873
1870
-1540
-3675
-4510
-4832
-4226
-3492
-2941
-2802
-4076
-5067
-4518
-2122
2536
6844
8163
7053
4333
1727
1273
2101
3152
3286
1769
-495
-3183
-5469
-6636
-6799
-5836
-4490
-4021
-3456
-2522
-1377
1894
7429
13651
16984
14245
7425
50
-5583
-6858
-4967
-3366
-2647
-3951
-7040
-8897
-8988
-6626
-1381
4415
8232
8449
5556
2724
1428
2311
4709
4969
2775
-682
-5140
-8486
-9255
-8173
-5282
-1752
460
806
-740
-2308
-1710
928
4357
6761
6510
3780
342
-2181
-2676
-970
1400
2793
2266
-216
-3424
-5524
-6015
-4997
-3246
-1882
-1329
-1654
-2305
-2027
780
6352
12760
15860
12739
5514
-1652
-5819
-5165
-1757
503
715
-1212
-4810
-7314
-7751
-5973
-1447
3429
6544
6813
3968
921
-375
432
3278
5144
4357
1934
-1757
-5120
-6359
-5821
-3855
-1464
85
503
-553
-2034
-2975
-2803
-415
2990
5367
5894
4249
1563
-730
-2002
-1709
-888
-855
-1425
-2866
-4667
-5933
-6446
-5646
-3704
-1469
408
1003
629
1699
5541
11291
15115
13070
6269
-1176
-6080
-6374
-3335
-775
-218
-1434
-4035
-5999
-6039
-4060
28
4587
7135
6657
3460
126
-647
845
3332
4413
2336
-1187
-4262
-6092
-6001
-4354
-1885
779
2134
1753
388
-1417
-2051
-626
1919
4512
5430
3655
625
-1946
-3151
-2398
-834
158
123
-989
-2444
-3596
-4024
-3014
-1364
-329
235
180
-599
-1028
-213
2668
7760
11942
11438
6471
243
-4498
-5646
-3268
-217
1292
891
-1335
-3889
-5099
-4785
-2500
1180
3844
3942
1425
-1860
-3607
-2856
-77
2552
3054
1384
-1492
-3744
-4139
-3194
-1394
515
1469
1446
464
-1285
-2622
-2616
-970
1715
3628
3467
1415
-1153
-2647
-2399
-847
764
1232
246
-1410
-2642
-2903
-2067
-451
963
1501
955
-629
-2311
-2827
-708
4824
11074
12891
8651
1530
-4493
-6667
-4390
53
3567
4487
2189
-2208
-6096
-7848
-6143
-911
4476
6209
3391
-1662
-5329
-5169
-1399
3097
5354
4640
1792
-1490
-3542
-3943
-2467
306
2595
3234
1543
-2137
-5181
-5338
-2907
477
2669
2222
-8
-1997
-2445
-1195
1155
3450
4362
3496
1623
-145
-1141
-1094
-39
1047
916
-578
-2653
-4110
-3949
-2585
-292
4942
10417
9942
5428
1143
-2678
-3203
197
3074
4279
3505
-182
-4228
-6903
-7548
-5257
-893
3209
3400
-217
-3183
-4307
-2350
2774
5924
5757
3760
114
-2442
-2907
-2854
-2085
-1207
-875
-843
-1853
-3278
-3984
-3665
-1782
733
2658
3075
1549
-15
-697
-750
649
1946
1430
343
-871
-2067
-2279
-1714
-901
-102
164
-396
-1492
-2363
-2286
-567
3967
9115
9619
5488
409
-3405
-3485
1
3014
3664
2266
-976
-3856
-5019
-5059
-3813
-1294
1496
2378
435
-2126
-3445
-2153
1753
5192
6094
4566
1309
-1273
-1827
-1336
-440
296
466
283
-799
-2662
-3939
-3792
-2262
-431
670
254
-1333
-2184
-1412
731
3428
4794
4098
2267
176
-875
-420
418
821
397
-989
-2825
-4333
-4426
-1666
3765
7955
7726
4337
-243
-3780
-3478
-42
3486
5099
3799
121
-3872
-6237
-6248
-4146
-970
1214
848
-822
-2299
-2577
-651
2275
4457
5378
4458
2299
191
-1500
-2237
-1909
-1255
-873
-1261
-2570
-4191
-5099
-4507
-2849
-813
809
1257
1353
1653
1689
2121
2980
3348
3425
3202
2057
650
-387
-959
-847
-716
-1311
-2314
-2533
-1708
305
3631
5742
4890
3114
1644
260
-150
371
721
993
625
-895
-2554
-3633
-3755
-2801
-1588
-1497
-2682
-3526
-3017
-1325
1031
2583
2440
1625
1111
1179
1521
1051
-116
-897
-1212
-1201
-1188
-2077
-3432
-3794
-3075
-1884
-429
408
359
655
1424
2091
2747
3279
3528
3560
3083
1635
-366
-1752
-2358
-2519
-2480
-2830
-2987
-1161
1830
3518
3684
2664
1009
292
980
2047
2684
2486
1360
-77
-1345
-2419
-3010
-2678
-1785
-1539
-2175
-2921
-3121
-2224
-358
1623
3116
3920
4186
3994
2976
1529
161
-734
-672
-440
-901
-1859
-2994
-3855
-3948
-3310
-2154
-971
59
1209
1951
2048
2069
2241
2625
2926
2730
1893
437
-967
-1941
-2860
-3518
-3811
-4073
-3840
-2929
-1441
1289
4673
6477
6140
4556
2311
901
1125
1643
1701
1208
-262
-2157
-3599
-4599
-4875
-3824
-2161
-988
-506
-760
-1349
-784
1025
2939
4571
5188
4589
3603
2170
526
-693
-1617
-2015
-1682
-1238
-1487
-2644
-3985
-4696
-4144
-2343
-361
1000
1811
2035
1976
2146
2269
2332
2688
2930
2447
1088
-1018
-3179
-4428
-4468
-3877
-3156
-2538
-1634
602
3555
4983
4722
3876
2761
2217
2501
2574
2020
1061
-366
-1989
-3492
-4886
-5461
-4610
-3169
-2310
-2185
-2349
-2152
-647
1847
3926
4920
4914
4383
3803
3103
2070
819
-380
-1171
-1618
-2127
-3177
-4536
-5186
-4721
-3364
-1418
304
1430
2266
2686
2852
2963
3001
3211
3333
2648
1041
-974
-2535
-3249
-3373
-3417
-3767
-3937
-3400
-1899
1072
4272
5621
5231
3972
2443
1590
1681
2058
2270
1856
350
-1645
-3471
-4699
-4709
-3480
-2046
-1435
-1538
-1776
-1600
-572
840
2175
3233
3650
3562
3140
2073
566
-727
-1406
-1309
-833
-827
-1739
-3096
-4026
-4001
-2844
-1163
145
991
1528
1645
1642
1965
2505
3222
3850
3566
2139
375
-1143
-2102
-2329
-2533
-3201
-3591
-3193
-1896
319
2176
2462
1902
1531
1667
2321
3041
3306
3066
2183
581
-1255
-2878
-3674
-3188
-1954
-1161
-1569
-2809
-3583
-2905
-1079
1047
2741
3465
3478
3312
2952
2353
1702
1106
686
358
-259
-1473
-3084
-4209
-4258
-3488
-2374
-1468
-1081
-833
-394
366
1500
2775
3727
4022
3506
2175
589
-611
-1260
-1430
-1510
-2035
-2956
-3740
-3771
-2541
-287
1765
2694
2613
2031
1644
1766
2243
2657
2560
1740
313
-1204
-2411
-2971
-2675
-1946
-1522
-1679
-2111
-2202
-1570
-377
957
1983
2441
2534
2464
2219
1870
1480
1149
966
789
388
-486
-1615
-2451
-2776
-2491
-1814
-1358
-1333
-1320
-1097
-497
528
1483
2147
2581
2676
2423
1911
1190
300
-453
-1005
-1701
-2523
-3086
-3105
-2202
-500
956
1591
1553
1226
1154
1611
2270
2687
2691
2207
1272
131
-905
-1594
-1725
-1435
-1334
-1594
-2065
-2415
-2170
-1299
-111
985
1713
1851
1573
1220
848
652
850
1240
1416
931
-367
-1946
-3036
-3308
-2707
-1758
-1015
-557
-336
-99
396
1088
1932
2746
3229
3133
2265
996
-142
-935
-1525
-2193
-2933
-3401
-3065
-1848
-319
709
980
905
1009
1463
2085
2511
2483
2093
1403
409
-661
-1680
-2280
-2016
-1338
-918
-922
-1321
-1537
-1033
59
1350
2219
2386
1990
1266
688
329
-96
-392
-561
-752
-860
-1154
-1737
-2207
-2357
-2067
-1296
-349
464
1056
1359
1445
1376
1206
1096
1169
1311
1268
814
-2
-963
-1733
-2110
-2140
-1884
-1263
-330
693
1512
1828
1744
1498
1443
1663
1904
1951
1653
1051
335
-423
-1162
-1672
-1756
-1564
-1336
-1236
-1356
-1405
-1144
-491
424
1192
1574
1474
1028
542
124
-133
-332
-535
-638
-759
-971
-1210
-1511
-1762
-1701
-1425
-890
-155
497
1066
1576
1886
1998
1904
1689
1446
1143
771
348
-173
-738
-1261
-1717
-2009
-2025
-1585
-671
386
1179
1534
1492
1260
1038
953
990
1064
946
538
-139
-933
-1671
-2036
-1850
-1325
-775
-493
-492
-446
-141
472
1239
1765
1877
1635
1214
707
240
-131
-432
-671
-921
-1219
-1517
-1728
-1627
-1248
-703
-95
320
584
856
1164
1468
1659
1596
1273
767
199
-352
-836
-1128
-1208
-1184
-1097
-1066
-1103
-960
-573
-17
565
940
1102
1166
1137
1082
908
551
228
-50
-355
-584
-769
-933
-973
-853
-618
-343
-96
116
372
585
691
754
752
725
695
618
459
142
-236
-597
-905
-1114
-1240
-1272
-1172
-960
-686
-368
-127
-26
86
248
444
715
919
972
802
470
151
-81
-205
-231
-249
-345
-335
-224
-1
351
651
885
984
978
958
853
627
356
81
-208
-371
-559
-800
-936
-984
-840
-647
-525
-441
-328
-68
252
554
709
668
579
536
530
500
418
239
123
32
-105
-219
-386
-529
-540
-454
-339
-292
-398
-523
-491
-299
-30
178
253
221
136
125
130
107
28
-141
-289
-286
-149
105
461
733
878
854
643
436
335
329
337
206
-69
-415
-767
-979
-962
-834
-618
-427
-315
-197
-54
89
227
373
524
683
666
440
89
-259
-378
-337
-211
-116
-132
-197
-290
-340
-326
-257
-177
-48
116
204
182
34
-175
-321
-333
-237
-120
-84
-166
-275
-338
-332
-275
-116
100
313
497
531
526
584
656
727
749
639
441
205
-40
-263
-465
-607
-691
-717
-653
-525
-343
-84
175
450
707
778
742
687
598
501
380
186
-98
-445
-716
-814
-787
-657
-492
-370
-224
-51
124
308
450
592
696
669
513
271
-42
-342
-534
-565
-470
-394
-377
-423
-465
-402
-234
59
440
763
928
907
760
604
535
579
641
593
356
-55
-511
-819
-928
-863
-705
-553
-512
-564
-584
-521
-301
46
431
723
833
770
566
287
18
-137
-196
-212
-238
-405
-611
-765
-792
-634
-371
-107
65
158
227
309
398
470
479
406
267
95
-23
-55
-66
-16
50
16
-116
-237
-272
-144
90
320
505
545
459
393
389
383
324
212
89
-55
-230
-436
-655
-775
-758
-643
-478
-372
-338
-293
-212
-13
266
499
642
685
641
508
296
97
-68
-204
-281
-329
-426
-536
-602
-614
-494
-311
-120
88
264
392
496
547
558
553
502
420
334
228
70
-126
-330
-481
-562
-556
-508
-428
-292
-142
35
201
311
388
408
401
378
332
304
265
164
33
-153
-367
-479
-531
-520
-469
-445
-402
-332
-206
7
261
472
635
717
716
648
472
288
134
0
-111
-249
-413
-541
-613
-590
-488
-370
-195
38
278
491
623
659
649
603
531
437
259
31
-210
-454
-609
-677
-694
-630
-512
-368
-177
20
197
388
552
680
768
768
661
488
248
8
-206
-415
-594
-720
-814
-857
-836
-787
-637
-399
-97
230
468
602
655
649
627
574
465
302
106
-103
-290
-467
-604
-670
-680
-599
-424
-206
-4
133
234
339
455
563
622
596
487
321
103
-101
-279
-398
-420
-426
-436
-429
-416
-400
-314
-123
133
406
585
624
559
438
313
210
118
-3
-142
-295
-443
-567
-664
-689
-587
-400
-168
37
163
265
366
480
600
675
668
597
453
277
90
-101
-263
-385
-453
-458
-443
-434
-383
-309
-173
35
224
383
495
563
595
579
497
346
157
-44
-233
-405
-564
-680
-725
-683
-569
-420
-260
-73
135
313
443
523
556
567
548
486
373
201
-9
-213
-367
-448
-489
-498
-470
-405
-291
-152
-19
117
263
372
469
523
509
460
379
273
144
-25
-208
-344
-407
-391
-333
-296
-263
-209
-107
38
161
272
364
425
471
454
379
258
96
-48
-168
-288
-407
-512
-591
-591
-529
-436
-307
-177
-46
81
213
323
384
402
391
353
261
126
-42
-192
-282
-318
-343
-371
-392
-381
-311
-198
-76
61
205
325
428
496
493
436
322
212
118
10
-111
-250
-377
-460
-477
-437
-362
-259
-142
-22
112
242
370
473
530
547
504
391
220
43
-115
-250
-371
-472
-525
-549
-515
-438
-318
-138
52
230
375
459
486
503
510
497
422
266
89
-97
-237
-319
-375
-404
-424
-427
-403
-336
-215
-48
126
268
368
407
405
359
304
256
196
133
37
-63
-163
-234
-272
-288
-261
-185
-90
-1
72
117
152
184
211
225
206
160
81
-24
-124
-213
-258
-280
-270
-234
-187
-137
-85
-10
77
175
266
329
348
324
265
189
107
33
-44
-130
-218
-302
-349
-361
-347
-297
-227
-126
-11
84
154
207
250
296
329
339
290
185
57
-67
-149
-200
-243
-267
-291
-310
-281
-234
-170
-87
-6
71
134
153
166
180
164
153
113
45
-29
-111
-161
-195
-214
-201
-164
-105
-41
16
74
148
205
244
260
232
218
181
119
74
6
-88
-181
-260
-297
-275
-224
-163
-93
-29
37
97
152
211
256
287
292
253
185
102
18
-43
-90
-124
-164
-213
-239
-227
-181
-120
-56
8
59
90
107
125
133
125
96
44
-4
-63
-108
-139
-162
-173
-170
-157
-125
-82
-20
58
115
156
193
204
201
188
157
125
75
6
-59
-119
-165
-183
-185
-169
-134
-80
-17
41
91
138
192
237
258
265
247
201
150
102
47
-15
-93
-160
-210
-239
-243
-237
-203
-152
-96
-28
25
56
63
71
99
116
118
90
40
-13
-55
-66
-66
-63
-61
-50
-24
5
21
34
51
75
103
116
103
65
18
-6
-25
-47
-68
-102
-133
-154
-148
-128
-93
-48
-10
20
39
54
59
72
93
107
106
78
24
-31
-65
-90
-107
-115
-124
-115
-106
-83
-44
-3
47
89
112
115
100
74
43
6
-32
-74
-114
-137
-164
-181
-176
-155
-122
-74
-15
36
84
119
137
141
137
130
119
95
60
10
-27
-50
-84
-113
-130
-133
-110
-62
-10
32
66
84
109
144
171
184
192
179
145
101
48
7
-26
-43
-51
-65
-71
-75
-63
-31
8
61
106
129
138
137
141
136
108
57
3
-47
-86
-114
-143
-156
-153
-136
-109
-88
-54
-13
43
112
163
183
176
152
112
77
39
3
-37
-90
-122
-142
-157
-155
-155
-134
-107
-86
-67
-43
-2
35
67
88
86
66
51
24
-18
-51
-76
-105
-131
-147
-153
-145
-126
-106
-60
-12
5
27
42
65
87
107
107
82
39
-7
-43
-56
-52
-45
-37
-27
-18
3
50
80
112
130
129
126
112
94
75
49
28
16
0
-25
-54
-90
-125
-123
-97
-72
-45
-22
-7
14
44
63
77
101
100
88
70
31
-8
-36
-59
-83
-89
-103
-114
-114
-98
-68
-45
-24
5
24
30
41
54
65
73
70
47
19
-6
-22
-24
-18
-22
-36
-41
-40
-45
-33
4
36
62
80
84
77
55
30
19
20
13
1
-14
-31
-44
-47
-45
-26
-5
15
45
66
89
106
118
120
114
95
65
36
6
-11
-21
-33
-39
-59
-74
-75
-70
-62
-40
-12
0
1
6
17
35
49
46
35
10
-10
-25
-29
-20
-37
-51
-58
-65
-64
-62
-52
-40
-15
10
23
24
25
27
28
38
35
25
-1
-21
-37
-49
-58
-74
-91
-98
-92
-78
-69
-48
-18
10
50
67
62
58
61
68
59
35
8
-4
5
13
12
-12
-38
-65
-80
-67
-50
-33
-8
13
24
30
25
19
32
41
50
44
20
-4
-22
-11
18
19
2
-4
-16
-26
-28
-27
-15
-4
3
1
-16
-20
-5
15
28
29
22
13
3
-9
-6
-2
-3
5
12
9
7
11
21
24
41
43
29
19
12
20
28
36
46
52
47
31
21
10
1
-3
-13
-28
-42
-43
-58
-62
-59
-52
-30
-18
-15
-18
-20
-14
6
25
40
40
31
22
10
0
1
3
6
-2
-7
-12
-20
-15
0
11
26
28
25
18
2
5
-4
-9
3
14
29
40
35
27
24
23
30
40
31
30
24
23
32
36
30
8
-8
-24
-30
-35
-39
-44
-59
-68
-64
-63
-56
-54
-48
-34
-26
-28
-22
-15
-11
-9
-16
-22
-25
-32
-48
-55
-50
-47
-33
-13
8
23
33
48
44
46
48
56
57
43
25
-1
-15
-15
-5
1
-22
-50
-70
-72
-60
-38
-13
-3
9
19
21
16
17
32
32
9
-1
-9
-10
-3
4
3
-4
-10
-19
-14
12
36
45
40
26
8
-1
-13
-23
-16
-3
6
7
0
-7
-10
-2
16
29
36
32
28
22
35
50
54
53
51
45
35
30
24
10
4
-10
-31
-40
-33
-22
-9
6
15
4
-15
-28
-33
-25
-12
8
25
38
34
29
36
37
32
25
6
-15
-23
-25
-17
12
29
19
-6
-25
-22
-19
-17
-13
-2
8
11
4
-15
-37
-41
-31
-15
-4
-2
-5
-12
-13
-9
-6
-4
0
9
15
8
-3
0
11
21
32
30
14
5
-17
-35
-36
-33
-26
-11
-2
6
23
29
13
-9
-30
-52
-60
-56
-54
-46
-41
-43
-43
-35
-33
-30
-27
-18
-1
7
13
10
11
7
-4
-14
-34
-43
-56
-66
-53
-40
-27
-10
10
24
32
39
38
45
61
77
81
76
74
69
59
56
56
52
37
21
9
-5
-8
-6
-10
-17
-23
-24
-27
-22
-20
-25
-26
-28
-28
-22
-10
0
10
15
3
-16
-25
-20
-3
15
25
39
47
58
68
59
50
35
20
13
10
15
17
11
9
11
11
14
18
13
10
2
-9
-22
-27
-20
-13
-10
-9
-16
-23
-29
-36
-24
-9
-6
-6
-3
-4
-8
-8
-1
11
37
53
48
45
42
40
34
28
5
-13
-16
-25
-27
-34
-40
-39
-46
-51
-49
-33
-21
-14
-14
-13
-8
-11
-20
-22
-20
-17
-23
-34
-39
-46
-34
-11
7
14
3
-7
-7
4
2
-11
-17
-9
-6
-6
-3
-4
-1
-11
-12
-6
-11
-7
-10
-14
-18
-18
-8
5
17
20
32
41
40
38
34
40
40
36
28
15
-8
-26
-33
-29
-20
