-2
3
13
9
18
38
45
46
34
20
19
17
14
15
23
24
15
6
2
17
34
39
43
44
41
39
40
38
31
35
40
44
48
39
24
7
-12
-26
-30
-16
-3
19
31
25
21
27
32
29
33
39
50
40
30
24
12
4
2
8
17
33
37
26
4
-10
-19
-27
-30
-33
-33
-29
-26
-30
-35
-32
-20
-8
-1
11
15
3
-12
-21
-22
-12
-1
4
-3
-18
-17
-16
-21
-16
-15
-19
-22
-17
-19
-30
-35
-27
-6
4
-3
-11
-13
-31
-42
-51
-59
-56
-60
-53
-50
-50
-57
-63
-57
-40
-18
7
26
37
36
16
5
-4
-14
-15
-5
13
24
27
18
7
-5
-9
6
34
55
60
48
25
0
-11
-13
-13
1
12
23
28
19
9
9
16
21
23
34
37
38
31
18
7
0
-4
-9
-1
6
7
3
-4
-23
-37
-33
-35
-38
-39
-41
-36
-31
-15
5
28
44
41
27
18
6
-15
-29
-33
-20
-4
4
16
20
23
23
25
22
24
23
16
26
28
23
25
29
33
43
46
50
36
16
11
3
-6
-15
-24
-23
-12
-10
-13
-23
-25
-17
9
44
60
69
68
57
40
34
38
39
49
36
24
16
8
1
-9
-25
-52
-60
-53
-49
-42
-41
-37
-31
-33
-23
-17
-1
19
41
50
37
22
4
-12
-27
-35
-36
-38
-36
-37
-27
-25
-40
-38
-43
-45
-53
-76
-76
-64
-55
-48
-43
-27
-17
-11
8
20
11
8
8
-8
-19
-26
-43
-53
-43
-19
-6
-5
-6
-5
-4
-7
-20
-24
-15
-8
0
13
24
31
23
6
-7
-20
-30
-36
-35
-26
-9
12
34
47
36
33
39
52
70
82
85
73
58
46
38
41
50
48
33
25
21
17
8
-11
-39
-49
-44
-39
-28
-18
-15
-13
-12
1
15
19
19
26
41
62
80
89
92
77
51
30
7
-11
-22
-30
-19
-12
6
25
19
5
-10
-17
-23
-29
-36
-39
-31
-36
-25
-4
6
20
40
61
73
70
45
20
4
-4
-20
-19
4
26
15
7
3
-14
-30
-38
-35
-30
-20
-22
-23
-27
-18
8
12
0
-13
-19
-21
-24
-24
-12
-10
-15
-13
-12
-20
-34
-36
-40
-58
-67
-65
-71
-63
-55
-60
-61
-56
-51
-37
-25
-29
-25
-16
-11
-24
-10
8
4
6
16
32
48
52
47
38
37
46
45
46
33
39
40
21
4
11
19
-1
-13
-14
-11
-13
-20
-8
14
24
18
12
15
13
10
-1
-7
0
0
1
4
0
2
-5
-16
-16
-17
-28
-48
-59
-65
-63
-65
-58
-37
-14
1
1
-4
-3
0
2
5
31
61
62
42
17
9
2
6
28
51
72
82
73
54
41
28
16
13
12
30
53
72
89
85
83
94
102
90
74
60
40
25
19
20
0
-27
-34
-29
-31
-37
-41
-42
-49
-37
-27
-18
7
9
4
-5
-6
-15
-8
6
-1
-2
-13
-22
-27
-29
-39
-45
-48
-42
-25
-11
-15
-40
-50
-56
-52
-55
-52
-50
-45
-45
-36
-21
-22
-13
-17
-25
-41
-48
-44
-41
-29
-26
-25
-11
5
9
7
2
-2
0
10
16
14
4
-5
-8
-7
-3
-14
-17
-12
-8
-5
2
24
30
36
20
2
-5
-16
-24
-20
-15
-21
-33
-33
-12
-11
-2
1
3
12
6
5
-20
-50
-33
6
33
18
16
37
39
36
28
22
34
31
17
35
60
102
156
199
203
204
234
213
203
214
191
171
149
145
102
39
-9
-60
-78
-154
-254
-277
-303
-347
-345
-330
-268
-188
-106
-47
13
109
131
146
225
252
213
157
122
123
138
172
208
225
219
242
293
329
287
275
314
329
311
253
176
127
113
76
84
124
148
135
132
117
26
-88
-148
-176
-234
-335
-430
-480
-539
-571
-565
-537
-538
-598
-619
-591
-547
-503
-515
-548
-544
-507
-537
-549
-479
-464
-410
-351
-305
-234
-152
-55
-33
-2
95
134
175
179
168
268
292
266
305
317
375
454
473
433
417
501
511
397
275
148
39
-153
-399
-622
-816
-900
-945
-888
-701
-400
-125
171
628
1074
1327
1574
1948
2193
2205
2092
1998
1824
1557
1259
899
542
84
-298
-538
-940
-1282
-1487
-1668
-1796
-1870
-1938
-2047
-2016
-1900
-1811
-1633
-1383
-1113
-806
-558
-321
-51
111
165
78
-90
-286
-488
-744
-1102
-1351
-1360
-1365
-1191
-710
-356
21
630
1340
1981
2418
2767
3260
3670
3683
3499
3426
3267
2842
2371
1808
1305
982
538
137
-246
-665
-1021
-1286
-1521
-1938
-2174
-2249
-2181
-2052
-2032
-1840
-1334
-729
-326
91
522
917
1318
1401
1196
1046
1015
729
189
-341
-797
-1174
-1531
-1916
-1818
-1334
-1243
-1038
-398
406
996
1413
1808
2369
2966
3017
2815
2807
2440
1875
1529
944
284
-243
-715
-1204
-1711
-2239
-2675
-2853
-3008
-3353
-3457
-3414
-3331
-3052
-2812
-2489
-1865
-1213
-870
-552
54
602
935
1068
949
1017
1095
822
365
-144
-618
-908
-1215
-1668
-1978
-1585
-952
-578
66
1019
2299
3083
3453
4215
4860
5050
4775
4599
4497
3671
2905
2473
1723
831
-5
-315
-680
-1400
-2036
-2631
-2809
-2994
-3349
-3492
-3654
-3504
-3063
-2844
-2539
-2053
-1380
-744
-231
295
656
1106
1482
1375
1087
770
233
-264
-795
-1216
-2078
-2532
-1685
-1197
-1181
-936
441
2065
2430
2578
3403
4457
4646
3970
4033
3748
2914
2658
1975
958
139
-268
-774
-1626
-2147
-2647
-3016
-2953
-3240
-3455
-3612
-3406
-2614
-2398
-2371
-1850
-854
-209
-176
359
875
1123
1485
1306
1044
922
739
364
-81
-339
-836
-595
206
324
390
1011
2327
3246
3215
3264
4041
4908
4576
4023
3965
3289
2771
2609
1571
337
-346
-440
-999
-2164
-2945
-3580
-3881
-4203
-4543
-4652
-4721
-4105
-3424
-3313
-3196
-2765
-1832
-1489
-1550
-1308
-1073
-683
-809
-1369
-1571
-1371
-1126
-1618
-1675
-226
437
405
1108
2860
4123
3979
4295
5323
5971
5378
4401
4623
4069
2679
2329
1830
797
-221
-757
-1245
-1906
-2416
-3183
-3531
-3437
-3842
-3927
-3983
-4007
-3461
-3243
-3166
-2567
-1642
-1173
-955
-277
65
296
622
175
-147
65
-8
-465
-825
-570
393
1238
1385
1813
3644
5130
5297
5589
6067
6486
6309
5365
4953
4349
2971
2120
1534
125
-1446
-1955
-2089
-2778
-3703
-4239
-4009
-3946
-4559
-4596
-4426
-4389
-3803
-3069
-2859
-2732
-1961
-1089
-618
-517
-316
490
1171
874
279
240
431
242
-283
-953
-759
639
1390
1356
1830
3154
4256
4520
4486
4701
5236
5148
4415
4216
3313
1863
1503
899
-559
-1946
-2423
-2385
-2898
-3871
-4461
-4110
-3852
-4223
-4226
-4430
-4088
-3018
-2486
-2392
-2266
-1460
-666
-486
-576
-550
38
419
-61
-577
-465
85
34
-594
-975
-38
1305
1436
1635
3209
4961
5320
5419
6118
6535
6259
5429
5286
4861
3024
2123
2149
1006
-977
-2008
-2138
-2755
-3846
-4713
-4743
-4475
-5030
-5137
-4937
-5023
-4576
-3865
-3356
-2972
-2716
-2172
-1474
-886
-883
-906
-291
-341
-698
-684
-268
-327
-998
-476
1312
1765
1116
1584
4241
5792
4974
4920
6232
7315
6449
5027
5235
4925
3158
2217
1803
571
-1276
-1779
-1949
-2726
-3657
-4219
-3603
-3690
-4904
-4847
-4094
-4013
-4143
-3975
-3514
-3110
-2556
-2254
-1796
-1286
-1463
-1176
-482
-614
-668
-475
-267
-355
-158
1237
1865
1741
2249
4539
6444
5889
5579
6946
8051
7187
5375
5271
4821
3013
1967
1313
249
-1328
-1895
-2067
-3115
-4119
-4608
-4294
-3972
-4778
-4608
-3555
-2992
-2976
-2978
-2430
-2153
-1581
-1480
-1695
-849
-502
-711
-428
-689
-890
-786
-718
-1070
-229
1439
1465
2363
3843
5427
6488
6138
6132
7007
6932
5252
4408
4681
2885
965
475
-702
-1894
-3457
-4331
-4579
-5068
-5719
-5930
-5275
-5603
-5801
-4877
-4581
-4097
-3367
-2830
-1923
-1219
-806
-905
-121
501
-66
-96
-14
-49
-341
-748
-1179
-1122
67
549
719
1827
3863
5910
6379
6161
7120
8270
7370
5532
5498
4897
2833
1548
539
-736
-2373
-3385
-3629
-4046
-4864
-5397
-4725
-4399
-4978
-4552
-3985
-3368
-2799
-2773
-2416
-1788
-604
-587
-705
404
817
811
929
1124
863
370
227
-164
414
1034
750
1368
2563
4288
5455
5407
5755
7073
7643
5810
4739
4985
3375
1319
223
-649
-1800
-3208
-3735
-3868
-4253
-5030
-5277
-4468
-4915
-5412
-4734
-4065
-3579
-3385
-3129
-2654
-1641
-1071
-1178
-236
672
449
706
1059
985
557
417
1
-87
1125
1301
1475
2484
4396
5901
5831
5728
6977
8136
6796
4928
5183
4183
1788
600
-632
-2044
-3436
-3948
-4274
-4977
-5486
-5645
-4929
-4857
-5454
-4907
-4407
-3862
-3456
-3493
-2876
-1996
-1009
-990
-679
501
700
758
1009
1176
920
720
412
180
1311
1875
1598
2042
3700
5202
5357
4912
5941
7469
6711
4702
4884
4562
2124
585
-539
-1943
-3643
-4572
-4732
-5408
-6550
-6914
-5887
-5505
-6351
-5985
-5066
-4205
-3594
-3415
-2733
-1614
-239
255
354
1131
1543
1911
2067
1938
1884
1980
1871
2059
3148
3428
3275
4003
5756
6697
6330
5738
6673
7518
5751
3673
3605
2650
365
-1090
-2218
-3514
-5039
-5607
-5674
-6180
-7126
-6871
-5863
-6268
-6829
-6151
-5468
-5075
-4400
-3729
-3006
-2068
-700
185
680
1514
2294
2907
3003
3030
3251
3163
2725
3299
4245
4100
3785
4888
6613
7028
6663
6635
7648
7718
5460
4140
3779
2000
-110
-1764
-3200
-4637
-5914
-6544
-6702
-7133
-7883
-7235
-6170
-6451
-6070
-5070
-4386
-3624
-2821
-2091
-1517
-690
273
755
1238
1657
2151
2650
2566
2377
2436
2387
2329
3218
3655
3407
4048
5918
6836
6696
6464
6958
7838
6914
4628
3792
2915
739
-1008
-2763
-4673
-6046
-6738
-7427
-8044
-8797
-8990
-7966
-7739
-8314
-7550
-6413
-5852
-5425
-4481
-3343
-2484
-1625
-804
302
1028
1224
1721
2444
2697
2673
3052
3151
3873
5052
5035
4840
6264
8000
8168
7741
7821
8560
8594
6515
4886
4306
2291
312
-1047
-2962
-4855
-5890
-6338
-7066
-7739
-8018
-7404
-6640
-6916
-6474
-5497
-5013
-4433
-3861
-3095
-2219
-1420
-590
128
915
1410
1617
2065
2427
2446
2592
2576
2986
4342
4631
4388
5078
7151
8027
7311
7110
7725
8412
6900
4587
4413
3207
648
-805
-2297
-4133
-5827
-6481
-6816
-7508
-8257
-8306
-7134
-7179
-7690
-6531
-5670
-5228
-4533
-3755
-2576
-1726
-1058
-200
752
1216
1422
1947
2341
2360
2591
2631
2428
3735
4858
4708
4733
6688
8651
8619
7913
8348
9549
8875
6072
5090
4632
1770
-420
-1776
-3610
-5705
-6916
-7637
-8278
-8805
-9283
-8610
-8171
-8607
-7766
-6701
-6359
-5566
-4814
-4205
-3285
-2203
-1558
-632
363
716
1343
2326
2689
2941
3289
3161
4159
5329
5127
5087
6602
8394
8323
7723
7775
8677
8844
6485
5125
4810
2756
804
-646
-2663
-4846
-6123
-6763
-7943
-8817
-9534
-9311
-8869
-9488
-8653
-7398
-6951
-6086
-5165
-4127
-3214
-1911
-818
-133
815
1374
2189
2861
2927
3326
3647
3622
4564
5945
6013
5761
7292
9467
9759
8901
8816
10182
10427
7831
6040
5499
3590
1411
-158
-2233
-4580
-5898
-6509
-7396
-8440
-9460
-8976
-8191
-8851
-8556
-7537
-7189
-6493
-5706
-5043
-4233
-3077
-2430
-1811
-820
-435
252
1101
1279
1616
1932
1802
2869
4517
4657
4346
6116
8500
8873
8295
8441
9985
10515
8355
7129
7110
5343
3202
2008
-31
-2826
-4332
-5007
-6300
-7893
-9465
-9294
-8589
-9588
-9588
-8428
-7831
-6996
-5805
-4760
-3583
-2151
-1381
-673
390
615
991
1801
1688
1622
1796
1715
2858
4227
4309
4376
6353
8631
9006
8623
8761
10038
10317
8055
6655
6238
4351
2452
1013
-1068
-3462
-4840
-5697
-6915
-8278
-9735
-9601
-9118
-10200
-10319
-9512
-8914
-7955
-7141
-6381
-4981
-2990
-2116
-1193
222
790
1565
2690
2793
2754
2883
3028
4575
5492
4881
4874
7196
8909
8520
8009
8254
9581
9467
7078
6210
5711
3717
2205
986
-981
-3060
-3590
-4312
-5484
-6730
-8028
-7530
-7650
-9097
-9168
-8692
-8308
-7547
-6992
-6658
-5594
-3661
-2749
-1845
-767
-13
1568
2600
2323
2574
2865
3511
4946
5390
5069
5699
8261
9206
8708
8292
8386
9555
8799
6337
5308
4372
2923
1478
-253
-2255
-3714
-4053
-5282
-6254
-7289
-8232
-7701
-8078
-8890
-8620
-8207
-7538
-6761
-6185
-5890
-4570
-2748
-2171
-1209
-411
434
2118
2685
2594
2993
3625
5024
6113
6089
5915
7394
9568
9512
9071
8850
9196
9768
8086
6340
5404
3824
2449
1101
-741
-2906
-3708
-4089
-5651
-6530
-7676
-8081
-7537
-8476
-8976
-8646
-8483
-8147
-7580
-6936
-6672
-5287
-4162
-3507
-2271
-1966
-1167
494
1117
1200
1313
2491
4411
5046
4704
5179
7887
9128
8235
7961
8117
8555
7976
6310
5317
3716
2122
1439
540
-1543
-3589
-3228
-3558
-4769
-5662
-6359
-5668
-5955
-7104
-7226
-6952
-6794
-6611
-6060
-5878
-5190
-3723
-3256
-2390
-1471
-1284
110
1458
1881
1908
2465
4344
5942
6301
5891
7401
10103
10170
9541
9600
9889
9691
8036
7040
5879
3808
2231
1217
-166
-2888
-4266
-4191
-5182
-6307
-7587
-7699
-7067
-7786
-8313
-8296
-7817
-7470
-7181
-6553
-6266
-4910
-3975
-3573
-2335
-1984
-1229
299
1149
1475
1390
2741
4647
5444
5212
5410
8197
9240
8441
8423
8581
8940
7766
6415
5848
4021
2253
1203
683
-1067
-3157
-2946
-3419
-4280
-5298
-6059
-5329
-5710
-6286
-6478
-6410
-5776
-5712
-5203
-5105
-4559
-3313
-3361
-2702
-2025
-1774
-640
74
747
671
1411
3639
4837
5207
4936
6936
9163
8578
8301
8646
9148
8532
6818
6361
4811
3006
1851
748
-617
-3077
-3631
-3928
-5061
-5975
-7168
-6786
-6817
-7375
-7138
-7606
-7101
-6546
-5978
-5560
-5432
-3969
-3438
-2756
-1995
-1976
-799
-298
239
608
741
2632
3860
4503
4536
5856
8321
8085
7775
7949
8345
8264
6417
5911
4936
3081
2026
1027
59
-2250
-3231
-3188
-4272
-4970
-6217
-6165
-5973
-6789
-6495
-6740
-6528
-6108
-5606
-4815
-4634
-3173
-2483
-1919
-628
-660
418
1423
1936
2347
2292
4038
5224
5446
5469
6412
8692
8275
7709
8200
8227
7749
5841
5399
4510
2152
1143
311
-552
-2751
-3988
-3397
-4315
-5187
-6092
-6107
-5884
-6857
-6559
-6671
-6765
-6350
-6022
-5177
-5362
-4355
-3075
-2743
-1644
-1262
-302
758
1191
1918
1969
3471
4929
5399
5718
6238
8626
8955
7898
8212
8520
8250
6135
5012
4353
2159
820
-420
-1363
-3127
-4701
-4361
-4814
-5494
-6354
-6358
-5654
-6304
-5994
-5869
-6156
-5648
-5219
-4553
-4551
-3737
-2625
-2174
-1256
-1035
-164
849
938
1561
1904
3268
4500
4753
5083
5877
8170
8518
7640
7846
8258
8343
6292
4797
4057
1861
401
-887
-1942
-3704
-5171
-4953
-5573
-6106
-6807
-6683
-5954
-6608
-6259
-5771
-5694
-5212
-4806
-4123
-4104
-3173
-1987
-1788
-1025
-669
425
1583
1648
2020
2561
4335
5548
5719
5993
6917
9111
9150
8172
8469
8788
8347
6193
4954
4061
1722
-87
-1703
-2832
-4613
-6183
-6049
-6604
-7409
-8145
-7639
-6799
-7368
-6979
-6489
-5957
-5205
-4766
-3897
-3682
-2938
-1913
-1384
-698
-584
375
1219
1344
1771
2257
4098
5323
5482
5894
7273
9575
9576
8668
8960
9484
9043
6758
5665
4533
2125
567
-830
-2166
-4351
-5739
-5724
-6287
-7054
-7936
-7251
-6390
-6913
-6471
-5979
-5508
-4854
-4169
-3410
-3233
-2205
-1322
-623
12
-119
1158
2328
2382
2424
3153
5289
6131
6051
6343
8031
10077
9210
8455
8923
8967
7974
5919
4896
3189
812
-640
-1980
-3495
-6117
-7279
-7170
-7911
-8858
-9732
-9137
-8543
-8851
-8473
-7982
-7091
-6569
-5870
-4837
-4369
-3308
-2444
-1305
-472
-363
966
2195
2864
2874
3799
6222
6933
7010
7583
9623
11054
9906
9408
9646
9553
8001
5855
5093
3053
764
-684
-2174
-3716
-6161
-6992
-7060
-7586
-8293
-9123
-8367
-7857
-7752
-7212
-6944
-6034
-5374
-4627
-3827
-3328
-2154
-1320
-397
49
318
1666
2453
2779
2960
4434
6409
6637
7053
8151
10160
10954
9740
9759
10190
9442
7311
5658
4736
2303
248
-1177
-2709
-4426
-6411
-6710
-6914
-7786
-8553
-8614
-7787
-7895
-7700
-7000
-6576
-5791
-5201
-4460
-3842
-3379
-2575
-1735
-940
-1105
-735
868
1542
1545
2150
4404
6210
6360
6873
8856
11113
10975
10085
10734
11028
9690
7626
6604
5045
2205
298
-1076
-2882
-5211
-6625
-6875
-7533
-8571
-9216
-8868
-8386
-8522
-7954
-7261
-6756
-6039
-5325
-4608
-3871
-2930
-2292
-1509
-686
-595
-130
861
1448
1576
2531
4524
5810
6350
7293
9564
11170
10537
10150
11030
11079
8980
7068
6143
3865
1311
-437
-2074
-4124
-6365
-7368
-7680
-8262
-9214
-9629
-9132
-9020
-8599
-7719
-7175
-6355
-5416
-4546
-3721
-2911
-2144
-1544
-716
-361
-27
904
1365
1309
1739
3545
5005
5441
6427
8752
11154
11471
11067
12010
12616
11194
8913
8044
6510
3392
1228
-283
-2208
-4801
-6603
-7097
-7802
-9066
-9966
-9656
-9420
-9922
-9411
-8528
-7875
-7131
-6372
-5238
-4108
-3370
-2870
-1872
-954
-1127
-930
-95
278
473
1696
3625
4656
5278
6970
9841
11376
10829
11306
12961
12687
10236
8903
8137
5433
2591
769
-857
-3052
-5549
-6582
-6920
-8415
-9908
-9725
-9141
-9659
-9543
-8426
-7457
-6429
-5626
-4676
-3189
-2035
-1406
-623
216
432
682
1241
1210
1207
2176
3761
4862
5459
6654
9281
11332
11150
11112
12454
12929
11184
9415
8424
6351
3812
1620
-421
-2587
-5139
-6663
-7431
-8886
-10607
-11093
-10562
-10983
-11363
-10411
-9283
-8063
-7127
-6279
-4628
-3008
-2121
-1383
-327
58
190
1100
1417
886
1337
2941
4090
4353
4973
7447
10057
10271
9694
10977
12154
10609
8809
8339
6609
3969
1951
226
-1734
-4489
-6453
-6939
-7877
-9869
-10690
-10003
-10361
-11160
-10595
-9521
-8531
-7537
-6275
-4464
-2729
-1803
-879
592
1130
1132
1902
2366
1627
1450
3011
4313
4711
4971
6733
9266
9792
9548
10846
12300
11368
9591
9335
8019
5482
3437
1471
-275
-2745
-4772
-5406
-6486
-8444
-9698
-9377
-9639
-10763
-10564
-9665
-8604
-7839
-7156
-5437
-3690
-2751
-1919
-296
661
534
1339
2189
1695
1442
2690
4171
4452
4570
6249
8766
9393
8702
9830
11284
10317
8506
8126
7073
4546
2838
1611
-140
-2538
-4655
-5256
-6087
-8289
-9699
-9349
-9551
-11006
-11187
-10234
-9297
-8311
-7628
-6137
-3949
-2584
-1329
679
1999
1966
2479
3524
3067
2555
3688
4878
5230
4956
6159
8853
9513
8668
9479
11112
10390
8262
7882
7187
4762
2410
892
-344
-2633
-4870
-5386
-5740
-7624
-9375
-8977
-8523
-9837
-10622
-10024
-8959
-8179
-7838
-6444
-4178
-2789
-1861
-13
1599
1904
2490
3579
3545
2894
3678
5042
5193
4646
5560
8154
9079
7955
8435
10116
9786
7615
6760
6351
4135
1989
710
-749
-3251
-5646
-6021
-6318
-8358
-10254
-10082
-9305
-10363
-11332
-10681
-9598
-8721
-8486
-7643
-5541
-3946
-2932
-1140
705
1387
2175
3713
4030
3496
4257
5766
6351
5747
6105
8566
9900
8834
8753
10531
10764
8566
7488
7201
5225
2878
1465
458
-1651
-4514
-5599
-5462
-6933
-9238
-9463
-8585
-9208
-10058
-9636
-8624
-7779
-7539
-6886
-4961
-3349
-2624
-1020
812
1343
2004
3528
4281
3924
4537
6198
7027
6802
6985
9280
11000
10075
9623
10964
11376
9335
7987
7806
5984
3595
1816
263
-1701
-4452
-6017
-6371
-7739
-9978
-10779
-10205
-10954
-11905
-11467
-10557
-9524
-9179
-8649
-6690
-4869
-3935
-2686
-801
192
574
1900
2856
2648
3178
4969
6222
6240
6493
8835
11106
10540
9763
11138
11828
9676
7713
7338
5782
3165
1318
-14
-1792
-4361
-5802
-5940
-7073
-9147
-9911
-9149
-9629
-10923
-10774
-10080
-9385
-8889
-8159
-6309
-4665
-3657
-2251
-337
789
1259
2665
3740
3326
3433
4907
6177
6162
5969
7879
10290
10265
9472
10477
11632
10124
8203
8013
6843
4435
2418
1051
-463
-3215
-5171
-5340
-6166
-8282
-9468
-8943
-9293
-10676
-10824
-9999
-9214
-9024
-8768
-7145
-5499
-4680
-3501
-1583
-306
79
1252
2557
2602
2806
4357
5820
6088
6046
7913
10331
10487
9802
10770
12068
10976
8983
8503
7395
4889
2816
1446
3
-2567
-4549
-4851
-5796
-7875
-9235
-8977
-9215
-10756
-10994
-10193
-9553
-9389
-9121
-7294
-5392
-4539
-3430
-1414
-13
147
1197
2783
2884
2847
4341
6184
6637
6290
7871
10561
10891
9861
10630
11989
10687
8176
7628
6826
4336
2053
770
-319
-2688
-4857
-5107
-5446
-7399
-9013
-8535
-8374
-9888
-10466
-9756
-8973
-8617
-8595
-7275
-5337
-4404
-3576
-1779
-231
-57
565
2154
2622
2499
3632
5262
6095
6020
7223
10077
11201
10326
10632
12210
11719
9093
7872
7047
4708
2074
145
-1151
-3284
-5665
-6320
-6460
-7896
-9595
-9454
-8854
-9835
-10488
-10057
-9200
-8495
-8319
-7318
-5540
-4502
-3952
-2433
-727
-319
283
1666
2203
2011
2868
4569
5450
5321
6120
8711
10287
9804
9964
11508
11805
9787
8484
7874
5811
3188
1128
-236
-2148
-4588
-5558
-5642
-6784
-8475
-8639
-7967
-8814
-9681
-9260
-8303
-7624
-7730
-6905
-4868
-3656
-3121
-1911
-277
357
725
1795
2283
2150
2683
4304
5641
5625
6170
8628
10543
10154
9845
11343
12017
10181
8356
7690
6295
3764
1479
-16
-1904
-4464
-6007
-6400
-7432
-9204
-9682
-8904
-9276
-10182
-9886
-8788
-7827
-7671
-7149
-5250
-3586
-2939
-1893
-207
580
803
1762
2389
2072
2131
3382
4851
5189
5149
7220
9978
10212
9496
10484
11755
10702
8606
7674
6431
4047
1668
83
-1443
-3976
-5672
-5764
-6526
-8535
-9533
-8668
-8552
-9808
-10114
-9085
-7989
-7737
-7517
-5968
-4143
-3118
-2043
-316
708
811
1582
2495
2482
2180
3004
4626
5253
4793
5783
8626
9686
8623
8932
10645
10599
8357
7066
6552
4596
2048
466
-674
-2984
-5331
-5917
-6104
-7587
-9263
-8954
-8165
-9256
-10094
-9275
-8214
-7795
-7655
-6483
-4563
-3356
-2657
-1193
497
926
1342
2512
2980
2519
2730
4416
5590
5177
5316
7873
10191
9578
8887
10293
11258
9510
7336
6801
5349
2471
512
-614
-2605
-5285
-6271
-6111
-7107
-8883
-9101
-7807
-8154
-9568
-9103
-7783
-7258
-7079
-6209
-4468
-2973
-2141
-1082
536
1362
1483
2317
2922
2446
2202
3596
5342
5540
5302
6993
9888
10515
9304
9632
11079
10495
7987
6634
5653
3072
765
-417
-2145
-4855
-6584
-6531
-6869
-8630
-9731
-8701
-7874
-8980
-9379
-8162
-7152
-6739
-6130
-4949
-3379
-1999
-1016
261
1244
1345
1986
2793
2571
1778
2097
4071
5214
5017
5517
8299
10657
10208
9758
10688
11321
9945
7795
6805
4793
1790
123
-1225
-3953
-6691
-7134
-7021
-8292
-9904
-10042
-8745
-8954
-10230
-9606
-8453
-8077
-7482
-6383
-5129
-3682
-2232
-958
480
1053
1289
2526
2976
2188
1896
3091
4793
5338
5181
6338
9254
10691
10188
10381
11223
11215
9376
7541
6248
3631
1002
-652
-2614
-5447
-7498
-7750
-8393
-9793
-10676
-10032
-8905
-9573
-9760
-8318
-7391
-6713
-5615
-4536
-3335
-1799
-513
432
1373
1843
2700
3756
3367
2790
3467
4871
5576
5658
6375
8601
10680
10766
10528
11225
11488
10193
8171
6686
4419
1523
-463
-2228
-4663
-7042
-7844
-8360
-9685
-10963
-11082
-10089
-10137
-10771
-9776
-8553
-7975
-7028
-5666
-4414
-3019
-1481
-281
1114
1977
2470
3540
3824
3376
3311
4207
5410
5931
6303
7630
10437
12038
11750
11927
12679
12873
10943
8621
7044
4464
1780
-510
-2849
-5553
-7640
-8425
-9456
-10499
-11421
-11288
-10162
-10533
-10534
-9335
-8393
-7404
-6678
-5887
-4648
-2809
-1609
-1075
401
1366
2257
3150
2780
3051
3288
3746
5184
5971
6216
7197
10084
11548
10978
10946
11352
11673
9376
6448
5296
3322
628
-1803
-3917
-6085
-8087
-9018
-9895
-10594
-11253
-11097
-9686
-9663
-9571
-8628
-7714
-6488
-6030
-5584
-4239
-2528
-1568
-1124
246
1319
2219
3118
3154
3863
4022
4122
6016
7158
7153
7661
10249
12345
11894
11328
11563
12289
10400
7119
5983
3821
551
-1884
-3864
-5921
-8335
-9207
-9318
-9869
-10772
-11199
-9738
-9252
-9662
-8858
-7762
-6314
-5589
-5110
-3704
-2351
-1369
-850
56
1027
1344
2122
2625
3179
3440
3363
5346
6972
7016
7231
8976
11470
11434
10402
10546
11191
10177
7086
5476
3642
730
-1350
-3216
-5212
-7663
-8905
-8844
-9230
-10266
-11047
-9759
-8548
-8916
-8573
-7630
-6155
-4956
-4676
-3929
-2451
-888
-87
668
1712
2225
3167
3752
3882
4214
3845
4744
6583
7174
6860
7670
10451
11582
10462
9576
9821
10115
7515
4621
3265
1230
-974
-2997
-4862
-6771
-8148
-8249
-8482
-9062
-10055
-9818
-7936
-7802
-8319
-7718
-6374
-4906
-4771
-4731
-3609
-1866
-951
-1124
-254
797
1518
2305
2371
2850
3027
3317
5197
6455
6266
6156
8685
11158
10408
9169
9209
10165
8613
4725
3118
1878
-428
-2807
-4607
-5751
-7308
-7670
-7567
-7919
-8630
-9197
-7616
-6983
-8036
-7939
-7042
-5386
-4799
-5034
-4102
-2322
-698
-589
135
1586
2304
3296
3436
3910
4754
4368
5358
7149
7337
6571
7556
10441
10729
9056
8209
8899
8877
5268
2717
2131
93
-2427
-4214
-5247
-6669
-7880
-7988
-8223
-8428
-9136
-8644
-7060
-7423
-7804
-7292
-6150
-4822
-4721
-4522
-3284
-1438
-575
-563
789
2041
2715
3130
3354
4527
4603
4186
5790
7380
7118
6332
8106
10406
9450
7745
7653
8475
7129
3627
2442
1702
-490
-2280
-3195
-3916
-5601
-6438
-6227
-6443
-7074
-7967
-7136
-5999
-6716
-7025
-6347
-4754
-4040
-4592
-3978
-2312
-831
-885
-462
1320
1991
2261
2890
3678
4046
3273
3701
5689
6405
5242
5168
7769
8843
7154
6007
6519
7111
5118
2640
2271
1217
-916
-2223
-2778
-4239
-6254
-6526
-6331
-6711
-7659
-8137
-6623
-5992
-7035
-7038
-5828
-4660
-4814
-5088
-3921
-2200
-1319
-1309
-18
1624
1989
2644
3567
4132
4162
3539
4388
6118
5946
4838
5481
8023
8559
6851
6142
6909
7336
5072
2981
2859
1320
-857
-1980
-2827
-4368
-5966
-5963
-5586
-6006
-7195
-7324
-5683
-5809
-6934
-6421
-5158
-4184
-4516
-4612
-3170
-1776
-1405
-1236
306
1500
1533
2283
3140
3612
3182
2403
3665
5158
4333
3159
4643
7380
7077
5412
5429
6671
6757
4275
3047
3113
1386
-376
-1017
-1842
-3882
-5272
-4951
-5288
-6385
-7420
-6668
-5099
-5922
-6719
-5728
-4563
-4254
-4764
-4130
-2661
-1619
-1187
-632
1100
1824
1907
2985
3634
3685
2970
2923
4788
5469
4242
3786
6197
8442
7245
5975
6635
7889
7134
4466
3884
3302
1167
-222
-1090
-2320
-4297
-4953
-4375
-4745
-5812
-6599
-5253
-4367
-6024
-6349
-5431
-4607
-4639
-5195
-4253
-2824
-1970
-1824
-941
568
542
946
2069
2257
2159
1435
1910
3601
3590
2525
2849
5537
6867
5605
5185
5873
6962
5815
3360
3153
2220
262
-789
-1519
-3023
-4902
-4743
-4434
-5266
-6260
-6543
-4636
-4473
-6213
-5744
-4350
-3623
-4186
-4194
-2889
-1992
-1356
-1166
-43
999
651
1501
2377
2017
1448
1039
2271
3535
3011
2345
3499
6379
6986
5889
5853
6969
7829
5762
3841
3641
2111
434
-601
-1684
-3413
-4682
-4097
-4221
-5158
-6013
-5451
-3711
-4501
-5655
-4890
-3980
-3620
-4175
-4060
-2887
-1688
-1198
-1254
-219
194
135
1119
1317
1050
877
848
2370
3455
2896
2609
4741
7630
7323
6527
7065
8105
8120
5554
4094
3640
1642
-7
-831
-1991
-3915
-4560
-3917
-4274
-4829
-5325
-4282
-2856
-3928
-4533
-3689
-2979
-3130
-3878
-3426
-2319
-1373
-1314
-1179
146
460
308
951
1030
495
52
335
1996
2669
1941
2171
4617
6739
6135
5704
6718
7816
7382
5135
4323
3612
1433
52
-988
-2470
-4481
-5098
-4473
-4952
-5764
-6040
-4620
-3619
-5011
-5205
-4297
-3803
-4099
-4695
-3933
-3017
-2672
-2583
-1811
-696
-951
-622
414
510
223
24
680
2086
2658
2297
2862
5033
6821
6588
6201
6955
8099
7670
5374
4622
4115
1953
641
-89
-1834
-3603
-3700
-3061
-3640
-4469
-4434
-3155
-2704
-4245
-4395
-3413
-3408
-3940
-4338
-3974
-3646
-3552
-3394
-2996
-2174
-2171
-1506
-60
-92
-161
206
1545
3494
3571
3407
4742
7628
8415
6944
7027
7949
8359
6859
5111
4851
3312
1736
1005
-193
-2062
-3528
-2737
-2952
-4331
-4940
-4489
-3382
-4488
-5750
-5212
-4871
-4952
-5675
-5433
-4583
-4230
-3838
-3652
-2605
-2067
-1859
-555
-130
-126
-166
755
3182
3773
3393
4171
7138
9286
8116
7475
8174
8864
7931
5799
5284
3976
2112
1268
88
-1499
-3112
-3029
-2972
-3928
-4558
-4647
-3592
-3848
-5230
-5286
-5224
-4911
-5351
-5911
-5305
-4576
-3870
-3958
-3342
-2215
-1910
-1015
-398
207
468
441
2528
4320
4268
3788
5958
9495
9349
8066
8233
9324
9297
6564
5523
4881
2833
1201
-186
-1252
-3159
-4135
-4141
-4719
-5075
-5941
-5271
-4277
-5309
-5868
-6095
-5482
-5438
-6599
-6457
-5684
-4654
-4617
-4295
-2569
-2046
-1377
-463
322
1181
687
1730
4355
5303
4674
5037
8573
10095
8537
7835
8633
9642
7271
4920
4773
3144
1075
-455
-1228
-2556
-4469
-4376
-4469
-4759
-5512
-5977
-4522
-4834
-5808
-6109
-6001
-5265
-5947
-6335
-5702
-4549
-3783
-4083
-2868
-1752
-1257
-253
283
1516
1893
1849
3811
5586
5762
4986
7002
10127
9629
8412
8613
10001
9521
6407
5504
4861
2971
1204
-55
-850
-2909
-3649
-3476
-4056
-4515
-5470
-4673
-4064
-5156
-5439
-5959
-5421
-5274
-6220
-6190
-5504
-4115
-4236
-4041
-2347
-1656
-699
-264
544
1844
1193
1945
4250
5391
4756
4799
8235
9717
8437
7782
8537
9772
7299
4749
4525
3068
1296
-407
-1500
-2896
-4389
-4175
-4743
-5033
-5589
-6001
-4629
-5071
-5701
-5963
-6038
-5352
-6159
-6596
-6182
-4949
-4161
-4911
-3492
-1951
-1490
-754
-305
1234
1522
1380
3428
5227
5342
4481
6694
9946
9281
8055
8315
9738
9266
6235
5349
4453
2409
579
-792
-1810
-3860
-4415
-4491
-5397
-5509
-6253
-5700
-5014
-5820
-5966
-6149
-5435
-5526
-6534
-6275
-5572
-4162
-4191
-3956
-1946
-1226
-470
374
1492
2439
1842
3051
5431
6273
5549
5675
9135
10363
8906
8573
9284
9997
7763
5678
5348
3396
1362
9
-1109
-2755
-4338
-4023
-4584
-5186
-5601
-5825
-4659
-5239
-6123
-6218
-6156
-5686
-6505
-6811
-6142
-5108
-4249
-4464
-3022
-1571
-991
140
866
1959
2055
1773
3523
5338
5521
4616
6224
9575
9702
8576
8547
9647
9672
7115
5766
4788
2640
846
-419
-1748
-3894
-4779
-4552
-5239
-5793
-6329
-5772
-4804
-5631
-6183
-6078
-5756
-5975
-6831
-6908
-6367
-5292
-4887
-4402
-2686
-1580
-684
635
1785
2621
2573
2695
4433
6060
5680
5049
7038
9655
9254
7967
8098
8899
8465
6041
4719
4009
2063
540
-401
-1654
-3427
-4106
-3896
-4603
-5213
-5810
-5487
-4726
-5848
-6497
-6105
-5843
-6125
-6918
-6584
-5712
-4926
-4515
-3736
-1879
-1134
-400
1354
2284
2651
2577
3027
4844
5820
5331
5257
7213
9063
8310
7252
7408
8114
7600
5148
4037
3360
1474
104
-961
-2351
-3952
-4323
-4113
-5122
-6018
-6423
-5857
-5460
-6873
-7245
-6656
-6571
-6870
-7183
-6395
-5363
-4515
-3649
-2502
-892
-109
909
2609
3174
3354
3597
3783
4799
5676
5307
4898
6147
8124
8050
6923
6879
7740
7594
5282
4124
3778
1873
247
-594
-1671
-3113
-3664
-3350
-3973
-4658
-4931
-4517
-4179
-5621
-5996
-5337
-5415
-5701
-6094
-5612
-4742
-3959
-2987
-1965
-470
483
1383
2875
3429
3722
3943
3883
4532
5237
5099
4582
5455
7517
7616
6259
5953
6979
7180
4907
3503
3336
1885
288
-734
-1885
-3644
-4500
-4223
-5317
-6405
-6532
-6099
-5822
-7131
-7425
-6648
-6762
-7145
-7350
-6623
-5674
-4701
-3427
-2448
-1032
153
1473
3047
3180
3230
3737
3842
3968
4507
4645
3937
4346
6379
6922
5788
5317
6342
7053
5296
3883
3931
2889
1296
277
-808
-2462
-3511
-3588
-4736
-5786
-5894
-5749
-5525
-6522
-6969
-6289
-6049
-6061
-6131
-5456
-4453
-3446
-2294
-1445
106
1447
2399
3573
3876
4195
4510
4209
3878
4273
4804
4254
4123
5811
6808
5994
5458
6180
6759
5472
3748
3365
2677
1183
77
-889
-2328
-3596
-3808
-4760
-5915
-6291
-6575
-6374
-6832
-7366
-6850
-6467
-6311
-6130
-5307
-4176
-3210
-1956
-1012
342
1774
2825
3950
4286
4269
4546
4447
3853
4024
4772
4346
3725
4969
6570
6127
5051
5546
6651
6063
3867
3091
3048
1504
-92
-992
-2165
-3509
-4084
-4605
-5655
-6312
-6702
-6516
-6470
-7434
-7340
-6430
-6097
-5934
-5365
-4338
-3241
-2237
-1339
-75
1319
2009
2876
3713
3564
3533
3581
2922
2709
3424
3553
3040
3669
5487
6040
5431
5648
6711
7014
5271
3953
3753
2265
574
-355
-1529
-3178
-4310
-4616
-5636
-6553
-6996
-6977
-6428
-7052
-7068
-6097
-5708
-5487
-5039
-3848
-2810
-1902
-947
32
1472
2037
2847
3752
3558
3581
3580
3282
2598
3017
3891
3220
2918
4424
6032
5574
4857
6037
6943
6017
4404
4183
3683
1664
377
-677
-2275
-3878
-4439
-4881
-5996
-6457
-6448
-6064
-6157
-6756
-6118
-5582
-5654
-5548
-4771
-3742
-3125
-2271
-1336
-229
560
1202
2111
2266
2117
2347
2543
1986
1826
2959
3386
3039
3803
5757
6232
5362
5733
6823
7058
5529
4515
4625
3350
1679
646
-448
-1939
-3184
-3768
-4859
-5483
-5881
-6184
-5775
-6219
-6117
-5390
-5274
-4838
-4226
-3630
-3089
-2237
-1205
-493
750
1694
2429
2959
2911
3376
3543
2747
2123
3066
3864
3039
2915
4746
6261
5715
5097
5910
6662
5776
4025
3797
3408
1577
378
-535
-1912
-3458
-4072
-4758
-5799
-6175
-6765
-6489
-6258
-6862
-6240
-5623
-5265
-4878
-4516
-3699
-2909
-1963
-1551
-785
669
1289
1614
1697
1850
2211
1796
1183
1388
2407
2508
1884
2773
4685
5117
4724
5316
6477
6830
5563
4584
4604
3426
1628
615
-448
-2110
-3291
-3923
-4960
-5428
-6049
-6501
-5817
-6156
-6587
-5887
-5279
-4797
-4508
-3977
-2803
-1588
-1222
-564
1328
2229
2401
2985
3297
3478
3150
2453
2041
2498
2991
2509
2584
3742
4995
5385
5483
6160
6786
6742
5666
5211
4794
3012
1691
577
-1148
-2657
-3528
-4374
-5492
-6043
-6598
-6342
-5977
-6757
-6161
-5184
-5010
-4901
-4506
-3487
-2692
-2331
-1924
-606
546
315
938
1860
1977
1799
1580
1527
1208
1625
2080
2038
2317
3369
4909
5295
5438
6222
7109
7355
6157
5622
5003
3508
2346
690
-1002
-2516
-3732
-4950
-6214
-6767
-7358
-7323
-7177
-7365
-6384
-5827
-5659
-4825
-3747
-2799
-2232
-1281
-114
924
1552
1796
2643
3120
2778
2620
2597
2102
1476
2048
2649
2338
2394
3796
5369
5568
5505
6346
7626
7167
5497
5428
4964
3266
1663
34
-1388
-3039
-4347
-5564
-6416
-6875
-7530
-7012
-6925
-7096
-6306
-5987
-5228
-4384
-3880
-3322
-2536
-1372
-868
-34
645
929
1785
1788
1694
1846
1547
918
332
1166
1683
1209
1553
3197
5133
5512
5459
6765
8065
7645
6573
6587
5840
3704
2051
655
-1046
-3067
-4638
-5581
-6500
-7516
-7868
-7047
-7004
-7279
-6260
-5319
-4664
-4121
-3496
-2640
-1793
-975
-439
521
1131
1463
2274
2216
2028
2043
1891
1394
844
1468
1985
2040
2299
3389
5201
5798
5799
6641
7848
7838
6536
6203
5394
3520
1971
298
-1425
-3368
-4726
-5624
-6577
-7139
-7308
-6659
-6442
-6450
-5364
-4754
-4444
-3910
-3491
-3080
-2457
-1521
-1055
-436
561
1194
1684
1816
1992
2290
2045
1592
1182
1593
2273
2427
2631
3414
5343
6522
6410
6952
8060
8448
7249
6266
5584
3699
1900
241
-1722
-3595
-5112
-5846
-6593
-7244
-7434
-6980
-6259
-6196
-5542
-4592
-4151
-3617
-3266
-3025
-2500
-1748
-1424
-1125
-205
281
742
1258
1225
1255
1278
1206
645
290
958
1628
1708
1647
3246
5260
5439
5338
6460
7728
7096
5800
5275
3906
2029
489
-1158
-2922
-4279
-4821
-5551
-6304
-6541
-6099
-5282
-5450
-5379
-4419
-4016
-3856
-3728
-3551
-2997
-2163
-1627
-1512
-537
492
943
1694
2225
2537
2600
2631
2459
1636
1738
2500
2769
2472
2942
5092
6286
6082
6431
7717
8254
6894
5852
5060
3419
1758
-226
-2078
-3449
-4445
-5368
-6300
-6462
-6418
-6101
-5686
-5481
-4911
-4621
-4317
-3739
-3563
-3694
-3250
-2232
-1818
-1458
-568
32
764
1516
1598
1602
1772
1737
1046
478
785
1318
1379
1312
2692
4682
5092
5087
6206
7661
7699
6461
6025
5415
3728
1988
489
-842
-2453
-3586
-4243
-4793
-5133
-5547
-5169
-4688
-4906
-4828
-4611
-4137
-3802
-4122
-3885
-2794
-2000
-1958
-1293
111
908
1502
2021
2255
2484
2432
2310
1640
838
1385
2116
1898
1702
3121
4990
5372
5546
6444
7372
6988
5786
5432
4164
1859
421
-622
-2291
-3973
-4494
-4869
-5548
-5875
-5796
-5112
-4843
-5173
-4962
-4587
-4351
-4454
-4663
-4275
-3424
-2814
-2704
-1994
-889
-247
372
860
1080
1273
1323
1032
350
5
353
1006
1441
1504
2690
4854
5978
6090
6734
8082
8136
6687
5658
4637
3211
1385
-434
-1700
-3028
-3985
-4496
-4845
-5186
-5427
-4656
-4001
-4300
-4297
-3724
-2904
-3098
-3745
-3124
-2190
-1931
-1956
-1153
51
696
1455
2089
2307
2406
2209
2007
1525
621
536
1119
1196
1084
2265
4330
5269
5675
6690
7674
7659
6588
5919
5097
3070
1418
351
-1101
-2906
-3787
-3922
-4633
-5045
-5216
-5005
-4505
-4813
-4966
-4860
-4865
-4833
-4927
-4778
-4261
-3492
-2840
-2151
-953
-11
816
1833
2402
2559
2490
2443
2255
1471
900
1525
2176
1897
2069
3964
5713
5772
5669
6876
7818
6823
5460
5018
3890
1679
154
-852
-2408
-3969
-4423
-4344
-4657
-5300
-5176
-4291
-4307
-5121
-5077
-4539
-4618
-4972
-5153
-4763
-4012
-3379
-2616
-1470
-366
520
1539
2109
2117
2353
2437
2163
1607
680
763
1751
1768
1496
2554
4595
5547
5639
6090
6615
6883
6148
5174
4126
2387
1249
172
-1733
-3290
-3877
-3953
-4491
-4963
-5083
-5016
-4486
-4639
-4915
-4802
-4851
-4581
-4713
-4763
-4176
-3362
-2305
-1613
-834
258
1416
2612
2864
2954
3289
3226
2963
2077
1392
1606
2191
2220
2012
3045
4753
5448
5547
5892
6423
6353
5381
4353
3127
1612
215
-961
-2495
-4055
-4551
-4577
-4960
-5368
-5571
-5199
-4565
-4640
-4878
-4673
-4240
-3874
-3591
-3291
-2748
-1665
-643
245
1313
2292
3270
3927
3792
3655
3919
3574
2512
1517
677
398
686
647
548
1359
3054
4046
4175
4378
4967
5563
4851
3652
2852
1681
553
-326
-1585
-2731
-3146
-3365
-4125
-4690
-4670
-4530
-4417
-4594
-4604
-4253
-4148
-3941
-3595
-3479
-2843
-1911
-1021
-181
460
1353
2413
3128
3157
3093
3413
3273
2473
1633
823
443
713
807
447
483
1958
3407
3410
3233
3865
4563
4017
2764
2163
1371
237
-565
-1786
-3315
-4108
-4107
-4489
-5251
-5632
-5419
-4543
-4062
-4299
-3928
-3194
-2486
-1945
-1799
-1278
-340
453
867
1375
1959
2527
3307
3641
3240
2921
2788
2392
1615
688
-91
-357
-57
-273
-685
-98
1381
2201
2155
2530
3289
3890
3633
3061
2793
1938
1150
714
-393
-1723
-2286
-2332
-2953
-3533
-3723
-3654
-3047
-2845
-2909
-2534
-2031
-1587
-1396
-1489
-1380
-773
-143
138
669
1399
1990
2682
2970
2719
2482
2346
1978
1027
-95
-1059
-1410
-1282
-1738
-1968
-1090
263
971
1218
1822
2811
3557
3303
2962
2994
2579
1840
1016
-88
-1018
-1328
-1732
-2460
-2702
-2855
-2630
-2014
-2156
-2380
-2198
-1657
-1440
-1916
-1849
-1168
-591
-508
-293
673
1496
2192
2801
2837
2850
2808
2421
1357
2
-989
-2205
-2917
-2798
-3111
-3443
-2575
-590
497
799
1821
3383
4405
3993
3835
4185
3514
2821
2391
1427
481
-37
-367
-1066
-1465
-1648
-1684
-1325
-1711
-1996
-1851
-1743
-1731
-2110
-2143
-1641
-1221
-1121
-802
9
491
736
1037
900
667
369
-208
-1098
-2228
-3144
-4001
-4524
-4386
-4190
-3939
-2906
-992
782
1750
2702
4179
5497
5756
5376
5447
5322
4586
3725
2567
1440
753
130
-735
-1586
-1923
-1830
-1807
-2074
-2220
-1827
-1630
-1710
-1707
-1778
-1676
-1397
-1275
-1184
-960
-623
-323
-237
-263
-291
-302
-570
-1169
-1858
-2444
-2826
-3424
-3631
-2940
-2219
-1653
-651
1182
2883
3778
4662
6051
7214
7123
6739
6898
6380
5377
4369
3253
2271
1276
371
-444
-853
-1099
-1491
-1574
-1604
-1561
-1620
-1873
-1820
-1922
-2361
-2694
-2828
-2920
-3178
-3189
-2946
-2615
-2207
-1988
-1640
-1291
-1016
-941
-1149
-1172
-1345
-1837
-1759
-1299
-1152
-1113
-311
1390
2478
2762
3574
5272
6303
5815
5531
5791
5342
4330
3197
2128
1153
304
-354
-967
-1501
-1786
-1713
-1739
-2031
-2206
-2296
-2518
-2758
-3233
-4001
-4400
-4449
-4773
-5078
-4750
-3988
-3360
-2788
-1863
-868
-98
398
518
493
506
315
-454
-1056
-546
-64
-330
-124
1394
2962
3474
4336
6035
7146
7201
7280
7657
7027
5784
4975
3907
2348
1053
302
-338
-1095
-1650
-1943
-2051
-2259
-2771
-3236
-3616
-4031
-4662
-5561
-5996
-6008
-6206
-6058
-5218
-4329
-3611
-2403
-854
201
716
1256
1739
1662
1031
425
-202
-1075
-1306
-1060
-1283
-1361
-57
1959
2984
3556
5171
7021
7620
7416
7580
7596
6896
5952
4674
3269
2418
1558
269
-705
-1121
-1586
-2209
-2640
-3101
-3793
-4409
-4770
-5302
-6166
-6539
-6186
-5982
-6011
-5245
-4003
-2896
-1619
-314
813
1649
2315
2808
2693
2024
1183
617
-153
-1346
-1517
-990
-996
-894
552
2763
3810
4441
6158
7976
8528
8014
7876
7804
6774
5393
4005
2653
1383
29
-1253
-2186
-2873
-3635
-4153
-4316
-4822
-5501
-5832
-6033
-6478
-7076
-7215
-6742
-6307
-6101
-5356
-4043
-2668
-1374
-171
1051
2075
2653
2771
2567
2046
1234
577
-296
-1455
-1545
-780
-573
-445
1072
3419
4558
5047
6598
8204
8430
7775
7573
7256
5864
4332
3039
1687
276
-1157
-2163
-2782
-3520
-4365
-4773
-4602
-4969
-5700
-5841
-5724
-5930
-6626
-6767
-6095
-5531
-5139
-4422
-2946
-1361
-268
887
2003
2919
3566
3663
3365
2847
2268
1593
752
-309
-842
-276
-48
-335
647
2617
3922
4567
5623
7113
7959
7811
7513
7284
6400
5228
4287
2882
1333
215
-736
-1757
-2812
-3771
-4428
-4691
-5067
-5905
-6546
-6620
-6459
-6690
-7068
-6751
-6038
-5253
-4415
-3310
-1832
-359
928
2039
2939
3784
4403
4327
3793
3274
2615
1635
554
-491
-876
-607
-825
-999
235
2062
3082
3789
5078
6503
7149
6973
6781
6389
5259
4179
3002
1144
-624
-1748
-2739
-4039
-5129
-5616
-5717
-5826
-6207
-6405
-6400
-6341
-6182
-6104
-5913
-5568
-5008
-3990
-2870
-1965
-843
730
2148
2977
3670
4496
4953
4620
3878
3312
2714
1717
512
-470
-529
-79
-316
-431
748
2427
3453
4113
5227
6412
6888
6710
6308
5591
4399
3307
2126
411
-1095
-2112
-3181
-4240
-4825
-5133
-5481
-5631
-5586
-5558
-5770
-5947
-5595
-5357
-5488
-5218
-4400
-3500
-2776
-1994
-750
750
1929
2730
3531
4370
4865
4754
4289
3695
2995
2188
1137
-127
-980
-864
-792
-1250
-1028
315
1693
2274
2937
4241
5313
5573
5497
5477
4886
3965
3269
2068
558
-535
-1436
-2503
-3469
-4065
-4585
-4968
-5114
-5269
-5407
-5440
-5266
-5062
-5004
-4584
-3776
-3058
-2222
-1158
-16
1274
2642
3752
4358
5048
5731
5678
4973
4097
3250
2131
668
-898
-2289
-2956
-2858
-3059
-3358
-2497
-605
894
1610
2782
4585
5873
6189
6105
6048
5579
4639
3547
2144
656
-667
-1709
-2588
-3647
-4574
-4910
-4746
-4781
-5238
-5312
-4842
-4488
-4490
-4350
-3811
-3247
-2615
-1799
-954
48
1344
2540
3240
3698
4288
4675
4326
3362
2358
1437
196
-1376
-2820
-3877
-4268
-3966
-3711
-3395
-2110
199
2155
3151
4294
6010
7277
7232
6544
6085
5391
4122
2725
1215
-243
-1350
-2148
-2951
-3749
-4132
-4189
-4145
-4220
-4506
-4694
-4569
-4297
-4288
-4461
-4145
-3320
-2513
-1906
-1023
464
1847
2845
3682
4298
4706
4747
4298
3268
1972
812
-397
-1772
-3069
-3904
-4192
-3764
-3121
-2701
-1651
526
2620
3578
4449
6025
7328
7373
6701
6398
6095
5082
3789
2581
1352
165
-859
-1943
-2925
-3589
-4115
-4444
-4639
-4980
-5258
-5205
-5054
-5055
-5171
-4853
-3939
-3187
-2674
-1743
-416
923
1902
2649
3557
4268
4480
4318
3762
3035
2300
1229
-114
-1310
-2092
-2749
-3127
-2817
-2326
-1973
-1163
681
2373
2883
3629
5338
6583
6476
5963
5924
5626
4665
3457
2067
894
111
-870
-2211
-3229
-3644
-3956
-4385
-4733
-5014
-5248
-5231
-5064
-5184
-5426
-4958
-4050
-3475
-2940
-1900
-529
692
1596
2483
3429
4137
4321
4070
3699
3128
2177
1014
-140
-1285
-2356
-3237
-3509
-3144
-2774
-2479
-1345
718
2125
2687
3887
5740
6718
6507
6223
6226
5693
4684
3497
1951
664
-193
-1367
-2847
-3722
-4150
-4829
-5392
-5659
-5994
-6269
-6067
-5640
-5618
-5484
-4570
-3500
-2784
-1896
-613
793
2115
3170
4067
4814
5275
5425
5069
4301
3502
2649
1446
-21
-1304
-2178
-2990
-3731
-3553
-2679
-2197
-1548
337
2437
3468
4310
5804
7066
7271
6899
6613
6049
4921
3611
2003
323
-911
-2110
-3456
-4424
-4934
-5399
-5672
-5596
-5543
-5523
-5199
-4533
-3930
-3657
-3178
-2290
-1500
-855
-236
571
1647
2599
3159
3662
4208
4399
4162
3659
2895
1816
647
-474
-1704
-2951
-3845
-4419
-4615
-4041
-3257
-2838
-1767
553
2529
3247
4004
5458
6529
6291
5496
5053
4463
3238
1765
440
-573
-1364
-2230
-2958
-3137
-3134
-3298
-3271
-3001
-2948
-3181
-3198
-2883
-2830
-3062
-2846
-2066
-1359
-785
124
1379
2567
3432
4170
4847
5240
5183
4632
3668
2474
1083
-495
-2184
-3682
-4800
-5693
-6264
-6350
-5587
-4529
-3688
-2311
-157
1794
2731
3593
5007
5932
5701
5060
4758
4448
3601
2507
1477
771
395
-232
-1040
-1394
-1419
-1751
-2230
-2374
-2504
-2913
-3108
-3120
-3220
-3255
-2933
-2305
-1775
-1147
-168
853
1788
2599
3141
3479
3639
3306
2455
1579
680
-629
-2147
-3393
-4317
-4993
-5439
-5561
-5293
-4316
-2742
-1485
-375
1336
3337
4649
5268
5941
6593
6786
6358
5624
4959
4285
3570
2704
1744
1059
622
149
-318
-810
-1425
-1742
-1854
-2378
-3150
-3581
-3533
-3505
-3848
-4002
-3525
-2797
-2254
-1801
-1209
-403
469
846
839
910
956
811
320
-349
-986
-1610
-2116
-2638
-3167
-3317
-3008
-2573
-2290
-1531
-170
826
1476
2534
3917
4688
4935
5531
6028
5863
5513
5391
5090
4158
3334
2853
2070
1083
291
-284
-831
-1424
-2170
-2828
-3141
-3443
-3930
-4318
-4338
-4235
-4339
-4339
-3898
-3365
-3007
-2502
-1722
-1000
-490
-70
435
812
843
778
699
498
239
-126
-558
-796
-853
-838
-769
-574
-390
-38
790
1601
1988
2422
3507
4452
4460
4420
4816
5023
4700
4043
3445
3055
2573
1634
571
80
-217
-1080
-2043
-2407
-2780
-3650
-4277
-4394
-4645
-5087
-5221
-5040
-4786
-4501
-4071
-3351
-2389
-1547
-903
-154
801
1524
1839
2125
2393
2495
2422
2133
1706
1351
1018
611
241
43
-112
-259
-216
-128
25
514
1026
1206
1483
2212
2809
2811
2864
3199
3368
3215
2998
2795
2386
1997
1566
804
102
-345
-899
-1573
-2134
-2596
-3038
-3356
-3569
-3825
-4008
-3845
-3488
-3195
-2908
-2458
-1904
-1311
-734
-353
72
687
1155
1220
1228
1463
1595
1425
1066
730
530
346
-202
-891
-1042
-937
-1136
-1329
-1254
-1032
-551
44
345
690
1588
2431
2654
2889
3516
3997
4079
4145
4095
3656
3333
3147
2453
1646
1127
523
-256
-921
-1563
-2373
-2918
-3052
-3297
-3796
-4006
-3672
-3386
-3382
-3175
-2689
-2081
-1576
-1291
-919
-360
53
259
475
659
689
585
394
95
-226
-524
-896
-1294
-1535
-1704
-1938
-1973
-1801
-1722
-1325
-335
343
530
1332
2685
3484
3781
4307
4961
5292
5289
4985
4522
4192
3795
2920
1931
1350
704
-208
-884
-1422
-2198
-2846
-3112
-3504
-4120
-4557
-4619
-4623
-4758
-4736
-4461
-3937
-3323
-2815
-2196
-1273
-405
93
454
920
1354
1522
1388
1161
998
765
418
146
62
8
-84
135
543
728
834
1406
2344
2800
2806
3261
4168
4593
4359
4236
4482
4616
4362
3873
3565
3416
3024
2417
1816
1119
232
-615
-1385
-2370
-3521
-4493
-5199
-5890
-6612
-6994
-6955
-6715
-6292
-5759
-4984
-3898
-2809
-1886
-1012
30
934
1378
1673
2092
2428
2435
2379
2444
2422
2306
2196
2097
1926
1715
1507
1267
1002
653
243
-107
-166
-174
-503
-710
-358
187
498
795
1456
2327
3024
3449
3732
3892
3847
3627
3134
2225
1112
104
-855
-1948
-3183
-4325
-5013
-5326
-5682
-6057
-5997
-5454
-4904
-4513
-3987
-3190
-2389
-1685
-1006
-379
204
866
1559
2057
2426
2818
3242
3584
3643
3484
3315
3111
2594
1769
934
66
-906
-1803
-2421
-2983
-3530
-3547
-2995
-2426
-1918
-864
768
2221
3170
4059
5195
6065
6225
5928
5610
5175
4278
3059
1812
662
-444
-1507
-2422
-3161
-3781
-4117
-4096
-4074
-4180
-4119
-3640
-3078
-2887
-2737
-2226
-1508
-965
-658
-204
429
1073
1553
1771
1895
2019
1999
1688
1178
634
75
-528
-1115
-1638
-2106
-2439
-2531
-2294
-1892
-1529
-1018
-256
751
1680
2261
2841
3730
4480
4598
4450
4419
4244
3809
3257
2561
1842
1368
1084
516
-223
-570
-719
-1091
-1567
-1939
-2202
-2401
-2722
-3175
-3488
-3549
-3537
-3463
-3340
-3130
-2718
-2172
-1572
-1006
-467
37
522
854
989
1023
982
933
816
559
284
130
72
29
15
186
408
591
906
1238
1363
1382
1449
1527
1426
1071
643
410
373
106
-234
-267
12
334
538
845
1254
1657
1988
2105
1971
1763
1422
863
158
-656
-1550
-2356
-2946
-3543
-4139
-4431
-4222
-3877
-3753
-3496
-2827
-2147
-1733
-1366
-920
-488
-135
117
310
578
965
1398
1792
2176
2588
2999
3475
3778
3716
3551
3380
2999
2189
1175
251
-601
-1541
-2643
-3381
-3512
-3570
-3644
-3197
-2126
-1064
-145
1064
2446
3601
4431
5080
5546
5643
5354
4715
3885
2987
1861
589
-582
-1587
-2541
-3359
-3911
-4241
-4454
-4585
-4506
-4261
-4023
-3816
-3517
-3092
-2624
-2252
-1843
-1242
-584
-15
569
1204
1768
2320
2748
2989
3112
3179
3065
2691
2206
1623
924
193
-474
-1144
-1758
-2065
-2234
-2428
-2240
-1607
-1022
-499
418
1536
2394
3072
3872
4620
5077
5288
5270
5062
4671
4045
3155
2232
1282
146
-1001
-2062
-2991
-3883
-4712
-5332
-5727
-5875
-5889
-5805
-5566
-5089
-4498
-3993
-3475
-2820
-2109
-1432
-837
-286
332
924
1371
1730
2110
2464
2663
2789
2948
2996
2777
2545
2377
2014
1513
1038
609
192
-142
-459
-854
-975
-702
-463
-346
49
811
1465
1907
2322
2705
3048
3276
3177
2838
2494
2102
1455
575
-286
-1055
-1796
-2553
-3276
-3931
-4435
-4733
-4935
-5011
-4925
-4785
-4510
-4098
-3656
-3186
-2626
-1963
-1304
-655
70
864
1629
2328
2974
3485
3973
4472
4768
4821
4855
4842
4559
4096
3575
2948
2164
1358
547
-327
-1111
-1672
-2149
-2676
-2971
-2864
-2644
-2467
-2070
-1276
-407
278
946
1699
2438
2930
3176
3235
3131
2919
2418
1606
745
-126
-1126
-2140
-2978
-3686
-4321
-4683
-4712
-4537
-4310
-3917
-3187
-2322
-1609
-971
-201
635
1311
1720
2119
2601
2962
3109
3169
3302
3437
3450
3346
3230
3104
2881
2529
2028
1484
837
41
-815
-1670
-2536
-3383
-3991
-4391
-4677
-4805
-4460
-3745
-3111
-2377
-1230
44
1050
1881
2665
3242
3567
3522
3109
2546
1881
1030
-41
-1013
-1813
-2466
-2908
-3109
-3167
-3068
-2635
-2054
-1549
-1128
-606
-52
299
360
316
382
422
304
130
144
322
456
620
974
1431
1836
2209
2574
2827
2924
2877
2681
2298
1739
1040
251
-483
-1185
-1991
-2624
-2893
-3037
-3152
-3053
-2576
-1915
-1452
-1123
-483
284
682
834
1094
1395
1467
1318
1154
1056
1009
969
899
803
842
921
880
864
787
584
353
140
-168
-627
-1088
-1433
-1714
-2066
-2326
-2243
-1980
-1673
-1269
-697
105
951
1660
2309
3043
3656
3965
4057
4030
3772
3263
2692
2047
1244
331
-477
-1193
-1929
-2577
-2975
-3173
-3339
-3434
-3400
-3230
-2902
-2486
-2121
-1737
-1099
-374
146
645
1314
1961
2379
2688
2968
3141
3241
3171
2863
2470
1998
1313
517
-267
-1087
-1892
-2549
-3069
-3490
-3744
-3804
-3598
-3215
-2782
-2231
-1533
-779
-89
471
943
1401
1742
1846
1828
1756
1648
1448
1150
847
536
272
61
-187
-441
-653
-886
-1172
-1457
-1740
-2022
-2255
-2429
-2524
-2552
-2472
-2118
-1583
-1096
-466
536
1572
2354
3078
3824
4410
4699
4740
4608
4298
3806
3068
2269
1533
758
-63
-727
-1209
-1672
-1977
-2059
-1985
-1837
-1689
-1491
-1214
-940
-858
-837
-745
-692
-780
-1004
-1127
-1153
-1218
-1318
-1295
-1118
-970
-823
-544
-177
100
276
498
649
603
428
149
-104
-394
-826
-1219
-1448
-1570
-1621
-1565
-1365
-931
-320
222
739
1450
2150
2646
3013
3296
3472
3497
3361
3045
2731
2501
2174
1806
1581
1406
1189
1039
941
819
691
560
331
60
-275
-753
-1236
-1712
-2286
-2849
-3255
-3512
-3676
-3688
-3536
-3236
-2735
-2154
-1500
-757
-6
668
1247
1722
1978
2046
1987
1804
1477
1049
572
98
-328
-748
-1113
-1358
-1496
-1544
-1499
-1396
-1211
-804
-354
-87
216
672
1027
1256
1506
1769
1974
2120
2207
2268
2346
2368
2303
2197
2041
1765
1355
867
378
-163
-844
-1565
-2202
-2823
-3527
-4143
-4520
-4758
-4922
-4861
-4581
-4171
-3607
-2955
-2212
-1323
-475
250
1023
1751
2299
2679
2958
3160
3208
3102
2873
2615
2316
1856
1318
888
532
32
-481
-737
-920
-1144
-1350
-1455
-1367
-1185
-1054
-835
-350
187
625
1065
1605
2200
2703
3068
3353
3565
3644
3570
3298
2879
2333
1657
855
-36
-924
-1813
-2671
-3450
-4063
-4549
-4907
-4994
-4872
-4602
-4118
-3452
-2669
-1796
-903
-53
809
1673
2384
2898
3317
3563
3628
3599
3431
3150
2803
2389
1891
1371
850
253
-312
-749
-1201
-1708
-2084
-2330
-2542
-2628
-2580
-2422
-2063
-1507
-928
-273
543
1347
2027
2686
3273
3656
3891
3950
3765
3395
2912
2274
1511
698
-187
-1048
-1798
-2469
-3032
-3454
-3769
-3957
-3953
-3811
-3614
-3281
-2739
-2171
-1647
-1077
-501
62
525
852
1115
1355
1545
1568
1503
1368
1126
870
585
261
-85
-412
-689
-924
-1094
-1244
-1332
-1307
-1267
-1218
-1086
-841
-614
-379
-104
134
422
766
995
1147
1403
1674
1808
1899
2004
2070
2110
2091
1989
1874
1740
1533
1311
1131
853
498
173
-142
-478
-828
-1121
-1401
-1650
-1843
-2019
-2095
-2023
-1943
-1879
-1740
-1548
-1344
-1112
-877
-657
-413
-173
19
172
258
318
389
467
515
520
544
561
561
559
488
401
369
309
168
31
-69
-169
-239
-263
-282
-220
-28
162
358
659
1050
1418
1764
2116
2366
2544
2684
2721
2618
2427
2135
1717
1230
678
107
-443
-976
-1482
-1919
-2297
-2603
-2785
-2889
-2917
-2863
-2722
-2538
-2384
-2222
-2012
-1741
-1485
-1259
-1002
-733
-482
-249
46
375
682
977
1263
1518
1717
1879
1986
2065
2068
1961
1808
1647
1437
1167
930
719
503
286
110
-43
-167
-192
-141
-89
-18
105
230
380
530
634
730
860
893
778
671
571
425
219
-43
-317
-629
-980
-1361
-1722
-2016
-2291
-2559
-2763
-2905
-3045
-3144
-3151
-3077
-2945
-2756
-2497
-2165
-1752
-1325
-871
-363
180
707
1182
1667
2123
2521
2845
3088
3239
3281
3246
3100
2834
2490
2091
1634
1135
606
67
-431
-831
-1159
-1437
-1640
-1723
-1684
-1556
-1348
-1078
-708
-277
133
509
871
1250
1593
1842
2000
2100
2106
1984
1757
1449
1087
706
314
-85
-488
-907
-1314
-1658
-1927
-2143
-2290
-2340
-2306
-2219
-2073
-1857
-1567
-1249
-916
-544
-172
203
573
904
1206
1436
1626
1771
1838
1859
1817
1732
1565
1348
1069
749
422
56
-314
-678
-994
-1258
-1445
-1552
-1588
-1522
-1362
-1135
-864
-526
-128
283
693
1085
1396
1651
1880
2037
2087
2060
1979
1811
1585
1305
961
561
124
-312
-730
-1159
-1560
-1922
-2235
-2484
-2695
-2854
-2927
-2914
-2826
-2653
-2359
-1972
-1542
-1079
-563
-26
515
1035
1504
1953
2326
2600
2777
2847
2799
2651
2430
2115
1716
1243
747
260
-211
-682
-1122
-1475
-1749
-1952
-2102
-2156
-2084
-1919
-1690
-1416
-1091
-719
-313
80
482
885
1244
1573
1854
2064
2183
2226
2191
2033
1807
1495
1074
600
81
-463
-1048
-1608
-2117
-2578
-2956
-3229
-3338
-3310
-3161
-2904
-2541
-2064
-1509
-905
-277
343
930
1469
1895
2214
2434
2544
2552
2438
2236
1974
1671
1316
920
522
158
-187
-502
-776
-1038
-1266
-1438
-1530
-1576
-1565
-1468
-1316
-1088
-818
-501
-103
338
797
1270
1732
2159
2546
2887
3158
3303
3343
3276
3085
2769
2326
1811
1253
650
10
-645
-1270
-1841
-2335
-2747
-3053
-3210
-3241
-3164
-2979
-2725
-2397
-1998
-1573
-1123
-675
-237
145
481
816
1098
1316
1497
1622
1676
1682
1625
1484
1279
1037
772
488
192
-109
-421
-726
-991
-1254
-1465
-1602
-1670
-1653
-1540
-1329
-1042
-696
-297
149
594
1029
1456
1833
2142
2378
2495
2474
2356
2141
1813
1395
896
347
-237
-835
-1427
-1977
-2430
-2794
-3078
-3254
-3312
-3274
-3124
-2884
-2554
-2168
-1739
-1253
-753
-259
226
645
1003
1309
1538
1695
1783
1808
1738
1620
1451
1228
1008
770
514
262
28
-175
-351
-510
-657
-755
-815
-854
-862
-846
-769
-642
-487
-258
15
319
660
1002
1349
1684
1973
2216
2422
2531
2527
2459
2318
2094
1792
1397
936
471
-21
-523
-958
-1325
-1655
-1928
-2097
-2201
-2211
-2138
-2011
-1816
-1594
-1337
-1047
-722
-390
-85
184
421
598
711
792
852
878
900
890
857
839
778
674
571
457
304
154
1
-170
-355
-541
-709
-822
-908
-977
-987
-953
-874
-728
-518
-268
8
304
607
882
1140
1379
1551
1642
1675
1624
1494
1292
1011
693
346
-63
-489
-870
-1211
-1487
-1703
-1841
-1906
-1922
-1864
-1741
-1557
-1341
-1108
-877
-641
-396
-176
32
234
417
583
719
808
861
908
940
931
882
796
697
596
464
285
77
-133
-334
-520
-668
-782
-861
-893
-889
-838
-733
-584
-376
-144
109
392
685
949
1161
1344
1479
1544
1560
1513
1389
1205
980
731
464
176
-94
-316
-510
-682
-834
-944
-1005
-1018
-1030
-1029
-985
-948
-882
-824
-782
-713
-655
-592
-529
-449
-382
-311
-227
-146
-48
53
160
270
360
444
531
585
597
596
584
553
519
445
345
273
199
89
-9
-78
-150
-220
-277
-318
-339
-327
-277
-182
-57
67
214
374
529
697
874
1052
1163
1242
1309
1326
1295
1205
1061
883
668
392
85
-212
-514
-824
-1086
-1279
-1455
-1579
-1635
-1619
-1548
-1440
-1279
-1096
-876
-614
-345
-84
162
397
586
755
888
970
1029
1053
1022
973
922
823
710
587
453
324
192
47
-116
-271
-421
-559
-681
-781
-837
-869
-893
-888
-843
-765
-640
-495
-336
-164
4
188
366
533
666
740
787
776
716
633
517
375
208
26
-171
-337
-471
-600
-689
-755
-778
-762
-712
-612
-493
-334
-184
-64
59
171
251
296
357
395
398
407
383
343
306
273
228
168
103
13
-70
-153
-238
-321
-379
-448
-538
-590
-625
-657
-658
-637
-599
-543
-460
-339
-199
-34
166
355
537
728
914
1078
1213
1307
1338
1340
1312
1241
1135
1005
860
682
484
271
44
-130
-274
-407
-514
-614
-708
-794
-851
-867
-853
-838
-808
-766
-715
-642
-549
-437
-329
-242
-166
-80
12
83
151
193
237
257
243
215
168
132
96
41
-35
-142
-237
-311
-384
-422
-435
-447
-441
-395
-314
-201
-60
98
278
471
638
782
911
1036
1142
1195
1227
1217
1164
1089
980
859
713
526
315
109
-97
-302
-498
-676
-843
-992
-1109
-1202
-1264
-1283
-1272
-1246
-1173
-1082
-991
-883
-761
-640
-523
-391
-281
-175
-72
-20
44
111
145
151
150
141
116
99
85
65
39
4
-18
-25
-40
-16
27
82
160
248
371
482
599
734
848
949
1026
1092
1156
1210
1230
1237
1195
1142
1091
1015
935
817
684
570
444
300
165
31
-126
-271
-405
-538
-646
-742
-840
-922
-1002
-1100
-1175
-1218
-1251
-1261
-1252
-1232
-1198
-1154
-1095
-1009
-899
-791
-691
-609
-524
-417
-328
-267
-235
-209
-185
-183
-179
-167
-140
-94
-26
45
134
249
390
557
736
904
1041
1146
1223
1285
1326
1322
1299
1257
1180
1099
1005
885
747
604
457
311
167
24
-92
-202
-306
-393
-473
-548
-609
-645
-659
-666
-667
-636
-585
-536
-475
-409
-356
-278
-169
-56
49
131
185
244
302
323
319
304
255
200
132
58
-28
-133
-228
-338
-411
-448
-461
-444
-432
-419
-395
-358
-296
-212
-117
-37
35
122
181
225
259
279
289
303
336
362
384
394
378
356
355
334
310
306
282
244
189
134
72
0
-83
-170
-247
-317
-393
-460
-495
-515
-529
-524
-508
-465
-394
-336
-282
-248
-210
-179
-164
-159
-152
-132
-127
-123
-146
-175
-217
-264
-284
-294
-297
-272
-219
-157
-71
39
123
203
285
374
452
507
549
576
599
613
638
661
659
638
604
587
582
581
573
550
503
452
395
336
289
236
158
66
-34
-140
-245
-327
-383
-438
-485
-536
-568
-577
-570
-556
-547
-527
-492
-457
-420
-379
-345
-313
-293
-288
-281
-278
-265
-248
-219
-165
-104
-44
12
72
137
191
233
293
377
443
488
540
560
554
544
516
472
428
360
300
254
201
158
110
76
51
59
89
104
117
121
124
122
120
100
47
-32
-124
-214
-292
-375
-457
-540
-609
-654
-690
-700
-691
-675
-654
-634
-596
-525
-451
-369
-288
-216
-152
-119
-108
-125
-164
-183
-196
-191
-164
-135
-81
5
105
204
306
399
482
575
666
749
820
849
873
886
870
829
769
698
631
560
475
398
334
273
228
195
125
63
15
-35
-58
-86
-121
-136
-161
-192
-219
-259
-308
-371
-434
-477
-523
-565
-596
-625
-641
-625
-610
-610
-601
-613
-621
-622
-622
-617
-603
-594
-594
-542
-488
-443
-366
-271
-154
-47
58
179
298
396
477
570
648
709
758
772
788
792
782
775
738
706
691
684
680
679
678
677
682
677
663
618
550
473
403
324
251
175
75
-46
-165
-250
-324
-403
-464
-524
-567
-586
-608
-647
-656
-635
-623
-590
-568
-553
-556
-562
-567
-599
-648
-708
-737
-757
-773
-757
-697
-614
-531
-426
-319
-203
-66
46
137
240
329
406
466
516
561
576
565
538
493
453
404
359
329
303
291
287
297
303
317
343
357
379
387
369
348
313
275
227
174
113
58
1
-36
-62
-99
-126
-136
-129
-127
-130
-117
-94
-86
-87
-95
-122
-140
-159
-184
-219
-266
-298
-324
-343
-380
-406
-408
-404
-371
-341
-308
-263
-189
-107
-25
60
128
196
230
239
243
223
193
164
133
105
88
75
57
30
8
4
22
36
62
104
134
152
159
167
184
203
206
204
188
157
131
122
95
55
36
19
-5
-63
-96
-115
-149
-162
-162
-139
-131
-131
-134
-137
-140
-149
-157
-157
-142
-115
-76
-36
6
49
94
121
153
185
194
201
204
210
207
200
191
178
167
148
122
83
34
-2
-43
-79
-97
-119
-141
-157
-158
-145
-122
-86
-52
-24
-3
24
41
50
70
80
85
90
89
69
50
30
10
-26
-56
-75
-116
-151
-195
-249
-306
-352
-380
-380
-387
-387
-343
-295
-255
-207
-148
-104
-66
-27
2
35
73
117
170
199
225
249
256
251
236
226
220
196
164
140
106
76
41
22
9
-6
-32
-60
-76
-88
-80
-64
-40
-21
-3
29
68
103
133
150
162
155
150
159
159
152
129
103
76
44
17
-14
-40
-65
-101
-139
-164
-161
-170
-195
-190
-177
-162
-144
-115
-83
-68
-33
10
47
70
96
134
175
213
251
270
271
275
272
252
223
181
139
97
52
10
-26
-39
-52
-75
-107
-132
-136
-132
-118
-117
-135
-146
-146
-127
-95
-83
-85
-76
-54
-30
-8
13
17
-7
-20
-19
-18
-8
-11
-17
-14
-16
-20
-9
-7
-17
-41
-67
-85
-96
-94
-108
-127
-131
-151
-168
-170
-173
-161
-131
-92
-75
-46
-24
-17
5
10
27
57
76
96
99
97
92
96
99
118
141
154
171
169
158
132
111
96
69
40
37
34
17
6
0
-4
-4
-6
8
29
38
43
36
26
14
9
-3
-17
-12
-15
-22
-16
-12
-19
-21
-20
-20
-30
-39
-28
-27
-33
-33
-32
-53
-69
-65
-63
-51
-37
-18
-7
-12
-10
-9
-9
6
16
20
13
-5
-8
-13
-19
-18
-8
-9
-14
-2
12
16
17
25
9
9
33
40
29
31
43
44
54
61
73
79
66
62
60
47
25
13
7
-2
-5
-11
-20
-11
5
3
-5
-12
-11
-12
-11
-9
-21
-31
-46
-64
-62
-40
-11
15
18
18
18
13
4
-4
6
13
21
35
33
20
14
17
20
20
15
5
-7
-11
-11
-11
-19
-22
-26
-28
-31
-45
-55
-61
-49
-40
-34
-29
-18
-8
-14
-27
-32
-39
-33
-27
-39
-52
-76
-100
-114
-118
-117
-117
-101
-76
-60
-41
-26
-11
-9
-7
12
35
63
78
87
82
67
66
67
56
57
57
58
68
62
53
40
32
24
18
16
18
23
28
21
-4
-17
-15
-10
-1
5
10
14
17
18
26
37
30
17
11
18
24
39
49
48
40
14
-9
-21
-27
-23
-25
-14
6
21
29
27
36
28
12
2
0
18
35
59
72
70
66
66
73
70
66
60
47
44
36
15
-13
-26
-33
-48
-47
-34
-9
13
18
10
-9
-36
-60
-73
-84
-82
-64
-55
-49
-37
-21
-9
-19
-36
-45
-47
-46
-35
-31
-37
-34
-35
-44
-47
-59
-56
-47
-52
-68
-87
-88
-88
-75
-54
-48
-48
-63
-73
-68
-47
-28
-31
-30
-31
-34
-32
-19
17
49
60
65
47
13
3
1
12
36
51
65
72
83
94
103
110
105
102
91
87
78
70
71
47
25
25
34
34
48
61
51
37
29
8
-9
-16
-20
-18
-29
-40
-48
-37
-13
1
-2
-5
-4
-8
-10
-8
-6
1
-6
-30
-47
-54
-48
-33
-28
-27
-18
-10
-18
-26
-41
-58
-73
-80
-85
-81
-58
-39
-26
-4
9
23
36
42
47
56
71
67
62
60
57
62
74
82
89
87
76
58
31
8
-9
-11
-4
23
45
59
63
71
84
81
62
39
19
0
-2
6
5
7
15
23
29
22
7
-15
-45
-77
-105
-128
-124
-125
-132
-135
-134
-133
-143
-145
-136
-112
-103
-100
-86
-82
-75
-73
-68
-46
-18
9
21
30
25
8
3
14
31
57
76
74
