6
7
12
16
16
24
26
16
13
6
-8
-20
-33
-29
-18
-11
-1
-2
-14
-26
-30
-27
-16
-5
1
6
18
19
24
18
14
14
17
26
26
24
17
11
3
2
7
0
-12
-18
-26
-25
-33
-47
-43
-38
-18
7
24
39
45
34
25
17
12
20
24
17
15
12
6
8
11
12
3
-19
-43
-41
-36
-27
-25
-32
-29
-16
-3
8
18
15
9
6
6
14
14
8
1
-7
-12
-13
-16
-28
-39
-45
-37
-28
-30
-45
-47
-41
-34
-28
-29
-35
-44
-41
-25
7
34
58
73
59
39
13
2
-3
-15
-18
-16
0
12
7
3
6
5
7
12
11
5
-5
0
13
32
47
52
44
27
7
-11
-15
-12
-12
-8
-4
3
-1
-19
-19
-15
-13
-13
-8
-4
-5
-6
-5
-3
-10
-8
4
22
32
36
29
23
28
29
29
33
34
47
62
63
55
47
45
44
40
31
36
25
19
19
11
14
15
2
-13
-22
-39
-48
-54
-56
-38
-24
-13
4
14
15
11
10
18
22
11
10
18
11
4
0
-14
-21
-23
-28
-34
-37
-35
-41
-44
-46
-51
-54
-53
-52
-65
-64
-52
-54
-53
-50
-45
-30
-23
-22
-15
-5
13
16
22
33
33
27
19
6
-4
3
2
-1
1
-7
-10
-17
-37
-48
-47
-34
-15
-4
2
8
8
6
8
13
11
11
8
12
34
53
61
64
58
55
54
42
20
0
-11
-22
-24
-11
3
10
13
9
5
-1
-13
-21
-18
2
25
33
27
17
15
24
33
26
12
12
15
28
38
38
36
25
10
0
-5
-14
-25
-32
-26
-22
-17
-11
-24
-31
-23
-21
-17
-16
-19
-24
-23
-10
-6
-2
-2
-1
14
23
33
27
10
13
27
44
55
53
51
57
49
29
23
18
-1
-13
-18
-16
-7
5
1
-10
-3
13
16
8
7
-1
-9
-11
-14
-25
-31
-46
-54
-46
-42
-40
-37
-31
-32
-48
-57
-53
-56
-46
-27
-19
-5
-6
-1
11
14
17
31
47
47
55
53
51
37
13
-3
-16
-17
-14
-14
-25
-26
-20
-19
-21
-14
-12
-11
-7
-23
-35
-34
-33
-24
-18
-17
-15
-21
-30
-42
-60
-67
-58
-45
-27
-20
-14
-3
11
12
4
12
33
58
78
84
77
77
70
60
53
55
57
47
31
7
-14
-27
-18
-8
-17
-33
-48
-57
-46
-14
13
37
47
42
44
31
10
-13
-29
-34
-30
-19
-8
18
28
34
46
60
67
67
57
30
14
-1
-25
-40
-27
-15
-9
13
32
32
14
-1
-28
-50
-43
-26
-6
14
13
8
22
39
60
85
92
67
41
27
13
0
-18
-26
-29
-33
-21
0
16
15
18
13
-1
-7
-3
-10
-35
-68
-78
-64
-52
-34
-9
3
-15
-42
-40
-32
-21
2
18
4
-26
-41
-44
-51
-41
-30
-32
-36
-22
-5
-20
-33
-29
-35
-42
-42
-43
-45
-33
-10
11
9
-20
-37
-31
-24
-13
0
-4
-24
-36
-14
-2
5
26
51
53
46
71
90
83
56
37
41
47
42
37
46
38
16
-2
-6
-6
-10
0
11
28
39
42
38
45
62
49
43
62
66
21
-16
-9
-5
-22
-7
28
48
39
25
19
2
-13
-13
-37
-83
-108
-93
-60
-41
-57
-86
-100
-82
-73
-82
-76
-46
-7
-7
-31
-40
7
41
37
29
15
49
78
73
68
65
57
89
135
130
77
40
38
-6
-83
-94
-64
-71
-69
-45
-46
-51
-8
11
-24
-39
4
55
83
98
125
162
144
91
84
104
78
58
106
118
57
48
73
53
44
52
0
-30
0
-21
-79
-79
-63
-80
-40
15
-3
-21
7
6
-73
-127
-126
-124
-145
-152
-172
-198
-191
-184
-175
-163
-183
-184
-149
-143
-163
-179
-178
-190
-134
-48
-56
-105
-74
-10
19
57
89
73
42
19
38
90
146
183
151
49
-23
25
80
38
-19
41
105
84
33
23
26
25
34
46
2
-42
-4
76
111
60
60
151
238
201
172
219
200
150
158
146
75
37
83
53
-43
-29
-1
-45
-75
-41
-44
-19
37
-23
-129
-96
7
18
38
102
89
59
88
127
141
167
116
52
13
0
-39
-115
-160
-203
-230
-163
-68
-108
-191
-149
-108
-155
-147
-82
-52
-35
31
120
145
130
86
51
59
62
11
-18
-45
-96
-116
-139
-189
-219
-203
-181
-145
-113
-145
-129
-50
-60
-107
-21
88
141
209
275
248
261
308
266
239
268
202
91
125
228
163
15
-37
-28
-6
52
18
-139
-229
-116
93
146
12
-103
-56
30
70
88
75
83
107
91
21
-66
-95
-115
-173
-206
-231
-242
-273
-321
-345
-331
-404
-444
-396
-420
-462
-309
-286
-398
-57
237
-434
-824
80
620
-19
-59
485
220
136
932
919
148
477
1071
769
642
933
466
136
586
458
-96
202
374
-387
-567
33
-15
-603
-614
-423
-552
-533
-379
-488
-703
-644
-500
-573
-667
-642
-676
-722
-570
-495
-590
-566
-413
-597
-607
-252
115
603
588
-675
-784
1554
2441
479
114
1738
1442
977
2437
2422
526
1295
2784
1650
725
1672
1017
-31
813
906
-439
-298
38
-1252
-1497
-434
-835
-1922
-1728
-1535
-1751
-1297
-1039
-1698
-1952
-1393
-948
-684
-603
-770
-520
35
147
180
469
575
595
698
536
490
799
672
406
804
936
352
228
389
-56
-201
194
-270
-602
303
151
-1407
-765
1222
492
-1026
25
791
-148
394
1494
317
-253
1483
1620
169
309
723
-151
48
715
-293
-1034
-136
-166
-1063
-739
-316
-822
-990
-744
-989
-859
-323
-446
-717
-560
-608
-625
-111
-23
-461
-389
-52
-193
-364
-260
-130
57
41
-188
-199
-102
-235
-126
-49
-438
-521
1
-96
210
1577
823
-1937
-1105
2497
2276
-180
472
1566
429
1284
3246
1728
-229
1555
2381
715
814
1715
219
-351
777
95
-941
19
-287
-2240
-1848
-472
-1216
-2101
-1774
-2002
-2027
-1006
-902
-1772
-1644
-806
-449
-123
23
-383
-368
431
941
736
375
151
248
464
554
645
624
301
88
256
186
45
218
1090
1833
581
-1648
-412
3054
2389
-432
557
2162
848
1272
3192
1464
-317
2120
2852
144
88
1509
40
-608
714
-372
-1973
-867
-953
-2963
-2282
-635
-1811
-2868
-2179
-2081
-1949
-905
-1184
-2359
-1767
-398
-146
-397
-530
-542
-67
574
683
391
106
169
497
461
107
88
107
-87
131
291
-496
-1056
-534
547
1283
27
-2211
-933
2622
1971
-846
384
2063
730
1415
3649
1742
-58
2814
3801
955
1036
2735
1141
134
1332
376
-1028
266
101
-2223
-1909
-387
-1485
-2770
-2480
-2631
-2630
-1475
-1305
-2380
-2299
-1035
-481
-835
-1068
-715
-77
190
202
180
67
236
965
1029
298
110
456
141
-102
251
86
-553
317
2103
976
-2598
-2202
2526
3446
6
-328
1598
766
1010
3759
2717
-573
1163
3457
1242
142
1914
971
-596
707
680
-1324
-939
-394
-2345
-2619
-794
-1070
-2344
-2201
-2440
-2479
-790
-353
-2297
-2590
-608
239
-215
-357
-411
-445
186
720
393
-144
-48
370
599
501
643
600
10
-178
380
103
207
2388
2338
-1780
-2124
3221
4235
82
66
2422
911
1000
4299
2926
-959
1309
3978
1595
530
2191
392
-1385
572
792
-1430
-962
-583
-2931
-3035
-841
-1379
-2980
-2501
-2454
-2878
-1429
-621
-2344
-3008
-1331
-233
-424
-572
-782
-803
-214
407
364
-55
-147
423
832
514
387
451
-99
-409
302
107
237
2061
1106
-2946
-1493
4164
3127
-1466
239
2797
565
1096
3998
1169
-1706
2321
4079
480
246
2217
-104
-1229
1163
617
-1925
-1236
-803
-2387
-1676
-204
-1715
-3026
-2200
-1973
-2039
-1073
-1272
-2952
-2598
-326
549
-553
-1165
-688
-82
397
857
516
-281
-115
1217
1488
715
614
910
484
558
1052
721
1445
2206
-749
-2535
2527
5458
634
-1587
1855
1545
273
3660
3482
-1950
-538
4306
2071
-903
1474
942
-1825
190
1562
-1381
-1720
-206
-2462
-3079
-67
-409
-3300
-2921
-1614
-1942
-1157
-381
-2040
-2845
-759
642
-308
-1221
-1030
-307
332
853
604
-165
-437
293
774
451
422
361
-500
-410
1246
1345
1442
2723
737
-2629
1165
6349
2377
-2291
1420
3332
596
2687
5141
-115
-1989
3429
3425
-1007
231
1283
-2238
-1451
1444
-1156
-3246
-956
-1739
-3650
-1258
-235
-3391
-3810
-1769
-1919
-1890
-629
-1794
-3559
-1890
226
-507
-1632
-1285
-709
-197
357
338
-535
-1006
-66
1087
784
259
567
428
52
984
1280
1306
2920
1972
-2358
-530
6014
4337
-1591
848
3817
644
1436
5689
1351
-3024
2393
4782
-160
-172
2377
-1521
-2836
938
-31
-3489
-1739
-1385
-4131
-2403
194
-2465
-4264
-2281
-2094
-2638
-847
-777
-2939
-2150
285
62
-827
-96
219
-112
670
1571
712
-323
430
1526
1057
635
1308
1101
-181
515
1851
1916
2457
2108
-1121
-607
5284
5594
-405
33
3848
1878
956
4944
3248
-1573
1620
4612
448
-1082
2014
-153
-2663
-276
-151
-3341
-2591
-2000
-4760
-4065
-920
-2279
-4792
-3667
-2963
-3358
-1814
-1097
-3131
-3157
-593
95
-1047
-946
-245
193
750
1238
806
206
784
1739
1132
338
959
1499
531
733
1681
1644
2306
2858
-49
-1125
4107
6059
552
-565
3416
2156
245
4066
3956
-1611
69
4275
1490
-1172
1480
116
-2660
-567
360
-3254
-3508
-1996
-3975
-4402
-1582
-1975
-4776
-4076
-2513
-2897
-2477
-1509
-2872
-3452
-1142
157
-1227
-1615
-638
-295
-61
1009
1008
-122
99
1733
1845
1035
1379
1944
1179
1565
2793
2741
3154
3389
426
-901
4383
6605
905
-903
3317
2505
156
3413
3637
-1985
-563
3924
1146
-2033
1109
517
-2952
-1414
131
-2837
-3179
-1438
-3461
-4200
-1207
-1191
-4237
-3753
-2023
-2358
-2015
-776
-1787
-2535
-398
874
-773
-1170
466
718
-45
594
1410
635
507
1892
1672
312
1039
2467
1326
516
1890
2174
2202
3166
980
-2072
1822
6055
1674
-1943
2098
2727
-440
2114
4596
-453
-1365
3177
2106
-1649
615
1053
-2680
-2160
209
-1923
-3291
-1797
-3111
-4353
-2031
-1208
-3728
-3999
-2571
-2486
-2126
-961
-1715
-2629
-913
664
-60
-732
236
879
613
687
1005
411
-28
998
1734
824
650
1570
1459
577
1503
2083
1676
2434
2097
-1039
-329
4480
3555
-1206
309
3063
784
787
3780
1172
-1881
1652
3005
-725
-1162
682
-1512
-2356
-646
-1478
-3239
-2056
-2368
-3940
-2688
-1373
-2804
-3578
-2703
-2768
-2334
-1016
-1263
-2204
-1079
74
-375
-657
144
280
187
630
1044
786
645
858
1136
1011
994
1350
1505
985
1181
2238
2327
2359
2604
1014
-484
2720
5349
2039
-361
2397
2651
918
2643
3354
-551
-531
2723
1473
-1075
29
-303
-2488
-1340
-426
-2433
-3025
-2578
-4003
-4000
-2017
-2350
-3857
-3213
-2267
-2255
-1557
-1043
-1886
-1704
-212
167
-245
92
434
553
1039
1295
1080
1254
1764
1751
1648
1652
1754
1613
1369
1016
1651
2315
2499
2717
1907
-349
513
4283
3577
-529
23
2214
801
1040
3132
771
-1988
986
2391
-373
-877
-16
-2126
-2434
-872
-2316
-4032
-2954
-3515
-4781
-2960
-2077
-4150
-4390
-2837
-2845
-2631
-1548
-2098
-2921
-1570
-409
-700
-561
7
81
656
1236
1011
958
1524
1425
1380
1938
2097
2094
2271
1585
1258
2693
3345
2681
2797
2150
43
1739
5300
3086
-865
980
2945
1278
1747
3185
145
-1390
1659
1983
-818
-1242
-1057
-2450
-2031
-1342
-2630
-3508
-3292
-3912
-3733
-2667
-3208
-4196
-3758
-3202
-2812
-1959
-2073
-2769
-2036
-855
-413
237
589
-109
337
1967
1927
1182
1633
1940
1580
2408
3236
2580
2038
2454
2219
1936
2870
3074
2679
2977
1961
250
2615
5280
2199
-925
1523
2976
1309
1645
2058
-965
-1177
2202
1946
-1464
-2146
-1394
-1980
-1872
-1717
-3106
-4206
-3651
-3213
-3027
-2850
-3058
-3609
-3663
-2890
-2046
-1923
-2297
-2020
-1459
-969
-158
339
-363
-491
1100
1995
1105
920
1386
1153
1303
2369
2072
1137
1597
1888
860
1378
2430
1685
1582
2179
49
-834
3321
4293
-588
-1464
2380
1943
207
1758
988
-2334
-153
2794
135
-2631
-1184
-1016
-2015
-1275
-1499
-3471
-3544
-2362
-2642
-2589
-1840
-2568
-3731
-2747
-1293
-1277
-1748
-1499
-1193
-978
37
1006
136
-810
499
2006
1478
767
1051
866
883
2058
2363
1344
1620
2458
1792
1527
2966
2658
1708
3015
2687
-349
1327
5763
3337
-1432
888
3570
1344
1307
3144
190
-1741
2305
2864
-1373
-2276
-610
-1956
-2255
-1216
-2977
-4881
-3545
-3100
-4370
-3819
-3103
-4627
-5079
-3138
-2312
-2964
-2682
-2088
-2294
-1680
47
253
-1092
-730
1199
1964
1383
1489
1553
1524
2520
3462
2402
1695
2937
3048
1706
2150
3286
2164
2148
3932
2348
-492
2378
5573
1968
-1255
1676
2884
856
1530
2126
-928
-875
2482
1236
-1908
-1245
-373
-1912
-1486
-1251
-3251
-3707
-2245
-3007
-3967
-2689
-2550
-4044
-3904
-2574
-2303
-2174
-1973
-2559
-2251
-440
453
-470
-1114
-507
676
1579
1369
497
335
1584
2461
2034
1250
1805
2331
1858
1506
2128
2129
1533
2582
3245
533
-908
2650
4223
330
-1157
1741
1738
312
1231
1087
-1501
-328
1687
-76
-1959
-1007
-980
-1740
-1098
-1719
-2989
-2521
-2172
-3519
-3247
-2180
-3059
-3781
-2712
-2372
-2584
-1721
-1676
-2561
-1715
83
224
-406
-261
238
1206
2078
1438
453
1191
2439
2243
1846
1995
2250
2442
2677
2436
2424
2567
2407
2929
3273
979
-446
2653
4432
954
-472
2259
2301
668
1455
1534
-773
-6
1809
453
-1602
-1220
-1086
-1706
-1918
-2676
-3274
-3035
-3100
-3454
-2828
-2813
-3450
-3122
-2752
-3095
-2458
-1380
-2043
-2427
-1002
202
242
224
68
221
1669
2355
1117
718
1839
2153
1866
2351
2262
1442
1635
2316
2028
1887
2064
1581
2205
3158
1153
-787
1709
3494
385
-1082
1235
1340
-138
873
1284
-961
-868
977
250
-1644
-1491
-971
-1291
-1290
-1708
-2557
-2776
-2398
-2398
-2652
-2892
-2941
-2790
-2787
-2727
-2261
-1898
-2093
-1998
-1561
-788
-217
-306
-770
-129
1157
1232
734
930
1222
1133
1608
2013
1351
1125
2159
2389
1754
1897
2117
1201
1908
3298
1288
-1334
1026
3880
1506
-785
990
1611
91
784
1794
-122
-716
1473
1420
-773
-1093
-149
-715
-1211
-1239
-1927
-2598
-2029
-1761
-2270
-2594
-2237
-2238
-2564
-2423
-2144
-1978
-1720
-1381
-1161
-276
641
554
-46
393
1338
1714
1596
1432
1056
1330
2416
2665
1587
1126
1951
2045
1627
1521
1274
511
1388
2983
1282
-1814
-374
2833
1402
-1352
-282
996
-37
219
1275
-27
-853
1148
1421
-527
-1055
-71
-524
-906
-902
-1731
-2496
-1850
-1808
-2656
-2701
-2251
-2494
-2567
-2175
-2055
-1688
-938
-1095
-1642
-746
412
376
9
458
1029
1518
1941
1780
1157
1496
2483
2536
1896
1649
2013
1842
1564
1545
1326
358
454
2139
1750
-1588
-2103
1382
2111
-961
-1556
270
-5
-438
591
205
-1621
-642
892
77
-1294
-1131
-1168
-1451
-1316
-1669
-2350
-2030
-1731
-2073
-1986
-1881
-2192
-2035
-1832
-2266
-2039
-803
-693
-1556
-1100
244
727
433
421
774
1601
2232
1904
1027
923
1711
2225
1848
1126
1172
1745
1761
1565
1677
1378
741
1712
2882
638
-2124
-219
2670
1030
-1312
38
1184
326
911
1918
504
-335
1564
1927
-69
-1033
-366
-537
-876
-1001
-1720
-2414
-2301
-2142
-2106
-2166
-2255
-2017
-1884
-2201
-2026
-1041
-816
-1396
-1135
-65
523
490
283
358
1143
2179
2229
1511
1068
1333
1832
1923
1446
846
967
1151
1121
983
622
-290
-101
1602
1476
-1659
-2156
1240
2094
-632
-1054
718
263
-100
1225
931
-973
95
1708
645
-923
-604
-458
-746
-764
-1296
-1979
-1770
-1560
-2022
-2143
-1884
-1636
-1356
-1450
-1771
-1130
-134
-225
-912
-640
337
1031
859
231
367
1422
1963
1413
926
862
1090
1524
1663
801
343
941
1200
565
137
-112
-668
354
2074
461
-2598
-1018
2354
1016
-1796
-516
961
-33
259
1407
-179
-1356
745
1447
-529
-1239
-214
-561
-901
-893
-1510
-2097
-1652
-1611
-2112
-1955
-1639
-1775
-2001
-1759
-1354
-679
-152
-442
-904
-330
855
808
-49
204
1426
1903
1446
1131
966
1248
2155
2511
1501
959
1858
2069
1337
1233
1412
339
816
3078
1628
-2327
-717
3543
1837
-1689
82
1683
-231
151
1958
195
-1206
1263
1758
-743
-1357
-192
-750
-1268
-1025
-1607
-2634
-2396
-2172
-2614
-2711
-2233
-2211
-2544
-2428
-1908
-1375
-1031
-962
-1096
-568
542
572
-406
76
1351
1751
1462
1604
1380
1296
2269
2723
1478
730
1859
2238
1369
1002
1164
17
205
2612
1685
-2496
-1315
3477
2130
-1773
-111
1869
-164
261
2466
378
-1589
1254
2187
-578
-1465
-216
-856
-1402
-1039
-1731
-2711
-2275
-2197
-2697
-2524
-2225
-2514
-2427
-1893
-1799
-1545
-855
-735
-1399
-1062
209
347
-493
-80
1289
1572
1317
1544
1211
735
1680
2557
1626
559
1280
1677
971
788
1075
52
-246
2045
2377
-1328
-2187
1955
2942
-588
-1017
1386
893
402
1911
1169
-1403
181
2422
671
-1558
-727
-373
-1215
-1207
-1502
-2754
-2896
-2230
-2542
-2851
-2634
-2498
-2299
-1746
-1945
-2068
-979
17
-632
-992
344
1301
549
184
1338
2077
2028
2220
2316
1637
1881
3015
3008
1925
1907
2542
1972
1214
1267
1000
-86
842
2696
1127
-2127
-834
2486
1306
-1456
-414
1099
187
315
1153
-427
-1537
801
1612
-490
-1600
-677
-729
-935
-1172
-2141
-2668
-1872
-1689
-2271
-2289
-2195
-2306
-1976
-1795
-2175
-1784
-702
-567
-1214
-851
241
412
-222
-99
731
1211
1366
1507
1116
714
1509
2355
1725
763
1322
1774
1208
863
1221
332
-173
1797
2293
-1150
-2339
1407
2748
-321
-1264
689
463
-21
1157
976
-1017
-33
1710
621
-1330
-958
-352
-473
-562
-1297
-2153
-1833
-1265
-1696
-2108
-2108
-2057
-1711
-1346
-1591
-1727
-1166
-651
-756
-665
38
754
521
43
384
1322
1596
1537
1518
1196
1251
2113
2373
1127
711
1491
1535
774
801
638
-322
756
2574
555
-2711
-680
2789
1114
-1699
-294
960
-98
236
1161
-666
-1437
1036
1549
-858
-1734
-560
-630
-934
-1177
-1892
-2279
-1671
-1609
-2175
-2325
-2176
-2043
-1611
-1422
-1765
-1494
-415
-68
-642
-363
862
1299
668
843
1971
2341
2185
2274
2000
1523
2285
3168
2259
1052
1639
1971
1072
782
1113
-146
-525
1765
1869
-2086
-2844
1339
2317
-1067
-1708
421
174
-309
854
420
-1598
-113
1923
580
-1566
-884
-282
-588
-673
-1232
-2167
-2032
-1507
-1789
-1974
-1918
-2028
-1696
-1113
-1409
-1720
-800
154
-427
-1062
-186
788
352
-164
491
1219
1315
1387
1373
903
1126
2264
2367
1053
902
1774
1518
801
1116
666
-584
1109
3200
188
-3249
-366
2804
301
-2068
-110
533
-599
322
913
-1476
-1640
1331
1406
-966
-1176
-196
-620
-715
-923
-1922
-2185
-1355
-1456
-2018
-1883
-1973
-2277
-1686
-1223
-1815
-1743
-574
-451
-1250
-722
545
438
-279
354
1352
1356
1391
1711
1263
1035
2211
2850
1672
856
1751
1968
1073
1009
1169
-77
127
2634
2312
-1643
-2089
1682
2462
-363
-883
802
680
479
1155
463
-1192
146
1853
796
-964
-490
69
-64
-537
-1462
-1956
-1541
-1431
-1931
-1935
-2132
-2487
-2026
-1475
-2025
-2192
-1039
-573
-1203
-953
94
291
-172
93
710
1147
1519
1773
1372
1071
1776
2571
2268
1300
1176
1619
1397
763
648
258
-615
353
2115
195
-2910
-1153
2330
1160
-1666
-784
641
-141
-115
946
-131
-956
1265
2300
365
-593
487
564
88
-219
-834
-1329
-1083
-992
-1337
-1562
-1802
-1798
-1446
-1425
-1507
-915
-367
-786
-1048
-416
211
108
-24
258
789
1223
1397
1198
775
885
1651
2047
1353
383
448
778
410
-150
-154
-698
-847
859
1442
-1487
-3038
-2
1957
-446
-1916
-245
115
-555
360
903
-985
-615
1686
1318
-721
-319
666
67
-367
-288
-819
-1302
-958
-890
-1192
-1523
-1519
-1439
-1674
-1930
-1550
-1056
-1511
-1952
-1479
-584
-125
-272
-472
-187
755
1452
1506
1262
1191
1741
2687
2832
1785
1372
2233
2404
1642
1499
1422
338
682
2781
1872
-1614
-1200
2541
2569
-566
-678
693
56
83
1475
500
-1400
289
1933
174
-1397
-406
-88
-596
-615
-744
-1558
-1653
-1369
-1520
-1822
-1902
-1528
-1435
-1852
-1902
-1178
-969
-1545
-1519
-701
-47
68
-131
-197
372
1271
1543
1079
511
542
1441
2273
1721
504
634
1416
1117
617
932
233
-772
850
2449
-364
-3003
-218
2511
290
-1588
68
447
-505
732
1685
-527
-745
1530
1361
-808
-751
100
-266
-368
-508
-1169
-1391
-1052
-1298
-1374
-1322
-1508
-1464
-1268
-1669
-1778
-1066
-896
-1433
-1288
-408
51
-1
-176
-107
512
1299
1463
903
457
939
1855
2150
1329
521
789
1308
1196
842
410
-612
-845
902
1721
-1137
-3257
-493
2201
156
-1687
-52
474
-477
874
1931
-249
-329
2118
1753
-529
-161
711
49
-97
252
-411
-976
-674
-743
-1280
-1533
-1269
-1176
-1579
-1717
-1065
-828
-1424
-1459
-742
-408
13
545
192
-172
935
1898
1375
801
1159
1661
2100
2247
1440
617
1044
1434
888
548
539
-299
-856
815
1860
-1058
-3779
-977
2262
69
-2123
-179
286
-997
875
2227
-804
-1012
2390
2208
-322
332
1044
13
559
1159
-598
-1535
-453
-780
-1902
-1687
-1164
-2026
-2567
-1766
-1217
-1710
-1974
-1460
-1232
-1090
-308
22
-676
-439
1126
1616
890
835
1183
1390
1981
2183
1388
832
1342
1554
1040
976
837
-41
-497
914
2077
62
-2657
-997
2369
1225
-1465
-654
231
-487
743
1937
-690
-1327
1799
2337
131
-94
278
-268
423
470
-1420
-1966
-719
-1269
-2240
-1661
-1348
-2269
-2501
-1687
-1410
-1727
-1780
-1442
-1324
-1141
-240
59
-850
-668
938
1341
561
594
1075
1162
1598
1890
938
139
672
1010
281
-100
-114
-754
-1165
456
1843
-419
-3301
-1269
2294
1214
-1259
-351
563
181
1622
2566
-165
-837
2180
2830
824
412
386
-85
1091
1215
-901
-1247
217
-378
-1381
-557
-459
-1618
-1459
-507
-617
-1048
-645
-251
-419
-56
851
723
31
911
2331
2014
1288
1767
1844
1388
1787
1942
711
184
700
461
-478
-520
-661
-1428
-1875
-826
453
-824
-3752
-2978
1157
1318
-2079
-1862
425
227
685
2397
729
-933
1867
3773
1779
193
550
507
1116
907
-972
-1661
-589
-813
-1678
-1619
-1990
-2587
-2113
-1422
-1652
-1749
-1579
-1433
-1098
-397
69
-209
-548
175
1314
1248
804
1272
1397
804
833
938
31
-454
82
217
-650
-843
-817
-1260
-1694
-912
717
485
-2413
-3159
704
2463
-764
-1895
630
1021
682
2438
2009
-438
1419
4248
2662
75
793
1712
1967
1615
332
-813
-367
-81
-578
-778
-1116
-1490
-1278
-925
-1177
-1346
-1253
-1271
-1007
-423
31
21
-222
236
1107
1158
554
694
870
561
753
986
109
-582
-44
51
-800
-908
-482
-1011
-1493
-1205
-209
739
-685
-3157
-1396
2639
1471
-1869
-361
1662
749
1359
2839
543
-28
3431
3932
506
132
1837
1653
844
374
-486
-860
-234
-446
-1262
-1541
-1225
-1279
-1622
-1497
-1009
-1106
-1639
-1342
-600
-432
-375
-36
2
115
914
1327
837
650
864
905
827
810
236
-57
130
91
-503
-422
-324
-884
-1353
-827
570
398
-2080
-2806
845
2792
-275
-1564
732
1374
1026
2405
2075
79
1502
3410
1779
-62
937
1361
895
517
-315
-1070
-613
-760
-1819
-1895
-1391
-1830
-2495
-2390
-2155
-2121
-2028
-1669
-1493
-1178
-548
-81
-430
-528
357
1073
835
390
359
313
394
474
173
-148
175
-1
-620
-676
-633
-1272
-1463
-1243
-815
474
95
-2714
-2040
2706
2827
-1135
-585
2467
1874
1573
3490
2378
544
2763
4500
2111
677
2021
2063
957
681
601
-156
-448
-607
-989
-954
-611
-1088
-1890
-1521
-507
-452
-1063
-1011
-632
-231
369
484
-461
-393
898
1317
560
204
134
-7
208
369
-286
-742
-938
-1128
-1070
-1054
-1545
-1864
-1595
-1736
-822
751
-694
-3485
-1130
3034
1252
-1932
33
1903
908
1900
3482
1125
324
3459
3957
1165
1008
2010
890
336
923
126
-990
-747
-849
-1502
-1254
-911
-1857
-2264
-1065
-400
-1222
-1631
-1074
-693
-285
384
-38
-946
-413
841
881
91
-292
-320
-67
180
119
-572
-1037
-954
-649
-743
-984
-1194
-1220
-1212
-1014
237
1028
-1101
-2851
290
3252
919
-1091
1001
1965
1263
2508
2899
487
1011
3681
3188
835
1099
1604
1082
1211
1247
12
-506
171
-80
-644
-465
-658
-1600
-1383
-437
-862
-1657
-1344
-951
-1034
-505
-89
-980
-1669
-865
6
-338
-941
-984
-772
-687
-638
-942
-1421
-1299
-918
-887
-994
-958
-1152
-930
-743
-926
205
1568
-505
-2684
417
3580
1134
-812
1593
2411
1318
2760
3532
888
994
4060
3678
896
1189
2294
1668
1319
1410
239
-398
473
390
-876
-1008
-378
-868
-1343
-772
-742
-1590
-1579
-1034
-1229
-1240
-349
-667
-1869
-1225
384
-166
-1309
-759
-356
-1028
-916
-458
-1073
-1208
-364
-434
-1116
-507
182
-383
-774
-231
603
1728
1094
-1396
-777
2963
3028
-150
-5
2079
1904
1985
2998
1509
253
2549
3733
1417
239
1155
1030
570
663
15
-709
-305
-306
-1198
-1361
-796
-1031
-1808
-1965
-1626
-1411
-1256
-1546
-2212
-1842
-799
-1089
-2317
-1900
-692
-1086
-1764
-1162
-1028
-1679
-1040
-391
-1305
-1524
-271
-464
-1408
-251
660
-838
-1268
276
340
417
2135
1087
-1545
909
4567
2263
-221
2409
3666
2045
2965
3978
1418
1265
4299
3931
1086
1421
2383
1560
1411
1742
397
-429
482
253
-1089
-946
-228
-1314
-2295
-1312
-543
-1600
-2410
-2011
-1611
-1520
-1141
-1336
-2182
-2143
-1107
-838
-1555
-1802
-1606
-1516
-1233
-1030
-1395
-1400
-911
-903
-999
-511
-679
-1330
-445
464
-614
-487
1829
1021
-1645
337
3671
2055
-29
1871
2779
1573
2570
3742
1771
1182
3487
3752
1416
970
2007
1907
1215
662
120
17
288
-68
-872
-1330
-1468
-1421
-1370
-1452
-1713
-1733
-1647
-1695
-1684
-1299
-862
-1165
-1649
-1151
-27
-203
-1009
-931
-318
-255
-309
-391
-886
-911
-187
-72
-889
-958
-454
-408
-361
-230
-764
-226
1632
1143
-1073
100
3213
2709
691
1677
2824
2229
2588
3524
2307
1645
3005
3135
1552
1242
1789
1304
767
387
-179
-369
-239
-1000
-1770
-1559
-1468
-2206
-2717
-2588
-2549
-2786
-2881
-2892
-2731
-2437
-2358
-2610
-2528
-1852
-1464
-1825
-1791
-1062
-892
-1101
-728
-436
-853
-457
255
-62
-679
196
826
255
202
757
391
325
2228
2983
761
-300
2259
4082
2886
1987
2724
2825
2876
4000
4156
2414
2137
3705
4200
2627
1549
1661
2043
1556
510
-142
-146
-625
-1412
-1603
-1639
-2052
-2517
-2842
-2955
-2544
-2418
-3095
-3554
-2896
-2122
-2023
-2496
-2909
-2639
-1618
-1000
-1409
-1680
-1199
-559
-278
-184
-425
-472
-30
371
208
202
364
223
297
565
359
292
1552
2241
596
-387
1627
3263
1973
1016
2124
2611
2246
2863
3181
1965
2039
3181
2674
1262
1449
1589
927
689
515
-540
-1082
-688
-978
-1882
-2133
-1992
-2384
-2686
-2435
-2346
-2613
-2530
-2309
-2259
-2020
-1691
-2004
-2069
-1253
-794
-1184
-1242
-851
-723
-366
19
-624
-1238
-153
679
-266
-936
117
617
67
137
458
-31
71
1760
2549
893
-360
1426
3597
3034
1821
2322
2836
2785
3612
4024
2568
2028
3282
3361
1919
1502
1678
1241
802
424
-357
-899
-1029
-1523
-2038
-2071
-2242
-2796
-3070
-2884
-2712
-2720
-2817
-3008
-3012
-2374
-1469
-1450
-2136
-2000
-986
-501
-612
-683
-741
-724
-131
245
-298
-513
85
187
-235
-29
205
-96
33
754
679
144
810
2120
1674
64
482
2793
3159
1427
1293
2493
2546
2389
2886
2197
1167
2059
2913
1801
621
891
962
434
-175
-721
-1114
-1238
-1570
-2152
-2541
-2667
-2677
-2706
-2895
-2968
-2689
-2464
-2556
-2504
-1839
-1054
-912
-1255
-1040
100
806
442
317
848
1139
1354
1747
1503
911
1253
1871
1386
630
692
951
940
1001
927
442
145
931
2013
1204
-827
-405
2085
2335
587
535
1485
1420
1723
2332
1318
336
1381
2015
654
-307
26
91
-551
-1095
-1411
-1762
-1984
-2140
-2543
-2965
-2753
-2434
-2815
-3162
-2623
-2179
-2378
-2443
-2094
-1676
-1120
-688
-930
-863
132
720
314
123
465
627
721
823
366
-83
490
1109
704
107
177
407
351
375
429
106
-175
752
2029
1199
-504
486
2849
2641
1368
1815
2392
2309
3136
3528
2082
1684
2890
2832
1448
976
887
539
493
81
-1052
-1449
-1162
-1501
-2220
-2419
-2562
-2842
-2886
-2850
-2711
-2409
-2229
-2464
-2230
-1256
-756
-1057
-1065
-544
-145
-22
128
4
-55
436
612
84
-163
309
367
-31
-77
-79
-418
-217
326
-55
-595
-208
187
607
1480
1022
-623
288
3039
2938
1121
1450
2312
2157
2880
3630
2111
1118
2417
2864
1499
821
928
507
235
33
-806
-1472
-1288
-1356
-1979
-2245
-2139
-2310
-2562
-2551
-2398
-2129
-1837
-2031
-2349
-1857
-1009
-1007
-1536
-1243
-457
-152
-150
-217
-408
-206
495
508
-270
-315
260
244
4
216
77
-58
549
880
302
170
621
856
1594
1926
301
-435
2101
3465
1394
617
2194
2207
1579
2698
2631
702
907
2522
1793
227
609
957
193
-204
-207
-911
-1268
-890
-1220
-2135
-2109
-1464
-1715
-2368
-2178
-1712
-1911
-2133
-1787
-1535
-1528
-1322
-1247
-1475
-1255
-631
-570
-998
-948
-364
-74
-155
-318
-380
-181
322
507
190
-41
197
590
791
784
601
304
403
1501
2350
1158
-340
872
3065
2687
1261
1537
1957
1807
2625
3075
1369
650
2190
2602
1220
813
1057
586
403
513
-205
-872
-584
-621
-1498
-1814
-1437
-1697
-2394
-2300
-1797
-1950
-2202
-1978
-1967
-1979
-1344
-891
-1345
-1648
-1107
-779
-818
-555
-405
-723
-668
-101
-56
-462
-438
-202
-184
-76
21
-165
-233
188
376
275
185
296
1244
2185
1190
-206
1095
3041
2307
1003
1576
2034
1814
2617
2890
1317
991
2508
2532
897
450
828
755
454
79
-710
-1021
-778
-1042
-1766
-1926
-1665
-1947
-2272
-2092
-1830
-1907
-1895
-1860
-2119
-1977
-1185
-1040
-1748
-1636
-831
-745
-920
-372
-118
-489
-192
447
236
-57
399
542
200
492
835
541
586
1150
1187
960
1011
1205
1884
2361
1166
82
1449
2831
1785
696
1102
1242
1269
2045
1726
165
334
1710
1537
210
-118
157
155
-124
-626
-1057
-1063
-1094
-1476
-1632
-1517
-1677
-1945
-1983
-1937
-1870
-1745
-1875
-2209
-2079
-1467
-1144
-1489
-1747
-1463
-983
-681
-477
-501
-714
-502
149
350
65
255
672
622
630
1219
1377
1002
1120
1568
1674
1710
1629
1378
2032
3059
2323
1048
1921
3274
2489
1453
1804
1945
1653
1981
1815
591
473
1373
1068
-232
-714
-613
-669
-872
-1333
-1946
-2110
-1942
-1954
-2193
-2403
-2410
-2316
-2335
-2388
-2151
-1980
-2112
-2079
-1808
-1600
-1314
-1082
-1248
-1361
-832
-393
-549
-725
-570
-358
-115
74
-47
-95
211
407
462
774
864
625
864
1479
1681
1499
1147
838
1635
3011
2401
590
1110
3103
2936
1639
1769
2085
1698
2013
2305
1136
343
1092
1307
278
-174
32
-188
-583
-722
-1034
-1366
-1364
-1459
-1911
-2104
-1806
-1718
-2008
-2035
-1636
-1506
-1637
-1437
-1224
-1324
-1140
-783
-934
-1073
-661
-404
-651
-807
-607
-425
-355
-352
-410
-278
-21
-126
-219
224
597
432
398
739
972
1222
1493
1226
1231
2382
2823
1487
1086
2639
3187
2036
1713
2191
1916
1762
2138
1471
285
572
1235
612
-319
-464
-581
-789
-1027
-1684
-2171
-1863
-1748
-2318
-2598
-2340
-2316
-2494
-2353
-2105
-2053
-1849
-1421
-1303
-1371
-1036
-524
-475
-600
-294
82
57
11
287
506
447
428
526
643
660
545
514
640
732
577
581
795
745
751
995
764
425
1385
2300
1097
-37
1405
2799
1804
870
1423
1700
1476
1839
1682
584
487
1326
1068
-16
-332
-201
-268
-552
-1177
-1756
-1625
-1482
-1958
-2299
-2128
-2062
-2222
-2212
-2223
-2199
-1819
-1448
-1574
-1703
-1156
-470
-460
-687
-314
194
314
368
451
338
318
650
828
695
660
766
593
605
1042
943
243
259
831
804
491
429
82
13
1165
1563
61
-372
1356
2018
771
502
1379
1339
1106
1620
1410
553
948
1756
1212
220
291
451
113
-235
-477
-858
-948
-854
-1204
-1769
-1864
-1582
-1763
-2226
-2166
-1700
-1685
-1945
-1808
-1502
-1243
-900
-872
-1103
-783
-21
149
-164
-54
304
480
556
652
544
356
485
721
814
665
263
167
631
751
235
120
450
309
296
1053
1053
-184
-158
1528
1936
758
512
1326
1503
1550
1949
1428
647
1282
2028
1259
324
472
653
353
6
-422
-921
-1104
-1131
-1409
-1799
-1975
-1953
-1989
-2117
-1909
-1586
-1728
-2055
-1758
-1035
-711
-853
-972
-736
-151
359
330
21
225
834
1118
949
745
688
702
859
892
671
421
267
227
411
374
-86
-319
-11
-67
-352
222
796
-144
-963
418
1687
660
-320
541
1171
979
1349
1448
549
674
1718
1537
461
308
606
528
331
-91
-707
-655
-326
-725
-1371
-1369
-1253
-1608
-1753
-1616
-1755
-1878
-1576
-1406
-1624
-1563
-1169
-1052
-961
-560
-347
-466
-337
-84
-73
39
328
291
84
277
571
490
449
638
539
371
457
455
242
345
562
379
223
617
1305
1275
386
169
1415
2104
1154
701
1443
1573
1362
1984
2026
1015
1096
2100
1824
761
796
1232
882
355
221
-8
-151
-34
-249
-883
-1072
-807
-1097
-1688
-1626
-1347
-1622
-1893
-1792
-1897
-2017
-1724
-1656
-1986
-1725
-1123
-1188
-1505
-1250
-954
-959
-804
-675
-864
-771
-258
-116
-212
-60
78
-48
-8
297
401
278
243
232
265
866
1636
1244
72
411
2126
2380
1267
1173
1883
2073
2400
2746
1914
1260
2134
2582
1503
736
1091
1109
612
238
-199
-601
-631
-738
-1391
-1836
-1581
-1519
-2190
-2590
-2152
-1926
-2353
-2501
-2110
-1805
-1716
-1594
-1537
-1401
-868
-353
-455
-753
-551
55
339
145
8
172
385
491
741
859
521
218
429
605
525
540
577
446
521
707
708
1030
1351
802
506
1695
2308
1252
1044
2140
2078
1438
2136
2429
1288
1118
2118
1767
496
410
669
56
-442
-456
-992
-1607
-1526
-1486
-2131
-2439
-2200
-2351
-2731
-2626
-2420
-2550
-2359
-1954
-1987
-1824
-1067
-754
-979
-654
65
191
87
411
699
781
966
978
728
871
1245
1091
669
799
1068
872
586
642
771
649
592
656
453
175
675
1612
1334
219
595
2114
2203
1250
1327
1733
1526
1813
2196
1306
562
1289
1669
619
-113
24
-250
-838
-1118
-1408
-1916
-2174
-2299
-2605
-2870
-2958
-3050
-3217
-3254
-3050
-2788
-2658
-2697
-2613
-2212
-1699
-1458
-1487
-1253
-621
-215
-194
-47
339
578
868
1217
1069
784
1075
1526
1346
1057
1178
1291
1300
1417
1346
1168
1232
1381
1414
1484
1355
1386
2228
2482
1346
1106
2521
2673
1426
1635
2554
1995
1640
2306
1804
708
1096
1493
305
-543
-311
-456
-954
-1207
-1653
-2186
-2095
-2016
-2587
-3083
-3021
-2952
-3112
-3216
-3114
-2974
-2772
-2509
-2347
-2138
-1784
-1518
-1490
-1236
-658
-225
-79
59
331
590
878
1082
1004
949
1367
1710
1573
1541
1774
1811
1749
1811
1493
1138
1382
1659
1452
1389
1368
1103
1596
2339
1436
25
808
2223
1570
529
918
1167
874
1332
1498
260
-176
873
1028
-65
-541
-504
-708
-849
-1009
-1665
-2107
-1923
-1921
-2295
-2508
-2568
-2755
-2869
-2738
-2654
-2665
-2581
-2466
-2321
-1875
-1342
-1239
-1234
-790
-252
19
254
537
637
840
1376
1646
1497
1582
1881
1662
1412
1776
1850
1320
1304
1614
1225
864
1187
1158
709
840
904
299
538
1608
1011
-512
95
1633
1027
-128
321
624
154
648
1166
-20
-682
330
601
-477
-831
-569
-857
-1173
-1160
-1403
-1826
-1835
-1797
-2122
-2333
-2120
-2038
-2346
-2387
-1993
-1735
-1812
-1737
-1454
-1164
-804
-559
-540
-375
104
395
436
759
1208
1315
1432
1681
1694
1732
2093
2074
1756
1963
2227
1862
1576
1794
1845
1640
1669
1546
1207
1189
1270
824
434
1020
1417
452
-285
671
1401
480
-187
203
180
38
560
323
-784
-572
424
41
-1012
-1144
-1007
-1193
-1345
-1561
-1991
-1998
-1713
-1843
-2235
-2269
-2094
-2200
-2437
-2239
-1853
-1833
-1879
-1577
-1168
-864
-505
-427
-605
-304
408
664
472
592
929
1244
1603
1638
1398
1433
1803
1734
1465
1490
1398
1216
1375
1592
1265
965
1048
976
728
640
536
78
-157
471
973
-21
-992
-25
993
50
-818
-319
-256
-572
11
169
-995
-1115
-50
-160
-1173
-1209
-910
-1108
-1225
-1288
-1695
-1839
-1461
-1343
-1688
-1685
-1277
-1280
-1579
-1417
-957
-782
-734
-523
-348
-143
306
509
356
628
1152
1244
1178
1504
1783
1823
2055
2121
1858
1901
2167
1981
1774
1963
1911
1538
1430
1423
1204
1097
968
629
526
506
47
-414
-450
-566
-394
65
-593
-1877
-1363
69
-481
-1737
-1408
-881
-1203
-959
-638
-1547
-1930
-841
-434
-1292
-1572
-1239
-1094
-971
-876
-1106
-1182
-898
-849
-1041
-868
-423
-408
-588
-388
-48
3
55
219
202
286
775
1014
698
695
1171
1442
1434
1489
1399
1307
1654
1895
1584
1410
1686
1664
1410
1536
1489
1022
886
916
479
199
319
-138
-829
-582
-342
-996
-1314
-1025
-1415
-1772
-1051
-987
-2343
-2587
-1011
-509
-1526
-1618
-936
-931
-691
77
-184
-868
-200
673
381
-35
214
389
394
618
630
371
426
686
621
366
437
539
311
197
412
428
298
340
198
-56
285
618
128
-263
195
445
15
-28
169
-110
-129
335
155
-433
-206
194
-184
-411
-138
-270
-645
-540
-500
-717
-598
-543
-1049
-1219
-711
-557
-934
-1038
-1123
-1341
-714
77
-704
-1813
-792
703
155
-695
-61
412
266
931
1502
754
544
1649
2075
1384
1293
1768
1839
1638
1560
1435
1353
1458
1334
890
777
953
775
354
204
166
15
-30
-172
-583
-715
-359
-397
-898
-884
-470
-520
-695
-556
-570
-703
-442
-313
-756
-860
-432
-363
-547
-351
-308
-566
-476
-344
-660
-821
-556
-670
-1021
-943
-749
-821
-958
-940
-976
-1041
-619
-26
-310
-991
-431
728
599
-28
294
719
684
1130
1566
994
684
1551
2143
1520
1077
1475
1728
1513
1277
1115
907
822
794
527
163
147
213
-130
-453
-401
-417
-589
-700
-858
-971
-794
-643
-949
-1193
-942
-693
-759
-885
-865
-696
-431
-358
-614
-736
-381
-164
-399
-514
-357
-330
-344
-223
-295
-495
-366
-71
-233
-534
-310
-87
-366
-494
-239
-398
-565
159
547
-423
-721
647
1222
339
275
1005
872
833
1550
1440
575
954
1863
1651
1098
1152
1207
1117
1112
921
473
402
590
353
-36
-76
-34
-308
-624
-682
-744
-871
-839
-999
-1386
-1306
-928
-1054
-1446
-1348
-964
-834
-801
-736
-824
-723
-303
-241
-519
-420
4
140
152
293
279
396
738
636
231
466
858
541
113
180
270
188
358
472
158
-87
246
777
561
-263
-305
606
846
204
100
474
384
522
1158
978
330
708
1428
1064
488
651
853
675
563
594
387
234
375
343
-104
-305
-71
-141
-627
-822
-755
-896
-1052
-1053
-1181
-1285
-1142
-1104
-1260
-1276
-1197
-1245
-1250
-1136
-1070
-947
-759
-710
-763
-638
-352
-270
-407
-360
-133
46
108
59
-2
46
151
112
17
43
230
385
414
346
281
221
370
828
821
158
172
1125
1363
715
653
1055
966
1062
1491
1155
566
920
1454
1167
819
864
835
690
670
523
164
21
68
-123
-456
-553
-613
-921
-1170
-1085
-1090
-1304
-1436
-1527
-1625
-1439
-1182
-1371
-1580
-1312
-973
-921
-886
-734
-687
-585
-318
-182
-225
-102
153
258
333
429
404
494
763
826
716
887
1030
800
755
891
789
723
906
820
620
726
854
936
1133
909
400
673
1243
912
417
646
731
529
700
725
227
210
597
549
144
143
164
-38
-117
-136
-399
-614
-585
-632
-921
-1103
-913
-976
-1336
-1419
-1250
-1312
-1451
-1484
-1557
-1551
-1301
-1153
-1254
-1158
-915
-866
-837
-613
-506
-574
-403
-42
5
-14
238
406
392
639
931
822
720
925
1010
954
1027
995
834
842
1016
1045
889
773
775
758
648
651
793
609
178
175
536
459
55
-47
98
113
167
241
23
-188
-28
194
70
-206
-364
-268
-104
-203
-496
-513
-385
-329
-424
-558
-669
-669
-673
-829
-896
-890
-893
-913
-893
-853
-782
-737
-727
-686
-601
-529
-490
-467
-381
-220
-116
-109
-38
119
233
358
491
556
575
637
795
860
731
657
757
840
718
617
654
605
456
505
603
460
229
322
606
477
155
197
389
342
263
255
80
27
339
405
92
47
247
225
181
164
-9
-33
172
94
-180
-191
-57
-214
-313
-267
-342
-452
-393
-393
-552
-448
-242
-384
-665
-602
-461
-530
-660
-635
-547
-482
-381
-333
-439
-391
-134
-35
-143
-172
-54
-43
14
149
110
-5
228
452
265
141
344
396
189
220
304
143
110
350
375
239
248
276
217
273
319
131
56
239
269
76
102
278
347
355
347
223
165
277
344
150
-41
-56
27
55
12
-137
-229
-139
-40
-150
-340
-388
-383
-430
-465
-503
-634
-697
-660
-660
-726
-725
-672
-685
-653
-481
-377
-398
-417
-339
-262
-210
-161
-178
-189
-62
118
153
181
231
224
264
370
359
246
300
451
462
360
357
439
447
467
492
440
354
426
520
430
262
334
539
529
385
391
478
466
522
583
470
337
415
507
378
220
245
257
155
105
77
-17
-64
-33
-82
-258
-325
-324
-403
-478
-510
-574
-647
-630
-624
-671
-673
-605
-566
-538
-506
-516
-529
-477
-463
-485
-433
-327
-286
-241
-128
-24
47
85
68
19
93
192
156
35
11
85
154
134
78
58
135
221
221
156
133
202
308
303
165
136
241
328
298
228
234
338
477
530
482
438
464
517
507
430
360
412
461
361
237
207
188
121
59
-23
-190
-268
-231
-314
-431
-443
-429
-461
-452
-463
-554
-623
-596
-604
-632
-631
-641
-626
-557
-512
-509
-458
-393
-388
-397
-306
-274
-293
-231
-186
-198
-153
-70
-59
-105
-65
17
51
48
76
116
189
232
244
246
242
322
446
470
395
429
568
621
593
634
653
625
641
658
627
621
672
688
653
622
590
567
486
367
277
241
160
35
-46
-76
-125
-145
-184
-290
-426
-484
-505
-588
-669
-674
-676
-711
-698
-693
-733
-709
-596
-591
-650
-603
-505
-451
-398
-312
-272
-263
-194
-93
-86
-109
-50
61
117
133
138
141
177
250
313
311
339
402
434
479
501
430
444
611
657
512
489
601
615
590
619
597
516
554
596
493
370
412
461
360
208
121
42
6
-18
-127
-251
-247
-264
-400
-488
-497
-547
-618
-651
-723
-817
-778
-694
-791
-898
-804
-671
-662
-658
-594
-565
-544
-466
-467
-565
-522
-364
-316
-338
-282
-171
-55
39
92
86
110
219
278
255
250
323
383
447
512
500
492
588
629
553
500
527
529
523
521
463
395
425
447
357
316
339
318
268
238
169
98
98
121
63
-7
32
61
-7
-82
-118
-167
-189
-186
-216
-280
-291
-253
-241
-280
-285
-245
-266
-301
-280
-281
-326
-339
-305
-285
-238
-166
-164
-160
-106
-51
-57
-68
-39
-9
45
109
131
115
137
187
190
186
219
236
228
261
305
303
279
277
275
258
215
150
91
75
91
109
105
74
31
11
-7
-38
-110
-173
-163
-134
-176
-213
-200
-186
-206
-223
-207
-231
-240
-233
-266
-318
-308
-253
-216
-178
-132
-124
-146
-155
-121
-84
-48
-26
-18
19
51
92
154
213
232
238
287
326
305
295
317
299
282
301
323
312
280
264
227
188
178
181
177
138
126
95
55
22
-13
-52
-78
-84
-102
-150
-159
-126
-108
-103
-118
-174
-226
-230
-240
-254
-277
-271
-263
-278
-290
-277
-257
-242
-240
-258
-296
-336
-356
-333
-275
-240
-222
-190
-185
-219
-243
-221
-209
-215
-201
-139
-109
-67
-11
28
59
93
134
116
89
118
151
189
252
324
380
413
438
448
437
431
440
453
438
422
411
421
420
423
442
458
429
412
412
375
329
332
364
352
294
269
258
218
181
162
116
61
41
20
-47
-117
-158
-201
-229
-275
-326
-381
-418
-444
-457
-482
-470
-453
-483
-533
-535
-521
-561
-587
-558
-564
-590
-590
-576
-574
-544
-491
-466
-450
-435
-405
-383
-348
-306
-258
-210
-137
-42
7
34
72
117
162
213
256
302
344
396
427
433
440
485
537
542
543
564
553
549
562
565
546
535
517
467
431
407
391
369
350
324
300
288
268
235
179
124
105
112
85
17
-41
-82
-126
-151
-164
-205
-265
-300
-311
-357
-395
-394
-386
-406
-427
-405
-416
-463
-491
-484
-493
-518
-498
-465
-465
-435
-372
-309
-286
-258
-200
-173
-168
-143
-103
-71
-14
31
64
103
161
214
251
289
329
313
317
345
342
340
364
403
419
419
448
440
410
409
389
342
306
307
315
299
279
261
217
178
160
142
95
81
67
16
-55
-78
-76
-114
-166
-192
-218
-278
-328
-356
-398
-434
-436
-433
-441
-428
-407
-411
-428
-427
-411
-385
-345
-306
-293
-305
-292
-257
-226
-205
-140
-80
-56
-23
19
25
27
48
71
91
119
172
187
179
232
272
251
251
296
330
342
369
400
388
381
417
436
423
421
437
439
435
444
421
362
352
370
345
314
289
250
195
151
104
32
-37
-59
-101
-174
-213
-246
-293
-336
-349
-358
-390
-419
-430
-459
-485
-490
-501
-529
-529
-495
-480
-482
-461
-438
-451
-458
-422
-390
-408
-415
-389
-380
-370
-326
-282
-270
-238
-158
-69
-12
58
115
146
190
248
283
321
370
423
441
454
485
497
490
487
502
505
519
528
520
495
469
454
445
429
409
381
356
361
356
317
279
251
221
193
181
180
149
121
107
69
17
-24
-60
-99
-145
-197
-226
-243
-253
-249
-255
-276
-296
-326
-351
-369
-379
-397
-423
-439
-442
-426
-424
-424
-409
-388
-356
-325
-321
-318
-305
-294
-269
-234
-208
-172
-128
-98
-71
-36
5
31
45
67
88
116
137
136
110
94
95
96
106
129
150
162
178
205
213
215
222
227
228
236
240
235
236
228
213
216
222
228
240
240
220
184
160
127
94
70
52
39
4
-16
-23
-41
-57
-70
-69
-86
-98
-109
-125
-139
-159
-158
-136
-119
-110
-102
-104
-122
-136
-126
-116
-111
-103
-64
-54
-56
-33
-16
-4
6
26
28
21
15
12
1
-30
-45
-53
-53
-36
-23
-19
-24
-35
-44
-50
-37
-25
-8
-5
2
9
20
48
71
94
110
121
133
135
132
110
100
85
70
61
55
50
30
4
-8
0
6
3
8
2
-19
-39
-48
-42
-68
-66
-32
-1
14
13
5
-13
-24
-24
-25
-33
-44
-40
-45
-51
-50
-45
-28
-9
-13
-28
-30
-15
-10
-17
-9
-1
3
-10
-18
-20
-11
0
15
26
14
22
15
17
13
-1
11
18
24
19
14
12
9
-2
-18
-29
-37
-36
-34
-33
-22
-28
-30
-15
-10
-6
7
20
9
3
1
-13
-32
-49
-40
-17
-13
-19
-27
-33
-46
-60
-63
-61
-61
-54
-36
-31
-28
-30
-28
-12
-6
3
-2
-23
-24
-19
-2
1
19
60
93
114
121
107
88
75
73
64
67
76
101
134
137
133
122
109
103
94
81
66
53
39
24
6
14
23
15
19
36
47
37
13
-2
-22
-44
-52
-54
-58
-56
-32
-25
-43
-56
-61
-71
-81
-69
-71
-99
-109
-101
-84
-79
-69
-46
-48
-57
-43
-36
-45
-43
-38
-48
-58
-49
-33
-21
-21
-13
-10
-12
1
6
5
7
13
16
30
51
59
69
82
92
102
100
103
98
73
56
47
31
19
16
12
12
1
1
5
3
1
-13
-13
-21
-38
-48
-65
-69
-68
-64
-57
-48
-48
-42
-38
-30
-16
-18
-31
-43
-61
-64
-60
-51
-38
-34
-7
6
-2
-13
-23
-28
-20
-4
0
8
19
35
45
35
28
27
15
7
18
16
12
29
49
56
66
68
58
51
42
35
35
37
45
49
45
46
43
35
20
6
-8
-16
-10
-11
-10
-3
-3
2
-2
0
10
17
18
22
17
10
8
8
7
-1
-1
-1
-14
-21
-24
-23
-21
-24
-18
-3
-4
-18
-24
-21
-17
-12
-4
9
13
15
8
1
-3
-1
11
8
2
4
6
4
5
8
5
5
8
2
-14
-25
-35
-44
-40
-26
-5
-2
-9
-5
-15
-28
-36
-46
-43
-34
-24
-10
-6
-2
7
8
1
-6
-4
9
11
7
8
3
-10
-21
-19
-20
-8
10
11
7
6
7
7
2
-2
-3
-17
-29
-35
-44
-46
-43
-37
-28
-19
-10
-12
-20
-19
-14
-28
-33
-19
-5
17
41
46
28
14
18
19
25
31
39
43
44
56
64
57
50
44
34
38
38
23
5
-7
-5
-4
-5
3
18
25
33
37
32
18
8
4
-5
-6
-9
-7
-9
3
14
14
21
23
23
32
39
34
19
9
-2
-24
-39
-48
-45
-44
-49
-47
-44
-45
-47
-47
-46
-43
-38
-32
-28
-35
-31
-22
-14
0
10
16
22
30
32
29
28
29
29
33
38
32
23
19
10
2
-2
-6
-8
-19
-23
-18
-14
-16
-13
-2
1
-3
-11
-10
-10
-15
-12
1
15
23
24
16
6
-7
0
13
12
3
-2
-3
0
4
1
-3
4
8
4
4
2
-3
-7
-5
-6
-8
-6
-7
-9
-3
-2
-10
-8
4
10
5
4
-4
-15
-24
-20
-10
-10
-17
-15
-5
3
0
-6
-1
3
12
16
6
-8
-14
-3
4
-1
-3
4
10
12
13
6
-2
-11
-25
-31
-25
-14
-3
1
6
17
19
19
13
-2
-16
-19
-20
-18
-10
-6
-11
-15
-21
-23
-10
4
21
35
46
49
43
37
38
31
8
-18
-29
-30
-11
15
23
19
21
42
56
46
23
1
-10
-14
-17
-30
-29
-21
-11
0
5
9
0
-7
3
16
15
16
14
9
17
22
27
31
24
8
1
-6
-20
-26
-21
-19
-18
-1
19
25
16
8
8
6
-8
-25
-26
-15
1
18
24
21
11
9
17
17
14
15
22
23
17
4
-5
-12
-15
-15
-24
-27
-26
-38
-59
-62
-61
-63
-59
-62
-64
-66
-54
-36
-37
-42
-36
-28
-19
-9
6
16
18
17
13
7
10
24
26
23
12
4
-1
-4
3
12
19
25
25
33
33
27
23
21
25
22
16
6
5
9
12
14
7
3
5
6
1
-8
-11
-12
-22
-19
-5
8
18
31
39
30
7
1
4
-1
2
6
6
-2
-2
-13
-20
-5
1
8
20
31
23
-1
-18
-27
-23
-27
-31
-30
-25
-20
-14
-2
2
9
16
26
36
35
31
21
7
-1
8
4
-2
9
21
19
9
8
12
-6
-20
-3
10
5
9
11
5
8
27
33
28
21
19
23
26
30
35
36
28
28
29
29
15
-8
-23
-31
-36
-41
-34
-26
-28
-46
-66
-75
-74
-63
-44
-33
-29
-30
-30
-29
-19
0
13
3
-14
-20
-36
-52
-55
-39
-22
-5
8
6
5
0
-4
-5
-14
-28
-36
-30
-26
-13
3
15
19
32
42
43
44
