4
20
20
2
9
8
-12
-10
-10
-31
-29
-13
-41
-54
-40
-62
-74
-48
-53
-62
-33
-36
-63
-19
13
-31
-23
-24
-63
-43
-10
-24
-4
18
-4
16
30
-3
6
25
-13
2
22
-22
-18
8
-16
-10
14
8
28
54
31
6
-11
-36
-30
-19
-15
2
2
1
35
41
17
40
46
19
52
74
37
39
62
31
1
24
19
3
16
-1
-29
-19
-28
-72
-68
-48
-60
-68
-53
-51
-68
-29
-1
-40
-23
1
-17
-12
14
20
10
15
21
36
39
15
15
10
-3
2
-5
-29
-19
-1
-27
-28
-16
-1
19
37
64
71
74
85
79
75
61
44
57
64
69
81
74
63
73
71
46
35
39
25
21
32
23
17
15
12
22
14
2
4
-6
-12
4
37
46
31
22
-3
-48
-55
-53
-83
-88
-67
-95
-111
-79
-61
-51
-52
-61
-81
-98
-79
-67
-96
-96
-60
-78
-74
-26
-40
-48
-18
-43
-73
-50
-57
-71
-34
-18
-40
-35
-24
-21
-19
-11
-4
-23
-23
10
12
8
48
71
62
82
105
78
64
81
58
47
69
51
13
17
15
-21
0
47
29
21
45
35
10
31
58
43
37
73
74
51
85
89
28
7
18
-12
-14
14
2
-28
-31
-56
-88
-63
-55
-80
-75
-73
-90
-59
-6
-26
-33
-6
-26
-32
0
22
31
41
47
26
-1
-30
-29
-20
2
40
24
-16
-22
-35
-35
-12
-29
-18
12
-6
-10
34
23
6
46
58
36
45
52
38
75
103
81
100
114
86
72
72
76
78
94
90
67
55
44
48
50
17
2
3
-41
-58
-35
-43
-58
-24
-49
-82
-55
-71
-69
-40
-46
-83
-88
-107
-97
-49
-32
-35
-41
-50
-85
-94
-71
-75
-84
-67
-59
-73
-53
-35
-36
-17
-2
-3
-8
-4
-6
-6
13
18
-17
-22
35
35
5
52
58
-7
23
60
34
81
92
24
21
48
16
18
34
-6
-23
-32
-28
-35
-39
-5
19
27
38
63
35
22
58
58
63
91
72
58
98
95
56
42
-3
-59
-75
-55
-39
-37
-28
-52
-110
-127
-100
-113
-124
-60
-50
-112
-109
-84
-84
-26
30
16
11
43
29
-7
19
-10
-53
-57
-79
-120
-118
-115
-132
-85
-25
-12
-11
25
37
50
100
124
147
213
243
213
264
303
234
219
237
183
166
172
91
86
111
45
18
37
-23
-62
4
-21
-50
12
24
-16
7
76
93
129
183
202
166
125
118
95
55
51
64
27
35
50
-19
-99
-173
-259
-288
-318
-366
-361
-350
-373
-398
-409
-394
-346
-307
-248
-201
-198
-174
-100
-79
-64
-4
-57
-71
52
34
-11
90
118
61
129
150
85
146
201
142
168
184
83
33
-19
-99
-185
-239
-304
-375
-377
-334
-278
-186
-33
106
229
368
444
474
574
663
708
707
613
497
349
128
-68
-248
-419
-525
-518
-489
-551
-497
-374
-233
-99
-40
141
289
349
442
488
471
448
446
379
240
114
14
-92
-199
-335
-492
-625
-671
-686
-843
-906
-858
-900
-896
-816
-757
-639
-343
-61
142
328
427
573
693
609
544
495
303
188
110
-123
-314
-365
-470
-501
-373
-336
-128
238
523
885
1203
1477
1806
2020
2043
2099
2127
2018
1982
1768
1398
1204
940
516
205
-76
-433
-673
-810
-1056
-1258
-1327
-1359
-1386
-1526
-1594
-1580
-1698
-1626
-1385
-1311
-1084
-742
-574
-447
-150
98
311
654
781
803
876
870
806
595
298
10
-445
-936
-1283
-1724
-2171
-2370
-2519
-2724
-2758
-2621
-2366
-1823
-1330
-915
-216
438
941
1531
2057
2430
2795
3047
3141
3164
3094
2930
2738
2445
1993
1584
1191
802
455
61
-209
-415
-701
-939
-1208
-1399
-1442
-1576
-1666
-1535
-1466
-1492
-1215
-941
-1012
-787
-470
-380
-68
222
320
532
763
740
668
651
563
358
106
-177
-240
-295
-532
-446
-349
-325
-148
173
560
729
974
1359
1506
1581
1567
1474
1236
1016
819
434
116
-164
-502
-721
-986
-1331
-1509
-1610
-1598
-1746
-1763
-1702
-1582
-1386
-1380
-1185
-961
-784
-473
-196
183
613
908
1396
1830
2039
2194
2372
2469
2261
2088
1752
1168
837
267
-375
-857
-1324
-1627
-1975
-2157
-1943
-1754
-1538
-1107
-550
-37
465
986
1341
1782
2141
2327
2618
2543
2348
2453
2237
1752
1366
1005
451
-20
-462
-1092
-1434
-1668
-2084
-2372
-2574
-2795
-2902
-2856
-2748
-2664
-2298
-1910
-1636
-1288
-930
-597
-319
-100
-111
-191
-87
-161
-507
-650
-704
-906
-1112
-1051
-945
-948
-545
133
669
1215
1845
2521
3073
3439
3657
3744
3816
3621
3303
2945
2373
1882
1469
947
298
-263
-749
-1247
-1589
-1863
-2278
-2434
-2398
-2539
-2655
-2664
-2432
-2180
-2046
-1881
-1486
-929
-599
-215
234
474
698
866
813
695
467
198
-65
-423
-865
-1166
-1231
-1252
-1123
-903
-706
-143
652
1251
1783
2413
3115
3620
3831
3898
3717
3405
3134
2695
2002
1280
733
256
-281
-777
-1250
-1661
-1817
-1806
-1902
-2032
-1951
-1793
-1764
-1654
-1529
-1505
-1372
-1090
-782
-623
-422
-123
112
322
333
217
101
-101
-412
-756
-961
-1163
-1432
-1437
-1078
-821
-740
-286
703
1514
1872
2505
3326
3993
4310
4471
4732
4556
4124
3795
3215
2250
1347
677
-198
-1212
-2117
-3030
-3775
-4288
-4833
-5309
-5493
-5275
-4995
-4751
-4173
-3483
-2791
-2015
-1156
-357
290
1002
1524
1742
1801
1538
1300
1038
484
-25
-459
-814
-1198
-1418
-1202
-933
-720
-344
609
1899
2525
3085
3980
4629
4884
4864
4946
4605
3989
3556
2938
2113
1194
474
-70
-648
-1235
-1889
-2278
-2429
-2801
-3164
-3416
-3477
-3542
-3799
-3690
-3455
-3347
-2975
-2479
-2018
-1568
-1017
-302
238
506
574
855
1133
872
376
-95
-485
-850
-1020
-1025
-1194
-1233
-464
680
1137
1556
2739
3918
4559
4781
5068
5103
4798
4447
3716
2666
1725
1065
208
-797
-1440
-1891
-2266
-2256
-2337
-2605
-2782
-2500
-2160
-2378
-2521
-2277
-1793
-1489
-1421
-1184
-771
-230
72
104
335
528
574
542
231
-127
-315
-175
-41
-261
-149
178
1037
1965
2122
2364
2969
3755
3915
3717
3655
3395
3251
2716
1881
1134
217
-238
-629
-1376
-2111
-2694
-2875
-3228
-3745
-4251
-4452
-4052
-4032
-4159
-3857
-3335
-2516
-1975
-1495
-858
-387
434
965
1014
833
825
1039
701
333
-154
-695
-424
-96
-68
-140
218
1663
2586
2935
3442
4169
4850
4955
5005
4583
3817
3402
2815
1899
641
-359
-708
-1429
-2222
-2880
-3406
-3621
-3735
-3801
-4159
-4210
-3973
-4057
-4116
-4090
-3672
-2872
-2313
-1719
-1131
-360
443
851
1031
942
1138
1294
906
539
130
201
684
666
714
1263
2343
3097
3566
4197
4534
4984
5153
4977
4465
3519
2967
2448
1558
435
-394
-740
-1264
-1826
-2311
-2653
-2688
-2940
-3294
-3669
-3931
-3803
-3810
-3792
-3714
-3331
-2596
-2013
-1432
-1033
-521
271
821
1055
874
745
965
889
555
202
497
1188
1296
1591
2227
3194
3821
4128
4794
5070
5200
5322
5197
4501
3443
2800
2121
972
-229
-1240
-1816
-2384
-2839
-3390
-4145
-4255
-4091
-4126
-4484
-4737
-4582
-4338
-4035
-3923
-3767
-3088
-2519
-2022
-1589
-1117
-597
-194
249
273
288
413
381
345
227
611
1115
1209
1674
2625
3687
4076
4499
5299
5510
5558
5642
5469
4637
3641
3073
2191
1032
-66
-1159
-1957
-2615
-3150
-3670
-4103
-4109
-4158
-4199
-4183
-4060
-3843
-3822
-3582
-3184
-2806
-2326
-1904
-1391
-890
-441
20
145
210
257
365
348
60
-175
-90
418
588
480
1142
2384
3075
3257
3897
4751
5018
5077
5351
5251
4541
4025
3720
2857
1633
693
16
-781
-1735
-2637
-3258
-3639
-4121
-4630
-4888
-4966
-4878
-4767
-4534
-4099
-3709
-3120
-2464
-1735
-1110
-607
87
383
523
696
761
784
562
236
68
480
1060
1283
1749
2801
3876
4302
4648
5432
5806
5613
5485
5455
4599
3375
2741
2074
980
-128
-840
-1273
-1775
-2294
-2524
-2555
-2648
-2805
-2783
-2928
-3231
-3491
-3754
-3773
-3841
-3934
-3694
-3133
-2579
-2090
-1310
-621
-180
163
322
572
572
310
191
432
772
610
608
1395
2378
2841
3143
4065
4844
4908
4979
5230
4950
3939
3193
2820
1788
354
-681
-1265
-2046
-3040
-3648
-4092
-4207
-4342
-4643
-4513
-4224
-4008
-3812
-3403
-3066
-2858
-2419
-1962
-1603
-1392
-1137
-772
-620
-768
-826
-662
-593
-746
-712
19
805
1091
1559
2954
4625
5168
5540
6543
7226
6989
6283
6125
5468
3999
2772
1820
695
-744
-1649
-2084
-2763
-3366
-3619
-3682
-3695
-3867
-3921
-3851
-3802
-3735
-3697
-3436
-3155
-2924
-2512
-2040
-1384
-939
-612
-75
233
281
382
583
457
27
73
606
837
618
789
2115
3307
3476
3842
4943
5746
5593
5488
5568
4992
4141
3526
2819
1508
216
-424
-1084
-2064
-3010
-3527
-3799
-4160
-4518
-4621
-4586
-4564
-4412
-4162
-3784
-3402
-2820
-2178
-1628
-1083
-690
-299
-58
-140
-373
-316
-231
-545
-942
-581
464
1019
1262
2224
3948
5008
5165
5850
6738
6804
6197
5768
5259
3972
2786
1943
797
-611
-1550
-1767
-2152
-2835
-3048
-2716
-2454
-2663
-2805
-2660
-2664
-2745
-2915
-2925
-2796
-2757
-2490
-2155
-1852
-1693
-1426
-974
-844
-909
-995
-857
-834
-1190
-1239
-661
-17
53
394
1765
3143
3546
3851
4791
5459
5225
4910
4898
4227
3096
2319
1726
649
-692
-1319
-1711
-2561
-3361
-3569
-3491
-3858
-4331
-4386
-4236
-4105
-4007
-3568
-2862
-2252
-1582
-802
-84
298
544
931
998
541
-100
-564
-931
-1638
-2260
-2017
-1364
-1050
-657
770
2604
3488
4100
5276
6430
6696
6290
6175
5674
4468
3387
2542
1434
-80
-968
-1160
-1699
-2485
-2878
-2626
-2495
-2881
-2926
-2727
-2611
-2746
-2860
-2491
-2247
-2126
-1728
-1057
-439
-141
270
702
845
765
791
944
580
-3
190
704
734
732
1466
2676
3182
3272
3872
4643
4631
4071
3986
3688
2714
1782
1149
292
-916
-1748
-2200
-2863
-3658
-4092
-3972
-3954
-4260
-4291
-4010
-3701
-3669
-3465
-2780
-2161
-1705
-1238
-488
185
463
960
1418
1473
1172
967
983
403
-192
71
537
517
451
1508
2905
3263
3530
4392
5271
5085
4415
4234
3564
2321
996
-60
-1183
-2523
-3255
-3746
-4346
-4828
-4859
-4369
-4237
-4214
-3804
-3403
-2989
-2874
-2560
-1934
-1533
-1147
-728
26
551
815
1372
1722
1800
1621
1644
1758
1296
1093
1360
1560
1400
1546
2668
3358
3276
3568
4441
4935
4346
3805
3540
2783
1656
514
-363
-1551
-2730
-3195
-3606
-4057
-4461
-4392
-4051
-4081
-4018
-3854
-3439
-3131
-3107
-2685
-2189
-1674
-1175
-679
60
459
857
1284
1500
1611
1507
1610
1374
996
1230
1587
1746
1695
2427
3732
4184
4324
4761
5464
5515
4767
4349
3803
2820
1484
306
-619
-1900
-2895
-3576
-4159
-4578
-4883
-4788
-4750
-4716
-4435
-4065
-3442
-3087
-2803
-2210
-1560
-957
-466
257
877
1167
1513
1741
1753
1501
1304
1180
722
522
727
980
1120
1402
2374
3270
3697
4114
4740
5243
4910
4436
3999
3268
2413
1262
222
-876
-1892
-2638
-3467
-3949
-4320
-4570
-4683
-4736
-4595
-4643
-4421
-4035
-3739
-3319
-2771
-1981
-1350
-757
119
916
1560
1851
2103
2305
2116
1906
1451
1026
947
835
686
642
1283
2127
2313
2510
3101
3756
3679
3154
2994
2527
1731
834
-59
-1098
-2190
-2779
-3464
-4225
-4658
-4734
-4677
-4781
-4632
-4357
-4217
-3892
-3471
-2987
-2555
-1938
-1008
-314
385
1072
1732
2302
2574
2746
2700
2733
2546
2088
2153
2463
2472
2260
2684
3755
4221
4126
4319
4910
4925
4147
3572
2933
1883
760
-247
-1264
-2455
-3239
-3766
-4406
-4798
-4857
-4499
-4368
-4295
-3851
-3455
-2953
-2595
-2231
-1806
-1257
-451
103
655
1240
1813
2349
2650
2798
2632
2501
2406
1864
1636
2012
2094
1647
1632
2613
3316
3327
3379
3931
4452
3944
3315
2852
1907
742
-402
-1469
-2762
-3843
-4516
-5250
-5799
-6176
-6203
-6051
-5892
-5528
-5233
-4688
-3906
-3250
-2678
-2054
-944
40
706
1453
2006
2634
2994
3044
3033
2929
2926
2368
1801
2006
2214
1907
1608
2379
3406
3542
3691
4253
4828
4600
3935
3630
2747
1589
521
-684
-2074
-3294
-3973
-4834
-5613
-5988
-6122
-6115
-6186
-5877
-5441
-5204
-4612
-3892
-3315
-2731
-1725
-521
364
1285
2105
2870
3556
4039
4296
4049
3938
3854
3286
3005
2957
2583
2208
2527
3321
3345
3096
3416
3827
3701
2949
2568
2041
1018
103
-819
-1824
-2981
-3543
-4138
-5097
-5524
-5643
-5680
-5965
-5985
-5654
-5603
-5205
-4618
-4073
-3637
-2938
-1592
-675
119
1097
1988
2890
3520
4019
4113
4183
4396
4092
4177
4444
4275
4000
4232
5163
5270
4898
4978
5220
5007
4028
3416
2704
1295
13
-1136
-2375
-3734
-4614
-5142
-5963
-6423
-6392
-6206
-6190
-6133
-5593
-5121
-4656
-4142
-3726
-3182
-2455
-1515
-813
-203
571
1363
2127
2532
2905
3180
3371
3500
3168
3222
3794
4001
3770
4145
5363
5719
5270
5376
5748
5496
4453
3638
2766
1324
-23
-1171
-2327
-3787
-4757
-5178
-5683
-6012
-6228
-5958
-5630
-5620
-5263
-4847
-4401
-4012
-3552
-3041
-2608
-1671
-951
-381
340
862
1534
2056
2465
2569
2559
2837
2659
2549
2833
3019
3031
3250
4258
4865
4737
5021
5592
5685
4844
4037
3315
2064
699
-782
-2243
-3681
-4861
-5727
-6530
-7000
-7136
-6945
-6660
-6354
-5843
-5362
-4795
-4052
-3484
-3081
-2507
-1565
-819
-252
513
1285
2068
2507
2925
3210
3225
3257
3213
3353
3459
3440
3383
3730
4698
5049
4838
5123
5717
5754
5020
4440
3653
2279
924
-364
-1700
-3175
-4290
-5009
-5721
-6203
-6346
-5995
-5597
-5269
-4689
-4201
-3677
-3165
-2659
-2253
-1878
-1127
-500
95
797
1397
2010
2580
3158
3436
3485
3668
3890
4159
4320
4307
4337
4767
5575
5696
5295
5351
5641
5329
4188
3319
2415
1068
-348
-1889
-3399
-4832
-5789
-6574
-7485
-8106
-8136
-7703
-7310
-6925
-6417
-5829
-4999
-4193
-3641
-3082
-2324
-1461
-699
0
700
1410
1990
2466
2998
3240
3307
3427
3665
4132
4290
4191
4394
5090
5723
5759
5730
6059
6316
5809
4823
4112
3081
1625
221
-1294
-3012
-4584
-5608
-6447
-7197
-7636
-7645
-7326
-7003
-6556
-5884
-5043
-4263
-3617
-2891
-2236
-1563
-819
-107
476
859
1364
1927
2390
2632
2693
2717
2561
2685
3218
3309
3216
3632
4552
5255
5349
5577
6103
6366
5798
5006
4253
3104
1744
259
-1308
-3017
-4416
-5443
-6630
-7611
-8066
-8105
-7956
-7726
-7147
-6472
-5738
-4810
-3921
-3124
-2398
-1434
-499
206
880
1506
2187
2667
3048
3414
3654
3709
3623
4136
4781
4774
4751
5412
6414
6594
6327
6545
6892
6756
5922
5216
4378
2990
1597
180
-1453
-3339
-4778
-5721
-6824
-7878
-8439
-8238
-8051
-8048
-7511
-6723
-5833
-5007
-4116
-3112
-2273
-1348
-493
292
902
1333
1977
2399
2559
2766
2883
2898
3060
3651
4003
3921
4375
5501
6295
6267
6362
6907
7006
6368
5451
4596
3487
2138
702
-949
-2782
-4542
-5808
-6734
-7685
-8490
-8703
-8510
-8380
-8244
-7599
-6531
-5649
-4934
-4069
-3033
-2055
-1193
-263
581
1199
1792
2335
2753
2926
3035
3063
3059
3469
3903
3905
3976
4739
5752
6050
6104
6586
7098
7060
6421
5845
4935
3659
2308
640
-1178
-2981
-4406
-5712
-7034
-7967
-8572
-8697
-8611
-8496
-8038
-7350
-6422
-5602
-4819
-3899
-3001
-1986
-1121
-266
571
1240
1905
2353
2699
3007
3206
3305
3472
3962
4213
4163
4549
5449
6030
5832
5974
6657
6817
6309
5625
5075
4222
3060
1737
185
-1319
-2762
-4054
-5216
-6361
-7204
-7652
-7790
-7845
-7841
-7374
-6636
-5891
-5267
-4497
-3418
-2451
-1633
-868
22
876
1583
2245
2756
3212
3609
3877
4172
4643
4973
4968
5220
6044
6602
6377
6255
6663
6894
6393
5627
4999
4088
2970
1884
508
-1201
-2589
-3712
-5008
-6237
-7222
-7873
-8290
-8513
-8558
-8401
-7996
-7490
-6853
-6082
-5202
-4175
-3198
-2382
-1496
-523
282
919
1506
2049
2681
3218
3525
4181
5023
5284
5427
6293
7306
7331
6915
7188
7657
7253
6372
5668
4777
3559
2304
989
-650
-2240
-3418
-4578
-5857
-6868
-7409
-7678
-7961
-8099
-7848
-7432
-6893
-6277
-5551
-4756
-3955
-3037
-2211
-1501
-756
58
704
1175
1668
2114
2462
2681
3207
4021
4399
4523
5083
6178
6660
6370
6534
7105
7058
6201
5428
4839
3947
2828
1607
233
-1136
-2282
-3428
-4757
-5792
-6303
-6666
-7040
-7364
-7413
-7076
-6593
-6263
-5834
-5097
-4291
-3411
-2630
-1967
-1146
-469
76
747
1321
1718
2131
2535
2963
3738
4305
4449
5115
6214
6682
6570
6796
7285
7325
6704
5930
5335
4582
3562
2411
1036
-360
-1348
-2250
-3599
-4863
-5469
-5861
-6433
-6882
-7008
-6883
-6494
-6075
-5679
-5057
-4275
-3459
-2660
-1877
-1098
-297
392
850
1269
1734
2036
2045
2431
3390
3920
3908
4367
5558
6438
6324
6244
6967
7284
6434
5699
5277
4205
3077
2081
614
-944
-2059
-2906
-3981
-5304
-6323
-6681
-6950
-7638
-7891
-7596
-7370
-7038
-6580
-5972
-5156
-4247
-3507
-2707
-1782
-1162
-544
186
674
1082
1512
1724
1990
2771
3439
3505
3925
5085
6160
6388
6379
6998
7629
7231
6437
6108
5298
4048
3155
1978
335
-913
-1784
-2843
-4031
-4971
-5471
-5761
-6290
-6770
-6690
-6368
-6195
-6047
-5529
-4784
-3979
-3056
-2351
-1672
-677
159
663
1106
1405
1638
1897
1923
2233
2937
3148
3120
4008
5202
5308
5203
5923
6698
6472
5779
5492
4958
3991
3069
2087
799
-549
-1538
-2410
-3485
-4489
-5097
-5421
-5962
-6457
-6548
-6405
-6114
-5965
-5631
-4878
-4142
-3397
-2628
-1921
-1093
-148
550
967
1429
1840
2096
2276
2641
3309
3572
3555
4217
5312
5684
5533
5978
6679
6662
5970
5456
5055
4059
2834
1844
635
-788
-1748
-2455
-3641
-4717
-5087
-5364
-5990
-6491
-6495
-6268
-6012
-5983
-5729
-5013
-4384
-3758
-2881
-2090
-1317
-353
386
885
1346
1722
2047
2197
2378
2991
3373
3200
3472
4501
5022
4777
4916
5609
6003
5544
5052
4905
4280
3302
2455
1362
-99
-1128
-1651
-2633
-3835
-4474
-4794
-5245
-5771
-6006
-5966
-5800
-5712
-5734
-5382
-4721
-4208
-3752
-3146
-2352
-1577
-839
-245
167
747
1344
1648
1769
2362
3085
3233
3513
4475
5293
5254
5197
5793
6151
5688
5170
4888
4308
3435
2513
1563
503
-558
-1432
-2224
-3171
-4049
-4517
-4881
-5357
-5615
-5483
-5210
-4968
-4758
-4385
-3798
-3186
-2555
-1967
-1359
-655
60
687
1079
1361
1677
1811
1803
2090
2550
2634
2669
3396
4308
4479
4467
4959
5487
5296
4718
4562
4263
3463
2574
1765
819
-240
-1104
-1996
-3063
-3923
-4424
-4750
-5231
-5652
-5710
-5613
-5439
-5326
-5112
-4735
-4082
-3293
-2723
-2061
-1075
-171
345
898
1582
1937
2132
2295
2465
2996
3271
3167
3440
4339
4846
4595
4843
5353
5414
5025
4616
4317
3649
2826
1910
855
-60
-874
-1606
-2457
-3284
-3799
-4109
-4365
-4815
-5045
-4960
-4951
-4971
-4865
-4626
-4303
-3733
-3058
-2550
-1846
-975
-353
20
484
1043
1177
1192
1276
1537
1949
2052
2256
2923
3673
3861
3884
4389
4894
4896
4546
4289
3895
3131
2313
1408
310
-694
-1546
-2358
-3093
-3733
-4103
-4277
-4523
-4800
-4874
-4759
-4723
-4756
-4564
-4081
-3457
-2957
-2350
-1476
-629
142
727
1223
1671
2040
2246
2221
2392
2880
3074
3040
3293
3978
4496
4443
4578
5032
5373
5166
4699
4308
3654
2969
2093
767
-448
-1324
-2080
-2881
-3667
-4290
-4543
-4343
-4434
-4661
-4525
-4254
-4140
-4251
-4038
-3633
-3332
-3068
-2525
-1639
-881
-361
151
780
1263
1356
1458
1547
1486
1687
1808
1910
2407
3081
3444
3691
4170
4617
4940
4748
4228
3766
3104
2358
1456
275
-823
-1711
-2470
-3325
-4103
-4522
-4527
-4386
-4515
-4382
-3941
-3509
-3241
-3146
-2790
-2196
-1746
-1458
-805
60
529
986
1749
2312
2473
2458
2460
2426
2481
2478
2299
2399
2905
3657
4050
4124
4411
4788
4951
4564
4004
3567
2910
1962
820
-280
-1352
-2333
-3053
-3853
-4517
-4749
-4752
-4893
-5144
-4979
-4744
-4641
-4559
-4391
-4080
-3713
-3308
-2919
-2263
-1599
-1104
-409
278
772
991
1010
1131
1194
1437
1674
1637
1795
2452
3335
3704
3965
4509
5023
5054
4570
4145
3683
2943
1944
718
-404
-1499
-2507
-3238
-4058
-4637
-4649
-4317
-4290
-4329
-3799
-3275
-2917
-2766
-2583
-2089
-1675
-1320
-920
-341
292
828
1456
1943
2285
2482
2449
2292
2165
2294
2218
2032
2297
2945
3595
3832
4145
4742
5255
5209
4628
4180
3646
2855
1819
567
-592
-1720
-2686
-3482
-4321
-4851
-4930
-4890
-5064
-4965
-4378
-3960
-3625
-3348
-3028
-2518
-2056
-1648
-1310
-888
-440
102
568
831
1227
1450
1474
1409
1324
1586
1615
1408
1737
2615
3268
3348
3822
4490
4758
4705
4263
3782
3151
2288
1218
-86
-1105
-2034
-2969
-3709
-4370
-4673
-4683
-4618
-4688
-4626
-4166
-3712
-3195
-2871
-2652
-2095
-1458
-890
-380
85
510
1097
1651
1836
1968
1967
1691
1490
1500
1596
1364
1277
1750
2467
3079
3383
3909
4519
4794
4593
4037
3415
2532
1423
301
-905
-2023
-3074
-4020
-4713
-5218
-5341
-5329
-5250
-5072
-4792
-4287
-3752
-3287
-3047
-2769
-2208
-1626
-1206
-699
-13
526
1044
1655
2081
2317
2467
2417
2370
2599
2807
2654
2665
3133
3815
4240
4363
4863
5526
5711
5353
4804
4167
3318
2134
653
-702
-1854
-3125
-4154
-4763
-5340
-5713
-5648
-5366
-5174
-4867
-4401
-3823
-3350
-3134
-2754
-2250
-1813
-1345
-806
-302
217
726
1212
1679
2008
2081
2088
2129
2286
2565
2539
2471
2854
3508
3857
3942
4254
4668
4709
4279
3803
3255
2348
1289
199
-991
-2091
-3082
-3971
-4562
-4950
-5186
-5091
-4775
-4639
-4287
-3565
-3084
-2772
-2409
-1932
-1424
-988
-629
-251
267
734
1005
1297
1582
1730
1756
1739
1803
2039
2308
2310
2394
2929
3612
3951
4088
4412
4825
4971
4582
3901
3230
2398
1231
-45
-1368
-2746
-3756
-4314
-4965
-5729
-5843
-5510
-5314
-5168
-4863
-4425
-3911
-3465
-3330
-3068
-2569
-2197
-1792
-1222
-547
111
720
1247
1764
2301
2434
2311
2386
2647
2904
2897
2838
3112
3776
4241
4332
4599
4975
5075
4786
4197
3351
2328
1268
37
-1394
-2709
-3737
-4531
-5284
-5804
-5770
-5520
-5328
-5033
-4537
-3990
-3445
-2953
-2680
-2308
-1755
-1326
-953
-521
99
766
1335
1892
2436
2870
3000
2973
2937
3034
3155
2905
2832
3308
3888
4167
4167
4393
4856
5017
4631
4117
3542
2667
1686
420
-1133
-2358
-3323
-4324
-5091
-5522
-5658
-5421
-5036
-4623
-4130
-3676
-3198
-2748
-2480
-2321
-2031
-1672
-1287
-886
-370
292
707
1070
1576
1941
2043
2062
2082
2025
2056
2070
2056
2489
3208
3611
3666
4038
4724
4951
4594
4131
3635
2857
1845
541
-914
-2134
-3180
-4263
-5104
-5554
-5807
-5768
-5436
-5092
-4748
-4273
-3849
-3504
-3212
-2909
-2438
-1962
-1624
-1234
-487
253
833
1477
1955
2337
2524
2464
2404
2408
2550
2492
2420
2770
3423
3983
4069
4302
4945
5259
4916
4279
3701
2833
1723
495
-1083
-2530
-3583
-4513
-5409
-6048
-6149
-5931
-5539
-5066
-4558
-3885
-3289
-2815
-2490
-2206
-1742
-1265
-926
-599
-26
663
1277
1819
2222
2596
2903
2890
2634
2420
2443
2375
2106
2223
2869
3498
3718
4012
4748
5304
5194
4662
4117
3488
2506
1272
-217
-1660
-2787
-3717
-4629
-5488
-5686
-5466
-5296
-5011
-4613
-4106
-3635
-3251
-2957
-2815
-2526
-2131
-1727
-1384
-1032
-396
200
726
1300
1751
2043
2123
2055
1943
1971
2020
1815
1935
2667
3391
3684
3983
4663
5223
5246
4837
4227
3414
2360
1240
-102
-1626
-2764
-3619
-4453
-5189
-5508
-5395
-5153
-4785
-4424
-3964
-3310
-2763
-2300
-1935
-1564
-974
-356
111
572
1257
1802
2136
2574
2904
2948
2780
2393
2003
1975
2003
1665
1549
2102
2827
3240
3430
3884
4522
4681
4282
3624
2924
2128
1026
-361
-1810
-3042
-4031
-4897
-5755
-6387
-6353
-6067
-5841
-5553
-5207
-4626
-3924
-3479
-3299
-3007
-2464
-1924
-1518
-1066
-384
435
1064
1527
2002
2375
2466
2233
1870
1775
1867
1831
1728
2115
3024
3735
4077
4558
5253
5632
5559
5169
4546
3700
2657
1324
-168
-1615
-2861
-3906
-4862
-5616
-5956
-5815
-5558
-5286
-4943
-4471
-3825
-3234
-2849
-2400
-1710
-1046
-521
18
746
1551
2292
2869
3295
3568
3648
3424
2948
2574
2493
2379
2083
2230
2906
3515
3724
4020
4609
4961
4842
4408
3854
3120
2200
963
-568
-1967
-3153
-4294
-5432
-6322
-6643
-6402
-6085
-5894
-5507
-4878
-4145
-3541
-3362
-3132
-2394
-1648
-1205
-859
-228
724
1467
1855
2236
2784
3065
2838
2309
1870
1928
2025
1713
1531
2052
2859
3320
3618
4150
4727
4993
4665
4055
3462
2735
1649
180
-1280
-2480
-3443
-4367
-5288
-5794
-5740
-5527
-5245
-4926
-4560
-4008
-3399
-3099
-2964
-2584
-2004
-1498
-1233
-784
15
700
1172
1652
2027
2182
2268
2149
1903
1978
2143
2048
2049
2569
3364
3918
4304
4836
5431
5714
5453
4814
4014
3066
1819
233
-1339
-2723
-3917
-4888
-5696
-6250
-6325
-5993
-5620
-5270
-4751
-4022
-3174
-2575
-2305
-1917
-1292
-706
-438
-104
609
1331
1802
2077
2378
2572
2554
2227
1700
1452
1528
1450
1124
1401
2456
3258
3582
4074
4832
5388
5370
4836
4114
3324
2293
955
-549
-2081
-3366
-4324
-5249
-6132
-6465
-6208
-5864
-5588
-5192
-4512
-3573
-2800
-2462
-2161
-1665
-1153
-863
-600
-12
750
1413
1898
2236
2511
2674
2577
2202
1957
2192
2288
2028
2250
3147
3932
4243
4640
5319
5816
5658
4952
4239
3423
2245
806
-711
-2181
-3452
-4439
-5372
-6219
-6467
-6118
-5728
-5419
-4974
-4341
-3537
-2753
-2361
-2122
-1478
-744
-459
-308
126
763
1331
1821
2155
2391
2659
2581
2102
1807
2011
2050
1680
1777
2546
3236
3486
3796
4541
5219
5231
4705
4145
3403
2193
697
-909
-2436
-3787
-4933
-5847
-6634
-7020
-6848
-6503
-6156
-5627
-4849
-4074
-3390
-2919
-2592
-1992
-1334
-979
-686
13
829
1251
1648
2107
2397
2561
2551
2221
1949
2193
2294
1848
1803
2585
3433
3754
3973
4692
5531
5785
5253
4553
3897
2933
1603
-7
-1610
-3061
-4270
-5199
-6071
-6623
-6505
-5895
-5377
-5000
-4299
-3455
-2680
-2199
-1962
-1465
-678
-279
-197
395
1218
1773
2161
2502
2777
2972
2938
2501
2096
2312
2424
1922
1793
2456
3230
3549
3756
4322
5024
5306
4888
4200
3519
2507
1115
-417
-1962
-3448
-4693
-5679
-6577
-7067
-7011
-6637
-6153
-5630
-4901
-4001
-3157
-2601
-2257
-1627
-855
-431
-225
305
1207
1762
2117
2528
2798
2937
2855
2554
2165
2154
2311
1929
1806
2534
3314
3705
4073
4825
5455
5578
5267
4741
4157
3152
1762
153
-1495
-3024
-4425
-5470
-6306
-6912
-7018
-6673
-6178
-5744
-5132
-4281
-3479
-2789
-2435
-2053
-1248
-680
-518
-154
569
1093
1438
1783
1979
2152
2249
1973
1553
1432
1596
1487
1345
1945
2807
3294
3614
4332
4967
5059
4831
4319
3645
2747
1517
31
-1457
-2758
-3929
-4878
-5666
-6271
-6293
-5940
-5500
-4982
-4360
-3541
-2745
-2057
-1612
-1269
-629
-144
-37
140
626
1067
1222
1437
1665
1767
1796
1573
1325
1476
1815
1753
1668
2362
3256
3725
4021
4582
5349
5703
5443
4843
4183
3283
1983
518
-929
-2256
-3474
-4558
-5483
-6114
-6270
-6069
-5714
-5264
-4769
-4148
-3296
-2519
-2094
-1763
-1087
-419
-165
70
562
1026
1293
1580
1894
2073
2128
2070
1961
2061
2384
2343
2238
2848
3634
4050
4306
4742
5251
5459
5212
4590
3861
2958
1677
233
-1170
-2520
-3782
-4837
-5667
-6246
-6382
-6157
-5769
-5240
-4609
-3859
-2974
-2160
-1667
-1305
-677
-112
14
134
519
897
1039
1143
1240
1264
1288
1163
955
954
1194
1313
1223
1652
2533
3084
3364
3846
4447
4675
4496
4072
3478
2668
1520
119
-1342
-2751
-3987
-4906
-5614
-6220
-6469
-6220
-5704
-5140
-4498
-3686
-2840
-2087
-1578
-1314
-845
-235
-18
-29
245
622
752
860
1013
1152
1335
1364
1232
1314
1729
2061
2140
2616
3539
4220
4533
5032
5742
6013
5894
5527
4799
3866
2670
1130
-559
-2074
-3410
-4605
-5554
-6308
-6616
-6441
-6071
-5560
-4943
-4165
-3213
-2293
-1641
-1280
-723
-27
241
239
442
858
993
946
1007
1094
1176
1158
969
932
1372
1799
1875
2298
3255
3981
4246
4693
5372
5698
5638
5266
4634
3813
2757
1411
-112
-1490
-2742
-3869
-4804
-5591
-6057
-6094
-5773
-5329
-4915
-4318
-3532
-2702
-2103
-1861
-1424
-695
-255
-232
-9
475
685
769
842
944
1051
1076
963
916
1394
1861
1825
2088
3041
3891
4205
4584
5282
5598
5445
5008
4329
3466
2359
968
-570
-1951
-3239
-4430
-5325
-6028
-6467
-6442
-6015
-5400
-4790
-4182
-3433
-2540
-1888
-1690
-1420
-762
-332
-425
-490
-87
308
413
478
596
850
1011
841
570
906
1454
1450
1529
2338
3328
3845
4287
5074
5735
5940
5767
5274
4542
3579
2253
616
-915
-2306
-3595
-4579
-5341
-5880
-5986
-5702
-5207
-4754
-4256
-3682
-3014
-2452
-2281
-2091
-1489
-957
-1066
-1061
-445
91
270
550
871
1152
1340
1217
958
1224
1732
1616
1477
2205
3282
3678
3955
4861
5633
5851
5745
5364
4812
4059
2972
1418
-163
-1534
-2868
-3947
-4700
-5137
-5186
-4851
-4398
-3996
-3394
-2689
-1969
-1371
-1242
-1265
-927
-416
-452
-648
-282
290
447
548
785
1007
1218
1118
711
708
1363
1483
1201
1725
2772
3285
3457
4158
4975
5266
5128
4677
4112
3312
2227
786
-715
-1940
-3144
-4166
-4969
-5528
-5679
-5377
-4991
-4629
-4126
-3453
-2735
-2127
-1826
-1728
-1269
-726
-645
-753
-405
50
85
119
275
312
402
397
57
11
662
908
608
1121
2348
3065
3342
4008
4784
5143
5144
4756
4025
3246
2278
894
-571
-1844
-3008
-3993
-4709
-5191
-5471
-5218
-4723
-4392
-4039
-3522
-2725
-1958
-1515
-1413
-1027
-285
-145
-379
21
745
1026
1092
1277
1338
1310
1282
963
817
1275
1508
1223
1643
2814
3518
3700
4321
5144
5526
5507
5149
4559
3778
2833
1553
96
-1171
-2322
-3286
-4036
-4743
-5152
-5049
-4634
-4377
-4009
-3494
-3029
-2467
-2234
-2335
-2093
-1325
-1053
-1248
-933
-294
1
139
439
636
798
962
795
651
1203
1639
1286
1478
2660
3601
3916
4500
5427
5920
5885
5461
4884
4246
3429
2199
773
-488
-1761
-2967
-3966
-4832
-5443
-5533
-5244
-4986
-4693
-4268
-3724
-3063
-2674
-2653
-2318
-1422
-915
-1024
-821
-99
403
500
860
1257
1570
1836
1554
1169
1497
2042
1780
1635
2599
3571
3800
3985
4643
5059
5024
4767
4213
3563
2769
1644
268
-995
-2185
-3320
-4058
-4716
-5290
-5507
-5332
-5029
-4803
-4384
-3866
-3096
-2525
-2447
-2224
-1510
-1001
-1325
-1370
-668
-197
-81
92
393
684
985
915
426
730
1466
1467
1180
1842
3011
3417
3578
4232
4909
5206
5039
4632
4090
3396
2461
1112
-147
-1352
-2442
-3245
-4036
-4653
-4866
-4680
-4376
-4142
-3765
-3274
-2520
-1804
-1801
-1925
-1444
-793
-1015
-1317
-820
-296
-120
96
378
602
1030
1282
1012
1053
1815
2121
1799
2079
3245
4049
4206
4657
5388
5802
5759
5362
4781
4056
3104
1893
462
-814
-2059
-3087
-3879
-4643
-5022
-5005
-4697
-4311
-3915
-3520
-2996
-2146
-1790
-1872
-1519
-813
-664
-1035
-814
-217
-35
-40
75
263
543
633
245
-57
468
940
673
738
1770
2800
3220
3674
4489
5158
5374
5169
4702
4150
3365
2252
947
-377
-1637
-2735
-3588
-4384
-4943
-5022
-4835
-4481
-4138
-3781
-3316
-2403
-1796
-2065
-2039
-1403
-1052
-1423
-1503
-1026
-746
-564
-366
-210
98
457
397
7
294
1021
1090
986
1632
2756
3452
3701
4245
5040
5554
5427
4978
4567
3910
2965
1818
444
-935
-2057
-2970
-3885
-4606
-4837
-4739
-4414
-4002
-3670
-3310
-2545
-1696
-1775
-2035
-1484
-874
-1053
-1448
-1119
-680
-424
-179
-58
247
734
943
540
336
953
1350
1135
1246
2144
3206
3636
3864
4506
5261
5594
5252
4689
4053
3212
2206
894
-540
-1742
-2647
-3388
-4155
-4551
-4579
-4398
-3798
-3298
-3098
-2760
-1983
-1633
-2007
-1906
-1321
-1132
-1445
-1523
-1126
-826
-547
-409
-288
257
638
475
148
401
1088
1238
1190
1704
2843
3898
4314
4807
5645
6394
6442
5945
5379
4569
3525
2186
622
-801
-1874
-2863
-3865
-4440
-4529
-4618
-4405
-3827
-3555
-3414
-2903
-2254
-2311
-2698
-2305
-1813
-1824
-1967
-1855
-1424
-917
-573
-593
-314
345
602
277
-20
312
818
874
774
1281
2489
3398
3696
4221
5111
5661
5506
5005
4411
3614
2636
1311
-229
-1447
-2367
-3219
-3850
-4187
-4387
-4394
-3818
-3311
-3367
-3203
-2509
-1850
-2069
-2380
-2006
-1561
-1474
-1599
-1274
-530
63
350
418
775
1215
1187
866
563
742
1058
1020
965
1516
2658
3426
3743
4381
5201
5559
5310
4747
4059
3212
2215
883
-618
-1776
-2623
-3324
-3898
-4272
-4404
-4307
-3797
-3416
-3436
-3173
-2567
-2063
-2230
-2472
-2194
-1848
-1710
-1796
-1438
-743
-253
-77
-17
426
852
851
633
474
720
1105
1078
1094
1711
2833
3660
4028
4568
5085
5322
5196
4749
4133
3263
2492
1557
303
-845
-1760
-2308
-2762
-3137
-3245
-3149
-2780
-2464
-2573
-2579
-2221
-1854
-2084
-2439
-2178
-1812
-1687
-1747
-1354
-685
-312
-84
138
507
838
777
589
435
467
804
1029
1049
1306
2342
3361
3617
3847
4427
4939
4907
4325
3531
2622
1869
911
-486
-1596
-2257
-2782
-3313
-3647
-3730
-3712
-3463
-3076
-3054
-3064
-2807
-2457
-2498
-2745
-2452
-1967
-1743
-1820
-1532
-749
-213
6
198
597
962
965
818
469
319
699
1021
1001
1038
1982
3124
3400
3542
4155
4774
4765
4187
3550
2887
2172
1343
219
-832
-1560
-1998
-2433
-2837
-3044
-3194
-3045
-2704
-2692
-2865
-2851
-2596
-2532
-2898
-3006
-2656
-2358
-2259
-2073
-1463
-706
-94
276
653
1276
1724
1667
1206
916
1243
1637
1394
1053
1673
2912
3413
3261
3631
4332
4595
4301
3801
3083
2278
1664
802
-263
-1133
-1700
-2004
-2390
-2713
-2800
-2761
-2584
-2501
-2559
-2613
-2405
-2178
-2437
-2804
-2595
-2112
-1961
-1978
-1613
-871
-95
405
567
925
1511
1815
1635
1239
1022
1209
1393
1171
1059
1755
2695
2898
3064
3616
3995
3978
3673
2993
2183
1678
1086
104
-771
-1233
-1580
-1955
-2299
-2654
-2849
-2634
-2488
-2797
-3127
-2970
-2635
-2624
-2991
-3024
-2422
-1849
-1800
-1736
-953
28
678
1021
1334
1796
2158
1981
1513
1101
1105
1399
1293
829
932
2028
2865
2767
2785
3379
3933
3842
3222
2594
2163
1796
1010
-63
-876
-1457
-1915
-2377
-2955
-3449
-3549
-3486
-3704
-3980
-3937
-3671
-3444
-3459
-3524
-3223
-2517
-2011
-1852
-1332
-280
641
1137
1353
1634
2174
2385
1903
1224
983
1176
1204
829
491
929
1961
2405
2222
2432
3226
3621
3402
2983
2533
2335
2135
1341
234
-407
-639
-1154
-1951
-2502
-2768
-2792
-2693
-2865
-3240
-3299
-3008
-2810
-2946
-3106
-2686
-1832
-1356
-1273
-642
447
1064
1204
1411
1795
2104
2065
1589
1060
746
704
579
25
-439
50
1078
1494
1457
1964
3020
3583
3385
3033
3008
3138
2793
1898
1051
649
351
-379
-1415
-2144
-2377
-2547
-2901
-3300
-3517
-3362
-2973
-2760
-2849
-2863
-2241
-1299
-874
-790
-256
797
1714
2142
2269
2597
3037
2885
2062
1252
674
356
159
-307
-684
-337
575
949
768
1068
1909
2518
2550
2345
2347
2585
2487
1611
529
-6
-423
-1338
-2421
-3090
-3371
-3590
-3828
-4049
-4127
-3875
-3356
-2936
-2776
-2626
-2020
-1246
-977
-877
-397
371
1004
1235
1350
1702
2026
1771
1210
840
363
-25
-37
-205
-692
-606
498
1322
1319
1701
2774
3668
3818
3510
3247
3289
3232
2375
1163
437
-33
-914
-2023
-2846
-3235
-3331
-3515
-3751
-3758
-3506
-3038
-2547
-2236
-2058
-1621
-741
-142
-3
265
978
1695
1860
1755
1838
2123
2012
1365
648
-70
-574
-678
-862
-1337
-1385
-439
539
796
1150
2103
3198
3739
3553
3258
3228
3227
2599
1342
473
84
-583
-1650
-2589
-3063
-3280
-3431
-3580
-3629
-3453
-3075
-2503
-2032
-1876
-1578
-766
-68
68
215
959
1863
2083
1922
2081
2502
2496
1732
848
291
-252
-724
-906
-1052
-1234
-772
456
1250
1467
2131
3387
4239
4173
3736
3495
3409
2862
1609
454
-4
-458
-1354
-2176
-2560
-2721
-2910
-3066
-3130
-2960
-2625
-2218
-1910
-1755
-1640
-1251
-610
-439
-485
-35
731
1059
1000
1029
1177
1208
764
25
-481
-863
-1450
-1864
-1935
-2004
-1903
-1055
86
562
891
1755
2698
3054
2767
2430
2449
2425
1687
638
82
-290
-1032
-1786
-2168
-2345
-2436
-2390
-2244
-1967
-1664
-1471
-1199
-933
-875
-811
-430
-156
-261
-182
240
525
618
679
818
1004
953
554
41
-325
-856
-1461
-1432
-1105
-1119
-825
398
1572
1918
2279
3154
3910
4013
3652
3318
3192
2892
2114
1159
463
-92
-750
-1334
-1694
-2015
-2235
-2309
-2296
-2123
-2030
-1908
-1530
-1205
-1195
-1167
-842
-676
-845
-776
-331
89
319
558
877
1107
1123
845
531
225
-489
-1045
-838
-699
-1157
-1080
65
1047
1229
1556
2544
3354
3442
3156
3066
3184
2869
2006
1301
1034
626
8
-575
-1024
-1327
-1425
-1377
-1505
-1675
-1602
-1297
-1126
-1237
-1358
-1269
-1004
-970
-1148
-1002
-671
-457
-265
-87
68
174
88
-183
-399
-737
-1418
-2032
-2120
-2093
-2441
-2523
-1740
-771
-276
305
1368
2428
2889
2863
2947
3196
3108
2576
2100
1813
1422
892
439
62
-361
-645
-710
-718
-848
-1070
-1186
-1143
-1295
-1790
-1991
-1808
-1758
-1940
-1900
-1481
-1058
-632
-219
69
209
234
184
62
-245
-1034
-1768
-1779
-1625
-1921
-2175
-1520
-281
430
701
1432
2618
3500
3716
3781
4106
4342
4159
3596
3071
2691
2353
1895
1239
630
154
-100
-276
-722
-1162
-1286
-1208
-1327
-1751
-2055
-2110
-2080
-2270
-2590
-2504
-2044
-1726
-1646
-1486
-1144
-996
-1103
-1248
-1372
-1612
-2106
-2325
-2070
-1944
-2103
-1863
-758
397
882
1383
2582
3853
4376
4505
4843
5256
5316
4868
4152
3567
3030
2266
1326
520
-2
-479
-847
-1139
-1461
-1669
-1698
-1692
-1955
-2329
-2359
-2179
-2221
-2498
-2442
-1961
-1589
-1433
-1255
-826
-405
-343
-565
-759
-837
-1109
-1626
-1835
-1601
-1413
-1465
-1035
174
1146
1553
2283
3600
4678
4971
5076
5404
5558
5276
4586
3902
3230
2263
1205
289
-417
-1003
-1573
-1963
-2157
-2409
-2777
-2959
-2946
-3260
-3749
-3814
-3688
-3900
-4182
-3992
-3552
-3224
-2856
-2326
-1748
-1254
-898
-782
-802
-852
-1236
-1720
-1703
-1384
-1405
-1585
-1020
213
1107
1523
2397
3876
4962
5368
5786
6232
6186
5764
5216
4464
3561
2693
1861
1014
177
-465
-1020
-1359
-1536
-1940
-2273
-2264
-2242
-2652
-3138
-3095
-2961
-3342
-3553
-3110
-2646
-2419
-2047
-1402
-815
-420
-181
-3
150
207
-183
-764
-768
-402
-526
-998
-435
1026
1988
2353
3233
4725
5754
6094
6322
6521
6384
5931
5276
4350
3199
2210
1371
354
-638
-1303
-1810
-2254
-2674
-3236
-3704
-3736
-3718
-4160
-4544
-4277
-4009
-4157
-4121
-3581
-2937
-2504
-1923
-1108
-386
124
404
633
801
602
94
-474
-757
-699
-841
-1289
-1212
-118
918
1251
1815
3087
4388
5034
5138
5252
5471
5405
4864
3963
3104
2486
1631
415
-477
-992
-1845
-2699
-3023
-3551
-4351
-4649
-4728
-5126
-5496
-5473
-5122
-4837
-4684
-4169
-3165
-2167
-1367
-598
143
887
1475
1650
1641
1652
1450
908
309
59
90
40
-27
500
1640
2533
2954
3812
5120
5956
6193
6303
6386
6238
5725
4811
3752
2844
1880
535
-707
-1505
-2489
-3544
-3974
-4313
-5034
-5419
-5337
-5374
-5590
-5737
-5372
-4637
-4176
-3823
-3035
-1933
-1004
-305
263
980
1719
1932
1880
1904
1609
1115
659
94
-162
34
-144
-341
462
1639
2415
2963
3791
5057
6055
6162
6011
6050
5742
4962
3981
2840
1705
663
-582
-1826
-2536
-3296
-4261
-4553
-4647
-5153
-5302
-5029
-4983
-4892
-4656
-4284
-3532
-2904
-2561
-1639
-461
237
843
1584
2241
2653
2659
2270
2012
1886
1370
558
-89
-317
-113
-33
-332
29
1475
2482
2642
3367
4484
4964
5061
5058
4642
4203
3846
2745
1304
357
-542
-1657
-2533
-3243
-4082
-4654
-4644
-4768
-5153
-5218
-4948
-4495
-4442
-4657
-4241
-3352
-2916
-2828
-2328
-1378
-398
250
731
1491
2293
2631
2637
2454
2129
1770
1206
381
-192
-160
-23
-199
-22
978
1996
2501
3108
4056
4669
4865
4932
4598
4139
3798
2966
1899
1232
462
-521
-1047
-1505
-2335
-2799
-2831
-3164
-3657
-4045
-4200
-3870
-3883
-4386
-4237
-3516
-3117
-2926
-2252
-1235
-264
576
1384
2179
2844
3394
3638
3406
3083
2744
2061
1151
243
-474
-740
-963
-1453
-1294
-238
552
802
1416
2406
3108
3358
3255
3105
3077
2768
2037
1494
1003
226
-306
-606
-1180
-1765
-2081
-2474
-2944
-3367
-3878
-4212
-4124
-4095
-4309
-4191
-3442
-2619
-2044
-1323
-351
698
1719
2441
2912
3513
3857
3630
3280
2930
2291
1401
395
-656
-1249
-1333
-1647
-2114
-1693
-594
-69
196
1214
2392
3036
3640
4170
4254
4253
4225
3745
2996
2275
1404
512
-317
-1308
-2301
-3126
-3810
-4385
-4830
-5249
-5471
-5270
-5064
-4946
-4414
-3611
-2983
-2342
-1495
-601
295
1133
1778
2329
2810
3072
3050
2698
2092
1434
674
-516
-1967
-2736
-2653
-2882
-3424
-2939
-1313
180
1034
2017
3614
5277
6197
6396
6549
6697
6374
5401
4108
2996
1853
509
-591
-1622
-2720
-3450
-3737
-3959
-4267
-4451
-4322
-3756
-3319
-3451
-3291
-2413
-1712
-1596
-1390
-679
91
797
1325
1620
2104
2537
2483
2049
1560
972
212
-663
-1887
-2962
-3125
-2873
-2958
-2995
-1830
321
1880
2760
4060
5745
6955
7153
6795
6392
5968
4998
3325
1768
577
-551
-1600
-2428
-3194
-3778
-3838
-3655
-3818
-4279
-4267
-3771
-3509
-3807
-4017
-3541
-2965
-2736
-2608
-2092
-1121
-198
387
837
1604
2477
2815
2720
2423
2002
1563
852
-249
-1434
-2061
-1882
-1784
-2118
-1946
-560
1320
2344
2966
4318
5969
6794
6507
5968
5640
5144
4022
2488
1217
230
-772
-1640
-2405
-3166
-3629
-3664
-3765
-4140
-4353
-4308
-4151
-4121
-4470
-4618
-4161
-3601
-3336
-2896
-1973
-865
237
1040
1693
2572
3440
3744
3605
3253
2659
1988
1123
-101
-1478
-2290
-2181
-2154
-2574
-2274
-680
1177
2079
2760
4194
5701
6142
5876
5658
5309
4740
3856
2605
1409
392
-699
-1558
-2303
-3205
-3787
-3889
-3977
-4349
-4680
-4714
-4446
-4361
-4669
-4735
-4125
-3381
-3049
-2588
-1468
-192
747
1706
2677
3467
4199
4711
4727
4449
3987
3189
2159
893
-522
-1679
-2189
-2351
-2706
-2600
-1414
184
1354
2097
3182
4445
5127
5058
4711
4395
3856
3073
2102
969
-210
-1037
-1440
-2191
-3212
-3674
-3668
-3785
-4219
-4626
-4672
-4440
-4153
-4175
-4257
-3674
-2857
-2377
-1897
-1047
-28
1008
2008
2820
3394
3916
4477
4627
4081
3346
2790
2016
882
-475
-1703
-2377
-2457
-2516
-2729
-2231
-798
735
1632
2331
3601
4937
5305
5059
4924
4650
4020
3097
1780
321
-542
-1142
-2196
-3229
-3632
-3819
-3908
-3856
-4199
-4499
-4212
-3751
-3719
-3921
-3597
-2863
-2240
-1751
-1240
-345
924
1898
2433
2971
3615
4150
4212
3753
3160
2494
1530
273
-1058
-2265
-3201
-3884
-4097
-4028
-3887
-3089
-1433
251
1060
1902
3672
4952
5107
5301
5262
4782
4510
3607
2011
976
323
-641
-1699
-2435
-2849
-3246
-3393
-3240
-3329
-3415
-2869
-2301
-2304
-2210
-1623
-1023
-593
-200
154
752
1639
2222
2487
3033
3579
3799
3792
3237
2417
1780
792
-711
-2059
-3187
-4375
-5140
-5082
-4893
-4679
-3724
-1909
-72
1119
2219
3876
5362
5811
5794
5603
5130
4629
3680
2057
779
89
-908
-2039
-2656
-2935
-3150
-2975
-2671
-2813
-2821
-2264
-1901
-1967
-2068
-2092
-1686
-1154
-1251
-1263
-544
186
691
1204
1567
2072
2746
2735
2270
1928
1251
130
-908
-2106
-3474
-4332
-4896
-4956
-4509
-4227
-3432
-1407
775
2114
3436
5275
6820
7464
7383
7125
6899
6120
4861
3575
2223
1150
250
-940
-1974
-2192
-2424
-2945
-2740
-2545
-2952
-2799
-2539
-2870
-2976
-2850
-2880
-2594
-2052
-1882
-1293
-83
688
1290
2124
2718
3108
3230
2817
2020
1045
-114
-1558
-2973
-4277
-5396
-6131
-6303
-5797
-5132
-4355
-2875
-542
1588
2877
4431
6290
7211
7409
7200
6306
5415
4729
3391
1630
603
-108
-1088
-1780
-2163
-2433
-2657
-2797
-2861
-2925
-2994
-3172
-3311
-3290
-3304
-3199
-2782
-2211
-1638
-1035
59
1342
2058
2533
3181
3732
3887
3560
2861
2051
1174
7
-1349
-2455
-3287
-4002
-4487
-4275
-3249
-2317
-1525
107
2284
3802
4638
5738
6754
7016
6767
6024
5104
4311
3062
1568
556
-227
-1224
-2030
-2290
-2405
-2503
-2691
-2820
-2609
-2623
-2997
-3194
-3326
-3511
-3475
-3327
-3076
-2671
-2204
-1529
-617
205
820
1537
2183
2618
2836
2626
2174
1728
994
-66
-1019
-1773
-2457
-3171
-3680
-3570
-2729
-1992
-1525
-229
1602
2888
3661
4425
5100
5503
5344
4429
3561
3111
2295
1093
196
-366
-865
-1205
-1348
-1498
-1522
-1326
-1276
-1441
-1727
-2102
-2326
-2458
-2858
-3394
-3382
-2817
-2396
-2025
-1246
-314
660
1678
2357
2658
3023
3330
3029
2263
1461
570
-383
-1296
-2287
-3185
-3600
-3600
-3588
-3107
-2224
-1684
-820
737
2100
2710
3101
3975
4690
4520
3899
3437
3193
2724
1927
1108
437
-15
-447
-866
-1148
-1339
-1522
-1527
-1386
-1645
-2252
-2456
-2220
-2233
-2750
-2853
-2261
-1864
-1682
-1247
-474
348
1042
1435
1700
2177
2357
1972
1584
1088
200
-590
-1313
-2232
-2959
-3232
-3370
-3533
-3240
-2169
-1223
-647
604
2298
3397
4055
4737
5161
5359
5258
4547
3755
3238
2514
1689
1085
480
-22
-170
-332
-772
-864
-729
-962
-1245
-1499
-2006
-2441
-2573
-2923
-3409
-3307
-2783
-2542
-2298
-1504
-565
93
697
1242
1530
1726
1798
1362
701
210
-445
-1168
-1658
-2270
-2763
-2633
-2471
-2562
-2163
-964
-71
231
1059
2428
3383
3693
3911
4259
4688
4643
3994
3463
3245
2908
2192
1426
1086
864
383
-28
-340
-741
-1220
-1534
-1828
-2442
-3074
-3362
-3556
-3839
-4068
-3911
-3454
-3122
-2812
-2291
-1535
-978
-606
-175
231
581
704
563
342
161
-58
-394
-749
-1070
-1413
-1658
-1716
-1682
-1454
-782
-114
374
1142
2101
2841
3328
3648
3978
4589
4796
4312
3866
3659
3339
2836
2092
1388
1068
581
-165
-713
-1261
-1900
-2312
-2596
-3140
-3722
-3902
-3846
-3780
-3735
-3552
-3133
-2480
-1753
-1218
-584
58
560
1111
1490
1617
1706
1840
1759
1571
1327
866
440
53
-506
-855
-1064
-1521
-1831
-1684
-1162
-721
-363
426
1583
2616
3185
3750
4658
5280
5268
4922
4567
4141
3319
2208
1174
185
-747
-1539
-2264
-2844
-3226
-3387
-3277
-3146
-3185
-3121
-2766
-2424
-2257
-2135
-2011
-1701
-1414
-1298
-1038
-638
-195
320
815
1183
1483
1574
1554
1605
1430
860
269
-246
-952
-1629
-1961
-2285
-2637
-2598
-2075
-1304
-638
57
1071
2383
3434
3773
4127
4621
4429
3906
3343
2668
1884
1042
415
-152
-624
-996
-1266
-1279
-1115
-1005
-1006
-940
-848
-1002
-1415
-1707
-1920
-2344
-2756
-2816
-2747
-2723
-2491
-2064
-1569
-899
-300
134
649
992
1085
1149
998
603
256
-55
-406
-733
-968
-1132
-1202
-1078
-851
-420
229
677
1072
1785
2532
2847
2839
2944
3262
3223
2724
2376
2105
1774
1405
1020
759
639
470
265
164
-14
-361
-701
-1038
-1557
-2234
-2814
-3230
-3719
-4168
-4350
-4365
-4180
-3837
-3422
-2708
-1869
-1193
-502
276
942
1421
1759
1953
2011
1947
1839
1663
1387
1095
929
926
867
735
717
876
1152
1227
1166
1407
1889
2111
2041
2178
2504
2688
2620
2535
2651
2734
2667
2425
2117
1933
1693
1195
510
-98
-725
-1418
-2078
-2779
-3586
-4220
-4496
-4711
-4939
-4898
-4465
-3886
-3309
-2748
-2091
-1239
-435
141
581
1030
1477
1691
1711
1607
1444
1373
1237
882
448
197
2
-339
-679
-963
-1092
-922
-815
-819
-527
37
607
1030
1468
2135
2824
3219
3474
3707
3781
3737
3422
2766
2108
1456
594
-395
-1413
-2394
-3151
-3784
-4372
-4827
-5051
-4941
-4564
-4241
-3932
-3345
-2681
-2004
-1366
-896
-367
411
1003
1228
1526
1828
1999
2098
1886
1696
1766
1609
1238
956
627
223
-49
-431
-919
-1180
-1208
-1110
-936
-709
-197
670
1486
2104
2804
3600
4189
4465
4404
4151
3877
3425
2605
1569
615
-354
-1410
-2299
-2999
-3593
-3863
-3780
-3662
-3489
-3146
-2723
-2209
-1629
-1304
-1169
-793
-366
-241
-116
123
298
556
815
990
1185
1403
1590
1647
1548
1398
1185
800
327
-232
-864
-1289
-1553
-1861
-2012
-1775
-1190
-534
114
979
2100
3087
3731
4283
4807
5167
5071
4524
3850
3107
2214
1141
37
-853
-1559
-2176
-2631
-2848
-2993
-3008
-2792
-2542
-2394
-2252
-2020
-1774
-1658
-1769
-1813
-1644
-1528
-1612
-1581
-1246
-787
-398
-143
117
432
608
539
318
39
-321
-695
-1133
-1672
-2074
-2311
-2360
-2223
-2005
-1651
-976
-25
797
1443
2313
3346
4084
4401
4626
4764
4618
4198
3475
2669
1992
1272
438
-219
-738
-1212
-1403
-1446
-1554
-1589
-1500
-1363
-1217
-1228
-1420
-1564
-1631
-1865
-2193
-2387
-2326
-2171
-2154
-2002
-1603
-1172
-719
-246
201
626
917
1056
1058
1014
817
484
253
13
-285
-497
-571
-620
-606
-462
-154
424
1053
1427
1821
2390
2834
3030
3064
3041
2974
2809
2438
1959
1578
1296
1016
737
472
274
172
50
-124
-367
-643
-879
-1137
-1525
-1945
-2281
-2530
-2684
-2923
-3170
-3015
-2615
-2436
-2145
-1544
-935
-304
295
656
983
1371
1493
1368
1255
1008
621
353
34
-446
-791
-892
-925
-916
-775
-528
-130
423
905
1222
1628
2229
2616
2648
2683
2827
2813
2673
2483
2207
2008
1810
1422
1006
786
585
299
-15
-402
-845
-1260
-1632
-2119
-2724
-3204
-3483
-3734
-3927
-3994
-3950
-3650
-3151
-2689
-2198
-1516
-813
-319
70
425
634
717
636
408
172
-87
-450
-762
-959
-1057
-992
-806
-617
-324
138
547
998
1574
1984
2232
2596
2929
3024
2984
2965
2891
2751
2527
2258
2077
2003
1973
1838
1645
1469
1267
985
565
-16
-598
-1105
-1707
-2324
-2874
-3369
-3662
-3730
-3686
-3580
-3268
-2752
-2176
-1661
-1256
-912
-597
-321
-189
-251
-307
-331
-453
-588
-701
-793
-735
-521
-361
-173
198
614
1033
1473
1835
2064
2370
2709
2735
2615
2580
2509
2325
2111
1870
1684
1598
1461
1316
1280
1416
1474
1426
1405
1314
1122
844
510
40
-478
-1002
-1638
-2206
-2633
-3040
-3372
-3406
-3308
-3288
-3063
-2637
-2297
-1990
-1629
-1351
-1096
-852
-768
-691
-488
-294
-160
51
345
685
1140
1570
1880
2115
2357
2545
2510
2321
2074
1798
1551
1283
812
302
105
124
73
-33
23
339
752
1085
1367
1672
1963
2115
2047
1835
1494
1072
570
-98
-843
-1566
-2309
-2970
-3481
-3973
-4305
-4353
-4225
-4047
-3847
-3517
-3050
-2583
-2228
-1937
-1546
-1125
-825
-586
-224
283
751
1101
1429
1789
2165
2517
2756
2862
2862
2820
2597
2214
1802
1253
668
270
-78
-561
-862
-808
-545
-213
47
413
1084
1810
2222
2499
2783
2918
2900
2636
2116
1504
841
30
-862
-1700
-2500
-3160
-3600
-3962
-4304
-4542
-4543
-4366
-4151
-3965
-3650
-3163
-2748
-2376
-1961
-1431
-793
-216
319
993
1756
2339
2834
3392
3840
4081
4182
4174
4048
3775
3330
2823
2308
1730
1132
651
337
88
-100
-75
179
538
956
1380
1806
2279
2622
2763
2845
2750
2447
2101
1610
978
305
-408
-1104
-1732
-2406
-2993
-3400
-3778
-4121
-4389
-4579
-4620
-4578
-4553
-4396
-4130
-3837
-3452
-2958
-2468
-1939
-1285
-609
135
830
1375
1925
2509
2958
3123
3184
3186
3003
2694
2310
1782
1189
740
322
-94
-374
-593
-699
-522
-226
1
296
753
1233
1513
1681
1900
1950
1855
1728
1457
1083
800
480
25
-326
-610
-954
-1236
-1462
-1799
-2191
-2443
-2701
-3092
-3400
-3546
-3672
-3708
-3610
-3392
-2955
-2391
-1734
-1014
-195
701
1552
2367
3021
3537
3878
3983
3935
3709
3323
2822
2343
1820
1235
729
253
-84
-291
-520
-637
-518
-334
-238
-106
25
123
255
322
232
186
231
167
134
131
83
109
205
159
5
-40
-210
-527
-755
-1158
-1676
-2048
-2499
-3030
-3437
-3731
-3933
-3878
-3604
-3225
-2571
-1684
-807
107
1019
1876
2643
3282
3746
3972
4120
4046
3733
3370
2926
2393
1908
1484
1072
806
659
509
418
487
503
482
495
457
322
153
-4
-202
-342
-448
-546
-512
-363
-178
7
282
676
920
1092
1244
1168
908
591
65
-684
-1381
-2110
-2909
-3568
-4054
-4470
-4672
-4558
-4227
-3755
-3146
-2364
-1527
-700
113
850
1428
1889
2193
2197
2028
1848
1548
1156
885
592
289
238
317
355
516
831
1089
1304
1507
1504
1372
1217
992
667
240
-169
-548
-833
-964
-1076
-1156
-967
-564
-201
148
600
998
1280
1490
1464
1228
948
557
-65
-793
-1417
-1990
-2511
-2875
-3150
-3245
-3055
-2716
-2351
-1881
-1296
-740
-152
364
631
835
1031
1067
967
836
665
527
512
500
578
836
1181
1539
1894
2233
2472
2610
2647
2511
2203
1763
1229
562
-153
-823
-1427
-1925
-2230
-2241
-2119
-1823
-1234
-531
189
972
1683
2192
2644
2984
3031
2859
2492
1914
1258
593
-196
-1019
-1698
-2269
-2691
-2938
-3039
-3024
-2847
-2528
-2189
-1818
-1489
-1151
-829
-586
-438
-399
-314
-132
58
207
440
818
1191
1569
1951
2287
2588
2767
2804
2680
2406
1986
1422
738
-17
-777
-1512
-2097
-2472
-2705
-2823
-2634
-2137
-1575
-894
-45
827
1633
2340
2787
2991
3057
2845
2367
1768
1004
104
-766
-1552
-2304
-2948
-3383
-3626
-3680
-3594
-3383
-3021
-2533
-2069
-1665
-1245
-868
-599
-376
-117
93
305
548
794
1076
1428
1782
2108
2486
2788
2930
3015
3011
2839
2520
2076
1490
821
139
-614
-1330
-1923
-2402
-2700
-2735
-2582
-2303
-1772
-1082
-373
342
1089
1756
2262
2685
2904
2887
2657
2243
1681
1004
310
-418
-1105
-1654
-2085
-2407
-2609
-2634
-2593
-2513
-2332
-2102
-1848
-1571
-1288
-1002
-725
-473
-236
5
237
510
828
1162
1521
1866
2161
2406
2594
2666
2633
2496
2261
1884
1416
924
344
-288
-867
-1337
-1729
-1971
-2069
-2055
-1826
-1458
-1059
-554
62
656
1169
1670
2133
2460
2638
2675
2571
2318
1948
1470
967
461
-72
-590
-1038
-1451
-1846
-2152
-2348
-2435
-2446
-2414
-2333
-2144
-1928
-1728
-1499
-1208
-890
-541
-209
92
409
737
1006
1170
1289
1335
1338
1307
1176
938
689
420
76
-255
-565
-870
-1187
-1405
-1561
-1664
-1685
-1637
-1520
-1306
-963
-608
-275
178
718
1175
1590
1971
2296
2552
2708
2707
2595
2418
2097
1677
1224
679
39
-507
-986
-1495
-1903
-2244
-2488
-2529
-2447
-2359
-2158
-1769
-1394
-1007
-559
-115
318
715
1014
1160
1261
1317
1268
1177
1058
911
718
517
349
138
-76
-243
-376
-496
-582
-625
-635
-588
-573
-604
-595
-537
-487
-419
-269
-104
98
372
647
877
1111
1361
1545
1645
1619
1514
1396
1226
944
574
195
-217
-622
-970
-1328
-1596
-1762
-1869
-1815
-1642
-1410
-1128
-789
-401
-19
315
566
772
882
888
867
760
601
396
169
-3
-149
-287
-374
-355
-291
-209
-67
106
272
430
596
674
665
603
455
269
118
-70
-298
-387
-393
-456
-451
-281
-56
153
337
540
761
985
1135
1149
1087
1000
836
569
302
-12
-363
-634
-769
-830
-903
-957
-939
-815
-650
-489
-308
-115
37
111
146
177
167
43
-148
-343
-555
-767
-920
-1007
-1027
-992
-902
-730
-522
-306
-89
119
311
445
525
582
585
503
399
278
83
-146
-389
-559
-627
-665
-656
-550
-338
-98
114
298
550
818
951
1043
1143
1172
1135
1014
854
665
438
179
-23
-154
-302
-384
-437
-407
-302
-259
-248
-206
-189
-210
-219
-268
-385
-527
-687
-825
-927
-1065
-1204
-1291
-1284
-1245
-1125
-900
-586
-238
114
488
855
1197
1427
1571
1646
1610
1482
1284
1062
775
428
94
-212
-409
-564
-681
-663
-484
-226
66
417
760
1064
1323
1541
1718
1763
1703
1557
1357
1108
783
443
167
-52
-290
-520
-688
-781
-833
-867
-848
-837
-859
-889
-957
-1022
-1092
-1221
-1338
-1421
-1480
-1531
-1507
-1356
-1153
-874
-555
-174
257
664
1047
1355
1557
1624
1589
1482
1275
952
550
96
-316
-658
-983
-1242
-1382
-1387
-1235
-976
-657
-237
219
685
1084
1414
1668
1820
1874
1779
1628
1382
1037
679
295
-91
-432
-711
-942
-1129
-1212
-1237
-1198
-1110
-1047
-1025
-985
-941
-984
-1029
-1068
-1160
-1246
-1308
-1342
-1316
-1184
-1077
-936
-695
-422
-137
151
441
670
893
1068
1148
1201
1155
1061
945
816
665
461
303
191
79
15
36
101
214
380
528
687
934
1149
1302
1460
1601
1648
1655
1586
1430
1287
1132
926
667
444
238
17
-171
-368
-605
-830
-1059
-1275
-1442
-1595
-1716
-1792
-1805
-1821
-1805
-1704
-1554
-1341
-1092
-826
-537
-221
97
368
617
804
920
1007
1050
1027
915
807
651
464
328
164
47
-46
-160
-255
-288
-252
-211
-148
-60
43
214
387
517
629
738
815
877
957
1044
1098
1116
1120
1069
955
838
665
452
254
38
-212
-462
-729
-1041
-1316
-1543
-1765
-1955
-2066
-2108
-2051
-1883
-1705
-1480
-1206
-945
-672
-357
-92
115
312
458
538
550
515
457
388
289
151
24
-69
-177
-266
-321
-333
-288
-247
-164
-35
104
222
320
468
630
777
904
1055
1233
1352
1497
1650
1774
1885
1929
1883
1816
1733
1504
1233
954
579
202
-166
-557
-941
-1274
-1645
-1948
-2112
-2292
-2405
-2363
-2264
-2140
-1940
-1718
-1491
-1180
-897
-656
-402
-178
-15
116
260
355
375
387
355
291
273
239
177
158
175
197
239
324
366
396
508
619
681
766
831
854
899
900
865
859
834
793
753
694
634
583
561
546
552
497
438
433
371
274
212
164
67
-13
-125
-285
-397
-551
-723
-853
-908
-955
-1034
-1048
-1038
-1026
-989
-890
-766
-676
-533
-397
-262
-82
42
85
172
262
248
247
280
283
252
246
242
234
262
272
293
354
435
468
530
638
662
622
588
570
496
400
341
277
208
155
82
3
-64
-110
-206
-247
-224
-241
-262
-246
-247
-355
-453
-595
-749
-900
-1051
-1188
-1304
-1368
-1417
-1433
-1384
-1304
-1228
-1089
-865
-590
-361
-115
116
309
487
615
709
746
770
746
718
698
677
658
633
626
632
678
779
906
1008
1063
1161
1247
1263
1279
1234
1127
1011
840
629
444
284
111
-46
-184
-303
-362
-396
-392
-366
-385
-393
-378
-432
-505
-595
-714
-842
-976
-1124
-1269
-1327
-1354
-1354
-1305
-1194
-1094
-979
-809
-594
-365
-161
71
271
447
560
578
525
516
498
417
373
346
294
249
323
416
507
636
791
919
1055
1157
1199
1218
1229
1155
968
794
579
309
85
-76
-255
-365
-384
-371
-356
-290
-238
-224
-177
-137
-134
-150
-122
-166
-244
-306
-361
-417
-515
-589
-628
-660
-630
-577
-530
-449
-377
-338
-326
-313
-315
-345
-401
-502
-607
-662
-696
-727
-704
-652
-573
-467
-328
-150
14
177
321
479
589
689
772
790
810
763
706
635
561
506
444
394
368
367
384
436
479
502
539
584
582
558
531
468
367
229
78
-102
-285
-440
-605
-747
-812
-859
-886
-836
-771
-700
-592
-435
-349
-264
-155
-119
-103
-112
-178
-290
-392
-458
-502
-502
-457
-417
-346
-226
-105
3
153
351
495
656
804
879
935
958
932
880
830
751
654
564
506
427
347
301
270
251
254
239
194
146
130
73
-1
-59
-132
-228
-313
-381
-455
-519
-550
-542
-488
-400
-317
-229
-118
-8
80
148
189
190
160
120
60
-45
-186
-339
-497
-640
-776
-884
-925
-917
-897
-829
-726
-580
-405
-244
-80
101
260
355
401
449
493
510
526
543
533
517
502
487
473
476
493
545
613
641
667
670
654
632
592
532
448
331
203
63
-101
-267
-442
-600
-743
-887
-1027
-1110
-1145
-1171
-1150
-1078
-965
-819
-681
-533
-417
-308
-211
-102
19
86
139
169
207
230
228
230
239
268
302
350
410
485
563
624
689
734
765
808
815
788
722
631
516
382
268
128
9
-102
-214
-264
-278
-289
-284
-240
-198
-167
-107
-74
-42
5
1
-1
-15
-74
-128
-143
-220
-297
-323
-375
-388
-384
-417
-444
-440
-461
-506
-509
-513
-576
-588
-601
-692
-740
-743
-754
-745
-630
-520
-403
-198
4
217
496
752
941
1153
1325
1375
1442
1489
1418
1354
1254
1081
879
694
465
243
113
-22
-113
-136
-107
-38
64
174
279
373
406
438
418
360
315
186
14
-131
-316
-560
-705
-873
-1022
-1055
-1099
-1111
-1018
-931
-918
-812
-677
-636
-576
-521
-551
-553
-535
-589
-605
-562
-510
-396
-226
-52
123
294
463
622
763
937
1075
1136
1188
1183
1080
952
822
629
410
253
49
-150
-260
-354
-430
-420
-390
-374
-304
-239
-179
-86
-31
-28
25
30
-68
-138
-227
-337
-359
-389
-458
-420
-407
-432
-377
-311
-269
-185
-106
-98
-92
-70
-104
-170
-170
-240
-347
-338
-323
-382
-342
-268
-235
-61
194
356
569
846
997
1188
1410
1447
1450
1494
1364
1225
1120
889
678
543
310
110
10
-136
-241
-240
-291
-312
-217
-262
-267
-162
-190
-212
-123
-174
-299
-274
-349
-470
-431
-498
-631
-580
-612
-747
-702
-704
-849
-778
-713
-796
-715
-669
-783
-755
-670
-753
-678
-477
-439
-302
-65
12
148
437
605
763
1034
1097
1073
1188
1191
1112
1125
1035
825
727
588
372
246
113
-58
-127
-156
-219
-211
-143
-132
-71
58
111
173
249
228
194
200
125
53
52
-34
-141
-182
-261
-329
-364
-417
-469
-503
-542
-573
-583
-600
-628
-636
-633
-611
-563
-549
-513
-428
-357
-254
-102
0
98
228
281
302
393
471
472
533
546
474
430
365
273
216
150
54
17
-41
-71
-17
5
16
93
132
110
156
154
99
144
198
187
241
286
235
232
260
245
239
237
204
166
126
80
-3
-113
-183
-231
-302
-362
-417
-534
-636
-677
-723
-739
-706
-662
-649
-592
-481
-368
-206
-43
119
274
390
514
611
627
652
689
637
593
582
476
362
333
233
88
35
-9
-151
-207
-147
-179
-183
-32
43
31
124
218
230
284
374
342
298
332
296
192
156
145
78
18
-10
-89
-204
-231
-226
-276
-287
-252
-316
-410
-401
-440
-531
-506
-488
-565
-563
-499
-516
-461
-312
-277
-261
-145
-60
-25
93
188
224
311
394
443
501
529
488
427
389
340
290
230
158
127
76
4
-21
-53
-122
-147
-156
-158
-125
-73
-23
-8
25
50
47
62
110
123
114
134
135
118
141
168
135
108
63
2
-54
-108
-162
-282
-396
-452
-535
-632
-675
-715
-773
-761
-663
-609
-501
-283
-136
-5
211
371
448
579
678
680
739
785
742
712
673
570
454
366
297
233
147
88
27
-47
-65
-63
-88
-93
-37
-37
-36
12
-26
-65
-36
-58
-94
-76
-100
-148
-114
-60
-38
29
115
168
188
224
224
141
80
14
-121
-252
-336
-435
-554
-630
-678
-744
-735
-681
-634
-539
-406
-253
-96
92
280
396
476
565
604
590
582
529
435
386
323
196
119
68
-16
-79
-95
-140
-183
-124
-67
-38
71
156
150
177
220
152
139
176
89
27
47
-17
-76
-14
-26
-81
-30
-36
-97
-31
-14
-79
-23
35
3
11
25
-80
-136
-160
-298
-375
-368
-406
-431
-375
-351
-311
-192
-108
-60
15
64
49
88
127
138
164
153
119
149
180
163
168
140
83
105
120
65
75
94
43
42
49
-27
-55
-48
-110
-111
-101
-128
-103
-66
-88
-72
-26
-19
26
62
51
31
6
-12
10
7
18
74
65
51
71
63
47
52
27
-23
-20
-41
-94
-84
-65
-72
-43
1
26
54
70
52
42
73
88
115
126
134
146
158
160
151
149
141
132
116
80
33
23
-13
-59
-67
-78
-97
-78
-58
-78
-57
-10
-3
4
58
81
60
59
55
31
23
23
3
16
66
83
35
10
-10
-47
-42
-81
-155
-179
-183
-204
-198
-190
-196
-174
-117
-83
-66
7
43
53
81
77
43
44
34
-22
-26
-4
-21
-35
-7
6
15
60
72
35
25
-7
-93
-126
-106
-111
-82
-31
-11
19
45
8
-34
-62
-98
-152
-210
-223
-235
-226
-164
-95
-44
62
142
147
203
231
182
172
178
80
16
-16
-106
-128
-96
-123
-108
-71
-54
-1
37
15
45
86
44
137
226
176
229
301
217
197
250
127
66
139
37
-43
4
-85
-187
-128
-141
-224
-152
-92
-124
-50
