-195
-189
-112
-49
16
31
57
87
83
50
14
49
50
47
106
121
114
124
143
216
236
229
238
227
198
141
149
135
92
97
112
147
162
123
87
50
25
12
-17
-65
-133
-152
-142
-121
-94
-92
-79
-101
-158
-180
-213
-192
-167
-169
-141
-144
-130
-110
-71
-41
-21
32
111
179
201
180
159
125
82
53
16
24
34
48
101
151
153
134
136
114
38
-73
-108
-112
-132
-148
-123
-54
-33
-71
-156
-197
-217
-245
-250
-235
-218
-265
-305
-323
-353
-358
-334
-290
-231
-167
-116
-88
-85
-58
-24
-6
21
27
89
167
198
213
216
247
289
316
367
403
358
285
261
291
330
333
326
299
230
184
182
175
187
240
264
270
277
235
207
190
180
184
174
173
155
123
27
-78
-143
-220
-241
-219
-203
-201
-271
-346
-358
-343
-325
-281
-225
-208
-226
-232
-180
-92
-8
31
7
-21
0
42
63
86
68
14
-54
-121
-118
-94
-67
-109
-216
-298
-340
-335
-302
-230
-135
-39
-29
-98
-160
-170
-134
-67
29
108
140
112
37
-30
-41
-48
-75
-73
-67
-19
81
114
101
66
-5
-45
-45
8
80
138
178
180
159
168
190
190
163
133
150
192
218
252
330
372
338
250
186
127
69
3
-113
-208
-216
-102
61
161
180
167
140
108
59
18
5
-32
-70
-114
-163
-164
-140
-106
-43
-29
-30
-44
-43
-43
-98
-155
-211
-245
-221
-111
-42
-47
-65
-104
-91
-44
15
28
-21
-67
-86
-67
-88
-100
-30
32
62
28
35
70
48
55
62
41
26
28
44
61
55
34
-4
-70
-80
-50
-16
15
-26
-56
-53
-3
75
129
198
243
229
186
155
122
75
25
-2
-31
-92
-130
-134
-145
-124
-98
-63
-82
-147
-182
-185
-123
-65
24
106
151
180
170
149
115
66
28
-2
-38
-37
0
17
14
-20
-63
-66
-53
-35
-20
-11
18
31
56
116
165
173
117
24
-50
-103
-133
-129
-141
-184
-224
-264
-284
-265
-221
-147
-59
6
48
124
181
207
243
255
272
296
286
294
300
267
195
127
78
-4
-102
-174
-208
-205
-170
-162
-183
-237
-272
-259
-261
-262
-266
-287
-269
-222
-141
-42
-7
-41
-98
-127
-133
-103
-69
-11
84
209
352
450
519
548
546
537
502
468
426
364
274
181
98
-38
-157
-214
-241
-246
-265
-313
-357
-383
-399
-382
-363
-336
-263
-166
-70
-12
7
31
126
233
282
323
365
399
377
335
323
290
241
188
112
19
-104
-217
-301
-321
-291
-264
-243
-267
-307
-326
-320
-310
-296
-263
-201
-123
-44
9
53
98
144
211
251
254
247
229
225
242
259
250
214
178
144
73
-9
-80
-113
-136
-165
-187
-195
-192
-190
-197
-172
-132
-112
-103
-127
-125
-87
-24
19
47
87
142
189
214
219
204
191
160
121
64
-11
-94
-182
-266
-315
-321
-325
-321
-312
-295
-260
-170
-46
36
100
153
180
229
281
321
345
358
365
386
417
425
377
321
314
294
263
202
143
90
13
-81
-170
-202
-222
-259
-289
-310
-346
-409
-437
-386
-308
-232
-184
-156
-107
-97
-117
-120
-84
-37
15
61
86
87
71
75
85
77
50
40
32
33
31
6
-22
-85
-165
-184
-135
-55
-30
-20
10
41
83
91
101
134
138
116
93
77
70
50
13
-19
-33
-20
14
74
148
214
241
207
168
137
100
68
30
-7
-28
-58
-77
-85
-113
-124
-125
-105
-95
-97
-106
-133
-120
-89
-30
22
52
99
127
134
136
141
144
133
125
106
92
73
22
-48
-118
-157
-169
-163
-162
-155
-125
-91
-39
21
67
68
56
69
92
106
95
75
46
-7
-55
-70
-57
-30
-6
-18
-64
-106
-129
-122
-114
-133
-176
-225
-236
-226
-199
-161
-119
-69
-75
-103
-114
-103
-56
-25
-10
38
96
143
200
226
257
246
202
201
222
251
273
285
268
235
199
181
184
135
46
-52
-121
-158
-152
-124
-98
-105
-129
-120
-71
-1
9
-1
-8
-8
11
27
65
135
157
133
89
47
11
-41
-94
-138
-153
-184
-216
-239
-248
-212
-176
-173
-205
-223
-224
-206
-169
-142
-83
-23
9
54
82
111
150
179
174
178
186
200
215
195
191
184
144
102
84
111
121
86
35
26
63
59
53
31
-20
-56
-91
-75
-59
-72
-81
-76
-43
-27
-18
-20
-24
-38
-65
-67
-97
-157
-189
-159
-119
-97
-103
-95
-37
8
30
31
14
-21
-62
-112
-111
-64
-24
-6
5
21
35
40
28
50
71
102
134
145
167
193
226
246
234
203
180
159
143
108
61
29
-18
-63
-53
1
36
47
43
35
26
-10
-61
-88
-100
-103
-80
-49
-45
-52
-56
-54
-47
-34
-33
-15
8
-4
-25
-27
-21
-47
-40
-43
-60
-78
-116
-162
-203
-201
-204
-217
-250
-262
-244
-233
-194
-152
-104
-85
-91
-57
-34
3
30
37
58
39
15
20
47
87
142
174
196
208
186
199
215
208
193
148
102
54
7
-25
-42
-14
27
69
62
-5
-53
-90
-85
-53
-6
57
79
118
149
169
237
286
286
261
232
187
141
92
72
67
62
47
31
0
-41
-56
-69
-75
-99
-99
-92
-127
-113
-65
-52
-49
-68
-90
-127
-177
-198
-178
-147
-145
-121
-90
-98
-122
-124
-111
-116
-121
-138
-150
-111
-47
47
99
87
45
28
3
-34
-25
-40
-28
-15
-28
-54
-65
-69
-83
-82
-41
12
24
10
9
47
80
94
126
155
182
164
124
84
63
122
201
241
236
206
157
110
62
46
45
66
94
103
109
103
104
85
25
-41
-55
-71
-159
-220
-197
-155
-156
-160
-141
-109
-111
-131
-110
-100
-90
-91
-93
-61
-27
31
46
13
-39
-115
-151
-170
-168
-149
-119
-87
-87
-132
-169
-158
-144
-128
-112
-74
-32
-5
41
88
107
118
110
118
177
177
136
114
151
217
251
260
225
205
187
124
74
35
7
56
99
127
112
67
16
-38
-48
-68
-90
-93
-113
-115
-69
-56
-66
-65
-107
-126
-106
-134
-172
-152
-103
-58
-16
-8
25
69
76
93
135
202
220
179
140
142
195
248
260
220
152
116
108
82
31
9
14
31
64
48
-20
-89
-151
-175
-162
-138
-117
-99
-87
-73
-67
-95
-114
-119
-114
-133
-157
-130
-89
-67
-49
-20
-67
-145
-189
-214
-182
-160
-164
-127
-116
-160
-135
-110
-107
-104
-93
-71
-73
-45
-2
71
143
153
196
243
242
241
207
162
160
183
171
173
195
188
149
72
13
12
22
23
69
69
74
69
39
1
-52
-32
-17
-47
-68
-123
-190
-228
-260
-285
-296
-296
-284
-216
-165
-130
-66
-49
-70
-84
-65
-27
-42
-8
48
121
205
193
153
127
135
176
229
280
288
286
263
243
251
273
275
287
290
243
193
145
125
151
180
176
109
35
-16
-84
-156
-193
-223
-294
-335
-365
-411
-449
-502
-504
-446
-418
-407
-377
-344
-328
-316
-278
-221
-155
-93
-24
25
34
28
37
83
145
171
180
223
251
258
313
397
513
610
589
509
402
314
297
310
314
364
420
437
431
405
355
257
121
19
-29
-79
-112
-130
-150
-175
-200
-231
-290
-353
-443
-504
-572
-648
-643
-631
-608
-542
-448
-373
-337
-342
-311
-255
-220
-188
-165
-103
-31
29
108
159
163
167
182
196
199
165
153
185
212
219
173
151
181
194
245
279
279
277
226
171
142
96
9
-26
-8
3
-10
-76
-126
-131
-136
-137
-134
-100
-94
-139
-144
-116
-111
-100
-88
-103
-97
-62
-5
67
141
196
214
202
157
120
69
29
-9
-35
-16
18
63
115
119
122
171
193
198
177
144
129
106
78
63
81
93
79
72
51
18
-7
-5
22
6
-69
-183
-259
-268
-260
-221
-185
-125
-87
-99
-146
-187
-200
-200
-145
-75
2
49
42
0
-29
-38
-53
-44
-53
-67
-85
-87
-76
-82
-65
-17
25
55
60
70
120
193
272
352
391
423
417
315
240
220
178
85
9
-5
-48
-93
-134
-186
-180
-191
-217
-266
-305
-327
-310
-247
-170
-62
64
142
134
117
132
137
119
112
86
26
-33
-114
-181
-216
-268
-259
-185
-112
-13
31
-8
-88
-161
-201
-227
-189
-113
-46
28
98
152
185
159
128
82
66
40
18
3
-9
16
53
150
258
310
296
238
199
174
187
167
130
59
-2
-54
-49
33
107
151
99
16
-63
-178
-343
-428
-402
-320
-197
-132
-58
1
35
60
89
107
90
57
69
78
38
12
-32
-41
-37
10
19
-44
-56
-81
-103
-144
-172
-226
-293
-299
-293
-227
-155
-75
7
58
126
193
226
258
319
307
257
219
175
185
234
221
149
108
89
28
-90
-197
-277
-275
-250
-179
-44
36
87
73
45
28
43
118
220
341
470
553
521
462
373
282
228
168
156
154
111
29
-63
-151
-255
-375
-494
-550
-583
-567
-536
-478
-413
-401
-392
-376
-333
-262
-213
-181
-103
3
81
187
299
378
416
395
352
300
274
259
234
184
60
-65
-144
-233
-321
-417
-478
-521
-496
-408
-314
-217
-214
-234
-213
-156
-109
-67
15
154
300
408
486
498
502
511
502
480
412
297
140
3
-78
-114
-166
-249
-275
-267
-251
-224
-223
-188
-116
-63
-5
28
58
88
144
269
396
502
569
598
560
520
475
408
334
269
264
249
181
79
-35
-147
-208
-242
-294
-371
-466
-551
-616
-660
-660
-635
-558
-465
-399
-361
-366
-357
-321
-277
-207
-128
-60
-25
-20
6
56
131
220
331
408
450
505
549
549
503
440
412
415
436
432
401
368
301
245
180
84
-8
-129
-248
-367
-488
-566
-631
-662
-674
-661
-654
-633
-612
-587
-533
-445
-354
-282
-158
-31
83
182
279
355
440
519
558
575
559
504
465
492
489
449
415
401
401
368
323
274
227
199
140
81
7
-82
-145
-180
-157
-112
-60
-4
-4
-38
-66
-121
-182
-218
-219
-224
-196
-150
-137
-155
-189
-215
-216
-219
-268
-325
-343
-312
-313
-306
-267
-226
-196
-156
-110
-52
22
40
46
83
145
194
218
210
199
220
228
188
119
47
-30
-91
-110
-108
-125
-159
-211
-277
-326
-348
-368
-345
-274
-203
-125
-48
-4
57
138
211
287
358
418
457
464
442
422
400
374
341
312
283
235
168
108
78
35
1
11
15
12
-20
-92
-142
-178
-182
-163
-151
-165
-141
-83
-49
-24
-10
3
14
21
22
42
37
29
60
86
111
112
94
61
13
-41
-85
-71
-37
-12
-9
-31
-47
-54
-71
-88
-106
-133
-122
-121
-116
-109
-98
-78
-66
-36
-9
14
22
16
5
-20
-29
-48
-52
-50
-43
-19
-12
5
0
-28
-22
10
21
15
-17
-25
-17
-30
-34
0
27
12
6
4
-13
-37
-33
5
35
53
58
48
41
31
11
-14
-28
-31
-35
-57
-81
-112
-160
-193
-202
-177
-161
-154
-119
-70
-28
1
30
46
35
23
27
44
109
160
187
237
265
274
278
262
240
207
187
177
172
161
147
133
118
129
126
108
70
39
-5
-52
-54
-68
-98
-121
-158
-159
-130
-121
-95
-38
9
9
-12
-41
-94
-158
-197
-195
-188
-142
-95
-62
-24
-27
-36
-24
-28
-47
-46
-57
-61
-34
-34
-50
-25
8
22
18
2
-1
-8
10
4
-8
-3
-41
-61
-62
-56
-47
-31
-25
-32
0
10
21
43
46
42
40
63
39
21
29
3
5
26
50
76
94
116
128
152
162
152
160
155
151
120
73
46
33
50
57
73
76
78
63
15
-32
-50
-46
-66
-71
-72
-64
-68
-65
-55
-68
-71
-85
-92
-109
-109
-103
-84
-54
-38
-16
-10
-56
-107
-140
-182
-189
-158
-91
-17
37
43
32
34
-4
-21
-8
-4
-22
-41
-44
-38
-45
-55
-27
6
29
40
45
35
13
-9
-13
6
24
62
83
97
120
128
123
111
111
97
76
53
18
-12
-17
-29
-47
-60
-61
-56
-43
-41
-40
-28
-28
-18
25
65
102
128
122
121
128
111
81
57
45
36
22
22
16
0
-11
-23
-12
-3
-16
-11
1
-5
-4
5
-15
-52
-83
-96
-83
-83
-107
-100
-76
-71
-54
-30
-32
-48
-55
-72
-90
-72
-74
-66
-31
-11
-1
-2
7
21
56
96
112
118
115
80
40
18
16
28
26
-7
-25
-33
-54
-33
-7
6
22
43
65
95
103
88
76
57
28
7
20
26
2
-18
-28
-29
-18
-29
-24
-15
-51
-93
-96
-100
-104
-106
-89
-39
-19
-17
16
21
6
-2
-23
-17
-15
-44
-80
-70
-67
-73
-79
-98
-104
-109
-91
-51
-25
12
43
79
135
146
148
135
117
116
134
127
113
106
64
23
1
-16
-41
-58
-82
-73
-56
-47
-44
-27
-22
-68
-87
-66
-14
44
113
160
203
255
271
292
291
241
187
150
115
69
22
-57
-97
-92
-60
-28
-28
-73
-132
-171
-201
-200
-173
-136
-79
-15
32
92
115
120
136
117
62
29
26
-10
-57
-100
-148
-205
-245
-292
-341
-347
-353
-345
-333
-314
-264
-229
-193
-130
-39
98
215
269
307
316
281
233
168
118
104
82
63
62
60
30
-10
-40
-71
-91
-118
-152
-151
-100
-53
-11
68
146
173
208
245
248
211
136
67
38
52
90
83
27
-11
-78
-98
-42
-5
39
115
178
234
264
244
208
123
14
-42
-61
-101
-151
-168
-183
-188
-150
-114
-58
45
37
-65
-96
-82
-60
-4
-8
6
68
47
12
18
-10
-35
-34
-68
-87
-116
-197
-223
-199
-262
-279
-201
-148
-66
2
2
40
43
1
73
138
115
54
-16
-29
9
21
30
41
11
-20
-28
-10
42
107
116
155
239
279
315
369
381
413
359
192
159
176
155
260
350
285
243
196
74
-39
-229
-462
-580
-741
-917
-1014
-1111
-1123
-1061
-1038
-870
-542
-281
-50
206
346
432
515
477
454
487
495
547
752
941
1007
1113
1225
1325
1361
1125
781
502
105
-303
-589
-943
-1208
-1281
-1361
-1332
-1165
-1131
-1060
-809
-687
-638
-566
-619
-538
-341
-306
-164
54
188
493
862
1065
1293
1490
1529
1640
1550
1258
1153
882
552
425
127
-59
-57
-431
-634
-540
-777
-906
-869
-1058
-912
-742
-1001
-876
-616
-613
-358
-185
-278
-118
13
-14
226
315
229
478
689
795
1071
1092
967
1045
853
429
135
-345
-930
-1175
-1360
-1604
-1627
-1609
-1464
-1080
-904
-911
-693
-555
-590
-612
-801
-939
-807
-775
-419
549
1115
1624
2666
3460
4198
4726
4168
3768
3700
2668
1690
943
-526
-1380
-1679
-2451
-2470
-2214
-2596
-2055
-1221
-1336
-1064
-826
-1070
-537
-404
-1046
-709
-228
-120
750
1377
1563
2318
2544
2272
2449
1806
496
-186
-1062
-2115
-2729
-3538
-4010
-3620
-3435
-3279
-2531
-1842
-1178
-290
245
690
1341
1570
1581
1781
1613
1238
1185
1101
934
865
572
307
369
146
-241
-206
-201
-340
-198
-50
221
814
1024
1091
1503
1588
1384
1463
1333
1062
1038
859
845
1090
827
449
423
205
-131
-496
-1166
-1665
-1920
-2493
-2909
-2866
-2845
-2595
-2047
-1595
-985
-271
138
578
1045
1007
770
668
453
277
106
-235
-322
-97
1
187
560
807
1063
1315
1315
1251
1133
737
361
104
-285
-627
-831
-1040
-1058
-963
-1027
-1001
-847
-894
-891
-629
-416
-192
194
532
916
1390
1602
1788
2055
1922
1601
1419
1088
750
580
230
-88
-182
-428
-648
-642
-805
-1036
-1099
-1312
-1402
-1270
-1351
-1374
-1044
-702
-268
289
607
943
1393
1534
1529
1493
1171
874
645
188
-253
-518
-886
-1097
-1133
-1298
-1262
-930
-547
-89
305
467
749
1031
953
781
534
74
-325
-705
-1188
-1501
-1734
-1750
-1307
-866
-366
445
1273
2075
2648
2741
2626
2317
1701
938
-63
-1056
-1673
-2122
-2383
-2310
-2227
-1917
-1230
-775
-492
-219
-302
-358
-325
-669
-903
-871
-868
-473
199
711
1477
2398
2961
3476
3717
3251
2676
1863
606
-532
-1662
-2734
-3271
-3582
-3698
-3201
-2507
-1814
-837
100
885
1684
2122
2233
2270
2024
1614
1202
589
-33
-357
-354
-63
255
565
1051
1739
2328
2561
2381
1979
1430
610
-345
-1399
-2333
-2958
-3336
-3297
-2866
-2377
-1662
-680
126
672
922
763
573
394
-214
-922
-1362
-1554
-1421
-1073
-579
221
1093
1730
2337
2686
2498
2054
1417
610
-219
-1185
-2199
-2767
-2902
-2904
-2595
-2002
-1327
-451
458
1042
1345
1413
1197
1018
742
209
-239
-594
-667
-192
386
901
1768
2734
3661
4572
4819
4428
3869
2844
1401
-57
-1724
-3143
-3904
-4407
-4462
-4008
-3466
-2570
-1289
-429
129
523
435
405
259
-471
-1024
-1147
-1303
-1043
-473
-83
718
1736
2456
3054
3199
2752
2273
1576
343
-911
-2177
-3283
-3704
-3804
-3771
-3281
-2382
-1292
-11
1032
1631
2125
2270
1997
1552
948
91
-809
-1164
-939
-658
-242
651
1886
3463
4584
4654
4650
4514
3411
1964
319
-1730
-3187
-4224
-5302
-5501
-5239
-4921
-3543
-1905
-845
262
933
1274
2021
1927
868
383
125
-143
37
-36
-78
766
1435
1793
2520
2640
2236
2053
1413
359
-624
-1898
-2908
-3225
-3683
-3989
-3384
-2408
-1387
-142
877
1711
2657
3029
2858
2665
1996
812
333
398
-81
-331
-1
754
2314
3194
2843
3163
3463
2416
1383
-110
-2283
-3289
-4357
-5621
-5280
-5093
-5226
-3546
-1840
-955
490
1091
1478
2859
2690
1640
1955
1849
1319
1538
1069
882
1784
1612
1416
2007
1426
666
622
-235
-1329
-2082
-3465
-4146
-3941
-4531
-4732
-3758
-2911
-1808
-305
424
1228
2346
2541
2553
2786
1964
934
1260
1488
1102
1328
1641
2448
4062
4119
3402
3992
3586
2031
1109
-839
-2745
-3226
-4618
-5579
-4840
-5288
-5398
-3508
-2589
-1984
-776
-845
-176
1327
588
19
966
790
861
1600
1163
1639
2746
2238
2411
3026
1822
1125
998
-462
-1476
-2244
-3717
-3791
-3426
-4145
-3624
-2194
-1494
-144
1155
1539
2589
3354
2950
3111
2954
1549
1544
2139
1555
1729
2225
2604
4313
4880
3716
3981
3861
1896
790
-905
-3421
-4128
-5255
-6674
-5965
-5826
-6080
-4208
-2849
-2250
-689
-164
458
2252
1926
992
1709
1619
1173
1396
735
744
1828
1462
1376
2178
1262
338
154
-1170
-2347
-3349
-4982
-5242
-4767
-5265
-4849
-3238
-2010
-453
1029
1610
2608
3336
2833
2654
2278
1185
1397
1940
1686
2181
3015
3987
5812
6229
5224
5124
4506
2814
1272
-1238
-3526
-4138
-5150
-5933
-5370
-5294
-4878
-3211
-2250
-1340
-187
-124
715
2181
1868
1594
2134
2153
2491
2618
1876
2171
2792
2142
1859
1764
792
97
-809
-2369
-3376
-4627
-6175
-6368
-6166
-6401
-5797
-4534
-3007
-929
596
1583
2954
3734
3729
3494
2565
1899
2055
1780
1485
1969
2787
4197
5512
5523
5380
5295
4145
2621
652
-1979
-3717
-4870
-6161
-6651
-6755
-6585
-5223
-3791
-2932
-1675
-608
96
1153
1502
1241
1618
1867
1940
2519
2461
2246
3094
3459
3116
2870
2106
1369
907
-436
-2069
-3130
-4326
-5245
-5465
-5865
-5824
-4825
-3693
-2267
-571
517
1541
2774
3136
2819
2329
1913
2140
2492
2332
2265
3024
4470
5713
6082
5929
5705
5087
3792
1611
-1018
-3252
-5081
-6417
-7170
-7669
-7747
-6870
-5361
-3901
-2702
-1846
-791
599
1411
1615
1895
2278
2788
3366
3505
3566
4158
4682
4791
4649
4046
3265
2450
1137
-559
-2262
-3913
-5184
-6057
-6899
-7240
-6559
-5304
-3875
-2430
-999
521
1790
2458
2487
2041
1552
1392
1362
1432
1631
2247
3590
5040
5868
6128
5913
5448
4771
2945
249
-2120
-4187
-5938
-7043
-7956
-8312
-7543
-6295
-4825
-3268
-2253
-1114
446
1283
1514
1694
1666
2056
2539
2294
2292
2929
3561
4249
4648
4375
4221
3954
2796
1337
-458
-2755
-4605
-5984
-7061
-7346
-6955
-5930
-4232
-2562
-1051
670
2132
3030
3452
3101
2498
2275
1883
1494
1508
1754
2733
4223
5170
5858
6207
5721
5067
3727
1074
-1408
-3402
-5380
-6632
-7719
-8634
-8087
-7018
-6066
-4591
-3271
-2098
-358
864
1380
2157
2659
3074
3821
3817
3463
3897
4218
4432
4809
4220
3426
3095
2061
650
-785
-2747
-4135
-4952
-6197
-7046
-7142
-6905
-5756
-4139
-2893
-1149
893
2347
3479
3761
3170
3068
3096
2678
2596
2648
3125
4581
5499
5777
6147
5811
5088
4158
2092
-299
-2255
-4355
-5945
-6947
-8056
-8109
-7083
-6195
-5097
-3905
-3036
-1604
-187
167
559
1035
1215
2027
2646
2688
3351
4023
4347
4886
4700
3890
3503
2684
1316
-5
-1897
-3711
-4725
-5835
-6736
-6752
-6457
-5610
-4146
-2989
-1620
112
1143
1757
2128
1894
1896
2210
2156
2388
2820
3268
4529
5720
6260
6840
6908
6346
5745
4098
1709
-170
-2258
-4205
-5416
-6776
-7549
-7112
-6566
-5714
-4427
-3538
-2248
-611
-14
354
865
936
1487
2070
1995
2422
3114
3392
4060
4521
4212
4044
3393
1952
691
-990
-2997
-4255
-5558
-6948
-7354
-7352
-6803
-5296
-4125
-2900
-914
566
1517
2451
2643
2743
3191
2969
2883
3291
3430
4238
5395
5777
6245
6523
5956
5408
4173
1882
52
-1762
-3892
-5411
-6900
-7966
-7736
-7320
-6844
-5731
-4741
-3574
-1872
-791
-93
800
1279
1903
2776
3043
3431
4157
4512
4926
5180
4796
4470
4010
2816
1396
-177
-1935
-3314
-4655
-6071
-6774
-6954
-6685
-5670
-4628
-3600
-2046
-513
663
1624
2052
2345
2923
3021
2926
3234
3550
4316
5436
6047
6551
6895
6560
6002
4868
2819
884
-1036
-3144
-4825
-6425
-7784
-8097
-7920
-7605
-6723
-5725
-4536
-2916
-1669
-699
423
1237
1906
2641
3015
3447
4144
4622
5096
5368
5133
4951
4623
3705
2421
727
-1215
-2940
-4590
-6199
-7296
-7836
-7796
-7055
-6040
-4789
-3090
-1421
83
1346
1960
2305
2675
2792
3006
3394
3676
4358
5326
5902
6410
6791
6649
6310
5248
3330
1521
-421
-2493
-4128
-5871
-7406
-7933
-8054
-7837
-7071
-6295
-5117
-3488
-2160
-903
260
960
1620
2292
2675
3213
3918
4344
4880
5320
5284
5251
4998
4091
2940
1451
-397
-2003
-3630
-5268
-6347
-6990
-7109
-6554
-5780
-4709
-3239
-1798
-524
615
1373
1898
2445
2746
3008
3353
3702
4388
5268
5914
6465
6833
6722
6272
5257
3607
1803
-270
-2442
-4206
-5866
-7234
-7845
-7992
-7597
-6625
-5662
-4559
-3227
-2132
-1039
45
757
1351
1937
2445
3107
3824
4453
5013
5349
5441
5395
5012
4070
2796
1243
-642
-2542
-4335
-5961
-7142
-7820
-7905
-7442
-6570
-5263
-3660
-2009
-523
741
1660
2417
3083
3378
3708
4108
4424
5087
5778
6216
6678
6827
6500
6023
4964
3261
1457
-606
-2706
-4374
-5954
-7202
-7771
-8125
-7999
-7154
-6258
-5178
-3742
-2530
-1306
-54
765
1586
2447
2950
3487
4066
4417
4983
5447
5484
5513
5238
4416
3366
2033
283
-1504
-3352
-5282
-6710
-7638
-8094
-7786
-6927
-5705
-4161
-2561
-1025
418
1538
2380
3074
3520
3842
4108
4447
5026
5652
6248
6784
6962
6776
6190
4973
3469
1703
-517
-2542
-4374
-6120
-7259
-8030
-8421
-7949
-7133
-6303
-5042
-3780
-2652
-1276
-296
354
1174
1652
2087
2861
3422
3931
4658
5083
5252
5291
4880
4203
3294
1824
15
-1694
-3322
-4760
-5804
-6587
-6862
-6531
-5860
-4764
-3423
-2103
-847
278
1268
2084
2753
3321
3827
4299
4841
5345
5782
6345
6646
6557
6250
5369
4059
2611
757
-1146
-2794
-4582
-6102
-7071
-7961
-8320
-7930
-7427
-6427
-5043
-4006
-2693
-1265
-344
718
1780
2468
3361
4117
4453
5065
5575
5607
5620
5205
4416
3721
2570
1098
-343
-2062
-3727
-4956
-5977
-6624
-6682
-6436
-5706
-4556
-3386
-2092
-847
292
1421
2291
3073
3914
4590
5259
5871
6178
6516
6731
6445
5964
5065
3676
2234
468
-1415
-2931
-4481
-5809
-6526
-7177
-7434
-7080
-6879
-6267
-5146
-4327
-3295
-2134
-1321
-246
857
1631
2660
3540
4034
4715
5095
5138
5203
4720
4002
3346
2200
993
-26
-1420
-2709
-3614
-4476
-4873
-4945
-4904
-4356
-3667
-3009
-2087
-1173
-156
928
1655
2447
3377
4047
4814
5536
5951
6459
6602
6198
5685
4662
3341
2174
613
-935
-2147
-3531
-4565
-5190
-5895
-6176
-6185
-6358
-6076
-5647
-5408
-4647
-3755
-2919
-1634
-474
493
1741
2709
3454
4337
4808
5010
5174
4802
4217
3536
2328
1060
-56
-1336
-2466
-3296
-4047
-4440
-4479
-4311
-3836
-3244
-2533
-1697
-812
216
1139
1938
2886
3646
4308
5134
5609
5971
6442
6309
5932
5494
4269
2906
1572
-277
-1779
-2965
-4257
-4878
-5218
-5630
-5328
-4930
-4794
-4113
-3615
-3418
-2681
-2195
-1888
-1178
-780
-198
882
1569
2427
3491
3886
4134
4273
3810
3281
2608
1383
192
-863
-1971
-2724
-3229
-3689
-3708
-3479
-3206
-2668
-2231
-1879
-1338
-773
-183
385
984
1750
2577
3381
4083
4653
5183
5483
5310
4832
4003
2939
1906
604
-825
-1956
-2925
-3676
-4034
-4358
-4594
-4427
-4099
-3641
-3043
-2583
-2105
-1635
-1301
-815
-243
280
947
1558
1979
2510
2979
3191
3264
3051
2690
2293
1710
970
153
-597
-1172
-1597
-1865
-1839
-1660
-1388
-984
-638
-309
-58
60
409
761
941
1325
1750
2259
2952
3274
3525
4047
4016
3468
2874
1717
457
-551
-1976
-3229
-3976
-4791
-5221
-5160
-5160
-4767
-4236
-3961
-3263
-2507
-2157
-1613
-1259
-1176
-691
-341
-91
613
1091
1448
2118
2533
2705
2789
2467
2053
1601
762
-25
-603
-1137
-1452
-1652
-1604
-1075
-476
41
544
885
1105
1357
1600
1724
1738
1709
1914
2463
3117
3570
3850
4257
4514
4289
3708
2743
1513
221
-1365
-2945
-3878
-4540
-5023
-4978
-4726
-4215
-3384
-2727
-2191
-1598
-1200
-809
-324
-65
128
447
761
1159
1595
1803
1976
2216
2199
1929
1599
1093
374
-337
-1124
-1938
-2379
-2585
-2718
-2569
-2262
-1837
-1087
-300
318
959
1428
1764
2166
2262
2163
2228
2303
2462
2658
2576
2623
2855
2610
2188
1766
890
-10
-939
-2248
-3227
-3891
-4595
-4871
-4868
-4805
-4261
-3574
-2991
-2064
-1272
-756
-46
396
644
1042
1271
1394
1590
1649
1748
1991
2002
1788
1503
1059
552
54
-537
-1180
-1604
-1833
-2040
-1950
-1715
-1362
-618
133
710
1435
2104
2529
2961
3232
3276
3425
3581
3676
3763
3608
3432
3444
3165
2423
1525
508
-529
-1525
-2808
-4003
-4727
-5345
-5751
-5814
-5738
-5295
-4528
-3752
-2837
-1806
-960
-224
502
1064
1481
1822
2185
2550
2736
2771
2763
2738
2522
1963
1253
491
-417
-1376
-2219
-2945
-3353
-3342
-3222
-2894
-2334
-1616
-576
402
1146
1931
2614
3112
3532
3630
3518
3690
3830
3829
3832
3461
3105
2912
2172
1185
255
-947
-2038
-2980
-4180
-5018
-5420
-5832
-5787
-5473
-5059
-4145
-3189
-2373
-1345
-379
374
1128
1745
2223
2687
3004
3330
3691
3837
3803
3707
3531
3031
2228
1260
156
-862
-1937
-3117
-3903
-4220
-4309
-4051
-3488
-2666
-1446
-249
722
1729
2455
2786
3126
3299
3218
3218
3247
3304
3529
3561
3393
3297
2930
2182
1317
282
-919
-2208
-3677
-5009
-5851
-6345
-6575
-6387
-5866
-5151
-4209
-3163
-2104
-1051
-191
474
1147
1685
1991
2368
2729
2991
3278
3421
3427
3372
3020
2368
1593
612
-481
-1445
-2507
-3544
-4180
-4574
-4649
-4267
-3624
-2534
-1128
51
1231
2433
3268
4044
4676
4710
4714
4857
4851
5005
5002
4542
4301
4114
3431
2620
1482
-76
-1399
-2809
-4385
-5506
-6416
-7103
-7274
-7190
-6774
-5930
-5083
-4099
-2971
-2081
-1167
-193
635
1470
2109
2599
3261
3738
3919
4010
3925
3808
3525
2777
1923
965
-286
-1487
-2641
-3687
-4220
-4459
-4467
-4006
-3299
-2286
-1008
165
1430
2636
3412
4164
4873
5184
5429
5563
5445
5534
5492
5089
4818
4254
3197
2138
867
-602
-2009
-3657
-5277
-6304
-7034
-7511
-7513
-7310
-6820
-5970
-5015
-3925
-2806
-1821
-877
63
883
1594
2273
2882
3419
3888
4198
4256
4195
3935
3267
2371
1314
124
-1051
-2323
-3586
-4491
-5062
-5348
-5153
-4627
-3775
-2515
-1317
-154
1221
2333
3282
4240
4710
4957
5272
5373
5574
5780
5482
5222
5091
4500
3634
2429
758
-776
-2386
-4215
-5623
-6739
-7569
-7783
-7616
-7103
-6172
-5159
-4013
-2701
-1685
-779
177
958
1694
2270
2694
3312
3884
4281
4652
4751
4641
4396
3678
2644
1593
292
-1083
-2399
-3731
-4564
-4977
-5204
-4883
-4285
-3607
-2464
-1232
-124
1137
2020
2646
3579
4122
4361
4771
4898
5007
5241
5065
4823
4656
3948
2967
1813
230
-1244
-2683
-4382
-5646
-6542
-7371
-7673
-7524
-7102
-6300
-5443
-4512
-3312
-2150
-1175
-195
715
1354
1909
2516
3072
3601
4031
4243
4453
4603
4389
3907
3223
2255
1240
79
-1348
-2494
-3261
-3920
-4123
-3947
-3593
-2712
-1675
-731
457
1484
2143
2879
3481
3751
4029
4266
4436
4771
4914
4864
4940
4722
4095
3251
2009
527
-971
-2685
-4362
-5642
-6702
-7450
-7768
-7732
-7301
-6539
-5639
-4606
-3411
-2275
-1271
-286
633
1365
2016
2590
3062
3497
3753
3777
3790
3729
3425
2900
2120
1208
256
-807
-1938
-2858
-3512
-4017
-4280
-4267
-3966
-3331
-2441
-1480
-410
634
1428
2128
2789
3214
3531
3808
3986
4338
4635
4727
4989
5003
4537
3927
2927
1689
496
-1065
-2706
-4002
-5223
-6069
-6358
-6389
-6045
-5290
-4472
-3444
-2303
-1394
-539
219
851
1385
1752
2160
2750
3253
3604
3873
4009
4060
3879
3294
2412
1351
140
-1117
-2343
-3374
-4053
-4460
-4588
-4296
-3729
-2953
-1998
-1178
-355
422
856
1235
1711
1966
2253
2658
2984
3575
4157
4394
4698
4893
4567
3974
2976
1584
250
-1326
-3021
-4244
-5253
-6109
-6509
-6542
-6209
-5519
-4768
-3912
-2853
-1922
-1144
-320
475
1249
1911
2361
2905
3590
4114
4433
4603
4567
4209
3510
2580
1505
400
-810
-2046
-2990
-3719
-4270
-4449
-4266
-3776
-3010
-2155
-1328
-445
337
863
1366
1784
2065
2434
2712
3097
3764
4311
4648
4957
5058
4807
4304
3458
2231
863
-665
-2251
-3480
-4510
-5371
-5763
-5942
-5913
-5509
-5029
-4429
-3552
-2750
-2070
-1300
-639
66
907
1574
2299
3106
3660
4119
4517
4483
4190
3708
2824
1864
901
-269
-1409
-2363
-3260
-3815
-4034
-4073
-3636
-2981
-2309
-1468
-690
-12
578
1051
1432
1817
2132
2423
2868
3389
3906
4427
4846
5021
4962
4468
3481
2272
846
-814
-2436
-3967
-5250
-6018
-6459
-6536
-6104
-5566
-4882
-4002
-3266
-2444
-1614
-1026
-327
334
814
1483
2197
2809
3533
4035
4279
4570
4421
3903
3313
2336
1308
343
-908
-1976
-2657
-3212
-3359
-3235
-3052
-2525
-1869
-1309
-641
-57
279
660
963
1210
1560
1898
2271
2909
3518
3912
4311
4652
4769
4574
3910
2819
1621
290
-1239
-2646
-3744
-4693
-5268
-5544
-5553
-5229
-4742
-4212
-3500
-2774
-2184
-1553
-967
-324
361
870
1339
1907
2378
2685
2974
3091
3003
2863
2398
1766
1196
377
-579
-1357
-2101
-2731
-3030
-3197
-3090
-2586
-2016
-1322
-627
-123
339
619
752
954
1138
1334
1685
2140
2715
3348
3850
4305
4644
4664
4336
3569
2440
1187
-274
-1742
-2988
-4050
-4751
-5099
-5173
-4820
-4243
-3594
-2707
-1897
-1181
-523
-93
311
823
1198
1552
1982
2301
2677
2985
3069
3176
3056
2648
2133
1371
523
-334
-1311
-2111
-2677
-3216
-3404
-3298
-3100
-2574
-1970
-1467
-872
-403
-185
53
234
284
448
663
896
1476
2203
2842
3540
4054
4240
4213
3682
2721
1719
482
-882
-1942
-2940
-3759
-4156
-4418
-4382
-3951
-3515
-2947
-2195
-1649
-1083
-502
-128
373
902
1203
1614
2071
2439
2799
2935
2942
2954
2662
2135
1548
778
-9
-789
-1657
-2269
-2664
-2969
-3032
-2914
-2641
-2107
-1530
-961
-322
157
469
712
974
1269
1540
1779
2198
2783
3312
3703
3992
4152
4081
3610
2797
1783
596
-692
-1975
-3084
-3949
-4561
-4868
-4796
-4468
-3972
-3347
-2715
-2024
-1305
-776
-348
82
393
698
1005
1246
1602
1956
2175
2395
2520
2472
2345
1979
1464
937
204
-586
-1270
-1835
-2188
-2431
-2573
-2361
-1856
-1395
-875
-336
87
484
728
884
1102
1271
1405
1671
2130
2648
3126
3440
3752
3943
3741
3245
2441
1418
315
-914
-2162
-3198
-4037
-4611
-4818
-4708
-4316
-3726
-3056
-2276
-1490
-808
-275
149
538
876
1078
1212
1398
1618
1781
1830
1835
1851
1763
1447
975
351
-354
-990
-1675
-2332
-2789
-3117
-3182
-2944
-2582
-2030
-1348
-750
-117
498
838
1033
1214
1402
1649
1876
2051
2441
2955
3337
3665
3910
3886
3633
3110
2280
1349
276
-865
-1851
-2643
-3255
-3660
-3741
-3454
-2936
-2425
-1919
-1370
-883
-400
-131
-3
191
259
255
401
568
820
1156
1372
1636
1870
1830
1629
1247
707
136
-594
-1414
-2010
-2396
-2635
-2678
-2574
-2257
-1713
-1123
-567
-37
356
552
600
609
702
824
900
1109
1577
2159
2649
3018
3364
3562
3447
2977
2236
1325
311
-771
-1732
-2473
-3054
-3343
-3403
-3178
-2695
-2203
-1744
-1193
-690
-407
-218
-110
-10
129
137
95
284
627
935
1235
1528
1738
1875
1822
1509
1106
545
-207
-881
-1505
-1987
-2205
-2297
-2179
-1761
-1244
-727
-206
214
538
673
552
495
576
598
605
803
1308
1939
2421
2753
3082
3278
3150
2662
1966
1123
90
-946
-1814
-2505
-2955
-3202
-3205
-2895
-2497
-2122
-1635
-1098
-690
-438
-427
-429
-334
-310
-254
-156
31
424
856
1141
1488
1801
1915
1958
1727
1217
681
-48
-835
-1453
-1980
-2237
-2257
-2172
-1830
-1355
-902
-379
18
268
420
310
180
225
162
214
446
778
1411
2104
2563
3054
3399
3368
3136
2556
1698
813
-250
-1193
-1916
-2557
-2828
-2834
-2696
-2366
-1994
-1614
-1162
-878
-732
-581
-560
-541
-458
-435
-226
83
339
805
1356
1741
2092
2290
2283
2147
1694
1078
486
-243
-949
-1480
-1867
-1988
-1900
-1702
-1233
-619
-108
226
455
595
624
466
255
152
90
163
434
925
1569
2078
2490
2948
3157
3024
2593
1801
925
39
-986
-1897
-2598
-3066
-3164
-3078
-2921
-2575
-2195
-1832
-1465
-1250
-1157
-1077
-1057
-1038
-957
-837
-496
-92
404
1065
1592
2077
2481
2686
2647
2274
1713
1097
300
-530
-1232
-1868
-2178
-2235
-2168
-1729
-1187
-716
-196
147
403
650
558
334
296
173
53
248
604
1190
1924
2456
3046
3508
3553
3381
2889
2097
1167
82
-1016
-1896
-2664
-3136
-3284
-3277
-2967
-2570
-2142
-1661
-1344
-1144
-963
-882
-851
-738
-652
-401
72
529
1175
1908
2496
3038
3343
3355
3252
2818
2046
1185
167
-863
-1704
-2447
-2887
-2988
-2901
-2533
-1998
-1389
-806
-380
-122
-48
-206
-418
-526
-595
-511
-278
201
1019
1930
2738
3421
3848
4015
3819
3199
2388
1362
243
-809
-1812
-2523
-2857
-3019
-2840
-2447
-2100
-1662
-1347
-1240
-1060
-977
-989
-898
-879
-835
-549
-127
501
1246
1819
2371
2829
2917
2837
2536
1935
1335
497
-537
-1434
-2291
-2859
-3004
-3005
-2706
-2125
-1681
-1094
-471
-156
160
235
70
129
174
108
320
637
1187
2160
2970
3645
4398
4758
4809
4542
3745
2819
1680
275
-904
-1962
-2929
-3513
-3894
-4018
-3780
-3521
-3110
-2552
-2140
-1716
-1414
-1270
-1081
-911
-745
-391
65
564
1225
1889
2494
3040
3299
3312
3057
2374
1459
401
-826
-1892
-2732
-3393
-3644
-3639
-3396
-2679
-1935
-1265
-481
-12
224
461
349
129
126
77
268
787
1337
2284
3435
4228
4949
5461
5475
5175
4356
3110
1866
434
-994
-2097
-3157
-3907
-4153
-4260
-4087
-3719
-3377
-2887
-2480
-2257
-1942
-1660
-1414
-1080
-846
-513
119
776
1485
2193
2757
3336
3660
3476
3123
2492
1547
526
-745
-1899
-2739
-3534
-3946
-3902
-3692
-3059
-2276
-1626
-792
-78
251
568
695
680
920
1091
1325
1908
2453
3157
4088
4699
5134
5460
5437
5133
4323
3028
1654
194
-1280
-2639
-3845
-4677
-5089
-5217
-5047
-4689
-4146
-3427
-2785
-2165
-1516
-1062
-663
-253
23
392
923
1455
2187
2899
3388
3867
4083
3842
3431
2740
1672
507
-860
-2249
-3313
-4221
-4823
-4859
-4655
-4059
-3032
-2218
-1398
-448
74
486
779
659
725
914
979
1446
2057
2713
3843
4813
5422
5983
6030
5563
4778
3367
1717
87
-1716
-3287
-4470
-5398
-5798
-5715
-5291
-4581
-3797
-2981
-2136
-1492
-994
-475
-65
271
588
986
1530
2062
2587
3118
3509
3738
3736
3337
2608
1674
550
-648
-1885
-3106
-3992
-4598
-5063
-5105
-4724
-4087
-3120
-2088
-1238
-310
476
962
1325
1317
1148
1255
1356
1608
2252
2866
3706
4771
5496
6113
6421
6058
5436
4350
2666
882
-1016
-2867
-4288
-5434
-6227
-6428
-6266
-5734
-4855
-3902
-2882
-1891
-1058
-356
204
675
1061
1442
1907
2381
2893
3502
4013
4346
4461
4176
3627
2732
1477
97
-1379
-2755
-3852
-4686
-5187
-5266
-5002
-4429
-3581
-2639
-1723
-881
-120
445
823
1130
1314
1460
1638
1821
2159
2602
3158
3939
4658
5133
5402
5316
4829
3999
2655
1032
-671
-2563
-4272
-5599
-6599
-6971
-6840
-6398
-5477
-4338
-3218
-2000
-806
179
1011
1607
2022
2431
2768
3026
3386
3725
3949
4116
4067
3808
3411
2730
1770
661
-648
-1924
-2963
-3948
-4693
-4970
-4973
-4668
-4042
-3256
-2258
-1290
-541
157
618
784
914
862
759
923
1154
1575
2216
2852
3615
4326
4662
4742
4497
3819
2929
1703
151
-1419
-2974
-4367
-5348
-5963
-6243
-6018
-5420
-4599
-3535
-2473
-1504
-512
375
1131
1795
2203
2574
2960
3112
3257
3427
3431
3472
3420
3072
2717
2126
1229
392
-639
-1723
-2494
-3288
-3837
-3835
-3809
-3469
-2744
-2103
-1252
-421
87
747
1252
1388
1677
1811
1734
1914
2037
2196
2670
2937
3303
3833
3927
3912
3746
3020
2198
1130
-453
-1828
-3131
-4404
-5062
-5553
-5828
-5456
-4995
-4320
-3253
-2332
-1434
-393
338
978
1548
1726
1946
2123
1922
1844
1774
1553
1573
1531
1296
1134
895
501
63
-650
-1409
-2005
-2691
-3204
-3351
-3431
-3270
-2800
-2287
-1508
-653
-34
630
1220
1497
1754
1915
1875
1942
2130
2230
2511
2906
3209
3704
4052
4116
4225
3940
3241
2451
1366
54
-1165
-2474
-3577
-4243
-4830
-5003
-4702
-4271
-3486
-2502
-1710
-737
228
859
1409
1652
1570
1559
1405
1082
905
709
558
561
446
293
205
-6
-365
-782
-1387
-2009
-2629
-3291
-3679
-3825
-3843
-3528
-2849
-2082
-1152
-164
697
1587
2278
2595
2851
2919
2683
2551
2495
2463
2713
2912
3052
3449
3659
3621
3608
3275
2660
1959
862
-297
-1247
-2397
-3196
-3554
-3948
-3856
-3413
-2985
-2091
-1143
-358
661
1332
1626
1987
1896
1617
1469
926
414
138
-296
-501
-441
-685
-720
-630
-855
-981
-1282
-1959
-2468
-3016
-3751
-4102
-4388
-4591
-4233
-3783
-3147
-2075
-1154
-223
924
1633
2136
2611
2592
2536
2577
2363
2338
2486
2469
2725
3091
3282
3532
3584
3303
2929
2235
1221
264
-726
-1770
-2496
-3056
-3335
-3064
-2595
-1889
-872
77
1032
1986
2563
2929
3125
2862
2417
1893
1095
475
-50
-632
-897
-992
-1112
-1000
-904
-943
-923
-1102
-1486
-1877
-2432
-3026
-3318
-3527
-3628
-3367
-2891
-2210
-1165
-94
877
1768
2356
2726
2915
2751
2379
2107
1714
1305
1161
1030
1108
1484
1707
1965
2197
2023
1740
1386
553
-325
-1109
-2069
-2691
-3074
-3410
-3190
-2718
-2239
-1391
-507
259
1088
1568
1720
1812
1516
1005
553
-62
-600
-949
-1302
-1371
-1202
-1096
-735
-278
-169
-120
-262
-730
-1198
-1831
-2614
-3065
-3282
-3354
-2960
-2334
-1517
-384
708
1731
2808
3510
3714
3675
3263
2610
2037
1401
763
519
456
683
1322
1908
2405
2911
3074
2901
2612
1810
722
-228
-1314
-2153
-2563
-2972
-2803
-2124
-1591
-749
192
732
1296
1556
1307
1130
645
-191
-679
-1222
-1751
-1800
-1785
-1561
-957
-573
-243
246
376
307
125
-460
-1063
-1631
-2392
-2882
-3000
-3005
-2588
-1822
-921
217
1251
2041
2813
3209
3168
2951
2358
1598
881
89
-537
-878
-955
-638
-6
765
1548
2263
2786
3036
3031
2584
1784
960
96
-761
-1438
-1935
-2046
-1739
-1427
-900
-169
327
664
755
517
207
-376
-1164
-1861
-2491
-2890
-2895
-2743
-2373
-1732
-1072
-347
320
817
1071
943
555
-25
-652
-1238
-1768
-2120
-2216
-2021
-1509
-821
-69
765
1497
1975
2268
2292
1987
1412
707
-11
-663
-1050
-1193
-1060
-504
223
1117
2225
3098
3761
4181
4165
3891
3320
2463
1719
1005
227
-270
-640
-825
-669
-673
-620
-415
-390
-359
-504
-943
-1379
-1892
-2428
-2651
-2777
-2872
-2666
-2343
-1887
-1265
-762
-258
207
465
644
712
557
280
-83
-515
-845
-1039
-1132
-1024
-820
-499
-3
448
856
1219
1348
1228
937
508
63
-434
-927
-1234
-1230
-964
-446
364
1284
2267
3121
3775
4355
4661
4578
4193
3492
2753
1971
996
50
-756
-1440
-1866
-2150
-2365
-2369
-2385
-2493
-2427
-2370
-2378
-2326
-2439
-2537
-2551
-2618
-2531
-2232
-1923
-1476
-855
-221
519
1128
1565
1984
2084
1850
1511
1056
473
-127
-757
-1291
-1494
-1540
-1393
-886
-320
306
941
1311
1479
1484
1239
875
502
90
-101
-22
170
627
1310
2085
2957
3616
4014
4348
4212
3744
3107
1988
871
-130
-1247
-2114
-2691
-3112
-3113
-2947
-2728
-2236
-1796
-1480
-1139
-981
-921
-891
-1115
-1327
-1416
-1555
-1497
-1243
-1019
-591
28
529
1047
1404
1437
1432
1159
652
128
-600
-1416
-2167
-2815
-3121
-3075
-2872
-2425
-1632
-739
151
982
1613
2126
2413
2332
2073
1691
1208
938
728
578
845
1241
1735
2498
3011
3388
3788
3656
3263
2740
1715
829
-45
-1244
-2038
-2590
-2969
-2787
-2619
-2384
-1705
-1294
-1047
-686
-622
-578
-498
-790
-957
-911
-941
-707
-377
-123
397
866
1124
1446
1479
1275
1041
448
-210
-745
-1453
-2033
-2389
-2670
-2625
-2298
-1865
-1166
-373
306
1081
1772
2148
2424
2423
2188
1897
1376
816
452
206
23
28
244
598
999
1404
1779
2098
2091
1714
1287
661
-147
-953
-1737
-2225
-2418
-2570
-2443
-2037
-1632
-1124
-600
-242
95
247
77
-144
-354
-665
-920
-981
-941
-764
-575
-403
-64
226
280
353
378
214
-14
-390
-723
-864
-1018
-1127
-1009
-731
-348
113
610
1219
1799
2166
2429
2569
2463
2189
1794
1230
604
35
-508
-837
-894
-922
-718
-260
193
806
1301
1514
1771
1804
1523
1225
669
88
-303
-862
-1247
-1338
-1373
-1196
-948
-708
-336
-108
-98
-133
-372
-737
-1101
-1549
-1878
-2053
-2230
-2225
-2020
-1738
-1301
-847
-427
8
322
544
722
802
829
724
602
623
510
372
370
377
524
734
906
1197
1434
1474
1476
1412
1244
1001
596
187
-107
-464
-828
-1010
-1025
-835
-428
4
559
1171
1530
1887
2173
2089
1903
1518
939
521
-26
-649
-910
-1139
-1305
-1250
-1309
-1231
-1043
-1153
-1289
-1455
-1804
-1986
-2193
-2466
-2410
-2311
-2186
-1756
-1271
-694
-1
497
1008
1535
1733
1786
1738
1504
1304
1016
619
410
242
26
13
82
224
545
750
918
1201
1295
1276
1308
1149
890
628
157
-219
-396
-667
-707
-566
-460
-134
239
601
1114
1421
1523
1646
1521
1248
858
223
-259
-696
-1237
-1566
-1776
-1879
-1732
-1612
-1490
-1285
-1240
-1215
-1174
-1206
-1192
-1189
-1206
-1033
-863
-737
-403
-52
328
742
950
1115
1271
1179
963
747
448
129
-224
-586
-820
-1047
-1248
-1198
-1048
-832
-527
-301
12
396
613
772
896
860
809
759
571
396
216
-47
-54
137
324
707
1117
1540
2096
2375
2469
2636
2588
2343
1963
1307
745
305
-306
-726
-934
-1144
-1173
-1208
-1216
-1009
-924
-987
-986
-1083
-1236
-1343
-1491
-1488
-1350
-1276
-1105
-812
-570
-266
56
280
494
569
500
484
408
155
-138
-385
-531
-617
-724
-737
-542
-316
-162
35
248
485
720
800
852
929
793
520
293
2
-222
-422
-649
-612
-415
-314
-36
363
775
1292
1499
1565
1748
1581
1232
965
476
127
-198
-649
-715
-757
-879
-777
-749
-718
-623
-758
-866
-903
-1143
-1261
-1296
-1368
-1273
-1152
-968
-581
-186
138
424
655
849
938
832
731
700
529
326
159
3
-87
-132
-122
-6
109
180
323
501
642
718
708
625
490
323
140
-34
-184
-378
-561
-678
-748
-724
-614
-489
-297
-37
168
449
760
996
1361
1553
1570
1670
1547
1377
1302
1003
730
449
17
-162
-383
-757
-886
-1103
-1403
-1483
-1708
-1807
-1682
-1731
-1679
-1507
-1427
-1142
-815
-645
-329
-91
7
120
119
59
55
-42
-110
-41
-25
29
149
258
454
625
703
799
903
980
1072
1156
1268
1378
1377
1303
1169
993
824
579
237
-58
-370
-615
-636
-625
-503
-188
116
549
955
1145
1443
1674
1665
1572
1228
822
480
-77
-545
-871
-1318
-1616
-1881
-2213
-2272
-2308
-2370
-2271
-2227
-2111
-1800
-1578
-1327
-953
-691
-434
-231
-151
35
246
355
464
621
799
980
1031
981
974
869
662
425
149
-75
-223
-306
-311
-174
65
315
566
743
892
1047
1143
1127
973
703
455
246
-33
-325
-563
-558
-411
-280
-2
335
797
1223
1365
1528
1643
1471
1222
818
323
-5
-447
-849
-1020
-1257
-1402
-1463
-1660
-1633
-1533
-1532
-1332
-1213
-1179
-1009
-970
-947
-789
-746
-613
-377
-233
35
356
625
974
1242
1377
1512
1484
1241
992
710
394
148
-139
-357
-387
-385
-280
-12
228
569
976
1202
1431
1593
1524
1430
1192
809
503
130
-278
-526
-819
-1065
-1070
-1073
-936
-559
-190
286
770
947
1150
1318
1196
1078
765
278
-24
-429
-860
-1031
-1285
-1483
-1485
-1629
-1661
-1563
-1612
-1533
-1387
-1383
-1252
-1114
-1011
-748
-573
-452
-152
92
311
650
833
986
1139
1051
917
777
510
312
157
-113
-181
-173
-240
-65
87
211
476
616
730
908
936
984
1028
907
802
662
415
194
4
-194
-384
-591
-822
-955
-925
-870
-829
-675
-473
-177
202
454
740
1026
1032
929
695
324
34
-492
-1141
-1495
-1759
-1924
-1899
-1883
-1587
-1089
-811
-497
-127
118
411
540
499
586
607
567
642
763
1012
1299
1408
1546
1743
1830
1862
1768
1529
1246
851
385
49
-221
-463
-555
-531
-436
-286
-104
222
561
761
896
907
795
632
307
-78
-379
-795
-1184
-1403
-1508
-1425
-1280
-1151
-820
-449
-210
67
252
406
610
541
479
489
215
-19
-224
-536
-670
-887
-1173
-1137
-1120
-1120
-1005
-1004
-903
-737
-777
-738
-620
-623
-496
-343
-291
-136
-40
11
187
261
299
388
381
345
348
307
279
266
179
152
197
130
77
94
142
218
213
184
273
376
449
604
803
1000
1125
1112
1100
1129
1055
882
627
336
37
-292
-597
-844
-965
-937
-853
-664
-343
-31
338
694
905
1173
1316
1212
1075
804
533
431
208
55
146
165
251
376
335
372
301
-15
-283
-625
-1058
-1396
-1809
-2149
-2252
-2316
-2143
-1825
-1545
-1125
-666
-248
153
347
406
485
345
57
-113
-298
-464
-566
-682
-558
-241
-6
295
726
1039
1274
1356
1239
1189
989
623
402
151
-143
-347
-581
-674
-562
-515
-400
-143
-9
77
231
356
520
779
925
1108
1377
1451
1584
1824
1867
1840
1769
1504
1318
1087
632
336
21
-450
-724
-983
-1206
-1283
-1464
-1518
-1416
-1377
-1245
-1129
-1091
-930
-826
-770
-561
-437
-373
-220
-205
-239
-187
-201
-193
-193
-329
-404
-409
-558
-725
-816
-896
-859
-815
-803
-637
-481
-416
-224
-45
105
308
350
372
433
368
358
385
337
333
294
267
349
326
308
428
551
660
765
856
994
1112
1051
1048
1190
1175
1113
1031
854
825
760
550
499
466
277
190
45
-150
-182
-366
-561
-586
-716
-799
-742
-782
-724
-596
-550
-383
-243
-225
-143
-136
-195
-181
-219
-304
-384
-608
-835
-979
-1133
-1178
-1148
-1135
-1130
-1096
-982
-822
-666
-472
-234
15
234
378
472
574
560
451
368
282
192
106
13
23
98
114
225
447
648
886
1126
1410
1809
2022
2084
2173
2117
1960
1790
1544
1370
1221
920
701
492
171
-27
-194
-372
-476
-709
-995
-1162
-1405
-1654
-1749
-1815
-1776
-1648
-1583
-1405
-1149
-974
-797
-619
-521
-459
-439
-507
-550
-673
-835
-898
-915
-870
-733
-537
-289
-46
194
533
834
1064
1229
1258
1220
1109
850
567
250
-124
-407
-634
-752
-764
-795
-751
-648
-584
-435
-181
41
274
507
722
949
1090
1164
1266
1423
1494
1538
1661
1698
1675
1557
1290
1098
903
526
242
6
-298
-456
-638
-771
-698
-739
-783
-616
-516
-488
-457
-551
-574
-590
-748
-795
-798
-890
-960
-1015
-1008
-953
-999
-1023
-951
-899
-837
-752
-687
-614
-581
-608
-558
-424
-337
-246
-114
23
171
274
316
402
451
422
431
372
268
221
131
97
143
225
489
773
967
1264
1546
1805
2012
1990
1940
1852
1592
1324
1032
708
473
203
-2
-28
-69
-129
-158
-166
-83
-20
-19
-29
-102
-227
-346
-470
-509
-507
-543
-491
-472
-464
-379
-369
-371
-377
-428
-502
-596
-741
-877
-955
-1089
-1155
-1101
-1008
-849
-719
-596
-385
-133
33
177
288
268
233
118
-78
-201
-391
-604
-712
-835
-871
-796
-763
-667
-538
-454
-299
-171
-103
7
128
242
388
499
619
818
938
1030
1131
1222
1345
1431
1503
1591
1654
1637
1558
1433
1229
999
747
443
181
19
-115
-193
-218
-283
-311
-335
-442
-530
-566
-549
-515
-525
-513
-452
-459
-483
-519
-562
-526
-561
-657
-644
-627
-668
-677
-684
-618
-469
-414
-373
-266
-274
-299
-300
-338
-311
-323
-427
-467
-501
-575
-594
-571
-486
-301
-114
60
265
403
534
734
894
1009
1092
1105
1050
923
759
638
540
412
288
205
176
154
128
136
195
195
167
169
191
240
205
208
251
268
289
293
322
346
329
297
245
124
-89
-348
-638
-897
-1115
-1313
-1428
-1451
-1399
-1261
-1027
-724
-359
16
365
667
893
1064
1167
1182
1106
952
755
539
305
66
-140
-318
-476
-571
-619
-626
-598
-577
-522
-399
-307
-241
-172
-142
-108
-41
68
233
445
655
846
1025
1125
1192
1253
1275
1271
1241
1126
951
688
349
47
-234
-483
-710
-915
-1054
-1137
-1242
-1327
-1364
-1380
-1353
-1299
-1238
-1160
-1065
-964
-845
-717
-617
-434
-198
-11
175
300
351
398
367
304
315
274
187
65
-86
-206
-327
-507
-643
-676
-673
-608
-506
-347
-110
111
320
548
755
969
1188
1371
1523
1649
1716
1760
1723
1561
1405
1265
1111
877
577
298
86
-157
-465
-732
-910
-999
-1046
-1063
-1048
-961
-878
-801
-682
-547
-365
-219
-120
4
109
176
232
314
401
498
575
577
551
475
365
269
128
-45
-141
-222
-376
-486
-514
-467
-365
-302
-255
-170
-98
-62
-17
-20
-30
-30
-81
-143
-207
-293
-329
-354
-403
-382
-325
-277
-216
-209
-217
-221
-276
-279
-237
-222
-216
-201
-152
-62
71
188
330
471
532
610
715
770
811
849
831
825
776
659
568
432
282
184
85
0
-65
-127
-167
-180
-217
-269
-344
-438
-505
-578
-649
-705
-771
-850
-887
-890
-833
-716
-625
-516
-322
-109
98
333
561
725
801
822
802
789
744
643
539
409
272
149
13
-107
-177
-207
-202
-186
-208
-198
-128
-75
-45
-23
-27
20
88
103
144
178
174
186
196
249
328
334
302
236
87
-61
-194
-313
-430
-583
-693
-741
-772
-784
-771
-709
-611
-505
-380
-248
-106
-7
72
147
213
251
238
244
293
333
342
349
357
425
492
564
680
718
726
725
694
662
548
369
200
11
-202
-428
-678
-900
-1082
-1257
-1379
-1428
-1452
-1394
-1272
-1102
-860
-661
-489
-258
12
285
588
851
1048
1208
1302
1349
1390
1379
1320
1262
1146
1019
877
718
642
567
461
357
212
90
-21
-185
-306
-402
-514
-567
-594
-616
-556
-501
-490
-455
-439
-407
-336
-309
-270
-209
-158
-53
62
157
252
323
386
431
433
409
344
247
127
-14
-161
-305
-419
-525
-606
-661
-743
-779
-751
-700
-608
-451
-296
-109
73
194
327
445
554
654
677
616
533
409
239
51
-162
-361
-515
-682
-825
-900
-954
-919
-798
-714
-593
-457
-345
-194
-97
-41
66
137
193
278
352
382
405
402
371
381
349
279
220
136
73
28
-25
-21
41
93
155
221
282
423
597
720
827
899
936
967
896
761
646
514
348
170
-89
-343
-521
-694
-832
-911
-994
-1048
-1073
-1056
-978
-894
-782
-653
-489
-275
-20
226
440
616
786
961
1116
1211
1214
1210
1163
1037
883
724
570
410
244
70
-109
-281
-419
-476
-498
-490
-439
-385
-341
-304
-282
-267
-213
-187
-145
-88
-66
-61
-86
-142
-181
-204
-262
-302
-317
-338
-389
-432
-430
-424
-392
-371
-357
-318
-280
-280
-301
-296
-273
-219
-192
-162
-102
-75
-63
-51
-18
42
98
179
256
307
381
412
367
352
311
262
239
165
116
58
-26
-66
-80
-99
-76
-21
17
64
117
150
226
310
315
329
367
383
384
345
331
340
272
170
73
-15
-107
-218
-367
-512
-611
-701
-742
-731
-701
-656
-613
-526
-391
-267
-180
-78
35
137
221
261
304
356
374
384
360
306
262
195
153
139
125
131
164
246
310
346
420
492
539
551
531
545
607
644
629
628
604
548
511
451
370
309
215
92
1
-83
-159
-247
-356
-433
-524
-645
-778
-910
-1016
-1085
-1126
-1198
-1211
-1194
-1210
-1195
-1195
-1153
-1095
-1017
-888
-744
-588
-376
-147
36
226
419
637
832
973
1063
1122
1185
1160
1109
1052
947
821
664
494
342
212
71
-53
-131
-159
-128
-93
-64
-12
75
177
261
345
413
430
423
434
454
468
444
403
381
347
320
328
349
352
304
184
79
-9
-119
-194
-232
-273
-309
-348
-388
-410
-419
-445
-516
-575
-612
-630
-663
-748
-834
-902
-979
-1045
-1023
-970
-879
-761
-649
-504
-362
-241
-97
31
101
154
176
156
114
73
49
52
56
8
-48
-77
-98
-77
-31
31
92
133
206
290
349
398
439
488
575
679
755
824
856
896
973
1027
1075
1062
1006
957
889
803
681
522
354
176
52
-32
-132
-214
-291
-344
-351
-342
-339
-362
-372
-381
-387
-385
-385
-350
-326
-314
-293
-278
-264
-267
-291
-305
-283
-238
-212
-209
-208
-267
-363
-449
-518
-559
-565
-541
-558
-609
-606
-598
-568
-504
-424
-300
-159
-4
161
320
438
531
626
733
846
898
863
777
696
631
547
451
327
179
66
-24
-82
-107
-157
-205
-200
-169
-100
-58
-53
-56
-83
-72
-22
-11
-47
-54
-11
31
34
16
-24
-112
-218
-310
-376
-471
-579
-686
-763
-769
-727
-675
-589
-432
-269
-69
136
338
514
623
731
871
993
1050
1049
986
907
781
640
488
350
197
18
-123
-220
-269
-309
-343
-340
-359
-379
-379
-384
-344
-291
-218
-127
3
153
273
345
374
403
415
356
274
200
119
48
-24
-77
-118
-140
-180
-250
-293
-324
-373
-410
-418
-399
-400
-451
-475
-468
-434
-408
-408
-380
-331
-310
-324
-322
-293
-243
-192
-176
-120
-43
8
85
114
105
92
68
82
106
128
128
86
85
137
187
204
220
264
326
418
495
554
592
605
632
680
690
665
625
583
535
463
377
266
141
35
-66
-147
-211
-270
-321
-370
-386
-357
-261
-166
-75
9
57
92
110
118
106
97
88
61
35
2
-69
-188
-306
-391
-465
-508
-539
-552
-527
-488
-445
-389
-326
-260
-204
-144
-56
36
107
156
191
223
232
195
143
118
98
47
-44
-147
-217
-283
-343
-388
-418
-432
-440
-434
-412
-354
-260
-153
-58
43
156
292
420
507
556
575
577
606
623
591
547
494
416
350
284
192
110
44
0
-27
-44
-100
-179
-230
-260
-248
-193
-143
-98
-80
-59
-20
10
53
98
144
174
190
195
187
153
95
29
-24
-87
-151
-204
-234
-245
-269
-282
-280
-275
-275
-294
-304
-259
-195
-128
-90
-58
-10
44
102
163
219
264
249
227
228
225
205
137
67
34
16
-6
-36
-79
-125
-165
-180
-206
-207
-177
-146
-98
-43
26
85
131
173
238
326
373
358
304
206
109
64
27
9
-20
-66
-100
-111
-114
-143
-176
-199
-211
-206
-191
-164
-129
-117
-91
-55
-15
73
154
187
184
185
191
163
127
111
106
71
-4
-75
-139
-206
-270
-324
-380
-400
-409
-418
-397
-326
-213
-118
-48
34
115
175
225
263
307
346
360
371
391
392
378
355
333
335
324
274
207
128
50
-13
-62
-96
-123
-160
-197
-194
-167
-134
-109
-105
-99
-81
-74
-71
-60
-30
-2
-5
-15
-25
-55
-69
-60
-68
-75
-85
-74
-70
-66
-48
-21
-4
-19
-54
-120
-145
-145
-141
-116
-87
-74
-98
-107
-67
-15
19
49
46
-3
-28
-15
-7
-16
-34
-47
-54
-59
-51
-29
-25
-26
-33
-33
-3
19
35
41
53
76
109
158
210
261
307
326
319
295
254
223
209
197
189
156
91
51
17
-27
-55
-89
-103
-113
-152
-176
-176
-182
-191
-200
-169
-114
-57
-10
30
65
87
126
139
130
106
64
28
-14
-60
-88
-126
-168
-205
-239
-262
-290
-280
-235
-191
-158
-127
-79
-31
21
60
107
135
156
192
223
275
298
294
273
239
211
177
123
70
17
-43
-74
-109
-128
-136
-157
-182
-216
-237
-239
-212
-177
-136
-91
-68
-43
4
53
96
125
137
146
142
119
119
100
51
-1
-40
-55
-57
-63
-79
-90
-84
-79
-67
-41
-23
5
23
28
37
43
59
79
88
90
72
67
66
62
70
66
59
48
40
37
17
-14
-75
-162
-208
-240
-240
-210
-163
-95
-41
3
44
78
99
118
131
133
130
152
180
189
196
197
197
197
195
169
104
27
-32
-73
-86
-97
-116
-150
-186
-192
-196
-187
-181
-181
-156
-116
-76
-47
-26
-10
-2
-4
9
30
56
80
103
102
87
66
38
15
-12
-10
-16
-49
-91
-111
-118
-128
-148
-147
-127
-110
-72
-24
23
70
101
144
203
238
254
249
225
172
107
55
8
-14
-27
-22
-19
-35
-46
-53
-57
-75
-98
-105
-101
-98
-76
-51
-60
-90
-100
-85
-60
-35
-15
9
14
6
-4
-11
-33
-68
-79
-73
-59
-41
-8
14
18
37
66
106
150
194
234
258
259
243
226
209
191
161
111
60
16
-7
-17
-38
-63
-85
-125
-179
-222
-247
-256
-256
-262
-245
-218
-185
-151
-101
-50
17
85
104
134
180
218
248
238
221
214
197
180
136
76
15
-45
-93
-103
-104
-110
-140
-184
-203
-217
-239
-259
-265
-241
-209
-166
-105
-51
8
72
123
163
202
237
263
273
267
233
182
121
70
37
5
-38
-92
-130
-152
-183
-197
-209
-235
-230
-223
-210
-182
-154
-127
-85
-30
18
65
129
201
254
288
300
325
334
311
285
258
235
191
145
76
10
-54
-107
-131
-152
-182
-197
-181
-167
-146
-124
-123
-130
-131
-115
-84
-72
-76
-59
-32
-25
-14
17
56
83
91
91
83
76
80
103
130
152
161
150
116
106
75
11
-25
-88
-144
-142
-132
-141
-138
-147
-158
-151
-113
-79
-45
-13
4
31
79
113
133
176
188
197
207
179
131
88
44
13
3
-35
-67
-72
-102
-131
-148
-182
-190
-199
-231
-255
-236
-204
-174
-126
-88
-72
-42
-8
38
106
161
183
216
243
246
262
255
213
176
147
90
46
10
-21
-22
-35
-55
-61
-80
-100
-95
-108
-132
-138
-133
-142
-164
-177
-182
-171
-142
-56
50
140
177
178
181
185
200
207
189
139
93
69
39
0
-50
-96
-119
-124
-131
-129
-139
-138
-139
-145
-131
-137
-149
-132
-86
-25
21
33
68
109
180
247
296
331
342
334
291
252
212
175
122
74
27
-42
-131
-185
-215
-231
-228
-229
-204
-197
-196
-209
-205
-225
-225
-174
-105
-52
-18
16
23
68
113
156
183
214
217
232
227
169
106
39
-24
-71
-88
-147
-186
-221
-239
-231
-186
-150
-139
-115
-90
-44
-15
28
50
95
143
177
215
253
253
244
241
240
255
224
177
149
132
92
33
-49
-114
-166
-226
-271
-304
-314
-323
-316
-286
-234
-167
-90
-29
41
94
117
157
199
217
225
218
210
204
172
152
136
118
88
64
56
62
72
54
9
-36
-72
-104
-141
-156
-167
-187
-211
-243
-250
-229
-203
-183
-145
-114
-104
-92
-68
-48
-31
-13
-1
49
107
132
148
156
146
140
118
86
79
58
37
22
-5
-25
-26
-21
-15
-20
-46
-84
-111
-124
-125
-106
-96
-81
-63
-28
10
57
101
126
167
181
194
197
164
139
142
141
138
137
106
68
20
-39
-103
-124
-105
-110
-116
-125
-128
-133
-157
-191
-171
-124
-80
-41
-10
20
38
47
58
100
130
136
159
185
190
186
161
139
139
123
97
53
19
-30
-94
-129
-162
-177
-175
-177
-155
-131
-144
-153
-124
-85
-47
-30
-28
7
38
52
62
70
94
107
106
115
130
133
109
75
56
37
22
-5
-29
-34
-50
-74
-98
-101
-92
-82
-60
-42
-40
-51
-67
-58
-41
-34
-29
0
31
42
51
34
26
35
29
21
42
22
-23
-36
-50
-63
-51
-45
-52
-42
-16
12
41
46
4
-37
-64
-55
-27
-21
-13
-6
-5
-18
-14
22
27
10
-12
-31
-21
2
-2
-27
-25
3
25
47
57
61
66
61
72
88
77
40
-12
-37
-31
-10
-3
24
60
75
76
73
62
33
10
-7
4
40
62
40
20
19
20
8
17
9
-2
9
27
34
31
2
-33
-18
-10
-2
6
13
4
-14
-34
-57
-85
-104
-101
-71
-58
-63
-49
-49
-45
-36
-31
-17
-5
3
-13
-33
-36
-20
7
31
63
89
97
83
51
29
10
-13
-15
-1
-14
-35
-50
-61
-70
-97
-109
-121
-110
-101
-91
-50
-13
3
27
57
94
142
152
141
134
118
84
69
67
46
26
10
-14
-46
-72
-92
-98
-89
-79
-60
-38
-26
-11
-2
27
57
73
85
84
77
71
55
32
13
6
17
4
-19
-27
-14
-22
-51
-64
-68
-74
-90
-82
-36
-16
-5
5
4
12
12
17
23
40
35
13
16
36
24
7
7
8
14
-3
-4
-23
-33
-37
-33
-30
-29
-22
-23
-12
8
20
24
34
26
33
49
43
44
35
5
-3
3
18
21
0
-3
0
-7
-13
-15
-13
-8
-19
-29
-37
-53
-68
-95
-114
-98
-52
-17
11
40
52
53
42
26
13
17
11
7
30
39
37
22
15
16
4
-14
-8
-3
0
7
18
29
39
45
64
61
42
48
56
75
67
58
39
23
30
28
15
-15
-48
-60
-64
-74
-83
-92
-95
-103
-105
-97
-69
-55
-42
-16
-7
25
34
34
24
24
15
2
11
23
32
31
44
55
48
34
21
10
1
-12
-18
-13
-16
-7
11
13
0
-33
-49
-38
-29
-25
-25
-29
-32
-6
15
8
-6
-23
-35
-32
-22
-17
-10
-13
-11
-8
-1
14
24
6
10
41
59
71
82
63
55
47
12
15
25
25
19
17
25
28
22
12
15
15
-11
-28
-16
-5
-18
-36
-46
-48
-32
-17
-11
-12
-32
-49
-44
-43
-47
-57
-60
-49
-40
-19
-14
-8
-3
3
6
-18
-31
-14
20
48
43
44
58
63
70
63
31
-2
-29
-35
-15
-1
5
19
34
40
32
15
-7
-13
-22
-26
-21
-16
-13
4
41
64
56
38
35
41
27
12
8
-2
-5
1
23
54
64
51
46
37
-7
-21
-14
-28
-36
-42
-44
-52
-60
-55
-33
-23
-21
-20
-21
-23
-16
-9
-8
-19
-62
-88
-89
-76
-81
-79
-53
-33
-26
-32
-32
-30
-13
22
41
48
65
82
97
107
97
81
68
44
5
-5
0
8
21
-3
-22
-28
-32
-25
-26
-34
-36
-25
-12
2
24
45
63
72
75
73
66
73
82
69
40
5
-22
-24
-29
-56
-62
-56
-65
-67
-76
-70
-56
-44
-46
-49
-55
-49
1
31
38
29
10
2
16
29
17
-6
-21
-13
0
26
61
76
74
81
80
67
54
19
-15
-32
-19
-12
-18
-7
2
3
7
-2
-16
-23
-21
-18
-26
-26
-13
-17
-16
-17
-30
-56
-82
-87
-90
-94
-65
-43
-41
-19
2
-4
-16
-14
-19
-16
6
21
52
63
72
78
71
69
58
48
19
7
6
-23
-48
-41
-29
-5
9
11
12
8
24
37
38
43
35
18
-5
-28
-52
-62
-58
-61
-46
-11
9
20
4
-26
-24
-24
-16
5
30
49
65
95
84
87
114
114
118
109
78
45
19
0
-3
17
36
47
52
53
30
-8
-51
-69
-67
-43
-25
-39
-52
-40
-24
-26
-53
-81
-94
-93
-81
-71
-82
-105
-97
-93
-99
-72
-45
-19
6
19
20
12
9
1
-6
-10
6
18
20
27
29
26
13
1
11
22
10
14
22
37
48
47
51
57
80
80
72
63
44
18
-15
-46
-67
-62
-47
-31
-17
-8
-2
-12
-27
-34
-48
-53
-57
-43
-36
-27
-13
-1
17
28
31
29
42
53
46
19
2
-13
-12
6
30
42
35
49
68
70
30
9
0
-9
-15
-32
-39
-29
-22
-33
-37
-42
-37
-24
-12
-10
-15
-31
-44
-42
-29
17
54
78
101
119
114
98
68
40
20
10
6
3
4
9
17
9
-13
-36
-29
-23
-15
-13
-19
-27
-45
-40
-52
-50
-31
-22
-14
-13
-13
-18
-22
-32
-51
-62
-58
-34
-18
-12
2
6
-3
-11
-13
-3
18
42
67
80
71
45
18
0
5
27
25
20
20
29
36
29
11
-11
-29
-54
-67
-64
-30
-2
11
16
4
-9
-9
-12
-12
-9
-19
-21
-18
-11
9
20
25
20
-8
-27
-42
-62
-68
-63
-53
-48
-28
0
14
22
31
31
41
54
56
64
78
83
76
67
52
49
41
22
12
-8
-28
-52
-87
-102
-106
-98
-80
-52
-33
-27
-26
-25
-7
9
23
28
29
37
38
25
13
6
-2
1
9
5
10
24
18
13
16
4
11
21
32
28
14
7
4
14
13
5
-26
-38
-21
-10
-6
-13
-8
-9
-10
-6
8
29
56
77
87
85
79
78
61
36
26
16
1
-5
-12
-12
-35
-49
-37
-45
-47
-46
-28
-26
-39
-45
-35
-22
-17
-5
-6
-3
3
9
7
16
21
1
-18
-34
-39
-45
-55
-60
-57
-66
-60
-38
-27
-13
-11
-12
-17
-25
-34
-41
-46
-30
-14
-1
26
44
53
56
53
50
60
64
66
63
49
47
46
25
-4
-7
14
28
26
23
22
27
36
43
35
31
9
-10
-14
-1
14
-15
-34
-35
-19
-6
-15
-17
-25
-24
-36
-38
-29
-37
-31
-29
-23
-8
1
-10
-27
-37
-55
-61
-61
-54
-55
-43
-21
-28
-33
-23
-16
-9
-6
3
17
23
22
40
63
84
97
76
57
56
48
43
29
10
-7
-19
-8
21
37
34
19
12
18
24
20
9
6
10
1
3
13
24
30
18
-2
-12
-9
-8
-12
-9
-8
-6
-6
-11
-21
-17
-12
4
33
54
64
46
17
-6
-14
-25
-46
-59
-61
-72
-79
-75
-85
-111
-107
-86
-52
-22
-23
-20
-13
-3
8
27
26
15
20
25
27
32
50
65
66
64
63
47
37
39
26
14
2
11
8
0
6
3
10
14
21
33
23
17
22
34
31
19
15
2
-9
-39
-55
-51
-70
-96
-105
-98
-69
-34
-20
-14
-13
-11
-13
-11
-2
11
19
18
23
26
31
36
34
32
40
35
27
33
38
37
23
9
-1
-1
7
26
51
42
9
-8
-7
-7
-4
-2
-6
-19
-37
-63
-75
-74
-71
-73
-75
-63
-42
-27
-26
-25
-19
4
3
-15
-24
-25
-12
-10
-7
-12
-9
0
7
5
0
18
35
33
57
76
61
53
58
72
85
77
58
33
12
9
10
4
6
17
36
56
62
44
27
35
21
-3
-15
1
10
17
43
53
32
13
18
20
16
3
-9
-15
-26
-33
-48
-65
-73
-74
-72
-53
-28
-14
-31
-57
-59
-40
-29
-47
-62
-76
-71
-69
-64
-41
-28
-18
-18
-33
-47
-55
-66
-64
-47
-21
9
24
19
29
41
44
56
47
30
34
42
41
37
29
25
28
25
21
16
14
-2
-4
22
41
57
72
74
76
70
66
76
76
66
72
74
73
64
31
9
7
5
-16
-36
-52
-59
-47
-26
-20
-36
-48
-52
-45
-46
-58
-52
-37
-14
-13
-30
-58
-86
-80
-67
-52
-19
-5
-7
-17
-33
-54
-68
-66
-59
-45
-26
-8
8
3
-5
-2
20
39
43
62
90
86
71
56
38
34
19
8
9
10
-4
-34
-51
-66
-68
-52
-18
2
19
28
37
58
55
52
56
44
28
25
3
-3
6
-3
-8
2
18
35
30
12
0
-26
-40
-27
-12
0
25
60
76
82
76
58
43
32
34
36
33
32
15
2
-7
-19
-26
-29
-20
-15
-20
-29
-52
-87
-117
-125
-124
-121
-97
-78
-60
-48
-42
-33
-32
-25
-16
-20
-23
-26
-23
-5
6
31
64
82
76
57
28
1
-3
-2
9
17
35
55
74
85
76
66
61
55
45
35
31
31
24
20
19
46
82
91
91
85
68
30
-13
-36
-43
-36
-35
-41
-49
-49
-49
-66
-84
-103
-117
-112
-101
-84
-70
-51
-34
-16
-3
-9
-12
-21
-32
-43
-49
-53
-58
-42
-15
5
13
19
-10
-37
-50
-43
-27
-14
-15
-33
-43
-52
-43
-43
-26
15
46
45
19
9
-1
-17
-27
-11
20
36
51
69
62
53
55
62
71
69
61
62
79
80
85
109
123
130
112
96
95
82
68
88
101
113
125
107
86
54
39
33
15
24
37
43
32
7
-24
-45
-55
-56
-61
-70
-63
-70
-85
-67
-57
-73
-72
-62
-87
-133
-153
-142
-122
-103
-66
-43
-57
-81
-105
-117
-121
-126
-117
-94
-68
-50
-46
-49
-49
-46
-31
-3
17
19
30
48
45
25
8
-5
-17
-16
4
21
8
2
9
11
6
10
32
47
55
59
60
69
76
85
100
109
105
89
64
37
35
24
19
12
13
19
10
1
-4
10
15
25
58
88
98
91
78
56
28
-3
-14
-4
11
4
-24
-40
-40
-34
-38
-31
-34
-51
-54
-58
-48
-41
-46
-36
-29
-19
-17
-17
-9
-7
-11
-12
2
15
17
-6
-39
-62
-69
-61
-57
-48
-36
-8
9
7
23
27
15
5
2
-14
-30
-41
-21
7
34
66
86
109
106
99
74
48
12
-12
-20
-36
-44
-55
-40
-9
17
27
34
37
18
-7
-15
-13
6
32
48
69
81
79
58
46
30
15
-4
-22
-35
-50
-59
-68
-62
-61
-68
-78
-85
-87
-77
-57
-38
-42
-70
-89
-71
-37
-15
4
12
19
21
4
-13
-31
-40
-40
-33
-17
3
13
19
28
46
55
56
53
60
59
48
32
5
-20
-26
-17
-1
19
19
36
52
49
37
17
-7
-22
-22
-21
-8
-7
7
25
41
62
67
55
35
5
-23
-21
-9
13
34
47
41
27
15
9
34
52
69
63
46
31
25
17
7
6
-2
-9
-12
-5
-27
-40
-55
-80
-96
-109
-97
-82
-67
-44
-43
-46
-33
-24
-16
-30
-42
-45
-44
-45
-29
9
33
44
36
13
-17
-25
-42
-53
-38
-33
-28
-11
22
57
75
81
83
66
40
25
37
53
56
43
26
28
26
31
27
14
6
-7
-5
9
28
44
51
46
44
45
52
42
19
-7
-47
-71
-76
-70
-54
-55
-60
-52
-46
-38
-37
-31
-22
-23
-34
-48
-65
-63
-40
-14
27
44
51
44
41
37
21
3
-46
-72
-75
-70
-66
-53
-30
-26
-18
-4
-9
-11
-1
-4
5
8
2
-3
5
50
90
97
65
29
15
16
25
45
56
47
38
12
-1
-7
-5
20
40
43
31
20
12
21
40
34
9
-9
-5
8
29
51
56
51
30
13
-8
-44
-69
-70
-52
-28
-1
5
7
6
28
55
51
35
6
-22
-40
-36
-19
-18
-20
-8
13
32
33
35
25
5
-31
-67
-65
-45
-20
-6
-1
-7
-29
-53
-75
-70
-71
-71
-65
-57
-40
-26
-23
-50
-61
-61
-57
-36
-24
-2
20
33
16
-8
7
35
60
61
70
80
85
84
61
30
5
-11
-32
-36
-23
2
19
25
34
29
8
-25
-43
-48
-54
-54
-48
-37
-18
-8
3
11
14
26
23
8
4
13
37
72
86
71
55
33
34
55
53
41
29
46
63
72
77
37
1
-29
-36
-21
-13
-4
10
24
12
2
-11
-19
-15
-18
-32
-49
-63
-83
-75
-73
-74
-69
-79
-61
-19
23
43
42
31
4
-16
-32
-36
-18
6
18
26
26
26
36
20
14
13
18
34
44
37
13
-19
-44
-43
-26
-9
-15
-11
-2
1
0
-16
-40
-66
-64
-44
-17
-7
-6
19
19
11
13
21
16
1
11
0
-1
2
10
35
50
46
24
2
-27
-40
-41
-37
-40
-25
2
23
48
51
56
40
11
-9
-36
-46
-48
-33
-15
-27
-46
-57
-60
-36
-25
-27
-20
-5
15
6
-16
-29
-21
2
25
44
29
12
4
7
23
30
25
23
48
54
42
31
46
70
88
96
78
58
46
45
39
49
45
36
49
53
61
32
-12
-16
2
28
19
9
6
3
8
-16
-41
-61
-87
-92
-90
-78
-54
-43
-18
-1
1
-10
-38
-57
-70
-64
-61
-57
-42
-32
-18
-8
5
13
15
11
3
1
2
3
-16
-35
-43
-50
-43
-30
-21
-24
-33
-33
-31
-27
-31
-54
-62
-60
-83
-82
-50
-19
7
8
17
41
53
76
72
68
72
82
84
75
65
44
36
13
7
2
-2
8
20
55
73
68
64
66
71
74
51
22
15
17
28
38
36
31
41
46
45
