-15
-24
-2
-1
-24
-25
-19
-39
-64
-53
-36
-22
-4
-6
13
37
40
38
40
26
0
8
21
25
35
30
19
26
39
35
25
24
7
-17
-32
-44
-33
-18
-12
-13
-22
-39
-45
-34
-33
-40
-44
-34
-16
-5
-10
-30
-46
-49
-37
-19
-13
-10
-3
9
23
41
52
46
26
15
8
-2
-9
-7
3
3
-11
-5
15
16
7
9
5
-10
-32
-35
-20
-18
-37
-50
-32
-22
-22
-18
-6
0
-5
2
7
6
-7
-5
26
50
46
40
43
40
26
9
5
-2
1
8
16
31
32
34
30
17
-2
-9
-7
-13
-4
-22
-45
-40
-31
-27
-23
-20
-34
-42
-44
-50
-46
-43
-39
-32
0
11
2
-1
-2
5
4
7
22
35
44
61
69
50
26
14
11
12
0
-9
11
28
31
47
64
62
37
25
34
37
28
17
9
-18
-39
-34
-25
-3
9
9
8
6
6
3
-3
-14
-21
-12
-8
-9
-7
-15
-26
-31
-29
-16
-9
-25
-41
-46
-47
-46
-20
10
11
1
7
22
15
9
17
28
35
39
53
52
33
17
25
36
28
17
12
12
8
2
-18
-38
-49
-44
-40
-42
-36
-36
-30
-20
-1
5
-3
-4
3
5
-17
-32
-29
-34
-45
-49
-31
-29
-44
-28
-3
-2
-16
-7
10
10
6
-2
0
8
9
19
24
23
24
38
57
49
36
28
42
49
50
38
18
13
17
16
10
19
23
7
-6
-10
-12
-30
-41
-42
-50
-61
-65
-47
-33
-41
-33
-29
-39
-63
-69
-62
-54
-41
-44
-30
-20
-8
-4
-17
-16
0
17
10
20
35
52
65
82
86
60
44
43
53
38
22
25
32
23
25
48
75
82
81
81
79
65
43
26
17
-3
-24
-20
-24
-23
-26
-22
-24
-31
-36
-34
-17
-17
-27
-52
-60
-37
-26
-37
-51
-52
-52
-48
-28
-13
8
6
3
3
5
9
-1
-7
-6
2
-1
9
38
46
35
37
42
23
10
18
17
13
-2
-11
-15
-14
-8
2
4
-5
8
28
34
24
3
-18
-40
-36
-3
6
-8
2
27
18
4
12
20
4
-6
11
2
-27
-28
-11
-10
-24
-21
-22
-50
-68
-59
-39
-48
-41
-17
-23
-54
-62
-50
-54
-50
-28
-4
9
13
44
56
31
12
8
-1
-12
7
17
5
-2
1
1
-17
-7
21
13
-21
-26
-3
7
11
29
34
24
30
38
26
7
6
18
11
16
47
57
48
39
46
30
17
34
45
19
0
14
15
0
-21
-14
-27
-44
-19
9
6
2
34
41
15
12
15
-2
-11
-4
13
-15
-31
-3
7
-11
-18
12
11
-1
28
57
33
-7
-6
-5
-46
-60
-36
-18
-33
-25
11
-17
-38
-20
4
-17
-29
6
14
1
4
42
27
-13
2
19
1
-6
21
47
14
-1
24
6
-38
-36
1
-5
-14
15
43
27
5
23
30
12
-5
-10
-12
-19
-6
7
-14
-22
-12
-6
-9
-10
-6
-14
-19
2
5
-27
-25
-13
-25
-37
-31
-12
-29
-53
-33
-26
-47
-47
-28
-27
-38
-37
-32
-40
-49
-24
13
6
2
14
17
-6
-7
6
-29
-46
-22
13
10
-8
-4
0
-15
-27
-7
-1
-14
7
30
23
10
14
31
28
32
49
50
40
58
87
73
60
67
75
73
67
71
55
14
14
32
24
5
2
7
0
-6
-3
1
-2
6
14
2
-25
-27
-5
8
10
21
36
36
32
34
33
10
2
18
8
1
-1
-13
-15
-20
-14
1
-6
-16
-9
-2
-9
-12
-14
-29
-46
-59
-57
-52
-58
-58
-55
-40
-28
-21
-20
-13
-9
-20
-35
-54
-60
-53
-30
-31
-47
-53
-33
-8
-16
-39
-26
-7
-12
-3
13
25
23
26
47
44
20
22
35
41
37
46
52
42
26
3
-4
-18
-17
4
26
21
6
14
11
-7
-26
-27
-35
-30
-9
3
10
-4
-6
9
12
-8
-11
-3
-9
-5
-1
-3
-9
-7
13
30
24
12
8
13
3
-13
-15
-15
-25
-18
7
13
4
-3
16
24
19
23
19
14
11
14
22
17
9
16
8
-2
2
14
17
12
14
27
23
5
5
2
-5
-14
-16
-17
-23
-23
-18
-14
-11
1
18
31
40
35
21
10
-4
-5
5
23
36
21
24
32
27
25
18
-3
-15
-18
-6
-13
-42
-58
-65
-64
-43
-20
-32
-51
-55
-47
-43
-48
-39
-21
-26
-24
-4
14
24
15
21
39
33
34
47
42
29
20
27
33
22
31
34
27
21
4
-9
-9
5
10
10
11
16
10
-10
-5
11
-2
-24
-29
-29
-34
-38
-20
1
-3
-5
6
3
-18
-21
-16
-18
-18
-7
6
1
-6
12
17
-1
4
20
9
-12
-11
-5
-12
-30
-35
-32
-40
-46
-43
-41
-51
-57
-47
-49
-52
-34
-8
-5
-17
-8
4
13
21
20
10
-13
-18
2
18
17
18
21
19
36
44
45
45
38
43
46
46
50
42
34
43
48
48
36
28
32
41
39
39
27
8
3
10
15
17
9
7
8
0
6
16
9
-9
-4
25
37
29
19
10
7
-6
-18
-25
-38
-46
-32
-27
-39
-44
-35
-34
-46
-31
-5
-7
-11
-1
7
-5
-11
10
17
2
-5
3
-5
-29
-34
-33
-34
-33
-19
-16
-12
4
1
-16
-26
-18
-9
-13
-11
0
3
-7
-8
-4
-17
-27
-19
-16
-18
-17
-8
-6
-8
0
-3
-13
-11
3
-2
-1
26
38
19
5
13
-3
-20
-4
20
19
13
33
39
20
11
25
20
-3
15
50
40
12
27
37
5
-9
14
23
1
-1
11
-13
-32
-6
6
-28
-44
-24
-19
-34
-24
-3
-27
-50
-21
-6
-31
-42
-25
-28
-45
-32
-1
-9
-17
5
19
1
7
45
35
13
42
73
62
55
68
51
16
10
30
20
3
28
45
8
-10
13
17
-17
-17
9
-15
-28
-8
-8
-37
-39
5
23
-6
0
35
22
-12
-6
12
-10
-21
13
27
2
-7
11
9
-8
5
21
2
-6
12
8
-14
-11
-2
-16
-33
-23
-21
-51
-51
-31
-28
-38
-29
-14
-39
-54
-33
-26
-51
-42
-16
-20
-30
-12
9
2
10
39
45
28
25
38
36
25
38
52
47
41
58
76
68
63
66
62
48
36
30
21
10
-7
-13
-17
-22
-22
-20
-11
-9
-15
-8
-4
-13
-29
-34
-33
-46
-49
-28
-11
-31
-41
-22
-28
-44
-37
-26
-43
-56
-34
-19
-25
-25
-19
-24
-24
-10
-6
-20
-27
-13
-17
-17
-3
17
18
9
14
10
-3
0
13
0
-27
-22
-13
-22
-33
-12
6
-2
-3
10
9
-4
23
53
44
31
53
70
45
31
40
26
-7
-7
17
7
3
39
59
39
26
43
34
5
11
35
13
-9
13
24
-7
-23
2
-4
-34
-21
16
5
-30
-14
13
-6
-25
-1
6
-18
-4
31
26
0
25
55
29
10
41
61
31
16
30
20
-8
10
45
23
1
27
43
19
8
31
18
-26
-20
9
-18
-49
-21
6
-24
-41
-16
-9
-35
-38
-11
-10
-28
-16
-9
-52
-76
-58
-59
-87
-78
-56
-76
-98
-79
-63
-79
-81
-39
-27
-61
-54
-23
-14
-10
14
27
21
11
10
11
-2
10
40
47
40
44
49
28
17
31
36
33
44
59
43
31
45
47
32
26
31
14
-10
-6
4
-14
-28
-10
2
-9
-1
25
26
3
-3
-2
-22
-42
-31
-24
-49
-63
-52
-51
-66
-65
-51
-52
-64
-58
-40
-39
-38
-20
1
20
26
32
49
62
74
79
75
73
73
73
75
71
72
71
63
61
73
78
81
97
104
90
79
79
81
69
55
61
53
22
2
9
2
-18
-24
-19
-26
-39
-29
-29
-45
-60
-51
-43
-49
-44
-30
-41
-57
-47
-49
-73
-82
-60
-55
-77
-90
-72
-75
-101
-93
-66
-65
-64
-29
-16
-34
-28
5
6
-17
-11
6
0
-11
11
23
-4
-9
14
4
-18
-17
-10
-23
-37
-21
-2
-9
-11
4
-7
-28
-18
-7
-6
2
21
37
29
38
45
39
43
66
80
58
53
65
58
30
27
31
16
11
21
26
5
4
12
1
-20
-15
4
-3
2
29
19
-17
-29
-14
-11
-32
-27
-11
-21
-32
-9
2
-8
1
18
23
14
23
29
19
0
3
15
16
30
38
31
10
10
10
-10
-19
-8
-3
-10
-7
-7
-10
-4
9
11
6
11
12
1
-16
-22
-27
-42
-49
-43
-52
-67
-54
-41
-47
-45
-23
-14
-11
3
10
0
-12
-4
1
-3
0
13
16
16
15
23
28
44
79
94
99
106
113
102
91
95
87
84
86
103
99
81
81
68
41
24
29
28
19
7
-6
-42
-70
-69
-64
-79
-95
-91
-102
-115
-110
-106
-127
-161
-159
-151
-162
-158
-143
-122
-127
-119
-86
-83
-80
-76
-72
-65
-57
-35
-13
15
26
37
31
27
44
53
59
75
88
83
85
98
106
102
98
102
102
81
74
89
90
82
90
93
72
66
74
73
52
38
24
1
-22
-25
-22
-29
-21
-14
-23
-42
-43
-28
-33
-41
-36
-37
-52
-59
-40
-39
-43
-36
-34
-38
-43
-45
-54
-56
-48
-43
-42
-32
-14
-9
-20
-18
-11
-19
-21
-4
9
-2
1
16
17
16
20
33
36
34
52
68
68
67
75
62
38
65
89
62
47
53
64
44
33
52
40
13
13
22
-1
-24
-4
19
0
4
31
31
9
-1
4
-25
-49
-39
-25
-46
-48
-5
3
-11
-15
1
-8
-15
9
4
-19
-26
-5
-1
-24
-14
-2
-36
-48
-39
-37
-58
-59
-34
-43
-58
-47
-25
-40
-47
-35
-48
-76
-73
-38
-38
-51
-29
-9
-25
-33
-9
2
-17
-11
9
6
1
12
4
-16
-6
15
22
10
23
22
-2
-7
15
23
-7
-2
22
7
-12
2
13
-12
-21
10
11
-8
17
51
32
13
50
77
48
38
69
64
24
25
44
32
12
33
44
19
8
46
52
10
8
22
5
-11
16
27
-7
-26
-6
2
-4
22
60
47
25
39
23
-26
-34
-11
-8
-17
-7
9
-5
-17
-9
-13
-21
-15
2
-9
-30
-21
-27
-55
-66
-54
-45
-37
-4
27
17
4
10
-2
-26
-18
14
7
-1
21
33
17
-7
-4
-12
-42
-48
-29
-19
-23
1
23
12
14
53
77
54
39
48
27
1
3
19
8
-11
0
4
-15
-25
-15
-19
-39
-41
-33
-47
-53
-43
-50
-51
-38
-27
-34
-29
-11
-21
-41
-38
-28
-37
-41
-24
-1
23
28
42
33
6
1
9
26
23
39
45
27
23
37
38
23
23
28
14
4
20
17
-10
-20
-14
-14
-14
-1
8
6
0
-14
-35
-54
-51
-26
-16
-8
2
-2
-13
-15
5
12
13
25
31
14
0
12
13
-4
4
26
24
2
7
17
7
-10
-5
-3
-25
-22
1
8
4
11
19
0
-25
-30
-24
-31
-20
4
12
4
9
22
24
26
40
42
28
37
43
24
15
30
30
18
28
51
55
34
41
53
39
32
46
51
31
11
9
3
-20
-13
11
-3
-15
-3
10
-9
-29
-16
-9
-10
-8
-10
-23
-35
-36
-36
-39
-37
-29
-26
-30
-28
-26
-41
-49
-48
-49
-55
-46
-35
-45
-50
-29
-13
-21
-3
19
7
-4
-3
-4
-27
-37
-18
-11
-15
4
34
24
8
17
23
5
-8
0
-8
-28
-21
-8
-10
-21
-1
24
12
1
15
14
-5
-7
-11
-30
-37
-22
3
6
7
19
2
-29
-21
-7
-24
-37
-28
-20
-27
-26
-17
-20
-31
-36
-19
-5
10
32
28
14
23
38
34
43
71
75
66
66
77
75
72
77
85
72
47
52
64
52
44
62
68
49
38
29
17
0
-14
-30
-36
-23
-9
-3
3
20
23
14
17
26
17
6
7
2
-29
-62
-48
-27
-29
-22
-12
-20
-46
-55
-51
-52
-57
-60
-50
-60
-64
-78
-84
-72
-52
-33
-41
-32
-18
-8
-12
-10
7
2
5
2
3
-4
-18
-8
11
14
15
32
43
46
50
37
26
29
33
28
21
10
2
5
-5
6
2
-3
8
7
-11
-29
-9
-7
-9
-14
-20
-4
-13
-12
-18
-20
-31
-36
-25
-28
-14
-22
-25
-8
2
-2
-7
15
11
12
9
10
11
-11
-20
-18
-8
-17
-9
13
11
17
13
27
30
19
15
11
26
32
45
55
50
46
42
41
34
38
39
38
32
23
7
-20
-30
-25
-29
-43
-34
-11
-21
-19
-9
-6
-15
-14
3
6
-5
-16
8
10
-17
-28
-10
7
1
2
8
17
-4
-9
2
-2
0
-1
5
-1
-9
-14
-15
2
-4
-13
-4
-7
-8
-10
-9
-2
-1
-5
-2
12
19
21
31
40
30
25
16
11
3
-15
-16
-13
-11
-9
8
24
13
-2
-13
-19
-36
-50
-55
-56
-53
-59
-50
-46
-38
-26
-7
23
34
26
17
7
0
1
9
21
34
36
37
46
54
54
48
40
25
15
14
24
25
20
19
24
30
22
12
11
8
0
-11
-15
-14
-21
-16
-11
-14
-29
-38
-31
-25
-14
-17
-9
11
14
4
-10
-14
-21
-35
-39
-37
-29
-14
-16
-16
-6
-17
-31
-32
-32
-29
-21
-9
2
5
-9
-33
-31
-22
-28
-19
-8
-7
-18
-20
-22
-27
-30
-18
1
6
2
8
9
-9
-24
-24
-24
-22
0
25
26
15
23
35
35
44
70
83
66
51
50
50
53
62
84
93
84
69
54
38
26
25
22
23
29
30
21
18
23
18
-5
-22
-34
-56
-63
-51
-32
-32
-38
-32
-40
-55
-52
-40
-44
-56
-43
-40
-42
-23
2
17
24
37
39
19
0
3
9
5
22
51
49
24
13
17
23
13
13
16
9
3
4
-4
-10
-4
-9
-15
-23
-34
-39
-38
-36
-32
-41
-54
-65
-62
-46
-31
-28
-32
-30
-17
-4
-2
-5
-5
-2
-16
-25
-16
3
27
43
41
20
7
10
11
0
-5
4
15
17
15
18
23
25
17
-3
-18
-20
-18
-4
-6
-4
4
4
-3
-16
-11
-2
0
4
8
9
10
11
24
39
33
8
0
8
9
12
25
39
28
7
-2
-7
-15
-23
-22
-30
-37
-34
-28
-26
-15
-6
-1
-7
-3
8
8
26
40
35
14
-11
-9
-6
1
4
0
3
7
11
15
22
38
46
46
36
23
20
15
4
0
-1
-1
-5
-7
15
32
42
36
25
12
-2
-1
8
24
22
5
-13
-21
-26
-23
-9
-3
4
15
11
-2
-12
-18
-16
-16
-8
-7
-21
-22
-22
-17
-11
-9
2
0
-14
-18
-20
-22
-26
-29
-34
-28
-17
-25
-28
-31
-39
-37
-31
-26
-25
-23
-20
-23
-27
-30
-26
-17
-11
-7
2
10
20
30
24
26
38
50
47
41
40
28
25
35
44
35
21
29
39
23
15
21
20
9
2
4
0
-18
-29
-33
-37
-41
-35
-34
-43
-34
-26
-40
-59
-59
-44
-30
-23
-4
10
-2
14
40
56
61
76
83
58
37
27
17
8
9
13
6
-2
-7
-23
-29
-16
-9
-18
-25
-24
-30
-37
-26
2
10
-1
-4
-1
-16
-34
-26
-15
-15
-15
0
14
15
13
18
21
20
24
16
-2
-20
-19
-11
0
10
9
1
8
25
36
37
37
32
27
24
16
12
20
36
49
41
24
25
35
32
39
57
49
31
26
4
-11
-7
6
10
-3
-7
-2
-2
-5
11
20
2
-14
-26
-43
-52
-47
-45
-58
-62
-60
-58
-42
-28
-14
-5
-4
-12
-19
-22
-28
-26
-24
-29
-26
-28
-31
-26
-12
-2
-10
-12
-7
-14
-15
-7
-8
-9
-8
-12
-8
-11
-13
-5
-7
-10
-8
-14
-24
-11
10
6
1
11
15
16
11
14
21
18
26
31
17
-1
-2
2
-2
-1
3
1
-8
-10
-6
2
3
2
5
16
30
28
24
25
22
15
16
24
31
23
16
22
9
-9
-14
-8
4
10
4
-3
-10
-10
0
-6
-16
-11
-3
-2
5
15
32
38
40
39
18
-1
0
16
23
25
30
22
4
2
6
10
11
19
18
-9
-30
-31
-27
-20
-1
22
25
25
32
21
2
-14
-17
-12
-8
-10
-8
-14
-10
-6
-1
9
10
8
0
0
-2
-8
-15
-6
9
10
12
20
18
-5
-8
2
0
-17
-31
-35
-50
-65
-61
-37
-25
-28
-18
-3
-12
-22
-13
-13
-14
-19
-13
-7
-17
-21
-31
-45
-36
-22
-9
15
27
25
12
7
5
0
-8
-4
8
2
-5
-3
-4
-14
-22
-12
-11
-13
-11
-16
-31
-40
-22
-6
-9
-2
15
6
-2
4
6
9
-2
-6
-4
-8
-4
7
13
12
21
37
42
47
61
66
53
39
42
48
39
46
59
54
43
47
41
18
13
25
33
32
35
33
21
4
-1
2
-1
-15
-33
-39
-52
-56
-53
-47
-38
-29
-25
-23
-25
-29
-23
-14
-2
10
15
11
6
7
14
14
8
13
6
-11
-11
-1
-1
-2
1
-4
-11
-8
-8
-16
-15
-11
-9
-9
-1
0
-6
-9
-6
-7
-11
-9
-14
-16
-10
4
16
13
6
-3
-21
-34
-36
-24
-23
-23
-13
-13
-21
-12
6
-3
-17
-8
-6
-9
-3
7
17
25
35
41
37
30
34
40
35
27
23
13
0
3
4
8
14
21
19
10
0
-5
-5
-9
-7
3
0
5
14
11
-8
-21
-21
-29
-27
-11
1
-18
-26
-20
-25
-26
-27
-20
-24
-19
-7
-8
-19
-28
-19
-15
-12
-1
4
1
0
19
18
-1
5
25
24
9
4
4
-11
-6
22
35
34
37
35
21
-3
-20
-41
-60
-57
-52
-55
-50
-36
-33
-36
-21
-3
1
-8
3
23
20
12
25
26
14
25
47
53
39
37
48
32
18
43
61
52
49
64
53
34
46
65
50
36
41
41
24
12
23
28
14
10
14
-4
-25
-28
-33
-56
-64
-54
-60
-70
-60
-53
-56
-63
-58
-67
-82
-70
-47
-43
-44
-16
-3
-14
-16
0
16
13
19
39
40
35
47
54
43
39
49
37
27
34
43
24
5
16
15
-4
-9
9
6
-20
-26
-23
-35
-59
-53
-36
-37
-17
-1
-7
-13
-6
0
-4
0
19
24
9
4
9
-1
-10
4
5
-8
-11
3
10
-5
-2
9
-3
-11
-10
-17
-42
-48
-33
-35
-41
-23
-4
-15
-33
-17
-16
-31
-12
22
25
15
27
32
19
12
23
22
7
11
16
1
-12
10
23
1
-13
-5
-9
-31
-26
10
12
-2
8
12
4
10
28
39
43
51
60
51
34
39
36
17
12
22
16
0
4
7
-3
-17
-18
-18
-37
-34
-24
-20
-14
-11
-13
-19
-25
-13
-12
-13
-2
4
8
7
12
27
43
39
42
37
8
-4
-4
-7
-3
2
0
-13
-16
-14
-12
-5
4
21
23
21
17
13
20
23
30
39
35
36
33
25
8
-12
-24
-17
-3
5
24
27
17
8
2
-5
-21
-31
-32
-28
-27
-24
-15
-15
-23
-36
-47
-51
-50
-30
-12
1
4
-14
-40
-67
-86
-86
-74
-64
-57
-56
-53
-55
-42
-21
-9
-13
-21
-17
-11
-19
-14
13
21
22
30
28
21
22
19
11
12
12
26
33
27
42
53
43
27
14
1
-4
2
3
1
-3
2
23
24
17
24
30
22
26
33
33
40
44
39
36
36
38
35
29
25
12
-6
-18
-13
-11
-17
-6
5
-1
-22
-36
-32
-32
-36
-35
-16
-2
1
8
16
16
10
13
25
38
43
36
41
58
64
48
43
38
25
14
14
36
35
39
49
42
16
7
12
-2
-13
-4
-12
-31
-39
-54
-68
-78
-79
-65
-45
-38
-51
-74
-94
-88
-75
-78
-74
-63
-73
-102
-102
-78
-68
-59
-9
16
0
11
46
55
53
83
89
55
21
15
40
39
35
63
86
79
69
67
20
-21
-37
-33
-23
-12
8
-25
-52
-74
-51
-27
-19
2
-12
-15
-44
-59
-60
-69
-21
18
13
14
24
1
-38
-41
-55
-59
-66
-59
-8
10
39
59
69
43
29
3
-29
-33
-65
-52
-47
-21
12
-21
-68
-94
-94
-83
-26
79
98
62
15
-41
-75
-32
70
133
163
175
166
69
5
31
81
109
104
100
73
35
37
109
170
161
112
51
-23
-61
-13
78
121
130
117
55
12
12
-4
-22
51
120
147
189
207
174
139
177
183
119
79
29
-36
-144
-256
-226
-120
-20
38
85
41
-82
-152
-199
-231
-238
-198
-200
-254
-265
-218
-143
-84
-37
-45
-108
-238
-350
-367
-350
-281
-180
-112
-102
-120
-106
-96
-40
85
148
109
78
111
53
-38
-30
70
150
186
211
247
213
100
61
45
0
-2
14
-36
-77
-55
-42
-15
27
59
67
15
-3
7
22
39
68
91
13
-35
-10
12
52
158
239
213
137
89
41
-15
8
56
44
-23
-24
3
-9
-3
38
76
96
85
114
106
55
29
-13
-45
-92
-76
-80
-60
-45
-89
-123
-123
-70
-30
60
70
11
-46
-132
-137
-119
-62
-7
52
46
-39
-23
16
86
131
172
140
-4
-69
-105
-50
2
20
11
-76
-84
-151
-194
-208
-156
-107
-149
-103
-143
-198
-231
-182
-80
1
74
120
215
207
192
228
186
148
102
130
150
141
136
124
180
196
266
314
304
250
147
82
-10
-52
-105
-76
3
-21
-70
-118
-110
-123
-127
-112
-108
-133
-168
-136
-73
-59
-63
-39
-49
-107
-91
-83
-107
-46
33
78
74
47
58
85
90
109
87
2
-61
-58
-27
-30
-14
-31
-99
-133
-143
-175
-203
-165
-82
26
88
112
92
17
-79
-126
-121
-132
-118
-57
-37
-75
-100
-89
-78
-94
-90
-82
-131
-170
-155
-134
-97
-22
8
49
144
190
183
160
121
84
105
117
126
157
171
187
238
228
164
172
183
193
201
95
-35
-102
-131
-135
-96
-34
4
13
4
48
70
24
26
43
53
38
38
109
131
148
175
215
171
77
81
77
76
11
-106
-130
-147
-136
-140
-145
-101
-77
-75
-111
-144
-195
-248
-189
-74
-5
-24
-40
-36
-47
-38
-50
-14
-4
21
40
21
-41
-145
-176
-138
-38
-5
17
-19
-56
-76
-131
-127
-73
-49
-56
-10
17
14
15
73
147
176
154
119
104
86
97
99
79
95
122
193
252
197
110
5
-39
38
113
151
136
119
61
11
-62
-158
-147
-112
-36
53
124
136
100
30
-69
-135
-187
-233
-219
-200
-158
-12
48
16
-58
-154
-212
-226
-179
-165
-187
-227
-253
-286
-344
-306
-215
-177
-131
-88
-42
-37
-16
45
112
177
205
246
262
217
277
408
453
416
305
171
79
86
153
201
243
286
250
163
103
37
-108
-212
-204
-161
-85
-22
77
167
105
38
53
46
-20
-27
-16
-106
-178
-254
-331
-402
-434
-352
-242
-120
-55
-21
16
102
143
11
-108
-136
-170
-187
-95
77
146
127
202
267
234
55
6
111
147
189
199
160
85
41
119
167
107
99
163
230
238
235
248
237
187
32
-155
-211
-124
-8
99
237
380
369
224
224
242
55
-173
-274
-288
-382
-492
-522
-486
-394
-313
-230
-128
-113
-173
-336
-586
-761
-804
-706
-463
-179
35
165
212
154
-24
-138
-79
43
139
295
429
429
363
287
347
383
354
377
365
332
223
110
241
772
1231
782
-457
-1707
-2327
-2271
-1663
-475
948
1777
1497
553
-279
-874
-1190
-1173
-775
-175
271
655
875
777
398
32
14
316
593
629
723
840
703
370
-31
-334
-394
-402
-297
57
310
254
53
-17
-73
-184
-260
-253
-170
-107
-20
140
290
248
5
-188
-267
-297
-319
-301
-210
-199
-230
-109
44
150
191
207
153
-10
-47
40
118
61
-41
-15
48
68
39
-25
-157
-256
-284
-290
-228
-227
-229
-93
8
113
250
368
445
370
142
-16
-23
-294
-627
-570
-335
-36
165
268
452
529
409
326
244
-124
-494
-580
-493
-291
-61
225
625
944
1130
1249
1061
557
148
-207
-539
-638
-645
-415
47
411
567
462
252
-40
-382
-635
-698
-747
-927
-814
-431
-212
16
577
1408
2144
2304
1983
1299
122
-1121
-1815
-2070
-2028
-1533
-630
462
1073
938
557
-16
-676
-1030
-1321
-1635
-1600
-1278
-972
-694
-703
-893
-864
-574
-131
77
-163
-643
-1263
-1516
-933
-310
-297
-674
-967
-1277
-1898
-2177
232
7261
14556
15715
11022
3522
-4790
-11131
-13771
-12403
-7781
-2179
4074
10290
12946
11356
7317
1976
-2457
-5240
-7197
-7449
-5922
-3878
-1129
1684
3182
3818
3333
1984
1377
846
-401
-1494
-2598
-3468
-3522
-3480
-3029
-1420
400
2063
3745
4567
4546
3663
1298
-1608
-3966
-5532
-5692
-4543
-2786
-1047
-17
688
1954
3537
4348
3455
1267
-835
-2514
-4157
-4950
-2862
1996
6627
8661
7677
4338
230
-3158
-5014
-5215
-4399
-2524
723
4269
6314
6372
5212
3335
1113
-772
-2060
-2892
-3479
-3652
-3098
-2018
-694
436
1348
2532
3573
3654
2856
1352
-912
-3246
-4787
-5479
-5263
-3866
-1671
693
2520
3083
2553
1532
290
-1028
-2366
-3430
-4158
-4298
-3245
-1533
-244
388
875
1362
1011
-379
-1147
1355
6614
10038
9007
4399
-1758
-6978
-9828
-10096
-7873
-3947
1179
6788
10225
9790
6536
2051
-1966
-4468
-5768
-5881
-4602
-2345
409
2666
3230
2664
1894
950
280
-185
-845
-1151
-1091
-812
-16
696
743
605
733
1153
1630
1444
575
-83
-429
-1072
-2036
-3027
-3721
-4027
-3788
-2449
-570
770
1688
2662
3296
2352
-500
-3070
-1771
3878
9184
9989
6616
1226
-4047
-7620
-8973
-7804
-4524
-142
4833
8682
9480
7576
4281
779
-1936
-3586
-4164
-3551
-2120
-306
1242
1436
733
213
-441
-961
-778
-346
283
825
377
-885
-2141
-2892
-2293
-421
1556
2917
3311
2979
2099
232
-2363
-4656
-5731
-5232
-3957
-3045
-2172
-833
293
1285
2505
3544
3800
2432
-381
-2291
-370
4805
8689
8325
4406
-933
-5523
-8354
-8814
-6638
-2971
1456
6005
8628
8112
5098
1022
-2279
-3724
-3826
-3048
-1562
-138
937
1153
110
-1213
-2377
-3172
-2854
-1503
93
1165
834
-607
-1808
-2567
-2701
-1630
-38
1128
1723
1589
812
-334
-1892
-3379
-3907
-3393
-2370
-1682
-1535
-1104
-265
714
1611
2323
2995
3056
1692
-519
-921
2606
8039
10867
8985
3882
-1696
-6048
-8526
-8519
-6070
-2073
2897
7633
9689
8188
4450
321
-2427
-3288
-3252
-2735
-1743
-470
756
960
202
-629
-1216
-1247
-626
50
387
212
-830
-2083
-2861
-3185
-2456
-461
1821
3504
4110
3422
2022
179
-1956
-3483
-3835
-3133
-2274
-2238
-2478
-1917
-658
702
2107
3699
5097
5144
2878
-548
-1954
963
5945
8333
6499
2251
-1934
-5124
-7091
-7064
-4899
-1253
3339
7156
7734
5131
1302
-1949
-3569
-3965
-3898
-3108
-1592
25
1095
916
-88
-929
-1321
-1532
-1526
-1363
-1076
-856
-1238
-1945
-2461
-2576
-1477
670
2379
3141
2860
1815
600
-803
-2354
-3520
-3648
-2671
-1526
-1200
-1533
-1452
-477
968
2241
2962
3342
2971
1121
-1496
-2674
-106
5063
8337
7613
4290
-23
-4071
-6965
-7777
-6108
-2939
1100
4989
6638
5445
2666
-382
-2304
-2842
-2886
-2467
-1460
-382
281
65
-754
-1013
-672
-401
-13
530
808
567
-418
-1524
-1933
-1715
-578
1153
2561
3580
3919
3190
1715
-190
-2019
-2896
-2749
-2200
-1997
-2442
-2708
-1893
-299
1262
2462
3417
4170
3820
1453
-1894
-3212
-154
5390
8505
7042
3036
-1161
-4724
-7152
-7599
-5861
-2511
1762
5554
6798
5164
2121
-832
-2415
-2791
-2757
-2357
-1455
-172
840
696
-86
-380
-441
-622
-683
-408
174
417
-134
-1007
-1673
-1771
-942
524
1924
2819
2927
2258
1101
-500
-2230
-3215
-3200
-2703
-2374
-2688
-3109
-2637
-1283
541
2388
3913
4912
4551
2247
-1133
-2708
223
5746
8767
7457
3780
-318
-4095
-6975
-7521
-5336
-1517
3292
7557
8739
6526
2664
-1002
-3225
-4101
-4222
-3601
-2328
-839
254
54
-888
-1249
-1245
-1405
-1430
-1291
-978
-822
-1599
-2662
-3180
-3223
-2249
-402
1177
2078
2323
2129
1513
139
-1589
-2775
-3178
-2992
-2697
-2856
-3030
-2206
-403
1644
3138
3892
4353
3923
1721
-1392
-2592
271
5330
8304
7393
3924
-170
-3811
-6347
-6793
-4857
-1205
3298
7080
8022
5872
2265
-1066
-2823
-3161
-2870
-1975
-389
1383
2299
1701
398
-613
-1332
-1821
-1779
-1279
-446
218
-119
-1174
-2094
-2394
-1888
-829
280
1183
1617
1396
610
-634
-2052
-2886
-2932
-2816
-2903
-3213
-3074
-2031
-511
1121
2630
3841
4655
4458
2639
35
-499
2744
7043
8567
6437
2686
-755
-3733
-5774
-5638
-3341
384
4660
7608
7751
5320
1634
-1440
-2886
-3353
-3289
-2707
-1701
-461
218
-172
-782
-1072
-1247
-1214
-1002
-726
-251
54
-357
-1391
-2658
-3225
-2326
-661
878
2027
2444
2152
1132
-854
-3084
-4496
-4730
-4189
-3584
-3142
-2613
-1787
-573
1002
2316
2929
3154
2956
1477
-1356
-3078
-788
4143
7376
6946
4157
776
-2704
-5451
-6066
-4503
-1427
2678
6420
7772
6102
2776
-367
-2174
-2735
-2717
-2307
-1468
-302
425
-68
-1011
-1363
-1342
-1457
-1483
-1171
-861
-688
-740
-1277
-2294
-3028
-2402
-861
515
1659
2475
2693
2118
492
-1405
-2509
-2657
-2215
-1858
-1752
-1741
-1534
-454
1310
2809
3791
4526
4807
3652
719
-2130
-1792
2293
6391
7187
5346
2538
-361
-2870
-4309
-4041
-2341
665
4135
5847
4718
1774
-1100
-2497
-2441
-2098
-1983
-1470
-356
628
529
-426
-1127
-1276
-1222
-1171
-913
-414
-41
11
-238
-791
-1636
-2045
-1273
261
1787
2634
2522
1823
676
-852
-2172
-2965
-3254
-3032
-2590
-2318
-1997
-1398
-459
781
1935
2960
3623
3103
1162
-1512
-2572
235
4824
7143
6185
3680
1012
-1796
-4396
-5555
-4589
-1826
1818
4702
5140
3104
296
-1435
-1790
-1989
-2439
-2318
-1237
1
213
-855
-2121
-2614
-2354
-1784
-1331
-929
-518
-323
-435
-1069
-2097
-2754
-2316
-734
1124
2263
2350
1908
1200
-243
-1960
-2973
-2983
-2354
-1895
-1638
-1477
-1428
-906
414
2140
3423
3912
3665
2315
-127
-2076
-871
3304
6690
7387
6053
3558
645
-2353
-4275
-3962
-1829
1429
4463
5350
3978
1728
-194
-1166
-1509
-1759
-1579
-614
633
1138
127
-1708
-2643
-2559
-2442
-2159
-1630
-994
-283
70
-141
-914
-2110
-2484
-1279
344
1188
1308
1308
1222
568
-738
-2052
-2803
-2723
-1975
-1237
-1041
-1144
-924
-337
542
1719
2697
3094
2539
858
-1287
-2317
-534
3336
6509
7344
6062
3538
520
-2555
-4257
-3658
-1606
997
3101
3704
2914
1419
32
-570
-779
-902
-355
629
1212
909
-500
-2036
-2592
-2527
-2216
-1551
-596
225
397
-264
-1196
-1921
-2508
-2326
-1333
-485
17
443
581
186
-1008
-2603
-3645
-3884
-3486
-2931
-2411
-1871
-1260
-619
149
1316
2575
3211
2824
1749
274
-1065
-1119
1256
5150
7569
7245
5283
2590
-559
-3309
-4174
-2896
-877
1071
2507
2773
1848
468
-567
-1052
-1182
-837
-163
433
687
266
-843
-1987
-2443
-2462
-2379
-1849
-863
15
169
3
133
119
-228
-431
-278
-70
155
366
306
0
-623
-1297
-1914
-2573
-2681
-2289
-1599
-798
-446
-233
503
1879
3101
3090
2088
882
-409
-1871
-2720
-967
3370
7424
9245
8241
5024
1218
-2273
-4202
-4257
-3409
-1658
825
2770
3481
2813
1406
639
319
-50
-336
-314
-78
-372
-1445
-2657
-3302
-3312
-2972
-2184
-934
7
452
602
483
187
-683
-1630
-1780
-1338
-808
-345
178
740
917
565
-142
-1036
-1683
-1759
-1373
-953
-884
-688
143
1438
2567
2570
1604
566
-365
-1406
-2215
-1246
2429
6520
8192
6791
3453
-276
-3652
-5938
-6489
-5633
-3277
256
3271
4432
3708
2440
1592
903
14
-632
-608
-123
72
-710
-1904
-2506
-2612
-2564
-2187
-1336
-246
677
1247
1459
1197
92
-1423
-2433
-2781
-2497
-1669
-565
666
1298
853
-260
-1611
-2625
-2887
-2540
-1832
-1066
-250
806
2011
2755
2421
1528
743
161
-697
-1444
-141
3686
7861
9811
8457
4893
869
-2885
-5692
-6832
-6021
-3329
495
3687
4721
3830
2398
1492
872
51
-642
-561
-77
-278
-1654
-3435
-4433
-4391
-3668
-2563
-1102
401
1543
2124
2149
1600
352
-1199
-2494
-3138
-3090
-2576
-1470
95
1198
1359
718
-192
-993
-1772
-2013
-1480
-808
-557
-164
925
2022
2210
1558
895
640
609
221
426
3069
7429
10546
10258
6843
2106
-2591
-6393
-8167
-7523
-4766
-273
4201
6664
6661
5110
3338
1895
442
-1019
-1827
-1959
-1891
-2215
-3161
-4024
-4110
-3548
-2559
-1363
-311
503
962
1145
939
-369
-2394
-3824
-4187
-3851
-3126
-1981
-415
942
1400
988
-45
-1375
-2409
-2512
-1756
-1042
-926
-750
-2
973
1412
897
288
253
313
39
-315
911
4579
8506
9872
7663
3223
-1361
-5171
-7544
-7799
-5922
-1958
2777
6118
7055
5963
4289
2887
1523
142
-944
-1538
-1737
-1993
-2762
-3677
-4009
-3326
-1902
-525
522
1302
1930
2330
2140
923
-1083
-2903
-3858
-3949
-3448
-2447
-1057
543
1828
2199
1642
288
-1102
-1713
-1526
-1087
-1167
-1509
-1231
-436
436
1076
1420
1938
2463
2424
1664
1130
2641
5763
7885
7307
4156
83
-3599
-6258
-7116
-6175
-3646
426
4559
6818
6943
5650
3949
2314
459
-1372
-2732
-3486
-3560
-3553
-3905
-3987
-3387
-2252
-988
184
1167
1697
1834
1784
1459
179
-1936
-3564
-4097
-3739
-2881
-1723
-89
1676
2835
2960
1792
-164
-1666
-2039
-1801
-1691
-1928
-2111
-1509
-114
1484
2537
2683
2682
2718
2022
425
-598
1137
4729
7046
6207
2867
-884
-4093
-6555
-7389
-6307
-3440
874
4770
6741
6645
5178
3310
1306
-897
-3114
-4671
-5142
-4720
-4102
-3701
-3165
-2205
-1028
65
713
803
702
931
1552
1622
299
-1693
-3012
-3392
-3191
-2624
-1388
595
2707
4015
4026
2738
850
-476
-1134
-1558
-1991
-2321
-1868
-501
1135
2389
2852
2874
2962
2752
1430
-438
-756
1602
4824
6278
5013
1829
-1698
-4661
-6335
-6372
-4654
-1212
2984
6412
7686
6698
4610
2385
210
-1795
-3329
-4155
-4001
-3241
-2701
-2389
-1927
-1097
-167
440
879
1184
1321
1499
1573
837
-760
-2445
-3498
-3615
-3174
-2362
-1125
450
1869
2492
2028
623
-1041
-2231
-2808
-3172
-3515
-3296
-2159
-520
1088
2464
3497
3898
3460
2007
-65
-2062
-2573
-217
3626
6320
6620
4705
1726
-1568
-4517
-5898
-5337
-2845
1072
4717
6645
6604
5131
3139
1014
-1302
-3249
-4187
-4161
-3764
-3340
-3038
-2608
-1813
-910
268
1382
2110
2656
2830
2495
1275
-912
-3190
-4463
-4553
-3936
-2673
-992
910
2648
3474
2932
1299
-843
-2577
-3523
-3894
-3652
-2823
-1268
496
1841
2755
3178
2855
1752
204
-1278
-2390
-2311
-2
3628
6764
7882
6297
3057
-652
-3986
-5598
-5024
-2543
1254
4870
7027
7353
5935
3536
1037
-1208
-2810
-3442
-3421
-3062
-2745
-2757
-2608
-2060
-1243
-226
686
1311
1656
1568
1100
162
-1423
-3070
-4084
-4222
-3727
-2864
-1565
159
1789
2557
2181
839
-820
-1843
-2116
-2229
-2081
-1496
-559
511
1235
1854
2451
2536
1958
901
-109
-899
-1527
-855
1818
4962
6811
6454
3899
401
-2895
-5049
-5332
-3994
-1283
2130
4905
6232
5986
4536
2433
57
-2172
-3665
-4313
-4523
-4400
-3851
-2865
-1512
-150
888
1666
2091
1889
1321
678
-62
-1170
-2661
-3794
-4134
-3905
-3287
-2289
-834
768
1706
1735
1206
355
-500
-1185
-1679
-1767
-1342
-619
-78
175
654
1666
2576
2635
2010
1234
635
-39
-321
1158
4125
6732
7373
5593
2340
-1229
-4103
-5280
-4656
-2704
371
3728
6155
6866
5666
3484
1105
-1220
-3215
-4657
-5190
-4598
-3439
-2264
-1098
-99
594
972
1022
775
380
157
156
-176
-1424
-2928
-3630
-3600
-3154
-2454
-1372
123
1385
1952
1805
1016
-85
-1034
-1610
-1783
-1774
-1834
-1848
-1511
-706
414
1560
2295
2423
1966
1081
-95
-1373
-1641
214
3485
6105
6715
5071
2184
-940
-3723
-5117
-4769
-2693
694
4025
5952
6194
5058
3022
547
-2160
-4257
-4950
-4557
-3749
-2820
-1756
-501
518
801
787
935
1207
1594
1697
1291
130
-1644
-3101
-3890
-4132
-3794
-2615
-758
1214
2546
2840
2390
1252
-312
-1601
-2595
-3185
-3032
-2324
-1306
-268
678
1897
3325
3911
3155
1666
198
-1158
-2405
-2377
72
3840
6811
7558
5879
2841
-606
-3377
-4607
-4251
-2440
465
3369
5089
5276
3959
1789
-550
-2627
-3818
-4181
-3937
-3174
-2260
-1257
-324
17
85
511
1186
1696
1779
1454
616
-709
-2309
-3600
-4036
-3720
-2664
-884
1202
2919
3747
3493
2283
386
-1575
-2897
-3507
-3375
-2627
-1575
-457
565
1427
2258
2834
2373
1160
-50
-1150
-2356
-3175
-1993
1422
5210
7323
6825
4533
1366
-1977
-4235
-4902
-3970
-1579
1531
4277
5556
4956
3064
773
-1299
-2896
-3742
-3762
-3194
-2459
-1924
-1444
-1170
-1096
-753
56
1009
1543
1626
1298
548
-828
-2686
-3951
-4068
-3182
-1696
-148
1170
2166
2523
2086
948
-589
-2045
-2989
-3068
-2349
-1186
19
1040
1925
2725
3196
2824
1634
310
-695
-1449
-2230
-2362
-464
3300
7067
8903
7866
4747
993
-2406
-4628
-5324
-4405
-1766
1633
4298
5529
4994
3220
1094
-988
-2534
-3372
-3644
-3335
-2626
-2103
-1906
-1853
-1776
-1268
-472
230
939
1491
1574
739
-1101
-3009
-4095
-4304
-3745
-2509
-791
1218
2802
3390
2886
1387
-703
-2336
-2904
-2561
-1477
-211
981
2019
2523
2617
2486
1920
951
-144
-1011
-1710
-2326
-2256
-354
3226
6667
8404
7615
4825
1259
-2214
-4597
-5296
-4356
-1969
1204
3875
5015
4590
3099
1363
-145
-1580
-2766
-3432
-3675
-3712
-3643
-3453
-2987
-2083
-770
730
2023
2761
2841
2190
876
-933
-2990
-4556
-5141
-4585
-2986
-862
1200
2708
3329
2861
1372
-582
-2115
-2834
-2624
-1657
-460
755
1542
1752
1758
1699
1328
615
93
-437
-1350
-2403
-3190
-2297
989
5058
8017
8671
6838
3622
-70
-3390
-5357
-5730
-4187
-1006
2468
4985
5708
4841
3290
1391
-613
-2347
-3710
-4590
-4769
-4358
-3596
-2599
-1384
43
1623
3141
4090
4092
3111
1458
-589
-2773
-4581
-5446
-5202
-3849
-1727
357
1856
2371
1989
1039
-437
-1884
-2619
-2487
-1487
-337
318
519
384
513
1087
1559
1519
930
97
-776
-1748
-2879
-3055
-699
3659
7964
10052
8934
5747
1804
-2219
-5372
-7093
-6727
-3808
294
3661
5269
5077
3914
2339
467
-1618
-3545
-4653
-4564
-3624
-2622
-1610
-454
1007
2745
4108
4726
4478
3410
1902
78
-2166
-4193
-5318
-5352
-4026
-1756
428
1945
2593
2584
2146
1074
-375
-1577
-2262
-2308
-1835
-1285
-880
-693
-450
325
1353
1885
1613
828
-9
-844
-2182
-3304
-2231
1401
5796
8633
8623
6176
2642
-1054
-4268
-6400
-6903
-4985
-1384
1995
3974
4224
3425
2438
1244
-471
-2490
-4078
-4719
-4461
-3742
-3035
-2214
-1045
560
2400
3695
3987
3395
2139
508
-1528
-3818
-5477
-5946
-5104
-3314
-1430
275
1614
2344
2489
2042
1008
-176
-1082
-1603
-1579
-1362
-1248
-1086
-802
-107
1115
2247
2588
2149
1296
309
-851
-2260
-2817
-848
3362
7530
9556
8692
5852
2516
-925
-4063
-5907
-5992
-3989
-574
2480
4285
4673
4035
3082
1649
-438
-2525
-3874
-4219
-3701
-2919
-2159
-1278
-253
1156
2630
3545
3783
3169
1787
-38
-2126
-4312
-5947
-6170
-4908
-2724
-336
1699
3120
3920
3971
3204
1671
-243
-1846
-2730
-2683
-2187
-1716
-1010
-7
1442
2915
3431
2951
1941
654
-765
-2282
-3633
-3494
-826
3425
7031
8246
6825
3871
367
-3249
-6184
-7632
-7007
-4160
-563
2084
3497
3718
3193
2300
847
-963
-2501
-3317
-3369
-2951
-2632
-2541
-2115
-902
999
2959
4151
4270
3309
1498
-750
-3340
-5665
-6671
-5929
-3614
-810
1379
2888
3684
3728
3078
1562
-489
-2273
-3207
-3067
-2413
-1868
-1220
-248
943
2118
2732
2602
2180
1574
598
-650
-2030
-3062
-2456
476
4318
7112
7756
6344
3927
852
-2587
-5344
-6589
-5820
-3277
-242
2198
3648
4126
4029
3367
1956
130
-1617
-2908
-3585
-3864
-3969
-3553
-2085
245
2821
4872
5764
5331
3650
1061
-1925
-4781
-6641
-6779
-5233
-2605
-58
1733
2815
3261
3024
1920
215
-1399
-2443
-2779
-2610
-2179
-1612
-842
137
1171
1986
2360
2484
2542
2124
956
-635
-2310
-3368
-2745
19
3986
7355
8850
8311
6070
2315
-2240
-6029
-7780
-7028
-4119
-397
2875
5218
6457
6454
5083
2382
-939
-3783
-5672
-6554
-6696
-6208
-4745
-2329
458
2995
4642
5019
4203
2296
-255
-3024
-5473
-6731
-6485
-4968
-2670
-322
1594
2897
3455
3373
2629
1179
-448
-1741
-2632
-3013
-2638
-1618
-447
673
1583
2390
2886
2594
1907
984
-331
-1845
-3251
-4168
-3731
-1113
3143
7000
8731
8017
5523
1729
-2727
-6433
-8036
-6953
-3671
427
3950
6175
6997
6468
4692
1925
-1216
-3648
-4999
-5505
-5301
-4482
-2873
-545
1890
3797
4761
4645
3589
1874
-407
-2940
-5032
-6033
-5642
-4263
-2618
-973
654
2045
2985
3210
2586
1276
-267
-1498
-2281
-2512
-2132
-1150
270
1642
2375
2478
2253
1806
1142
182
-835
-1838
-2674
-3043
-2504
-281
3183
6378
8079
7570
5116
1387
-2809
-6197
-7672
-6911
-4189
-524
2786
5143
6312
6135
4690
2222
-537
-2728
-4015
-4417
-4279
-3544
-2029
-57
1829
3215
4067
4304
3711
2413
642
-1356
-3322
-4870
-5440
-4981
-3820
-2230
-462
1294
2651
3330
3284
2262
585
-1006
-2214
-2852
-2798
-1979
-618
583
1089
1026
859
688
459
57
-603
-1350
-1937
-2301
-2485
-1798
550
3951
6765
7495
5928
2929
-658
-3978
-6189
-6818
-5569
-2724
766
3877
5866
6388
5520
3765
1447
-1068
-3071
-4310
-4752
-4373
-3393
-1891
-74
1753
3454
4757
5159
4320
2464
47
-2548
-4872
-6310
-6573
-5709
-3873
-1464
937
2809
3879
3967
3073
1505
-285
-1808
-2742
-3022
-2550
-1559
-708
-366
-325
13
723
1300
1449
1080
523
-77
-1003
-2108
-2222
-200
3173
5978
6945
5905
3556
574
-2547
-4838
-5801
-5168
-2590
815
3645
5453
5989
5415
3932
1683
-680
-2621
-4012
-4734
-4619
-3847
-2610
-1009
707
2415
3757
4261
3749
2232
21
-2397
-4647
-6218
-6563
-5634
-3623
-991
1490
3350
4530
4920
4348
2868
978
-583
-1734
-2583
-2774
-2182
-1246
-521
22
919
1930
2477
2592
2223
1315
147
-1126
-2375
-2869
-1558
1509
4767
6371
5694
3666
1005
-1978
-4363
-5437
-4859
-2591
472
3176
4822
5088
4310
2945
996
-1267
-3124
-4201
-4347
-3784
-2983
-1860
-464
891
2170
3149
3421
2796
1450
-142
-1886
-3985
-5754
-6247
-5559
-4093
-2169
-92
1874
3184
3729
3465
2028
-96
-2005
-3228
-3808
-3823
-3109
-1875
-710
64
761
1548
2158
2510
2390
1649
521
-808
-2076
-2751
-1980
694
4129
6363
6685
5604
3693
1211
-1356
-3057
-3371
-2319
-258
1831
3106
3563
3340
2658
1573
-122
-1985
-3239
-3650
-3534
-3311
-2827
-1715
-63
1536
2509
2802
2529
1667
345
-1270
-3070
-4616
-5231
-4622
-3230
-1593
167
1808
2954
3488
3269
2279
815
-721
-1856
-2561
-2816
-2276
-1168
42
821
1016
1199
1506
1817
1995
1643
734
-411
-1630
-2762
-3130
-1789
1174
4391
6403
6612
5216
2873
89
-2456
-4007
-4222
-2866
-604
1557
3190
4138
4499
4105
2759
880
-1001
-2496
-3321
-3625
-3634
-3086
-1901
-362
1169
2307
2854
2677
1746
263
-1537
-3413
-4926
-5558
-5136
-3958
-2364
-462
1394
2723
3354
3083
1979
408
-1151
-2261
-2891
-2904
-2360
-1458
-464
117
417
904
1714
2436
2414
1673
667
-629
-2189
-3258
-2766
-334
2713
5044
6223
5652
3653
952
-1777
-3677
-4388
-3443
-1213
985
2580
3592
3999
3743
2826
1367
-273
-1742
-2780
-3261
-3378
-3064
-2061
-537
1060
2296
3032
3209
2767
1628
-135
-2201
-4178
-5388
-5570
-4884
-3539
-1927
-261
1361
2611
3026
2363
836
-787
-2037
-3045
-3612
-3483
-2687
-1583
-595
234
952
1750
2578
2872
2253
1066
-179
-1511
-2836
-3394
-2031
1271
4815
7156
7773
6621
4208
1243
-1496
-3377
-3956
-2801
-282
2235
3895
4717
4712
3859
2154
16
-1823
-3004
-3523
-3636
-3313
-2453
-1204
329
1736
2739
3286
3223
2548
1182
-815
-3015
-4766
-5407
-4899
-3744
-2090
-75
1810
3170
3708
3329
2111
274
-1559
-2968
-3945
-4303
-3816
-2625
-1229
-91
853
1780
2434
2454
1768
520
-895
-2212
-3486
-4505
-4181
-1672
2110
5501
7343
7403
5967
3399
306
-2403
-3988
-4083
-2617
-189
2118
3658
4384
4407
3697
2236
394
-1313
-2516
-3147
-3354
-3122
-2477
-1428
9
1482
2528
2958
2701
1694
46
-2064
-4045
-5255
-5462
-4585
-2945
-1044
767
2261
3241
3395
2593
1076
-685
-2213
-3345
-3877
-3573
-2602
-1307
-48
1001
1847
2458
2736
2464
1447
-108
-1658
-2995
-4203
-4989
-4163
-1019
3192
6634
8315
8039
6075
2966
-699
-3995
-5985
-6116
-4260
-1382
1186
3014
4048
4173
3480
2083
273
-1351
-2398
-2874
-2947
-2771
-2102
-732
903
2358
3358
3647
3164
2182
827
-918
-2720
-3909
-3899
-2964
-1760
-554
650
1926
2984
3272
2654
1325
-280
-1734
-2888
-3643
-3704
-2895
-1506
-62
1044
1927
2688
2965
2473
1389
14
-1277
-2440
-3596
-4174
-3234
-235
4051
7761
9648
9385
7151
3445
-913
-4700
-6979
-7070
-4933
-1498
1997
4572
5773
5612
4311
2170
-326
-2527
-3978
-4726
-4969
-4695
-3685
-1840
336
2063
3078
3441
3175
2237
551
-1607
-3657
-4963
-5173
-4582
-3559
-2222
-462
1614
3282
3941
3530
2332
625
-1426
-3383
-4650
-4917
-4051
-2299
-375
1234
2394
2937
2654
1710
451
-951
-2347
-3454
-3893
-3785
-3132
-1086
2691
6920
9728
10216
8418
4911
440
-3997
-6996
-7889
-6531
-3103
1022
4375
6403
6965
6208
4353
1621
-1329
-3800
-5490
-6157
-5909
-4854
-2779
-119
2197
3568
4000
3726
2737
1053
-1102
-3184
-4668
-5343
-5177
-4293
-2758
-787
1315
3355
4724
5007
4251
2550
456
-1475
-3087
-3891
-3516
-2263
-551
1107
2361
3200
3445
2987
2106
899
-662
-2196
-3379
-4130
-4353
-3724
-1293
3035
7247
9469
9221
6792
2945
-1502
-5550
-7869
-7880
-5653
-1709
2423
5443
7001
7147
6025
3760
641
-2385
-4512
-5584
-5519
-4455
-2668
-272
2213
4033
4868
4622
3498
1854
-198
-2412
-4395
-5775
-6158
-5458
-4120
-2331
-112
2085
3806
4492
4028
2769
943
-983
-2633
-3876
-4247
-3514
-2063
-476
839
2013
3045
3384
2792
1616
142
-1600
-3308
-4551
-5024
-4418
-2630
332
4107
7526
9451
9169
6397
2174
-2095
-5621
-7655
-7745
-5907
-2451
1498
4765
6719
6918
5558
3125
-28
-3265
-5643
-6547
-6092
-4651
-2532
-142
2110
3709
4411
4146
2956
1318
-541
-2532
-4253
-5291
-5452
-4766
-3314
-1310
845
2608
3749
4240
3838
2608
783
-1137
-2555
-3432
-3703
-3194
-2160
-768
830
2221
3136
3253
2460
1142
-341
-1679
-2713
-3306
-3101
-2113
-700
995
3216
5889
7796
8103
6757
4062
826
-2428
-4811
-5673
-5088
-2897
436
3664
5847
6533
5801
3914
1143
-1857
-4333
-5772
-5865
-4700
-2752
-484
1754
3586
4609
4575
3556
1864
-184
-2182
-3736
-4794
-5239
-4880
-3799
-2090
-160
1556
2819
3362
3245
2561
1327
-215
-1739
-2824
-3245
-3027
-2355
-1531
-579
482
1373
1702
1274
411
-444
-1224
-1977
-2523
-2606
-2158
-1384
-532
322
1753
4294
6853
7849
6739
4144
1173
-1763
-4339
-5639
-5217
-3106
120
3200
5195
5806
5056
3268
811
-2039
-4401
-5466
-5298
-3933
-1807
341
2244
3429
3701
3171
1852
179
-1551
-3115
-4074
-4422
-4352
-3874
-2860
-1441
-173
821
1677
2299
2474
2038
1114
-153
-1520
-2554
-3063
-3181
-3043
-2540
-1685
-754
175
1108
1621
1458
1037
699
352
-209
-884
-1182
-928
-370
385
1298
2751
4987
6882
7173
5725
3324
789
-1745
-3760
-4429
-3760
-1832
812
3232
4763
4920
4229
2922
745
-1597
-3065
-3305
-2788
-1909
-526
1085
2226
2705
2538
1687
456
-711
-1608
-2281
-2831
-3140
-3220
-3081
-2606
-1868
-1079
-286
693
1610
1951
1597
810
-254
-1377
-2377
-3243
-3733
-3637
-2808
-1548
-377
752
1801
2445
2427
1768
893
-49
-979
-1586
-1852
-1712
-1173
-429
352
1523
3526
5459
6193
5412
3476
1192
-1322
-3602
-4633
-4191
-2232
759
3469
5083
5494
4979
3685
1426
-1125
-2784
-3270
-2813
-1684
-331
813
1636
2322
2617
2062
830
-300
-1010
-1804
-2561
-3090
-3503
-3621
-3291
-2425
-1451
-631
218
980
1231
867
216
-704
-1808
-2804
-3385
-3536
-3491
-2872
-1599
-313
873
1856
2319
2066
1129
109
-682
-1268
-1471
-1177
-611
39
540
720
853
1657
3291
4702
5026
4178
2480
562
-1244
-2517
-2865
-2332
-672
1555
3225
4145
4224
3286
1627
-168
-1430
-2008
-2081
-1543
-506
571
1350
1794
1697
956
124
-583
-1413
-2230
-2657
-2508
-2086
-1716
-1274
-802
-471
-168
91
41
-280
-500
-361
-329
-731
-1151
-1385
-1490
-1479
-1354
-1154
-867
-319
459
1111
1248
1134
1036
649
243
8
-210
-386
-513
-321
-140
-467
-704
50
1928
4026
5385
5555
4515
2824
987
-806
-2179
-2731
-2024
-288
1282
2167
2549
2492
2090
1323
419
-109
-245
-313
-494
-829
-1204
-1452
-1498
-1447
-1303
-960
-471
86
323
121
-336
-1005
-1798
-2735
-3276
-3196
-2716
-1782
-737
276
1208
1719
1610
887
-204
-1305
-2152
-2673
-2678
-2108
-1181
-40
1150
2185
2627
2302
1505
391
-825
-1929
-2561
-2544
-2207
-1472
-534
107
613
1624
3429
5055
5578
5124
3833
1843
-516
-2664
-3815
-3733
-2439
-106
2151
3634
4550
4669
3908
2404
502
-903
-1739
-2303
-2468
-2296
-1699
-784
67
739
1073
956
413
-517
-1597
-2659
-3483
-3842
-3749
-3183
-2194
-1069
-44
711
1092
1283
1214
652
-142
-907
-1521
-1912
-2037
-1672
-864
56
685
951
1090
1106
1017
788
334
-145
-563
-765
-575
-135
395
994
1613
1973
1923
1815
2388
3556
4281
4318
3697
2375
810
-605
-1421
-1486
-995
225
1741
2787
3196
2915
2141
1059
-358
-1609
-2360
-2651
-2442
-2043
-1660
-1261
-961
-841
-888
-1010
-1165
-1341
-1492
-1686
-1987
-2408
-2733
-2621
-2254
-1869
-1422
-771
8
604
970
1136
1116
890
457
-170
-996
-1621
-1867
-1846
-1537
-993
-96
949
1758
2273
2310
1866
1130
166
-662
-1026
-914
-441
85
706
1352
1392
823
642
1570
3068
4117
4256
3663
2760
1672
536
-289
-717
-562
208
960
1333
1502
1537
1306
516
-763
-1930
-2583
-2762
-2504
-1913
-1220
-486
19
-8
-465
-1115
-1710
-2273
-2834
-3057
-2936
-2583
-2063
-1574
-1079
-628
-357
-111
28
-46
-107
-198
-360
-647
-999
-1150
-1088
-900
-834
-818
-471
205
1014
1598
1687
1453
1136
767
208
-608
-1151
-946
-167
751
1314
1451
1532
1420
919
372
492
2031
4246
5730
6085
5531
4467
2953
956
-894
-1926
-1905
-995
55
882
1404
1482
1254
620
-252
-891
-1185
-1154
-1160
-1365
-1563
-1856
-2243
-2465
-2408
-2070
-1568
-937
-290
111
120
-177
-688
-1234
-1540
-1585
-1365
-1042
-466
352
948
1163
1019
695
181
-499
-1068
-1532
-1766
-1616
-1228
-677
11
771
1373
1662
1553
1008
117
-916
-1687
-2034
-1821
-1029
-56
736
1104
1049
618
-158
-377
733
2337
3401
3870
3880
3281
1878
2
-1516
-2363
-2397
-1421
-222
531
1067
1499
1514
705
-444
-1089
-1210
-1176
-1087
-1011
-1019
-899
-709
-849
-1276
-1589
-1534
-1329
-1162
-1056
-860
-497
-327
-358
-633
-851
-623
-264
3
299
738
1123
1148
920
705
472
165
-74
-214
-407
-482
-155
527
1176
1749
2430
2982
3237
2995
2267
1183
-182
-1330
-2033
-2305
-1996
-1258
-428
178
259
8
70
1029
2574
3744
4234
4031
3090
1399
-889
-2788
-3629
-3575
-2574
-1034
195
1125
1640
1391
547
-696
-1614
-1838
-1808
-1609
-1281
-880
-443
-209
-343
-797
-1035
-989
-1100
-1295
-1424
-1430
-1361
-1431
-1507
-1406
-1129
-471
331
846
1147
1446
1603
1162
375
-312
-825
-1153
-1420
-1454
-1137
-512
392
1449
2200
2498
2746
2599
1926
1139
255
-637
-1353
-1556
-1235
-632
99
973
1767
2038
1935
1640
1198
951
1547
2714
3351
3183
2519
1648
411
-1060
-2065
-2492
-2357
-1630
-649
-15
250
444
345
-204
-962
-1608
-1977
-2171
-2201
-2084
-1802
-1281
-668
-298
-360
-474
-584
-768
-885
-912
-906
-909
-741
-418
-140
137
551
1059
1336
1364
1348
980
360
-121
-344
-496
-670
-431
34
273
536
946
1240
1248
1157
1117
784
127
-480
-988
-1560
-1908
-1893
-1683
-1397
-855
69
837
1149
1041
567
-139
-640
-254
800
1780
2570
3031
2872
2020
758
-442
-1250
-1571
-1356
-773
-220
359
987
1363
1498
1418
1079
622
127
-271
-640
-960
-942
-720
-700
-871
-902
-931
-1081
-1154
-1150
-1244
-1372
-1326
-1298
-1347
-1277
-829
-114
402
634
755
699
448
309
169
-133
-335
-304
-248
-285
-333
-152
380
888
1277
1641
1622
1276
873
289
-454
-1035
-1230
-1080
-882
-648
-84
677
1274
1620
1539
1059
520
76
100
867
1974
2778
3263
3459
3133
2128
611
-722
-1553
-1768
-1388
-787
-86
516
1034
1382
1118
395
-357
-969
-1556
-2074
-2391
-2376
-1943
-1476
-1185
-1097
-1326
-1706
-2030
-2219
-2350
-2237
-1808
-1317
-884
-661
-438
-271
-331
-455
-543
-515
-338
-45
106
78
-30
-173
-336
-623
-779
-508
105
812
1470
1955
2069
1943
1671
1248
794
331
-81
-345
-473
-390
65
789
1509
1964
2118
2008
1600
1073
727
1030
2044
3068
3746
3904
3373
2312
816
-787
-2019
-2594
-2324
-1510
-627
263
922
1172
1012
325
-499
-1278
-1829
-2058
-2317
-2381
-2192
-2006
-2010
-2266
-2423
-2314
-2125
-1883
-1534
-1111
-703
-336
-90
-33
-29
-13
4
33
79
196
383
550
575
471
347
254
40
-256
-292
3
514
1058
1443
1620
1551
1362
1155
816
318
-83
-378
-691
-920
-955
-595
197
1199
2054
2463
2296
1829
1175
434
266
935
1891
2759
3329
3324
2637
1298
-173
-1243
-1924
-2021
-1360
-496
218
804
1035
735
-13
-821
-1495
-2044
-2339
-2321
-2189
-2107
-2022
-1971
-2146
-2413
-2405
-2279
-2145
-1837
-1447
-1075
-824
-541
-215
-104
-109
1
115
28
-88
-46
-15
-82
-41
59
61
106
310
516
549
643
982
1193
1105
1082
1149
1009
763
581
332
-31
-335
-356
-201
-51
442
1295
1951
2260
2234
1812
1122
498
281
663
1435
2401
3293
3568
3161
2354
1147
-221
-1195
-1602
-1543
-1255
-815
-340
-200
-392
-657
-1120
-1626
-1946
-2117
-2193
-2310
-2290
-2125
-2147
-2171
-2001
-1814
-1657
-1451
-1169
-957
-825
-683
-408
-106
116
454
810
934
953
923
833
826
917
1098
1235
1149
985
782
450
283
377
550
860
1339
1773
1887
1645
1249
725
2
-731
-1173
-1442
-1541
-1245
-637
49
577
952
1190
1065
609
142
-194
-245
247
1117
1875
2252
2243
1914
1190
104
-843
-1372
-1570
-1362
-870
-368
10
188
220
3
-466
-845
-1005
-1078
-1148
-1192
-1237
-1351
-1569
-1731
-1805
-1896
-1880
-1646
-1360
-1160
-882
-571
-345
-69
135
247
234
152
267
447
583
744
960
1064
1027
918
703
362
42
-55
-103
-159
-42
212
415
472
550
607
410
158
72
-89
-384
-526
-356
-28
256
624
941
953
724
463
173
-48
269
1209
2123
2676
3015
2878
2149
1097
-5
-1020
-1687
-1656
-1034
-392
116
753
1242
1207
826
441
-60
-747
-1095
-1159
-1315
-1450
-1399
-1212
-1285
-1499
-1425
-1338
-1373
-1162
-738
-493
-357
5
304
93
-202
-225
-364
-616
-576
-287
-178
-314
-177
-23
-363
-742
-636
-431
-467
-224
359
788
941
1192
1458
1112
427
41
-245
-689
-900
-620
-313
-68
453
1021
1136
983
937
787
313
-19
229
690
1212
1945
2548
2581
2173
1707
995
-75
-836
-998
-991
-1016
-684
-157
79
192
376
428
259
305
567
488
42
-383
-743
-1383
-2109
-2271
-2244
-2242
-1787
-1141
-693
-472
-258
-114
-285
-572
-680
-748
-1006
-1017
-735
-543
-433
-183
142
112
-25
45
4
-144
-142
47
168
220
564
976
1064
996
1119
1118
884
736
627
432
271
400
538
490
473
678
894
854
877
999
1050
1299
1583
1660
1478
1153
995
619
-106
-646
-910
-1086
-1082
-993
-807
-447
-132
256
365
37
-225
-439
-763
-1072
-1249
-1305
-1280
-1206
-1170
-1275
-1389
-1410
-1312
-1293
-1339
-1266
-1170
-1012
-697
-436
-239
16
75
91
7
-245
-442
-658
-739
-655
-554
-319
-1
246
425
559
716
900
1150
1485
1712
1711
1625
1484
1223
853
480
337
479
831
1379
1940
2221
2248
2102
1635
884
228
-57
38
562
1319
1989
2340
2365
2097
1355
251
-729
-1392
-1775
-1861
-1721
-1298
-863
-558
-265
-264
-531
-703
-875
-1248
-1648
-1955
-2061
-2156
-2277
-2220
-2168
-2126
-1913
-1662
-1526
-1448
-1219
-939
-867
-831
-687
-636
-767
-768
-608
-520
-389
-64
258
383
458
626
639
443
377
511
599
778
1260
1739
2029
2238
2392
2254
1788
1413
1212
911
702
884
1145
1237
1354
1537
1404
919
593
504
368
413
901
1412
1628
1675
1607
1177
284
-492
-929
-1427
-1784
-1688
-1391
-1228
-1076
-745
-573
-732
-824
-808
-1005
-1397
-1608
-1743
-2042
-2233
-2205
-2195
-2239
-2098
-1754
-1500
-1348
-1073
-764
-589
-505
-366
-345
-505
-554
-439
-322
-140
126
389
536
601
676
603
521
653
945
1206
1499
1935
2234
2262
2213
2172
1962
1689
1603
1571
1516
1504
1605
1686
1586
1445
1287
1092
959
926
892
854
1025
1305
1446
1469
1400
1161
707
224
-280
-811
-1262
-1513
-1494
-1623
-1732
-1504
-1329
-1284
-1280
-1340
-1496
-1676
-1745
-1829
-2056
-2200
-2090
-2143
-2387
-2500
-2469
-2388
-2339
-2148
-1899
-1854
-1788
-1493
-1287
-1244
-976
-466
-93
84
259
405
343
160
146
120
28
149
439
683
887
1235
1676
2023
2271
2552
2785
2786
2669
2528
2268
1981
1846
1787
1726
1687
1751
1857
1856
1790
1648
1449
1324
1255
1203
1241
1323
1399
1326
1158
915
458
-117
-659
-1166
-1650
-1940
-1930
-1832
-1806
-1642
-1343
-1239
-1351
-1356
-1264
-1391
-1656
-1764
-1829
-2025
-2188
-2154
-2165
-2275
-2232
-2028
-1935
-1926
-1756
-1463
-1292
-1184
-917
-704
-557
-346
-84
86
128
266
425
430
379
346
360
311
337
611
912
1268
1676
1984
2130
2119
2023
1875
1655
1485
1469
1467
1436
1490
1493
1367
1231
1120
1090
1044
1001
1077
1198
1322
1408
1406
1246
982
731
408
57
-327
-675
-882
-946
-907
-915
-929
-850
-791
-845
-960
-1086
-1259
-1425
-1495
-1574
-1595
-1599
-1578
-1448
-1441
-1512
-1546
-1570
-1563
-1596
-1591
-1477
-1306
-1045
-793
-570
-326
-140
19
230
393
469
501
506
497
347
206
290
378
479
738
1105
1445
1637
1742
1805
1775
1626
1512
1468
1293
1096
1044
1015
980
940
928
913
899
869
777
699
700
769
830
783
668
433
127
-130
-445
-660
-835
-963
-927
-976
-1088
-1041
-1028
-1000
-952
-1027
-956
-912
-1016
-1082
-1247
-1353
-1340
-1421
-1414
-1490
-1612
-1683
-1752
-1685
-1652
-1607
-1353
-1015
-722
-553
-401
-111
53
87
135
111
66
47
89
104
-15
-5
216
396
590
827
1078
1284
1443
1671
1787
1736
1673
1717
1731
1609
1514
1499
1406
1201
1068
1022
953
894
958
1140
1271
1400
1664
1791
1708
1534
1255
872
377
-52
-328
-549
-672
-681
-585
-579
-614
-543
-625
-824
-1003
-1125
-1183
-1201
-1201
-1147
-1125
-1132
-1092
-1176
-1315
-1496
-1696
-1737
-1773
-1765
-1636
-1539
-1401
-1189
-952
-733
-593
-414
-228
-152
-98
-83
-132
-184
-259
-304
-317
-324
-210
-72
148
344
556
902
1162
1382
1499
1479
1416
1268
1069
875
713
689
787
914
1035
1140
1203
1244
1252
1246
1316
1394
1461
1537
1440
1207
913
500
106
-251
-513
-606
-658
-641
-513
-460
-526
-642
-770
-888
-1059
-1179
-1212
-1245
-1255
-1224
-1123
-1112
-1231
-1244
-1260
-1350
-1479
-1537
-1542
-1530
-1442
-1272
-1066
-924
-706
-406
-204
-124
-112
-84
-81
-107
-64
-2
61
215
466
611
691
795
929
1023
1044
1173
1284
1322
1415
1482
1462
1372
1313
1346
1296
1205
1179
1140
1132
1114
1110
1150
1179
1281
1381
1444
1476
1352
1087
745
391
68
-274
-463
-480
-543
-522
-445
-437
-475
-568
-608
-738
-1079
-1292
-1377
-1510
-1621
-1649
-1582
-1559
-1612
-1596
-1577
-1655
-1705
-1712
-1691
-1688
-1628
-1458
-1338
-1191
-928
-614
-351
-152
35
110
75
73
73
36
-24
-33
58
189
364
617
891
1151
1433
1632
1730
1736
1682
1567
1381
1172
1037
980
940
1037
1204
1311
1404
1511
1545
1490
1428
1407
1424
1342
1199
1072
852
534
200
-104
-305
-433
-482
-427
-417
-415
-431
-532
-677
-896
-1143
-1352
-1552
-1727
-1899
-2001
-1965
-1875
-1786
-1735
-1722
-1702
-1744
-1829
-1841
-1856
-1816
-1705
-1561
-1320
-1136
-987
-785
-651
-524
-406
-334
-210
-104
-10
110
172
256
348
434
563
701
901
1140
1379
1653
1888
2037
2085
2030
1980
1910
1752
1649
1582
1577
1674
1763
1842
1874
1899
1939
1982
2035
2028
1903
1769
1625
1370
912
346
-106
-415
-601
-662
-590
-477
-355
-225
-237
-495
-881
-1233
-1571
-1946
-2257
-2351
-2325
-2228
-2021
-1806
-1673
-1647
-1683
-1779
-1990
-2245
-2364
-2346
-2237
-1986
-1581
-1121
-743
-450
-253
-152
-101
-91
-132
-156
-189
-140
-8
89
260
449
637
888
1130
1354
1537
1593
1641
1648
1558
1474
1360
1292
1312
1334
1397
1473
1546
1658
1705
1696
1634
1462
1349
1265
1218
1225
1154
1121
1084
975
817
521
206
-89
-418
-614
-764
-867
-858
-870
-856
-899
-1027
-1167
-1335
-1510
-1686
-1860
-1907
-1915
-1936
-1899
-1913
-1883
-1850
-1880
-1859
-1856
-1834
-1715
-1640
-1500
-1292
-1131
-930
-809
-670
-561
-540
-447
-310
-248
-190
-41
122
310
429
630
869
959
1087
1234
1346
1432
1538
1681
1765
1800
1886
1974
1985
1976
1964
1950
1910
1872
1908
1925
1938
2010
2052
2048
2035
1998
1838
1591
1378
1135
877
636
444
282
50
-147
-257
-408
-547
-623
-748
-884
-1082
-1283
-1492
-1770
-2003
-2187
-2297
-2322
-2300
-2268
-2271
-2253
-2205
-2281
-2413
-2431
-2429
-2385
-2283
-2108
-1843
-1623
-1335
-1026
-862
-744
-596
-493
-469
-475
-373
-258
-134
148
384
573
813
1052
1245
1351
1431
1591
1664
1622
1644
1663
1632
1640
1708
1821
1869
1871
1930
1960
1934
1889
1881
1833
1729
1666
1585
1472
1324
1181
1044
855
693
549
342
178
58
-101
-248
-429
-584
-688
-867
-1010
-1179
-1409
-1519
-1636
-1755
-1818
-1882
-1859
-1869
-1908
-1903
-1960
-2017
-2047
-2072
-2054
-1998
-1854
-1627
-1452
-1274
-1064
-859
-677
-618
-563
-469
-409
-309
-173
-77
55
235
428
619
761
925
1072
1208
1345
1431
1523
1585
1639
1687
1664
1669
1719
1710
1701
1712
1721
1711
1652
1621
1607
1555
1502
1467
1407
1329
1240
1132
944
744
578
396
212
10
-186
-341
-485
-598
-687
-814
-917
-1015
-1149
-1295
-1457
-1567
-1650
-1740
-1770
-1773
-1792
-1786
-1790
-1798
-1796
-1797
-1768
-1763
-1741
-1673
-1612
-1506
-1387
-1256
-1071
-900
-720
-559
-444
-316
-193
-61
29
101
253
393
534
729
903
1082
1262
1402
1533
1634
1683
1722
1736
1728
1732
1742
1793
1827
1834
1845
1858
1885
1841
1763
1724
1658
1569
1462
1328
1202
1055
911
766
586
400
233
68
-80
-251
-427
-593
-771
-897
-1039
-1211
-1342
-1460
-1557
-1669
-1807
-1893
-1981
-2082
-2122
-2132
-2121
-2143
-2131
-2070
-2071
-2085
-2043
-1960
-1860
-1772
-1634
-1436
-1303
-1176
-1012
-840
-673
-559
-412
-196
-44
72
223
396
570
686
838
1049
1192
1344
1502
1640
1753
1804
1901
1990
2026
2063
2053
2037
2029
1977
1937
1923
1918
1909
1850
1787
1727
1627
1505
1381
1243
1112
960
802
631
409
185
-8
-171
-366
-529
-648
-778
-886
-966
-1052
-1127
-1233
-1377
-1490
-1622
-1737
-1817
-1882
-1912
-1907
-1871
-1831
-1786
-1752
-1716
-1668
-1613
-1594
-1541
-1430
-1315
-1214
-1108
-946
-807
-684
-527
-371
-244
-134
-8
143
264
383
552
705
824
946
1057
1192
1287
1366
1471
1529
1597
1653
1664
1686
1694
1712
1727
1702
1683
1670
1619
1563
1491
1407
1343
1231
1128
1019
863
768
707
621
480
293
121
-48
-265
-484
-659
-792
-899
-1021
-1075
-1107
-1169
-1244
-1322
-1402
-1519
-1644
-1722
-1743
-1769
-1790
-1777
-1762
-1790
-1794
-1742
-1736
-1690
-1604
-1476
-1310
-1178
-1023
-866
-760
-686
-585
-472
-383
-271
-117
43
183
305
445
547
630
733
837
922
1031
1244
1404
1455
1514
1593
1621
1584
1616
1682
1661
1628
1658
1678
1571
1463
1448
1397
1299
1259
1290
1206
1038
934
843
677
548
570
555
437
342
227
-24
-362
-631
-851
-1100
-1238
-1158
-1058
-1050
-991
-927
-1050
-1281
-1394
-1439
-1581
-1680
-1628
-1601
-1658
-1620
-1439
-1376
-1388
-1255
-1078
-1047
-1035
-878
-782
-827
-770
-569
-475
-440
-244
-13
83
135
318
484
453
490
637
675
643
738
921
974
1022
1209
1352
1347
1378
1462
1434
1348
1339
1375
1318
1228
1269
1292
1188
1182
1253
1215
1090
1025
944
706
482
407
330
168
99
156
115
-34
-135
-229
-447
-663
-780
-881
-1031
-1119
-1074
-1060
-1120
-1135
-1130
-1213
-1269
-1280
-1321
-1415
-1493
-1482
-1499
-1536
-1451
-1310
-1223
-1161
-1015
-866
-796
-707
-555
-461
-429
-355
-264
-185
-118
3
151
253
351
470
541
581
657
752
815
870
966
1045
1036
1027
1045
1044
985
972
1015
1000
979
990
990
932
848
828
806
732
660
608
567
482
401
350
274
183
111
69
9
-46
-91
-165
-236
-305
-379
-473
-566
-640
-714
-768
-779
-747
-736
-747
-714
-702
-739
-764
-801
-833
-870
-883
-869
-866
-824
-735
-635
-559
-471
-394
-361
-328
-261
-177
-139
-106
-27
39
95
165
270
382
463
549
623
676
702
740
771
776
781
806
859
907
935
955
954
951
965
963
959
945
907
858
822
777
680
571
518
487
437
377
349
303
206
132
64
-22
-128
-193
-215
-268
-339
-386
-445
-565
-680
-750
-805
-854
-879
-880
-906
-928
-939
-982
-1035
-1090
-1111
-1128
-1126
-1086
-1034
-974
-937
-870
-831
-825
-795
-742
-684
-661
-610
-551
-514
-459
-387
-325
-265
-181
-89
18
119
226
334
403
433
435
428
421
446
485
540
636
724
791
823
846
861
836
802
788
780
752
731
704
667
637
613
593
582
578
567
554
532
484
407
310
230
161
96
53
33
6
-27
-50
-66
-85
-125
-168
-202
-261
-318
-339
-340
-338
-334
-308
-285
-294
-302
-291
-295
-308
-320
-288
-264
-259
-246
-221
-172
-124
-77
-25
8
31
31
56
71
74
87
122
200
237
241
267
302
289
249
227
213
187
153
154
193
196
191
219
236
216
182
170
166
130
80
63
25
-38
-73
-88
-108
-148
-177
-175
-184
-210
-223
-246
-284
-317
-339
-357
-372
-386
-401
-422
-428
-427
-447
-467
-471
-468
-477
-482
-486
-476
-460
-445
-421
-407
-380
-347
-317
-297
-265
-206
-174
-148
-118
-95
-71
-55
-12
46
101
140
200
268
312
342
360
393
428
449
469
488
492
471
449
462
459
433
437
471
487
458
455
463
445
408
390
366
321
296
298
295
244
214
194
150
106
65
43
11
5
11
-25
-93
-120
-131
-169
-192
-185
-178
-201
-214
-236
-295
-343
-329
-314
-321
-327
-294
-265
-272
-259
-252
-249
-255
-218
-178
-166
-150
-114
-80
-93
-81
-65
-49
-39
-13
3
9
35
86
124
144
187
230
284
294
310
301
276
275
243
214
205
214
211
201
216
239
222
179
159
123
66
40
39
17
-19
-35
-51
-100
-149
-161
-174
-205
-231
-229
-264
-320
-350
-348
-363
-378
-360
-349
-349
-364
-346
-335
-346
-337
-320
-316
-315
-286
-234
-200
-150
-93
-82
-87
-87
-77
-69
-49
-6
47
97
151
184
190
193
213
251
239
225
246
261
265
280
289
301
312
324
344
344
369
375
370
343
295
252
218
219
205
185
174
172
156
138
114
84
49
17
-8
-46
-90
-147
-199
-237
-256
-250
-235
-228
-230
-247
-281
-295
-298
-311
-327
-306
-276
-255
-255
-250
-226
-239
-236
-218
-195
-195
-192
-178
-179
-180
-162
-121
-91
-74
-53
-12
20
52
82
105
140
176
208
233
257
274
287
297
323
333
328
338
331
320
313
305
295
304
322
331
334
341
323
272
238
219
215
195
164
164
159
138
118
107
95
79
60
29
-26
-92
-135
-176
-207
-223
-237
-258
-253
-232
-234
-244
-258
-269
-305
-331
-335
-346
-358
-366
-365
-370
-378
-361
-339
-331
-291
-257
-256
-250
-219
-160
-138
-116
-90
-64
-47
-47
-8
-7
-7
7
31
63
83
116
142
156
174
186
183
187
201
207
209
238
255
247
246
271
288
267
271
271
263
255
245
261
237
212
213
199
150
113
111
84
68
66
56
35
15
-6
-46
-86
-100
-109
-139
-169
-172
-167
-168
-158
-155
-161
-173
-176
-173
-206
-233
-238
-250
-257
-247
-228
-232
-216
-180
-163
-157
-128
-95
-75
-53
-41
-52
-92
-114
-94
-89
-91
-43
9
31
55
83
99
91
108
137
144
128
146
181
189
207
234
256
253
273
298
277
247
229
223
199
193
194
186
168
151
140
112
100
95
80
62
38
20
-8
-43
-48
-54
-77
-88
-88
-97
-109
-100
-113
-135
-154
-169
-182
-209
-216
-224
-227
-213
-194
-184
-169
-167
-178
-192
-191
-173
-162
-152
-132
-90
-67
-39
-20
-17
-25
-36
-29
-30
-31
-27
-17
-7
19
53
67
70
87
97
91
77
90
106
95
97
105
90
79
81
97
107
102
110
116
90
78
91
85
77
78
108
127
113
114
98
66
23
9
29
27
26
30
31
20
1
-22
-37
-39
-50
-60
-69
-94
-101
-103
-114
-114
-117
-104
-93
-100
-111
-121
-118
-99
-82
-87
-84
-75
-60
-47
-43
-25
-22
-37
-46
-12
4
-7
10
33
43
38
48
52
41
32
64
82
80
100
107
102
90
83
87
75
66
94
92
65
71
79
59
42
55
52
35
27
25
13
-7
-10
1
-4
5
35
34
19
12
-2
-33
-60
-45
-46
-67
-71
-54
-44
-56
-41
-42
-48
-46
-39
-32
-37
-32
-38
-52
-75
-73
-55
-72
-67
-32
-36
-53
-41
-42
-64
-82
-67
-49
-55
-44
-26
-21
-11
3
-9
-3
5
21
33
12
23
30
21
30
54
49
36
46
49
26
9
21
21
13
35
73
71
51
65
75
37
13
23
13
12
28
34
27
23
47
51
23
16
22
7
-21
-30
-38
-61
-60
-34
-20
-38
-42
-29
-34
-34
-20
-13
-36
-48
-38
-49
-64
-50
-28
-28
-29
-11
-2
-26
-29
-18
-26
-38
-35
-40
-41
-28
-8
7
7
12
22
21
16
27
48
50
46
63
68
58
56
61
55
58
77
78
68
73
78
73
76
92
97
86
71
66
77
63
47
39
28
14
2
9
2
-8
-5
-6
-24
-36
-36
-44
-53
-67
-70
-72
-77
-76
-80
-94
-93
-86
-85
-79
-66
-59
-68
-66
-61
-67
-75
-52
-21
-22
-37
-30
-20
-17
-5
7
5
1
11
24
20
5
0
2
-3
4
11
19
20
22
35
27
24
34
37
40
44
42
43
42
35
28
22
25
33
33
27
31
32
25
14
13
10
-3
-5
-4
-4
-6
3
16
9
-6
-8
3
15
20
21
11
3
5
-2
-6
-16
-33
-41
-35
-26
-39
-49
-60
-63
-68
-68
-53
-42
-41
-52
-55
-52
-55
-45
-26
-16
-15
-16
-6
4
-8
-14
-16
-21
-31
-27
-5
20
41
51
44
26
14
19
29
39
51
74
92
93
83
70
70
64
55
50
44
34
28
37
46
48
58
57
45
24
20
19
5
-3
-3
2
7
16
22
13
2
-8
-20
-31
-40
-44
-40
-44
-33
-17
-14
-11
-5
-12
-17
-17
-5
9
23
35
27
15
4
-6
-24
-41
-49
-47
-37
-26
-11
-5
-15
-29
-32
-28
-23
-19
-15
-18
-21
-12
-12
-21
-15
5
7
-1
-5
-7
-19
-42
-40
-28
-23
-24
-5
-3
-15
-16
-17
-17
-15
1
3
-3
3
18
16
-3
-2
-3
-10
-17
-18
-10
-6
-2
8
6
1
8
14
12
8
-4
-15
-14
-11
-11
-27
-39
-38
-42
-42
-36
-24
-23
-21
-9
-14
-16
5
23
21
11
14
19
14
15
27
35
28
40
55
60
61
56
48
30
26
31
27
15
20
38
34
20
19
28
31
45
50
51
47
27
20
17
12
-2
-2
4
-2
2
20
28
19
9
12
14
2
7
29
40
38
47
54
35
14
-3
-5
-10
-19
-19
-17
-18
-21
-11
-10
-16
-16
-27
-40
-29
-18
-20
-32
-32
-24
-34
-24
0
7
-8
-19
-25
-43
-58
-50
-38
-33
-34
-27
-29
-45
-40
-28
-31
-35
-20
-17
-22
-18
-9
-29
-58
-63
-54
-54
-61
-37
-26
-34
-36
-23
-35
-48
-40
-35
-40
-32
-12
6
1
-2
1
0
8
20
20
11
21
36
37
27
37
49
44
43
49
57
43
38
42
32
25
39
49
48
52
50
33
16
11
18
4
-4
19
26
21
28
39
31
22
19
26
30
26
35
38
35
30
25
9
0
12
23
20
27
30
4
-15
-17
-18
-30
-19
-6
-8
-7
4
21
13
6
18
14
-1
-5
-3
-12
-25
-10
6
5
3
0
2
2
6
7
-11
-19
-26
-30
-25
-16
-2
-3
-13
-13
3
-10
-32
-28
-28
-42
-57
-53
-52
-60
-45
-23
-24
-22
-10
-5
-16
-12
8
8
-1
-1
2
-5
-7
-2
4
-1
-3
-12
-16
-12
-19
-21
-29
-25
-15
-8
-13
-18
-21
-31
-27
-14
-13
-5
25
43
41
27
29
39
22
8
5
-3
-10
-9
1
8
-2
0
13
10
-4
-13
-6
-7
-6
-1
9
11
15
25
25
13
6
7
4
5
18
18
13
18
18
3
-9
-5
5
12
14
10
-5
-8
-1
7
1
-10
-3
0
-2
8
14
7
-5
1
15
16
12
22
30
40
53
55
47
38
39
37
17
5
17
10
-15
-22
-11
-23
-45
-40
-27
-37
-33
-18
-17
-23
-17
-1
7
11
19
25
20
29
42
40
36
29
33
26
7
-4
-1
5
13
22
16
6
1
-3
-16
-25
-23
-24
-29
-29
-31
-35
-36
-27
-16
-24
-21
-17
-19
-21
-17
-16
-25
-36
-27
-11
-25
-36
-39
-44
-45
-37
-26
-15
0
12
19
12
2
-2
-7
-5
-4
-1
-7
-7
-6
-11
-8
-3
4
1
-2
-6
-16
-15
1
24
25
27
26
17
9
-3
2
-9
-5
12
9
-8
-23
-15
-12
-9
0
22
37
41
41
25
-2
-17
-14
-14
-14
-12
-12
-11
-6
-7
-4
-2
6
13
20
21
22
29
33
28
22
20
20
18
23
29
37
37
34
22
16
19
4
-6
-2
2
2
-5
-4
10
10
4
15
21
20
20
26
19
-1
1
12
12
9
23
38
41
36
39
37
31
22
16
8
-3
-7
-19
-37
-50
-52
-46
-51
-58
-57
-56
-51
-42
-42
-57
-62
-56
-50
-49
-40
-27
-31
-31
-25
-10
1
4
12
25
25
30
50
57
51
48
41
21
6
6
9
7
0
0
9
10
12
8
1
2
4
-10
-21
-26
-42
-47
-43
-30
-27
-30
-21
-8
-9
-7
3
8
4
-2
-8
-22
-27
-29
-20
-7
4
22
38
44
35
30
21
11
-1
-10
-12
-7
8
9
-5
-20
-36
-44
-46
-42
-34
-30
-30
-23
-22
-20
-16
-25
-27
-13
1
16
26
31
36
31
33
37
43
43
43
50
45
36
31
34
43
46
45
48
44
47
44
27
20
19
15
6
14
25
20
23
31
26
8
-4
3
6
-8
-13
5
23
24
13
13
3
-6
-7
-14
-17
-22
-23
-11
-3
-12
-25
-24
-20
-35
-54
-54
-43
-45
-54
-49
-40
-36
-27
-19
-20
-26
-31
-23
-16
-15
-4
6
13
15
12
-3
-13
-11
-3
-4
-3
5
18
17
10
12
11
2
-1
6
4
0
0
-6
-12
-12
-11
5
16
8
4
-9
-16
-17
-22
-27
-27
-25
-17
-6
13
31
30
30
33
42
39
33
20
13
5
-6
-15
-17
-3
-10
-13
-10
-7
-7
-9
-12
-15
-23
-26
-23
-25
-24
-12
3
5
-2
-12
-19
-28
-24
-13
3
19
8
-5
3
7
16
17
20
14
14
16
11
11
-1
1
0
6
2
-4
7
13
18
16
9
10
27
44
52
41
36
26
1
-12
-17
-5
12
14
23
27
34
42
31
10
-6
1
13
24
32
28
33
35
28
15
2
8
19
14
2
5
3
-6
-13
-17
-12
-15
-25
-34
-41
-49
-49
-34
-18
-10
-8
-9
-21
-32
-31
-32
-40
-36
-34
-36
-33
-32
-29
-29
-24
-24
-24
-19
-6
-12
-20
-10
-2
0
1
13
20
7
-10
-1
-1
-16
-25
-22
-16
-7
11
23
32
34
29
29
38
54
59
53
45
36
25
18
23
28
21
9
24
37
25
-6
-20
-26
-36
-41
-32
-21
-20
-13
-14
-22
-24
-23
-19
-26
-20
-12
-12
-12
-10
-6
-9
-11
-12
-13
-12
-13
-12
-10
-14
-16
-12
-1
6
7
0
1
3
-3
-4
-8
-6
3
-6
-4
5
8
9
12
13
1
-13
-21
-20
-19
-17
0
20
27
40
50
51
53
44
42
46
40
41
49
41
22
3
3
14
12
16
30
37
30
18
7
-1
-18
-27
-22
-11
-4
-2
9
12
10
8
-9
-18
-19
-23
-24
-16
-6
1
1
1
5
1
-2
0
-7
-20
-38
-48
-44
-35
-21
-12
-11
-11
-13
-14
-16
-6
3
5
-5
-16
-29
-35
-25
-20
-2
6
5
9
7
5
-4
4
8
8
13
29
31
24
31
30
24
20
29
39
33
15
16
7
-13
-11
-9
-6
1
8
14
13
10
0
-19
-28
-25
-22
-12
-10
-17
-32
-42
-44
-44
-52
-59
-55
-49
-41
-28
-15
-7
-5
-4
-11
-25
-31
-8
13
15
16
15
16
16
13
7
-4
-17
-17
-3
9
14
21
26
19
5
-5
-8
-9
-3
1
6
14
16
19
20
21
18
19
16
8
-3
-23
-28
-25
-21
-8
1
10
6
2
3
8
24
36
44
48
47
50
48
44
36
32
34
36
39
38
36
34
29
26
22
28
28
21
24
14
-1
-6
0
4
-5
-9
-9
-12
-21
-28
-30
-36
-37
-22
-15
-23
-28
-18
-10
-17
-26
-26
-31
-31
-20
5
19
11
5
6
-3
-10
7
18
19
4
-13
-8
-7
-11
-7
12
17
8
2
-4
-15
-25
-31
-23
-10
-2
8
17
15
6
0
-12
-18
-19
-23
-25
-29
-23
-14
-12
-19
-14
-15
-21
-14
-16
-29
-39
-48
-55
-55
-54
-52
-46
-54
-60
-46
-29
-19
-12
-11
-17
-17
-14
-7
0
1
-9
-23
-25
-17
-2
19
34
46
38
22
17
22
19
14
22
20
27
37
37
35
29
27
23
23
27
37
48
54
47
30
17
8
19
40
38
22
20
26
38
54
56
58
55
53
57
58
46
38
48
46
40
37
24
14
15
17
15
10
15
23
22
13
-4
-20
-27
-31
-24
-25
-29
-14
-6
-8
-10
-8
-15
-24
-27
-27
-16
-8
-10
-9
-10
-12
-14
-9
-12
-20
-21
-28
-31
-35
-48
-52
-51
-64
-78
-85
-93
-85
-89
-85
-71
-74
-75
-67
-48
-43
-46
-42
-40
-34
-27
-12
14
28
35
50
54
43
33
31
30
39
49
50
46
36
35
35
29
26
24
14
4
6
-5
-7
8
18
21
25
26
23
14
6
2
-5
-10
-20
-34
-42
-39
-31
-36
-39
-16
5
6
14
19
20
13
2
-6
-9
1
14
18
13
6
-1
-2
4
5
4
10
20
34
40
43
42
38
29
24
13
1
-1
8
15
19
18
19
18
2
-3
-3
-1
0
5
18
27
33
33
31
51
56
44
24
17
27
19
21
25
22
22
14
11
1
-13
-26
-32
-24
-20
-17
-22
-23
-27
-31
-27
-32
-21
-22
-29
-21
-24
-33
-46
-45
-45
-38
-29
-26
-15
-15
-18
-5
0
-6
-8
-16
-27
-33
-37
-41
-28
-14
-2
-1
-5
0
-10
-22
-22
-18
-19
-16
-18
-24
-25
-13
-1
-1
1
6
10
13
24
38
45
39
44
58
51
39
29
14
2
-6
-3
4
1
10
11
14
13
6
10
8
3
-3
-6
-4
-1
-8
-29
-38
-31
-25
-29
-22
-5
11
25
32
16
-5
-7
-2
-8
-10
1
18
23
10
1
2
3
11
19
23
21
16
13
14
11
8
17
24
14
1
-4
6
2
-17
-19
-15
-14
-17
-14
-10
-8
-11
-19
-3
-2
-10
-9
-11
-12
-16
-8
-1
6
5
3
-1
-3
2
-5
-13
-8
-11
-17
-8
13
19
16
21
8
5
7
13
15
16
31
34
27
13
11
6
-4
-12
1
25
23
21
21
11
7
7
13
19
20
27
35
34
36
44
38
41
38
18
8
-5
-12
-24
-34
-31
-19
-11
-4
-7
-27
-42
-44
-54
-63
-65
-61
-51
-34
-19
-23
-25
-28
-39
-40
-47
-41
-34
-29
-20
-20
-21
-25
-23
-19
-21
-14
-10
-12
-18
-7
3
0
9
19
35
37
33
28
30
27
27
37
33
34
28
24
27
32
15
-4
-3
-3
-7
-14
-16
-8
-8
-22
-25
-16
-12
-7
2
17
20
14
13
17
25
27
20
24
30
28
22
16
19
20
11
13
29
28
7
1
3
-6
-18
-25
-19
-24
-37
-39
-35
-37
-44
-41
-41
-38
-38
-40
-24
-15
-7
11
14
20
33
39
33
34
37
41
42
38
44
44
31
30
33
29
18
11
15
21
22
22
17
11
15
11
8
-3
-16
-14
-6
5
5
-2
1
1
-6
-15
-16
-22
-25
-19
-20
-11
-6
-1
6
9
10
5
3
-10
-22
-29
-25
-13
-4
1
-2
-18
-30
-25
-29
-43
-45
-38
-29
-23
-22
-29
-37
-34
-23
-21
-18
-11
-8
-13
-21
-24
-30
-25
-15
-5
0
-4
-5
0
13
21
28
32
32
37
33
13
6
14
16
6
-5
-9
-7
-10
-13
-10
-1
-7
-15
1
13
14
11
-1
-8
-6
-9
-8
4
21
34
41
47
52
61
64
62
56
47
35
29
28
24
14
15
26
18
6
1
4
-2
-19
-30
-36
-36
-27
-21
-20
-24
-26
-19
-11
-1
-13
-24
-13
-5
0
-12
-17
-11
-15
-24
-26
-30
-35
-27
-26
-19
-17
-20
-24
-23
-15
-17
-26
-24
-13
-5
-4
-1
1
2
13
19
19
12
13
27
29
22
19
27
31
40
46
58
53
34
32
24
23
27
48
55
46
45
32
26
12
7
4
-2
-6
-9
-13
-13
-6
-3
-6
-6
-20
-32
-13
-5
-12
-20
-26
-32
-38
-42
-47
-41
-34
-23
-11
-20
-38
-32
-20
-29
-43
-41
-34
-23
-12
3
13
12
0
-16
-10
-9
-7
-7
3
-4
-13
-12
-14
-16
-27
-23
-6
4
6
-2
-5
9
17
11
6
9
2
-11
-16
-11
-7
-5
1
9
22
26
23
25
24
21
23
34
33
18
22
28
31
36
37
37
34
26
28
31
19
7
5
5
5
4
4
9
2
-9
-19
-35
-40
-49
-58
-54
-39
-29
-17
6
14
11
-4
-16
-23
-21
-8
6
12
2
4
20
24
19
17
19
17
17
15
17
20
25
35
38
33
25
18
5
-2
-2
-1
3
13
22
22
26
26
18
13
-7
-28
-44
-45
-42
-38
-21
-6
-2
-2
-11
-21
-19
-25
-37
-36
-28
-18
-17
-9
-4
-8
-10
-10
-4
-13
-19
-17
-8
3
0
4
15
26
27
29
38
30
22
8
5
14
17
6
9
31
25
11
2
-15
-30
-30
-40
-55
-61
-61
-44
-20
3
5
-2
0
-11
-22
-20
-10
-13
-23
-15
-8
1
22
27
19
9
2
-23
-40
-32
-12
8
27
43
59
62
45
30
15
10
17
27
29
23
2
-14
-7
4
7
2
6
-2
-17
-18
-26
-35
-36
-26
-2
14
24
29
28
25
12
-11
-23
-19
-12
-1
12
17
5
-7
-10
-5
-1
-2
5
5
9
20
28
26
1
-15
-13
-11
-5
-5
0
13
20
0
-13
-15
-15
-9
-1
3
-10
-19
-24
-18
-5
-4
9
19
29
28
18
13
19
17
6
10
10
3
2
14
20
23
19
14
18
25
32
36
44
42
26
11
-1
-7
-3
-10
-12
-6
-7
-11
-16
-18
-10
-13
-24
-23
-13
-11
-17
-20
-25
-24
-17
-18
-12
-3
-12
-13
-11
-16
-22
-27
-31
-24
-20
-13
2
8
7
9
8
-5
-29
-45
-55
-46
-33
-20
-3
-4
-5
-4
-2
-4
-5
-7
-3
0
-8
-15
-16
-8
-19
-16
-8
-18
-27
-29
-20
-10
-1
6
14
20
29
39
34
27
30
34
25
9
3
3
3
7
11
4
-1
-2
-10
-11
5
21
29
45
40
29
15
9
4
-3
-2
-5
2
7
16
21
28
29
30
40
38
42
50
47
17
-6
3
9
18
19
17
16
9
9
8
8
3
9
15
19
23
23
18
19
13
5
-2
-9
-5
-11
-16
-4
10
15
17
15
8
1
-9
-18
-19
-13
-6
-16
-26
-34
-44
-54
-57
-54
-52
-51
-38
-32
-40
-47
-50
-41
-38
-45
-37
-32
-35
-26
-24
-29
-18
-8
0
8
11
8
2
6
4
-1
-4
3
12
23
20
15
9
-1
2
6
6
-4
-7
-2
4
7
6
-3
-8
-9
4
12
11
8
1
-15
-27
-27
-29
-33
-32
-19
5
16
24
31
32
32
27
31
33
38
35
22
18
18
8
4
14
21
28
30
31
28
11
-7
-11
-12
-8
8
13
7
9
5
6
9
11
12
9
18
15
5
1
1
2
3
4
0
-10
-8
-8
5
21
23
21
16
15
10
-1
-13
-17
-14
-12
-2
5
1
-5
1
12
9
-8
-18
-13
-12
-19
-20
-16
-10
1
10
11
8
4
2
-5
-2
8
-7
-10
-1
0
-5
-10
-9
-11
-17
-12
-3
-3
-7
-9
4
11
6
3
-9
-21
-20
-16
-21
-21
-23
-28
-33
-23
-19
-22
-19
-15
-15
-28
-32
-26
-28
-25
-13
-5
0
1
9
18
25
31
33
43
48
55
56
54
46
41
42
39
37
27
19
23
17
-1
-12
-19
-21
-11
-10
-14
-13
-6
-9
-13
-18
-30
-36
-31
-21
-14
-11
-2
6
7
4
-3
-13
-26
-35
-27
-28
-37
-45
-45
-37
-38
-39
-35
-32
-38
-38
-26
-24
-30
-37
-40
-39
-30
-14
13
27
33
40
35
33
40
49
56
66
63
62
58
47
40
38
31
30
47
54
51
49
42
41
41
31
16
15
24
27
35
44
44
33
21
15
-1
-18
-15
-14
-15
-22
-21
-17
-21
-25
-25
-18
-10
-12
-13
-3
-4
-13
-11
-12
-15
-22
-26
-33
-33
-24
-34
-49
-54
-51
-51
-56
-56
-52
-37
-33
-35
-39
-36
-27
-27
-22
-20
-19
-16
-3
23
35
47
53
53
67
71
62
72
91
94
92
84
67
50
35
34
27
15
4
-6
-16
-32
-51
-55
-45
-44
-49
-57
-51
-44
-45
-32
-13
-3
-7
-16
-22
-24
-17
-18
-29
-36
-46
-46
-42
-39
-34
-25
-14
-7
-14
-23
-39
-45
-37
-20
-8
-6
-3
-3
-3
-6
-2
0
5
2
-1
6
11
16
16
21
32
42
44
39
36
34
25
23
19
17
17
19
34
37
45
47
48
52
50
44
31
25
14
12
17
18
23
16
8
7
13
16
18
28
35
44
34
14
-5
-11
-19
-22
-15
-14
-20
-20
-26
-32
-33
-29
-31
-30
-32
-32
-28
-24
-17
-17
-4
8
13
4
-6
-4
1
6
10
11
12
9
9
6
3
8
10
17
19
17
20
15
5
-2
-2
-14
-25
-29
-34
-38
-42
-39
-33
-24
-19
-15
-11
-14
-27
-28
-22
-17
-7
8
18
28
28
20
20
22
26
16
8
17
13
-1
-17
-24
-22
-14
-8
-7
-5
-9
-20
-15
-5
-6
-10
-19
-28
-34
-40
-37
-32
-32
-34
-33
-29
-14
-6
-7
-11
-8
0
0
-5
0
8
13
23
39
42
34
29
24
27
22
14
11
22
28
19
13
4
0
-2
6
9
3
2
-9
-13
-11
-16
-22
-28
-29
-30
-23
-16
-22
-11
6
6
3
-2
-4
-7
-15
-11
8
26
33
41
50
54
55
47
52
56
50
57
66
64
57
52
53
51
46
44
41
29
14
6
1
3
6
6
8
12
8
-6
-12
-14
-15
-16
-6
3
10
0
-18
-24
-22
-19
-25
-23
-10
-19
-37
-44
-49
-54
-65
-74
-69
-67
-70
-62
-63
-66
-56
-48
-44
-42
-24
-5
-6
1
7
-1
-9
-17
-10
5
16
31
42
60
62
57
52
33
11
-12
-17
-3
20
18
14
17
13
-6
-24
-32
-43
-50
-42
-31
-32
-39
-42
-39
-36
-36
-27
-20
-12
-8
-2
-4
-5
-4
-10
1
15
21
28
33
39
35
22
5
-10
-14
-15
-13
-2
11
25
31
28
23
14
15
10
16
30
27
18
15
15
1
-3
7
22
30
32
37
42
46
37
31
29
22
22
26
27
29
35
40
33
27
30
40
46
35
28
34
35
25
19
11
-2
4
7
2
-9
-27
-37
-41
-41
-44
-48
-45
-45
-51
-53
-61
-64
-64
-67
-63
-47
-42
-43
-49
-49
-37
-26
-14
3
32
34
22
16
20
15
8
10
10
11
15
27
33
33
29
22
15
5
2
-2
-2
5
7
8
10
15
21
27
29
21
9
2
-5
-4
-10
-14
-13
-10
-4
-1
-5
-18
-25
-31
-34
-36
-39
-31
-19
-16
-13
-7
-2
1
2
6
6
-8
-21
-22
-30
-37
-44
-42
-31
-22
-10
-4
9
13
-2
-13
-20
-22
-12
0
11
11
18
26
14
6
-5
-9
-1
11
18
21
35
36
31
33
32
40
44
44
44
24
5
-2
-5
-6
-9
-5
2
6
9
13
16
4
-13
-29
-40
-34
-30
-26
-16
3
11
16
21
21
19
8
1
3
4
3
5
8
4
-6
-6
-7
-5
13
30
40
42
41
23
9
-1
-8
-4
11
35
49
46
36
26
26
32
27
29
29
28
22
8
5
12
2
4
22
20
10
2
-3
-10
-25
-34
-42
-45
-46
-41
-37
-39
-36
-29
-29
-41
-39
-27
-23
-24
-30
-34
-30
-22
-19
-10
4
19
19
8
8
5
-6
-13
-16
-20
-18
-4
8
13
-1
-17
-12
-9
-10
-9
-9
-11
-8
-11
-18
-15
-16
-5
2
-9
-18
-23
-23
-28
-31
-24
-31
-40
-49
-54
-47
-44
-47
-48
-36
-14
0
21
26
21
26
36
43
37
38
35
35
37
35
41
42
37
37
28
10
-13
-28
-26
-25
-21
-6
10
12
23
26
25
20
4
-1
-3
1
5
13
21
29
37
43
47
44
41
35
36
49
52
60
66
56
47
40
35
18
10
19
17
12
15
16
13
-3
-22
-33
-46
-47
-31
-19
-16
-13
-11
8
16
14
20
19
8
-4
-15
-18
-9
9
16
26
32
19
13
7
-3
-20
-32
-35
-33
-36
-36
-27
-25
-27
-18
-6
-10
-22
-28
-35
-44
-39
-23
-7
0
-1
-4
-11
-20
-24
-25
-30
-29
-29
-25
-22
-24
-32
-44
-46
-34
-18
-21
-28
-33
-34
-41
-57
-59
-48
-44
-48
-43
-36
-35
-28
-15
-14
-17
-25
-24
-14
-16
-21
-12
13
24
19
25
29
39
46
58
79
83
72
57
45
30
16
19
33
55
59
63
72
70
63
60
63
63
53
44
39
39
30
14
-3
-14
-10
-1
9
9
-1
-5
-13
-14
-9
-5
5
8
-4
-12
-1
12
25
30
17
10
1
-12
-15
-20
-17
-14
-4
3
-2
-6
-12
-12
-9
-10
-8
-9
-17
-17
-15
-19
-19
-8
1
-3
-17
-32
-39
-43
-32
-23
-10
8
16
13
11
15
18
15
1
-5
-8
-12
-5
3
3
5
3
2
-9
-25
-27
-20
-5
1
0
-5
-10
-17
-30
-32
-28
-25
-16
-7
1
0
-8
-8
-9
-6
-1
6
7
-2
-13
-12
-11
-12
-1
27
50
52
39
24
14
7
6
21
37
34
14
-3
-9
-27
-43
-40
-35
-34
-30
-19
-15
-28
-41
-50
-54
-67
-74
-53
-30
-24
-27
-25
-13
5
5
9
26
21
17
27
26
13
9
9
25
39
41
56
66
55
44
43
36
29
32
30
30
31
29
21
17
12
7
10
6
1
4
1
-7
-8
0
-1
-8
-7
-2
-9
-20
-20
-11
-6
9
31
39
33
18
13
11
9
3
-1
4
0
-11
-18
-13
-7
-4
5
22
20
-8
-32
-35
-38
-33
-15
4
12
0
-10
-23
-37
-47
-43
-38
-37
-24
-17
-15
-2
8
17
29
34
34
45
45
37
36
37
36
25
13
1
-3
5
6
1
-8
-2
10
13
10
12
31
43
31
19
17
13
-3
-7
-1
0
-5
-7
1
-1
-21
-24
-9
-7
-20
-32
-39
-41
-45
-44
-38
-35
-53
-71
-73
-80
-89
-95
-81
-60
-47
-37
-38
-42
-48
-51
-46
-36
-16
4
21
27
39
47
49
43
40
38
27
23
24
22
21
31
40
43
40
38
41
28
12
6
6
15
16
10
16
13
8
17
31
37
35
20
5
-8
-11
-10
-11
-4
-10
-17
-8
-10
-10
-13
-17
-14
-14
0
8
3
14
30
40
34
26
36
37
32
33
50
69
58
38
14
5
-1
-17
-16
-9
-14
-21
-13
-1
4
17
29
30
21
19
25
21
4
-14
-9
4
1
6
22
27
23
22
10
4
-1
2
14
17
19
26
26
14
-4
-11
-17
-28
-27
-29
-34
-31
-29
-34
-34
-36
-42
-44
-49
-54
-49
-50
-54
-64
-61
-47
-47
-44
-42
-40
-43
-49
-42
-39
-51
-47
-29
-21
-23
-32
-34
-27
-37
-51
-43
-28
-16
1
19
39
41
39
44
52
52
49
50
51
46
43
45
45
34
26
25
22
15
15
14
3
-4
1
9
21
25
31
34
33
23
9
8
5
6
8
9
1
0
2
-6
-18
-23
-15
-13
-12
-6
10
22
17
9
6
-4
-26
-29
-29
-43
-59
-62
-52
-43
-39
-38
-27
-21
-29
-24
-13
-4
6
20
40
50
50
44
48
