-34
-16
4
15
17
6
-2
-11
-26
-30
-31
-37
-36
-27
-18
-11
6
25
38
51
53
59
65
70
64
45
29
30
39
45
38
35
32
26
22
23
18
6
1
-7
-15
-30
-43
-58
-65
-58
-44
-21
-3
5
9
19
26
23
17
9
1
-7
-20
-31
-33
-33
-32
-28
-21
-23
-29
-33
-37
-46
-50
-43
-41
-35
-30
-38
-45
-40
-28
-8
11
22
25
24
28
25
20
23
23
28
35
31
33
31
18
1
-12
-13
-9
-4
6
9
11
17
26
28
20
8
2
-1
-7
-12
-14
-17
-24
-25
-22
-15
0
11
13
10
5
-9
-25
-33
-37
-38
-27
-19
-14
-13
-14
-4
5
11
17
11
13
16
16
24
25
29
29
30
27
20
19
16
16
23
33
41
35
27
17
11
18
21
24
23
22
12
3
2
1
-4
-10
-14
-13
-13
-11
-10
-12
-12
-11
-6
-3
-6
-12
-19
-21
-16
-17
-19
-24
-31
-33
-30
-18
-10
-2
3
2
0
-3
-12
-9
5
10
16
23
30
33
31
35
34
30
24
8
5
5
11
21
17
13
7
6
4
-10
-18
-19
-13
-8
-6
-7
-2
-7
-16
-25
-29
-33
-41
-46
-55
-54
-41
-34
-15
2
6
4
-10
-16
-15
-7
1
5
-4
-14
-14
-14
-20
-28
-21
-18
-21
-16
-7
6
15
18
32
37
37
41
39
40
37
36
33
30
22
17
23
21
8
1
-3
0
-2
3
3
-10
-20
-26
-29
-29
-18
0
24
29
20
12
-3
-18
-30
-36
-45
-44
-39
-31
-32
-33
-19
-14
-15
-15
-17
-18
-15
-10
3
13
21
25
28
27
26
32
33
31
28
23
32
34
30
26
23
24
28
30
29
27
20
20
22
25
24
18
8
6
13
23
32
24
17
8
1
-2
-4
-8
-11
-12
-12
-2
6
11
2
-4
-4
-8
-15
-19
-15
-9
-6
-5
-2
-13
-28
-36
-35
-29
-29
-34
-41
-39
-38
-41
-48
-55
-51
-50
-46
-38
-34
-27
-19
-6
2
5
11
13
14
27
29
27
26
17
17
14
3
-1
2
11
15
20
23
33
33
27
22
8
-6
-20
-30
-26
-15
-10
-2
7
19
31
38
36
35
36
34
25
9
-7
-17
-23
-25
-16
-4
-1
-1
11
12
7
4
-8
-22
-25
-29
-32
-39
-39
-31
-28
-22
-17
-17
-24
-20
-21
-25
-19
-10
0
2
-5
-15
-10
-1
6
11
16
23
28
30
33
36
42
44
40
30
12
-1
-8
-15
-17
-15
-17
-16
-3
5
17
30
30
23
23
28
38
37
43
57
55
39
29
22
20
26
29
22
17
8
-2
-9
-25
-25
-16
-13
-16
-23
-28
-31
-31
-29
-28
-23
-21
-4
11
19
34
37
25
11
6
2
-10
-11
-5
-9
-8
3
-6
-35
-41
-25
-20
-25
-30
-32
-28
-23
-30
-36
-29
-24
-23
-14
-4
-5
-6
0
-2
-7
-11
-22
-28
-28
-22
-15
-5
2
9
13
15
16
2
-2
7
10
6
7
19
19
20
20
22
24
16
-1
-22
-29
-32
-23
-16
-12
0
4
-8
-3
2
-12
-10
-3
-17
-37
-32
-12
3
9
26
34
32
41
44
42
30
16
3
-2
-3
-3
-1
-22
-31
-17
0
7
12
16
13
1
-2
1
-12
-20
-19
-23
-27
-16
6
3
-11
-13
-15
-14
-11
-9
-12
-10
2
7
1
0
-13
-20
-14
-17
-16
2
28
49
57
64
91
98
93
106
111
93
70
59
58
58
70
81
70
83
88
72
41
11
-19
-47
-57
-58
-73
-74
-57
-54
-70
-75
-89
-97
-78
-85
-98
-93
-73
-53
-25
-18
-22
-31
-28
-21
-13
6
22
18
15
4
-37
-50
-46
-54
-58
-26
-9
-34
-32
12
35
41
29
11
-5
-3
-3
8
57
99
108
110
142
141
115
95
98
72
58
62
67
51
47
56
3
-26
-22
-50
-117
-123
-81
-60
-72
-60
-92
-120
-111
-112
-178
-221
-165
-146
-158
-135
-128
-199
-260
-258
-214
-222
-225
-221
-190
-129
-73
-47
-19
9
58
120
108
81
98
164
175
202
240
262
243
269
304
305
318
319
301
321
381
355
267
204
192
113
28
2
31
57
62
18
-20
-19
-4
-39
-89
-120
-122
-102
-68
-36
-31
-26
-60
-111
-112
-67
-106
-185
-184
-70
-30
-46
-60
-67
-74
-50
-79
-156
-157
-119
-75
-44
66
122
108
67
101
188
213
126
36
54
133
197
227
199
169
205
230
193
170
142
31
-36
-5
-5
-155
-273
-331
-322
-223
-183
-296
-416
-343
-296
-324
-364
-435
-547
-559
-456
-372
-295
-264
-323
-312
-123
4
-83
-192
-144
-72
7
111
147
189
353
548
557
455
370
279
195
289
407
313
210
269
354
368
379
300
150
78
138
117
37
11
22
-19
-18
13
-108
-226
-229
-191
-204
-175
-194
-225
-203
-96
6
-5
-87
-84
76
207
205
156
176
190
265
395
426
390
432
477
444
435
439
305
184
230
183
0
-137
-305
-483
-478
-354
-433
-628
-660
-648
-755
-804
-782
-837
-856
-780
-737
-747
-725
-769
-823
-726
-531
-458
-441
-293
-81
29
64
50
36
161
345
443
402
444
589
744
913
1102
1200
1228
1290
1395
1438
1358
1285
1262
1269
1301
1279
1080
857
750
719
630
483
309
111
-34
-121
-217
-389
-620
-784
-957
-1116
-1140
-1091
-1244
-1419
-1337
-1178
-1180
-1228
-1243
-1368
-1351
-1222
-1164
-1175
-1014
-861
-746
-559
-380
-397
-417
-263
-52
229
481
487
325
554
910
1083
1052
1023
959
985
1198
1248
1088
977
1105
1112
1084
1080
894
582
476
542
444
249
69
-168
-272
-226
-314
-609
-787
-819
-975
-1058
-923
-950
-1236
-1225
-956
-896
-1036
-1087
-1150
-1092
-905
-671
-724
-826
-670
-378
-136
13
15
-79
124
350
422
441
520
487
464
733
1083
1067
979
973
1150
1340
1381
1378
1325
1394
1444
1543
1312
990
784
711
636
532
361
8
-244
-219
-260
-437
-567
-815
-1054
-993
-873
-1181
-1329
-1195
-1222
-1386
-1134
-908
-1002
-1030
-944
-916
-780
-628
-765
-779
-491
-229
-269
-180
-45
-133
-57
256
322
262
440
676
649
723
1169
1352
1058
968
1279
1403
1315
1322
1221
1109
1289
1438
1206
972
1025
898
584
513
363
-97
-253
-112
-228
-504
-586
-803
-969
-823
-903
-1256
-1439
-1406
-1497
-1414
-1172
-1162
-1356
-1197
-924
-885
-896
-949
-1017
-963
-574
-410
-441
-450
-320
-77
182
366
369
440
640
824
795
647
797
1077
1084
930
1095
1362
1185
1170
1302
1257
1141
1274
1086
622
573
554
212
94
197
-149
-423
-297
-396
-769
-842
-853
-1014
-1019
-857
-1187
-1575
-1517
-1457
-1493
-1427
-1342
-1397
-1366
-1213
-1193
-1238
-1194
-1119
-942
-668
-425
-390
-316
-145
86
157
157
468
940
1157
1009
881
1084
1677
2110
1883
1642
1754
2028
1977
1810
1726
1697
1790
1917
1872
1615
1421
1133
909
958
919
391
-86
-77
13
-217
-504
-851
-1126
-1074
-1100
-1408
-1510
-1389
-1520
-1645
-1549
-1466
-1570
-1630
-1544
-1530
-1423
-1375
-1509
-1433
-979
-712
-739
-668
-404
-227
-101
71
115
442
1037
842
120
524
1816
2135
1175
960
1555
1844
1950
1980
1494
1069
1482
1738
1205
894
863
256
-3
651
644
-512
-1039
-798
-805
-910
-1116
-1814
-2195
-1700
-1436
-1798
-1794
-1613
-1811
-1711
-964
-878
-1505
-1689
-1459
-1125
-631
-587
-1095
-868
-33
313
142
274
346
305
451
694
653
880
2010
2137
1066
1041
2673
3214
2109
1516
2286
2572
2420
2439
1772
1111
1527
2168
1345
902
880
162
-509
163
232
-1189
-1732
-1346
-1530
-1760
-1603
-2504
-3242
-2469
-1815
-2552
-2766
-2249
-2406
-2489
-1876
-1764
-2359
-2193
-1594
-1384
-962
-488
-926
-1041
11
460
-118
-124
433
479
693
980
978
736
1855
3275
2184
553
1699
3884
3344
1956
2044
2628
2206
2656
2685
1705
1387
2480
2334
1297
1742
1464
35
-73
1257
-2
-1597
-1415
-1270
-1923
-1207
-1093
-2645
-2686
-1476
-1776
-2706
-1981
-1929
-2689
-2226
-1207
-1674
-1951
-1293
-1040
-867
-134
-288
-1143
-419
671
403
-37
495
671
536
968
1148
762
631
2242
2892
969
-328
1522
3098
1959
909
1459
1823
1746
2387
1590
552
932
2018
967
329
766
-83
-1234
-343
513
-1019
-1711
-1547
-1937
-1913
-926
-2064
-3368
-2527
-1706
-2448
-2402
-1809
-2328
-2203
-1208
-1075
-1861
-1545
-1119
-1167
-589
56
-758
-1120
-136
190
-346
-171
246
-5
364
765
433
-54
415
2191
2197
387
99
2305
3450
2309
1476
1960
2368
2744
3008
1816
1198
1986
2695
1735
1603
1719
700
-92
763
891
-660
-1397
-1601
-1734
-1267
-946
-2380
-3016
-2135
-1695
-2210
-2000
-1684
-1967
-1828
-1280
-1171
-1430
-1279
-1205
-1040
-76
466
-365
-577
367
759
524
716
832
651
1100
1346
943
643
1534
2863
1848
124
603
2712
2825
1342
784
1735
2222
2456
2150
985
698
1712
2075
776
704
640
-253
-546
645
218
-1449
-1862
-1715
-1766
-1312
-1640
-3293
-3373
-2345
-2282
-3007
-2605
-2581
-3025
-2515
-1727
-1812
-1942
-1614
-1651
-1162
-11
-45
-1175
-642
580
627
432
771
609
651
1444
1458
961
864
2430
3055
1481
393
2021
3506
2372
1065
1489
2194
2261
2771
1915
856
1263
2625
1811
796
1094
458
-561
166
780
-980
-1976
-1744
-1923
-1943
-1271
-2475
-3617
-2719
-2027
-2848
-2979
-2489
-3060
-3070
-1966
-1566
-2231
-1975
-1634
-1556
-504
263
-842
-1226
196
798
364
603
846
369
977
1566
1266
730
1593
3142
2284
413
1116
3445
3209
1738
1676
2608
2591
3256
3174
1654
1244
2755
3089
1628
1605
1397
273
326
1493
24
-1685
-1426
-1428
-2202
-1459
-1736
-3552
-3344
-2259
-2508
-2961
-2281
-2844
-3590
-2461
-1112
-1755
-2161
-1606
-1304
-829
174
-260
-1411
-481
660
550
478
989
612
684
1500
1704
889
841
2846
3235
1171
673
3243
3721
1897
1296
2263
2226
2418
2916
1559
661
1758
2627
1099
797
775
-435
-767
733
-69
-2102
-1984
-1694
-2553
-2198
-1636
-3650
-4035
-2801
-2784
-3506
-2693
-2789
-3834
-3105
-1353
-1554
-2438
-2025
-1626
-1124
-113
194
-1012
-622
670
906
673
1320
1033
446
1125
1965
1648
948
2554
3368
1569
320
2933
4163
2239
1198
2329
2582
2602
3504
1979
627
1538
2781
1331
774
864
-396
-1324
222
-5
-2492
-2483
-1685
-2447
-2575
-1513
-3030
-3813
-2683
-2394
-3117
-2307
-2029
-3127
-2833
-1031
-658
-1725
-1439
-892
-527
-27
335
-573
-489
525
800
411
987
1383
910
1232
1999
2139
1230
2594
3928
2249
194
2770
4936
2903
1299
2766
3255
2436
3645
2611
575
977
2884
1535
704
1022
-259
-1590
95
610
-2418
-3019
-1946
-2594
-3304
-1820
-2904
-4287
-3546
-2970
-3755
-3008
-2306
-3564
-3560
-1629
-956
-2233
-2159
-1464
-1000
-529
13
-545
-398
622
1033
683
1056
1624
1359
1392
1893
2311
1694
2699
4045
2641
290
2603
5294
3379
1202
2581
3474
2223
3279
3022
928
798
2931
1795
478
905
-138
-1758
-356
582
-2610
-3674
-2191
-2549
-3948
-2745
-2984
-4333
-4025
-3357
-3905
-3563
-2931
-3949
-4044
-2124
-1253
-2484
-2522
-1525
-704
-488
-351
-607
-303
382
701
673
1107
1408
1447
1654
1993
2096
2073
3405
3827
2199
1000
3581
5049
2927
1489
3148
3449
2609
3253
2746
1245
1480
2764
1347
800
946
-179
-1120
456
284
-2468
-2805
-1382
-1933
-3099
-2586
-2976
-3394
-3274
-3444
-3815
-2848
-2618
-3371
-3151
-1670
-1265
-2252
-2186
-1220
-62
-127
-988
-1056
354
876
679
758
1343
1562
1828
1864
1936
1979
2345
3672
3420
1691
1409
4002
4357
2298
1753
3332
2843
2366
2739
1833
881
1753
1961
269
501
451
-1052
-1247
374
-1053
-3246
-2748
-1777
-2768
-3181
-3215
-3803
-3195
-2877
-3844
-4120
-2510
-2454
-3092
-2534
-1388
-1559
-1913
-1600
-770
499
556
-613
-540
1175
1240
486
693
1455
1628
1938
1930
1880
1910
2739
3858
3014
1158
1766
4396
3916
1624
1635
3202
2393
2264
2496
1303
475
1848
1505
-376
-33
-161
-1832
-1751
11
-2150
-4253
-3222
-2473
-3839
-3775
-3803
-4767
-3849
-2961
-4068
-4682
-3068
-2706
-3197
-2491
-1288
-1784
-1843
-1114
-340
510
584
-303
80
2046
2348
1520
1530
2362
2564
2858
2901
2812
2562
3667
5007
3938
1831
2771
5187
4184
2020
2447
3638
2567
2599
2675
1452
922
2353
1599
-61
227
-267
-1954
-1234
304
-2216
-3995
-2562
-1995
-3499
-3265
-3646
-4799
-3895
-2639
-3820
-4487
-3069
-2882
-3622
-3055
-1830
-2444
-2674
-1816
-852
-492
-420
-928
-490
1007
1312
692
756
1593
1782
1917
2040
2327
1969
2848
4299
3454
1308
2337
4893
3872
1912
2694
3702
2658
2997
2904
1414
1135
2760
1978
526
914
255
-1400
-485
707
-2140
-3721
-2137
-1793
-3305
-2879
-3187
-4380
-3611
-2553
-3716
-4326
-3125
-2873
-3252
-2547
-1353
-1785
-2119
-1388
-336
-192
-361
-509
51
1102
1235
831
765
1332
1845
1963
1766
2040
1671
2028
3743
3612
968
944
3810
3530
1366
1660
2921
2023
2275
2624
1096
383
1838
1483
35
518
110
-1534
-1004
494
-1696
-3305
-2041
-1764
-3093
-2607
-2598
-3818
-3230
-2391
-3308
-3788
-2639
-2418
-2775
-2104
-1036
-1558
-2023
-1297
-99
343
91
-120
248
1190
1392
1192
1025
1231
1766
2127
1749
1863
1594
1286
2980
3875
1419
50
3044
4060
1685
1116
2716
2090
1756
2751
1787
476
1768
2399
772
782
868
-639
-909
906
-464
-2841
-2211
-1696
-2993
-2842
-2612
-3929
-3643
-2669
-3379
-4147
-3116
-2842
-3342
-2676
-1412
-1599
-2248
-1655
-552
99
-151
-565
-148
936
1224
1170
1370
1630
2019
2568
2533
2477
2729
2197
3267
4967
3321
680
2808
5257
3206
1362
2686
2918
1872
2715
2222
325
539
1800
332
-543
-85
-1191
-2392
-985
-868
-3331
-3624
-2827
-3446
-3588
-3092
-4409
-4573
-3290
-3362
-4168
-3450
-2813
-3255
-2937
-1790
-1588
-2224
-1919
-919
143
201
-263
-158
883
1401
1176
1250
1436
1711
2303
2533
2131
2381
2075
2255
4308
4131
1010
1433
4875
4398
1862
2041
3149
2352
2766
3109
1410
719
2131
1793
168
485
150
-1371
-890
190
-1734
-3059
-2356
-2441
-3104
-2705
-3337
-4180
-3378
-2923
-3556
-3680
-3121
-3101
-3061
-2270
-1449
-1887
-2203
-1418
-331
-123
-447
-441
195
924
1108
938
723
1045
1763
2014
1826
2179
2099
1353
3018
4419
1762
6
2944
4428
2404
1324
2234
2214
2004
2771
1779
488
1087
2045
932
436
364
-912
-1382
20
-356
-2296
-2443
-2032
-2568
-2522
-2220
-3330
-3541
-2702
-2351
-2856
-2821
-2262
-2316
-2221
-1198
-988
-1711
-1374
-185
259
196
337
264
695
1512
1540
925
1050
1796
1859
1819
2176
2194
1287
1783
3960
3075
95
572
3282
3166
1471
1070
1632
1603
2106
2194
909
280
1325
1621
666
533
-270
-1392
-866
-48
-1618
-2960
-2658
-2907
-3540
-3002
-3424
-4662
-4294
-3331
-3534
-4130
-3538
-3041
-3075
-2352
-1500
-1895
-1909
-785
-138
-21
494
447
289
1189
1901
1615
1335
1671
1942
2026
2416
2527
2084
1685
3193
4675
2885
852
2222
4417
3823
2140
1830
2440
2559
3057
2420
910
646
1665
1491
625
52
-1062
-1395
-597
-565
-1917
-2613
-2998
-3190
-2697
-2487
-3817
-4459
-3588
-2987
-3452
-3778
-3244
-2931
-2675
-2046
-1802
-2008
-1799
-1267
-666
-64
108
-247
55
921
1566
1583
1348
1606
2059
2177
2343
2370
1998
1903
3601
4444
2547
1086
2447
4440
3832
1919
1365
2278
2648
2653
1797
920
727
1672
1668
580
-273
-640
-752
-810
-470
-1242
-2721
-3245
-2356
-2015
-2476
-3476
-3909
-3321
-2518
-3176
-3946
-3045
-2474
-2737
-2137
-1138
-1472
-1747
-981
-307
-74
248
-2
-156
912
1705
942
600
1259
1410
1458
1974
1773
1451
1814
2808
3053
1948
553
1186
3494
3262
900
655
2400
2332
1770
1393
542
280
1693
1477
-79
-383
-596
-1521
-1230
-222
-1733
-3325
-3001
-2379
-2412
-2335
-3460
-4182
-2672
-1863
-3338
-3437
-1941
-2291
-2637
-1297
-882
-1698
-1252
-593
-425
495
819
-249
85
1692
1713
1146
1526
1687
1745
2465
2600
1924
2271
2645
2786
3857
3653
1340
1391
4112
3876
1463
1229
2382
2088
1965
1461
353
368
1341
810
-192
-278
-873
-1469
-1086
-572
-1697
-2955
-3421
-2789
-1982
-2361
-4055
-3959
-2508
-2589
-3427
-3337
-3123
-3124
-2256
-1735
-1698
-1481
-1360
-1528
-376
812
179
-493
607
1492
1459
1644
1591
1417
2034
2793
2425
2256
2545
1959
1750
3617
3888
1399
588
2983
3828
1922
780
1469
2005
1854
1551
861
543
956
1341
575
66
-71
-578
-1141
-430
-421
-2299
-3401
-2414
-1855
-2819
-3532
-3465
-3112
-2609
-2458
-3193
-3275
-2469
-2169
-2334
-1521
-1033
-1668
-1550
-199
458
42
-206
220
761
1211
1361
980
712
1329
2193
2069
1802
1975
1919
1684
2941
3999
2204
141
1512
3676
2867
673
224
1217
1653
1577
657
-68
163
586
222
61
51
-758
-1413
-689
-367
-1722
-2880
-2757
-2327
-2318
-2552
-3407
-3351
-2414
-2320
-3022
-2803
-2176
-2139
-2009
-1238
-1122
-1521
-1354
-801
-110
342
193
-208
391
1385
1611
1197
931
1250
2104
2268
1753
1578
1937
1871
2107
3306
2981
922
326
2431
3578
1843
-3
733
2246
2175
1445
1205
955
993
1773
1663
682
122
-54
-445
-127
258
-1058
-2418
-1931
-1046
-1481
-2515
-2759
-2427
-2127
-2166
-2401
-2332
-1864
-1642
-1553
-1021
-465
-762
-1099
-347
704
804
15
25
857
1242
1024
804
774
1085
1585
1577
1263
1356
1477
1079
1316
2231
1705
-355
-421
1835
2026
-157
-834
506
799
402
214
-418
-623
412
693
-170
-373
-523
-1402
-1238
7
-772
-2626
-2701
-1736
-1766
-2176
-2442
-2784
-2336
-1597
-1931
-2406
-1822
-1574
-1983
-1432
-419
-636
-1306
-912
145
741
528
232
559
1208
1546
1568
1249
1076
1559
2009
1808
1757
1997
1923
1624
2242
2987
1875
251
1106
2730
2061
429
201
1065
1392
1203
464
-6
251
738
697
481
43
-665
-918
-249
42
-1001
-1965
-2075
-1585
-1342
-1732
-2467
-2452
-1814
-1878
-2163
-1805
-1489
-1643
-1300
-516
-266
-610
-543
-204
234
715
623
275
358
911
1011
937
824
772
982
1275
1350
1168
942
1044
1066
1379
1746
1124
146
448
1769
1684
375
136
1181
1431
962
839
749
417
819
983
486
62
-215
-732
-653
-9
-746
-2023
-2049
-1312
-1493
-1935
-2101
-2342
-2266
-1755
-1819
-2131
-1821
-1477
-1318
-1002
-419
-409
-473
-213
218
679
684
265
125
736
1108
814
445
563
843
1049
1074
1077
1025
1049
934
956
1578
1494
267
42
1463
1596
308
16
799
789
804
1048
530
158
861
964
421
612
149
-868
-676
202
-642
-1964
-1881
-1389
-1598
-1657
-1966
-2622
-2070
-1262
-1734
-2109
-1490
-1470
-1522
-810
-323
-640
-619
-234
32
582
807
137
63
1055
1188
617
658
812
443
760
1001
538
386
687
337
-2
1048
1160
-362
-659
970
1317
285
-38
693
962
953
1059
696
340
582
1005
784
665
258
-272
-197
539
354
-757
-1319
-713
-317
-687
-1018
-1239
-1084
-604
-270
-716
-816
-422
-323
-318
421
655
-137
-279
793
1285
650
269
238
641
1090
995
284
119
585
692
539
475
330
200
214
157
501
786
-14
-874
-40
985
525
-155
-11
361
647
840
319
-65
354
654
380
331
52
-710
-683
25
-166
-1083
-1512
-1564
-1190
-881
-1524
-2354
-1949
-1247
-1400
-1676
-1455
-1418
-1308
-776
-574
-798
-867
-519
-61
474
467
-169
-198
572
836
340
128
347
524
653
714
389
221
363
475
389
393
778
694
-23
74
1385
1586
362
-32
924
1309
1090
1025
842
745
1265
1435
818
643
329
-239
192
986
139
-1024
-802
-368
-536
-529
-939
-1475
-959
-571
-1150
-1307
-628
-717
-1006
-559
-301
-638
-475
-144
-92
50
73
-394
-314
327
92
-560
-525
-155
-193
-310
-403
-377
-107
-66
-289
-211
69
322
283
-142
-147
606
896
360
468
1328
1265
898
1147
1340
1239
1535
1647
1179
1249
1459
922
689
1001
345
-547
-236
296
-101
-449
-719
-1126
-832
-281
-746
-1476
-1139
-672
-667
-415
-318
-762
-622
63
301
106
37
-30
-22
451
588
109
-185
-32
91
-60
-258
-321
-457
-544
-476
-426
-333
-79
-269
-1092
-952
322
405
-835
-794
436
522
59
343
446
107
551
1081
836
654
667
270
314
721
52
-873
-661
-86
-197
-437
-746
-1150
-841
-240
-594
-1081
-817
-673
-693
-253
-107
-604
-577
129
460
297
101
4
44
286
265
-105
-250
-66
157
268
130
-225
-296
-82
-85
-298
-139
202
75
-442
-211
706
714
-50
97
1262
1478
928
1011
1247
1000
1099
1512
1414
985
819
860
943
1085
394
-446
-247
297
16
-818
-1222
-1265
-1018
-641
-903
-1466
-1337
-702
-396
-448
-539
-586
-355
163
292
-141
-526
-375
-34
47
-165
-579
-662
-290
35
-119
-527
-542
-157
-101
-244
-338
-237
212
376
-42
-186
587
767
16
52
992
1022
753
1041
1125
772
1000
1460
1306
1274
1035
677
767
1150
633
-255
-215
262
29
-499
-953
-1214
-784
-364
-691
-1024
-765
-760
-985
-909
-750
-812
-754
-453
-310
-402
-572
-792
-606
-86
-114
-541
-533
-148
-169
-397
-427
-137
263
215
47
35
-52
166
547
215
-228
470
1071
430
51
742
925
508
921
1185
668
871
1499
1194
977
1219
914
611
1140
1113
91
-158
380
77
-651
-930
-1212
-1339
-926
-887
-1547
-1768
-1571
-1412
-1221
-1132
-1458
-1552
-1133
-845
-1069
-1247
-1045
-793
-547
-334
-428
-645
-420
75
135
-216
-112
223
220
161
285
96
73
539
580
44
137
981
921
432
793
1101
837
1302
1848
1450
1296
1971
2122
1832
1866
1852
1581
1784
2209
1484
628
777
803
310
60
-376
-920
-831
-431
-637
-1202
-1543
-1345
-1017
-974
-1162
-1502
-1347
-847
-662
-691
-776
-1064
-874
-455
-574
-953
-973
-639
-412
-406
-481
-552
-542
-375
-316
-571
-645
-102
405
288
-150
90
786
722
356
658
1049
1167
1485
1570
1242
1367
1822
1660
1318
1325
1132
732
952
961
216
-155
-18
-56
-328
-427
-860
-1520
-1334
-720
-1132
-1964
-1871
-1433
-1113
-1124
-1573
-1785
-1404
-1066
-1032
-1165
-1214
-1107
-987
-822
-651
-750
-894
-622
-352
-179
-255
-637
-405
405
598
157
-122
594
1496
1124
328
871
1829
1691
1427
1903
2298
2154
2285
2447
2303
2330
2463
2121
1996
2027
1469
938
1040
954
276
-49
-47
-411
-762
-817
-1351
-1936
-1535
-1286
-1910
-2172
-1897
-1773
-1610
-1630
-1948
-2059
-1662
-1229
-1307
-1598
-1477
-1223
-1077
-756
-735
-1080
-962
-415
-230
-410
-531
-502
-443
-101
327
188
-263
272
1255
1059
237
426
1323
1696
1410
1493
1935
2052
2273
2501
2433
2145
2180
2438
2725
2546
1833
1210
1352
1660
1071
208
-65
42
-71
-321
-924
-1751
-1936
-1444
-1490
-1973
-2139
-2154
-2093
-1749
-1617
-2034
-2154
-1765
-1386
-1264
-1310
-1553
-1620
-1005
-552
-826
-976
-677
-455
-464
-247
-164
-301
-13
368
382
157
409
1063
1126
548
363
1204
1838
1583
1395
1818
2172
2231
2262
2124
1913
2198
2682
2794
2495
1836
1233
1296
1586
1025
212
4
-10
-218
-541
-1269
-1951
-2075
-1877
-1918
-2164
-2546
-3001
-2900
-2255
-2239
-2782
-2827
-2468
-2171
-1829
-1803
-2326
-2017
-1152
-1053
-1275
-989
-791
-760
-276
86
-217
-242
322
798
1067
1141
861
1024
1967
2339
1770
1553
2177
2588
2497
2389
2432
2466
2597
2691
2657
2523
2366
2184
2141
2056
1528
1130
1186
1093
476
-252
-801
-906
-978
-1410
-1820
-2042
-2247
-2344
-2334
-2399
-2641
-2859
-2686
-2204
-2011
-2156
-2247
-2123
-1632
-1269
-1438
-1569
-1091
-740
-733
-726
-694
-511
-168
-28
-94
-27
149
283
404
612
743
854
1084
1647
1997
1750
1461
2023
2813
2854
2465
2449
2913
3205
3150
2705
2284
2365
2873
2817
2286
1830
1482
1248
1197
642
-312
-748
-816
-1124
-1490
-1802
-2465
-2802
-2523
-2256
-2609
-3049
-3132
-3126
-2936
-2681
-2769
-2888
-2671
-2346
-2227
-2010
-1876
-1872
-1453
-1046
-1164
-1249
-798
-561
-581
-434
-265
-205
90
424
550
799
1040
959
1043
1825
2132
1547
1472
2320
2760
2498
2221
2401
2862
3197
2920
2575
2712
2749
2528
2255
2130
1736
1166
795
682
336
-365
-999
-1228
-1322
-1654
-2236
-2577
-2667
-2715
-2792
-3009
-3186
-3092
-2734
-2499
-2349
-2296
-2301
-2032
-1505
-1338
-1206
-992
-856
-598
39
132
-170
52
528
756
719
1044
1252
1232
1271
1475
1537
1459
1514
1688
2299
2545
1859
1555
2455
2925
2213
1787
2074
2267
2164
2037
1819
1494
1411
1445
1320
1120
706
131
-185
-76
-380
-1222
-1767
-1869
-1808
-1909
-2301
-2739
-2863
-2597
-2491
-2673
-2825
-2720
-2445
-2308
-2092
-1996
-1974
-1798
-1415
-1161
-1063
-938
-809
-557
-246
-107
-324
-227
135
339
352
507
645
647
987
1296
1342
1363
1582
1678
1885
2218
2110
1721
2056
2747
2770
2362
2274
2538
2546
2438
2074
1825
1576
1428
1283
1084
642
183
-94
-288
-353
-961
-1671
-2032
-1909
-2030
-2411
-2875
-3113
-3029
-2812
-2841
-3251
-3287
-2645
-2260
-2220
-2027
-1816
-1696
-1430
-1020
-1004
-879
-638
-312
52
443
498
293
603
1197
1311
1096
1290
1566
1617
1753
1799
1609
1656
1865
1821
1849
2118
1933
1401
1428
1964
1811
1119
1082
1465
1510
1476
1343
991
876
1081
850
391
196
-94
-368
-373
-373
-941
-1629
-1742
-1489
-1648
-2193
-2477
-2389
-2245
-2102
-2233
-2619
-2626
-2265
-1912
-1863
-1751
-1645
-1424
-910
-512
-663
-801
-291
179
310
473
612
628
914
1420
1507
1380
1430
1591
1731
1853
1759
1489
1435
1592
1567
1441
1644
1546
1060
1071
1636
1569
924
755
1100
1147
910
714
455
288
345
495
363
91
-340
-590
-526
-437
-1011
-1667
-1710
-1449
-1537
-2004
-2167
-2004
-1696
-1625
-1660
-1856
-1895
-1687
-1511
-1439
-1414
-1463
-1245
-709
-270
-320
-451
-138
299
359
217
350
563
725
803
786
735
881
1057
1030
1113
1167
894
755
956
1008
651
659
988
770
282
467
1015
1009
675
472
737
905
867
648
574
504
625
664
596
408
-8
-86
151
263
-331
-767
-840
-736
-901
-1368
-1848
-1841
-1484
-1391
-1616
-1928
-1896
-1490
-1219
-1226
-1154
-994
-846
-730
-348
-215
-289
-196
297
613
570
439
380
692
949
826
601
844
977
777
745
887
719
610
788
825
641
640
836
829
592
553
920
990
768
703
979
1196
1126
875
660
651
808
863
798
679
352
293
483
330
-241
-520
-481
-650
-839
-960
-1283
-1522
-1316
-1263
-1523
-1662
-1581
-1578
-1494
-1524
-1622
-1422
-912
-633
-697
-659
-670
-699
-578
-362
-406
-369
-219
-89
-92
-143
-128
22
170
138
143
287
383
327
437
533
531
495
733
942
808
480
607
1165
1379
1094
942
1325
1392
1311
1131
924
883
1144
1204
1000
771
562
426
374
278
-91
-284
-267
-155
-365
-741
-1119
-1235
-1082
-996
-1114
-1232
-1204
-1175
-1160
-1073
-1099
-1228
-1062
-849
-734
-692
-672
-679
-534
-252
-144
-124
-51
150
315
372
266
181
375
585
536
365
409
365
364
547
558
315
355
787
864
504
405
871
980
620
515
760
927
1064
993
786
737
794
704
624
622
170
-216
-22
125
-366
-906
-1074
-1026
-1034
-1186
-1516
-1583
-1411
-1376
-1502
-1486
-1369
-1296
-1111
-976
-985
-938
-697
-537
-436
-212
-107
-186
79
393
407
378
491
665
830
852
677
754
968
975
854
951
1128
1128
1065
1111
1127
1069
1106
1257
1330
1114
901
1116
1328
1118
798
856
989
899
941
742
361
280
466
293
-144
-466
-659
-664
-747
-1158
-1580
-1726
-1764
-1794
-1944
-2131
-2345
-2316
-2057
-1902
-1985
-2113
-1963
-1519
-1246
-1316
-1344
-1208
-994
-753
-488
-411
-394
-136
207
383
464
478
540
907
1214
1080
934
1208
1457
1448
1400
1342
1288
1265
1290
1252
1225
1169
1137
1357
1508
1189
653
737
1111
1012
649
558
702
762
681
298
43
62
134
78
-46
-332
-629
-559
-543
-864
-1169
-1266
-1212
-1080
-1093
-1336
-1586
-1557
-1389
-1314
-1424
-1431
-1270
-932
-698
-786
-658
-335
-185
-67
170
277
210
382
696
749
629
578
717
1030
1114
788
755
1059
1118
952
973
920
666
576
599
556
367
146
53
303
501
158
-260
-73
208
35
-325
-304
-54
168
174
-99
-213
-113
-12
-70
-107
-252
-370
-180
-23
-216
-445
-580
-494
-196
-123
-473
-791
-733
-665
-726
-837
-882
-838
-560
-316
-468
-547
-396
-258
-156
-121
-123
-35
133
168
130
144
110
43
225
412
195
141
373
397
264
133
160
245
334
295
253
422
383
164
263
528
405
148
346
710
692
375
271
451
552
525
390
301
331
417
384
168
10
-25
-9
-36
-123
-297
-554
-624
-518
-567
-808
-1009
-904
-724
-645
-743
-896
-833
-654
-578
-595
-533
-527
-546
-387
-262
-286
-178
-27
-22
14
97
130
116
213
454
464
400
498
563
591
560
526
492
554
583
558
607
650
528
393
592
718
537
470
714
793
669
629
714
771
710
574
446
530
611
500
410
421
194
-15
-52
32
-120
-371
-409
-424
-414
-509
-798
-1041
-990
-887
-1074
-1224
-1163
-1123
-1187
-1249
-1164
-1088
-990
-934
-887
-804
-839
-976
-982
-862
-727
-618
-527
-393
-296
-250
-91
46
41
187
380
488
522
619
738
834
852
749
841
1056
1140
1236
1317
1209
968
1035
1284
1266
1154
1151
1196
1163
1142
978
733
696
775
630
409
219
-69
-197
-82
-277
-543
-612
-626
-737
-917
-1024
-1245
-1401
-1424
-1401
-1427
-1528
-1593
-1557
-1434
-1383
-1406
-1335
-1260
-1118
-954
-896
-825
-755
-623
-402
-174
-31
96
337
570
600
694
858
873
992
1260
1337
1317
1401
1377
1383
1530
1554
1405
1394
1534
1471
1284
1052
922
1058
1137
836
506
504
561
372
141
76
27
-93
-238
-406
-604
-858
-1004
-1017
-1065
-1296
-1493
-1575
-1567
-1472
-1548
-1730
-1796
-1671
-1584
-1558
-1544
-1529
-1458
-1183
-976
-967
-779
-554
-371
-142
129
127
267
671
917
1045
1218
1393
1468
1662
1804
1784
1851
2038
1989
1917
1921
1840
1757
1775
1696
1506
1282
1105
993
872
757
581
359
83
-31
-14
-191
-553
-717
-732
-863
-1107
-1280
-1327
-1328
-1390
-1508
-1561
-1662
-1757
-1759
-1729
-1778
-1902
-1893
-1775
-1634
-1528
-1468
-1416
-1268
-1029
-918
-887
-773
-572
-325
-197
-60
89
201
387
536
641
762
814
894
1134
1363
1443
1465
1566
1661
1644
1606
1646
1670
1595
1503
1490
1396
1227
1066
962
882
742
500
295
218
85
-121
-235
-301
-449
-580
-562
-562
-731
-838
-829
-832
-801
-900
-1096
-1057
-882
-942
-1103
-1090
-1016
-962
-886
-771
-737
-728
-630
-488
-375
-365
-368
-181
5
73
159
336
434
547
723
777
833
928
943
896
1000
1117
1068
1058
1158
1141
1049
1007
973
952
943
804
685
674
652
519
354
208
67
-8
-110
-246
-317
-423
-687
-776
-699
-807
-960
-1015
-1099
-1221
-1199
-1122
-1200
-1244
-1173
-1100
-1039
-920
-976
-1035
-858
-729
-718
-669
-584
-505
-385
-268
-250
-207
-79
36
187
317
325
319
513
715
774
800
885
979
1064
1109
1102
1125
1147
1073
1039
1074
978
860
871
872
733
626
547
467
397
309
115
0
5
-131
-313
-333
-350
-518
-654
-699
-784
-853
-885
-979
-980
-894
-961
-1073
-1015
-973
-1077
-987
-759
-739
-841
-786
-632
-499
-331
-292
-301
-170
101
202
206
289
302
335
492
643
640
552
604
721
811
806
685
659
806
908
826
757
754
762
771
819
759
562
473
524
509
439
328
227
189
96
-31
-133
-215
-322
-399
-475
-585
-647
-688
-736
-709
-703
-771
-817
-765
-730
-782
-772
-737
-742
-719
-646
-665
-588
-387
-347
-386
-226
-51
-2
80
245
344
475
632
652
657
766
857
855
928
968
919
914
988
933
825
758
729
695
633
570
495
467
432
430
383
220
116
75
33
-51
-202
-301
-374
-400
-464
-593
-632
-615
-668
-770
-790
-862
-988
-944
-851
-877
-918
-956
-974
-936
-884
-945
-990
-884
-777
-770
-794
-730
-695
-656
-550
-452
-381
-284
-134
-47
-8
59
131
216
303
395
488
572
684
781
822
827
956
1057
1094
1150
1173
1144
1151
1251
1208
1129
1083
1066
997
944
840
681
629
612
515
397
311
196
75
-20
-111
-268
-431
-518
-572
-671
-763
-850
-927
-991
-986
-1007
-1095
-1140
-1108
-1075
-1034
-1002
-981
-932
-890
-790
-726
-662
-584
-461
-305
-220
-198
-179
-51
47
84
146
249
365
474
579
636
730
840
855
861
958
1065
1123
1104
1096
1089
1081
1091
1117
1121
1096
1027
929
895
856
733
628
579
509
359
181
62
-36
-125
-264
-410
-560
-660
-730
-813
-920
-1033
-1103
-1152
-1196
-1234
-1246
-1290
-1319
-1283
-1163
-1070
-1077
-1092
-1050
-927
-882
-919
-875
-745
-644
-562
-452
-390
-284
-112
25
128
197
263
332
470
581
571
562
675
834
892
891
865
885
1000
1083
1025
938
979
998
946
862
769
711
711
703
616
520
420
347
290
242
110
-17
-48
-74
-125
-235
-359
-434
-435
-472
-572
-651
-674
-728
-798
-833
-861
-859
-827
-757
-751
-779
-754
-688
-623
-593
-527
-436
-363
-297
-232
-163
-66
21
64
125
194
278
307
309
362
377
378
381
387
400
414
442
459
473
481
467
444
460
481
456
460
521
504
444
431
438
380
347
311
256
209
144
122
72
21
-49
-87
-121
-160
-234
-294
-365
-423
-437
-490
-506
-500
-489
-470
-392
-355
-378
-361
-301
-245
-206
-170
-175
-167
-104
-60
-35
-1
46
105
194
280
292
319
381
391
374
377
336
285
279
305
302
286
304
292
284
257
169
93
99
125
110
83
90
57
55
98
65
13
4
16
-6
-50
-84
-110
-132
-174
-247
-281
-279
-274
-277
-299
-385
-435
-449
-436
-397
-406
-402
-379
-349
-332
-351
-361
-335
-251
-228
-219
-224
-224
-203
-197
-192
-227
-214
-201
-173
-188
-194
-190
-167
-160
-129
-126
-123
-69
-42
-60
-78
-15
5
49
89
108
122
213
258
261
309
363
378
401
458
416
394
411
419
391
434
427
324
357
445
422
378
413
429
432
452
431
356
352
340
306
292
293
281
257
282
299
234
149
98
57
13
-5
-39
-110
-103
-83
-107
-161
-170
-163
-223
-269
-287
-298
-325
-338
-325
-331
-345
-375
-409
-422
-446
-477
-551
-552
-535
-536
-513
-481
-443
-420
-356
-320
-302
-289
-236
-172
-83
9
55
128
211
255
268
319
327
320
329
325
316
318
343
350
361
390
408
365
354
376
387
390
381
328
289
307
311
267
248
259
219
158
115
80
33
43
28
-30
-71
-92
-161
-205
-183
-201
-240
-238
-235
-241
-235
-251
-294
-311
-304
-325
-351
-358
-364
-387
-387
-394
-390
-383
-352
-337
-350
-340
-342
-339
-302
-220
-144
-111
-99
-76
-87
-103
-112
-108
-103
-68
-39
-11
8
34
37
15
47
110
155
176
198
212
238
234
204
185
211
232
218
216
192
170
172
161
122
96
102
77
66
72
67
44
45
56
50
88
153
188
204
243
261
260
287
300
302
328
357
356
340
353
340
319
313
277
201
155
156
148
146
165
137
88
84
82
23
-18
-29
-36
-39
-25
-29
-41
-27
-60
-111
-143
-163
-196
-224
-250
-291
-342
-368
-381
-386
-396
-388
-384
-372
-376
-382
-372
-362
-363
-366
-325
-264
-212
-182
-160
-174
-145
-123
-105
-87
-24
12
15
26
-5
-41
-67
-58
-85
-96
-108
-114
-124
-125
-127
-122
-87
-64
-46
-9
22
29
61
88
106
112
127
117
124
149
138
103
84
80
68
75
73
66
54
84
81
59
75
112
162
206
265
278
294
330
374
406
455
488
505
555
585
556
525
519
475
415
365
306
242
209
178
139
96
66
28
-14
-33
-92
-154
-201
-254
-301
-304
-326
-361
-380
-385
-407
-443
-465
-498
-546
-567
-570
-576
-550
-528
-526
-531
-529
-555
-577
-566
-572
-569
-519
-475
-466
-442
-387
-339
-292
-223
-159
-83
7
91
137
176
234
304
395
510
610
699
787
841
865
912
955
974
1032
1056
1013
960
917
852
773
688
609
542
474
396
299
205
119
14
-71
-123
-193
-265
-306
-347
-392
-440
-482
-506
-509
-487
-486
-481
-471
-492
-530
-563
-602
-639
-663
-647
-650
-654
-644
-625
-607
-596
-587
-579
-514
-456
-415
-369
-325
-295
-236
-141
-64
2
95
236
341
422
488
548
597
637
682
715
732
752
789
816
822
800
777
742
681
602
532
456
368
290
210
136
42
-35
-107
-177
-239
-286
-321
-369
-416
-470
-507
-542
-545
-545
-544
-511
-487
-486
-486
-470
-459
-445
-422
-405
-399
-393
-403
-425
-430
-406
-385
-369
-326
-277
-243
-194
-133
-73
-27
28
90
164
250
299
330
391
462
518
563
613
677
716
739
750
749
736
726
708
680
650
615
588
553
505
452
406
352
283
221
154
75
3
-59
-119
-179
-237
-284
-328
-367
-406
-458
-508
-530
-518
-497
-483
-474
-459
-429
-417
-394
-361
-351
-324
-301
-272
-241
-224
-205
-196
-196
-200
-204
-200
-204
-193
-164
-135
-91
-26
32
74
116
139
174
214
249
308
366
423
463
492
524
534
523
510
486
460
428
374
332
273
220
171
122
64
17
-24
-70
-117
-164
-219
-283
-329
-374
-404
-417
-407
-409
-400
-422
-443
-446
-442
-436
-439
-417
-391
-354
-317
-291
-268
-248
-222
-197
-146
-92
-61
-38
-4
14
19
45
74
113
155
200
224
235
236
238
229
234
250
237
236
248
251
253
253
246
237
228
209
178
156
147
132
98
80
89
108
112
113
107
97
70
50
32
4
-7
-4
0
-10
-14
-31
-43
-35
-35
-38
-22
5
23
17
22
12
22
38
59
86
93
104
98
106
108
100
94
94
85
67
59
52
40
33
23
12
10
-5
-11
-5
-8
-18
-28
-44
-66
-81
-87
-83
-77
-84
-100
-123
-144
-147
-144
-142
-161
-189
-204
-217
-242
-268
-282
-288
-277
-268
-269
-271
-268
-257
-246
-256
-268
-245
-215
-184
-133
-94
-53
-19
11
29
43
65
97
135
175
201
205
230
231
225
218
231
249
262
284
297
301
291
290
275
265
259
241
227
225
221
212
201
172
139
112
87
49
2
-38
-74
-97
-102
-129
-160
-166
-162
-175
-204
-229
-250
-257
-268
-269
-271
-261
-242
-234
-232
-224
-222
-207
-176
-144
-106
-75
-57
-42
-20
3
23
31
34
43
51
69
89
119
170
203
218
235
250
257
245
238
234
238
241
250
250
231
222
193
174
173
177
163
141
114
78
47
16
-2
-29
-61
-90
-114
-130
-138
-148
-146
-139
-154
-190
-226
-246
-252
-248
-227
-198
-188
-186
-199
-207
-213
-225
-220
-195
-164
-137
-122
-107
-81
-69
-43
-15
6
36
56
64
73
94
119
152
192
216
240
268
276
285
279
265
246
242
242
244
253
258
251
222
184
141
107
83
62
38
31
13
-15
-32
-48
-71
-108
-132
-168
-205
-235
-240
-247
-256
-258
-258
-260
-276
-292
-316
-333
-343
-334
-319
-312
-311
-303
-274
-245
-223
-199
-167
-136
-112
-87
-67
-45
-27
-10
27
70
101
125
140
163
187
203
226
249
273
283
286
285
287
300
311
323
320
318
311
297
291
281
277
267
244
209
180
163
158
157
146
123
85
52
23
-10
-34
-61
-80
-93
-104
-118
-128
-138
-149
-155
-159
-159
-163
-167
-178
-194
-226
-247
-246
-235
-213
-193
-179
-183
-177
-160
-142
-133
-130
-114
-90
-70
-55
-36
-27
-17
-2
20
38
49
55
60
85
108
133
146
157
161
159
154
140
131
120
113
106
99
94
87
69
55
41
23
4
-5
-11
-27
-40
-38
-45
-58
-76
-87
-90
-104
-103
-98
-73
-51
-41
-53
-71
-93
-112
-112
-110
-105
-109
-101
-101
-97
-85
-84
-82
-80
-67
-51
-49
-42
-29
-15
1
20
34
44
60
63
67
86
88
89
93
102
107
104
104
100
109
126
135
126
131
132
123
112
105
98
87
93
91
77
69
54
30
15
8
7
-2
-16
-39
-51
-52
-53
-51
-43
-41
-59
-79
-84
-74
-68
-54
-45
-41
-41
-35
-28
-35
-32
-35
-30
-18
-11
-5
4
-2
-18
-32
-37
-42
-54
-52
-38
-26
-26
-33
-38
-43
-57
-61
-53
-40
-23
-2
-4
-1
12
10
10
18
19
27
42
41
39
38
32
27
35
33
33
34
30
29
33
32
29
34
32
28
20
16
9
12
10
4
5
-5
-14
-7
0
0
6
4
-6
-6
-13
-13
6
22
32
44
37
21
17
14
15
14
7
4
-1
-12
-21
-23
-11
-2
6
8
-5
-10
-8
-21
-26
-28
-34
-29
-23
-24
-31
-36
-37
-18
1
-2
-1
-6
-28
-44
-51
-52
-41
-37
-33
-25
-30
-38
-26
-17
-12
-5
-16
-34
-52
-51
-29
-17
-12
-7
-5
-12
-19
-5
9
15
18
20
25
30
26
31
32
28
20
12
17
34
50
50
48
57
65
64
75
81
77
72
67
63
50
49
59
62
53
41
21
17
21
13
-3
-13
-24
-32
-23
-6
6
13
11
8
-3
-20
-24
-25
-14
-8
-7
-7
-19
-36
-51
-54
-54
-52
-55
-63
-67
-78
-97
-97
-80
-76
-73
-62
-53
-50
-41
-32
-22
-7
-2
7
17
24
25
25
25
29
32
28
18
19
21
26
42
45
51
57
52
52
56
57
64
68
61
50
31
18
11
14
17
16
27
37
35
29
37
38
30
11
-9
-24
-41
-60
-77
-82
-84
-88
-82
-88
-104
-127
-132
-118
-105
-91
-79
-60
-46
-33
-11
15
22
36
47
51
64
71
69
63
67
62
71
76
67
69
55
42
37
36
38
40
34
21
15
17
25
37
46
42
26
7
-17
-28
-23
-20
-22
-33
-55
-75
-82
-89
-98
-87
-82
-86
-86
-82
-78
-65
-56
-47
-35
-38
-30
-25
-31
-22
5
18
40
55
58
68
58
45
52
59
47
30
20
24
33
47
58
60
63
64
71
75
74
72
78
87
96
95
83
78
79
84
90
84
54
30
10
-2
4
7
-6
-17
-25
-38
-42
-45
-54
-58
-66
-78
-77
-76
-81
-85
-89
-90
-82
-83
-88
-76
-69
-59
-59
-73
-90
-82
-75
-74
-66
-64
-55
-53
-45
-19
5
6
-2
-3
-2
3
8
18
29
38
34
43
60
56
56
69
72
68
63
54
52
45
30
23
21
21
37
39
33
20
9
4
0
-3
-12
-23
-25
-16
-18
-21
-16
-19
-22
-29
-35
-28
-21
-17
-3
3
-1
-12
-37
-44
-33
-26
-29
-22
-8
-2
17
25
33
43
49
49
53
65
69
75
86
76
60
39
16
1
-6
-8
-10
-10
-16
-19
-23
-27
-19
-7
-5
-1
4
-7
-13
-16
-13
-10
-5
0
3
-2
-7
-5
-5
-5
-12
-19
-35
-40
-35
-28
-20
-14
-16
-17
-14
-2
20
34
31
23
12
7
5
1
6
5
1
3
9
13
11
11
4
-15
-15
-11
-4
7
19
19
10
11
7
4
5
15
22
30
41
47
53
48
36
18
8
-3
-4
-10
-20
-41
-66
-80
-75
-48
-30
-13
-5
-23
-41
-42
-31
-15
-2
3
-5
-11
-20
-27
-36
-42
-33
-31
-33
-32
-23
-27
-33
-38
-41
-32
-15
4
12
21
18
6
-12
-25
-17
7
50
79
96
96
70
42
31
26
22
24
33
44
38
29
15
-4
-14
-15
6
17
27
34
19
-6
-32
-44
-42
-36
-37
-32
-27
-30
-44
-42
-26
-16
-3
4
2
-11
-21
-28
-22
-3
24
30
38
45
45
55
64
65
58
68
68
62
59
58
32
17
5
-4
-2
11
18
11
5
-9
-10
-11
-9
-13
-12
-29
-47
-54
-56
-49
-38
-25
-25
-27
-31
-33
-35
-25
-15
1
21
46
65
77
65
40
23
-3
-4
12
12
15
9
-21
-27
-30
-36
-29
-20
-17
-25
-35
-51
-72
-75
-66
-61
-45
-28
-11
-5
-1
-5
-9
-4
-9
3
0
4
-10
-13
-10
-19
-32
-35
-31
-20
-7
-22
9
3
-7
-6
13
10
24
27
36
41
49
68
59
65
66
49
56
40
9
18
8
-12
2
-3
-12
-19
-18
-24
-28
-40
-41
-36
-31
-13
3
2
-8
-4
-5
-13
-11
-19
-39
-17
2
-8
6
2
-26
26
29
-3
52
87
39
34
60
14
8
50
63
44
80
88
43
59
62
1
12
30
-19
-1
19
15
1
-4
-26
-47
-49
-52
-38
-24
-21
-32
-43
-63
-65
-60
-76
-60
-26
-47
-38
-9
-12
12
49
44
37
45
37
32
46
51
37
24
-1
-7
-19
-34
-21
-8
-9
11
26
-7
5
15
-11
-4
-6
-16
25
28
18
50
44
19
16
12
-1
-8
-16
-38
-51
-40
-52
-73
-58
-37
-19
-2
-12
-28
-33
-30
-11
18
32
31
21
9
-7
-30
-22
-23
-14
-24
-52
-77
-70
-63
-49
-33
-43
-61
-53
-49
-69
-37
-20
-27
-26
3
-1
-16
-4
-16
-9
25
37
35
66
70
51
70
58
41
45
35
38
57
48
32
60
54
30
48
37
6
24
46
16
31
67
56
71
89
47
37
57
18
21
50
28
26
60
41
30
36
11
-20
-31
-52
-80
-56
-33
-27
-18
-6
-9
-11
-12
-24
-26
-26
-10
-11
-10
20
17
3
25
6
-28
-41
-76
-83
-43
-35
-21
4
-7
-32
-43
-46
-50
-35
-31
-26
-14
-13
-21
-19
-13
-13
-4
-14
-19
-27
-26
-11
11
45
35
26
20
17
7
16
20
-11
-21
-33
-52
-44
-31
-33
-38
-25
-16
-5
9
18
11
-2
18
49
73
75
63
42
35
27
28
21
8
1
-6
-2
-5
-10
-18
-18
-27
-26
-36
-33
-26
-24
-32
-42
-36
-15
8
18
43
45
37
45
45
34
27
17
-5
-23
-14
3
11
15
17
8
14
20
11
2
-5
-11
-8
-3
-20
-19
-11
-24
-23
-11
-14
-8
-4
-6
-11
-6
-6
-23
-12
0
5
5
-11
-14
0
9
9
24
32
40
53
65
53
32
12
0
15
22
33
29
25
28
26
29
31
11
-19
-16
-20
-10
9
16
14
0
12
18
14
27
17
2
-1
-13
-31
-36
-43
-55
-52
-43
-45
-33
-6
-9
-20
4
2
-12
-30
-52
-61
-75
-65
-39
-23
6
27
22
23
28
33
37
16
-4
-12
-15
-28
-43
-21
-20
-10
10
14
18
12
0
-6
-18
-20
-27
-40
-34
-32
-22
5
20
19
39
51
52
41
36
29
14
18
-3
-20
-9
-1
-13
-4
-11
-25
-27
-16
-1
9
42
48
33
24
24
14
31
49
37
27
25
8
11
27
26
28
32
12
-7
-10
-22
-33
-23
-29
-38
-33
-44
-64
-62
-55
-51
-36
-33
-34
-34
-42
-40
-40
-43
-57
-58
-56
-45
-19
1
15
31
37
33
48
58
64
64
63
61
58
54
53
56
57
54
47
38
32
29
30
23
22
42
45
43
39
33
24
18
25
8
-1
-4
-6
-7
-10
-15
-8
-4
-22
-31
-39
-54
-40
-16
-16
-13
-17
-31
-44
-47
-55
-55
-34
-15
1
8
6
9
